Degree	Degree_sidechain	SecondOrderDegree	SecondOrderDegree_sidechain	NodeEdgeBetweennessSTRIDE	NodeEdgeBetweennessSTRIDE_sidechain	IntermodularDegreeSTRIDE	IntermodularDegreeSTRIDE_sidechain	SecondOrderIntermodularDegreeSTRIDE	SecondOrderIntermodularDegreeSTRIDE_sidechain	NodeEdgeBetweennessWALKTRAP	NodeEdgeBetweennessWALKTRAP_sidechain	IntermodularDegreeWALKTRAP	IntermodularDegreeWALKTRAP_sidechain	SecondOrderIntermodularDegreeWALKTRAP	SecondOrderIntermodularDegreeWALKTRAP_sidechain
ILE918A	0.623423772737885	-0.473850319117789	-0.453243308784175	-0.714036574904874	0.707075756600808	0.591477476193565	1.34797942883355	-0.176190980914635	0.513504855628678	-0.462966128962246	-0.488301786111261	-0.420249763652186	-0.217182720291512	-0.767042131740619	-0.304729319014813	-0.833786172190286
ILE926A	-0.243814247753925	0.438149267677408	-0.336183226276497	-0.124339947283214	-0.442554109850807	-0.216660465424738	-0.151158643075002	0.380097397029324	0.00290731694623463	-0.462966128962246	-0.488301786111261	-0.420249763652186	-0.873401477301348	-0.767042131740619	-0.714437159412719	-0.457712473337203
GLY779A	1.05704278298379	1.8061486478702	1.53677809384634	2.52929487701425	0.220206319705896	0.139552110225157	0.848266738197365	1.49267415291724	1.53469993299356	2.05395734844314	0.508330965030629	0.803784863534956	1.09525479372816	1.71994447232608	1.94866380317367	1.79872971978129
LEU704A	1.4906617932297	1.8061486478702	1.18559784632331	1.79217409248718	1.05806544015564	1.13632926136891	1.84769211946973	2.60525090880516	1.63681944073005	2.68318821779449	1.67547515502836	1.71594938061971	1.751473550738	2.54894000701498	1.33410204257681	2.17480341863437
GLY824A	1.9242808034756	2.7181482346654	1.06853776381563	1.64474993558176	-0.361739329438633	-0.186291495567173	0.348554047561181	0.936385774973283	0.207146332419212	0.795495609740449	-0.488301786111261	-0.420249763652186	-0.873401477301348	-0.767042131740619	-0.714437159412719	-0.457712473337203
TYR827A	0.623423772737885	-0.0178505257201906	0.24911718626189	0.0230842096222003	-0.374416157738581	-0.372758450669224	-0.151158643075002	-0.176190980914635	-0.40557071399972	0.0089570230512647	-0.488301786111261	-0.420249763652186	-0.873401477301348	-0.767042131740619	-0.714437159412719	-0.457712473337203
ILE740A	0.18980476249198	-0.929850112515388	0.24911718626189	-0.566612417999459	-0.368870045357354	-0.470409272882245	-0.151158643075002	-0.732479358858593	-0.201331698526743	-0.305658411624409	-0.0944071444132727	-0.420249763652186	1.09525479372816	-0.767042131740619	-0.304729319014813	-0.833786172190286
PRO741A	0.623423772737885	-0.473850319117789	0.24911718626189	-1.0088848887157	-0.375208459507328	-0.54269981384313	0.348554047561181	-0.732479358858593	0.105026824682723	-1.09219699831359	-0.132078276253517	0.19290730471438	-0.217182720291512	0.0619534029482808	-0.304729319014813	-0.833786172190286
ALA859A	-1.11105226824574	-0.473850319117789	-0.804423556307207	-0.124339947283214	-0.494846026588096	-0.397800271388491	-1.15058402434737	-0.732479358858593	-1.12040726815514	-0.462966128962246	-0.23848270127596	0.00975649208540546	-0.217182720291512	0.0619534029482808	-0.304729319014813	-0.833786172190286
ARG858A	0.623423772737885	-0.0178505257201906	0.014997021246535	-0.714036574904874	-0.246459422085972	-0.431557087872429	-0.151158643075002	-0.176190980914635	-0.711929237209186	-0.77758156363792	0.538071332272927	-0.420249763652186	1.09525479372816	-0.767042131740619	0.104978521383093	-0.833786172190286
VAL769A	1.4906617932297	2.2621484412678	1.18559784632331	1.49732577867635	-0.319747335695052	-0.0494168433543678	1.84769211946973	2.60525090880516	1.02410239431112	1.73934191376747	-0.488301786111261	-0.420249763652186	-0.873401477301348	-0.767042131740619	-0.714437159412719	-0.457712473337203
ARG932A	0.18980476249198	0.438149267677408	0.014997021246535	0.760204994149274	-0.0353110007149488	0.187605948283715	0.348554047561181	0.380097397029324	0.411385347892189	1.26741876175396	0.00472741306105328	0.192455346004472	1.09525479372816	1.71994447232608	0.104978521383093	0.670508623222044
TRP951A	1.05704278298379	1.3501488544726	1.06853776381563	1.79217409248718	2.6569304094867	1.84906704901638	1.84769211946973	2.0489625308612	1.02410239431112	1.58203419642963	-0.488301786111261	-0.420249763652186	-0.873401477301348	-0.767042131740619	-0.714437159412719	-0.457712473337203
GLU829A	-1.11105226824574	-0.473850319117789	-1.03854372132256	-0.566612417999459	-0.376000761276075	-0.469892786248125	-0.650871333711186	-0.176190980914635	-0.711929237209186	-0.148350694286572	0.0106754865095128	-0.290211649748055	0.439036036718325	0.89094893763718	-0.0998753988158597	0.670508623222044
HIS893A	0.623423772737885	0.438149267677408	0.600297433784922	0.465356680338445	0.0534267973846933	0.415536192911985	0.848266738197365	0.936385774973283	0.3092658401557	0.795495609740449	0.300148394334545	0.881434360566578	1.09525479372816	1.71994447232608	0.104978521383093	-0.081638774484121
ARG832A	-1.54467127849164	-1.38584990591299	-1.27266388633792	-1.15630904562112	-0.567737789312802	-0.54269981384313	-1.15058402434737	-1.28876773680255	-1.01828776041865	-1.09219699831359	-0.309198685607646	-0.420249763652186	-0.217182720291512	-0.767042131740619	-0.304729319014813	-0.833786172190286
ARG803A	-0.67743325799983	-0.473850319117789	-0.21912314376882	0.0230842096222003	-0.568133940197175	-0.462333995182096	-1.15058402434737	-0.732479358858593	-0.916168252682163	-0.148350694286572	-0.488301786111261	-0.420249763652186	-0.873401477301348	-0.767042131740619	-0.714437159412719	-0.457712473337203
LEU799A	1.05704278298379	0.894149061075006	0.834417598800277	0.61278083724386	-0.0155034564962787	-0.299885701986478	0.848266738197365	0.936385774973283	0.819863378838144	1.26741876175396	0.216214469006282	0.0134321236346379	0.439036036718325	0.89094893763718	-0.304729319014813	0.294434924368961
CYS818A	0.623423772737885	0.438149267677408	1.30265792883099	0.907629151054689	-0.582395372034618	-0.517541431746611	0.348554047561181	0.380097397029324	0.3092658401557	0.0089570230512647	-0.309198685607646	-0.333224688086245	2.40769230774783	2.54894000701498	3.38264124456634	3.30302451519362
LEU814A	1.4906617932297	1.3501488544726	1.18559784632331	1.34990162177093	0.657160745169759	-0.0172467997221155	1.34797942883355	1.49267415291724	1.63681944073005	2.05395734844314	1.24589207263961	0.816056721199915	1.751473550738	1.71994447232608	2.56322556377053	2.17480341863437
ILE965A	0.18980476249198	-0.0178505257201906	-0.68736347379953	-1.15630904562112	-0.168417697864412	-0.110230410209284	-0.151158643075002	-0.176190980914635	-1.12040726815514	-1.09219699831359	0.356985540619825	0.352168880913488	1.09525479372816	0.89094893763718	-0.0998753988158597	-0.833786172190286
LYS823A	-0.243814247753925	-1.38584990591299	0.483237351277245	-1.15630904562112	-0.513465118153646	-0.54269981384313	-1.15058402434737	-1.28876773680255	-1.22252677589163	-1.09219699831359	-0.218655789781095	-0.420249763652186	-0.217182720291512	-0.767042131740619	-0.304729319014813	-0.833786172190286
ARG831A	-0.67743325799983	-0.473850319117789	-0.804423556307207	-0.714036574904874	-0.542384132712904	-0.468852944653233	-0.650871333711186	-0.732479358858593	-0.814048744945674	-0.77758156363792	-0.488301786111261	-0.420249763652186	-0.873401477301348	-0.767042131740619	-0.714437159412719	-0.457712473337203
SER768A	-0.243814247753925	-0.0178505257201906	-0.21912314376882	0.170508366527615	-0.568926241965922	-0.455471861081738	-0.650871333711186	-0.176190980914635	-0.609809729472697	0.166264740389102	-0.488301786111261	-0.420249763652186	-0.873401477301348	-0.767042131740619	-0.714437159412719	-0.457712473337203
LEU815A	1.4906617932297	1.3501488544726	2.35619867140008	1.79217409248718	0.619922562038659	0.85537681441531	1.34797942883355	1.49267415291724	1.84105845620303	2.05395734844314	-0.286067288863636	-0.0892132016954688	2.40769230774783	1.71994447232608	3.79234908496425	2.17480341863437
VAL819A	1.05704278298379	1.3501488544726	1.06853776381563	1.0550533079601	-0.378773817466689	-0.165893700645709	-0.151158643075002	0.380097397029324	-0.40557071399972	-0.148350694286572	0.00604920716071096	0.252750603019843	1.751473550738	2.54894000701498	1.94866380317367	2.17480341863437
HIS773A	0.623423772737885	0.438149267677408	0.951477681307955	0.61278083724386	-0.122860346161471	-0.0789736315735464	0.848266738197365	0.380097397029324	0.819863378838144	0.795495609740449	-0.488301786111261	-0.420249763652186	-0.873401477301348	-0.767042131740619	-0.714437159412719	-0.457712473337203
ARG977A	0.18980476249198	-0.473850319117789	-0.336183226276497	-0.861460731810288	-0.554268659244106	-0.378121643625072	0.848266738197365	-0.176190980914635	0.207146332419212	-0.620273846300083	-0.488301786111261	-0.420249763652186	-0.873401477301348	-0.767042131740619	-0.714437159412719	-0.457712473337203
TYR978A	0.623423772737885	-0.473850319117789	0.600297433784922	-0.861460731810288	-0.246063271201599	-0.466284900853288	0.848266738197365	-0.176190980914635	0.615624363365166	-0.620273846300083	-0.317790347255421	-0.313648581903271	0.439036036718325	0.0619534029482808	0.309832441582047	-0.457712473337203
GLY729A	1.05704278298379	1.8061486478702	0.014997021246535	0.61278083724386	-0.144252493917635	0.0945182555387968	0.848266738197365	1.49267415291724	0.105026824682723	0.480880175064775	-0.488301786111261	-0.420249763652186	-0.873401477301348	-0.767042131740619	-0.714437159412719	-0.457712473337203
LYS728A	-0.67743325799983	-1.38584990591299	-0.570303391291852	-1.15630904562112	-0.53723417121605	-0.54269981384313	-0.650871333711186	-1.28876773680255	-0.916168252682163	-1.09219699831359	-0.488301786111261	-0.420249763652186	-0.873401477301348	-0.767042131740619	-0.714437159412719	-0.457712473337203
ARG748A	-0.243814247753925	-0.0178505257201906	-0.804423556307207	-0.419188261094044	-0.567737789312802	-0.411890346272765	0.348554047561181	0.380097397029324	0.207146332419212	0.166264740389102	-0.487640889061432	-0.419558447886709	-0.217182720291512	0.0619534029482808	-0.304729319014813	0.294434924368961
GLY724A	1.05704278298379	1.8061486478702	0.132057103754212	1.20247746486552	0.941993231034235	2.05721197648582	1.34797942883355	2.0489625308612	0.717743871101655	0.952803327078286	1.65036106713486	2.13670675682074	0.439036036718325	0.89094893763718	-0.0998753988158597	0.294434924368961
GLN812A	0.623423772737885	-0.473850319117789	0.24911718626189	-0.714036574904874	0.102549507046995	-0.0352315888988242	0.348554047561181	-0.176190980914635	0.513504855628678	-0.305658411624409	-0.488301786111261	-0.420249763652186	-0.873401477301348	-0.767042131740619	-0.714437159412719	-0.457712473337203
PRO975A	1.4906617932297	1.3501488544726	0.834417598800277	0.907629151054689	0.589022793057534	0.562134820944165	1.84769211946973	1.49267415291724	1.2283414097841	0.323572457726938	-0.462526801167937	-0.375884038853863	-0.217182720291512	0.0619534029482808	0.104978521383093	0.670508623222044
SER720A	-0.243814247753925	-0.929850112515388	-0.21912314376882	-0.419188261094044	-0.570510845503416	-0.453506878162397	-0.650871333711186	-0.732479358858593	-0.609809729472697	-0.620273846300083	-0.311842273806961	-0.26094534603453	0.439036036718325	0.0619534029482808	-0.304729319014813	-0.081638774484121
ARG836A	0.18980476249198	-0.473850319117789	0.366177268769567	-0.124339947283214	-0.429877281550858	-0.441643931392445	0.348554047561181	-0.176190980914635	0.3092658401557	0.0089570230512647	-0.200150672385887	-0.239757347097246	1.751473550738	0.89094893763718	1.74380988297472	0.294434924368961
TYR891A	0.18980476249198	-0.929850112515388	0.24911718626189	-0.714036574904874	-0.567737789312802	-0.540470590113059	0.348554047561181	-0.732479358858593	0.615624363365166	-0.462966128962246	-0.488301786111261	-0.420249763652186	-0.217182720291512	-0.767042131740619	-0.0998753988158597	-0.833786172190286
GLY796A	-0.243814247753925	0.438149267677408	0.24911718626189	1.20247746486552	-0.556645564550347	-0.368765708633445	-0.151158643075002	0.380097397029324	0.105026824682723	0.638187892402612	-0.356122376145493	-0.192733226224889	-0.217182720291512	0.0619534029482808	-0.0998753988158597	-0.457712473337203
VAL845A	2.35789981372151	3.174148028063	1.53677809384634	2.23444656320342	-0.0828491068397571	0.127142345785834	1.84769211946973	2.60525090880516	1.63681944073005	2.21126506578098	0.128315161379046	0.444055622136254	1.09525479372816	1.71994447232608	0.924394202178906	1.04658232207513
LEU798A	0.623423772737885	0.894149061075006	1.18559784632331	2.23444656320342	0.249125334265154	0.0652414815901492	0.848266738197365	0.936385774973283	1.53469993299356	2.21126506578098	0.949810194316294	0.595289293949809	1.09525479372816	1.71994447232608	2.15351772337263	4.43124561175287
TRP817A	1.9242808034756	1.3501488544726	1.88795834136937	1.49732577867635	0.782740575516128	-0.204577209505326	1.34797942883355	0.936385774973283	1.73893894846654	1.11011104441612	1.99204484189637	2.02451400959469	3.06391106475767	3.37793554170388	2.35837164357158	2.55087711748746
LEU707A	1.9242808034756	1.8061486478702	1.53677809384634	1.20247746486552	0.642899313332316	1.2361556399038	2.8471175007421	2.60525090880516	3.06649254904089	2.36857278311882	1.65036106713486	2.6533824147631	3.06391106475767	3.37793554170388	2.97293340416844	2.55087711748746
PHE712A	-0.243814247753925	-0.473850319117789	0.24911718626189	-0.566612417999459	0.150087613171804	-0.21947315826564	0.348554047561181	-0.176190980914635	0.717743871101655	0.0089570230512647	0.41117909870579	-0.238423568657419	0.439036036718325	0.0619534029482808	0.514686361781	-0.457712473337203
LEU1017A	-0.243814247753925	-0.0178505257201906	-0.453243308784175	-0.419188261094044	0.263386766102597	0.636869310561204	0.348554047561181	0.380097397029324	-0.303451206263231	-0.305658411624409	0.314688129430779	0.961913201218644	-0.217182720291512	0.0619534029482808	-0.509583239213766	-0.457712473337203
TYR813A	-0.243814247753925	-0.929850112515388	0.132057103754212	-0.861460731810288	-0.614483593668863	-0.493975352314428	-0.151158643075002	-0.732479358858593	0.00290731694623463	-0.77758156363792	-0.309198685607646	-0.333224688086245	0.439036036718325	0.0619534029482808	0.719540281979953	-0.457712473337203
SER969A	0.18980476249198	-0.0178505257201906	0.014997021246535	0.170508366527615	-0.603787519790782	-0.519275162552476	-0.650871333711186	-0.176190980914635	-0.814048744945674	-0.148350694286572	-0.229230142578356	-0.378411804140327	1.09525479372816	0.89094893763718	1.12924812237786	1.79872971978129
LEU907A	0.18980476249198	0.438149267677408	0.951477681307955	0.907629151054689	-0.567737789312802	-0.481417511634602	0.848266738197365	0.936385774973283	1.12622190204761	1.11011104441612	-0.412959522430774	-0.41911218096505	1.09525479372816	0.89094893763718	1.53895596277577	1.79872971978129
GLU931A	-0.243814247753925	-0.929850112515388	-0.453243308784175	-0.714036574904874	-0.602599067137661	-0.509973474216134	-0.151158643075002	-0.732479358858593	-0.201331698526743	-0.620273846300083	-0.40370696373317	-0.420249763652186	-0.217182720291512	-0.767042131740619	-0.304729319014813	-0.833786172190286
GLY930A	-0.243814247753925	0.438149267677408	-0.68736347379953	0.170508366527615	-0.353816311751165	-0.249267271292317	0.348554047561181	0.936385774973283	-0.099212190790254	0.323572457726938	-0.145957114299922	-0.22947177530827	-0.217182720291512	0.0619534029482808	-0.304729319014813	0.294434924368961
ILE878A	-0.67743325799983	-0.929850112515388	-0.921483638814885	-0.566612417999459	-0.46156935230073	-0.458297551003647	-0.151158643075002	-0.732479358858593	-0.40557071399972	-0.462966128962246	-0.387845434537278	-0.420249763652186	0.439036036718325	-0.767042131740619	0.104978521383093	-0.833786172190286
ILE886A	-0.243814247753925	-0.0178505257201906	0.014997021246535	0.0230842096222003	-0.532876511487942	-0.449709338245868	0.348554047561181	0.380097397029324	0.3092658401557	0.323572457726938	-0.389828125686764	-0.254162691330259	1.09525479372816	1.71994447232608	0.514686361781	0.670508623222044
LEU927A	1.4906617932297	1.3501488544726	0.483237351277245	0.465356680338445	-0.568530091081549	-0.463598946351638	1.34797942883355	1.49267415291724	1.02410239431112	0.795495609740449	-0.310520479707303	-0.278970439985909	1.09525479372816	1.71994447232608	0.514686361781	1.79872971978129
PHE723A	-0.243814247753925	-0.929850112515388	-0.21912314376882	-0.714036574904874	-0.253590138004694	-0.0758366726596116	-0.151158643075002	-0.732479358858593	-0.099212190790254	-0.77758156363792	-0.00386424858672164	0.413598346018858	-0.217182720291512	0.0619534029482808	-0.304729319014813	-0.833786172190286
LEU964A	0.623423772737885	1.3501488544726	0.600297433784922	1.49732577867635	-0.44295026073518	-0.169464069322609	0.848266738197365	1.49267415291724	0.921982886574632	1.4247264790918	-0.488301786111261	-0.420249763652186	-0.873401477301348	-0.767042131740619	-0.714437159412719	-0.457712473337203
TYR900A	1.05704278298379	-0.0178505257201906	1.30265792883099	0.31793252343303	1.34844403840135	-0.20837517617139	0.848266738197365	0.380097397029324	0.615624363365166	-0.148350694286572	2.44013304168033	-0.121170755194012	1.09525479372816	0.89094893763718	1.12924812237786	1.42265602092821
VAL902A	0.623423772737885	1.3501488544726	1.41971801133866	2.52929487701425	-0.297562886170141	-0.00390622000544055	-0.151158643075002	0.380097397029324	0.513504855628678	1.26741876175396	0.0404158537518106	0.489816386057003	0.439036036718325	0.89094893763718	0.924394202178906	0.670508623222044
ARG948A	-0.67743325799983	-0.473850319117789	-0.336183226276497	-0.419188261094044	-0.589526087953339	-0.510853760556397	-0.650871333711186	-0.732479358858593	-0.40557071399972	-0.620273846300083	-0.393793507985737	-0.340422157323092	-0.217182720291512	0.0619534029482808	-0.304729319014813	-0.081638774484121
GLY721A	0.623423772737885	0.894149061075006	-0.570303391291852	-0.271764104188629	-0.108202763439655	-0.30400898362153	0.848266738197365	0.936385774973283	0.411385347892189	0.166264740389102	-0.309859582657475	-0.207782401899304	-0.217182720291512	0.0619534029482808	-0.304729319014813	0.294434924368961
VAL904A	1.05704278298379	0.894149061075006	2.00501842387705	1.20247746486552	-0.675094678977994	-0.54269981384313	-0.650871333711186	-0.176190980914635	-0.711929237209186	-0.148350694286572	1.51950345126875	1.64755337069951	1.751473550738	1.71994447232608	4.20205692536216	4.05517191289979
GLY810A	1.05704278298379	1.8061486478702	0.7173575162926	1.34990162177093	0.0375807620097572	0.566729018818637	1.84769211946973	2.60525090880516	1.84105845620303	2.05395734844314	-0.257648715720996	-0.0232334058415526	-0.217182720291512	0.0619534029482808	-0.304729319014813	-0.457712473337203
ILE981A	0.18980476249198	0.438149267677408	0.014997021246535	0.760204994149274	-0.560607073394081	-0.453906924943398	0.848266738197365	0.936385774973283	0.819863378838144	1.73934191376747	-0.488301786111261	-0.420249763652186	-0.873401477301348	-0.767042131740619	-0.714437159412719	-0.457712473337203
SER899A	-1.11105226824574	-0.929850112515388	-0.570303391291852	-0.419188261094044	-0.567737789312802	-0.370094205029033	-1.15058402434737	-0.732479358858593	-0.814048744945674	-0.462966128962246	-0.309198685607646	-0.111964855438199	0.439036036718325	0.0619534029482808	0.924394202178906	-0.081638774484121
TRP880A	1.4906617932297	0.894149061075006	1.18559784632331	0.61278083724386	2.26592948661015	1.12477928317109	1.84769211946973	0.936385774973283	1.43258042525708	0.480880175064775	2.19494023619383	1.32141373826741	1.751473550738	0.89094893763718	1.12924812237786	0.670508623222044
GLY857A	0.18980476249198	0.894149061075006	0.7173575162926	1.20247746486552	-0.449288674885155	-0.179654806374364	-0.151158643075002	0.380097397029324	0.513504855628678	0.795495609740449	-0.154548775947697	0.154229493351739	1.09525479372816	1.71994447232608	1.12924812237786	0.294434924368961
HIS835A	2.79151882396741	1.8061486478702	2.00501842387705	1.0550533079601	7.48363278469223	10.1945155123121	3.34683019137828	2.0489625308612	2.9643730413044	1.11011104441612	6.56611332376178	7.47116133701362	3.06391106475767	1.71994447232608	2.76807948396949	1.04658232207513
ALA755A	-0.243814247753925	0.438149267677408	-0.804423556307207	-0.271764104188629	-0.036499453368069	-0.00708265307575806	-0.650871333711186	-0.176190980914635	-0.814048744945674	0.0089570230512647	-0.488301786111261	-0.420249763652186	-0.873401477301348	-0.767042131740619	-0.714437159412719	-0.457712473337203
ASN756A	-0.243814247753925	-1.38584990591299	-0.21912314376882	-1.15630904562112	0.535146272782751	-0.54269981384313	-0.650871333711186	-1.28876773680255	-0.507690221736208	-1.09219699831359	-0.488301786111261	-0.420249763652186	-0.873401477301348	-0.767042131740619	-0.714437159412719	-0.457712473337203
ALA972A	1.4906617932297	1.8061486478702	1.18559784632331	1.34990162177093	-0.479396142097533	-0.305594576139227	0.348554047561181	0.380097397029324	0.411385347892189	0.323572457726938	-0.161818643495814	0.00323570095592207	2.40769230774783	2.54894000701498	1.74380988297472	2.17480341863437
HIS850A	0.623423772737885	-0.0178505257201906	0.366177268769567	-0.419188261094044	-0.566945487544055	-0.532561399997783	0.348554047561181	-0.176190980914635	-0.099212190790254	-0.462966128962246	-0.488301786111261	-0.420249763652186	-0.873401477301348	-0.767042131740619	-0.714437159412719	-0.457712473337203
SER752A	-0.67743325799983	-0.0178505257201906	-1.27266388633792	-0.714036574904874	-0.353816311751165	-0.247916423670153	-0.151158643075002	0.380097397029324	-1.12040726815514	-0.620273846300083	-0.488301786111261	-0.420249763652186	-0.873401477301348	-0.767042131740619	-0.714437159412719	-0.457712473337203
CYS939A	1.9242808034756	1.3501488544726	0.951477681307955	1.34990162177093	1.80480985719951	1.40875097298426	1.34797942883355	0.936385774973283	1.2283414097841	1.26741876175396	-0.314485862006276	-0.270657640293738	-0.217182720291512	0.0619534029482808	-0.0998753988158597	0.670508623222044
TYR944A	0.623423772737885	-0.473850319117789	0.483237351277245	-0.271764104188629	0.620318712923032	0.420961758613437	-0.650871333711186	-0.732479358858593	-0.303451206263231	-0.305658411624409	0.606143728405298	1.38375955991674	1.09525479372816	0.89094893763718	0.924394202178906	0.670508623222044
ARG841A	1.9242808034756	1.3501488544726	1.41971801133866	0.760204994149274	1.66100708617196	1.98478130629855	2.34740481010592	2.0489625308612	2.55589501035845	1.73934191376747	-0.488301786111261	-0.420249763652186	-0.217182720291512	-0.767042131740619	-0.0998753988158597	-0.833786172190286
TYR869A	-0.67743325799983	-0.473850319117789	-0.21912314376882	-0.124339947283214	1.67606081977815	0.744463752799176	-0.151158643075002	-0.176190980914635	0.411385347892189	0.480880175064775	-0.488301786111261	-0.420249763652186	-0.873401477301348	-0.767042131740619	-0.714437159412719	-0.457712473337203
ILE780A	1.9242808034756	0.894149061075006	0.834417598800277	-0.124339947283214	0.250313786918274	-0.227464574420973	2.34740481010592	1.49267415291724	1.94317796393952	0.638187892402612	0.351698364221194	-0.402547250536347	1.09525479372816	0.0619534029482808	0.924394202178906	-0.081638774484121
PRO914A	0.18980476249198	-0.0178505257201906	0.483237351277245	-0.419188261094044	1.01409269199019	0.14899646354473	-0.151158643075002	-0.732479358858593	0.411385347892189	-0.462966128962246	2.32976323435891	0.815165034578038	1.09525479372816	0.0619534029482808	2.35837164357158	-0.081638774484121
ALA702A	-0.243814247753925	-0.0178505257201906	-0.336183226276497	0.0230842096222003	-0.353816311751165	-0.370094205029033	-0.650871333711186	-0.732479358858593	-0.814048744945674	-1.09219699831359	-0.131417379203688	-0.420249763652186	0.439036036718325	0.0619534029482808	0.514686361781	-0.457712473337203
TRP898A	1.05704278298379	0.438149267677408	2.12207850638473	1.64474993558176	2.48222786947802	2.88248105263445	0.348554047561181	0.936385774973283	1.2283414097841	2.52588050045665	-0.38057556698916	-0.327536774650563	-0.217182720291512	0.0619534029482808	-0.304729319014813	0.294434924368961
VAL774A	0.18980476249198	0.894149061075006	1.18559784632331	2.38187072010884	-0.461965503185103	-0.357237136337347	0.348554047561181	0.936385774973283	0.615624363365166	1.58203419642963	-0.488301786111261	-0.420249763652186	-0.873401477301348	-0.767042131740619	-0.714437159412719	-0.457712473337203
GLN935A	-0.243814247753925	-0.0178505257201906	-0.102063061261142	0.0230842096222003	-0.141479437727021	0.101089072530104	0.348554047561181	0.380097397029324	0.105026824682723	0.166264740389102	-0.488301786111261	-0.420249763652186	-0.873401477301348	-0.767042131740619	-0.714437159412719	-0.457712473337203
ILE938A	-0.67743325799983	-0.0178505257201906	-0.102063061261142	0.61278083724386	-0.430669583319605	-0.188107977143486	-0.151158643075002	0.380097397029324	0.207146332419212	0.952803327078286	-0.201472466485545	0.0734611225650487	-0.217182720291512	0.0619534029482808	0.514686361781	1.04658232207513
ASP954A	-0.67743325799983	-0.473850319117789	-1.27266388633792	-0.714036574904874	-0.353816311751165	-0.317819540898534	-0.151158643075002	-0.176190980914635	-0.814048744945674	-0.620273846300083	-0.488301786111261	-0.420249763652186	-0.873401477301348	-0.767042131740619	-0.714437159412719	-0.457712473337203
ASP956A	-1.11105226824574	-1.38584990591299	-1.27266388633792	-1.15630904562112	-0.567737789312802	-0.54269981384313	-1.15058402434737	-1.28876773680255	-1.22252677589163	-1.09219699831359	-0.488301786111261	-0.420249763652186	-0.873401477301348	-0.767042131740619	-0.714437159412719	-0.457712473337203
ILE821A	0.623423772737885	-0.0178505257201906	1.30265792883099	0.61278083724386	-0.442554109850807	-0.428784702870917	0.348554047561181	-0.176190980914635	0.819863378838144	0.480880175064775	-0.18693273138931	-0.216789923780594	0.439036036718325	0.89094893763718	0.924394202178906	2.17480341863437
VAL843A	1.05704278298379	1.8061486478702	0.951477681307955	1.49732577867635	1.02914642559638	1.45124719376645	1.34797942883355	2.0489625308612	1.33046091752059	1.58203419642963	3.95358728578837	3.84395689677507	3.06391106475767	4.20693107639278	1.33410204257681	2.55087711748746
GLN1020A	-1.11105226824574	-0.473850319117789	-0.570303391291852	-0.271764104188629	-0.00520353350257024	-0.0773574678119236	-0.650871333711186	-0.176190980914635	-0.40557071399972	0.0089570230512647	-0.488301786111261	-0.420249763652186	-0.873401477301348	-0.767042131740619	-0.714437159412719	-0.457712473337203
PRO848A	0.623423772737885	0.438149267677408	0.7173575162926	-0.419188261094044	-0.541591830944157	-0.375145687411386	0.848266738197365	0.380097397029324	0.615624363365166	-0.462966128962246	-0.464509492317423	-0.405799050691596	-0.217182720291512	0.0619534029482808	-0.509583239213766	-0.457712473337203
THR847A	0.18980476249198	0.438149267677408	0.600297433784922	0.0230842096222003	-0.030557190102468	0.0274356871184297	-0.151158643075002	0.380097397029324	-0.201331698526743	0.0089570230512647	-0.488301786111261	-0.420249763652186	-0.873401477301348	-0.767042131740619	-0.714437159412719	-0.457712473337203
PRO959A	1.05704278298379	-0.0178505257201906	0.483237351277245	0.61278083724386	-0.444931015157047	-0.352897336254197	1.34797942883355	-0.176190980914635	0.819863378838144	-0.620273846300083	-0.488301786111261	-0.420249763652186	-0.873401477301348	-0.767042131740619	-0.714437159412719	-0.457712473337203
VAL897A	1.4906617932297	2.2621484412678	1.65383817635402	2.67671903391967	-0.0440263201711637	0.164240770554554	0.848266738197365	1.49267415291724	1.33046091752059	2.21126506578098	-0.488301786111261	-0.420249763652186	-0.873401477301348	-0.767042131740619	-0.714437159412719	-0.457712473337203
VAL834A	1.05704278298379	1.8061486478702	1.30265792883099	2.08702240629801	2.25761031803831	3.10677852046002	1.34797942883355	2.0489625308612	1.73893894846654	2.05395734844314	-0.321755729554394	-0.314071343048732	1.09525479372816	1.71994447232608	1.53895596277577	1.04658232207513
ALA955A	-0.243814247753925	0.438149267677408	-0.102063061261142	0.61278083724386	-0.363323932976126	-0.34192118107968	-0.151158643075002	0.380097397029324	0.3092658401557	1.11011104441612	-0.488301786111261	-0.420249763652186	-0.873401477301348	-0.767042131740619	-0.714437159412719	-0.457712473337203
ARG958A	2.79151882396741	2.2621484412678	1.53677809384634	1.79217409248718	1.81312902577135	2.11916905867943	3.34683019137828	3.16153928674912	2.35165599488547	2.68318821779449	-0.488301786111261	-0.420249763652186	-0.873401477301348	-0.767042131740619	-0.714437159412719	-0.457712473337203
ASP942A	-0.67743325799983	-0.473850319117789	-0.453243308784175	-0.714036574904874	-0.567737789312802	-0.541211625372003	-0.650871333711186	-0.732479358858593	-0.507690221736208	-0.77758156363792	-0.313164067906619	-0.420249763652186	-0.217182720291512	-0.767042131740619	-0.0998753988158597	-0.833786172190286
ILE941A	-0.243814247753925	-0.473850319117789	-0.804423556307207	-0.566612417999459	-0.461173201416357	-0.383968157390671	-1.15058402434737	-0.732479358858593	-1.12040726815514	-0.620273846300083	-0.309198685607646	-0.420249763652186	-0.217182720291512	-0.767042131740619	-0.714437159412719	-0.833786172190286
SER912A	-0.243814247753925	-0.929850112515388	0.014997021246535	-0.566612417999459	-0.282509152563952	-0.375177932416892	-0.151158643075002	-0.732479358858593	-0.099212190790254	-0.77758156363792	0.166647190269119	-0.121044725101293	1.09525479372816	0.0619534029482808	1.33410204257681	-0.081638774484121
TRP905A	2.35789981372151	1.3501488544726	1.41971801133866	0.465356680338445	-0.348270199369937	-0.247805360407975	1.34797942883355	0.936385774973283	0.513504855628678	-0.620273846300083	0.334515040925644	0.106451020492007	4.37634857877734	2.54894000701498	3.5874951647653	0.294434924368961
LEU730A	0.623423772737885	0.438149267677408	0.600297433784922	-0.124339947283214	-0.469096219103825	-0.363088073305951	0.348554047561181	0.380097397029324	0.00290731694623463	-0.77758156363792	-0.484336403812288	-0.413424267529367	-0.217182720291512	0.0619534029482808	-0.304729319014813	-0.833786172190286
LYS739A	-0.243814247753925	-1.38584990591299	-0.804423556307207	-1.15630904562112	-0.567737789312802	-0.54269981384313	-0.151158643075002	-1.28876773680255	-0.507690221736208	-1.09219699831359	-0.487640889061432	-0.420249763652186	0.439036036718325	-0.767042131740619	-0.509583239213766	-0.833786172190286
ALA882A	0.18980476249198	0.894149061075006	0.7173575162926	1.20247746486552	0.827505625450322	1.39889631477948	0.348554047561181	0.936385774973283	0.819863378838144	1.58203419642963	-0.488301786111261	-0.420249763652186	-0.873401477301348	-0.767042131740619	-0.714437159412719	-0.457712473337203
ALA722A	-0.243814247753925	-0.473850319117789	-1.03854372132256	-0.419188261094044	-0.546741792441012	-0.48522184459791	-0.151158643075002	-0.732479358858593	-0.303451206263231	-0.462966128962246	-0.488301786111261	-0.420249763652186	-0.217182720291512	-0.767042131740619	-0.304729319014813	-0.833786172190286
VAL851A	1.9242808034756	2.2621484412678	2.12207850638473	2.82414319082508	1.88998229733979	1.81401907514383	1.84769211946973	2.0489625308612	2.35165599488547	3.155111369808	1.04365757539199	0.434045527217859	-0.217182720291512	0.0619534029482808	0.309832441582047	1.42265602092821
GLN894A	0.623423772737885	0.894149061075006	0.834417598800277	1.34990162177093	0.943973985456102	0.561473032260595	0.848266738197365	0.936385774973283	1.12622190204761	1.26741876175396	-0.488301786111261	-0.420249763652186	-0.873401477301348	-0.767042131740619	-0.714437159412719	-0.457712473337203
MET908A	1.4906617932297	0.894149061075006	1.41971801133866	1.34990162177093	2.24889499858209	0.846100683953178	1.34797942883355	0.936385774973283	1.43258042525708	2.05395734844314	6.39494098785611	3.44386151122015	3.72012982176751	3.37793554170388	3.79234908496425	4.43124561175287
THR909A	0.18980476249198	0.894149061075006	0.951477681307955	1.34990162177093	-0.398581361685359	-0.292959574171978	-0.650871333711186	-0.176190980914635	-0.711929237209186	-0.148350694286572	-0.026995645330731	0.0258026409790134	0.439036036718325	0.89094893763718	0.309832441582047	0.670508623222044
LEU833A	0.623423772737885	0.438149267677408	0.834417598800277	0.465356680338445	-0.249232478276586	-0.349394270392656	0.848266738197365	0.936385774973283	0.3092658401557	0.638187892402612	-0.119521232306769	-0.420249763652186	0.439036036718325	-0.767042131740619	0.309832441582047	-0.833786172190286
GLU906A	1.05704278298379	0.438149267677408	1.30265792883099	0.760204994149274	-0.028576435680601	-0.0382633180678795	0.348554047561181	0.380097397029324	0.717743871101655	0.638187892402612	0.590282199209406	0.480706815153713	1.09525479372816	1.71994447232608	1.33410204257681	1.42265602092821
LEU844A	1.4906617932297	0.894149061075006	1.88795834136937	1.0550533079601	1.84284034209935	2.76027645972338	1.34797942883355	0.936385774973283	1.63681944073005	1.11011104441612	1.68869309602494	2.62406073555116	0.439036036718325	0.89094893763718	1.12924812237786	1.79872971978129
MET793A	1.05704278298379	0.438149267677408	0.7173575162926	-0.714036574904874	1.89909376768038	1.3727140389159	1.34797942883355	0.936385774973283	0.921982886574632	-0.462966128962246	0.101879279385893	0.358200090579731	-0.217182720291512	0.0619534029482808	-0.509583239213766	-0.457712473337203
ASP837A	0.623423772737885	0.438149267677408	0.951477681307955	0.0230842096222003	3.05625050093508	1.0046316509474	1.34797942883355	0.936385774973283	1.73893894846654	0.952803327078286	2.90936994705881	-0.288919763782697	0.439036036718325	0.0619534029482808	0.719540281979953	-0.457712473337203
ARG776A	0.18980476249198	0.438149267677408	0.132057103754212	0.465356680338445	-0.0527416396273786	0.150738493966944	0.848266738197365	0.936385774973283	0.513504855628678	0.952803327078286	0.166647190269119	0.488377435596201	0.439036036718325	0.89094893763718	0.104978521383093	0.670508623222044
LEU703A	-1.11105226824574	-0.929850112515388	-1.03854372132256	-0.714036574904874	-0.567737789312802	-0.477612869669444	-1.15058402434737	-0.732479358858593	-1.01828776041865	-0.462966128962246	-0.309198685607646	-0.304000223742247	0.439036036718325	0.0619534029482808	-0.0998753988158597	-0.081638774484121
THR892A	0.623423772737885	0.894149061075006	0.483237351277245	0.760204994149274	1.73231424535917	0.62049775014916	0.348554047561181	0.380097397029324	0.717743871101655	0.480880175064775	-0.488301786111261	-0.420249763652186	-0.873401477301348	-0.767042131740619	-0.714437159412719	-0.457712473337203
MET825A	1.05704278298379	0.438149267677408	1.41971801133866	0.760204994149274	0.0106425018723659	-0.0711368517425127	0.848266738197365	0.936385774973283	1.33046091752059	1.4247264790918	0.532123258824468	0.421992533612209	1.09525479372816	1.71994447232608	0.514686361781	1.42265602092821
ILE732A	-1.11105226824574	-0.929850112515388	-0.921483638814885	-1.15630904562112	-0.567737789312802	-0.542062892777396	-0.650871333711186	-0.732479358858593	-0.507690221736208	-1.09219699831359	-0.487640889061432	-0.41911218096505	-0.217182720291512	0.0619534029482808	-0.509583239213766	-0.833786172190286
LEU788A	0.18980476249198	-0.473850319117789	0.7173575162926	-0.566612417999459	-0.643006457343748	-0.511848324071106	0.348554047561181	-0.176190980914635	1.02410239431112	0.166264740389102	-0.434769125075125	-0.365146984791291	0.439036036718325	0.89094893763718	0.514686361781	0.670508623222044
ASN808A	-1.54467127849164	-0.929850112515388	-1.8579642988763	-1.15630904562112	-0.675094678977994	-0.54269981384313	-1.65029671498355	-1.28876773680255	-1.42676579136461	-0.934889280975756	-0.488301786111261	-0.420249763652186	-0.873401477301348	-0.767042131740619	-0.714437159412719	-0.457712473337203
ASP807A	-1.54467127849164	-1.38584990591299	-1.8579642988763	-1.15630904562112	-0.675094678977994	-0.54269981384313	-1.65029671498355	-1.28876773680255	-1.42676579136461	-0.934889280975756	-0.488301786111261	-0.420249763652186	-0.873401477301348	-0.767042131740619	-0.714437159412719	-0.457712473337203
LEU747A	0.18980476249198	-0.0178505257201906	0.483237351277245	-0.124339947283214	1.58019230575979	-0.476141562473857	0.848266738197365	0.380097397029324	0.717743871101655	0.323572457726938	1.36088815930983	-0.301372372846424	1.751473550738	1.71994447232608	0.514686361781	0.670508623222044
ASN842A	-0.67743325799983	-0.929850112515388	-0.336183226276497	-0.714036574904874	0.417885611008224	0.307305389963206	-0.151158643075002	-0.732479358858593	0.105026824682723	-0.462966128962246	1.02515245799678	1.09791513282623	0.439036036718325	0.0619534029482808	0.719540281979953	-0.457712473337203
MET947A	0.623423772737885	0.894149061075006	1.06853776381563	1.20247746486552	1.21296043594564	0.769676042103173	0.348554047561181	0.380097397029324	0.615624363365166	0.480880175064775	1.27034526348328	2.29148319188705	1.751473550738	2.54894000701498	1.94866380317367	3.30302451519362
MET881A	0.623423772737885	0.438149267677408	0.24911718626189	0.0230842096222003	-0.0400648113274297	0.24083611706679	0.848266738197365	0.936385774973283	0.513504855628678	0.480880175064775	0.0450421331006125	0.0776623838377865	0.439036036718325	0.0619534029482808	-0.509583239213766	-0.457712473337203
VAL876A	0.18980476249198	0.894149061075006	-0.336183226276497	0.31793252343303	0.386985842027098	0.13773023017651	0.348554047561181	0.936385774973283	-0.099212190790254	0.480880175064775	0.0450421331006125	-0.000132682623014784	-0.217182720291512	0.0619534029482808	-0.509583239213766	-0.457712473337203
PRO934A	-0.67743325799983	-0.473850319117789	0.132057103754212	0.170508366527615	-0.673113924556127	-0.54269981384313	-0.650871333711186	-0.732479358858593	-0.40557071399972	-0.462966128962246	-0.484997300862117	-0.420249763652186	0.439036036718325	0.0619534029482808	1.33410204257681	0.670508623222044
GLU746A	-0.67743325799983	-0.929850112515388	-0.453243308784175	-1.0088848887157	-0.414823547944669	-0.505045417903832	-0.151158643075002	-0.732479358858593	-0.303451206263231	-0.77758156363792	-0.179001966791364	-0.352996549369317	0.439036036718325	0.0619534029482808	-0.304729319014813	-0.457712473337203
VAL742A	1.9242808034756	2.7181482346654	1.53677809384634	2.38187072010884	0.394512708830193	0.629990955519056	0.848266738197365	1.49267415291724	0.819863378838144	1.4247264790918	-0.454596036569991	-0.362233046608226	-0.217182720291512	0.0619534029482808	-0.304729319014813	-0.833786172190286
PRO877A	0.18980476249198	0.438149267677408	0.600297433784922	0.61278083724386	0.234863902427712	0.492423490296951	0.848266738197365	0.936385774973283	1.12622190204761	1.11011104441612	-0.488301786111261	-0.420249763652186	-0.217182720291512	0.0619534029482808	-0.509583239213766	-0.457712473337203
ILE1018A	0.18980476249198	-0.0178505257201906	-0.102063061261142	0.31793252343303	-0.36847389447298	-0.364776851894722	0.348554047561181	0.380097397029324	-0.40557071399972	0.166264740389102	-0.108946879509507	-0.102467714909481	1.09525479372816	1.71994447232608	1.53895596277577	2.92695081634054
CYS950A	0.18980476249198	0.438149267677408	0.483237351277245	1.49732577867635	-0.482169198288147	-0.483443039946578	0.348554047561181	0.380097397029324	0.3092658401557	0.795495609740449	-0.488301786111261	-0.420249763652186	-0.873401477301348	-0.767042131740619	-0.714437159412719	-0.457712473337203
LEU778A	1.05704278298379	0.894149061075006	0.951477681307955	1.20247746486552	1.40826282194173	1.69271489880841	0.848266738197365	0.936385774973283	1.02410239431112	0.795495609740449	1.16460173551067	2.42484453687617	-0.217182720291512	0.0619534029482808	-0.509583239213766	-0.833786172190286
GLN820A	0.18980476249198	0.438149267677408	0.7173575162926	0.760204994149274	0.764517634834951	1.05521246231979	0.348554047561181	0.936385774973283	0.513504855628678	0.952803327078286	-0.488301786111261	-0.420249763652186	-0.873401477301348	-0.767042131740619	-0.714437159412719	-0.457712473337203
CYS797A	1.05704278298379	0.438149267677408	1.41971801133866	1.20247746486552	0.0161886142535935	-0.0147198816295628	1.34797942883355	0.936385774973283	1.73893894846654	1.26741876175396	0.222162542454742	-0.420249763652186	1.751473550738	0.0619534029482808	0.514686361781	-0.833786172190286
GLY901A	1.4906617932297	2.2621484412678	2.12207850638473	3.56126397535216	-0.465134710260091	-0.365907250516035	-0.650871333711186	-0.176190980914635	-0.40557071399972	0.323572457726938	-0.210725025183149	0.0575349649451379	0.439036036718325	0.89094893763718	1.74380988297472	1.42265602092821
THR903A	1.4906617932297	0.894149061075006	0.951477681307955	0.760204994149274	-0.569322392850296	-0.372641889291972	-0.151158643075002	0.380097397029324	0.00290731694623463	0.480880175064775	-0.485658197911946	-0.41569943290364	2.40769230774783	0.89094893763718	1.74380988297472	0.670508623222044
LYS754A	-0.67743325799983	-1.38584990591299	-1.27266388633792	-1.15630904562112	-0.675094678977994	-0.54269981384313	-1.15058402434737	-1.28876773680255	-1.22252677589163	-1.09219699831359	-0.488301786111261	-0.420249763652186	-0.873401477301348	-0.767042131740619	-0.714437159412719	-0.457712473337203
TYR801A	-0.243814247753925	-0.929850112515388	0.366177268769567	-0.714036574904874	-0.59546835121894	-0.527861463822802	-0.650871333711186	-0.732479358858593	-0.303451206263231	-0.620273846300083	-0.355461479095665	-0.393747499875863	0.439036036718325	0.0619534029482808	-0.0998753988158597	-0.457712473337203
ILE809A	0.18980476249198	-0.0178505257201906	0.834417598800277	0.760204994149274	-0.0963182369084528	-0.0190175298141216	0.848266738197365	0.380097397029324	1.02410239431112	0.166264740389102	0.0344677803033511	-0.247099348457097	1.09525479372816	0.0619534029482808	1.33410204257681	1.04658232207513
VAL802A	1.9242808034756	2.2621484412678	0.7173575162926	1.49732577867635	-0.485734556247508	-0.354555691838728	0.848266738197365	0.936385774973283	0.921982886574632	1.11011104441612	-0.488301786111261	-0.420249763652186	-0.217182720291512	0.0619534029482808	0.309832441582047	1.04658232207513
ASN816A	-0.67743325799983	-0.473850319117789	-0.21912314376882	-0.419188261094044	-0.515445872575513	-0.415315600696195	-0.650871333711186	-0.732479358858593	-0.711929237209186	-0.620273846300083	-0.354139684996007	-0.420249763652186	-0.217182720291512	-0.767042131740619	0.104978521383093	-0.833786172190286
LYS913A	-1.11105226824574	-1.38584990591299	-0.570303391291852	-1.15630904562112	-0.638648797615641	-0.54269981384313	-1.15058402434737	-1.28876773680255	-0.916168252682163	-1.09219699831359	-0.427499257527008	-0.420249763652186	-0.217182720291512	-0.767042131740619	0.719540281979953	-0.833786172190286
THR725A	0.623423772737885	1.3501488544726	-0.102063061261142	0.465356680338445	-0.556645564550347	-0.457880721196817	-0.151158643075002	0.380097397029324	-0.814048744945674	-0.148350694286572	1.78055778595115	0.845028703234928	0.439036036718325	0.89094893763718	-0.0998753988158597	0.294434924368961
ASP761A	-1.54467127849164	-1.38584990591299	-1.27266388633792	-1.15630904562112	-0.675094678977994	-0.54269981384313	-1.65029671498355	-1.28876773680255	-1.42676579136461	-0.934889280975756	-0.488301786111261	-0.420249763652186	-0.873401477301348	-0.767042131740619	-0.714437159412719	-0.457712473337203
VAL765A	0.623423772737885	0.438149267677408	0.24911718626189	-0.566612417999459	-0.547534094209758	-0.440155522259847	-0.650871333711186	-0.732479358858593	-0.303451206263231	-0.462966128962246	-0.488301786111261	-0.420249763652186	-0.873401477301348	-0.767042131740619	-0.714437159412719	-0.457712473337203
ARG705A	1.05704278298379	-0.0178505257201906	0.7173575162926	0.170508366527615	-0.142667890380141	-0.198762438346404	1.34797942883355	0.380097397029324	1.73893894846654	0.166264740389102	0.401926540008186	0.194044887401516	2.40769230774783	0.0619534029482808	2.35837164357158	-0.457712473337203
TRP731A	1.05704278298379	0.894149061075006	1.65383817635402	1.93959824939259	2.30712917858498	1.201060842063	1.34797942883355	1.49267415291724	2.24953648714898	2.68318821779449	2.09646657576933	0.644152879809658	1.751473550738	1.71994447232608	2.35837164357158	1.79872971978129
LEU883A	-0.243814247753925	0.438149267677408	-1.15560380383024	-0.566612417999459	0.102153356162622	0.460489204726203	-0.151158643075002	0.380097397029324	-0.916168252682163	-0.77758156363792	0.0476857212999279	0.502329795615504	0.439036036718325	0.89094893763718	-0.0998753988158597	-0.457712473337203
SER924A	-0.67743325799983	-0.929850112515388	-1.27266388633792	-1.15630904562112	-0.461173201416357	-0.54269981384313	-0.650871333711186	-1.28876773680255	-1.01828776041865	-1.09219699831359	-0.131417379203688	-0.420249763652186	0.439036036718325	-0.767042131740619	-0.0998753988158597	-0.833786172190286
ALA839A	0.623423772737885	0.438149267677408	1.41971801133866	0.61278083724386	-0.318955033926305	-0.23376477301911	1.34797942883355	0.936385774973283	1.84105845620303	1.4247264790918	-0.488301786111261	-0.420249763652186	-0.873401477301348	-0.767042131740619	-0.714437159412719	-0.457712473337203
LEU838A	0.18980476249198	-0.0178505257201906	1.53677809384634	0.170508366527615	2.28058706933196	2.00887671957255	0.848266738197365	0.380097397029324	1.43258042525708	0.638187892402612	4.34021205993824	4.05217440566847	1.09525479372816	0.89094893763718	1.53895596277577	1.04658232207513
SER811A	1.4906617932297	0.438149267677408	1.30265792883099	0.170508366527615	0.322809398758607	-0.177138454631115	1.34797942883355	0.380097397029324	1.63681944073005	0.166264740389102	-0.488301786111261	-0.420249763652186	-0.873401477301348	-0.767042131740619	-0.714437159412719	-0.457712473337203
GLU884A	-0.67743325799983	-0.0178505257201906	0.014997021246535	0.61278083724386	-0.567737789312802	-0.485238126792955	-0.151158643075002	0.380097397029324	0.513504855628678	1.11011104441612	-0.488301786111261	-0.420249763652186	-0.873401477301348	-0.767042131740619	-0.714437159412719	-0.457712473337203
ILE853A	0.18980476249198	-0.0178505257201906	1.30265792883099	1.0550533079601	-0.502769044275564	-0.290771997739882	0.848266738197365	0.380097397029324	1.2283414097841	0.480880175064775	-0.488301786111261	-0.420249763652186	-0.873401477301348	-0.767042131740619	-0.714437159412719	-0.457712473337203
THR940A	0.18980476249198	0.438149267677408	0.014997021246535	0.61278083724386	-0.592695295028326	-0.410220232170318	0.348554047561181	0.380097397029324	0.513504855628678	0.480880175064775	-0.488301786111261	-0.420249763652186	-0.873401477301348	-0.767042131740619	-0.714437159412719	-0.457712473337203
SER895A	1.05704278298379	-0.0178505257201906	0.600297433784922	0.170508366527615	0.545446195776459	0.132256817874859	1.34797942883355	-0.176190980914635	1.33046091752059	-0.462966128962246	-0.488301786111261	-0.420249763652186	-0.873401477301348	-0.767042131740619	-0.714437159412719	-0.457712473337203
ILE789A	1.05704278298379	-0.0178505257201906	1.65383817635402	0.170508366527615	-0.27300153133899	-0.513861377992969	0.348554047561181	-0.732479358858593	1.12622190204761	0.0089570230512647	-0.399080684384368	-0.368742430778217	-0.217182720291512	0.0619534029482808	0.309832441582047	1.04658232207513
ALA822A	0.623423772737885	1.3501488544726	0.951477681307955	1.0550533079601	-0.163663887251931	0.215295176220101	-0.650871333711186	-0.176190980914635	-0.711929237209186	-0.305658411624409	0.364916305217771	0.933578872298954	0.439036036718325	0.89094893763718	0.309832441582047	0.670508623222044
PHE856A	0.18980476249198	-0.929850112515388	0.834417598800277	-0.714036574904874	2.5689849131558	-0.319597036746595	-0.151158643075002	-0.732479358858593	0.105026824682723	-0.77758156363792	-0.446665271972044	-0.420249763652186	-0.217182720291512	-0.767042131740619	-0.304729319014813	-0.833786172190286
ASP770A	-0.67743325799983	-0.929850112515388	-0.336183226276497	-0.861460731810288	-0.5930914459127	-0.54269981384313	-1.15058402434737	-1.28876773680255	-1.22252677589163	-1.09219699831359	-0.488301786111261	-0.420249763652186	-0.873401477301348	-0.767042131740619	-0.714437159412719	-0.457712473337203
PHE968A	0.623423772737885	-0.929850112515388	0.951477681307955	-0.861460731810288	-0.292809075557661	-0.536330603185784	0.848266738197365	-0.732479358858593	0.717743871101655	-0.620273846300083	-0.0369091010781636	-0.420249763652186	1.09525479372816	-0.767042131740619	1.94866380317367	-0.833786172190286
GLU804A	-1.54467127849164	-1.38584990591299	-1.62384413386095	-1.15630904562112	-0.675094678977994	-0.54269981384313	-1.65029671498355	-1.28876773680255	-1.42676579136461	-0.934889280975756	-0.488301786111261	-0.420249763652186	-0.873401477301348	-0.767042131740619	-0.714437159412719	-0.457712473337203
HIS805A	-0.67743325799983	-0.473850319117789	-1.15560380383024	-1.0088848887157	-0.459588597878863	-0.54269981384313	-1.15058402434737	-1.28876773680255	-1.01828776041865	-1.09219699831359	-0.488301786111261	-0.420249763652186	-0.873401477301348	-0.767042131740619	-0.714437159412719	-0.457712473337203
ASP896A	0.623423772737885	0.438149267677408	0.951477681307955	0.907629151054689	2.48817013274363	2.73614796941938	0.848266738197365	0.936385774973283	1.33046091752059	1.73934191376747	2.39981832164077	4.12294974365009	1.09525479372816	1.71994447232608	1.74380988297472	2.17480341863437
ILE715A	-1.11105226824574	-0.929850112515388	-1.03854372132256	-1.15630904562112	-0.485338405363134	-0.54269981384313	-1.15058402434737	-1.28876773680255	-1.01828776041865	-1.09219699831359	-0.488301786111261	-0.420249763652186	-0.873401477301348	-0.767042131740619	-0.714437159412719	-0.457712473337203
LYS713A	-0.67743325799983	-1.38584990591299	-0.68736347379953	-1.15630904562112	-0.650929475031216	-0.54269981384313	-0.650871333711186	-1.28876773680255	-0.609809729472697	-1.09219699831359	-0.488301786111261	-0.420249763652186	-0.873401477301348	-0.767042131740619	-0.714437159412719	-0.457712473337203
ASP800A	-1.54467127849164	-0.929850112515388	-1.15560380383024	-0.714036574904874	-0.567737789312802	-0.516558418867529	-1.15058402434737	-0.732479358858593	-0.916168252682163	-0.462966128962246	-0.488301786111261	-0.420249763652186	-0.873401477301348	-0.767042131740619	-0.714437159412719	-0.457712473337203
GLU734A	-0.67743325799983	-0.929850112515388	-1.03854372132256	-1.15630904562112	-0.567341638428429	-0.485942897474789	-0.650871333711186	-0.732479358858593	-0.814048744945674	-0.934889280975756	-0.308537788557817	-0.318878198305382	-0.217182720291512	0.0619534029482808	-0.509583239213766	-0.457712473337203
LYS708A	-1.11105226824574	-0.929850112515388	-1.03854372132256	-1.15630904562112	-0.353816311751165	-0.42621420033164	-0.650871333711186	-0.732479358858593	-0.814048744945674	-0.934889280975756	0.0476857212999279	-0.212198838097866	0.439036036718325	0.0619534029482808	0.104978521383093	-0.457712473337203
PRO733A	1.05704278298379	0.894149061075006	0.483237351277245	-0.124339947283214	0.230110091815231	0.470839912876237	1.84769211946973	1.49267415291724	1.2283414097841	0.480880175064775	0.339802217324275	0.573039148362262	-0.217182720291512	0.0619534029482808	-0.0998753988158597	0.294434924368961
GLY911A	0.623423772737885	1.3501488544726	0.24911718626189	0.760204994149274	-0.320539637463799	-0.107411976871749	1.34797942883355	2.0489625308612	0.513504855628678	0.952803327078286	-0.209403231083491	0.0598101303194109	-0.217182720291512	0.0619534029482808	-0.304729319014813	-0.457712473337203
ALA750A	-0.243814247753925	-0.0178505257201906	-0.804423556307207	-0.566612417999459	-0.496430630125589	-0.536967524251518	-0.650871333711186	-0.732479358858593	-1.12040726815514	-1.09219699831359	-0.309198685607646	-0.111964855438199	-0.217182720291512	0.0619534029482808	-0.714437159412719	-0.833786172190286
THR751A	0.18980476249198	0.894149061075006	-0.102063061261142	0.465356680338445	0.308151816036791	0.573744420668635	0.348554047561181	0.936385774973283	-0.201331698526743	0.323572457726938	-0.488301786111261	-0.420249763652186	-0.873401477301348	-0.767042131740619	-0.714437159412719	-0.457712473337203
ILE923A	0.18980476249198	-0.0178505257201906	0.014997021246535	-0.566612417999459	-0.456023239919502	-0.276466808366035	0.348554047561181	0.380097397029324	0.411385347892189	-0.305658411624409	-0.298624332810384	-0.24733719520744	0.439036036718325	0.0619534029482808	0.309832441582047	-0.081638774484121
TYR915A	0.623423772737885	-0.929850112515388	0.366177268769567	-0.419188261094044	1.27832533186725	-0.54269981384313	1.34797942883355	-0.732479358858593	1.33046091752059	-0.305658411624409	1.21615170539732	-0.420249763652186	0.439036036718325	-0.767042131740619	0.514686361781	-0.833786172190286
ASP974A	-0.243814247753925	-0.473850319117789	-0.453243308784175	-0.714036574904874	-0.140687135958274	-0.499157972810982	0.348554047561181	-0.176190980914635	0.00290731694623463	-0.462966128962246	-0.488301786111261	-0.420249763652186	-0.873401477301348	-0.767042131740619	-0.714437159412719	-0.457712473337203
GLN1021A	-1.54467127849164	-0.929850112515388	-1.50678405135327	-0.861460731810288	-0.567737789312802	-0.370094205029033	-1.15058402434737	-0.732479358858593	-1.12040726815514	-0.77758156363792	-0.488301786111261	-0.420249763652186	-0.873401477301348	-0.767042131740619	-0.714437159412719	-0.457712473337203
THR785A	0.623423772737885	0.894149061075006	0.014997021246535	0.61278083724386	0.600511168704362	1.50818601782253	-0.151158643075002	0.380097397029324	-0.507690221736208	-0.305658411624409	1.22276067589561	2.52495181334418	-0.217182720291512	0.0619534029482808	-0.0998753988158597	0.294434924368961
PRO753A	-1.11105226824574	-0.473850319117789	-1.50678405135327	-0.861460731810288	-0.567737789312802	-0.395029674626757	-1.15058402434737	-0.732479358858593	-1.22252677589163	-0.620273846300083	-0.488301786111261	-0.420249763652186	-0.873401477301348	-0.767042131740619	-0.714437159412719	-0.457712473337203
THR854A	0.18980476249198	-0.0178505257201906	0.834417598800277	-0.271764104188629	0.701925795103953	0.481565633191758	0.348554047561181	-0.176190980914635	0.921982886574632	-0.305658411624409	-0.488301786111261	-0.420249763652186	-0.873401477301348	-0.767042131740619	-0.714437159412719	-0.457712473337203
PRO936A	0.623423772737885	0.894149061075006	0.366177268769567	1.0550533079601	-0.201298221267405	0.0607266169925816	0.848266738197365	1.49267415291724	0.513504855628678	1.11011104441612	-0.213368613382464	-0.0449882600048405	1.09525479372816	1.71994447232608	1.53895596277577	1.79872971978129
LEU933A	1.05704278298379	0.894149061075006	1.18559784632331	1.20247746486552	1.94861262822705	2.40138572966506	1.34797942883355	1.49267415291724	1.2283414097841	1.26741876175396	3.40636452853009	4.56236240600562	1.751473550738	1.71994447232608	2.35837164357158	1.04658232207513
LEU979A	1.4906617932297	1.8061486478702	1.65383817635402	2.52929487701425	3.04159291821327	3.69413777348905	1.34797942883355	2.0489625308612	2.1474169794125	3.155111369808	1.54792202441139	1.5285484776941	-0.217182720291512	0.0619534029482808	0.514686361781	1.04658232207513
ASP984A	-0.243814247753925	-0.473850319117789	-0.336183226276497	-0.714036574904874	0.0692728327596294	-0.103829867032247	0.348554047561181	-0.176190980914635	0.207146332419212	-0.462966128962246	-0.488301786111261	-0.420249763652186	-0.873401477301348	-0.767042131740619	-0.714437159412719	-0.457712473337203
LYS949A	-1.11105226824574	-1.38584990591299	-1.03854372132256	-1.15630904562112	-0.567737789312802	-0.54269981384313	-0.650871333711186	-1.28876773680255	-0.609809729472697	-1.09219699831359	-0.488301786111261	-0.420249763652186	-0.873401477301348	-0.767042131740619	-0.714437159412719	-0.457712473337203
LEU792A	-0.243814247753925	-0.0178505257201906	-0.21912314376882	-0.419188261094044	0.0724420398346167	0.133518149872245	0.348554047561181	0.380097397029324	-0.099212190790254	-0.305658411624409	0.195065763411759	-0.182838278271221	0.439036036718325	0.0619534029482808	-0.509583239213766	-0.457712473337203
ASN771A	-0.243814247753925	-0.473850319117789	-0.336183226276497	-0.566612417999459	-0.429877281550858	-0.282814670459245	-0.151158643075002	-0.176190980914635	-0.609809729472697	-0.620273846300083	-0.488301786111261	-0.420249763652186	-0.873401477301348	-0.767042131740619	-0.714437159412719	-0.457712473337203
GLU967A	-0.67743325799983	-0.473850319117789	-0.570303391291852	-0.566612417999459	-0.66994471748114	-0.54269981384313	-1.15058402434737	-1.28876773680255	-1.12040726815514	-1.09219699831359	-0.488301786111261	-0.420249763652186	-0.873401477301348	-0.767042131740619	-0.714437159412719	-0.457712473337203
MET971A	1.05704278298379	0.894149061075006	1.06853776381563	0.61278083724386	-0.0507608852055115	0.0903209987427477	0.848266738197365	0.936385774973283	0.819863378838144	0.795495609740449	0.459424583343295	0.617616972397325	1.751473550738	1.71994447232608	1.33410204257681	0.670508623222044
LYS879A	-0.243814247753925	-0.473850319117789	0.014997021246535	-0.714036574904874	-0.614879744553237	-0.54269981384313	-0.151158643075002	-0.176190980914635	0.105026824682723	-0.620273846300083	-0.387845434537278	-0.420249763652186	1.09525479372816	0.89094893763718	0.104978521383093	-0.833786172190286
MET952A	-0.67743325799983	-0.0178505257201906	-0.453243308784175	0.170508366527615	-0.13672562711454	-0.196245662020896	-0.151158643075002	0.380097397029324	0.00290731694623463	0.638187892402612	-0.488301786111261	-0.420249763652186	-0.873401477301348	-0.767042131740619	-0.714437159412719	-0.457712473337203
PHE961A	-0.243814247753925	-0.0178505257201906	0.483237351277245	0.760204994149274	0.219414017937149	0.333261755624255	-0.151158643075002	0.380097397029324	0.00290731694623463	0.952803327078286	-0.0831718945661824	0.00904450223573332	-0.217182720291512	0.0619534029482808	-0.304729319014813	0.294434924368961
ALA763A	1.05704278298379	1.3501488544726	0.24911718626189	0.907629151054689	-0.458796296110116	-0.4374525566164	-0.650871333711186	-0.176190980914635	-0.099212190790254	0.795495609740449	0.0754433973927392	0.116966607379444	1.751473550738	2.54894000701498	1.12924812237786	1.79872971978129
ILE759A	-0.243814247753925	-0.473850319117789	0.132057103754212	-0.419188261094044	-0.568926241965922	-0.48410307579554	-0.151158643075002	-0.176190980914635	0.207146332419212	0.0089570230512647	-0.370662111241728	-0.320711278527744	0.439036036718325	0.0619534029482808	0.719540281979953	0.294434924368961
GLU711A	0.623423772737885	0.894149061075006	0.483237351277245	1.34990162177093	-0.0388763586743095	0.480195417726762	0.848266738197365	1.49267415291724	1.12622190204761	1.89664963110531	0.752201976417471	1.40670803188901	1.751473550738	1.71994447232608	1.74380988297472	2.55087711748746
LEU777A	1.4906617932297	0.894149061075006	1.41971801133866	1.20247746486552	0.181779683921676	0.735445483705859	1.84769211946973	1.49267415291724	1.43258042525708	0.952803327078286	0.501061097482512	1.10667765112534	1.09525479372816	0.89094893763718	0.719540281979953	0.670508623222044
ALA920A	-0.243814247753925	0.438149267677408	-1.15560380383024	-0.419188261094044	-0.400562116107226	-0.137586889712064	-0.151158643075002	0.380097397029324	-0.609809729472697	-0.148350694286572	-0.248396157023392	-0.0720938677379878	0.439036036718325	0.89094893763718	-0.304729319014813	-0.457712473337203
HIS870A	-0.243814247753925	-0.0178505257201906	-0.804423556307207	-0.714036574904874	-0.430669583319605	-0.252931855257664	-0.151158643075002	0.380097397029324	-0.711929237209186	-0.620273846300083	-0.343565332198745	-0.35546314413584	-0.217182720291512	0.0619534029482808	-0.509583239213766	-0.081638774484121
GLY917A	-1.11105226824574	-0.473850319117789	-1.27266388633792	-0.861460731810288	-0.461173201416357	-0.198762438346404	-1.15058402434737	-0.732479358858593	-0.916168252682163	-0.77758156363792	-0.488301786111261	-0.420249763652186	-0.873401477301348	-0.767042131740619	-0.714437159412719	-0.457712473337203
GLN701A	-1.54467127849164	-1.38584990591299	-1.50678405135327	-1.15630904562112	-0.567737789312802	-0.54269981384313	-1.15058402434737	-1.28876773680255	-1.32464628362812	-1.09219699831359	-0.488301786111261	-0.420249763652186	-0.873401477301348	-0.767042131740619	-0.714437159412719	-0.457712473337203
VAL717A	-0.243814247753925	0.438149267677408	-0.570303391291852	0.170508366527615	-0.566549336659682	-0.368183441831829	-0.151158643075002	0.380097397029324	-0.507690221736208	-0.305658411624409	-0.488301786111261	-0.420249763652186	-0.873401477301348	-0.767042131740619	-0.714437159412719	-0.457712473337203
ARG973A	-0.243814247753925	-0.473850319117789	0.132057103754212	-0.419188261094044	-0.585564579109605	-0.54269981384313	-1.15058402434737	-1.28876773680255	-0.814048744945674	-1.09219699831359	-0.221960275030239	0.0381960592638176	1.09525479372816	0.89094893763718	1.12924812237786	0.294434924368961
LYS970A	-0.67743325799983	-0.473850319117789	-0.804423556307207	-0.861460731810288	-0.583979975572111	-0.455892894537331	-1.15058402434737	-0.732479358858593	-1.01828776041865	-0.77758156363792	-0.21006412813332	-0.26520692735971	0.439036036718325	0.0619534029482808	0.104978521383093	-0.457712473337203
SER784A	-1.11105226824574	-1.38584990591299	-0.921483638814885	-1.15630904562112	-0.671529321018633	-0.54269981384313	-1.15058402434737	-1.28876773680255	-1.32464628362812	-1.09219699831359	-0.488301786111261	-0.420249763652186	-0.873401477301348	-0.767042131740619	-0.714437159412719	-0.457712473337203
LEU887A	-0.243814247753925	-0.0178505257201906	-1.15560380383024	-0.566612417999459	-0.675094678977994	-0.54269981384313	-0.650871333711186	-0.176190980914635	-1.12040726815514	-0.934889280975756	-0.488301786111261	-0.420249763652186	0.439036036718325	0.89094893763718	-0.0998753988158597	-0.457712473337203
VAL943A	1.4906617932297	2.2621484412678	1.41971801133866	1.79217409248718	1.18760677934574	0.915622346160505	1.34797942883355	2.0489625308612	1.73893894846654	2.52588050045665	1.81294174139276	1.58109123414527	1.09525479372816	1.71994447232608	2.15351772337263	3.6790982140467
THR710A	-1.54467127849164	-0.929850112515388	-1.27266388633792	-0.419188261094044	-0.675094678977994	-0.54269981384313	-1.65029671498355	-1.28876773680255	-1.42676579136461	-0.934889280975756	-0.309198685607646	-0.111964855438199	-0.217182720291512	0.0619534029482808	-0.0998753988158597	0.294434924368961
THR790A	0.623423772737885	0.438149267677408	0.834417598800277	0.465356680338445	-0.672717773671754	-0.541744432244529	0.348554047561181	-0.176190980914635	0.207146332419212	-0.148350694286572	-0.313164067906619	-0.118790351561017	-0.217182720291512	0.0619534029482808	-0.509583239213766	-0.833786172190286
LYS846A	0.18980476249198	-1.38584990591299	0.483237351277245	-1.15630904562112	-0.295978282632648	-0.54269981384313	-0.151158643075002	-1.28876773680255	-0.40557071399972	-1.09219699831359	-0.488301786111261	-0.420249763652186	-0.873401477301348	-0.767042131740619	-0.714437159412719	-0.457712473337203
ALA840A	0.18980476249198	0.438149267677408	0.834417598800277	0.907629151054689	0.0011348806474042	0.129236931066244	0.348554047561181	0.380097397029324	0.3092658401557	0.638187892402612	0.578386052312486	0.737794452195527	0.439036036718325	0.89094893763718	0.104978521383093	1.04658232207513
GLN787A	0.18980476249198	-0.0178505257201906	0.014997021246535	-0.566612417999459	0.0359961584722636	-0.0116585602230281	0.348554047561181	0.380097397029324	0.00290731694623463	0.0089570230512647	0.0609036622965047	-0.0187848477905195	0.439036036718325	0.0619534029482808	-0.0998753988158597	-0.081638774484121
THR783A	0.18980476249198	0.438149267677408	0.014997021246535	0.31793252343303	-0.418388905904029	-0.354751117945181	-0.151158643075002	0.380097397029324	-0.40557071399972	0.323572457726938	-0.060040497822173	-0.08456109824941	0.439036036718325	0.89094893763718	-0.304729319014813	-0.081638774484121
VAL980A	-1.11105226824574	-0.473850319117789	-0.804423556307207	0.170508366527615	-0.675094678977994	-0.54269981384313	-1.15058402434737	-0.732479358858593	-1.01828776041865	-0.462966128962246	-0.488301786111261	-0.420249763652186	-0.873401477301348	-0.767042131740619	-0.714437159412719	-0.457712473337203
CYS781A	0.18980476249198	0.438149267677408	0.24911718626189	0.31793252343303	-0.567737789312802	-0.471896856567324	0.848266738197365	0.936385774973283	0.921982886574632	0.952803327078286	-0.309859582657475	-0.294928633120102	-0.217182720291512	0.0619534029482808	-0.509583239213766	-0.457712473337203
VAL786A	1.4906617932297	1.8061486478702	0.834417598800277	1.34990162177093	0.362424487195947	0.964236143365999	1.34797942883355	1.49267415291724	1.33046091752059	1.4247264790918	-0.367357625992584	-0.212072131906209	0.439036036718325	0.0619534029482808	0.309832441582047	-0.457712473337203
PRO772A	-0.67743325799983	-0.473850319117789	-0.68736347379953	-0.566612417999459	-0.570510845503416	-0.40833081753725	-0.650871333711186	-0.732479358858593	-0.814048744945674	-0.77758156363792	-0.488301786111261	-0.420249763652186	-0.873401477301348	-0.767042131740619	-0.714437159412719	-0.457712473337203
LEU718A	-0.243814247753925	-0.0178505257201906	-0.921483638814885	-0.714036574904874	-0.577641561422137	-0.3860172316724	-0.650871333711186	-0.176190980914635	-1.01828776041865	-1.09219699831359	-0.488301786111261	-0.420249763652186	-0.873401477301348	-0.767042131740619	-0.714437159412719	-0.457712473337203
TYR727A	0.18980476249198	-0.929850112515388	-0.453243308784175	-0.419188261094044	-0.327274202498147	-0.54269981384313	-0.151158643075002	-1.28876773680255	-0.711929237209186	-1.09219699831359	-0.488301786111261	-0.420249763652186	-0.873401477301348	-0.767042131740619	-0.714437159412719	-0.457712473337203
ILE946A	0.18980476249198	-0.0178505257201906	0.132057103754212	-0.271764104188629	-0.554268659244106	-0.48953753950128	0.348554047561181	0.380097397029324	0.105026824682723	-0.305658411624409	-0.488301786111261	-0.420249763652186	-0.873401477301348	-0.767042131740619	-0.714437159412719	-0.457712473337203
PRO794A	-0.243814247753925	0.438149267677408	-0.336183226276497	-0.124339947283214	-0.559022469856587	-0.35608194158287	-0.650871333711186	-0.176190980914635	-0.814048744945674	-0.620273846300083	-0.395115302085395	-0.259850604765942	-0.217182720291512	0.0619534029482808	-0.509583239213766	-0.457712473337203
GLU709A	-1.11105226824574	-0.473850319117789	-1.03854372132256	-0.419188261094044	-0.567737789312802	-0.456397009436082	-0.650871333711186	-0.176190980914635	-0.814048744945674	-0.148350694286572	-0.488301786111261	-0.420249763652186	-0.217182720291512	0.0619534029482808	-0.509583239213766	-0.081638774484121
SER885A	-0.67743325799983	-0.473850319117789	-0.68736347379953	-0.566612417999459	-0.296770584401395	-0.303217493126892	-0.151158643075002	-0.176190980914635	-0.201331698526743	-0.620273846300083	-0.488301786111261	-0.420249763652186	-0.873401477301348	-0.767042131740619	-0.714437159412719	-0.457712473337203
PRO937A	-1.54467127849164	-0.929850112515388	-1.27266388633792	-0.419188261094044	-0.675094678977994	-0.54269981384313	-1.65029671498355	-1.28876773680255	-1.42676579136461	-0.934889280975756	-0.488301786111261	-0.420249763652186	-0.873401477301348	-0.767042131740619	-0.714437159412719	-0.457712473337203
GLU865A	-0.67743325799983	-0.0178505257201906	-0.21912314376882	0.31793252343303	-0.567737789312802	-0.500810511013177	-0.151158643075002	0.380097397029324	0.207146332419212	0.480880175064775	-0.311842273806961	-0.349983059387758	-0.217182720291512	0.0619534029482808	-0.509583239213766	-0.081638774484121
GLN976A	-0.67743325799983	-0.473850319117789	-0.336183226276497	-0.271764104188629	-0.599429860062674	-0.54269981384313	-0.650871333711186	-0.732479358858593	-0.507690221736208	-0.77758156363792	-0.488301786111261	-0.420249763652186	-0.873401477301348	-0.767042131740619	-0.714437159412719	-0.457712473337203
ALA767A	1.05704278298379	1.8061486478702	0.7173575162926	1.49732577867635	0.336674679711676	0.397226375627713	-0.151158643075002	0.380097397029324	0.411385347892189	1.4247264790918	1.1996292791516	1.25851989533977	1.09525479372816	1.71994447232608	0.924394202178906	2.17480341863437
ILE744A	0.623423772737885	0.438149267677408	0.24911718626189	0.31793252343303	-0.510692061963032	-0.28188063742478	0.348554047561181	0.936385774973283	-0.099212190790254	0.323572457726938	-0.488301786111261	-0.420249763652186	-0.873401477301348	-0.767042131740619	-0.714437159412719	-0.457712473337203
GLN849A	0.18980476249198	-0.0178505257201906	0.014997021246535	-0.271764104188629	0.769667596331805	-0.186666676345557	0.348554047561181	-0.176190980914635	-0.099212190790254	-0.462966128962246	0.415805378054592	-0.333224688086245	0.439036036718325	0.0619534029482808	-0.304729319014813	-0.457712473337203
LEU760A	-0.67743325799983	-0.473850319117789	-0.21912314376882	-0.566612417999459	-0.617652800743851	-0.48098658532522	-1.15058402434737	-0.732479358858593	-0.711929237209186	-0.305658411624409	-0.287389082963294	-0.420249763652186	-0.217182720291512	-0.767042131740619	-0.0998753988158597	-0.833786172190286
GLU868A	-0.243814247753925	-1.38584990591299	0.24911718626189	-1.15630904562112	-0.479792292981907	-0.54269981384313	0.348554047561181	-1.28876773680255	0.615624363365166	-1.09219699831359	-0.488301786111261	-0.420249763652186	-0.873401477301348	-0.767042131740619	-0.714437159412719	-0.457712473337203
GLY983A	-0.67743325799983	-0.0178505257201906	-1.50678405135327	-0.861460731810288	-0.248044025623466	0.083240617827793	-0.650871333711186	-0.176190980914635	-1.01828776041865	-0.620273846300083	-0.488301786111261	-0.420249763652186	-0.873401477301348	-0.767042131740619	-0.714437159412719	-0.457712473337203
ASP855A	-0.67743325799983	-0.929850112515388	-0.102063061261142	-1.15630904562112	4.21340723418979	-0.148584634178366	-0.650871333711186	-0.732479358858593	-0.303451206263231	-0.934889280975756	3.91459435984847	0.283665727990677	-0.217182720291512	0.0619534029482808	-0.714437159412719	-0.457712473337203
VAL726A	0.623423772737885	0.438149267677408	-0.453243308784175	0.31793252343303	2.80271393493611	4.1606437960746	0.348554047561181	-0.176190980914635	-0.609809729472697	-0.620273846300083	-0.488301786111261	-0.420249763652186	-0.873401477301348	-0.767042131740619	-0.714437159412719	-0.457712473337203
GLU922A	-1.11105226824574	-0.929850112515388	-1.62384413386095	-1.0088848887157	-0.461173201416357	-0.487914853225369	-1.15058402434737	-0.732479358858593	-1.22252677589163	-0.77758156363792	-0.488301786111261	-0.420249763652186	-0.873401477301348	-0.767042131740619	-0.714437159412719	-0.457712473337203
PRO919A	-0.67743325799983	-0.473850319117789	-0.921483638814885	-0.861460731810288	0.103341808815742	0.443881168015306	-0.151158643075002	-0.176190980914635	-0.507690221736208	-0.620273846300083	-0.488301786111261	-0.420249763652186	-0.873401477301348	-0.767042131740619	-0.714437159412719	-0.457712473337203
LYS852A	0.18980476249198	-1.38584990591299	0.834417598800277	-1.15630904562112	-0.608937481287636	-0.54269981384313	-0.151158643075002	-1.28876773680255	0.207146332419212	-1.09219699831359	-0.488301786111261	-0.420249763652186	-0.217182720291512	-0.767042131740619	0.309832441582047	-0.833786172190286
PHE910A	-1.11105226824574	-1.38584990591299	-0.570303391291852	-1.15630904562112	-0.567737789312802	-0.54269981384313	-0.650871333711186	-1.28876773680255	-0.40557071399972	-1.09219699831359	-0.488301786111261	-0.420249763652186	-0.873401477301348	-0.767042131740619	-0.714437159412719	-0.457712473337203
ARG986A	-1.11105226824574	-0.473850319117789	-1.03854372132256	-0.714036574904874	-0.567737789312802	-0.402171466877957	-0.650871333711186	-0.176190980914635	-0.609809729472697	-0.462966128962246	-0.488301786111261	-0.420249763652186	-0.873401477301348	-0.767042131740619	-0.714437159412719	-0.457712473337203
ALA743A	-0.243814247753925	0.438149267677408	0.483237351277245	1.20247746486552	0.00866174745049885	0.00696306588589653	-0.650871333711186	-0.176190980914635	-0.711929237209186	-0.462966128962246	-0.488301786111261	-0.420249763652186	-0.873401477301348	-0.767042131740619	-0.714437159412719	-0.457712473337203
GLN982A	-1.54467127849164	-1.38584990591299	-1.62384413386095	-1.15630904562112	-0.675094678977994	-0.54269981384313	-1.65029671498355	-1.28876773680255	-1.42676579136461	-0.934889280975756	-0.488301786111261	-0.420249763652186	-0.873401477301348	-0.767042131740619	-0.714437159412719	-0.457712473337203
LYS714A	-0.67743325799983	-0.473850319117789	-0.570303391291852	-1.0088848887157	-0.152571662489476	0.0597514612809228	-0.151158643075002	-0.176190980914635	-0.507690221736208	-0.934889280975756	-0.223282069129897	-0.0313323203933248	-0.217182720291512	0.0619534029482808	-0.509583239213766	-0.457712473337203
MET766A	0.623423772737885	-0.473850319117789	1.18559784632331	-0.566612417999459	1.33893641717638	1.79862202379755	0.348554047561181	-0.732479358858593	0.513504855628678	-0.934889280975756	0.154090146322371	-0.420249763652186	-0.217182720291512	-0.767042131740619	-0.304729319014813	-0.833786172190286
ILE953A	-1.11105226824574	-0.929850112515388	-0.336183226276497	-0.714036574904874	0.333109321752316	-0.296249701441026	-0.650871333711186	-0.732479358858593	-0.201331698526743	-0.620273846300083	-0.488301786111261	-0.420249763652186	-0.873401477301348	-0.767042131740619	-0.714437159412719	-0.457712473337203
TYR764A	-0.243814247753925	-1.38584990591299	0.132057103754212	-1.15630904562112	-0.442157958966433	-0.54269981384313	-1.15058402434737	-1.28876773680255	-0.814048744945674	-1.09219699831359	-0.0996943208119034	-0.420249763652186	-0.217182720291512	-0.767042131740619	-0.0998753988158597	-0.833786172190286
GLN791A	-0.243814247753925	-0.929850112515388	0.366177268769567	-1.15630904562112	1.46491239840713	-0.0497229089644898	-0.151158643075002	-0.732479358858593	-0.099212190790254	-1.09219699831359	1.33973945371531	-0.420249763652186	0.439036036718325	-0.767042131740619	-0.509583239213766	-0.833786172190286
GLU985A	-1.54467127849164	-0.929850112515388	-1.62384413386095	-0.861460731810288	-0.567737789312802	-0.482039336652071	-1.15058402434737	-0.732479358858593	-1.32464628362812	-0.77758156363792	-0.488301786111261	-0.420249763652186	-0.873401477301348	-0.767042131740619	-0.714437159412719	-0.457712473337203
SER921A	-1.11105226824574	-0.929850112515388	-1.50678405135327	-1.0088848887157	-0.675094678977994	-0.54269981384313	-1.65029671498355	-1.28876773680255	-1.42676579136461	-0.934889280975756	-0.488301786111261	-0.420249763652186	-0.873401477301348	-0.767042131740619	-0.714437159412719	-0.457712473337203
GLY719A	-0.243814247753925	0.438149267677408	-0.68736347379953	0.170508366527615	-0.450080976653901	-0.186793515478925	-0.650871333711186	-0.176190980914635	-0.814048744945674	-0.305658411624409	-0.486319094961775	-0.416837015590777	-0.217182720291512	0.0619534029482808	-0.509583239213766	-0.457712473337203
LEU828A	0.18980476249198	0.438149267677408	0.7173575162926	0.0230842096222003	-0.260720853923415	-0.114232340693091	-0.650871333711186	-0.176190980914635	-0.711929237209186	-0.305658411624409	-0.488301786111261	-0.420249763652186	-0.873401477301348	-0.767042131740619	-0.714437159412719	-0.457712473337203
CYS775A	0.623423772737885	0.438149267677408	1.41971801133866	0.465356680338445	-0.587941484415845	-0.432512469471031	0.848266738197365	0.936385774973283	1.12622190204761	0.480880175064775	-0.488301786111261	-0.420249763652186	-0.873401477301348	-0.767042131740619	-0.714437159412719	-0.457712473337203
LYS960A	-0.67743325799983	-0.473850319117789	-1.15560380383024	-0.419188261094044	-0.124841100583338	-0.248082460269566	-0.151158643075002	-0.176190980914635	-0.609809729472697	-0.148350694286572	-0.229891039628185	-0.0500410253508875	-0.217182720291512	0.0619534029482808	-0.509583239213766	-0.081638774484121
GLU963A	-1.11105226824574	-0.473850319117789	-1.03854372132256	-0.419188261094044	-0.567737789312802	-0.370094205029033	-0.650871333711186	-0.176190980914635	-0.609809729472697	-0.462966128962246	-0.488301786111261	-0.420249763652186	-0.873401477301348	-0.767042131740619	-0.714437159412719	-0.457712473337203
ILE890A	-0.67743325799983	-0.929850112515388	-1.03854372132256	-1.0088848887157	-0.343516388757456	-0.249079202539444	-0.650871333711186	-0.732479358858593	-1.12040726815514	-1.09219699831359	-0.488301786111261	-0.420249763652186	-0.873401477301348	-0.767042131740619	-0.714437159412719	-0.457712473337203
SER957A	-0.67743325799983	-0.0178505257201906	-0.336183226276497	0.465356680338445	-0.34747789760119	-0.314757712168104	-0.151158643075002	0.380097397029324	0.105026824682723	0.952803327078286	-0.488301786111261	-0.420249763652186	-0.873401477301348	-0.767042131740619	-0.714437159412719	-0.457712473337203
ASN826A	-1.11105226824574	-1.38584990591299	-0.570303391291852	-1.15630904562112	-0.567737789312802	-0.54269981384313	-1.15058402434737	-1.28876773680255	-1.22252677589163	-1.09219699831359	-0.309198685607646	-0.420249763652186	-0.217182720291512	-0.767042131740619	-0.304729319014813	-0.833786172190286
LYS867A	-1.54467127849164	-1.38584990591299	-1.50678405135327	-1.15630904562112	-0.567737789312802	-0.54269981384313	-1.15058402434737	-1.28876773680255	-1.22252677589163	-1.09219699831359	-0.488301786111261	-0.420249763652186	-0.873401477301348	-0.767042131740619	-0.714437159412719	-0.457712473337203
GLU736A	-0.67743325799983	-0.473850319117789	-0.453243308784175	-0.271764104188629	-0.356985518826152	-0.415095104389431	-0.151158643075002	-0.176190980914635	-0.099212190790254	0.166264740389102	-0.488301786111261	-0.420249763652186	-0.873401477301348	-0.767042131740619	-0.714437159412719	-0.457712473337203
GLY735A	-1.11105226824574	-0.473850319117789	-1.38972396884559	-0.714036574904874	-0.568926241965922	-0.372004968226237	-1.15058402434737	-0.732479358858593	-1.22252677589163	-0.77758156363792	-0.488301786111261	-0.420249763652186	-0.873401477301348	-0.767042131740619	-0.714437159412719	-0.457712473337203
VAL738A	-0.243814247753925	-0.0178505257201906	-0.68736347379953	-1.0088848887157	-0.461173201416357	-0.198762438346404	-0.650871333711186	-0.732479358858593	-0.507690221736208	-0.934889280975756	-0.488301786111261	-0.420249763652186	-0.217182720291512	0.0619534029482808	-0.509583239213766	-0.833786172190286
LYS745A	-1.11105226824574	-0.929850112515388	-1.03854372132256	-1.15630904562112	4.54815473148532	3.30635314641653	-0.650871333711186	-0.732479358858593	-0.916168252682163	-0.934889280975756	3.91459435984847	6.45441060640822	-0.217182720291512	0.0619534029482808	-0.714437159412719	-0.457712473337203
PRO1019A	-1.11105226824574	-0.473850319117789	-1.03854372132256	-0.271764104188629	-0.675094678977994	-0.54269981384313	-1.15058402434737	-0.732479358858593	-1.12040726815514	-0.620273846300083	-0.488301786111261	-0.420249763652186	-0.873401477301348	-0.767042131740619	-0.714437159412719	-0.457712473337203
PHE795A	-0.243814247753925	-1.38584990591299	-0.21912314376882	-1.15630904562112	-0.568133940197175	-0.54269981384313	-0.151158643075002	-1.28876773680255	0.00290731694623463	-1.09219699831359	-0.488301786111261	-0.420249763652186	-0.873401477301348	-0.767042131740619	-0.714437159412719	-0.457712473337203
GLU866A	-0.67743325799983	-0.0178505257201906	-1.15560380383024	-0.419188261094044	-0.567737789312802	-0.489439597316371	-0.151158643075002	0.380097397029324	-0.303451206263231	0.166264740389102	-0.309198685607646	-0.325123532956558	1.09525479372816	1.71994447232608	-0.304729319014813	-0.081638774484121
GLU928A	-1.11105226824574	-0.929850112515388	-1.27266388633792	-0.861460731810288	-0.567737789312802	-0.54269981384313	-0.650871333711186	-0.732479358858593	-1.01828776041865	-0.77758156363792	-0.309198685607646	-0.420249763652186	0.439036036718325	0.0619534029482808	-0.0998753988158597	-0.081638774484121
HIS888A	-1.11105226824574	-0.929850112515388	-1.27266388633792	-0.714036574904874	-0.492469121281855	-0.54269981384313	-1.15058402434737	-1.28876773680255	-1.32464628362812	-1.09219699831359	-0.488301786111261	-0.420249763652186	-0.873401477301348	-0.767042131740619	-0.714437159412719	-0.457712473337203
LEU782A	-1.11105226824574	-0.929850112515388	-0.68736347379953	-0.566612417999459	-0.567737789312802	-0.430752897596608	-0.650871333711186	-0.732479358858593	-0.201331698526743	-0.305658411624409	-0.488301786111261	-0.420249763652186	-0.873401477301348	-0.767042131740619	-0.714437159412719	-0.457712473337203
SER925A	-1.54467127849164	-1.38584990591299	-1.62384413386095	-1.15630904562112	-0.675094678977994	-0.54269981384313	-1.65029671498355	-1.28876773680255	-1.42676579136461	-0.934889280975756	-0.488301786111261	-0.420249763652186	-0.873401477301348	-0.767042131740619	-0.714437159412719	-0.457712473337203
MET945A	-1.54467127849164	-0.929850112515388	-1.50678405135327	-0.861460731810288	-0.675094678977994	-0.54269981384313	-1.65029671498355	-1.28876773680255	-1.42676579136461	-0.934889280975756	-0.309198685607646	-0.111964855438199	-0.217182720291512	0.0619534029482808	-0.714437159412719	-0.833786172190286
ILE706A	-0.67743325799983	-0.473850319117789	0.24911718626189	0.0230842096222003	-0.568926241965922	-0.429964785208093	-0.650871333711186	-0.732479358858593	0.207146332419212	-0.305658411624409	-0.486319094961775	-0.416837015590777	-0.217182720291512	0.0619534029482808	0.104978521383093	-0.457712473337203
ARG962A	-1.54467127849164	-1.38584990591299	-1.38972396884559	-1.15630904562112	-0.675094678977994	-0.54269981384313	-1.65029671498355	-1.28876773680255	-1.42676579136461	-0.934889280975756	-0.488301786111261	-0.420249763652186	-0.873401477301348	-0.767042131740619	-0.714437159412719	-0.457712473337203
ASP916A	-1.54467127849164	-1.38584990591299	-1.74090421636863	-1.15630904562112	-0.675094678977994	-0.54269981384313	-1.65029671498355	-1.28876773680255	-1.42676579136461	-0.934889280975756	-0.488301786111261	-0.420249763652186	-0.873401477301348	-0.767042131740619	-0.714437159412719	-0.457712473337203
LYS929A	-1.54467127849164	-1.38584990591299	-1.50678405135327	-1.15630904562112	-0.567737789312802	-0.54269981384313	-1.15058402434737	-1.28876773680255	-1.12040726815514	-1.09219699831359	-0.488301786111261	-0.420249763652186	-0.873401477301348	-0.767042131740619	-0.714437159412719	-0.457712473337203
GLU762A	-1.11105226824574	-0.929850112515388	-0.570303391291852	-0.861460731810288	-0.536838020331676	-0.431557087872429	-1.15058402434737	-0.732479358858593	-1.22252677589163	-0.77758156363792	-0.488301786111261	-0.420249763652186	-0.873401477301348	-0.767042131740619	-0.714437159412719	-0.457712473337203
GLU749A	-1.54467127849164	-1.38584990591299	-1.50678405135327	-1.15630904562112	-0.675094678977994	-0.54269981384313	-1.65029671498355	-1.28876773680255	-1.42676579136461	-0.934889280975756	-0.309198685607646	-0.420249763652186	-0.217182720291512	-0.767042131740619	-0.714437159412719	-0.833786172190286
LYS737A	-1.54467127849164	-1.38584990591299	-1.50678405135327	-1.15630904562112	-0.675094678977994	-0.54269981384313	-1.65029671498355	-1.28876773680255	-1.42676579136461	-0.934889280975756	-0.488301786111261	-0.420249763652186	-0.873401477301348	-0.767042131740619	-0.714437159412719	-0.457712473337203
LYS716A	-1.97829028873755	-1.38584990591299	-1.8579642988763	-1.15630904562112	-0.675094678977994	-0.54269981384313	-1.65029671498355	-1.28876773680255	-1.42676579136461	-0.934889280975756	-0.488301786111261	-0.420249763652186	-0.873401477301348	-0.767042131740619	-0.714437159412719	-0.457712473337203
LYS757A	-1.97829028873755	-1.38584990591299	-1.8579642988763	-1.15630904562112	-0.675094678977994	-0.54269981384313	-1.65029671498355	-1.28876773680255	-1.42676579136461	-0.934889280975756	-0.488301786111261	-0.420249763652186	-0.873401477301348	-0.767042131740619	-0.714437159412719	-0.457712473337203
GLU758A	-1.97829028873755	-1.38584990591299	-1.8579642988763	-1.15630904562112	-0.675094678977994	-0.54269981384313	-1.65029671498355	-1.28876773680255	-1.42676579136461	-0.934889280975756	-0.488301786111261	-0.420249763652186	-0.873401477301348	-0.767042131740619	-0.714437159412719	-0.457712473337203
LYS806A	-1.97829028873755	-1.38584990591299	-1.8579642988763	-1.15630904562112	-0.675094678977994	-0.54269981384313	-1.65029671498355	-1.28876773680255	-1.42676579136461	-0.934889280975756	-0.488301786111261	-0.420249763652186	-0.873401477301348	-0.767042131740619	-0.714437159412719	-0.457712473337203
ASP830A	-1.97829028873755	-1.38584990591299	-1.8579642988763	-1.15630904562112	-0.675094678977994	-0.54269981384313	-1.65029671498355	-1.28876773680255	-1.42676579136461	-0.934889280975756	-0.488301786111261	-0.420249763652186	-0.873401477301348	-0.767042131740619	-0.714437159412719	-0.457712473337203
ARG889A	-1.97829028873755	-1.38584990591299	-1.8579642988763	-1.15630904562112	-0.675094678977994	-0.54269981384313	-1.65029671498355	-1.28876773680255	-1.42676579136461	-0.934889280975756	-0.488301786111261	-0.420249763652186	-0.873401477301348	-0.767042131740619	-0.714437159412719	-0.457712473337203
ILE966A	-1.97829028873755	-1.38584990591299	-1.8579642988763	-1.15630904562112	-0.675094678977994	-0.54269981384313	-1.65029671498355	-1.28876773680255	-1.42676579136461	-0.934889280975756	-0.488301786111261	-0.420249763652186	-0.873401477301348	-0.767042131740619	-0.714437159412719	-0.457712473337203
