Degree	Degree_sidechain	SecondOrderDegree	SecondOrderDegree_sidechain	NodeEdgeBetweennessSTRIDE	NodeEdgeBetweennessSTRIDE_sidechain	IntermodularDegreeSTRIDE	IntermodularDegreeSTRIDE_sidechain	SecondOrderIntermodularDegreeSTRIDE	SecondOrderIntermodularDegreeSTRIDE_sidechain	NodeEdgeBetweennessWALKTRAP	NodeEdgeBetweennessWALKTRAP_sidechain	IntermodularDegreeWALKTRAP	IntermodularDegreeWALKTRAP_sidechain	SecondOrderIntermodularDegreeWALKTRAP	SecondOrderIntermodularDegreeWALKTRAP_sidechain
CYS229A	6	4	16	9	2428	953.033025659939	6	4	17	8	1381	1	4	2	7	3
TRP146A	7	3	20	3	719	254.966974340061	5	3	15	3	708	1	3	1	5	0
ARG273A	7	3	26	8	294	179.765697005391	5	3	14	6	702	179.765697005391	6	3	17	3
ASP281A	5	4	19	7	200	52.3734752725773	3	3	9	6	136	24.7927555007355	2	2	5	2
ARG196A	8	6	27	13	1912	1127.78858066615	7	6	26	15	1144	409.58065092184	4	3	11	4
ASP184A	6	6	15	10	334	48.5397049585037	4	4	18	14	476	86.1544021432569	5	5	13	8
ARG202A	3	3	4	2	898	431.502277656627	3	3	3	2	898	431.502277656627	3	3	5	3
GLU221A	4	2	9	2	425	148.517140715504	3	2	6	2	762	148.517140715504	4	2	8	2
CYS242A	6	5	19	11	119	59.8488497368701	5	4	24	13	197	159.426304249375	4	4	17	12
HIS179A	8	6	19	10	2294	280.798512295169	7	5	30	16	2048	280.798512295169	6	5	21	16
ARG213A	11	9	24	17	2124	687.277949563696	11	9	34	16	1175	408.5	5	4	14	4
SER94A	6	5	15	13	345	56.2220504363043	4	3	16	10	1	1	1	1	1	1
ARG175A	7	6	21	15	3158	2541.25850811882	7	6	30	16	1560	985.879644119657	4	3	16	8
GLY279A	9	9	28	25	757	697.606829305187	4	4	12	8	463	463	2	2	3	2
THR118A	6	4	16	8	1479	641.657880441299	5	3	14	8	1411	641.657880441299	4	3	4	3
PRO128A	5	5	13	9	881	881	4	4	15	9	1	1	1	1	1	1
TYR126A	6	2	20	3	2852	1001	5	2	16	2	399	1	2	1	1	0
ASP148A	4	3	12	8	196	44.9638381952921	4	3	17	9	1	1	1	1	1	1
VAL147A	8	6	22	8	411	411	7	5	27	4	609	609	4	4	9	3
CYS176A	7	6	18	10	2972	1147.44767600795	7	6	25	13	2085	1125.87022149545	5	5	15	11
ARG249A	7	6	20	11	3726	2267.25578296876	7	6	24	12	2804	1806.25578296876	6	5	9	4
GLU171A	4	2	10	5	644	120.751301589599	4	2	11	5	644	120.751301589599	4	2	8	4
TYR205A	8	4	28	17	4288	86.1937470458133	8	4	33	15	2204	1	4	2	13	5
VAL203A	7	7	20	14	1146	750.050412996061	6	6	26	16	1059	663.050412996061	4	4	12	8
TYR163A	4	3	17	9	2756	121.274055041662	4	3	20	9	1321	104.274055041662	2	2	5	4
THR211A	7	6	16	11	690	653	4	3	15	9	1	1	1	1	1	1
GLN165A	4	3	7	4	196	70.286592134033	4	3	7	4	1	1	1	1	1	1
GLN167A	4	2	5	3	3	3	2	2	3	2	1	1	1	1	1	1
THR230A	6	6	15	12	191	157.513745944744	5	5	12	7	61	61	4	4	7	2
ARG156A	7	4	23	9	622	193.407764508789	5	3	16	4	510	193.407764508789	3	3	5	5
VAL217A	6	6	23	19	2321	1989.70471957735	4	4	15	11	2618	2042.5013237039	5	5	14	13
ILE162A	7	3	26	6	3322	352.502893711974	6	3	28	7	1237	1	4	1	10	0
VAL173A	9	9	25	21	4594	4125.86891201991	7	7	30	21	1825	1478.92090125299	4	4	6	2
THR253A	7	7	30	18	2945	1433.90170865826	5	5	23	12	3378	1661.40170865826	6	6	12	7
TYR236A	8	4	32	12	3872	592.888570064583	8	4	39	9	1669	500.116839665366	3	2	8	5
GLU271A	6	4	18	5	2878	746.668171172721	5	4	13	6	2874	488.796312234297	3	2	6	2
PRO250A	5	4	12	7	916	622.713407865967	5	4	15	8	499	499	2	2	5	4
LEU137A	7	6	25	14	1478	981.586007773214	6	5	32	15	1226	981.586007773214	5	5	22	14
MET237A	8	5	23	11	2218	408.293809487745	7	5	27	15	623	29.1076741286985	6	3	17	5
THR125A	9	9	30	25	619	310.897462066655	7	7	29	22	239	137.912291086608	3	3	5	3
CYS124A	9	6	28	21	1571	657.955778452737	8	5	31	16	893	74.026706786827	4	2	8	2
CYS141A	8	7	26	16	509	179.187346141982	5	5	26	17	1	1	1	1	1	1
HIS233A	5	3	18	6	163	1	3	1	12	0	1	1	2	1	6	0
THR140A	6	4	17	9	552	373.026714193269	4	3	8	2	390	211.026714193268	3	2	5	2
CYS182A	4	4	10	10	247	247	2	2	6	4	338	217.173273689391	3	3	5	5
ALA161A	7	7	24	18	1434	630.011874881543	5	5	20	17	810	451.880786901453	4	4	10	3
LEU252A	6	5	17	11	1445	1191.41988347415	5	4	15	7	633	379.419883474152	2	2	2	2
CYS238A	10	6	30	14	2906	1095.61397521425	9	5	48	17	2529	1095.61397521425	8	6	29	15
MET246A	10	5	29	13	755	538.194318372579	9	5	40	14	294	89	4	2	8	1
LEU257A	7	6	27	17	836	242.075431581851	7	6	35	20	1	1	1	1	1	1
LEU265A	8	5	25	16	1583	1538	6	4	25	10	609	609	3	2	4	1
PRO142A	7	5	21	12	319	57	4	3	10	6	1	1	1	1	1	1
ASP208A	5	4	9	6	1	1	2	1	2	0	1	1	1	1	1	1
GLY187A	3	3	5	4	1	1	2	2	3	1	1	1	2	2	3	1
LEU188A	5	2	11	6	196	9.5	4	2	8	5	196	9.5	4	2	6	3
ARG267A	6	4	14	6	967	405.420479273219	4	3	7	1	1	1	1	1	1	1
LYS101A	3	1	8	1	196	1	2	1	3	0	1	1	1	1	1	1
ARG110A	7	5	21	12	935	508.990400591183	6	5	21	13	606	373	3	2	6	0
GLY108A	8	7	20	11	639	540.045761213525	7	6	27	12	344	344	2	2	4	1
ARG158A	9	6	25	10	3267	1682.59419268447	6	5	17	8	1924	587.440442215258	4	4	9	8
ILE254A	8	5	29	10	1007	689.497106288026	5	5	15	9	23	1	2	1	5	0
THR256A	7	6	25	19	906	494	5	4	14	8	1	1	1	1	1	1
ASN235A	5	5	12	7	356	292.717023476933	4	4	8	4	356	292.717023476933	4	4	5	3
LYS139A	4	1	11	1	222	1	3	1	5	0	166	1	2	1	3	0
ARG282A	10	8	25	14	2828	1374.62032150287	8	7	29	15	1023	429.213600479162	3	3	6	4
PHE134A	6	5	22	13	672	671	5	4	22	13	1	1	2	2	4	2
GLU258A	5	3	21	8	2568	293.941246584632	5	3	20	6	348	53.0949970538443	2	2	2	2
PRO152A	5	4	13	9	642	493.462452140214	4	4	16	12	141	96.3187794192741	2	2	1	1
PRO153A	3	2	5	4	1	1	1	1	1	1	1	1	1	1	1	1
LEU194A	6	6	26	20	598	455.805681627421	6	6	33	22	1	1	2	2	5	2
ALA189A	6	6	16	12	1776	1095.40970308041	4	4	15	10	563	52.3763792287332	2	2	2	2
ASP186A	4	4	8	6	741	689.623620771267	3	3	6	4	741	689.623620771267	3	3	4	2
ILE255A	9	5	37	15	2098	927.073103497868	6	3	24	5	1741	1103.78708570572	4	3	13	7
TYR234A	6	3	26	8	3006	171.42125900424	5	3	21	5	3006	171.42125900424	5	3	13	5
LEU111A	10	8	31	20	1749	1606.5	6	6	23	14	1021	889.5	5	5	10	4
VAL143A	7	7	25	16	1336	1075	5	5	21	14	814	814	2	2	4	2
GLY262A	5	5	8	6	507	454.905002946156	3	3	7	4	507	454.905002946156	3	3	4	3
ASN239A	7	4	25	17	1904	1117.60960015495	5	4	26	15	1844	1117.60960015495	6	4	16	10
VAL274A	11	10	33	25	4023	3635.03476451296	9	8	44	25	1630	1301.30439207183	6	5	22	12
PRO98A	6	5	22	12	1908	1500.5	5	4	23	12	1418	797.698734120052	4	4	10	6
VAL97A	6	5	15	9	566	486	4	3	17	4	1008	618.801265879948	3	3	7	4
SER185A	3	1	9	1	196	1	2	1	6	0	196	1	2	1	3	0
PRO219A	3	3	7	7	519	319.980581627868	2	2	2	2	1196	815.648391178318	3	3	8	8
VAL218A	7	7	20	17	1546	957.712601892796	5	5	21	16	2520	1383.2481882158	7	7	19	17
GLN100A	6	4	18	5	1134	464.580116525848	5	4	17	7	985	430.580116525848	3	3	5	2
LEU264A	6	5	18	12	9	9	3	3	7	3	1	1	1	1	1	1
ARG174A	4	3	12	3	516	198.274539699312	3	3	6	4	413	114.774539699312	3	2	5	2
ASN200A	5	2	15	6	508	172.843982425551	4	2	14	4	334	172.843982425551	2	2	6	6
VAL197A	11	9	31	23	3494	2525.27598407249	10	8	37	17	2987	2588.89300268559	7	6	20	12
LYS164A	4	2	12	3	196	123.128141061576	4	2	12	3	1	1	1	1	1	1
LEU130A	7	6	11	7	614	393.446878649862	6	6	15	9	403	305.5	4	4	8	5
SER127A	5	3	14	6	604	124.810154980169	5	3	17	6	4	2.7570336300317	2	2	3	2
LEU114A	3	3	10	6	292	146.5	3	3	6	4	1	1	1	1	1	1
ALA159A	6	6	23	15	487	271.505637497892	4	4	14	9	225	178.291655290043	4	4	12	7
ALA276A	5	3	15	7	107	1	3	1	12	0	75	1	2	1	2	0
GLN136A	6	3	19	5	1050	140.638682761061	6	3	26	2	394	75	3	2	3	0
VAL216A	8	8	22	18	3984	3556.6170186131	6	6	27	18	3008	2986	5	5	11	7
ILE232A	7	4	27	16	1037	292.06483834553	5	4	24	14	819	215.237289384967	4	3	15	8
THR231A	5	4	16	9	207	207	2	2	3	2	16	1	2	1	3	0
CYS275A	8	7	23	15	1419	533.860827722032	6	5	25	16	949	91.4415474938736	4	3	15	6
PRO151A	7	5	17	7	1482	982.592541947509	7	5	26	8	297	232.592541947509	3	3	3	2
TYR220A	7	3	27	6	1995	1	6	2	31	4	320	104.710734083157	4	3	9	5
CYS277A	5	3	14	3	198	38.2380594278596	3	2	8	1	1	1	1	1	1	1
PRO278A	9	7	29	22	1312	701.888509550391	8	6	33	14	357	357	3	3	3	1
VAL122A	9	8	24	22	1422	1071.17120772727	7	7	29	20	913	661.646730624873	5	4	7	3
GLN104A	4	2	13	5	368	328	3	2	11	4	1	1	1	1	1	1
ASP207A	4	3	8	6	233	30.137695071671	3	3	5	3	296	30.137695071671	3	2	5	2
LEU206A	5	4	12	7	559	130.5	4	3	10	5	323	193.5	4	4	6	5
ASN131A	4	3	11	3	2456	1456	4	3	12	2	1456	1456	3	3	3	1
PHE270A	9	3	28	11	4872	836.94813560146	8	3	31	8	2646	745.94813560146	3	2	7	5
GLY244A	4	4	7	7	387	149.385797664456	3	3	6	6	275	101.580119489654	2	2	2	2
GLY245A	7	7	20	16	1887	1378.1943218252	5	5	18	15	206	206	2	2	3	1
VAL272A	9	8	34	21	1487	762.2615856757	5	4	23	12	2301	1669.03331607492	5	4	13	8
PRO223A	5	5	11	9	794	682.486254055256	4	4	12	7	649	649	3	3	5	1
LYS132A	4	3	12	4	2772	1967.36038286656	3	3	8	5	2772	1967.36038286656	3	3	6	3
ALA138A	4	4	13	8	126	97.8923258713015	3	3	8	4	70	41.8923258713015	2	2	5	2
GLU198A	5	3	15	6	823	243.256262329798	4	3	15	5	580	243.256262329798	3	3	5	4
GLY154A	4	4	13	11	201	201	3	3	12	9	1	1	1	1	1	1
VAL157A	9	8	31	24	2998	1806.76271061503	7	6	28	16	1443	301.262710615033	4	3	10	5
GLY266A	8	8	24	18	1331	1331	5	5	19	9	1	1	1	1	1	1
GLY112A	5	5	18	14	1661	1334.9969482687	3	3	7	4	1	1	1	1	1	1
PHE113A	6	4	22	10	1754	1371	4	3	16	3	399	399	2	2	1	0
ILE251A	7	5	27	19	1423	628	6	5	27	16	587	587	2	2	4	3
VAL172A	5	4	18	12	358	358	4	3	14	2	525	347.079098747007	2	2	3	3
SER261A	5	1	7	1	1	1	2	1	3	0	1	1	2	1	3	0
GLU204A	4	2	14	3	196	36.6284892218751	4	2	14	2	109	36.6284892218751	2	2	2	2
ILE195A	6	5	24	14	2816	1139.11921309855	6	5	24	13	2458	921.119213098547	4	3	9	4
PHE109A	8	3	35	11	1351	470	7	2	32	2	903	132.5	5	2	11	4
ASP259A	6	5	11	4	649	28.1578999634286	3	2	8	2	649	28.1578999634286	3	2	5	2
LEU145A	7	7	30	20	892	490.172451039437	6	6	26	15	409	216.5	4	4	10	5
SER183A	2	2	3	3	1	1	1	1	1	1	196	84.2120291258555	2	2	2	2
HIS193A	6	6	15	10	2174	2174	5	5	17	9	1	1	1	1	1	1
HIS214A	5	4	10	3	1934	826.087765229017	5	4	10	4	581	438.087765229017	3	3	4	2
ASN263A	4	3	7	4	200	13.8421000365714	4	3	5	1	200	13.8421000365714	4	3	5	1
THR123A	4	4	15	12	133	67.361317238939	3	3	12	6	64	57.353269375127	2	2	4	3
TYR107A	4	2	14	3	141	45.6812205807259	3	2	8	3	141	45.6812205807259	2	2	1	1
ASP228A	4	1	9	1	196	1	4	1	10	0	37	1	3	1	4	0
ARG248A	3	2	6	2	196	98.5	3	2	6	2	196	98.5	2	2	1	1
ASN247A	4	3	7	1	198	100.5	3	3	3	1	196	98.5	2	2	1	1
TYR103A	5	1	13	1	768	1	4	1	11	0	344	1	2	1	2	0
GLY105A	7	7	16	12	552	552	6	6	17	9	344	344	3	3	3	1
ARG209A	3	3	6	5	233	117	2	2	3	2	233	117	2	2	3	3
LYS120A	4	1	9	1	196	1	3	1	5	0	1	1	2	1	2	0
GLU285A	6	3	18	4	1264	317.843304899142	5	3	15	4	1264	317.843304899142	5	3	11	4
THR284A	4	3	10	5	1	1	1	1	1	1	53	53	2	2	1	0
ALA129A	3	3	8	8	1	1	1	1	1	1	1	1	1	1	1	1
CYS135A	8	6	30	19	308	98.699323467323	8	6	42	19	38	1	2	1	2	0
GLN144A	7	4	20	7	2700	416.503051731298	4	3	9	4	1	1	1	1	1	1
MET169A	6	3	16	4	770	189	5	3	20	4	790	177	5	2	10	2
PRO190A	5	4	15	10	600	600	2	2	7	3	1	1	1	1	1	1
SER116A	6	2	21	6	179	179	5	2	26	4	266	179	3	2	5	1
GLU286A	4	3	14	8	6	2.2429663699683	3	2	9	2	196	46.2746981697424	4	3	6	3
SER240A	4	3	19	11	298	210	4	3	20	9	298	210	3	2	8	4
ASN210A	3	1	9	1	1	1	1	1	1	1	1	1	1	1	1	1
ALA119A	4	3	11	4	196	69	3	2	10	2	128	1	3	2	5	0
HIS178A	4	1	11	1	196	1	2	1	6	0	196	1	2	1	4	0
GLU224A	2	1	2	1	1	1	1	1	1	1	1	1	1	1	1	1
VAL225A	3	3	2	2	1	1	1	1	1	1	1	1	1	1	1	1
HIS168A	4	3	9	6	578	277.718860399977	3	2	9	5	577	277.718860399977	2	2	5	4
SER99A	5	4	14	6	286	76.579520726781	3	2	7	2	1	1	1	1	1	1
ARG280A	5	3	14	4	144	106.76194057214	2	2	2	1	53	1	2	1	1	0
PHE212A	3	1	7	1	191	1	2	1	3	0	1	1	1	1	1	1
THR155A	9	8	26	19	738	495.280895697209	9	8	35	20	1	1	1	1	1	1
THR150A	3	3	9	5	196	76.4074580524913	3	3	8	4	196	76.4074580524913	3	3	5	4
ASN268A	3	2	10	2	564	93.5	3	2	6	1	379	1	2	1	4	0
PRO177A	4	4	8	7	740	526.210867256107	3	3	8	7	740	526.210867256107	3	3	5	5
SER149A	3	1	11	1	250	1	3	1	12	0	113	1	2	1	2	0
SER95A	2	1	5	1	1	1	1	1	1	1	1	1	1	1	1	1
PRO222A	6	3	13	3	12	1	3	1	6	0	668	553.289265916843	4	3	8	3
GLY117A	4	4	12	9	52	29.0610021265653	2	2	6	6	139	116.061002126565	3	3	4	3
SER215A	5	2	17	5	1380	361.318584476723	4	2	13	4	723	361.318584476723	3	2	7	3
SER227A	4	3	6	4	1348	769	4	3	9	3	769	769	3	3	5	1
SER269A	2	1	3	1	196	1	2	1	3	0	196	1	2	1	2	0
PRO191A	4	3	11	4	974	1	2	1	6	0	1	1	1	1	1	1
ARG283A	4	3	11	3	117	26.096787279765	3	3	6	2	117	26.096787279765	2	2	3	2
GLN192A	4	1	6	1	584	1	3	1	5	0	196	1	2	1	1	0
SER166A	2	2	3	2	1	1	1	1	1	1	1	1	1	1	1	1
MET160A	7	3	24	10	968	890	5	3	22	9	562	360	5	2	13	3
GLY226A	3	3	4	4	580	580	2	2	3	2	1	1	1	1	1	1
THR102A	3	3	5	1	186	93.5	2	2	2	1	1	1	1	1	1	1
GLY199A	3	3	6	4	175	175	2	2	3	1	1	1	1	1	1	1
MET133A	6	6	23	16	1508	876.427179496829	6	6	25	16	1	1	1	1	1	1
SER106A	2	1	6	1	196	1	2	1	5	0	1	1	1	1	1	1
LEU93A	3	3	4	3	306	306	3	3	5	2	232	232	2	2	3	1
SER96A	5	2	15	5	158	1	3	2	13	2	1	1	1	1	1	1
MET243A	3	1	4	1	3	1	2	1	2	0	1	1	1	1	1	1
ASN288A	4	4	3	3	196	163.832668437934	2	2	1	1	1	1	1	1	1	1
GLU287A	2	1	3	1	1	1	1	1	1	1	1	1	1	1	1	1
PRO92A	3	2	4	2	242	84.5	3	2	4	2	1	1	1	1	1	1
SER260A	3	2	6	1	1	1	1	1	1	1	1	1	1	1	1	1
THR170A	5	4	15	7	164	84	4	3	16	3	36	36	3	3	7	2
LYS291A	2	2	3	3	196	33.1673315620657	2	2	1	1	1	1	1	1	1	1
GLU180A	2	2	3	1	196	196	2	2	2	0	196	196	2	2	1	0
SER241A	2	2	6	4	1	1	1	1	1	1	196	196	2	2	5	3
SER121A	2	2	8	8	1	1	1	1	1	1	196	196	2	2	4	3
LEU289A	2	2	6	5	196	98.5	2	2	5	5	196	98.5	2	2	3	3
HIS115A	1	1	1	1	1	1	1	1	1	1	1	1	1	1	1	1
ARG181A	1	1	1	1	1	1	1	1	1	1	1	1	1	1	1	1
LEU201A	1	1	1	1	1	1	1	1	1	1	1	1	1	1	1	1
ARG290A	1	1	1	1	1	1	1	1	1	1	1	1	1	1	1	1
