Degree	Degree_sidechain	SecondOrderDegree	SecondOrderDegree_sidechain	NodeEdgeBetweennessSTRIDE	NodeEdgeBetweennessSTRIDE_sidechain	IntermodularDegreeSTRIDE	IntermodularDegreeSTRIDE_sidechain	SecondOrderIntermodularDegreeSTRIDE	SecondOrderIntermodularDegreeSTRIDE_sidechain	NodeEdgeBetweennessWALKTRAP	NodeEdgeBetweennessWALKTRAP_sidechain	IntermodularDegreeWALKTRAP	IntermodularDegreeWALKTRAP_sidechain	SecondOrderIntermodularDegreeWALKTRAP	SecondOrderIntermodularDegreeWALKTRAP_sidechain
CYS229A	6	5	17	9	2458	1060.06041914677	6	5	19	10	1159	72.2095804673863	3	2	6	2
TRP146A	7	3	20	4	1260	278.820930542953	6	3	22	5	879	1	3	1	2	0
ARG168A	6	6	18	10	3072	1862.95535651765	6	6	23	14	1	1	1	1	1	1
TYR163A	4	3	15	9	1374	85.9457564878614	4	3	20	9	1	1	1	1	1	1
ALA203A	5	5	15	10	180	98.9984138992052	5	5	18	9	119	37.9984138992052	2	2	6	6
TYR205A	9	3	29	10	3363	796	8	3	37	7	1	1	1	1	1	1
CYS242A	7	5	15	9	538	275.003741539423	7	5	33	16	359	275.003741539423	5	5	14	8
HIS179A	7	6	20	12	3158	336.770797564996	7	6	40	21	3158	336.770797564996	4	3	11	7
PRO128A	5	5	13	8	994	944.526672008931	4	4	16	9	668	668	3	3	6	4
TYR126A	7	2	19	3	3474	600.944806526697	6	2	21	3	2362	600.944806526697	4	2	7	3
CYS176A	7	6	18	9	4982	2141.9847023519	7	6	29	16	4184	1561.42069210516	5	4	13	9
CYS135A	7	6	29	19	2108	547.717591076726	7	6	39	21	379	147.992326700182	2	2	4	4
VAL274A	11	10	31	26	4251	3669.93537180737	9	8	51	27	148	1	2	1	2	0
THR125A	8	7	26	21	2274	1682.08794424271	6	5	28	18	1	1	1	1	1	1
VAL122A	6	6	17	15	726	439.682966544624	6	6	22	17	1	1	1	1	1	1
ARG213A	10	7	21	9	2498	1116.78322674345	10	7	37	11	1607	225.783226743454	5	2	11	3
THR211A	6	5	15	9	1236	1008.60792782348	6	5	21	9	705	705	2	2	4	1
GLY154A	5	5	14	11	190	190	4	4	9	4	1	1	1	1	1	1
PRO153A	3	2	6	4	180	174	3	2	7	3	1	1	1	1	1	1
ILE162A	6	2	23	3	3820	468.168114844249	5	2	24	3	2874	468.168114844249	3	2	4	1
VAL173A	8	8	21	18	2900	2327.79692335079	8	8	28	21	467	175.720428315008	3	3	5	4
THR253A	7	7	28	16	2994	1405.714031696	5	5	24	13	1728	790.71044936498	4	4	12	9
TYR236A	10	4	36	12	2440	502.709026593156	10	4	52	10	1314	473.771983334239	6	3	20	4
ALA138A	4	4	14	7	180	107.926783863657	3	3	12	8	1	1	1	1	1	1
LEU137A	8	7	25	14	860	568.00605112791	8	7	45	18	1	1	1	1	1	1
GLU271A	6	4	17	5	1191	347.357708602764	5	4	12	6	1144	171.907117844192	3	2	5	2
PRO250A	5	4	9	5	534	516.744862846786	5	4	12	5	1	1	1	1	1	1
GLU204A	4	2	12	2	180	54.4269463742315	4	2	13	2	180	54.4269463742315	2	2	3	2
CYS124A	6	4	18	12	410	255.174126299286	5	3	19	9	339	255.174126299286	2	2	4	4
CYS141A	7	6	25	11	1128	574.401217038829	6	6	27	13	821	419.833547000532	5	5	8	4
HIS233A	5	3	17	5	263	69.6536945051213	4	2	15	3	1	1	2	1	2	0
THR140A	6	4	17	7	1294	625.228317758155	6	4	19	8	613	279.449682301573	3	2	6	2
CYS238A	10	6	31	12	3620	1117.80476879043	10	6	60	20	1947	1117.80476879043	6	4	16	9
MET246A	9	5	23	15	310	197.233704940816	9	5	41	15	158	158	3	3	7	3
ASP208A	4	4	6	4	890	586.392072176516	4	4	8	4	1	1	1	1	1	1
LEU264A	6	6	18	15	95	95	3	3	8	3	86	31.2946305238418	2	2	3	1
LEU265A	7	5	24	16	1371	1339.5	5	4	20	12	186	55.7053694761582	4	2	3	1
VAL197A	9	8	27	17	2325	1040.42581149616	7	6	25	13	793	397	3	3	7	6
VAL216A	8	8	22	17	1486	1396.07418850384	6	6	24	15	36	18.5	2	2	3	3
GLY187A	4	3	7	5	536	240.548588521223	3	2	7	4	357	240.548588521223	3	3	3	1
LEU188A	5	2	12	4	180	65.5635736561357	4	2	16	4	1	1	2	1	2	0
ARG110A	6	5	16	12	1130	861.85793417644	6	5	24	15	571	571	2	2	2	0
GLY108A	8	7	21	11	1196	781.856443535714	8	7	33	14	1	1	1	1	1	1
PRO142A	7	4	18	10	546	113	5	3	12	4	1	1	1	1	1	1
THR231A	5	4	15	7	287	287	2	2	4	2	1	1	1	1	1	1
GLN192A	6	3	13	6	360	92.1439804899342	6	3	18	6	11	1	3	1	4	0
PRO190A	8	5	23	10	2670	2138.03037522977	8	5	35	12	1	1	1	1	1	1
ASN235A	6	5	15	6	1410	506.696735625962	5	4	15	5	1555	651.696735625962	5	4	9	4
LYS139A	5	1	13	1	374	1	4	1	13	0	97	1	2	1	4	0
ARG282A	8	6	20	12	2614	1756.21979868328	8	6	28	13	341	285.913068653889	4	4	4	3
PHE134A	6	4	20	10	313	124	4	3	16	8	1	1	2	2	3	3
ARG158A	8	5	25	9	2505	1201.54135335757	6	5	17	8	1103	761.949428098295	5	2	12	2
GLU258A	5	3	23	9	1703	315.050571901705	4	2	16	4	2107	830.550571901705	3	3	6	3
LYS164A	4	2	10	3	1210	433.549409241428	4	2	11	3	1	1	1	1	1	1
GLU171A	5	2	17	5	1378	178.320976554128	5	2	23	5	1	1	2	1	3	0
VAL172A	6	6	19	17	732	593.279571684991	6	6	27	18	553	414.279571684991	4	4	7	3
GLY245A	6	6	17	14	2512	2200.26502414764	6	6	26	18	1195	1195	2	2	4	3
PRO152A	5	4	13	10	882	597.236884171164	5	4	18	12	642	585.250446377975	3	3	3	2
LEU194A	8	8	30	23	950	726.766295059184	8	8	44	26	502	502	4	4	13	6
LEU111A	10	8	30	17	3877	3608.61515975814	8	8	29	16	3652	3496.11515975814	5	5	10	3
VAL143A	5	5	20	15	202	137	3	3	10	8	72	72	2	2	3	1
THR256A	8	7	24	18	1321	562	5	4	14	8	1032	516.5	3	3	6	3
PRO98A	6	5	20	9	2530	2022.96003665579	6	5	24	13	2530	2022.96003665579	4	4	7	3
VAL97A	5	5	9	7	1370	849.668397743166	5	5	15	9	767	283.25673660076	2	2	3	3
ASP207A	4	4	12	11	180	22.9042320840299	3	3	11	10	176	22.290155734002	3	3	3	2
LEU206A	6	4	21	11	119	38	4	3	16	8	1	1	2	1	2	0
GLN144A	8	5	22	9	3232	734.735709340383	5	4	17	9	1	1	1	1	1	1
GLN100A	3	2	7	4	490	93.2278511092039	3	2	7	3	283	93.2278511092039	2	2	1	1
LEU252A	5	5	10	7	628	535.772148890796	4	4	9	5	283	190.772148890796	2	2	1	1
PRO219A	3	3	8	8	355	355	2	2	3	1	884	740.932584139786	3	3	7	6
VAL218A	8	8	23	19	1464	892.73499135233	6	6	22	18	2262	1120.39747208285	7	7	11	11
ARG174A	4	2	14	3	180	1	4	2	16	2	37	1	3	2	4	0
ARG156A	6	3	21	6	720	368.247242139406	5	3	17	5	1200	368.247242139406	4	3	9	4
VAL217A	7	7	26	20	1687	1147.37591507487	5	5	19	13	1040	483.730746616058	4	4	14	12
ASN200A	4	2	14	7	250	102.266594748465	3	2	11	5	250	102.266594748465	2	2	6	6
VAL272A	9	9	33	24	782	603.580524041864	5	5	24	16	1094	944.517567300781	4	4	11	5
LEU130A	6	5	11	9	560	221.400312161533	5	5	13	10	1	1	1	1	1	1
SER127A	5	4	12	7	836	302.233060024177	5	4	17	9	166	1	2	1	3	0
LEU114A	4	4	13	10	390	226.817112338958	4	4	11	7	1	1	1	1	1	1
GLY226A	3	3	3	3	180	124.564292308505	2	2	1	1	1	1	1	1	1	1
VAL225A	2	2	2	2	180	56.435707691495	2	2	1	1	1	1	1	1	1	1
ALA276A	5	3	14	7	192	12.0005564239128	5	3	23	7	1	1	1	1	1	1
GLN136A	6	3	20	6	400	102	6	3	30	6	1	1	1	1	1	1
GLN165A	3	3	6	4	180	90.9913399880023	3	3	7	5	1	1	1	1	1	1
SER249A	4	3	9	6	740	173.776683457933	4	3	11	7	1	1	1	1	1	1
ARG175A	7	6	23	18	3392	3392	7	6	37	19	2000	2000	4	3	11	3
MET237A	6	3	20	4	1650	313.659914751714	6	3	26	4	1085	241.586698615371	4	2	8	2
ILE232A	5	4	20	16	432	263.004861357532	4	4	16	14	409	251.504861357532	3	3	11	10
GLY266A	8	8	24	18	1829	1829	5	5	20	9	101	101	2	2	3	1
TYR103A	5	1	12	1	1174	1	5	1	12	0	1	1	1	1	1	1
ALA159A	6	6	20	12	1968	1129.11133377824	4	4	12	7	990	836.433719570891	4	4	8	3
TYR234A	5	2	16	5	1570	137.066280429109	4	2	11	3	1357	137.066280429109	4	2	8	3
CYS275A	7	6	20	15	248	152.238899290597	7	6	32	20	1	1	1	1	1	1
PRO278A	9	7	23	17	2890	1808.6779929416	9	7	40	21	1	1	1	1	1	1
PRO151A	6	5	13	9	2024	1248.90510985403	6	5	20	10	811	103.55436741855	3	2	5	3
TYR220A	6	2	24	5	2184	1	6	2	31	5	1	1	2	1	3	0
CYS277A	5	3	14	3	824	95.1882081360321	5	3	23	4	1	1	1	1	1	1
ALA161A	6	6	21	17	708	306.823175156822	4	4	19	18	381	204.899670192602	3	3	8	6
LEU133A	7	6	24	14	236	161	6	5	24	9	98	98	2	2	6	1
ASN131A	4	4	10	3	3772	3172.0551934733	4	4	12	3	3772	3172.0551934733	4	4	10	2
PHE270A	8	3	29	7	6152	651.996417668977	7	3	31	7	4886	1	7	2	18	2
ARG196A	6	3	23	6	1336	1088.41330138463	5	3	21	5	1329	1088.41330138463	3	3	7	4
ARG267A	6	4	15	7	1079	438.658769285067	4	3	10	3	1	1	1	1	1	1
LYS132A	4	3	13	5	809	567.228727884208	3	3	8	6	809	567.228727884208	3	3	5	4
ALA189A	5	4	16	7	1580	685.188673031316	5	4	22	7	1	1	1	1	1	1
GLU198A	5	3	13	6	1241	562.853582072466	4	3	10	6	1134	562.853582072466	3	3	6	4
SER260A	4	2	9	1	196	1	4	2	12	0	1	1	1	1	1	1
GLY112A	5	5	17	14	1900	1534.77540909832	3	3	9	5	1	1	1	1	1	1
PHE113A	6	4	20	11	1489	1489	4	3	14	3	1489	1489	3	3	9	2
ARG290A	2	2	1	1	2	2	2	2	1	0	1	1	1	1	1	1
GLU287A	2	1	1	1	2	1	2	1	1	0	1	1	1	1	1	1
GLY262A	4	4	6	5	180	180	4	4	12	6	1	1	1	1	1	1
SER261A	5	1	7	1	180	1	5	1	14	0	1	1	1	1	1	1
ILE195A	6	5	24	13	1050	462.100329807398	6	5	25	12	668	462.100329807398	5	5	14	9
LEU257A	6	5	25	13	1182	431.011017421883	6	5	30	15	272	90.0110174218827	2	2	3	3
PHE109A	8	3	33	10	1250	380.5	8	3	38	8	95	34.5	3	2	6	4
ASP259A	6	5	11	3	1238	432.097530841121	6	5	17	6	1	1	1	1	1	1
LEU145A	6	6	25	19	414	221	5	5	24	17	296	162	3	3	7	5
SER96A	3	2	9	4	180	2.08833885759373	3	2	13	4	1	1	1	1	1	1
TYR239A	7	2	24	6	588	15.9939488720903	7	2	44	6	238	1	3	1	6	0
ASP148A	4	3	12	8	180	44.2856222878461	4	3	19	10	1	1	1	1	1	1
HIS193A	8	7	22	13	2816	718.291685637592	8	7	32	15	490	445.51073389868	3	3	4	4
HIS214A	5	5	13	9	472	180.58503401729	5	5	17	11	325	34.1991103673181	3	3	4	2
ILE254A	7	4	26	8	1741	1273.83188515575	4	4	13	8	1741	1273.83188515575	2	2	2	1
ASP186A	6	5	10	6	1240	935.887837822642	6	5	15	7	357	117.451411478777	3	2	3	2
ASN263A	4	3	6	4	534	114.902469158879	4	3	12	4	1	1	1	1	1	1
ASP228A	4	2	9	2	180	2.40156329437132	4	2	11	2	8	2.40156329437132	3	2	6	2
TYR107A	5	2	14	3	398	57.7495536220253	5	2	19	3	222	57.7495536220253	2	2	2	2
THR123A	5	5	13	8	208	148.052196324981	5	5	17	9	1	1	1	1	1	1
GLY105A	7	7	16	12	619	619	6	6	21	10	1	1	2	2	3	1
VAL157A	10	8	31	18	2790	2171.49513864247	8	6	30	13	1083	735.495138642468	6	5	14	7
GLU285A	6	4	17	6	268	71.8641542716003	5	4	13	6	227	71.8641542716003	4	4	5	3
THR284A	3	3	9	6	176	176	2	2	5	2	176	176	2	2	2	0
ALA129A	4	4	8	8	2	1.5	2	2	2	2	1	1	1	1	1	1
GLU180A	3	3	7	5	90	90	2	2	5	2	1	1	1	1	1	1
PRO177A	4	3	9	6	268	218.435989753259	2	2	6	5	1	1	1	1	1	1
PRO223A	5	4	9	6	1102	985	5	4	15	6	1102	985	5	4	6	2
THR230A	6	5	12	8	124	124	5	4	14	4	118	118	2	2	4	3
SER185A	3	3	6	6	180	180	3	3	7	5	1	1	2	2	2	1
SER215A	5	2	18	4	592	179.357971152216	4	2	16	4	235	1	2	1	4	0
VAL147A	8	6	22	8	754	742	8	6	35	8	309	309	2	2	2	0
MET169A	5	2	12	2	888	357	5	2	18	0	1	1	1	1	1	1
GLU286A	4	3	12	6	180	57.9268871514711	4	3	15	8	176	56.0869313461111	2	2	3	3
SER269A	2	1	3	1	180	1	2	1	3	0	180	1	2	1	3	0
SER149A	4	2	11	2	186	37	4	2	16	1	1	1	1	1	1	1
GLN104A	3	1	11	1	180	1	3	1	12	0	1	1	1	1	1	1
ILE255A	8	4	35	13	4081	686.322385792651	5	2	24	3	2004	1	2	1	4	0
PRO191A	4	3	14	6	692	358.856019510066	4	3	18	6	1	1	1	1	1	1
SER121A	2	2	5	5	180	58.6949250488976	2	2	5	5	1	1	1	1	1	1
ARG280A	6	3	10	4	512	236.811235440055	6	3	16	5	179	1	3	1	3	0
PHE212A	3	1	8	1	180	1	3	1	10	0	1	1	1	1	1	1
ARG273A	7	3	26	7	252	170.28216520603	5	3	17	8	5	1	3	1	5	0
ASP281A	5	4	15	6	188	40.8182993194637	5	4	20	9	1	1	1	1	1	1
LYS101A	3	1	8	1	180	1	3	1	7	0	1	1	1	1	1	1
THR155A	9	8	25	16	804	568.948177366378	8	8	30	18	662	470.434615159567	4	4	4	2
THR150A	2	2	5	4	180	68.6492575645167	2	2	5	4	1	1	1	1	1	1
SER166A	3	2	4	1	357	1	2	1	4	0	1	1	1	1	1	1
ILE251A	5	3	19	10	328	74	4	3	22	11	1	1	1	1	1	1
ASP268A	3	3	13	11	180	123.384840241857	3	3	12	11	180	123.384840241857	2	2	4	4
SER99A	5	4	11	4	570	299.341230714933	5	4	10	3	1	1	1	1	1	1
PRO222A	4	2	7	1	524	174	4	2	10	0	351	1	2	1	4	0
GLU221A	3	1	6	1	180	1	3	1	7	0	1	1	1	1	1	1
ARG283A	3	3	8	6	180	27.9897185241393	3	3	10	7	180	27.9897185241393	3	3	3	1
SER240A	4	3	18	11	184	152	4	3	20	9	152	152	3	3	3	0
GLY279A	6	6	18	15	530	411.507526343662	6	6	26	18	177	153.010281475861	2	2	2	2
SER227A	4	3	6	4	532	459.388856238242	3	3	8	5	532	459.388856238242	3	3	4	2
ARG202A	4	2	4	1	536	180	4	2	6	0	355	1	2	1	2	0
LEU201A	2	1	3	1	180	1	2	1	3	0	1	1	1	1	1	1
CYS182A	3	2	3	1	536	180	3	2	3	0	1	1	1	1	1	1
HIS178A	4	2	9	2	888	357	3	2	8	1	1	1	1	1	1	1
ASN210A	3	1	7	1	180	1	3	1	8	0	1	1	1	1	1	1
GLN167A	2	1	2	1	1	1	1	1	1	1	1	1	1	1	1	1
MET160A	7	3	23	8	427	385	5	3	22	7	507	385	5	3	11	1
THR102A	2	2	4	1	180	180	2	2	4	0	1	1	1	1	1	1
SER106A	2	1	6	1	1	1	1	1	1	1	1	1	1	1	1	1
GLY199A	3	3	5	4	108	108	2	2	3	2	1	1	1	1	1	1
THR170A	5	4	13	6	180	39.5	5	4	21	6	1	1	1	1	1	1
ASN247A	2	1	5	1	180	1	2	1	5	0	1	1	1	1	1	1
ARG181A	2	1	2	1	180	1	2	1	2	0	1	1	1	1	1	1
LEU289A	3	3	7	6	180	90.5	3	3	5	5	1	1	1	1	1	1
SER241A	2	2	6	5	180	180	2	2	6	4	1	1	1	1	1	1
ARG209A	2	1	3	1	180	1	2	1	3	0	1	1	1	1	1	1
GLU224A	1	1	1	1	1	1	1	1	1	1	1	1	1	1	1	1
ARG248A	1	1	1	1	1	1	1	1	1	1	1	1	1	1	1	1
ASN288A	1	1	1	1	1	1	1	1	1	1	1	1	1	1	1	1
