Degree	Degree_sidechain	SecondOrderDegree	SecondOrderDegree_sidechain	NodeEdgeBetweennessSTRIDE	NodeEdgeBetweennessSTRIDE_sidechain	IntermodularDegreeSTRIDE	IntermodularDegreeSTRIDE_sidechain	SecondOrderIntermodularDegreeSTRIDE	SecondOrderIntermodularDegreeSTRIDE_sidechain	NodeEdgeBetweennessWALKTRAP	NodeEdgeBetweennessWALKTRAP_sidechain	IntermodularDegreeWALKTRAP	IntermodularDegreeWALKTRAP_sidechain	SecondOrderIntermodularDegreeWALKTRAP	SecondOrderIntermodularDegreeWALKTRAP_sidechain
CYS229A	7	5	17	10	1903	715.578052693422	6	4	17	7	544	1	2	1	2	0
TRP146A	7	4	19	8	1633	275.540674381207	6	3	18	4	1296	1	3	1	3	0
ARG196A	8	6	30	16	1353	547.335335067387	7	6	30	17	826	397.789153825181	3	2	8	1
ASP184A	5	5	15	12	207	56.3615218337059	4	4	17	13	27	12.1452447930789	2	2	2	2
CYS242A	6	5	16	7	479	220.211341406958	4	4	19	12	272	166.284182143921	3	3	9	4
HIS179A	7	5	20	8	2293	280.848176651572	6	4	25	12	1075	1	3	2	10	4
ARG202A	3	3	4	2	493	221.546418226307	3	3	3	2	493	221.546418226307	3	3	5	3
GLU221A	4	2	7	2	348	80	3	2	5	2	463	80	4	2	4	2
GLN104A	3	2	10	6	178	57.9594651057063	2	2	6	5	1	1	1	1	1	1
GLY108A	8	7	18	10	2109	1231.03195556445	7	6	21	11	491	491	2	2	3	1
ARG175A	8	7	22	15	4415	3843.43450558949	8	7	31	15	3219	2696	5	4	13	3
GLY279A	8	8	24	22	747	506.773391340987	3	3	11	9	747	506.773391340987	4	4	9	9
THR118A	7	5	18	13	779	271.808234058625	7	5	17	10	572	194.242648017999	4	4	8	7
PRO128A	5	5	12	8	367	344.017585183065	4	4	14	9	223	223	2	2	4	1
TYR126A	6	2	19	3	1445	180	5	2	16	2	1445	180	5	2	10	2
CYS176A	7	6	17	7	2109	771.588499373901	7	6	21	11	432	83.9838127028912	2	2	6	4
ARG249A	7	6	20	10	3629	2665.42298234165	7	6	22	11	2300	1554.42298234165	5	4	6	4
GLU171A	4	2	10	5	185	61.6049799817695	3	2	8	5	183	61.6049799817695	3	2	6	3
TYR205A	8	4	29	17	3295	236.89310738663	8	4	36	15	1695	178	4	2	11	4
VAL203A	9	8	25	20	341	158.5	8	7	34	21	199	158.5	3	3	4	2
GLU180A	3	2	9	1	185	1	3	2	10	0	185	1	3	2	6	0
THR230A	5	4	12	6	190	190	4	3	8	1	190	190	2	2	3	1
THR231A	5	5	13	10	320	320	2	2	3	2	1	1	1	1	1	1
TYR163A	5	3	21	9	2799	182.363453491417	5	3	23	9	1364	182.363453491417	3	3	9	6
ARG213A	8	5	20	11	2855	1397.29491844437	8	5	18	9	1645	1316	3	2	6	1
THR211A	5	5	10	7	901	901	2	2	7	4	1	1	1	1	1	1
GLY154A	5	5	14	11	537	537	4	4	14	9	1	1	1	1	1	1
PRO153A	3	2	6	4	1	1	1	1	1	1	1	1	1	1	1	1
ILE162A	6	4	19	5	2869	760.460078651197	5	4	15	8	1264	341.460078651197	4	3	7	3
VAL173A	7	7	21	21	1940	1768.04883291086	5	5	18	15	390	218.048832910861	4	4	12	11
GLN144A	8	5	25	8	3227	515.87300272214	5	4	16	7	1	1	1	1	1	1
GLY112A	5	5	17	13	2332	2044.50827020323	3	3	9	5	1	1	1	1	1	1
ALA138A	4	4	12	7	185	81.4807642803682	3	3	10	4	1	1	1	1	1	1
LEU137A	6	5	25	12	521	307	5	4	29	9	1	1	1	1	1	1
GLU271A	6	4	18	5	1445	310.013935450585	5	4	14	6	725	81.5938127154987	4	2	11	2
PRO250A	5	4	12	7	545	496.440744497802	5	4	16	8	212	212	2	2	4	3
HIS233A	4	3	14	6	259	67.1456744329036	3	2	12	2	259	67.1456744329036	3	2	8	2
THR140A	6	4	17	8	689	378.094818398744	4	3	9	3	1021	378.094818398744	4	3	7	3
CYS182A	4	4	8	8	341	341	2	2	5	3	211	199.854755206921	3	3	2	1
CYS238A	9	5	32	12	2945	977.732005153188	9	5	46	17	1991	977.732005153188	7	5	20	7
MET246A	9	5	27	13	1865	961.503156838024	8	5	33	13	941	930.503156838024	6	4	21	10
VAL216A	8	8	26	23	2058	2032.9577140765	6	6	30	22	2030	2016.5	5	5	12	7
CYS124A	7	5	26	15	2627	919.701885031027	6	4	21	11	1252	1	3	2	8	3
PRO142A	7	5	21	10	473	54.650917712161	4	3	8	5	1197	1197	4	4	6	3
ASP208A	4	4	6	5	1	1	1	1	1	1	1	1	1	1	1	1
LEU264A	5	4	18	13	1	1	2	1	2	0	185	142.413445002096	4	3	7	6
LEU265A	8	6	26	14	1194	1149	6	5	21	10	11	7.638023919108	2	2	3	2
CYS273A	5	3	20	11	36	24.018946824196	3	2	7	4	233	43.5093274965139	4	3	9	3
VAL272A	10	9	30	21	310	226.549073771772	6	5	26	15	400	342.136396782137	6	5	18	7
GLY187A	4	4	8	5	205	27.2063427117545	3	3	7	4	1	1	1	1	1	1
LEU188A	5	3	14	9	103	50.9248754127314	4	3	12	8	82	41.5	2	2	2	2
ALA189A	6	6	16	12	1646	1120.19922894378	4	4	16	10	1	1	1	1	1	1
ARG110A	5	5	15	13	1899	1415.91609534027	5	5	17	11	984	984	2	2	2	0
CYS141A	9	6	26	13	6075	4059.5325369299	5	5	24	14	865	1	2	1	3	0
TYR236A	9	3	30	12	3717	277.370696488553	9	3	40	8	790	251.783373478188	4	2	11	3
ASN235A	6	5	18	8	3011	1293.19251871615	5	4	16	5	1134	950.192518716148	3	3	5	2
LYS139A	5	2	12	3	1853	91.7525022798396	5	2	14	3	1	1	1	1	1	1
ILE195A	5	4	21	11	1227	429.5	5	4	20	9	836	234	3	2	7	1
ARG282A	9	7	23	14	1298	822.931492171919	7	6	25	15	991	515.931492171919	5	4	12	6
PHE134A	5	4	17	10	139	59.9292929386586	4	3	14	7	63	59.9292929386586	3	3	6	5
ARG158A	8	5	23	7	1930	945.781304023285	6	5	17	7	1219	535.781304023285	7	4	20	4
GLU258A	4	2	20	4	823	88.2237225649083	4	2	18	4	491	88.2237225649083	2	2	6	3
LYS164A	5	2	17	3	4777	546.579877264914	5	2	18	3	1895	1	2	1	4	0
VAL172A	5	5	16	13	332	332	3	3	9	5	616	421.983089040365	3	3	5	3
VAL217A	7	6	26	19	2531	2030.37032254113	5	4	23	11	1711	1620.37032254113	3	3	8	5
GLY245A	6	6	17	14	1487	1090.3551430311	4	4	13	11	1	1	1	1	1	1
PRO152A	5	4	13	9	491	401.018443609297	4	4	17	11	1	1	1	1	1	1
LEU194A	8	8	30	22	303	239.996843161976	8	8	39	23	299	237.996843161976	7	7	24	15
ILE255A	9	5	32	13	656	255.958819546964	6	3	26	5	1284	1	5	1	14	0
TYR234A	6	3	28	8	1929	96.0858181477645	5	3	22	5	2036	1	4	1	9	0
ASN200A	5	2	15	6	343	23.3818298371317	4	2	14	4	1	1	1	1	1	1
VAL218A	7	7	21	18	878	612.618170162868	5	5	23	17	560	297.933789371489	3	3	4	3
ASN239A	5	1	19	1	247	1	3	1	14	0	353	1	4	1	8	0
VAL274A	10	9	29	21	2703	2479.49066041042	8	7	34	16	212	39.5096193276821	3	2	4	2
PRO98A	4	4	12	7	229	147.705081555628	3	3	10	6	1	1	1	1	1	1
VAL97A	5	5	12	10	503	503	4	4	14	8	319	319	2	2	4	1
ASP207A	4	4	10	10	193	34.9956365834864	3	3	9	9	147	27.3751454233073	2	2	3	3
LEU206A	5	3	15	6	175	29.4600123899803	4	2	14	4	175	29.4600123899803	4	2	13	3
PRO219A	3	3	7	7	335	193.453581773693	2	2	2	2	843	430.019792402204	3	3	4	4
GLN100A	4	3	14	6	185	73.5	4	3	12	7	146	73.5	3	3	7	3
ILE254A	6	3	21	4	1303	962.539921348803	3	3	7	5	2522	923.539921348803	3	2	8	2
MET169A	8	5	20	7	5225	3100.5	7	5	25	8	1963	73.5	5	2	7	2
VAL197A	11	9	30	22	1433	1022.0422859235	10	8	39	18	854	677	6	5	12	3
LEU252A	6	6	15	10	4004	4004	5	5	17	6	3953	3953	5	5	13	5
GLN136A	6	4	19	7	1891	1072.19936215999	6	4	25	6	1	1	1	1	1	1
LEU114A	4	3	13	7	185	115.849082287839	3	3	7	5	1	1	2	1	3	0
ALA276A	5	3	14	7	170	1	3	1	12	0	1	1	1	1	1	1
PRO278A	9	7	22	16	2759	2204.04813556017	8	6	26	10	1	1	2	2	3	3
THR256A	6	5	24	15	2405	1003.37509067421	4	3	14	8	4635	3233.37509067421	6	5	21	7
MET237A	7	4	24	10	4145	1954.73008189445	7	4	30	10	2151	317.210846174819	4	2	12	1
ALA159A	6	6	22	14	297	212.455362305272	4	4	14	9	142	128.5	4	4	13	8
THR125A	8	7	26	20	1295	746.303479385475	6	5	23	14	836	287.303479385475	4	3	11	5
CYS275A	6	5	18	15	311	156.478581255882	5	5	17	13	164	85.969241666298	3	3	4	3
PRO151A	6	4	14	3	1213	717.383385005529	6	4	19	3	583	583	2	2	3	1
TYR220A	6	2	24	4	1301	3.5	6	2	28	2	588	3.5	4	2	5	2
ALA161A	6	6	21	18	543	249.451167089139	4	4	15	14	400	205.951167089139	4	4	9	6
HIS193A	7	7	17	11	839	669.037280233052	6	6	20	12	794	624.037280233052	4	4	7	5
ASN131A	4	3	11	3	291	112	4	3	13	2	291	112	4	3	10	1
PHE270A	9	3	28	12	4565	176.147333325426	8	3	33	9	3617	176.147333325426	6	2	18	3
GLY244A	3	3	5	5	367	179.6448569689	2	2	3	3	1	1	1	1	1	1
THR253A	7	7	30	16	1058	507.932896414249	5	5	24	11	862	409.932896414249	4	4	13	6
ARG156A	7	3	22	5	551	227.967784708781	6	3	22	4	551	227.967784708781	5	3	10	3
GLU204A	3	2	12	2	185	48.6618927500888	3	2	12	2	185	48.6618927500888	2	2	4	2
ARG283A	3	2	10	4	51	30.2489890836196	2	2	6	4	51	30.2489890836196	2	2	3	3
GLU198A	5	3	16	6	1202	429.566988452205	4	3	16	5	974	429.566988452205	3	3	5	4
SER260A	4	2	9	1	181	1	2	1	3	0	1	1	1	1	1	1
VAL157A	9	8	30	20	3307	1371.74099402592	7	6	28	15	1422	78	5	4	16	5
GLY266A	8	8	25	19	1984	1984	5	5	16	8	2158	2019.9485310788	6	6	18	12
ILE232A	6	4	25	16	185	49.7590059740843	5	4	24	14	149	26.5	3	2	7	2
PHE113A	6	3	18	4	3114	1589	5	3	22	3	2258	733	3	2	7	1
HIS214A	5	5	13	9	1119	594.245696114977	5	5	12	9	1073	555.866187275156	4	4	8	5
GLY262A	5	5	8	8	2	2	3	3	4	2	1	1	2	2	3	2
SER261A	5	1	8	1	1	1	2	1	3	0	1	1	1	1	1	1
LEU257A	6	5	24	14	2303	947.805895153049	6	5	29	16	1348	223.805895153049	4	3	11	4
PHE109A	7	3	31	11	1073	63	7	3	32	9	532	42	4	2	10	0
ASP259A	6	5	12	4	904	111.456931231538	3	2	8	2	1	1	1	1	1	1
LEU145A	7	7	27	20	771	389	6	6	28	18	1	1	1	1	1	1
ASP148A	4	3	11	8	185	48.0924839895726	3	3	10	9	1	1	1	1	1	1
SER185A	5	3	12	5	185	169.368781875514	5	3	14	4	1	1	1	1	1	1
ASP186A	5	4	10	8	527	375.565455004192	4	3	10	5	1	1	1	1	1	1
ASN263A	4	3	7	4	185	73.5430687684624	4	3	5	1	1	1	1	1	1	1
TYR107A	6	2	17	3	205	26.3257972032998	5	2	14	3	1	1	1	1	1	1
THR123A	5	4	18	11	26	26	4	3	16	4	160	82.0002967826585	2	2	5	5
VAL122A	8	8	20	18	2264	2049.5	6	6	19	13	2423	2127.49970321734	6	6	12	8
MET133A	7	6	26	15	6029	4001.00830478364	7	6	30	16	3685	3170	4	4	9	4
ARG280A	5	4	11	4	625	408.524077335541	2	2	2	1	625	408.524077335541	2	2	1	1
ARG284A	2	2	4	3	1	1	1	1	1	1	1	1	1	1	1	1
LEU111A	9	8	29	21	871	803	8	8	34	20	521	521	3	3	5	0
VAL143A	8	8	26	18	2013	1496	6	6	28	18	2009	1494	3	3	6	3
ALA129A	3	3	6	6	1	1	1	1	1	1	1	1	1	1	1	1
LEU130A	5	3	7	5	493	233	4	3	9	3	1	1	1	1	1	1
ARG174A	5	4	15	7	339	111.721387068484	3	3	7	4	625	305.73829802812	4	3	8	5
CYS135A	6	5	26	14	1483	266.757273255436	6	5	29	13	1	1	1	1	1	1
ARG267A	8	6	14	6	1341	657.620038962349	6	5	9	3	1157	473.620038962349	5	4	13	5
SER215A	6	3	19	6	305	95.5349610218268	5	3	16	5	260	95.5349610218268	5	3	16	4
THR155A	9	8	25	16	1255	633.849864034354	9	8	34	18	652	429.194104846951	3	3	6	3
SER269A	3	1	6	1	185	1	3	1	7	0	55	1	2	1	3	0
SER149A	4	2	11	2	50	17	3	2	9	1	1	1	1	1	1	1
HIS178A	4	1	9	1	185	1	2	1	6	0	1	1	1	1	1	1
CYS277A	6	4	12	6	1392	217.475922664458	3	2	8	1	625	217.475922664458	2	2	1	1
SER127A	5	4	12	6	741	298.050131637819	5	4	14	6	1	1	1	1	1	1
GLN167A	3	2	3	2	1	1	1	1	1	1	1	1	1	1	1	1
HIS168A	4	3	7	5	547	293.608584185165	3	2	8	5	544	293.608584185165	2	2	4	3
PRO191A	4	3	12	4	1054	1	2	1	7	0	1	1	1	1	1	1
THR150A	2	2	5	3	185	83.6166149944709	2	2	5	3	1	1	1	1	1	1
ASN268A	3	2	10	3	475	74.5	3	2	9	2	328	1	2	1	2	0
PRO177A	3	3	7	5	185	155.61997741438	2	2	6	5	1	1	1	1	1	1
ASP228A	5	2	12	2	185	2.35920177325177	4	2	10	2	4	2.35920177325177	2	2	2	2
ASP281A	4	3	13	6	129	56.0118115095059	2	2	4	4	129	56.0118115095059	2	2	2	2
PRO190A	5	4	16	11	1057	1057	2	2	7	3	1	1	1	1	1	1
SER99A	2	2	7	5	185	46.0048703634378	2	2	5	4	185	46.0048703634378	2	2	4	3
SER116A	4	2	9	3	182	1	2	1	5	0	185	1	4	2	8	0
GLY199A	3	3	6	4	94	94	2	2	3	1	1	1	1	1	1	1
ASN210A	4	2	6	1	1	1	1	1	1	1	1	1	1	1	1	1
GLU286A	4	3	12	7	30	15.9322831791167	3	2	7	3	1	1	1	1	1	1
ALA119A	3	2	11	5	23	23	2	2	6	4	1	1	1	1	1	1
VAL147A	7	5	17	7	318	315.5	5	3	20	3	318	315.5	3	3	5	1
PRO223A	4	4	8	7	340	340	3	3	8	4	1	1	1	1	1	1
PRO222A	4	2	7	2	1	1	2	1	3	0	116	116	2	2	3	1
GLY117A	4	4	11	9	186	108.434413959375	3	3	11	8	4	4	3	3	6	3
GLY105A	6	6	16	13	554	554	5	5	16	10	1	1	1	1	1	1
SER240A	4	3	15	10	185	154	4	3	16	7	154	154	2	2	2	1
GLY226A	3	3	3	3	367	367	2	2	3	2	1	1	1	1	1	1
SER227A	4	3	8	5	913	545.640798226748	4	3	9	4	547	545.640798226748	3	3	2	1
SER183A	2	1	3	1	1	1	1	1	1	1	185	1	2	1	2	0
GLN192A	5	1	9	1	185	1	4	1	8	0	185	1	3	1	5	0
ASN288A	2	2	1	1	2	2	2	2	1	0	1	1	1	1	1	1
GLU287A	2	1	1	1	2	1	2	1	1	0	1	1	1	1	1	1
SER166A	2	2	2	2	1	1	1	1	1	1	1	1	1	1	1	1
GLU285A	4	3	9	4	623	92.4279940617551	4	3	8	4	391	92.4279940617551	3	3	4	4
MET160A	6	3	18	7	164	164	4	3	13	6	143	82	4	2	10	2
ARG248A	2	2	3	3	185	185	2	2	1	0	1	1	1	1	1	1
SER241A	4	3	8	5	185	1	2	1	1	0	83	83	2	2	3	0
ILE251A	5	4	22	17	110	79.5	4	4	19	15	189	79.5	5	4	20	13
LYS132A	4	3	10	4	1041	872.048900284087	3	3	7	5	1041	872.048900284087	3	3	5	3
THR102A	4	4	9	6	148	74.5	3	3	7	5	40	40	2	2	2	0
SER106A	2	1	5	1	185	1	2	1	4	0	1	1	1	1	1	1
TYR103A	4	1	12	1	220	1	3	1	9	0	259	1	3	1	5	0
MET243A	2	1	2	1	1	1	1	1	1	1	1	1	1	1	1	1
ARG209A	3	2	4	1	1	1	1	1	1	1	1	1	1	1	1	1
GLN165A	3	3	5	4	185	52.5592555021979	3	3	6	4	1	1	1	1	1	1
ASN247A	2	1	5	1	1	1	1	1	1	1	1	1	1	1	1	1
THR170A	4	3	13	6	1	1	2	1	7	0	185	185	3	3	6	2
LYS101A	2	1	7	1	185	1	2	1	5	0	1	1	1	1	1	1
SER96A	2	1	4	1	185	1	2	1	3	0	1	1	1	1	1	1
PHE212A	2	1	4	1	1	1	1	1	1	1	1	1	1	1	1	1
VAL225A	2	1	2	1	1	1	1	1	1	1	1	1	1	1	1	1
HIS115A	1	1	1	1	1	1	1	1	1	1	1	1	1	1	1	1
LYS120A	1	1	1	1	1	1	1	1	1	1	1	1	1	1	1	1
SER121A	1	1	1	1	1	1	1	1	1	1	1	1	1	1	1	1
ARG181A	1	1	1	1	1	1	1	1	1	1	1	1	1	1	1	1
LEU201A	1	1	1	1	1	1	1	1	1	1	1	1	1	1	1	1
GLU224A	1	1	1	1	1	1	1	1	1	1	1	1	1	1	1	1
