Degree	Degree_sidechain	SecondOrderDegree	SecondOrderDegree_sidechain	NodeEdgeBetweennessSTRIDE	NodeEdgeBetweennessSTRIDE_sidechain	IntermodularDegreeSTRIDE	IntermodularDegreeSTRIDE_sidechain	SecondOrderIntermodularDegreeSTRIDE	SecondOrderIntermodularDegreeSTRIDE_sidechain	NodeEdgeBetweennessWALKTRAP	NodeEdgeBetweennessWALKTRAP_sidechain	IntermodularDegreeWALKTRAP	IntermodularDegreeWALKTRAP_sidechain	SecondOrderIntermodularDegreeWALKTRAP	SecondOrderIntermodularDegreeWALKTRAP_sidechain
ARG110A	8	5	26	14	2298	1678.50369499859	7	5	27	15	1515	934	4	2	7	2
TRP146A	7	3	23	4	2110	226.959170810858	5	3	15	3	1212	226.959170810858	5	3	9	3
CYS229A	6	5	16	7	846	490.382677536648	5	4	12	6	566	490.382677536648	4	4	10	6
ARG273A	7	5	23	8	1068	781.479026351082	5	5	13	11	606	56.4045410321097	4	2	13	2
ASP281A	3	3	10	8	184	39.4049870961484	3	3	8	8	1	1	1	1	1	1
MET246A	6	4	15	7	1047	938.047669576432	3	3	7	4	1119	1010.04766957643	4	4	9	5
SER240A	4	3	17	11	1570	786.59545896789	4	3	14	11	1570	786.59545896789	4	3	12	6
CYS242A	6	5	14	9	251	178.324470865654	5	5	22	14	115	58	3	3	6	5
HIS179A	8	6	18	10	1394	271.487401959435	7	5	28	17	936	217.5	5	4	13	8
ARG202A	3	3	4	2	576	294.499601723487	3	3	3	2	576	294.499601723487	3	3	5	3
GLU221A	4	2	7	2	347	71.6386988541335	3	2	4	2	566	71.6386988541335	4	2	8	2
ARG175A	7	6	20	15	2714	1852.20337632416	7	6	28	14	1345	1310.20337632416	4	4	12	8
GLY279A	5	5	14	10	372	292.124906630899	2	2	5	4	1	1	1	1	1	1
THR118A	6	5	14	10	1370	849.186849688164	6	5	11	9	121	56.7262811547191	3	2	3	2
PRO128A	5	5	11	8	619	619	4	4	14	8	1	1	1	1	1	1
TYR126A	6	2	18	2	2912	37.4167541212814	5	2	16	2	1415	1	2	1	3	0
CYS176A	6	6	14	9	1008	510.783952053289	6	6	19	13	374	72.4461862152819	3	3	7	5
SER106A	3	2	9	2	122	1	2	1	5	0	1	1	1	1	1	1
TYR107A	6	2	18	2	286	54.7988227113989	4	2	16	2	1	1	1	1	1	1
LYS101A	3	1	9	1	167	1	2	1	3	0	1	1	1	1	1	1
SER99A	5	4	13	6	185	51.3294857676535	3	2	5	2	55	55	2	2	2	1
THR230A	4	4	10	8	204	170.658151652494	3	3	6	4	290	215.220617016704	4	4	7	5
THR231A	5	5	14	11	167	167	2	2	4	3	87	42.4375346357902	2	2	3	3
GLY245A	7	7	17	14	2131	1703.13084233825	4	4	12	8	1	1	1	1	1	1
SER249A	7	5	17	7	566	184	6	4	16	3	1	1	1	1	1	1
ARG213A	10	7	22	11	2302	704.482178589822	10	7	27	11	934	1	3	1	4	0
THR211A	6	6	17	12	457	457	3	3	12	7	457	457	3	3	4	1
ALA189A	6	6	16	11	1293	662.536894086149	4	4	15	9	572	58.9709228470072	3	3	5	3
ARG196A	7	5	27	13	1263	794.563642872659	6	5	25	14	1848	733.561277356659	4	3	13	5
GLY154A	4	4	10	9	644	644	3	3	9	7	1	1	1	1	1	1
PRO153A	3	2	5	3	1	1	1	1	1	1	178	178	2	2	2	0
THR253A	7	7	28	15	1290	650.093384326987	5	5	25	15	756	403.337112089017	3	3	10	7
TYR236A	8	3	35	8	3122	284.662887910983	8	3	39	7	1753	284.662887910983	5	3	15	4
GLU271A	5	3	15	5	2275	364.801732060439	4	3	9	5	1336	364.801732060439	3	3	2	2
PRO250A	5	5	12	5	374	250.522761934957	4	4	9	3	360	236.522761934957	2	2	2	2
THR125A	8	6	27	18	1750	575.128629470338	6	5	22	15	933	34.6317371681068	4	2	7	2
ARG267A	7	4	17	3	906	300.670514232346	4	3	6	1	1	1	1	1	1	1
ASN268A	6	4	23	10	994	717	5	3	20	5	362	362	2	2	3	1
CYS124A	6	4	24	14	1706	669.830957273373	5	3	15	7	858	1	3	2	6	1
CYS141A	8	7	24	12	1359	591.51892274042	5	5	20	9	1	1	2	2	4	1
HIS233A	5	2	18	4	239	1	4	1	15	0	1	1	2	1	5	0
THR140A	5	5	15	11	1487	807.146029461128	3	3	6	2	1249	569.146029461128	2	2	2	2
CYS238A	9	6	26	13	2672	1145.22934291906	8	5	38	18	1500	302.553813784718	6	4	19	6
VAL203A	8	8	24	19	786	461.420930023381	7	7	34	24	272	272	2	2	3	1
VAL216A	8	8	27	23	2343	2293.5	7	7	36	26	2343	2293.5	4	4	14	11
PRO142A	8	6	22	14	342	56.8893444489222	5	4	10	4	176	56.8893444489222	2	2	3	3
ASP208A	5	4	10	6	387	1	2	1	3	0	387	1	2	1	2	0
ILE251A	5	3	19	5	1474	255.317151555464	5	3	15	5	511	255.317151555464	3	3	7	4
VAL272A	8	8	22	18	2681	2672.5	6	6	22	13	2008	1999.5	5	5	11	5
ASP259A	6	5	11	4	688	129.800568129361	3	2	7	2	1	1	1	1	1	1
LEU265A	7	5	22	13	1255	1202.5	5	4	18	9	397	206	4	2	5	0
GLY187A	4	3	7	4	55	31.6053003030386	3	2	5	2	54	31.6053003030386	2	2	3	1
LEU188A	5	3	13	8	288	81.3946996969614	4	3	11	7	172	23.3946996969614	4	2	5	1
TYR205A	8	4	28	16	3670	633.431663244859	8	4	35	14	2018	527	4	2	9	4
MET133A	3	2	12	4	2148	1080	3	2	10	3	2148	1080	3	2	7	1
GLU204A	5	2	15	2	184	54.9517155316415	5	2	19	2	144	54.9517155316415	2	2	3	2
VAL217A	7	7	24	19	2676	2178.16115020447	5	5	19	12	2676	2178.16115020447	4	4	12	6
ILE254A	6	3	21	4	948	845.813873701871	3	3	7	3	948	845.813873701871	2	2	3	1
THR256A	6	5	22	12	576	576	4	3	12	6	21	21	2	2	5	2
ILE195A	7	6	28	17	2194	785.924806330199	7	6	29	16	2194	785.924806330199	7	6	23	15
ARG282A	8	7	20	12	3131	1352.85725312747	7	6	25	14	1	1	1	1	1	1
PHE134A	6	5	19	12	1019	864.208955284962	5	4	19	12	1	1	1	1	1	1
ARG158A	8	5	23	8	2436	1283.40903251062	6	5	16	8	1989	1070.57627154958	6	3	14	4
GLU258A	4	2	19	4	1562	176.603164126268	4	2	17	4	860	176.603164126268	2	2	5	2
PHE109A	8	3	30	11	1959	392	7	2	27	1	291	1	2	1	1	0
ASP184A	6	6	16	11	381	61.2840182301211	4	4	17	12	588	126.748214988009	5	5	9	7
MET237A	8	4	22	9	1570	298.479991746126	7	4	25	9	1483	262.951328089059	5	2	13	2
PRO152A	5	3	15	5	925	594.201177288601	4	3	17	5	455	1	3	1	6	0
PRO223A	5	5	15	8	286	286	3	3	6	3	1	1	2	2	5	2
TYR220A	8	3	31	10	1851	1	6	2	34	6	896	1	6	3	13	3
ASN239A	5	2	16	5	622	16.4775124716259	5	2	18	4	394	16.4775124716259	3	2	9	3
VAL274A	10	9	30	25	4404	3685.64024519756	9	8	40	23	3346	2627.64024519756	7	6	17	8
ARG248A	3	2	10	5	5	1.64210702369689	2	2	3	3	1	1	1	1	1	1
MET243A	7	4	16	8	266	112.135178868104	5	4	15	7	323	47.6351788681041	5	2	8	2
TYR163A	5	3	19	9	2148	181.223626823258	5	3	17	6	1116	1	3	2	7	1
PRO219A	3	3	8	8	372	211.86169942238	2	2	2	2	910	749.86169942238	3	3	5	4
VAL218A	8	7	24	19	1681	1016.53392318143	6	6	29	22	565	17.7486891889039	4	3	10	5
HIS168A	6	6	11	8	904	267.513948040937	4	4	7	7	1	1	1	1	1	1
SER166A	5	5	11	9	184	168.48947577386	4	4	9	6	1	1	1	1	1	1
GLN100A	6	4	17	6	1636	408.067614010863	5	4	17	7	914	167.067614010863	3	2	2	1
MET169A	6	4	17	5	225	79	5	4	19	5	1	1	1	1	1	1
ASN200A	5	2	16	6	444	162.047459552895	4	2	15	5	1	1	1	1	1	1
VAL197A	11	9	29	19	3641	2533.7463764312	10	8	41	18	2156	1630	6	5	15	6
ASP148A	5	3	15	8	184	19.067545936616	4	3	20	9	1	1	1	1	1	1
SER149A	4	2	12	3	184	1	3	1	14	0	1	1	1	1	1	1
LEU114A	5	4	17	10	301	182.610655551078	3	3	8	5	386	267.610655551078	4	4	7	3
GLN144A	8	4	22	7	1392	256.710784147118	5	3	16	5	539	63.5	4	2	10	3
LEU145A	6	6	26	19	605	308	5	5	24	15	1	1	2	2	4	3
GLU285A	6	4	16	8	1211	205.510201842465	5	4	14	9	1	1	1	1	1	1
THR284A	3	3	7	5	1	1	1	1	1	1	1	1	1	1	1	1
ALA276A	5	3	14	7	83	1	3	1	12	0	1	1	1	1	1	1
GLN136A	6	5	20	10	1380	204.779067001505	6	5	24	9	1049	127.814732959419	4	3	10	3
ILE232A	6	4	25	15	1160	380.200012741271	5	4	25	14	1160	380.200012741271	5	4	13	5
GLY266A	7	7	22	15	300	300	5	5	16	7	153	153	2	2	3	1
TYR103A	4	1	11	1	184	1	3	1	9	0	179	1	2	1	2	0
ALA159A	7	7	24	16	386	222.450110197961	5	5	20	13	247	164.950110197961	6	6	22	12
TYR234A	5	2	23	6	540	15.5498898020391	5	2	20	4	540	15.5498898020391	5	2	15	5
CYS275A	7	6	20	16	342	160.807471295114	5	5	21	18	121	55.3597548024424	2	2	6	5
PRO151A	7	5	21	10	1736	1136.58049116396	7	5	29	9	811	811	3	2	10	2
CYS277A	7	4	14	4	391	60.3734217357899	3	2	8	1	1	1	1	1	1	1
PRO278A	9	7	22	16	957	819.035665957914	8	6	27	12	261	261	3	3	5	3
SER96A	7	3	14	6	363	157.017821410178	4	2	14	6	184	184	3	2	3	0
ALA161A	7	7	23	19	1923	1033.46155454998	5	5	19	16	1702	812.461554549983	6	6	18	12
LEU194A	5	5	22	19	592	451	5	5	22	16	53	27	3	3	9	6
ASP207A	4	3	11	9	214	30.94769985147	3	3	9	9	268	30.94769985147	4	3	4	2
HIS193A	7	7	17	11	1116	994.347355327972	6	6	19	12	167	144.823191054172	2	2	3	2
CYS135A	6	5	28	17	520	131.150119986207	6	5	31	18	249	9.5	3	2	6	4
ARG283A	3	2	8	4	154	84.0603794059519	2	2	5	4	1	1	1	1	1	1
LEU130A	6	6	11	9	346	168.304258490561	5	5	14	9	1	1	1	1	1	1
SER127A	5	3	11	6	416	121.528734362119	5	3	15	5	1	1	1	1	1	1
SER260A	4	2	8	1	239	1	2	1	2	0	1	1	1	1	1	1
VAL157A	10	8	32	19	4056	2116.55129806983	8	6	31	13	1690	199.051298069825	5	3	15	5
ALA138A	4	4	14	8	109	73.4713363429333	3	3	9	4	1	1	1	1	1	1
LEU137A	7	6	23	12	813	236.022487528374	6	5	31	12	411	236.022487528374	4	4	11	7
GLY112A	5	5	18	15	3460	3266.78921585288	4	4	13	7	1	1	1	1	1	1
PHE113A	7	4	22	12	4641	1863	6	4	23	10	2579	1415	4	2	6	0
LEU252A	5	5	14	8	3112	2945.93238598914	5	5	15	8	860	693.932385989137	2	2	2	1
VAL172A	4	4	15	13	842	842	3	3	11	7	842	842	3	3	3	0
VAL173A	8	8	22	16	2954	2412.11363911982	6	6	21	15	2707	2288.61363911982	4	4	10	7
LYS164A	5	1	16	1	184	1	5	1	16	0	1	1	1	1	1	1
GLY262A	5	4	7	4	188	188	3	3	4	2	169	169	2	2	2	0
SER261A	5	1	8	1	1	1	2	1	3	0	1	1	1	1	1	1
ARG156A	5	3	18	6	834	201.70769858804	4	3	16	5	834	201.70769858804	4	3	9	4
LEU257A	6	5	27	14	2006	1246.49157133692	6	5	30	14	451	152.99157133692	2	2	5	5
HIS214A	5	5	11	7	810	460.704944820558	5	5	11	7	48	40.2291090943583	2	2	3	2
VAL147A	10	8	26	13	714	259	9	7	34	10	1	1	3	3	9	4
ILE162A	7	3	25	5	2962	564.186126298129	6	3	23	5	1709	103.186126298129	4	2	9	1
ASP186A	5	4	10	7	839	632.029077152993	4	3	8	5	690	632.029077152993	3	3	5	3
ARG209A	3	2	5	1	1	1	1	1	1	1	1	1	1	1	1	1
ASN210A	4	2	8	1	1	1	1	1	1	1	1	1	1	1	1	1
ASN263A	4	3	7	4	218	70.1994318706394	4	3	5	1	1	1	1	1	1	1
SER185A	4	3	9	5	151	151	3	3	5	3	34	1	2	1	4	0
GLU198A	5	3	12	4	2760	738.043563003058	4	3	12	3	1432	738.043563003058	3	3	2	2
THR150A	4	3	14	5	312	152.419508836035	4	3	15	4	72	72	2	2	3	2
ASP228A	4	1	11	1	184	1	3	1	6	0	179	1	2	1	4	0
CYS182A	4	4	10	10	191	191	2	2	6	4	358	325.535803242112	3	3	5	4
LEU111A	11	9	35	22	1803	1737.5	8	7	31	15	320	270.5	3	3	7	5
GLN165A	4	2	10	4	184	1	3	2	8	3	1	1	1	1	1	1
VAL143A	6	6	25	18	470	343	4	4	18	10	479	352	5	5	12	6
ASN235A	2	2	4	2	184	126.810407535814	2	2	3	2	184	126.810407535814	2	2	2	2
GLY108A	8	7	22	13	1310	704.42875906479	7	6	30	14	291	291	2	2	1	0
ALA129A	3	3	7	7	1	1	1	1	1	1	1	1	1	1	1	1
ARG174A	4	1	14	1	160	1	3	1	8	0	1	1	1	1	1	1
LEU264A	4	2	12	3	169	1	2	1	2	0	374	1	3	1	4	0
THR123A	6	5	19	11	334	217.632917128377	5	4	19	7	717	435.488509891399	4	3	8	5
PHE270A	8	4	27	11	3294	365.74372776203	8	4	32	9	219	78.5	4	3	9	6
GLN104A	4	2	14	5	174	1	3	2	12	4	1	1	1	1	1	1
ILE255A	8	4	32	12	1636	82.5	5	2	24	4	1	1	1	1	1	1
ALA119A	4	3	11	6	8	8	2	2	5	4	8	8	2	2	2	1
VAL122A	7	6	17	15	1895	1895	4	4	10	6	2140	1883.14440723698	4	4	8	4
PHE212A	4	2	6	1	548	184	3	2	3	0	365	1	2	1	2	0
THR155A	9	8	24	16	1408	837.508428663079	9	8	31	17	973	821.008428663079	6	6	13	6
LYS139A	5	2	15	4	139	39.5523499122032	4	2	11	4	79	39.5523499122032	2	2	3	2
PRO98A	6	6	19	11	1370	1081.5	4	4	18	10	1	1	1	1	1	1
VAL97A	5	4	12	7	6	3.5	3	3	7	5	1	1	1	1	1	1
PRO177A	3	3	6	5	184	142.674832202559	2	2	5	5	1	1	1	1	1	1
PRO190A	5	4	16	11	1074	1074	2	2	7	3	1	1	1	1	1	1
SER116A	4	2	10	4	178	1	2	1	3	0	1	1	1	1	1	1
GLU286A	4	3	11	7	5	3.00895920740535	3	2	8	2	1	1	1	1	1	1
PRO222A	5	3	12	4	72	1	2	1	3	0	352	281	4	3	9	3
LEU206A	5	4	15	9	842	406	4	3	11	4	441	441	3	3	4	2
GLY117A	4	4	11	8	186	96.6419816771741	3	3	10	8	186	96.6419816771741	3	3	5	2
GLY105A	7	7	16	12	736	736	6	6	16	9	218	218	3	3	4	1
SER215A	4	2	15	4	810	240.167239038961	4	2	14	4	286	1	2	1	4	0
SER183A	2	1	3	1	1	1	1	1	1	1	184	1	2	1	2	0
ARG280A	4	2	8	3	169	109.62657826421	2	2	2	1	1	1	1	1	1	1
PRO191A	4	3	11	4	543	1	2	1	6	0	1	1	1	1	1	1
HIS178A	4	2	9	5	184	1	2	1	5	0	1	1	1	1	1	1
GLY226A	3	3	1	1	3	2.48304312505558	2	2	1	1	1	1	1	1	1	1
SER227A	2	2	2	2	3	1.51695687494442	2	2	1	1	1	1	1	1	1	1
GLN192A	4	1	6	1	402	1	3	1	5	0	184	1	2	1	1	0
GLN167A	3	1	8	1	1	1	2	1	3	0	1	1	1	1	1	1
MET160A	7	3	24	8	539	506	5	3	21	7	388	286	5	2	17	0
THR102A	3	3	7	4	184	184	2	2	4	2	1	1	1	1	1	1
GLY244A	4	4	12	11	1	1	1	1	1	1	59	59	2	2	4	1
LYS132A	4	3	11	4	1375	1063.1872079093	3	3	7	5	977	736.675506004604	2	2	2	2
SER269A	2	1	4	1	184	1	2	1	4	0	1	1	1	1	1	1
GLY199A	3	3	6	4	132	132	2	2	3	1	1	1	1	1	1	1
ASN131A	3	3	10	4	184	147.583245878719	3	3	11	4	64	64	2	2	3	2
SER121A	3	3	8	7	1	1	1	1	1	1	1	1	1	1	1	1
THR170A	5	4	14	8	141	1.5	4	3	14	3	1	1	1	1	1	1
GLU171A	3	2	13	5	1	1	2	1	9	0	1	1	1	1	1	1
SER95A	2	1	6	1	1	1	1	1	1	1	184	1	2	1	2	0
SER94A	2	1	3	1	184	1	2	1	2	0	1	1	1	1	1	1
VAL225A	2	2	2	2	1	1	1	1	1	1	1	1	1	1	1	1
GLU180A	2	2	3	1	184	184	2	2	2	0	184	184	2	2	1	0
SER241A	3	3	8	6	129	129	2	2	4	1	1	1	1	1	1	1
HIS115A	1	1	1	1	1	1	1	1	1	1	1	1	1	1	1	1
LYS120A	1	1	1	1	1	1	1	1	1	1	1	1	1	1	1	1
ARG181A	1	1	1	1	1	1	1	1	1	1	1	1	1	1	1	1
LEU201A	1	1	1	1	1	1	1	1	1	1	1	1	1	1	1	1
GLU224A	1	1	1	1	1	1	1	1	1	1	1	1	1	1	1	1
GLU287A	1	1	1	1	1	1	1	1	1	1	1	1	1	1	1	1
ASN288A	1	1	1	1	1	1	1	1	1	1	1	1	1	1	1	1
