Degree	Degree_sidechain	SecondOrderDegree	SecondOrderDegree_sidechain	NodeEdgeBetweennessSTRIDE	NodeEdgeBetweennessSTRIDE_sidechain	IntermodularDegreeSTRIDE	IntermodularDegreeSTRIDE_sidechain	SecondOrderIntermodularDegreeSTRIDE	SecondOrderIntermodularDegreeSTRIDE_sidechain	NodeEdgeBetweennessWALKTRAP	NodeEdgeBetweennessWALKTRAP_sidechain	IntermodularDegreeWALKTRAP	IntermodularDegreeWALKTRAP_sidechain	SecondOrderIntermodularDegreeWALKTRAP	SecondOrderIntermodularDegreeWALKTRAP_sidechain
CYS229A	6	4	18	9	2435	893.243794538698	6	4	18	9	717	1	2	1	2	0
TRP146A	7	3	21	4	1021	351.411808474031	5	3	16	4	909	1	3	1	3	0
ARG273A	7	3	24	7	400	230.571544506096	5	3	13	6	556	1	4	1	10	0
ASP281A	4	4	12	6	183	40.7293125256785	3	3	8	6	1	1	1	1	1	1
CYS242A	7	5	20	9	159	71.2527358110977	5	4	23	12	1	1	1	1	1	1
HIS179A	8	6	21	10	1999	271.39889636564	8	6	31	15	782	1	3	2	6	3
GLN104A	4	3	13	8	128	35.118733564308	3	3	12	9	1	1	1	1	1	1
GLY108A	8	7	20	10	1256	804.801387045387	7	6	28	13	1	1	1	1	1	1
ARG175A	7	6	21	14	5195	3315.31239844346	7	6	30	16	4433	2630	4	3	10	2
CYS141A	8	7	26	14	981	597.0801494661	5	5	22	15	1065	681.0801494661	6	6	7	4
TYR236A	8	4	30	11	4287	738.748006374892	8	4	36	9	347	1	2	1	5	0
PRO128A	4	4	9	5	1071	1003.79035018963	3	3	8	5	1	1	1	1	1	1
TYR126A	6	2	14	2	1443	241.459159896996	5	2	12	2	1	1	2	1	2	0
CYS176A	7	6	20	12	1360	531.736160132167	5	4	23	12	1	1	1	1	1	1
ARG249A	7	6	21	11	4891	3609.29521885724	7	6	23	12	4709	3518.29521885724	6	5	10	7
GLU171A	3	2	9	5	183	53.9158270168588	2	2	6	5	183	53.9158270168588	2	2	5	4
THR230A	6	6	15	12	173	106.031236917299	5	5	12	6	49	49	2	2	2	0
THR231A	5	5	14	12	298	298	2	2	2	1	1	1	1	1	1	1
TYR163A	5	3	21	9	3015	120.17443713363	5	3	24	9	1535	120.17443713363	2	2	5	4
SER241A	4	3	11	6	21	1	2	1	2	0	21	1	2	1	1	0
TYR239A	6	2	23	4	365	43.8558921817631	4	2	20	4	365	43.8558921817631	4	2	14	3
ARG213A	9	7	19	14	1985	386.109305940259	9	7	27	14	899	183	5	4	10	3
THR211A	6	6	12	9	717	717	3	3	11	7	1257	951.088899062605	3	3	7	6
GLN165A	4	3	8	5	183	60.5383307225583	4	3	8	5	1	1	1	1	1	1
GLN167A	4	2	5	3	3	3	2	2	3	2	1	1	1	1	1	1
GLY154A	5	5	15	12	462	462	4	4	13	9	324	324	4	4	7	4
PRO153A	3	2	6	4	1	1	1	1	1	1	183	180	3	2	7	3
ILE162A	7	3	22	5	2653	343.073357594303	6	3	24	6	800	58	4	2	12	2
VAL173A	8	8	18	17	2833	2554.45813947398	6	6	23	17	1563	953.762099256523	5	5	11	8
THR253A	7	7	26	15	2930	1497.65771300667	5	5	21	12	1	1	1	1	1	1
ARG156A	7	4	24	10	435	116.189635261055	5	3	19	5	435	116.189635261055	3	2	8	5
VAL217A	7	7	24	20	2303	1449.41801994609	5	5	19	12	3539	2258.89900722011	6	6	18	11
GLU271A	6	4	17	6	1800	375.561685342634	5	4	14	7	1803	278.680073936356	3	2	3	1
PRO250A	6	5	14	8	1453	1394.46166927744	6	5	19	9	739	739	2	2	5	4
ALA203A	6	6	16	14	173	58.3588083577536	4	4	16	11	11	11	3	3	4	0
GLU204A	5	2	16	3	183	1	5	2	16	2	183	1	4	1	10	0
THR125A	8	6	20	9	790	401.077517461431	6	4	18	4	1	1	1	1	1	1
CYS124A	6	4	18	13	446	250.025670617308	5	3	17	9	300	223.615934758341	2	2	5	5
ALA129A	4	3	8	5	1	1	2	1	4	0	1	1	1	1	1	1
HIS233A	3	2	7	4	149	1	2	1	3	0	1	1	1	1	1	1
THR140A	6	4	16	8	390	229.029094119618	4	3	7	2	68	1	2	1	3	0
CYS238A	12	7	32	14	7161	2466.6122076911	9	5	47	16	6280	1804	7	3	23	2
MET246A	9	5	24	13	3537	1813.36211258315	8	5	34	13	3541	1813.36211258315	7	5	23	10
LEU257A	7	5	25	14	1319	594.669571053129	6	5	30	16	1	1	1	1	1	1
LEU265A	8	5	25	15	302	266	6	4	24	9	137	137	2	2	2	1
HIS193A	7	7	17	12	879	821.079194251897	6	6	19	12	221	28.0217773537929	2	2	3	2
TYR205A	7	4	28	15	5113	1325.1644927372	7	4	26	12	3433	1325.1644927372	4	3	8	4
ASP208A	4	4	6	5	1	1	1	1	1	1	905	670.911100937395	4	4	4	2
LEU264A	5	5	15	12	86	86	2	2	3	0	1	1	1	1	1	1
GLY187A	4	4	7	4	183	15.8727068132944	3	3	4	2	1	1	1	1	1	1
LEU188A	5	1	11	1	183	1	3	1	5	0	1	1	1	1	1	1
ALA189A	6	6	16	10	2061	1422.2068829501	4	4	14	9	1345	1180.24420908505	3	3	5	3
ARG110A	7	5	17	12	1411	1044.22439647114	7	5	23	13	632	632	2	2	2	0
PRO142A	6	4	17	11	351	27.5	3	2	3	2	54	27.5	2	2	2	2
GLN192A	6	3	12	6	306	1	4	1	7	0	648	175.629029436425	4	3	6	3
PRO190A	7	5	19	11	1432	1432	2	2	6	3	1652	1624.97822264621	4	3	7	3
GLY266A	8	8	20	14	1855	1532.16102892291	5	5	15	6	1	1	1	1	1	1
PRO151A	6	5	16	11	1253	782.455517066271	6	5	21	11	708	492	3	2	8	1
TYR220A	8	4	31	10	1264	1.5	6	2	31	4	1264	1.5	5	2	13	2
ASN235A	5	5	13	8	219	202.474654225193	4	4	8	4	439	422.474654225193	4	4	5	3
LYS139A	4	1	11	1	155	1	3	1	5	0	85	1	2	1	5	0
ARG158A	8	6	23	9	3786	2393.45896195657	5	5	15	8	2144	1052.41927611584	5	4	9	7
GLU258A	6	2	21	5	2476	428.96031415927	5	2	19	4	614	1	2	1	2	0
LYS164A	5	2	15	3	757	257.118388593723	5	2	18	3	1	1	1	1	1	1
ASP184A	5	5	15	10	183	41.3627683031243	4	4	17	13	1	1	2	2	1	0
MET237A	8	5	23	10	1755	381.338276632435	7	5	27	14	1	1	2	1	6	0
PRO152A	5	4	13	10	736	424.681169298277	4	4	16	12	915	424.681169298277	5	4	8	4
LEU194A	7	7	26	22	413	339.137887416851	7	7	34	24	413	339.137887416851	6	6	21	15
PRO223A	6	5	16	10	439	435	4	3	12	4	1	1	1	1	1	1
LEU252A	4	4	8	6	1003	824.824326611705	4	4	10	6	458	279.824326611705	2	2	3	2
VAL216A	8	8	24	19	1677	1610.98125900446	6	6	25	16	1394	519.500271730431	4	4	11	7
GLY262A	5	5	9	6	914	914	3	3	7	3	914	914	3	3	4	2
PRO98A	5	5	15	8	1475	1271.89069405974	4	4	16	9	1	1	1	1	1	1
VAL97A	6	5	14	10	381	314.856426464637	5	4	19	6	381	314.856426464637	4	4	8	3
ASP207A	4	4	10	10	154	17.4991979525862	3	3	9	9	1	1	1	1	1	1
LEU206A	5	3	15	7	210	33.7278858456789	4	2	13	4	96	33.7278858456789	2	2	4	3
GLN144A	8	5	23	8	2969	624.171720946307	5	4	15	7	184	92.5	2	2	2	2
PRO219A	3	3	8	8	237	142.052855975663	2	2	2	2	393	320.875587090187	2	2	2	2
VAL218A	8	8	22	17	1261	657.21870231621	6	6	24	17	393	73.1244129098125	3	3	7	5
ILE232A	7	5	28	17	1346	444.700373484989	5	4	24	15	511	331.802441401146	2	2	6	4
TYR234A	7	4	27	11	1801	147.513757121605	5	3	18	5	1208	147.513757121605	4	3	10	3
ARG174A	4	3	14	6	145	36.498527085988	3	3	7	4	39	1	2	1	4	0
ASN247A	3	1	7	1	2	1	2	1	2	0	1	1	1	1	1	1
MET243A	4	2	6	1	2	2	3	2	3	0	1	1	1	1	1	1
GLN100A	4	3	11	5	710	305.175673388295	3	3	9	7	899	305.175673388295	4	3	8	3
MET169A	8	5	19	6	565	184	7	5	27	7	565	184	5	3	13	3
ASN200A	5	2	15	7	555	177.422489326036	4	2	14	5	1	1	1	1	1	1
VAL197A	10	8	30	22	3431	1730.51874099554	8	6	30	16	1591	239.018740995543	4	3	8	4
ILE255A	9	5	31	14	3294	755.950702745253	6	3	26	5	3989	649.107348464686	6	2	15	2
THR256A	5	5	17	14	1022	323.838971077089	2	2	4	4	853	853	2	2	5	1
VAL272A	8	8	28	20	439	382.097395661044	4	4	17	12	1275	1275	3	3	5	1
VAL274A	11	10	31	24	5871	5617.36247807448	9	8	41	23	2788	2572.62856605878	6	5	16	4
LEU130A	5	4	13	9	463	272.786953328623	4	4	12	10	1	1	1	1	1	1
SER127A	5	5	8	8	865	353.932942443749	5	5	7	6	1	1	1	1	1	1
LEU114A	3	3	10	6	237	119	3	3	6	4	237	119	3	3	2	2
ALA276A	5	3	12	7	334	1	3	1	10	0	318	1	2	1	3	0
GLN136A	6	3	18	5	1819	444.425015471612	6	3	24	3	871	444.425015471612	4	3	4	1
TYR103A	5	1	12	1	1019	1	4	1	10	0	1	1	1	1	1	1
ALA159A	6	6	23	15	261	138.535540133142	4	4	14	9	229	214.378894413709	3	3	7	5
PHE134A	7	5	21	7	293	147.864833780568	5	4	14	6	1	1	1	1	1	1
CYS275A	7	6	18	14	398	258.070576909443	5	5	19	15	75	34.3714339412175	2	2	5	4
LEU133A	7	7	24	17	987	934.480221648042	6	6	23	12	595	568.889957507009	3	3	9	5
ALA161A	7	7	22	17	934	406.612919880487	5	5	20	18	647	467.57105935447	5	5	10	7
ASN131A	3	3	9	3	1607	1366.540840103	3	3	10	3	870	870	2	2	4	0
PHE270A	8	3	21	7	5649	672.496884957395	7	3	27	7	4369	1	5	1	8	0
GLY244A	4	4	9	8	362	138.986317575005	3	3	6	6	1	1	1	1	1	1
GLY245A	7	7	19	15	530	401.304694030606	5	5	16	13	5	5	2	2	6	4
LYS132A	4	3	13	5	1451	1022.25186191778	3	3	8	6	964	686.319926063644	2	2	2	1
ARG202A	4	3	7	2	335	193.947144024337	3	3	3	1	11	1	2	1	2	0
GLU198A	5	3	15	6	330	111.49625165519	4	3	8	5	46	17.5253457748074	2	2	3	3
ARG196A	7	5	25	12	1398	634.677396287853	6	5	24	15	777	101.591298177744	3	2	5	2
ASP228A	4	2	10	2	183	1	4	2	10	2	1	1	2	2	2	2
PRO191A	4	3	15	6	1849	1	2	1	6	0	2314	291.370970563575	3	2	6	2
ALA138A	4	4	13	8	257	173.900458510871	3	3	8	4	1	1	1	1	1	1
LEU137A	7	5	25	11	721	489.144107818237	6	5	32	14	360	317.144107818237	4	4	11	4
GLY112A	5	5	15	12	1829	1467.64143912366	3	3	8	5	1	1	1	1	1	1
PHE113A	5	3	13	4	1715	1690	4	3	13	3	1690	1690	3	3	5	0
HIS214A	5	5	12	9	481	281.923080709529	5	5	12	9	1	1	1	1	1	1
VAL172A	4	4	13	12	687	687	3	3	9	6	1001	781.737900743477	3	3	5	4
SER261A	5	1	8	1	1	1	2	1	3	0	1	1	2	1	3	0
ILE195A	6	5	23	13	819	362.42894064553	6	5	23	12	306	180.42894064553	2	2	4	4
PHE109A	7	2	27	5	993	201	7	2	31	2	213	201	3	2	7	1
ASP259A	6	5	12	4	323	126.344355380812	3	2	8	2	323	126.344355380812	3	2	4	2
LEU145A	7	7	29	21	462	275.102067916157	6	6	28	16	125	69	3	3	8	5
SER96A	4	2	12	5	183	1	4	2	14	2	183	1	3	1	7	0
ASP148A	4	3	12	8	183	48.8554829191655	4	3	18	9	1	1	1	1	1	1
ILE254A	5	3	21	5	1175	889.926642405697	3	3	7	3	1	1	1	1	1	1
ASP186A	5	4	9	6	899	657.037326134954	4	3	7	3	1	1	1	1	1	1
ASN263A	4	3	7	4	487	61.6556446191877	4	3	5	1	487	61.6556446191877	4	3	5	1
SER185A	4	3	8	5	183	168.127293186706	3	3	5	4	1	1	2	1	1	0
TYR107A	5	2	14	3	268	46.6592578389867	4	2	11	3	215	46.6592578389867	2	2	4	3
ARG283A	3	2	9	1	1	1	1	1	1	1	1	1	1	1	1	1
TRP282A	6	2	16	1	297	1	3	1	9	0	1	1	1	1	1	1
THR123A	4	4	12	8	383	199.980595729452	4	4	14	9	252	125.574984528388	2	2	3	2
VAL122A	6	6	14	13	321	235.825568552678	6	6	15	10	1	1	1	1	1	1
GLU221A	4	1	10	1	147	1	3	1	6	0	223	1	3	1	3	0
GLY105A	7	7	17	13	690	690	6	6	18	9	1	1	1	1	1	1
VAL157A	10	8	34	24	2371	1549.69755859885	8	6	33	15	2298	1513.19755859885	7	5	19	5
LEU111A	8	7	25	19	3509	3179.66083506146	7	7	25	17	3331	3090.66083506146	4	4	11	3
VAL143A	6	6	19	15	262	212.5	4	4	13	10	1	1	1	1	1	1
PRO278A	7	6	17	14	671	589	6	5	19	8	505	505	3	3	5	3
GLU285A	6	4	16	7	741	163.203230365297	5	4	13	7	1	1	1	1	1	1
THR284A	3	3	8	6	1	1	1	1	1	1	1	1	1	1	1	1
CYS135A	7	6	26	19	547	124.680046252851	7	6	32	19	436	86.4139582685501	3	2	7	5
CYS182A	6	4	10	7	363	362.335651444718	3	3	9	6	183	1	2	1	1	0
SER183A	2	2	4	4	1	1	1	1	1	1	183	183	2	2	1	0
HIS168A	4	3	9	6	539	281.614516992273	3	2	9	5	538	281.614516992273	2	2	5	4
SER240A	4	3	18	11	183	183	4	3	19	9	183	183	4	3	14	4
HIS178A	5	2	13	3	74	1.66434855528242	3	2	9	2	1	1	1	1	1	1
CYS277A	7	4	12	5	277	54.3673382963149	3	2	6	1	1	1	1	1	1	1
PRO222A	6	4	14	4	208	75.1078768232229	3	2	6	2	382	249.107876823223	3	3	3	1
ARG280A	5	3	10	5	209	155.632661703685	2	2	2	1	1	1	1	1	1	1
PHE212A	3	1	6	1	183	1	2	1	2	0	183	1	2	1	2	0
THR155A	9	8	29	18	1429	862.739240286451	9	8	34	18	497	266.659572862736	4	3	11	4
THR150A	3	3	8	5	513	248.187367633663	3	3	7	5	208	133.892123176777	2	2	2	2
ASP268A	4	4	12	10	363	241.339164938542	3	3	12	10	545	423.339164938542	3	3	4	3
GLY279A	6	6	16	12	27	11.768820246258	2	2	5	5	1	1	1	1	1	1
ARG267A	5	4	12	6	443	388.754786790523	3	3	3	1	314	259.754786790523	2	2	3	3
SER99A	5	4	10	5	429	55.2452132094772	3	2	4	2	556	297.245213209477	4	4	5	3
ASN210A	3	1	7	1	1	1	1	1	1	1	183	1	2	1	3	0
GLU286A	3	3	8	5	197	101.489754037997	2	2	4	4	1	1	1	1	1	1
VAL147A	8	6	23	9	168	167.5	7	5	29	5	279	278.5	3	3	6	1
SER149A	4	2	11	2	189	54	4	2	14	1	1	1	1	1	1	1
SER215A	6	3	18	7	927	254.245182831341	5	3	15	5	505	254.245182831341	2	2	4	3
SER116A	3	2	10	5	233	89.9224825385692	3	2	10	3	1	1	1	1	1	1
ILE251A	5	4	17	12	183	71	5	4	22	14	117	59	2	2	5	5
PRO177A	5	5	11	9	273	172.70898839439	3	3	4	3	1	1	1	1	1	1
SER166A	2	2	3	2	1	1	1	1	1	1	1	1	1	1	1	1
MET160A	6	2	17	3	565	423	4	2	12	2	342	1	2	1	4	0
ARG248A	3	2	7	3	215	21	3	2	6	0	21	21	2	2	1	0
GLY199A	3	3	6	4	317	317	3	3	6	3	1	1	1	1	1	1
GLY226A	3	3	4	4	541	541	2	2	3	2	1	1	1	1	1	1
SER227A	4	3	6	4	1257	717	4	3	9	4	717	717	3	3	2	1
SER106A	2	1	6	1	183	1	2	1	5	0	1	1	1	1	1	1
THR102A	2	2	4	1	1	1	1	1	1	1	1	1	1	1	1	1
GLU224A	2	1	2	1	1	1	1	1	1	1	1	1	1	1	1	1
VAL225A	3	3	2	2	1	1	1	1	1	1	1	1	1	1	1	1
SER260A	4	2	9	1	142	1	2	1	3	0	1	1	1	1	1	1
THR170A	5	4	13	9	183	67.1435735353633	3	2	12	3	183	67.1435735353633	3	2	7	3
LYS101A	3	1	7	1	130	1	2	1	2	0	54	1	2	1	3	0
SER269A	2	1	3	1	1	1	1	1	1	1	183	1	2	1	2	0
GLU180A	2	2	5	3	183	183	2	2	3	0	183	183	2	2	3	2
ARG209A	2	1	3	1	1	1	1	1	1	1	183	1	2	1	3	0
HIS115A	1	1	1	1	1	1	1	1	1	1	1	1	1	1	1	1
ARG181A	1	1	1	1	1	1	1	1	1	1	1	1	1	1	1	1
LEU201A	1	1	1	1	1	1	1	1	1	1	1	1	1	1	1	1
GLU287A	1	1	1	1	1	1	1	1	1	1	1	1	1	1	1	1
ASN288A	1	1	1	1	1	1	1	1	1	1	1	1	1	1	1	1
