Degree	Degree_sidechain	SecondOrderDegree	SecondOrderDegree_sidechain	NodeEdgeBetweennessSTRIDE	NodeEdgeBetweennessSTRIDE_sidechain	IntermodularDegreeSTRIDE	IntermodularDegreeSTRIDE_sidechain	SecondOrderIntermodularDegreeSTRIDE	SecondOrderIntermodularDegreeSTRIDE_sidechain	NodeEdgeBetweennessWALKTRAP	NodeEdgeBetweennessWALKTRAP_sidechain	IntermodularDegreeWALKTRAP	IntermodularDegreeWALKTRAP_sidechain	SecondOrderIntermodularDegreeWALKTRAP	SecondOrderIntermodularDegreeWALKTRAP_sidechain
CYS229A	0.306382863491238	-0.00549074121158897	0.394699519989707	0.154608040499217	1.23090780235526	0.587020481098511	0.986858945091748	0.480863657613937	0.473135665392868	0.507571223282923	0.176484254126967	-0.48292156505499	-0.276655697928722	-0.803290669993073	-0.552310265643547	-0.938925518647572
TRP146A	0.80293440087359	-0.52162041510096	0.79652358005143	-0.777004511226835	0.0783213519801105	-0.15217674143035	0.468620169456975	-0.117827518753084	0.268418737673974	-0.415285546322392	0.371942514956833	-0.48292156505499	0.407703133789695	-0.803290669993073	-0.325597754855366	-0.938925518647572
ARG273A	0.80293440087359	-0.52162041510096	1.19834764011315	-0.218036980191204	-0.427871141430759	-0.317033726237614	0.468620169456975	-0.117827518753084	-0.0386566539043655	-0.0461428384802658	0.0125843583269229	-0.48292156505499	1.09206196550811	-0.803290669993073	1.2613898206619	-0.938925518647572
ASP281A	-0.686720211273465	-0.00549074121158897	-0.408948600133739	-0.404359490536414	-0.604753220448727	-0.576027019745126	-0.567857381812571	-0.117827518753084	-0.550448973201599	-0.0461428384802658	-0.552412176884408	-0.48292156505499	-0.961014529647139	-0.803290669993073	-0.779022776431727	-0.470708018632337
CYS242A	0.80293440087359	0.510638932677782	0.662582226697522	0.154608040499217	-0.624316215363157	-0.534385274158032	0.468620169456975	0.480863657613937	0.984927984690101	1.06128528504611	-0.552412176884408	-0.48292156505499	-0.961014529647139	-0.803290669993073	-0.779022776431727	-0.470708018632337
HIS179A	1.29948593825594	1.02676860656715	0.79652358005143	0.340930550844428	0.875513394743122	-0.261334790268593	2.02333649636129	1.67824601034798	1.80379569556567	1.6149993468093	0.242655019512078	-0.48292156505499	0.407703133789695	0.0357018075552477	0.354539777509176	0.465726981398133
GLN104A	-0.686720211273465	-0.52162041510096	-0.275007246779832	-0.0317144698459932	-0.649585083794296	-0.5836812824902	-0.567857381812571	-0.117827518753084	-0.141015117763812	0.507571223282923	-0.552412176884408	-0.48292156505499	-0.961014529647139	-0.803290669993073	-0.779022776431727	-0.470708018632337
GLY108A	1.29948593825594	1.54289828045652	0.662582226697522	0.340930550844428	0.269875677183902	0.466362447512029	1.50509772072652	1.67824601034798	1.49672030398733	1.24585663896718	-0.552412176884408	-0.48292156505499	-0.961014529647139	-0.803290669993073	-0.779022776431727	-0.470708018632337
ARG175A	0.80293440087359	1.02676860656715	0.79652358005143	1.08622059222527	3.48065221751468	3.89134069627141	1.50509772072652	1.67824601034798	1.70143723170623	1.79957070073036	3.959416010605	4.19644146371616	1.09206196550811	0.874694285103568	1.2613898206619	-0.00249051861710228
CYS141A	1.29948593825594	1.54289828045652	1.46623034682097	1.08622059222527	0.045716360456061	0.182977623751289	0.468620169456975	1.07955483398096	0.882569520830654	1.6149993468093	0.530752351881099	0.727554626657762	2.46077962894495	3.39167171774853	0.581252288297357	0.933944481413368
TYR236A	1.29948593825594	-0.00549074121158897	2.0019957602366	0.527253061189638	2.74051890991876	0.376248765067957	2.02333649636129	0.480863657613937	2.31558801486291	0.507571223282923	-0.200180102680587	-0.48292156505499	-0.276655697928722	-0.803290669993073	0.127827266720996	-0.938925518647572
PRO128A	-0.686720211273465	-0.00549074121158897	-0.810772660195462	-0.590682000881625	0.119077591385172	0.737834218564998	-0.567857381812571	-0.117827518753084	-0.550448973201599	-0.230714192401329	-0.552412176884408	-0.48292156505499	-0.961014529647139	-0.803290669993073	-0.779022776431727	-0.470708018632337
TYR126A	0.306382863491238	-1.03775008899033	-0.141065893425924	-1.14964953191726	0.422304012558833	-0.3021802379536	0.468620169456975	-0.716518695120104	-0.141015117763812	-0.784428254164518	-0.552412176884408	-0.48292156505499	-0.276655697928722	-0.803290669993073	-0.552310265643547	-0.938925518647572
CYS176A	0.80293440087359	1.02676860656715	0.662582226697522	0.713575571534849	0.35464865514643	0.0938317322814669	0.468620169456975	0.480863657613937	0.984927984690101	1.06128528504611	-0.552412176884408	-0.48292156505499	-0.961014529647139	-0.803290669993073	-0.779022776431727	-0.470708018632337
ARG249A	0.80293440087359	1.02676860656715	0.79652358005143	0.527253061189638	3.2328542819319	4.29240835176255	1.50509772072652	1.67824601034798	0.984927984690101	1.06128528504611	4.24038726054793	5.77752012699297	2.46077962894495	2.55267924020021	1.2613898206619	2.33859698145907
GLU171A	-1.18327174865582	-1.03775008899033	-0.810772660195462	-0.590682000881625	-0.604753220448727	-0.558037245908567	-1.08609615744734	-0.716518695120104	-0.755165900920492	-0.230714192401329	-0.367134033806098	-0.388736565214922	-0.276655697928722	0.0357018075552477	0.127827266720996	0.933944481413368
THR230A	0.306382863491238	1.02676860656715	-0.00712454007201626	0.713575571534849	-0.61290446832974	-0.486938515600753	0.468620169456975	1.07955483398096	-0.141015117763812	-0.0461428384802658	-0.503547611676942	-0.397486256808122	-0.276655697928722	0.0357018075552477	-0.552310265643547	-0.938925518647572
THR231A	-0.190168673891113	0.510638932677782	-0.141065893425924	0.713575571534849	-0.511013869817085	-0.22504409051582	-1.08609615744734	-0.716518695120104	-1.16459975635828	-0.968999608085581	-0.552412176884408	-0.48292156505499	-0.961014529647139	-0.803290669993073	-0.779022776431727	-0.470708018632337
TYR163A	-0.190168673891113	-0.52162041510096	0.79652358005143	0.154608040499217	1.70368017945398	-0.467643578080521	0.468620169456975	-0.117827518753084	1.08728644854955	0.507571223282923	1.00921788620421	-0.270802715645435	-0.276655697928722	0.0357018075552477	0.127827266720996	0.933944481413368
SER241A	-0.686720211273465	-0.52162041510096	-0.542889953487647	-0.404359490536414	-0.736803436121128	-0.630227949603958	-1.08609615744734	-1.31520987148712	-1.16459975635828	-1.15357096200664	-0.532051941381297	-0.48292156505499	-0.276655697928722	-0.803290669993073	-0.779022776431727	-0.938925518647572
TYR239A	0.306382863491238	-1.03775008899033	1.06440628675925	-0.777004511226835	-0.456400509014302	-0.571761566510113	-0.0496186061777976	-0.716518695120104	0.677852593111761	-0.415285546322392	-0.181855890727788	-0.406642265914501	1.09206196550811	0.0357018075552477	2.16823986381462	0.465726981398133
ARG213A	1.79603747563829	1.54289828045652	0.528640873343614	1.08622059222527	0.864101647709705	-0.104840492527768	2.54157527199607	2.276937186715	1.39436184012789	1.43042799288824	0.361762397205277	-0.15897935461895	1.77642079722653	1.71368676265189	1.2613898206619	0.465726981398133
THR211A	0.306382863491238	1.02676860656715	-0.408948600133739	0.154608040499217	-0.169476583602666	0.34657892954455	-0.567857381812571	-0.117827518753084	-0.243373581623259	0.138428515440797	0.726210612710965	1.20814380897294	0.407703133789695	0.874694285103568	0.581252288297357	1.87037948144384
GLN165A	-0.686720211273465	-0.52162041510096	-0.94471401354937	-0.590682000881625	-0.604753220448727	-0.549002459348632	-0.0496186061777976	-0.117827518753084	-0.550448973201599	-0.230714192401329	-0.552412176884408	-0.48292156505499	-0.961014529647139	-0.803290669993073	-0.779022776431727	-0.470708018632337
GLN167A	-0.686720211273465	-1.03775008899033	-1.34653807361109	-0.963327021572046	-0.75147568230695	-0.627499438768348	-1.08609615744734	-0.716518695120104	-1.06224129249883	-0.784428254164518	-0.552412176884408	-0.48292156505499	-0.961014529647139	-0.803290669993073	-0.779022776431727	-0.470708018632337
GLY154A	-0.190168673891113	0.510638932677782	-0.00712454007201626	0.713575571534849	-0.377333404568482	-0.00130620199577096	-0.0496186061777976	0.480863657613937	-0.0386566539043655	0.507571223282923	-0.223594373509165	0.0919868633562241	1.09206196550811	1.71368676265189	0.581252288297357	0.933944481413368
PRO153A	-1.18327174865582	-1.03775008899033	-1.21259672025719	-0.777004511226835	-0.753105931883153	-0.630227949603958	-1.60433493308212	-1.31520987148712	-1.26695822021773	-0.968999608085581	-0.367134033806098	-0.164319061384379	0.407703133789695	0.0357018075552477	0.581252288297357	0.465726981398133
ILE162A	0.80293440087359	-0.52162041510096	0.930464933405337	-0.590682000881625	1.40860500616133	-0.163552518219123	0.986858945091748	-0.117827518753084	1.08728644854955	-0.0461428384802658	0.260979231464878	-0.381467136511835	1.09206196550811	0.0357018075552477	1.71481484223826	-0.00249051861710228
VAL173A	1.29948593825594	2.05902795434589	0.394699519989707	1.6451881232609	1.55532746801956	2.85334115131215	0.986858945091748	1.67824601034798	0.984927984690101	1.98414205465143	1.03772221590856	1.21290184402655	1.77642079722653	2.55267924020021	1.48810233145008	2.80681448147431
THR253A	0.80293440087359	1.54289828045652	1.46623034682097	1.27254310257048	1.63439457246538	1.4115954439653	0.468620169456975	1.07955483398096	0.780211056971208	1.06128528504611	-0.552412176884408	-0.48292156505499	-0.961014529647139	-0.803290669993073	-0.779022776431727	-0.470708018632337
ARG156A	0.80293440087359	-0.00549074121158897	1.19834764011315	0.340930550844428	-0.399341773847215	-0.473079865624062	0.468620169456975	-0.117827518753084	0.575494129252314	-0.230714192401329	-0.110595066466899	-0.27789527348473	0.407703133789695	0.0357018075552477	0.807964799085538	1.4021619814286
VAL217A	0.80293440087359	1.54289828045652	1.19834764011315	2.20415565429653	1.1233113303259	1.34578418135414	0.468620169456975	1.07955483398096	0.575494129252314	1.06128528504611	3.04931348361593	3.5359179697814	2.46077962894495	3.39167171774853	3.07508990696734	4.21146698152001
GLU271A	0.306382863491238	-0.00549074121158897	0.260758166635799	-0.404359490536414	0.713303561910975	-0.119230141073032	0.468620169456975	0.480863657613937	0.0637018099550812	0.138428515440797	1.2820450419459	0.0113218247526274	0.407703133789695	0.0357018075552477	-0.325597754855366	-0.470708018632337
PRO250A	0.306382863491238	0.510638932677782	-0.141065893425924	-0.0317144698459932	0.430455260439846	1.27080968221164	0.986858945091748	1.07955483398096	0.575494129252314	0.507571223282923	0.198880513180389	0.830646299240601	-0.276655697928722	0.0357018075552477	0.127827266720996	0.933944481413368
ALA203A	0.306382863491238	1.02676860656715	0.126816813281891	1.08622059222527	-0.61290446832974	-0.551975884543044	-0.0496186061777976	0.480863657613937	0.268418737673974	0.876713931125049	-0.542232059132853	-0.465122542503559	0.407703133789695	0.874694285103568	-0.0988852440671852	-0.938925518647572
GLU204A	-0.190168673891113	-1.03775008899033	0.126816813281891	-0.963327021572046	-0.604753220448727	-0.630227949603958	0.468620169456975	-0.716518695120104	0.268418737673974	-0.784428254164518	-0.367134033806098	-0.48292156505499	1.09206196550811	-0.803290669993073	1.2613898206619	-0.938925518647572
THR125A	1.29948593825594	1.02676860656715	0.662582226697522	0.154608040499217	-0.109972474071276	-0.0844200288651553	0.986858945091748	0.480863657613937	0.473135665392868	-0.415285546322392	-0.552412176884408	-0.48292156505499	-0.961014529647139	-0.803290669993073	-0.779022776431727	-0.470708018632337
CYS124A	0.306382863491238	-0.00549074121158897	0.394699519989707	0.899898081880059	-0.390375401178102	-0.290493329291728	0.468620169456975	-0.117827518753084	0.370777201533421	0.507571223282923	-0.248026656112898	-0.0866869607478345	-0.276655697928722	0.0357018075552477	0.127827266720996	1.4021619814286
ALA129A	-0.686720211273465	-0.52162041510096	-0.94471401354937	-0.590682000881625	-0.753105931883153	-0.630227949603958	-1.08609615744734	-1.31520987148712	-0.959882828639385	-1.15357096200664	-0.552412176884408	-0.48292156505499	-0.961014529647139	-0.803290669993073	-0.779022776431727	-0.470708018632337
HIS233A	-1.18327174865582	-1.03775008899033	-1.07865536690328	-0.777004511226835	-0.63246746324417	-0.630227949603958	-1.08609615744734	-1.31520987148712	-1.06224129249883	-1.15357096200664	-0.552412176884408	-0.48292156505499	-0.961014529647139	-0.803290669993073	-0.779022776431727	-0.470708018632337
THR140A	0.306382863491238	-0.00549074121158897	0.126816813281891	-0.0317144698459932	-0.436022389311771	-0.319138022534063	-0.0496186061777976	-0.117827518753084	-0.652807437061045	-0.784428254164518	-0.484205387948986	-0.48292156505499	-0.276655697928722	-0.803290669993073	-0.325597754855366	-0.938925518647572
CYS238A	3.28569208778535	1.54289828045652	2.26987846694441	1.08622059222527	5.08318755092172	2.73349686294521	2.54157527199607	1.07955483398096	3.44153111731682	1.79957070073036	5.8396837593173	2.72624220096798	3.14513846066336	0.874694285103568	4.20865246090825	-0.00249051861710228
MET246A	1.79603747563829	0.510638932677782	1.19834764011315	0.899898081880059	2.12917531884283	1.84229688151244	2.02333649636129	1.07955483398096	2.11087108714401	1.24585663896718	3.05134950716625	2.74290584626763	3.14513846066336	2.55267924020021	4.20865246090825	3.74324948150478
LEU257A	0.80293440087359	0.510638932677782	1.33228899346706	1.08622059222527	0.32122853883428	0.179688979091349	0.986858945091748	1.07955483398096	1.70143723170623	1.79957070073036	-0.552412176884408	-0.48292156505499	-0.961014529647139	-0.803290669993073	-0.779022776431727	-0.470708018632337
LEU265A	1.29948593825594	0.510638932677782	1.33228899346706	1.27254310257048	-0.50775337066468	-0.268700263885586	0.986858945091748	0.480863657613937	1.08728644854955	0.507571223282923	-0.413962575463253	-0.240854858355531	-0.276655697928722	0.0357018075552477	-0.552310265643547	-0.470708018632337
HIS193A	0.80293440087359	1.54289828045652	0.260758166635799	0.713575571534849	-0.0374263679302653	0.488569534183498	0.986858945091748	1.67824601034798	0.575494129252314	1.06128528504611	-0.328449586350187	-0.434825442605	-0.276655697928722	0.0357018075552477	-0.325597754855366	-0.00249051861710228
TYR205A	0.80293440087359	-0.00549074121158897	1.73411305352878	1.27254310257048	3.41381198489038	1.17627063367802	1.50509772072652	0.480863657613937	1.29200337626844	1.06128528504611	2.94140423544945	1.87396180174834	1.09206196550811	0.874694285103568	0.807964799085538	0.933944481413368
ASP208A	-0.686720211273465	-0.00549074121158897	-1.21259672025719	-0.590682000881625	-0.753105931883153	-0.630227949603958	-1.60433493308212	-1.31520987148712	-1.26695822021773	-0.968999608085581	0.36787046785621	0.709454714248862	1.09206196550811	1.71368676265189	-0.0988852440671852	-0.00249051861710228
LEU264A	-0.190168673891113	0.510638932677782	-0.00712454007201626	0.713575571534849	-0.683820324894548	-0.514266239090518	-1.08609615744734	-0.716518695120104	-1.06224129249883	-1.15357096200664	-0.552412176884408	-0.48292156505499	-0.961014529647139	-0.803290669993073	-0.779022776431727	-0.470708018632337
GLY187A	-0.686720211273465	-0.00549074121158897	-1.07865536690328	-0.777004511226835	-0.604753220448727	-0.609937778756493	-0.567857381812571	-0.117827518753084	-0.959882828639385	-0.784428254164518	-0.552412176884408	-0.48292156505499	-0.961014529647139	-0.803290669993073	-0.779022776431727	-0.470708018632337
LEU188A	-0.190168673891113	-1.5538797628797	-0.542889953487647	-1.33597204226247	-0.604753220448727	-0.630227949603958	-0.567857381812571	-1.31520987148712	-0.857524364779939	-1.15357096200664	-0.552412176884408	-0.48292156505499	-0.961014529647139	-0.803290669993073	-0.779022776431727	-0.470708018632337
ALA189A	0.306382863491238	1.02676860656715	0.126816813281891	0.340930550844428	0.926051131605399	1.30866124028273	-0.0496186061777976	0.480863657613937	0.0637018099550812	0.507571223282923	0.815795648924653	1.61601786205991	0.407703133789695	0.874694285103568	0.127827266720996	0.465726981398133
ARG110A	0.80293440087359	0.510638932677782	0.260758166635799	0.713575571534849	0.396220019339594	0.792996585268331	1.50509772072652	1.07955483398096	0.984927984690101	1.24585663896718	0.0899532532387448	0.640196757940292	-0.276655697928722	0.0357018075552477	-0.552310265643547	-0.938925518647572
PRO142A	0.306382863491238	-0.00549074121158897	0.260758166635799	0.527253061189638	-0.467812256047719	-0.594075181032121	-0.567857381812571	-0.716518695120104	-1.06224129249883	-0.784428254164518	-0.498457552801164	-0.435754155293698	-0.276655697928722	0.0357018075552477	-0.552310265643547	-0.00249051861710228
GLN192A	0.306382863491238	-0.52162041510096	-0.408948600133739	-0.404359490536414	-0.504492871512275	-0.630227949603958	-0.0496186061777976	-1.31520987148712	-0.652807437061045	-1.15357096200664	0.106241441641234	-0.17209896174765	1.09206196550811	0.874694285103568	0.354539777509176	0.465726981398133
PRO190A	0.80293440087359	0.510638932677782	0.528640873343614	0.527253061189638	0.41333763988972	1.32202155327525	-1.08609615744734	-0.716518695120104	-0.755165900920492	-0.599856900243455	1.12832526389741	2.40760093573624	1.09206196550811	0.874694285103568	0.581252288297357	0.465726981398133
GLY266A	1.29948593825594	2.05902795434589	0.662582226697522	1.08622059222527	0.758135425256544	1.45866677963628	0.468620169456975	1.07955483398096	0.166060273814528	-0.0461428384802658	-0.552412176884408	-0.48292156505499	-0.961014529647139	-0.803290669993073	-0.779022776431727	-0.470708018632337
PRO151A	0.306382863491238	0.510638932677782	0.126816813281891	0.527253061189638	0.267430302819598	0.435876973327449	0.986858945091748	1.07955483398096	0.780211056971208	0.876713931125049	0.167322148150567	0.391010442220261	0.407703133789695	0.0357018075552477	0.807964799085538	-0.470708018632337
TYR220A	1.29948593825594	-0.00549074121158897	2.13593711359051	0.340930550844428	0.276396675488712	-0.629545821895056	0.986858945091748	-0.716518695120104	1.80379569556567	-0.415285546322392	0.733336695137054	-0.482031613927418	1.77642079722653	0.0357018075552477	1.94152735302644	-0.00249051861710228
ASN235A	-0.190168673891113	0.510638932677782	-0.275007246779832	-0.0317144698459932	-0.575408728077083	-0.355365061026814	-0.0496186061777976	0.480863657613937	-0.550448973201599	-0.415285546322392	-0.106523019366277	0.267262122486079	1.09206196550811	1.71368676265189	0.127827266720996	0.465726981398133
LYS139A	-0.686720211273465	-1.5538797628797	-0.542889953487647	-1.33597204226247	-0.627576714515562	-0.630227949603958	-0.567857381812571	-1.31520987148712	-0.857524364779939	-1.15357096200664	-0.466899187771342	-0.48292156505499	-0.276655697928722	-0.803290669993073	0.127827266720996	-0.938925518647572
ARG158A	1.29948593825594	1.02676860656715	1.06440628675925	0.154608040499217	2.33214139108004	2.63369715112184	0.468620169456975	1.07955483398096	0.166060273814528	0.32299986936186	1.62918705727394	1.38850197560449	1.77642079722653	1.71368676265189	1.03467730987372	2.33859698145907
GLU258A	0.306382863491238	-1.03775008899033	0.79652358005143	-0.590682000881625	1.26432791866741	-0.0463807724065673	0.468620169456975	-0.716518695120104	0.575494129252314	-0.415285546322392	0.0716290412859449	-0.48292156505499	-0.276655697928722	-0.803290669993073	-0.552310265643547	-0.938925518647572
LYS164A	-0.190168673891113	-1.03775008899033	-0.00712454007201626	-0.963327021572046	-0.136871592078616	-0.28081705036544	0.468620169456975	-0.716518695120104	0.473135665392868	-0.599856900243455	-0.552412176884408	-0.48292156505499	-0.961014529647139	-0.803290669993073	-0.779022776431727	-0.470708018632337
ASP184A	-0.190168673891113	0.510638932677782	-0.00712454007201626	0.340930550844428	-0.604753220448727	-0.575162824268806	-0.0496186061777976	0.480863657613937	0.370777201533421	1.24585663896718	-0.552412176884408	-0.48292156505499	-0.276655697928722	0.0357018075552477	-0.779022776431727	-0.938925518647572
MET237A	1.29948593825594	0.510638932677782	1.06440628675925	0.340930550844428	0.67662294644642	-0.111349395109475	1.50509772072652	1.07955483398096	1.39436184012789	1.43042799288824	-0.552412176884408	-0.48292156505499	-0.276655697928722	-0.803290669993073	0.354539777509176	-0.938925518647572
PRO152A	-0.190168673891113	-0.00549074121158897	-0.275007246779832	0.340930550844428	-0.153989212628742	-0.0522186189667507	-0.0496186061777976	0.480863657613937	0.268418737673974	1.06128528504611	0.378050585607766	0.271189503640669	1.77642079722653	1.71368676265189	0.807964799085538	0.933944481413368
LEU194A	0.80293440087359	1.54289828045652	1.46623034682097	2.57680067498695	-0.417274519185443	-0.168921504730322	1.50509772072652	2.276937186715	2.11087108714401	3.27614153209887	-0.132991325520321	0.118930823307579	2.46077962894495	3.39167171774853	3.75522743933189	6.08433698158095
PRO223A	0.306382863491238	0.510638932677782	0.126816813281891	0.340930550844428	-0.39608127469481	-0.0381410982765108	-0.0496186061777976	-0.117827518753084	-0.141015117763812	-0.415285546322392	-0.552412176884408	-0.48292156505499	-0.961014529647139	-0.803290669993073	-0.779022776431727	-0.470708018632337
LEU252A	-0.686720211273465	-0.00549074121158897	-0.94471401354937	-0.404359490536414	0.0636491057942883	0.493678851295763	-0.0496186061777976	0.480863657613937	-0.345732045482705	-0.0461428384802658	-0.0871807956383212	0.0133584826699333	-0.276655697928722	0.0357018075552477	-0.325597754855366	-0.00249051861710228
VAL216A	1.29948593825594	2.05902795434589	1.19834764011315	2.01783314395132	0.613043212974523	1.56619770555767	0.986858945091748	1.67824601034798	1.18964491240899	1.79957070073036	0.865678225907275	0.439958237890303	1.09206196550811	1.71368676265189	1.48810233145008	2.33859698145907
GLY262A	-0.190168673891113	0.510638932677782	-0.810772660195462	-0.404359490536414	-0.00889700034672198	0.61533724685217	-0.567857381812571	-0.117827518753084	-0.652807437061045	-0.599856900243455	0.37703257383261	1.14212919389064	0.407703133789695	0.874694285103568	-0.0988852440671852	-0.00249051861710228
PRO98A	-0.190168673891113	0.510638932677782	-0.00712454007201626	-0.0317144698459932	0.448388005778073	1.10359156520523	-0.0496186061777976	0.480863657613937	0.268418737673974	0.507571223282923	-0.552412176884408	-0.48292156505499	-0.961014529647139	-0.803290669993073	-0.779022776431727	-0.470708018632337
VAL97A	0.306382863491238	0.510638932677782	-0.141065893425924	0.340930550844428	-0.443358512404682	-0.202047619386605	0.468620169456975	0.480863657613937	0.575494129252314	-0.0461428384802658	-0.165567702325299	0.0757121962005644	1.09206196550811	1.71368676265189	0.807964799085538	0.465726981398133
ASP207A	-0.686720211273465	-0.00549074121158897	-0.676831306841555	0.340930550844428	-0.628391839303663	-0.607718829407702	-0.567857381812571	-0.117827518753084	-0.448090509342152	0.507571223282923	-0.552412176884408	-0.48292156505499	-0.961014529647139	-0.803290669993073	-0.779022776431727	-0.470708018632337
LEU206A	-0.190168673891113	-0.52162041510096	-0.00712454007201626	-0.218036980191204	-0.582744851169994	-0.585578754025681	-0.0496186061777976	-0.716518695120104	-0.0386566539043655	-0.415285546322392	-0.455701058244631	-0.424669127232201	-0.276655697928722	0.0357018075552477	-0.0988852440671852	0.465726981398133
GLN144A	1.29948593825594	0.510638932677782	1.06440628675925	-0.0317144698459932	1.66618443920132	0.219937446920018	0.468620169456975	0.480863657613937	0.166060273814528	0.138428515440797	-0.366116022030942	-0.320060508709398	-0.276655697928722	0.0357018075552477	-0.552310265643547	-0.00249051861710228
PRO219A	-1.18327174865582	-0.52162041510096	-0.94471401354937	-0.0317144698459932	-0.560736481891261	-0.437795826642266	-1.08609615744734	-0.716518695120104	-1.16459975635828	-0.784428254164518	-0.153351561023432	0.0864257137720507	-0.276655697928722	0.0357018075552477	-0.552310265643547	-0.00249051861710228
VAL218A	1.29948593825594	2.05902795434589	0.930464933405337	1.6451881232609	0.273951301124408	0.265021970296015	0.986858945091748	1.67824601034798	1.08728644854955	1.98414205465143	-0.153351561023432	-0.354547159865944	0.407703133789695	0.874694285103568	0.581252288297357	1.4021619814286
ILE232A	0.80293440087359	0.510638932677782	1.73411305352878	1.6451881232609	0.343236908113013	-0.0249073111948802	0.468620169456975	0.480863657613937	1.08728644854955	1.6149993468093	-0.033226171555077	0.105874446401746	-0.276655697928722	0.0357018075552477	0.354539777509176	0.933944481413368
TYR234A	0.80293440087359	-0.00549074121158897	1.60017170017488	0.527253061189638	0.714118686699077	-0.430345762667816	0.468620169456975	-0.117827518753084	0.473135665392868	-0.230714192401329	0.676328035728343	-0.22214139834476	1.09206196550811	0.874694285103568	1.2613898206619	0.465726981398133
ARG174A	-0.686720211273465	-0.52162041510096	-0.141065893425924	-0.404359490536414	-0.635727962396574	-0.581798891702795	-0.567857381812571	-0.117827518753084	-0.652807437061045	-0.415285546322392	-0.513727729428497	-0.48292156505499	-0.276655697928722	-0.803290669993073	-0.0988852440671852	-0.938925518647572
ASN247A	-1.18327174865582	-1.5538797628797	-1.07865536690328	-1.33597204226247	-0.752290807095052	-0.630227949603958	-1.08609615744734	-1.31520987148712	-1.16459975635828	-1.15357096200664	-0.552412176884408	-0.48292156505499	-0.961014529647139	-0.803290669993073	-0.779022776431727	-0.470708018632337
MET243A	-0.686720211273465	-1.03775008899033	-1.21259672025719	-1.33597204226247	-0.752290807095052	-0.628863694186153	-0.567857381812571	-0.716518695120104	-1.06224129249883	-1.15357096200664	-0.552412176884408	-0.48292156505499	-0.961014529647139	-0.803290669993073	-0.779022776431727	-0.470708018632337
GLN100A	-0.686720211273465	-0.52162041510096	-0.542889953487647	-0.590682000881625	-0.175182457119375	-0.215254639219438	-0.567857381812571	-0.117827518753084	-0.448090509342152	0.138428515440797	0.361762397205277	0.0584814019685011	1.09206196550811	0.874694285103568	0.807964799085538	0.465726981398133
MET169A	1.29948593825594	0.510638932677782	0.528640873343614	-0.404359490536414	-0.293375551394054	-0.380569208145611	1.50509772072652	1.07955483398096	1.39436184012789	0.138428515440797	0.0217464643033228	-0.157199452363807	1.77642079722653	0.874694285103568	1.94152735302644	0.465726981398133
ASN200A	-0.190168673891113	-1.03775008899033	-0.00712454007201626	-0.218036980191204	-0.301526799275067	-0.389542612718237	-0.0496186061777976	-0.716518695120104	0.0637018099550812	-0.230714192401329	-0.552412176884408	-0.48292156505499	-0.961014529647139	-0.803290669993073	-0.779022776431727	-0.470708018632337
VAL197A	2.29258901302065	2.05902795434589	2.0019957602366	2.57680067498695	2.0427720913041	1.7292773629948	2.02333649636129	1.67824601034798	1.70143723170623	1.79957070073036	1.06622654561292	-0.0592714711907064	1.09206196550811	0.874694285103568	0.807964799085538	0.933944481413368
ILE255A	1.79603747563829	0.510638932677782	2.13593711359051	1.08622059222527	1.93109999533423	0.39971763679208	0.986858945091748	-0.117827518753084	1.29200337626844	-0.230714192401329	3.50741878243593	0.670646166052105	2.46077962894495	0.0357018075552477	2.3949523746028	-0.00249051861710228
THR256A	-0.190168673891113	0.510638932677782	0.260758166635799	1.08622059222527	0.0791364767682118	-0.189793134233391	-1.08609615744734	-0.716518695120104	-0.959882828639385	-0.415285546322392	0.314933855548122	1.03355515632691	-0.276655697928722	0.0357018075552477	0.127827266720996	-0.470708018632337
VAL272A	1.29948593825594	2.05902795434589	1.73411305352878	2.20415565429653	-0.39608127469481	-0.110313762861935	-0.0496186061777976	0.480863657613937	0.370777201533421	1.06128528504611	0.744534824663765	1.78467390799729	0.407703133789695	0.874694285103568	0.127827266720996	-0.470708018632337
VAL274A	2.789140550403	3.09128730212463	2.13593711359051	2.94944569567738	4.03167657427112	7.03192498946687	2.54157527199607	2.87562836308202	2.82738033416014	3.09157017817781	2.28478664047411	4.0943259190634	2.46077962894495	2.55267924020021	2.62166488539098	0.933944481413368
LEU130A	-0.190168673891113	-0.00549074121158897	-0.275007246779832	0.154608040499217	-0.376518279780381	-0.259441126036621	-0.0496186061777976	0.480863657613937	-0.141015117763812	0.692142577203986	-0.552412176884408	-0.48292156505499	-0.961014529647139	-0.803290669993073	-0.779022776431727	-0.470708018632337
SER127A	-0.190168673891113	0.510638932677782	-0.94471401354937	-0.0317144698459932	-0.0488381149636827	-0.148737270753151	0.468620169456975	1.07955483398096	-0.652807437061045	-0.0461428384802658	-0.552412176884408	-0.48292156505499	-0.961014529647139	-0.803290669993073	-0.779022776431727	-0.470708018632337
LEU114A	-1.18327174865582	-0.52162041510096	-0.676831306841555	-0.404359490536414	-0.560736481891261	-0.469245810302947	-0.567857381812571	-0.117827518753084	-0.755165900920492	-0.415285546322392	-0.312161397947698	-0.272893098948107	0.407703133789695	0.874694285103568	-0.552310265643547	-0.00249051861710228
ALA276A	-0.190168673891113	-0.52162041510096	-0.408948600133739	-0.218036980191204	-0.48166937744544	-0.630227949603958	-0.567857381812571	-1.31520987148712	-0.345732045482705	-1.15357096200664	-0.229702444160098	-0.48292156505499	-0.276655697928722	-0.803290669993073	-0.325597754855366	-0.938925518647572
GLN136A	0.306382863491238	-0.52162041510096	0.394699519989707	-0.590682000881625	0.728790932884899	-0.0252829698564661	0.986858945091748	-0.117827518753084	1.08728644854955	-0.599856900243455	0.333258067500922	0.306331619969787	1.09206196550811	0.874694285103568	-0.0988852440671852	-0.470708018632337
TYR103A	-0.190168673891113	-1.5538797628797	-0.408948600133739	-1.33597204226247	0.0766911024039081	-0.630227949603958	-0.0496186061777976	-1.31520987148712	-0.345732045482705	-1.15357096200664	-0.552412176884408	-0.48292156505499	-0.961014529647139	-0.803290669993073	-0.779022776431727	-0.470708018632337
ALA159A	0.306382863491238	1.02676860656715	1.06440628675925	1.27254310257048	-0.541173486976831	-0.442594343836558	-0.0496186061777976	0.480863657613937	0.0637018099550812	0.507571223282923	-0.320305492148943	-0.103127989688093	0.407703133789695	0.874694285103568	0.581252288297357	1.4021619814286
PHE134A	0.80293440087359	0.510638932677782	0.79652358005143	-0.218036980191204	-0.515089493757591	-0.429866804433762	0.468620169456975	0.480863657613937	0.0637018099550812	-0.0461428384802658	-0.552412176884408	-0.48292156505499	-0.961014529647139	-0.803290669993073	-0.779022776431727	-0.470708018632337
CYS275A	0.80293440087359	1.02676860656715	0.394699519989707	1.08622059222527	-0.429501391006961	-0.279518022296948	0.468620169456975	1.07955483398096	0.575494129252314	1.6149993468093	-0.477079305522898	-0.423523674525659	-0.276655697928722	0.0357018075552477	0.127827266720996	0.933944481413368
LEU133A	0.80293440087359	1.54289828045652	1.19834764011315	1.6451881232609	0.0506071091846684	0.643277500193362	0.986858945091748	1.67824601034798	0.984927984690101	1.06128528504611	0.0522868175579894	0.527867050984842	0.407703133789695	0.874694285103568	1.03467730987372	1.4021619814286
ALA161A	0.80293440087359	1.54289828045652	0.930464933405337	1.6451881232609	0.00740549541530279	-0.0768683261252256	0.468620169456975	1.07955483398096	0.677852593111761	2.16871340857249	0.105223429866078	0.347529315674525	1.77642079722653	2.55267924020021	1.2613898206619	2.33859698145907
ASN131A	-1.18327174865582	-0.52162041510096	-0.810772660195462	-0.963327021572046	0.555984477807436	1.2327185397408	-0.567857381812571	-0.117827518753084	-0.345732045482705	-0.599856900243455	0.332240055725766	1.06381349466434	-0.276655697928722	0.0357018075552477	-0.0988852440671852	-0.938925518647572
PHE270A	1.29948593825594	-0.52162041510096	0.79652358005143	-0.218036980191204	3.85071887131264	0.285865313738469	1.50509772072652	-0.117827518753084	1.39436184012789	0.138428515440797	3.89426325699504	-0.48292156505499	1.77642079722653	-0.803290669993073	0.807964799085538	-0.938925518647572
GLY244A	-0.686720211273465	-0.00549074121158897	-0.810772660195462	-0.0317144698459932	-0.458845883378606	-0.441979368269272	-0.567857381812571	-0.117827518753084	-0.755165900920492	-0.0461428384802658	-0.552412176884408	-0.48292156505499	-0.961014529647139	-0.803290669993073	-0.779022776431727	-0.470708018632337
GLY245A	0.80293440087359	1.54289828045652	0.528640873343614	1.27254310257048	-0.321904918977598	-0.0841101019998604	0.468620169456975	1.07955483398096	0.268418737673974	1.24585663896718	-0.548340129783786	-0.475801956034418	-0.276655697928722	0.0357018075552477	0.354539777509176	0.933944481413368
LYS132A	-0.686720211273465	-0.52162041510096	-0.275007246779832	-0.590682000881625	0.428825010863643	0.763020435960998	-0.567857381812571	-0.117827518753084	-0.550448973201599	-0.0461428384802658	0.427933162590388	0.736880916840177	-0.276655697928722	0.0357018075552477	-0.552310265643547	-0.470708018632337
ARG202A	-0.686720211273465	-0.52162041510096	-1.07865536690328	-1.14964953191726	-0.480854252657339	-0.366998763018721	-0.567857381812571	-0.117827518753084	-1.06224129249883	-0.968999608085581	-0.542232059132853	-0.48292156505499	-0.276655697928722	-0.803290669993073	-0.552310265643547	-0.938925518647572
GLU198A	-0.190168673891113	-0.52162041510096	-0.00712454007201626	-0.404359490536414	-0.484929876597845	-0.479482839636201	-0.0496186061777976	-0.117827518753084	-0.550448973201599	-0.230714192401329	-0.506601647002409	-0.453508064843391	-0.276655697928722	0.0357018075552477	-0.325597754855366	0.465726981398133
ARG196A	0.80293440087359	0.510638932677782	1.33228899346706	0.713575571534849	0.385623397094278	0.234269871422425	0.986858945091748	1.07955483398096	1.08728644854955	1.6149993468093	0.2375649606363	-0.303878886580653	0.407703133789695	0.0357018075552477	0.127827266720996	-0.00249051861710228
ASP228A	-0.686720211273465	-1.03775008899033	-0.676831306841555	-1.14964953191726	-0.604753220448727	-0.630227949603958	-0.0496186061777976	-0.716518695120104	-0.345732045482705	-0.784428254164518	-0.552412176884408	-0.48292156505499	-0.276655697928722	0.0357018075552477	-0.552310265643547	-0.00249051861710228
PRO191A	-0.686720211273465	-0.52162041510096	-0.00712454007201626	-0.404359490536414	0.753244676527936	-0.630227949603958	-1.08609615744734	-1.31520987148712	-0.755165900920492	-1.15357096200664	1.80224905905038	0.0339103802792009	0.407703133789695	0.0357018075552477	0.354539777509176	-0.00249051861710228
ALA138A	-0.686720211273465	-0.00549074121158897	-0.275007246779832	-0.0317144698459932	-0.544433986129236	-0.394347562339503	-0.567857381812571	-0.117827518753084	-0.550448973201599	-0.415285546322392	-0.552412176884408	-0.48292156505499	-0.961014529647139	-0.803290669993073	-0.779022776431727	-0.470708018632337
LEU137A	0.80293440087359	0.510638932677782	1.33228899346706	0.527253061189638	-0.166216084450261	0.0357252941567467	0.986858945091748	1.07955483398096	1.90615415942512	1.43042799288824	-0.186945949603565	0.0797840454008863	1.09206196550811	1.71368676265189	1.48810233145008	0.933944481413368
GLY112A	-0.190168673891113	0.510638932677782	-0.00712454007201626	0.713575571534849	0.736942180765911	1.37064557969809	-0.567857381812571	-0.117827518753084	-0.550448973201599	-0.230714192401329	-0.552412176884408	-0.48292156505499	-0.961014529647139	-0.803290669993073	-0.779022776431727	-0.470708018632337
PHE113A	-0.190168673891113	-0.52162041510096	-0.275007246779832	-0.777004511226835	0.64401795492237	1.67399945106899	-0.0496186061777976	-0.117827518753084	-0.0386566539043655	-0.599856900243455	1.16700971135332	2.52333334388167	0.407703133789695	0.874694285103568	0.127827266720996	-0.938925518647572
HIS214A	-0.190168673891113	0.510638932677782	-0.408948600133739	0.154608040499217	-0.361846033594558	-0.246977114759462	0.468620169456975	1.07955483398096	-0.141015117763812	0.507571223282923	-0.552412176884408	-0.48292156505499	-0.961014529647139	-0.803290669993073	-0.779022776431727	-0.470708018632337
VAL172A	-0.686720211273465	-0.00549074121158897	-0.275007246779832	0.713575571534849	-0.193930327245703	0.305651267010394	-0.567857381812571	-0.117827518753084	-0.448090509342152	-0.0461428384802658	0.465599598271143	0.906715585153997	0.407703133789695	0.874694285103568	0.127827266720996	0.933944481413368
SER261A	-0.190168673891113	-1.5538797628797	-0.94471401354937	-1.33597204226247	-0.753105931883153	-0.630227949603958	-1.08609615744734	-1.31520987148712	-1.06224129249883	-1.15357096200664	-0.552412176884408	-0.48292156505499	-0.276655697928722	-0.803290669993073	-0.325597754855366	-0.938925518647572
ILE195A	0.306382863491238	0.510638932677782	1.06440628675925	0.899898081880059	-0.0863338552163397	-0.137146559176707	0.986858945091748	1.07955483398096	0.984927984690101	1.06128528504611	-0.241918585461965	-0.163555588962077	-0.276655697928722	0.0357018075552477	-0.0988852440671852	0.933944481413368
PHE109A	0.80293440087359	-1.03775008899033	1.60017170017488	-0.590682000881625	0.0554978579132759	-0.357376866042923	1.50509772072652	-0.716518695120104	1.80379569556567	-0.784428254164518	-0.336593680551431	-0.126941114026374	0.407703133789695	0.0357018075552477	0.581252288297357	-0.470708018632337
ASP259A	0.306382863491238	0.510638932677782	-0.408948600133739	-0.777004511226835	-0.490635750114554	-0.459226233684388	-0.567857381812571	-0.716518695120104	-0.550448973201599	-0.784428254164518	-0.224612385284321	-0.259820864243227	0.407703133789695	0.0357018075552477	-0.0988852440671852	-0.00249051861710228
LEU145A	0.80293440087359	1.54289828045652	1.86805440688269	2.39047816464174	-0.377333404568482	-0.256282718417738	0.986858945091748	1.67824601034798	1.49672030398733	1.79957070073036	-0.42617871676512	-0.361888211705261	0.407703133789695	0.874694285103568	0.807964799085538	1.4021619814286
SER96A	-0.686720211273465	-1.03775008899033	-0.408948600133739	-0.590682000881625	-0.604753220448727	-0.630227949603958	-0.0496186061777976	-0.716518695120104	0.0637018099550812	-0.784428254164518	-0.367134033806098	-0.48292156505499	0.407703133789695	-0.803290669993073	0.581252288297357	-0.938925518647572
ASP148A	-0.686720211273465	-0.52162041510096	-0.408948600133739	-0.0317144698459932	-0.604753220448727	-0.564940847759804	-0.0496186061777976	-0.117827518753084	0.473135665392868	0.507571223282923	-0.552412176884408	-0.48292156505499	-0.961014529647139	-0.803290669993073	-0.779022776431727	-0.470708018632337
ILE254A	-0.190168673891113	-0.52162041510096	0.79652358005143	-0.590682000881625	0.203850569347701	0.582495038329381	-0.567857381812571	-0.117827518753084	-0.652807437061045	-0.599856900243455	-0.552412176884408	-0.48292156505499	-0.961014529647139	-0.803290669993073	-0.779022776431727	-0.470708018632337
ASP186A	-0.190168673891113	-0.00549074121158897	-0.810772660195462	-0.404359490536414	-0.0211238721682406	0.264774526858076	-0.0496186061777976	-0.117827518753084	-0.652807437061045	-0.599856900243455	-0.552412176884408	-0.48292156505499	-0.961014529647139	-0.803290669993073	-0.779022776431727	-0.470708018632337
ASN263A	-0.686720211273465	-0.52162041510096	-1.07865536690328	-0.777004511226835	-0.356955284865951	-0.547478157811766	-0.0496186061777976	-0.117827518753084	-0.857524364779939	-0.968999608085581	-0.0576584541588102	-0.374960446410141	1.09206196550811	0.874694285103568	0.127827266720996	-0.470708018632337
SER185A	-0.686720211273465	-0.52162041510096	-0.94471401354937	-0.590682000881625	-0.604753220448727	-0.402223634410881	-0.567857381812571	-0.117827518753084	-0.857524364779939	-0.415285546322392	-0.552412176884408	-0.48292156505499	-0.276655697928722	-0.803290669993073	-0.779022776431727	-0.938925518647572
TYR107A	-0.190168673891113	-1.03775008899033	-0.141065893425924	-0.963327021572046	-0.535467613460122	-0.567937059724157	-0.0496186061777976	-0.716518695120104	-0.243373581623259	-0.599856900243455	-0.33455765700112	-0.401652549059218	-0.276655697928722	0.0357018075552477	-0.0988852440671852	0.465726981398133
ARG283A	-1.18327174865582	-1.03775008899033	-0.810772660195462	-1.33597204226247	-0.753105931883153	-0.630227949603958	-1.60433493308212	-1.31520987148712	-1.26695822021773	-0.968999608085581	-0.552412176884408	-0.48292156505499	-0.961014529647139	-0.803290669993073	-0.779022776431727	-0.470708018632337
TRP282A	0.306382863491238	-1.03775008899033	0.126816813281891	-1.33597204226247	-0.511828994605186	-0.630227949603958	-0.567857381812571	-1.31520987148712	-0.448090509342152	-1.15357096200664	-0.552412176884408	-0.48292156505499	-0.961014529647139	-0.803290669993073	-0.779022776431727	-0.470708018632337
THR123A	-0.686720211273465	-0.00549074121158897	-0.408948600133739	-0.0317144698459932	-0.44172826282848	-0.358767593841951	-0.0496186061777976	0.480863657613937	0.0637018099550812	0.507571223282923	-0.296891221320365	-0.261190269158499	-0.276655697928722	0.0357018075552477	-0.325597754855366	-0.00249051861710228
VAL122A	0.306382863491238	1.02676860656715	-0.141065893425924	0.899898081880059	-0.492265999690757	-0.309865895466787	0.986858945091748	1.67824601034798	0.166060273814528	0.692142577203986	-0.552412176884408	-0.48292156505499	-0.961014529647139	-0.803290669993073	-0.779022776431727	-0.470708018632337
GLU221A	-0.686720211273465	-1.5538797628797	-0.676831306841555	-1.33597204226247	-0.634097712820372	-0.630227949603958	-0.567857381812571	-1.31520987148712	-0.755165900920492	-1.15357096200664	-0.326413562799876	-0.48292156505499	0.407703133789695	-0.803290669993073	-0.325597754855366	-0.938925518647572
GLY105A	0.80293440087359	1.54289828045652	0.260758166635799	0.899898081880059	-0.191484952881399	0.30974403326381	0.986858945091748	1.67824601034798	0.473135665392868	0.507571223282923	-0.552412176884408	-0.48292156505499	-0.961014529647139	-0.803290669993073	-0.779022776431727	-0.470708018632337
VAL157A	2.29258901302065	2.05902795434589	2.53776117365223	2.94944569567738	1.17873981591678	1.48259108525618	2.02333649636129	1.67824601034798	2.00851262328457	1.6149993468093	1.78596087064789	2.20864227971697	3.14513846066336	2.55267924020021	3.30180241775553	1.4021619814286
LEU111A	1.29948593825594	1.54289828045652	1.33228899346706	2.01783314395132	2.10635182477599	3.70627731599377	1.50509772072652	2.276937186715	1.18964491240899	1.98414205465143	2.83756703438358	5.01637272289814	1.09206196550811	1.71368676265189	1.48810233145008	0.465726981398133
VAL143A	0.306382863491238	1.02676860656715	0.528640873343614	1.27254310257048	-0.54035836218873	-0.341687928738163	-0.0496186061777976	0.480863657613937	-0.0386566539043655	0.692142577203986	-0.552412176884408	-0.48292156505499	-0.961014529647139	-0.803290669993073	-0.779022776431727	-0.470708018632337
PRO278A	0.80293440087359	1.02676860656715	0.260758166635799	1.08622059222527	-0.206972323855323	0.171954236065487	0.986858945091748	1.07955483398096	0.575494129252314	0.32299986936186	-0.0393342422060103	0.414149171537121	0.407703133789695	0.874694285103568	0.127827266720996	0.465726981398133
GLU285A	0.306382863491238	-0.00549074121158897	0.126816813281891	-0.218036980191204	-0.149913588688236	-0.408941313792601	0.468620169456975	0.480863657613937	-0.0386566539043655	0.138428515440797	-0.552412176884408	-0.48292156505499	-0.961014529647139	-0.803290669993073	-0.779022776431727	-0.470708018632337
THR284A	-1.18327174865582	-0.52162041510096	-0.94471401354937	-0.404359490536414	-0.753105931883153	-0.630227949603958	-1.60433493308212	-1.31520987148712	-1.26695822021773	-0.968999608085581	-0.552412176884408	-0.48292156505499	-0.961014529647139	-0.803290669993073	-0.779022776431727	-0.470708018632337
CYS135A	0.80293440087359	1.02676860656715	1.46623034682097	2.01783314395132	-0.308047797579877	-0.461496776429112	1.50509772072652	1.67824601034798	1.90615415942512	2.35328476249355	-0.109577054691743	-0.330893068112101	0.407703133789695	0.0357018075552477	0.581252288297357	1.4021619814286
CYS182A	0.306382863491238	-0.00549074121158897	-0.676831306841555	-0.218036980191204	-0.458030758590505	-0.137273829474339	-0.567857381812571	-0.117827518753084	-0.448090509342152	-0.0461428384802658	-0.367134033806098	-0.48292156505499	-0.276655697928722	-0.803290669993073	-0.779022776431727	-0.938925518647572
SER183A	-1.67982328603817	-1.03775008899033	-1.480479426965	-0.777004511226835	-0.753105931883153	-0.630227949603958	-1.60433493308212	-1.31520987148712	-1.26695822021773	-0.968999608085581	-0.367134033806098	-0.15897935461895	-0.276655697928722	0.0357018075552477	-0.779022776431727	-0.938925518647572
HIS168A	-0.686720211273465	-0.52162041510096	-0.810772660195462	-0.404359490536414	-0.314568795884687	-0.247398074482466	-0.567857381812571	-0.716518695120104	-0.448090509342152	-0.230714192401329	-0.00573985362587707	0.0165448465654424	-0.276655697928722	0.0357018075552477	0.127827266720996	0.933944481413368
SER240A	-0.686720211273465	-0.52162041510096	0.394699519989707	0.527253061189638	-0.604753220448727	-0.381933463563416	-0.0496186061777976	-0.117827518753084	0.575494129252314	0.507571223282923	-0.367134033806098	-0.15897935461895	1.09206196550811	0.874694285103568	2.16823986381462	0.933944481413368
HIS178A	-0.190168673891113	-1.03775008899033	-0.275007246779832	-0.963327021572046	-0.693601822351762	-0.629321608488103	-0.567857381812571	-0.716518695120104	-0.448090509342152	-0.784428254164518	-0.552412176884408	-0.48292156505499	-0.961014529647139	-0.803290669993073	-0.779022776431727	-0.470708018632337
CYS277A	0.80293440087359	-0.00549074121158897	-0.408948600133739	-0.590682000881625	-0.528131490367211	-0.557421269199369	-0.567857381812571	-0.716518695120104	-0.755165900920492	-0.968999608085581	-0.552412176884408	-0.48292156505499	-0.961014529647139	-0.803290669993073	-0.779022776431727	-0.470708018632337
PRO222A	0.306382863491238	-0.00549074121158897	-0.141065893425924	-0.777004511226835	-0.584375100746196	-0.529125877145838	-0.567857381812571	-0.716518695120104	-0.755165900920492	-0.784428254164518	-0.164549690550143	-0.0413137955785746	0.407703133789695	0.874694285103568	-0.325597754855366	-0.470708018632337
ARG280A	-0.190168673891113	-0.52162041510096	-0.676831306841555	-0.590682000881625	-0.583559975958095	-0.419269503105071	-1.08609615744734	-0.716518695120104	-1.16459975635828	-0.968999608085581	-0.552412176884408	-0.48292156505499	-0.961014529647139	-0.803290669993073	-0.779022776431727	-0.470708018632337
PHE212A	-1.18327174865582	-1.5538797628797	-1.21259672025719	-1.33597204226247	-0.604753220448727	-0.630227949603958	-1.08609615744734	-1.31520987148712	-1.16459975635828	-1.15357096200664	-0.367134033806098	-0.48292156505499	-0.276655697928722	-0.803290669993073	-0.552310265643547	-0.938925518647572
THR155A	1.79603747563829	2.05902795434589	1.86805440688269	1.83151063360611	0.410892265525416	0.545404477692151	2.54157527199607	2.87562836308202	2.11087108714401	2.16871340857249	-0.0474783364072547	-0.0100734922162587	1.09206196550811	0.874694285103568	1.48810233145008	0.933944481413368
THR150A	-1.18327174865582	-0.52162041510096	-0.94471401354937	-0.590682000881625	-0.335762040375319	-0.293001244096733	-0.567857381812571	-0.117827518753084	-0.652807437061045	-0.230714192401329	-0.341683739427209	-0.246386575321893	-0.276655697928722	0.0357018075552477	-0.552310265643547	-0.00249051861710228
ASP268A	-0.686720211273465	-0.00549074121158897	-0.408948600133739	0.340930550844428	-0.458030758590505	-0.302343941725779	-0.567857381812571	-0.117827518753084	-0.141015117763812	0.692142577203986	0.0013862288002118	0.268800867054366	0.407703133789695	0.874694285103568	-0.0988852440671852	0.465726981398133
GLY279A	0.306382863491238	1.02676860656715	0.126816813281891	0.713575571534849	-0.731912687392521	-0.615536528239631	-1.08609615744734	-0.716518695120104	-0.857524364779939	-0.230714192401329	-0.552412176884408	-0.48292156505499	-0.961014529647139	-0.803290669993073	-0.779022776431727	-0.470708018632337
ARG267A	-0.190168673891113	-0.00549074121158897	-0.408948600133739	-0.404359490536414	-0.392820775542405	-0.101231380945096	-0.567857381812571	-0.117827518753084	-1.06224129249883	-0.968999608085581	-0.233774491260721	-0.0223633365174722	-0.276655697928722	0.0357018075552477	-0.325597754855366	0.465726981398133
SER99A	-0.190168673891113	-0.00549074121158897	-0.676831306841555	-0.590682000881625	-0.404232522575823	-0.556223623592932	-0.567857381812571	-0.716518695120104	-0.959882828639385	-0.784428254164518	0.0125843583269229	0.0443659580119005	1.09206196550811	1.71368676265189	0.127827266720996	0.465726981398133
ASN210A	-1.18327174865582	-1.5538797628797	-1.07865536690328	-1.33597204226247	-0.753105931883153	-0.630227949603958	-1.60433493308212	-1.31520987148712	-1.26695822021773	-0.968999608085581	-0.367134033806098	-0.48292156505499	-0.276655697928722	-0.803290669993073	-0.325597754855366	-0.938925518647572
GLU286A	-1.18327174865582	-0.52162041510096	-0.94471401354937	-0.590682000881625	-0.59334147341531	-0.493134258223711	-1.08609615744734	-0.716518695120104	-0.959882828639385	-0.415285546322392	-0.552412176884408	-0.48292156505499	-0.961014529647139	-0.803290669993073	-0.779022776431727	-0.470708018632337
VAL147A	1.29948593825594	1.02676860656715	1.06440628675925	0.154608040499217	-0.616980092270246	-0.403079422539396	1.50509772072652	1.07955483398096	1.59907876784678	-0.230714192401329	-0.269404903391165	0.0110013107472141	0.407703133789695	0.874694285103568	0.354539777509176	-0.470708018632337
SER149A	-0.686720211273465	-1.03775008899033	-0.542889953487647	-1.14964953191726	-0.59986247172012	-0.557922412460284	-0.0496186061777976	-0.716518695120104	0.0637018099550812	-0.968999608085581	-0.552412176884408	-0.48292156505499	-0.961014529647139	-0.803290669993073	-0.779022776431727	-0.470708018632337
SER215A	0.306382863491238	-0.52162041510096	0.394699519989707	-0.218036980191204	0.00169962189859412	-0.284736836893239	0.468620169456975	-0.117827518753084	0.166060273814528	-0.230714192401329	-0.0393342422060103	-0.0321698930293658	-0.276655697928722	0.0357018075552477	-0.0988852440671852	0.465726981398133
SER116A	-1.18327174865582	-1.03775008899033	-0.676831306841555	-0.590682000881625	-0.563996981043665	-0.508914971036029	-0.567857381812571	-0.716518695120104	-0.345732045482705	-0.599856900243455	-0.552412176884408	-0.48292156505499	-0.961014529647139	-0.803290669993073	-0.779022776431727	-0.470708018632337
ILE251A	-0.190168673891113	-0.00549074121158897	0.260758166635799	0.713575571534849	-0.604753220448727	-0.534730070357596	0.468620169456975	0.480863657613937	0.882569520830654	1.43042799288824	-0.434322810966364	-0.379687234256691	-0.276655697928722	0.0357018075552477	0.127827266720996	1.4021619814286
PRO177A	-0.190168673891113	0.510638932677782	-0.542889953487647	0.154608040499217	-0.531391989519616	-0.395973031901066	-0.567857381812571	-0.117827518753084	-0.959882828639385	-0.599856900243455	-0.552412176884408	-0.48292156505499	-0.961014529647139	-0.803290669993073	-0.779022776431727	-0.470708018632337
SER166A	-1.67982328603817	-1.03775008899033	-1.61442078031891	-1.14964953191726	-0.753105931883153	-0.630227949603958	-1.60433493308212	-1.31520987148712	-1.26695822021773	-0.968999608085581	-0.552412176884408	-0.48292156505499	-0.961014529647139	-0.803290669993073	-0.779022776431727	-0.470708018632337
MET160A	0.306382863491238	-1.03775008899033	0.260758166635799	-0.963327021572046	-0.293375551394054	-0.0545121632901729	-0.0496186061777976	-0.716518695120104	-0.141015117763812	-0.784428254164518	-0.205270161556365	-0.48292156505499	-0.276655697928722	-0.803290669993073	-0.0988852440671852	-0.938925518647572
ARG248A	-1.18327174865582	-1.03775008899033	-1.07865536690328	-0.963327021572046	-0.578669227229488	-0.602942841247855	-0.567857381812571	-0.716518695120104	-0.755165900920492	-1.15357096200664	-0.532051941381297	-0.447323519952128	-0.276655697928722	0.0357018075552477	-0.779022776431727	-0.938925518647572
GLY199A	-1.18327174865582	-0.52162041510096	-1.21259672025719	-0.777004511226835	-0.495526498843161	-0.199123237577522	-0.567857381812571	-0.117827518753084	-0.755165900920492	-0.599856900243455	-0.552412176884408	-0.48292156505499	-0.961014529647139	-0.803290669993073	-0.779022776431727	-0.470708018632337
GLY226A	-1.18327174865582	-0.52162041510096	-1.480479426965	-0.777004511226835	-0.312938546308484	0.106469976010838	-1.08609615744734	-0.716518695120104	-1.06224129249883	-0.784428254164518	-0.552412176884408	-0.48292156505499	-0.961014529647139	-0.803290669993073	-0.779022776431727	-0.470708018632337
SER227A	-0.686720211273465	-0.52162041510096	-1.21259672025719	-0.777004511226835	0.270690801972003	0.34657892954455	-0.0496186061777976	-0.117827518753084	-0.448090509342152	-0.415285546322392	0.176484254126967	0.791488449627454	0.407703133789695	0.874694285103568	-0.552310265643547	-0.470708018632337
SER106A	-1.67982328603817	-1.5538797628797	-1.21259672025719	-1.33597204226247	-0.604753220448727	-0.630227949603958	-1.08609615744734	-1.31520987148712	-0.857524364779939	-1.15357096200664	-0.552412176884408	-0.48292156505499	-0.961014529647139	-0.803290669993073	-0.779022776431727	-0.470708018632337
THR102A	-1.67982328603817	-1.03775008899033	-1.480479426965	-1.33597204226247	-0.753105931883153	-0.630227949603958	-1.60433493308212	-1.31520987148712	-1.26695822021773	-0.968999608085581	-0.552412176884408	-0.48292156505499	-0.961014529647139	-0.803290669993073	-0.779022776431727	-0.470708018632337
GLU224A	-1.67982328603817	-1.5538797628797	-1.74836213367282	-1.33597204226247	-0.753105931883153	-0.630227949603958	-1.60433493308212	-1.31520987148712	-1.26695822021773	-0.968999608085581	-0.552412176884408	-0.48292156505499	-0.961014529647139	-0.803290669993073	-0.779022776431727	-0.470708018632337
VAL225A	-1.18327174865582	-0.52162041510096	-1.74836213367282	-1.14964953191726	-0.753105931883153	-0.630227949603958	-1.60433493308212	-1.31520987148712	-1.26695822021773	-0.968999608085581	-0.552412176884408	-0.48292156505499	-0.961014529647139	-0.803290669993073	-0.779022776431727	-0.470708018632337
SER260A	-0.686720211273465	-1.03775008899033	-0.810772660195462	-1.33597204226247	-0.638173336760878	-0.630227949603958	-1.08609615744734	-1.31520987148712	-1.06224129249883	-1.15357096200664	-0.552412176884408	-0.48292156505499	-0.961014529647139	-0.803290669993073	-0.779022776431727	-0.470708018632337
THR170A	-0.190168673891113	-0.00549074121158897	-0.275007246779832	0.154608040499217	-0.604753220448727	-0.539991221055344	-0.567857381812571	-0.716518695120104	-0.141015117763812	-0.599856900243455	-0.367134033806098	-0.365192469356175	0.407703133789695	0.0357018075552477	0.581252288297357	0.465726981398133
LYS101A	-1.18327174865582	-1.5538797628797	-1.07865536690328	-1.33597204226247	-0.647954834218093	-0.630227949603958	-1.08609615744734	-1.31520987148712	-1.16459975635828	-1.15357096200664	-0.498457552801164	-0.48292156505499	-0.276655697928722	-0.803290669993073	-0.325597754855366	-0.938925518647572
SER269A	-1.67982328603817	-1.5538797628797	-1.61442078031891	-1.33597204226247	-0.753105931883153	-0.630227949603958	-1.60433493308212	-1.31520987148712	-1.26695822021773	-0.968999608085581	-0.367134033806098	-0.48292156505499	-0.276655697928722	-0.803290669993073	-0.552310265643547	-0.938925518647572
GLU180A	-1.67982328603817	-1.03775008899033	-1.34653807361109	-0.963327021572046	-0.604753220448727	-0.381933463563416	-1.08609615744734	-0.716518695120104	-1.06224129249883	-1.15357096200664	-0.367134033806098	-0.15897935461895	-0.276655697928722	0.0357018075552477	-0.325597754855366	-0.00249051861710228
ARG209A	-1.67982328603817	-1.5538797628797	-1.61442078031891	-1.33597204226247	-0.753105931883153	-0.630227949603958	-1.60433493308212	-1.31520987148712	-1.26695822021773	-0.968999608085581	-0.367134033806098	-0.48292156505499	-0.276655697928722	-0.803290669993073	-0.325597754855366	-0.938925518647572
HIS115A	-2.17637482342052	-1.5538797628797	-1.88230348702672	-1.33597204226247	-0.753105931883153	-0.630227949603958	-1.60433493308212	-1.31520987148712	-1.26695822021773	-0.968999608085581	-0.552412176884408	-0.48292156505499	-0.961014529647139	-0.803290669993073	-0.779022776431727	-0.470708018632337
ARG181A	-2.17637482342052	-1.5538797628797	-1.88230348702672	-1.33597204226247	-0.753105931883153	-0.630227949603958	-1.60433493308212	-1.31520987148712	-1.26695822021773	-0.968999608085581	-0.552412176884408	-0.48292156505499	-0.961014529647139	-0.803290669993073	-0.779022776431727	-0.470708018632337
LEU201A	-2.17637482342052	-1.5538797628797	-1.88230348702672	-1.33597204226247	-0.753105931883153	-0.630227949603958	-1.60433493308212	-1.31520987148712	-1.26695822021773	-0.968999608085581	-0.552412176884408	-0.48292156505499	-0.961014529647139	-0.803290669993073	-0.779022776431727	-0.470708018632337
GLU287A	-2.17637482342052	-1.5538797628797	-1.88230348702672	-1.33597204226247	-0.753105931883153	-0.630227949603958	-1.60433493308212	-1.31520987148712	-1.26695822021773	-0.968999608085581	-0.552412176884408	-0.48292156505499	-0.961014529647139	-0.803290669993073	-0.779022776431727	-0.470708018632337
ASN288A	-2.17637482342052	-1.5538797628797	-1.88230348702672	-1.33597204226247	-0.753105931883153	-0.630227949603958	-1.60433493308212	-1.31520987148712	-1.26695822021773	-0.968999608085581	-0.552412176884408	-0.48292156505499	-0.961014529647139	-0.803290669993073	-0.779022776431727	-0.470708018632337
