Degree	Degree_sidechain	SecondOrderDegree	SecondOrderDegree_sidechain	NodeEdgeBetweennessSTRIDE	NodeEdgeBetweennessSTRIDE_sidechain	IntermodularDegreeSTRIDE	IntermodularDegreeSTRIDE_sidechain	SecondOrderIntermodularDegreeSTRIDE	SecondOrderIntermodularDegreeSTRIDE_sidechain	NodeEdgeBetweennessWALKTRAP	NodeEdgeBetweennessWALKTRAP_sidechain	IntermodularDegreeWALKTRAP	IntermodularDegreeWALKTRAP_sidechain	SecondOrderIntermodularDegreeWALKTRAP	SecondOrderIntermodularDegreeWALKTRAP_sidechain
LEU164A	9	7	30	19	3834	2155	9	7	36	15	1603	57	4	3	12	5
PHE63A	5	2	17	6	666	136.969748111342	3	2	12	3	1014	136.969748111342	3	2	6	4
ILE102A	3	3	10	8	230	90.7650111765711	3	3	9	7	1	1	1	1	1	1
VAL162A	9	8	25	19	3236	2113.01955305908	6	6	22	16	1700	629.784564235647	4	3	12	6
ASN59A	4	2	11	4	1076	102.883701349781	4	2	10	2	1	1	1	1	1	1
PRO60A	6	6	14	8	520	444.164235149057	5	5	17	7	180	180	2	2	3	1
ASP224A	6	4	18	11	279	170.858086615914	5	4	16	8	279	170.858086615914	3	3	8	6
PRO220A	5	2	15	1	16	1	3	1	9	0	79	1	3	1	8	0
ARG151A	6	4	16	5	230	230	5	4	16	5	1	1	2	1	2	0
PHE138A	5	3	16	9	1194	397.721468047307	5	3	22	9	341	107.721468047307	2	2	6	3
ILE232A	6	4	14	3	556	332	6	4	16	2	1	1	1	1	1	1
CYS126A	7	7	17	16	1602	875.704449282032	7	7	24	18	1	1	1	1	1	1
LEU127A	5	5	17	14	1612	1336.27035443606	5	5	21	12	72	72	2	2	4	3
ALA8A	8	6	22	10	546	274.100610797066	3	3	7	7	546	274.100610797066	3	3	8	8
GLU4A	6	3	15	2	455	1	3	1	9	0	391	3	3	2	8	0
ALA81A	10	8	30	17	1035	648.517732231876	6	6	27	17	1035	648.517732231876	6	6	20	14
ALA84A	7	7	25	20	1656	992.857068850614	4	4	9	6	1656	992.857068850614	4	4	12	8
ALA211A	7	7	19	17	556	426.847608554924	7	7	27	19	245	245	4	4	7	2
ASP185A	6	4	16	8	1234	1003.41653358695	5	4	20	7	199	1	3	1	6	0
GLY92A	5	5	12	9	638	582.952653543901	5	5	15	10	241	241	3	3	4	0
LYS95A	5	3	14	5	898	324.410670516363	3	3	9	6	543	269.363324060264	2	2	4	2
MET188A	5	4	23	13	59	30	3	3	9	7	28	14.5	2	2	5	3
VAL190A	9	8	34	23	1932	823.825734293433	7	6	37	23	1741	767.825734293433	5	5	18	14
VAL216A	5	5	20	13	953	569.792307088164	3	3	8	7	1536	1152.79230708816	5	5	12	6
VAL238A	9	8	28	13	1154	677.455385076861	5	5	16	10	926	449.455385076861	4	4	9	7
ILE98A	6	3	26	13	482	130.692347848995	5	3	22	9	349	113.087008274892	4	2	13	6
VAL97A	6	6	25	17	823	566.286883383771	3	3	13	10	17	17	2	2	3	1
PHE56A	8	5	27	15	5788	5490.83576485094	7	5	33	12	5486	5415	5	4	15	7
ALA200A	7	6	21	11	1273	848	5	4	19	6	1	1	1	1	1	1
VAL196A	7	4	19	4	230	54.4605018113469	6	3	23	5	85	43	2	2	4	2
LEU88A	3	3	12	11	798	342.142396024849	3	3	6	6	371	142.412586248829	2	2	6	5
VAL94A	7	7	21	20	1341	843.27019022398	4	4	12	9	914	616	3	3	6	3
ALA9A	10	8	26	17	1374	502.713063710037	5	4	11	5	1374	502.713063710037	5	4	12	5
ILE5A	7	3	19	2	336	141	4	2	8	0	284	278	4	3	6	0
ILE26A	13	6	34	17	4768	957.680880161907	12	6	62	23	2824	957.680880161907	8	6	26	17
PRO80A	5	4	15	11	1113	896.163258961963	3	3	7	5	1113	896.163258961963	3	3	5	3
CYS129A	7	7	14	12	988	500.82729119879	6	6	19	13	1	1	1	1	1	1
GLU131A	5	1	16	1	340	1	5	1	20	0	1	1	2	1	2	0
PRO198A	4	4	10	8	1292	746.21098358474	3	3	8	7	754	488.439979536479	2	2	2	2
TYR197A	4	1	11	1	346	1	2	1	4	0	1	1	1	1	1	1
ALA24A	4	3	12	9	226	96.1747799615583	3	2	15	8	1	1	1	1	1	1
GLY23A	9	9	27	21	4872	4474.2502691998	9	9	46	30	2177	2177	4	4	10	4
LEU105A	8	7	19	11	3586	1952.46799379459	6	6	17	10	1648	1342.90519920211	4	4	9	5
PRO78A	6	4	13	7	244	93.4691336572254	5	3	14	7	17	15.1249680402334	2	2	4	2
ALA181A	9	6	28	12	169	168	5	2	15	0	3	3	3	3	4	1
LYS182A	5	2	13	2	682	1	2	1	3	0	457	336.814481234244	2	2	2	2
ILE215A	6	4	19	10	900	242.013877448518	5	4	17	10	1262	150	4	2	13	6
THR221A	9	9	23	13	681	358.141913384086	6	6	25	13	1041	718.141913384086	7	7	14	6
GLU201A	3	1	13	1	230	1	2	1	7	0	1	1	1	1	1	1
PRO203A	11	9	35	21	1665	985.100353819304	8	7	32	17	1023	343.100353819304	5	3	14	3
ALA206A	11	9	32	24	1704	1704	6	5	28	12	1	1	3	3	10	7
ALA209A	7	7	17	15	938	764.264315261342	4	4	8	4	1	1	1	1	1	1
LEU115A	6	5	18	16	632	375	5	4	13	7	333	248.627992106596	3	3	8	7
VAL114A	8	8	24	19	1640	1640	6	6	25	17	233	85.3720078934037	4	4	10	8
GLU252A	2	1	2	1	1	1	1	1	1	1	1	1	1	1	1	1
SER251A	3	3	2	2	457	457	2	2	1	0	1	1	1	1	1	1
CYS153A	6	6	17	15	348	326.832831245422	4	4	16	12	1	1	1	1	1	1
SER155A	8	4	20	2	696	101.835345131797	6	2	21	1	1	1	1	1	1	1
ALA62A	5	5	13	8	618	421.116298650219	3	3	7	5	1	1	1	1	1	1
GLU219A	5	1	11	1	939	1	3	1	11	0	1	1	1	1	1	1
ARG161A	6	4	17	8	450	308.813592153153	5	4	12	8	442	300.813592153153	3	3	3	3
GLY119A	5	5	17	10	457	457	4	4	15	8	1	1	1	1	1	1
TYR45A	5	2	8	1	1140	230	5	2	9	0	230	1	2	1	1	0
VAL50A	7	7	14	11	528	433	5	5	12	6	1	1	1	1	1	1
TYR157A	7	2	24	1	1161	71	6	2	23	0	1088	71	4	2	6	0
ILE226A	5	4	10	5	760	638.5	4	4	10	5	760	638.5	4	4	8	4
LYS207A	4	1	12	1	238	1	3	1	6	0	228	1	2	1	3	0
CYS150A	10	8	24	15	1199	306.788977827611	6	5	29	14	451	210.423903989919	3	3	3	2
TYR133A	7	4	19	10	816	241.576096010081	7	4	23	7	451	241.576096010081	3	3	3	2
GLU10A	5	1	14	1	388	1	2	1	3	0	388	1	2	1	3	0
LEU249A	5	5	14	11	1889	1180.88262743503	4	4	7	4	1889	1180.88262743503	4	4	7	4
GLY191A	8	8	30	24	4664	4046.38548758775	8	8	44	27	3678	3394.67426570657	4	4	9	5
LYS159A	8	4	29	13	11090	5269.2209052232	5	2	24	4	13204	5631.9395175591	6	4	17	8
PRO160A	8	7	28	22	2808	430.488875134026	5	4	18	10	3522	2996.31163955276	5	5	21	15
LEU194A	7	5	27	14	3626	1104.5636946032	7	5	34	16	1122	561.5	2	2	3	2
SER192A	9	5	33	8	11224	3394.097810477	9	5	46	10	4068	1	3	1	6	0
GLN100A	7	4	30	8	21820	6281.08723238364	7	4	39	8	10388	1	4	1	12	0
HIS118A	6	3	22	6	20720	10317	6	3	23	5	20270	10317	5	3	10	1
HIS17A	6	3	19	5	2324	1241.55107420889	6	3	21	6	1740	1241.55107420889	5	3	16	5
ILE147A	4	2	8	2	960	610	3	2	6	1	610	610	2	2	2	1
MET68A	5	5	11	6	2766	1647.89154707277	5	5	14	8	1	1	1	1	1	1
GLY210A	4	4	11	10	412	277.245675466499	4	4	11	9	1	1	1	1	1	1
LEU239A	9	4	35	11	1514	449.5	6	4	22	11	1514	449.5	6	4	17	8
ILE85A	9	6	37	19	531	227.5	7	5	35	20	483	222.5	5	4	20	12
MET1A	4	2	12	4	109	109	2	2	5	3	140	1	3	1	5	0
SER67A	5	2	14	2	168	1	2	1	6	0	485	483	3	2	10	1
GLU244A	3	2	8	2	1	1	1	1	1	1	1	1	2	1	6	0
LYS247A	5	3	15	2	7	6.20620423164974	2	2	2	1	383	6.20620423164974	3	2	8	1
VAL19A	9	9	30	23	5144	4748.12867071275	7	7	29	17	5819	4980.32119944825	7	7	23	14
ALA199A	7	6	26	14	1161	527.383388642477	6	5	28	12	302	151.5	2	2	3	3
GLU116A	8	4	23	4	416	136.950602043411	7	4	20	2	214	24.9506020434113	4	2	6	2
THR173A	6	5	20	13	750	649.708932316613	4	4	17	12	136	136	2	2	3	1
PRO148A	4	4	12	10	758	570.009122129599	2	2	7	7	758	570.009122129599	2	2	8	8
TRP64A	9	9	26	22	1962	790.990877870401	8	8	32	24	1964	792.990877870401	9	9	21	14
ASP46A	4	3	8	3	698	352.003070013864	4	3	8	2	1	1	1	1	1	1
PRO47A	7	4	12	3	1042	918.996929986136	4	3	10	3	1	1	1	1	1	1
ASP125A	4	4	13	11	230	67.7723764770943	3	3	8	7	230	67.7723764770943	3	3	5	4
LEU124A	8	7	25	20	4507	3984.04286274639	6	6	27	21	281	111.268356126647	4	3	16	11
PHE187A	9	3	38	9	14004	6291.8996461807	7	3	37	8	10612	6291.8996461807	6	3	19	2
LEU202A	9	7	32	11	1230	1113.39405957492	6	6	23	13	799	669.894059574921	7	6	13	6
ASP103A	4	3	10	6	639	306.094800797889	3	2	8	5	652	319.094800797889	4	3	7	3
HIS106A	10	7	36	19	4272	2127.54617630357	8	7	41	25	1619	843.833059687343	4	4	17	14
GLU89A	5	4	9	4	714	672	5	4	13	3	1	1	1	1	1	1
SER111A	5	2	17	7	446	1	5	2	15	2	1	1	1	1	1	1
VAL20A	8	8	33	27	796	398.5	5	5	17	14	1328	769.807471264502	4	4	12	11
ALA86A	8	8	22	15	98	65.9454174065781	3	3	8	5	1	1	1	1	1	1
ALA51A	6	5	18	9	1800	1	4	3	15	3	1	1	1	1	1	1
ALA235A	6	5	25	15	947	923.880154345803	5	5	27	15	564	540.880154345803	4	4	16	14
ASN79A	6	4	21	8	1612	314.81327912826	6	4	25	8	1499	201.81327912826	4	2	9	2
HIS82A	8	4	34	12	5572	2611.9579352635	6	4	32	13	2094	1373.98986351321	3	3	10	6
GLU245A	5	3	17	4	364	76	4	3	8	1	364	76	4	3	8	2
VAL246A	8	8	25	17	643	427.286936289963	4	4	13	8	1498	1284.28693628996	4	4	13	8
GLY110A	5	5	16	14	592	426.025429394833	5	5	14	9	1	1	1	1	1	1
TRP135A	5	5	17	14	3964	2610.72549338025	5	5	22	17	1988	1923.5	3	3	10	8
VAL158A	11	8	34	20	2568	1220.51017582605	9	7	40	14	1957	609.510175826046	7	4	22	4
LYS123A	5	3	17	4	29	18.4982388109644	4	3	14	4	1	1	1	1	1	1
GLY55A	8	8	14	8	1153	800.857078104446	5	5	12	4	1	1	1	1	1	1
SER52A	5	3	18	7	708	582.142921895554	5	3	17	4	1	1	1	1	1	1
PHE142A	7	4	17	6	4450	953.375418283787	7	4	20	5	1859	1	3	1	10	0
GLY236A	6	6	16	13	911	425.762429557028	3	3	7	7	911	425.762429557028	3	3	7	7
PRO240A	7	6	20	14	176	1	2	1	3	0	176	1	2	1	3	0
LYS152A	3	1	11	1	1	1	2	1	5	0	1	1	1	1	1	1
GLU140A	3	2	6	2	1	1	1	1	1	1	47	1	2	1	2	0
LYS144A	5	3	6	1	636	1	3	1	6	0	1	1	1	1	1	1
THR22A	9	8	35	23	2829	1406.35916076689	7	6	44	26	2750	1327.35916076689	6	5	22	16
ARG112A	2	1	4	1	230	1	2	1	4	0	1	1	1	1	1	1
MET121A	5	3	17	12	2030	484.541376754632	5	3	18	10	941	471	2	2	8	8
LEU117A	8	7	29	18	898	445.791067683387	8	7	30	19	434	249	4	4	9	6
ILE11A	5	4	13	7	782	189.976875807274	5	4	16	7	378	156.976875807274	3	3	8	8
VAL229A	8	8	16	10	2567	2329.5	6	6	12	7	2881	2643.5	7	7	12	7
ILE93A	7	4	20	9	3586	588.059922388182	7	4	19	7	1873	1	4	1	8	0
GLU176A	3	1	11	1	168	1	2	1	4	0	1	1	1	1	1	1
TYR83A	5	2	18	4	354	1	3	2	8	2	1	1	1	1	1	1
THR132A	5	5	10	5	286	148.414031369753	5	5	11	5	213	75.4140313697527	2	2	2	2
ALA186A	8	6	20	11	966	723.572981137131	7	5	27	11	503	291.989514724079	5	3	15	6
VAL189A	8	8	32	23	1129	1033.05074354522	5	5	23	15	1029	933.050743545219	4	4	10	4
MET91A	4	3	14	9	230	134.454997100467	4	3	13	6	24	1	2	1	2	0
ALA177A	9	7	23	13	410	121.000600850975	5	4	20	13	246	83.1059404250786	3	2	8	5
GLU146A	5	2	9	3	230	1	4	2	9	0	1	1	1	1	1	1
ARG149A	4	2	13	4	302	21.4207996780624	4	2	14	2	302	21.4207996780624	3	2	7	1
GLU180A	7	5	24	11	3393	674.954221964067	6	5	22	12	3393	674.954221964067	6	5	14	10
GLY154A	5	5	14	13	252	231.579200321938	3	3	8	2	56	35.5792003219376	2	2	2	1
ASN101A	4	4	18	14	912	238.121898174181	4	4	25	19	427	31.1323597693056	2	2	5	5
THR99A	7	7	25	20	1122	805.867821876421	7	7	33	25	1038	721.867821876421	6	6	15	11
ALA18A	6	6	22	17	2111	1664.01048527592	5	5	20	11	2111	1664.01048527592	5	5	13	6
VAL243A	8	7	23	14	1520	1201.73034490056	4	4	7	6	2104	1577.73034490056	7	6	12	6
ILE214A	3	3	9	6	448	256.42251339566	3	3	6	5	448	256.42251339566	3	3	4	4
ARG61A	5	2	10	1	824	215	3	2	3	0	824	215	3	2	2	0
ARG108A	6	4	12	8	204	202	4	3	8	2	202	202	3	3	7	4
ILE231A	6	4	23	7	512	344.053349624431	5	4	11	3	571	89.0533496244311	4	2	13	4
PHE21A	10	3	39	6	13272	3174.09686984542	8	3	43	7	6075	1	3	1	8	0
ARG113A	5	3	17	7	1216	491.292690759513	5	3	17	6	593	472.029085185032	2	2	5	4
ALA109A	8	8	22	17	1454	1214.02915319859	5	5	15	10	1	1	1	1	1	1
LEU169A	6	5	13	10	1487	566.131266981426	4	4	13	10	855	367.560020463521	3	3	5	3
VAL163A	7	7	25	21	21056	19191.2457633002	7	7	29	22	20344	18717.8170098181	5	5	13	8
PHE227A	5	3	18	9	828	182.935379006263	5	3	19	7	579	96.9492564547809	3	2	7	3
ALA13A	7	6	14	11	2387	709.117372564969	3	2	5	3	2387	709.117372564969	3	2	4	3
ARG250A	3	3	11	8	2836	2323.48508051135	3	3	8	4	1333	1333	2	2	2	1
GLU167A	7	5	19	13	15506	2884.97949304029	7	5	24	14	14539	2648.17752072306	4	3	10	7
ILE53A	4	3	10	4	387	279.198027682768	3	2	9	4	1	1	1	1	1	1
GLY145A	4	4	9	7	1494	1000.23303464344	4	4	9	5	1	1	1	1	1	1
ALA28A	4	4	8	1	120	120	2	2	5	0	539	539	3	3	3	0
SER27A	4	1	10	1	532	1	3	1	8	0	341	1	2	1	2	0
LEU74A	3	3	8	4	56	28.5	2	2	6	3	1	1	1	1	1	1
LYS212A	4	1	9	1	230	1	4	1	13	0	1	1	2	1	3	0
GLU49A	3	1	10	1	230	1	3	1	8	0	1	1	1	1	1	1
LYS234A	6	1	18	1	908	1	6	1	15	0	141	1	2	1	2	0
ASP122A	2	1	4	1	1	1	1	1	1	1	1	1	1	1	1	1
SER120A	5	2	16	1	426	1	3	1	11	0	1	1	1	1	1	1
GLU48A	3	1	7	1	230	1	2	1	3	0	1	1	1	1	1	1
HIS183A	3	3	5	3	1	1	1	1	1	1	230	203.57607874273	2	2	2	2
SER15A	4	2	12	4	694	279	4	2	13	2	1	1	1	1	1	1
ARG90A	3	3	10	8	1	1	1	1	1	1	1	1	1	1	1	1
GLU87A	5	3	15	3	316	1.79379576835026	3	2	4	1	316	1.79379576835026	3	2	8	1
PHE75A	4	3	12	6	2300	1165.07648090674	4	3	12	5	487	132.076480906736	2	2	2	2
VAL139A	4	4	6	5	714	582.923519093264	3	3	5	3	533	401.923519093264	3	3	2	1
GLY166A	4	4	8	7	686	686	4	4	9	5	1	1	1	1	1	1
PHE165A	2	1	3	1	230	1	2	1	3	0	1	1	1	1	1	1
ASP134A	5	2	14	2	582	3.50176118903555	5	2	13	2	1	1	1	1	1	1
SER193A	4	2	16	3	308	47.1504111042469	4	2	16	3	1	1	1	1	1	1
VAL195A	4	4	11	7	632	574.389087084406	4	4	14	7	1	1	1	1	1	1
GLU237A	5	2	16	1	38	38	2	2	5	0	1	1	1	1	1	1
GLU179A	3	3	5	2	1	1	1	1	1	1	686	147.609440023026	3	3	2	2
ALA76A	6	5	12	6	2490	1493	5	4	11	3	998	1	3	2	7	2
GLU77A	5	3	12	4	214	1	3	2	8	2	230	2.87503195976659	5	3	8	3
GLY25A	6	5	18	12	1056	653.874190552581	4	3	17	7	1	1	1	1	1	1
ARG248A	3	2	5	4	457	1	2	1	1	0	1	1	1	1	1	1
ILE242A	5	2	23	7	530	1	3	1	7	0	1181	1	4	1	9	0
ASP128A	3	2	11	3	254	106.164654868203	3	2	11	1	1	1	1	1	1	1
ILE178A	4	2	13	1	451	1	2	1	5	0	453	1	3	1	8	0
PRO168A	3	2	9	5	221	221	2	2	6	4	221	221	2	2	3	2
MET104A	4	1	12	1	217	1	3	1	10	0	230	1	3	1	5	0
TYR204A	4	2	16	5	706	127.554272110812	3	2	8	4	718	127.554272110812	4	2	10	2
ILE205A	5	2	20	6	168	1	2	1	4	0	26	13.5	2	2	6	5
CYS184A	8	7	29	22	490	338.642400717234	7	6	33	17	33	11	4	3	12	2
ALA96A	7	5	22	10	500	427.623010019619	4	3	15	6	388	334.8866155941	2	2	5	4
GLU29A	3	1	5	1	32	1	2	1	2	0	230	1	3	1	3	0
LYS73A	4	2	6	1	515	32	3	2	5	0	32	32	2	2	2	0
ARG58A	4	2	10	2	230	1	4	2	9	0	1	1	1	1	1	1
LEU174A	4	2	10	1	1	1	1	1	1	1	1	1	1	1	1	1
LYS14A	2	1	6	1	1	1	1	1	1	1	1	1	1	1	1	1
GLY233A	6	6	19	11	546	392.698958210544	6	6	22	10	370	216.698958210544	3	3	4	3
MET213A	7	5	25	13	4544	2538.5	7	5	28	13	2823	817.5	5	4	11	6
TYR156A	3	1	10	1	215	1	2	1	2	0	215	1	2	1	2	0
LEU12A	6	4	18	11	1120	686	4	3	9	4	842	686	3	3	7	4
ASP228A	4	3	13	5	3594	2081	4	3	14	4	3398	1885	3	2	10	3
GLU137A	5	3	12	5	252	252	4	3	14	4	1	1	1	1	1	1
ASP3A	2	1	5	1	1	1	1	1	1	1	1	1	1	1	1	1
LYS7A	3	1	12	1	191	1	2	1	5	0	191	1	2	1	6	0
PRO170A	4	4	15	15	90	50	3	3	13	12	1	1	1	1	1	1
ALA218A	4	3	11	3	230	170	3	2	11	2	1	1	1	1	1	1
PRO225A	5	5	12	11	189	189	3	3	6	4	1	1	1	1	1	1
SER54A	3	2	9	7	1	1	2	1	3	0	1	1	1	1	1	1
ARG43A	2	1	1	1	2	1	2	1	1	0	2	1	2	1	1	0
TRP42A	2	2	1	1	2	2	2	2	1	0	2	2	2	2	1	0
MET222A	4	1	14	1	8	1	2	1	2	0	1	1	2	1	6	0
ALA223A	8	6	17	8	1790	921.945727889188	6	5	18	10	1916	850.945727889188	4	3	10	2
SER136A	4	3	9	4	230	3	3	2	6	1	1	1	1	1	1	1
GLU69A	2	2	4	2	230	230	2	2	4	1	230	230	2	2	1	0
ASN217A	8	3	21	8	1753	627	7	3	26	5	1020	20	4	2	13	6
GLN107A	6	4	20	9	736	271.049397956589	5	3	17	3	295	271.049397956589	3	3	5	1
ASP141A	2	2	4	2	1	1	1	1	1	1	1	1	1	1	1	1
ARG6A	4	2	10	1	70	1	2	1	3	0	70	1	2	1	3	0
LYS208A	2	1	6	1	1	1	1	1	1	1	1	1	1	1	1	1
LYS57A	4	1	13	1	71	1	2	1	5	0	71	1	2	1	3	0
LYS241A	3	1	11	1	141	1	2	1	3	0	141	1	2	1	3	0
ASN143A	2	1	1	1	2	1	2	1	1	0	1	1	1	1	1	1
LYS71A	2	2	1	1	2	2	2	2	1	0	1	1	1	1	1	1
MET70A	2	2	3	2	1	1	1	1	1	1	1	1	1	1	1	1
HIS130A	3	1	8	1	10	1	2	1	4	0	1	1	1	1	1	1
LYS230A	2	1	7	1	1	1	1	1	1	1	1	1	1	1	1	1
GLU65A	2	1	4	1	230	1	2	1	4	0	1	1	1	1	1	1
PHE66A	4	2	10	4	230	2	4	2	10	2	1	1	1	1	1	1
GLY40A	2	2	1	1	2	2	2	2	1	0	1	1	1	1	1	1
LEU41A	2	1	1	1	2	1	2	1	1	0	1	1	1	1	1	1
ASP72A	2	1	5	1	230	1	2	1	4	0	1	1	1	1	1	1
GLU2A	1	1	1	1	1	1	1	1	1	1	1	1	1	1	1	1
LYS16A	1	1	1	1	1	1	1	1	1	1	1	1	1	1	1	1
LYS44A	1	1	1	1	1	1	1	1	1	1	1	1	1	1	1	1
GLN171A	1	1	1	1	1	1	1	1	1	1	1	1	1	1	1	1
ARG172A	1	1	1	1	1	1	1	1	1	1	1	1	1	1	1	1
PHE175A	1	1	1	1	1	1	1	1	1	1	1	1	1	1	1	1
