Degree	Degree_sidechain	SecondOrderDegree	SecondOrderDegree_sidechain	NodeEdgeBetweennessSTRIDE	NodeEdgeBetweennessSTRIDE_sidechain	IntermodularDegreeSTRIDE	IntermodularDegreeSTRIDE_sidechain	SecondOrderIntermodularDegreeSTRIDE	SecondOrderIntermodularDegreeSTRIDE_sidechain	NodeEdgeBetweennessWALKTRAP	NodeEdgeBetweennessWALKTRAP_sidechain	IntermodularDegreeWALKTRAP	IntermodularDegreeWALKTRAP_sidechain	SecondOrderIntermodularDegreeWALKTRAP	SecondOrderIntermodularDegreeWALKTRAP_sidechain
ILE142A	0.220267218838208	-0.913304358214767	0.618395368407455	-0.756787214191573	1.83487404531507	-0.513975828192194	0.425617443838148	-1.11667592238663	0.830633826816211	-0.854735305981902	-0.00739289029609896	0.396429395312297	-0.397598790309211	-0.111008577904407	-0.25628053748424	-0.479873540840506
VAL112A	1.51113557109934	1.78643403791569	1.55716424092962	2.32458875592037	0.54876110490881	1.41689143177632	0.878172700577445	1.00912073439472	0.67471596882166	0.482280815107107	1.44964381616436	2.9873867525535	1.45786223113377	2.22017155808815	1.67156111762109	1.97240797585014
GLU3A	-0.210022231915501	-0.463347958859691	-0.216065851612244	-0.354868609394362	-0.49957048953862	-0.477611669256905	0.425617443838148	-0.0537775939959569	0.0510445368434543	-0.186227245437398	-0.316109791971126	-0.362871698529757	0.22088821683845	-0.111008577904407	-0.25628053748424	-0.173338351254175
LEU52A	0.650556669591918	0.43656483985046	-0.111758199109781	-0.354868609394362	0.380519586541711	1.1426415714353	0.425617443838148	1.00912073439472	-0.260791179145648	-0.186227245437398	-0.441916390630603	-0.398469340742721	0.22088821683845	-0.111008577904407	0.0650264050333147	-0.479873540840506
TYR96A	-0.210022231915501	-0.463347958859691	0.40978006340253	0.181022863668585	-0.49957048953862	-0.49507955159334	-0.0269378129011485	-0.0537775939959569	0.284921323835281	0.348579202998206	-0.460653543622439	-0.40957571030836	-1.01608579745687	-0.88806862323526	-0.738240951260573	-0.479873540840506
VAL9A	1.94142502185305	2.23639043727076	2.07870250344193	2.19061588765464	-0.415823600395887	-0.322282822927458	1.78328321405604	2.0720190627854	1.92205883277807	2.48780499674062	-0.321463264254508	-0.259434737374943	0.839375223986112	1.4431115127573	1.35025417510353	2.27894316543647
GLY138A	-0.640311682669211	-0.0133915595046155	-0.216065851612244	0.448968600200059	-0.49957048953862	-0.311376832264596	-0.0269378129011485	0.477671570199382	-0.0269143921538213	0.214877590889305	-0.460653543622439	-0.40957571030836	-1.01608579745687	-0.88806862323526	-0.738240951260573	-0.479873540840506
ILE139A	0.650556669591918	-0.0133915595046155	0.618395368407455	0.314995731934322	2.98788925119092	4.15518217247405	0.878172700577445	0.477671570199382	0.830633826816211	0.348579202998206	1.68430435125261	2.06174036857699	-0.397598790309211	-0.111008577904407	-0.25628053748424	-0.479873540840506
ARG97A	-0.640311682669211	-0.0133915595046155	-0.633296461622093	-0.622814345925836	-0.378436596314309	-0.358125070194107	-0.479493069640446	-0.0537775939959569	-0.338750108142924	-0.4536304696552	-0.314325301209999	-0.200866258455698	0.22088821683845	0.666051467426445	-0.416934008743018	-0.173338351254175
MET111A	1.08084612034563	-0.463347958859691	1.13993363091977	-0.622814345925836	4.53197251976006	0.778516802371926	1.33072795731674	-0.0537775939959569	1.06451061380804	-0.186227245437398	7.00476355555372	0.93335284449145	1.45786223113377	-0.111008577904407	1.02894723258598	-0.479873540840506
ALA155A	1.08084612034563	1.33647763856061	1.0356259784173	1.65472441459169	-0.49957048953862	-0.333420996694509	0.878172700577445	1.00912073439472	1.22042847180259	1.55189371197831	-0.460653543622439	-0.40957571030836	-1.01608579745687	-0.88806862323526	-0.738240951260573	-0.479873540840506
LEU79A	1.51113557109934	0.886521239205536	2.07870250344193	1.65472441459169	-0.112241127253478	-0.0943345392257344	1.33072795731674	1.54056989859006	1.45430525879442	1.81929693619612	-0.349122871051982	-0.348027672494538	1.45786223113377	-0.111008577904407	1.35025417510353	-0.173338351254175
ALA59A	1.08084612034563	0.886521239205536	0.201164758397606	0.716914336731532	0.686345279929014	0.995408658755954	0.878172700577445	1.00912073439472	-0.182832250148373	-0.319928857546299	-0.169781549558686	-0.40957571030836	0.839375223986112	-0.111008577904407	0.707640290068425	0.439732027918487
GLY60A	-1.07060113342292	-0.463347958859691	-0.94621941912948	-0.354868609394362	-0.49957048953862	-0.389663420763173	-0.932048326379743	-0.585226758191296	-1.04038046911841	-0.721033693873002	-0.169781549558686	0.107663786605684	-0.397598790309211	-0.111008577904407	-0.416934008743018	-0.479873540840506
ASP57A	0.220267218838208	-0.0133915595046155	0.82701067341238	0.0470499954028481	-0.318617389783786	-0.312090280902656	0.425617443838148	0.477671570199382	0.362880252832557	0.482280815107107	-0.460653543622439	-0.40957571030836	-0.397598790309211	-0.88806862323526	-0.0956270662254627	-0.786408730426837
SER17A	-0.210022231915501	-0.463347958859691	-0.216065851612244	-0.622814345925836	-0.512282070926356	-0.461278256330026	-0.0269378129011485	-0.0537775939959569	-0.104873321151097	-0.319928857546299	-0.459761298241876	-0.407989086084697	-0.397598790309211	-0.111008577904407	-0.577587480001795	-0.479873540840506
ARG41A	-0.640311682669211	-0.463347958859691	-0.424681156617168	-0.488841477660099	0.797010812010483	0.770142489113804	-0.0269378129011485	-0.0537775939959569	-0.182832250148373	-0.186227245437398	0.591303760062118	1.23967120678113	0.22088821683845	0.666051467426445	-0.25628053748424	0.133196838332156
ASP54A	0.220267218838208	0.43656483985046	-0.320373504114706	-0.220895741128626	0.514365061153758	0.0136643023061481	0.425617443838148	0.477671570199382	-0.260791179145648	-0.319928857546299	1.7360545833253	0.464118902674163	0.22088821683845	0.666051467426445	0.225679876292092	1.05280240709115
LEU133A	-0.210022231915501	-0.0133915595046155	0.0968571058951434	-0.0869228728628888	0.634003474214806	0.585727207657362	-0.479493069640446	-0.0537775939959569	-0.338750108142924	0.0811759787804041	1.03831869572451	1.00281893989321	0.22088821683845	0.666051467426445	0.225679876292092	0.746267217504817
PHE90A	0.650556669591918	-0.0133915595046155	0.722703020909917	-0.0869228728628888	2.10854691519222	0.747116909644745	0.878172700577445	0.477671570199382	0.362880252832557	-0.186227245437398	1.3381131435939	1.21009849105723	1.45786223113377	1.4431115127573	0.707640290068425	0.746267217504817
ALA83A	1.08084612034563	1.33647763856061	1.0356259784173	1.11883294152874	-0.317869649702154	-0.181094913029353	1.33072795731674	1.54056989859006	1.37634632979714	1.01708726354271	-0.134091734336139	-0.0470944074117427	2.6948362454291	2.997231603419	2.79613541643253	1.35933759667748
SER89A	0.650556669591918	0.43656483985046	1.24424128342223	0.582941468465795	-0.276743945212419	-0.114954634993327	0.878172700577445	0.477671570199382	1.45430525879442	0.348579202998206	-0.154613378089103	0.13463639840795	1.45786223113377	2.22017155808815	2.47482847391498	2.5854783550228
ALA146A	0.220267218838208	0.43656483985046	0.201164758397606	0.582941468465795	0.541283704092494	0.381998777216359	-0.0269378129011485	-0.0537775939959569	0.12900346584073	0.348579202998206	0.927680268534619	0.741161987180934	0.839375223986112	0.666051467426445	0.707640290068425	1.35933759667748
LEU19A	1.51113557109934	1.78643403791569	2.07870250344193	2.86048022898332	0.9016944234389	0.351131496177729	1.78328321405604	2.60346822698074	2.23389454876717	3.69111950572073	0.651084200559884	0.613895219965726	2.07634923828143	2.997231603419	1.18960070384476	2.27894316543647
TYR32A	-1.07060113342292	-0.913304358214767	-0.94621941912948	-0.89076008245731	-0.49957048953862	-0.424243716525139	-0.479493069640446	-0.585226758191296	-0.650585824132027	-0.721033693873002	-0.314325301209999	-0.294329002480614	0.22088821683845	-0.111008577904407	-0.0956270662254627	-0.173338351254175
GLY151A	1.08084612034563	1.78643403791569	0.618395368407455	1.11883294152874	0.76635346866359	1.43731842008152	1.33072795731674	2.0720190627854	1.06451061380804	1.28449048776051	-0.460653543622439	-0.40957571030836	-1.01608579745687	-0.88806862323526	-0.738240951260573	-0.479873540840506
THR144A	1.94142502185305	1.78643403791569	0.931318325914842	1.65472441459169	0.966000070459213	1.37007361228859	2.68839372753463	2.60346822698074	2.62368919375355	2.48780499674062	-0.251868124570542	-0.329139979533045	-0.397598790309211	-0.111008577904407	-0.0956270662254627	0.746267217504817
ASP154A	-0.640311682669211	-1.36326075756984	-0.320373504114706	-1.02473295072305	-0.471904106518253	-0.513975828192194	-0.932048326379743	-1.11667592238663	-0.650585824132027	-0.854735305981902	-0.460653543622439	-0.40957571030836	-1.01608579745687	-0.88806862323526	-0.738240951260573	-0.479873540840506
ILE93A	0.220267218838208	0.43656483985046	1.0356259784173	1.11883294152874	-0.490597608559041	-0.425509221311125	0.878172700577445	1.00912073439472	1.29838740079987	1.68559532408722	-0.345553889529727	-0.370525681772284	0.839375223986112	0.666051467426445	1.67156111762109	1.35933759667748
LEU113A	1.94142502185305	1.78643403791569	2.07870250344193	2.0566430193889	-0.389652697538783	-0.196009083486801	1.78328321405604	2.0720190627854	1.84409990378079	1.68559532408722	0.0479263232988481	-0.0168621017550024	2.07634923828143	2.22017155808815	2.47482847391498	1.97240797585014
ASP30A	-0.640311682669211	-0.913304358214767	-0.737604114124555	-1.02473295072305	-0.500318229620252	-0.513975828192194	-0.932048326379743	-1.11667592238663	-0.728544753129302	-0.854735305981902	-0.460653543622439	-0.40957571030836	-1.01608579745687	-0.88806862323526	-0.738240951260573	-0.479873540840506
GLU31A	-1.07060113342292	-1.36326075756984	-1.05052707163194	-1.02473295072305	-0.622199862926194	-0.513975828192194	-1.38460358311904	-1.11667592238663	-1.04038046911841	-0.721033693873002	-0.460653543622439	-0.40957571030836	-1.01608579745687	-0.88806862323526	-0.738240951260573	-0.479873540840506
ASP132A	-1.07060113342292	-0.913304358214767	-1.46775768164179	-1.02473295072305	-0.622199862926194	-0.513975828192194	-1.38460358311904	-1.11667592238663	-1.04038046911841	-0.721033693873002	-0.460653543622439	-0.40957571030836	-1.01608579745687	-0.88806862323526	-0.738240951260573	-0.479873540840506
LYS128A	-1.07060113342292	-0.913304358214767	-1.1548347241344	-1.02473295072305	-0.622199862926194	-0.513975828192194	-1.38460358311904	-1.11667592238663	-1.04038046911841	-0.721033693873002	-0.0270222886684995	-0.40957571030836	-0.397598790309211	-0.88806862323526	-0.416934008743018	-0.786408730426837
LEU120A	-0.210022231915501	-0.0133915595046155	-0.424681156617168	-0.354868609394362	-0.0942953652943213	0.0147581367895866	-0.0269378129011485	-0.0537775939959569	-0.260791179145648	-0.4536304696552	-0.0832337476440103	0.261566336300967	0.22088821683845	0.666051467426445	-0.25628053748424	-0.173338351254175
PRO121A	-1.07060113342292	-0.463347958859691	-1.1548347241344	-0.622814345925836	-0.418066820640781	-0.176722621556619	-0.932048326379743	-0.585226758191296	-0.884462611123854	-0.587332081764101	-0.460653543622439	-0.40957571030836	-1.01608579745687	-0.88806862323526	-0.738240951260573	-0.479873540840506
ASP108A	-0.640311682669211	-1.36326075756984	-0.841911766627018	-1.02473295072305	-0.530227832885513	-0.513975828192194	-0.932048326379743	-1.11667592238663	-0.962421540121129	-0.854735305981902	-0.350907361813109	-0.40957571030836	-0.397598790309211	-0.88806862323526	-0.738240951260573	-0.786408730426837
SER106A	-0.640311682669211	-0.463347958859691	-0.841911766627018	-1.02473295072305	-0.622199862926194	-0.513975828192194	-1.38460358311904	-1.11667592238663	-1.04038046911841	-0.721033693873002	-0.460653543622439	-0.40957571030836	-1.01608579745687	-0.88806862323526	-0.738240951260573	-0.479873540840506
ALA11A	1.08084612034563	0.886521239205536	0.40978006340253	0.582941468465795	0.258637953235769	0.127504003291014	1.33072795731674	1.00912073439472	1.14246954280531	1.41819209986941	-0.460653543622439	-0.40957571030836	-1.01608579745687	-0.88806862323526	-0.738240951260573	-0.479873540840506
VAL14A	1.94142502185305	2.23639043727076	2.07870250344193	2.45856162418611	1.13798028923447	1.06122976712032	2.68839372753463	3.13491739117608	3.24736062573176	3.55741789361183	0.113060236079995	-0.0485563672147807	0.839375223986112	0.666051467426445	2.15352153139742	1.66587278626381
VAL114A	1.51113557109934	2.23639043727076	2.07870250344193	3.1284259655148	-0.226645359743105	-0.127299702728814	0.878172700577445	1.54056989859006	1.61022311678897	3.02261144517622	-0.373213496327201	-0.34626576429294	0.839375223986112	1.4431115127573	1.51090764636231	3.5050839237818
GLY77A	1.08084612034563	1.78643403791569	1.0356259784173	1.78869728285743	0.299015917643873	0.527272950600294	1.33072795731674	2.0720190627854	1.53226418779169	2.48780499674062	-0.460653543622439	-0.40957571030836	-1.01608579745687	-0.88806862323526	-0.738240951260573	-0.479873540840506
PHE78A	1.08084612034563	-0.463347958859691	1.34854893592469	0.0470499954028481	1.74514523551929	-0.513975828192194	1.33072795731674	-0.0537775939959569	1.29838740079987	-0.0525256333284968	0.965154574518293	-0.40957571030836	0.22088821683845	-0.88806862323526	0.0650264050333147	-0.786408730426837
ARG123A	-0.210022231915501	-0.0133915595046155	0.0968571058951434	0.181022863668585	0.189845865725667	0.199293576978961	-0.479493069640446	-0.0537775939959569	-0.650585824132027	-0.319928857546299	-0.460653543622439	-0.40957571030836	-1.01608579745687	-0.88806862323526	-0.738240951260573	-0.479873540840506
ILE84A	0.220267218838208	-0.0133915595046155	0.618395368407455	-0.220895741128626	-0.191501575906422	-0.0450059705419376	0.878172700577445	0.477671570199382	0.830633826816211	-0.0525256333284968	-0.210824837064614	0.0124663331859213	1.45786223113377	0.666051467426445	1.18960070384476	-0.479873540840506
LEU56A	1.08084612034563	1.33647763856061	0.722703020909917	0.850887204997269	0.25415151274598	0.320442883030492	1.33072795731674	1.54056989859006	0.67471596882166	0.615982427216008	0.428022855418968	0.382857311753159	2.07634923828143	2.22017155808815	1.83221458887987	1.35933759667748
TYR71A	-0.210022231915501	-0.913304358214767	-0.320373504114706	-0.354868609394362	-0.343292812477627	-0.431174575906169	-0.479493069640446	-0.585226758191296	-0.260791179145648	-0.186227245437398	0.254927251589618	-0.303230595357917	1.45786223113377	-0.111008577904407	1.18960070384476	0.439732027918487
GLN43A	-0.640311682669211	-0.913304358214767	-0.633296461622093	-0.89076008245731	0.165170443031826	-0.294961718375431	-0.479493069640446	-0.585226758191296	-0.572626895134751	-0.587332081764101	-0.460653543622439	-0.40957571030836	-1.01608579745687	-0.88806862323526	-0.738240951260573	-0.479873540840506
VAL44A	0.650556669591918	1.33647763856061	-0.111758199109781	0.314995731934322	0.235458010705191	0.308566197084448	-0.479493069640446	-0.0537775939959569	-0.728544753129302	-0.186227245437398	0.562751907884081	0.646849450116157	-0.397598790309211	-0.111008577904407	-0.25628053748424	0.133196838332156
TYR137A	0.220267218838208	-0.463347958859691	-0.424681156617168	-0.488841477660099	1.6150384613154	0.260594723311489	0.425617443838148	-0.585226758191296	-0.260791179145648	-0.854735305981902	0.0987843099909769	0.58523767792816	0.22088821683845	-0.111008577904407	-0.416934008743018	-0.786408730426837
ARG68A	0.220267218838208	-0.0133915595046155	0.0968571058951434	-0.0869228728628888	0.407438229480447	0.0413693120950968	0.425617443838148	-0.0537775939959569	-0.0269143921538213	0.214877590889305	0.267418686917509	0.369522209276056	0.839375223986112	1.4431115127573	0.546986818809647	1.35933759667748
GLU37A	0.220267218838208	0.43656483985046	0.40978006340253	0.448968600200059	2.16836612172274	2.71975243197156	0.878172700577445	1.00912073439472	0.752674897818935	0.88338565143381	1.8047574776287	2.90561017926885	0.839375223986112	1.4431115127573	1.18960070384476	1.66587278626381
ARG102A	-0.210022231915501	0.43656483985046	-0.528988809119631	0.0470499954028481	-0.616965682354773	-0.507494169396982	-0.479493069640446	-0.0537775939959569	-0.806503682126578	-0.587332081764101	-0.454407825958494	-0.401251044550101	-0.397598790309211	-0.111008577904407	-0.577587480001795	-0.173338351254175
GLN99A	0.220267218838208	-0.0133915595046155	-0.424681156617168	-0.488841477660099	-0.60126314064051	-0.47938575571675	-0.932048326379743	-0.585226758191296	-0.962421540121129	-0.854735305981902	-0.250083633809415	-0.0937316762920353	0.22088821683845	-0.111008577904407	-0.416934008743018	-0.479873540840506
LEU159A	1.94142502185305	1.33647763856061	1.76577954593454	1.65472441459169	6.13886595518626	8.56257732156993	1.78328321405604	2.0720190627854	2.07797669077262	2.35410338463172	3.12260390472123	5.90075913410726	1.45786223113377	0.666051467426445	1.35025417510353	-0.173338351254175
ALA130A	1.51113557109934	1.33647763856061	1.24424128342223	0.314995731934322	-0.179537734600318	-0.0319636737840549	0.425617443838148	0.477671570199382	0.908592755813487	0.214877590889305	-0.238484443862088	-0.213657578833739	0.839375223986112	1.4431115127573	1.67156111762109	1.66587278626381
THR127A	-0.210022231915501	-0.0133915595046155	-0.320373504114706	-0.622814345925836	-0.0314851984372713	-0.0260087343421862	-0.932048326379743	-0.585226758191296	-0.962421540121129	-0.587332081764101	0.124659426027323	0.561601405594475	0.839375223986112	0.666051467426445	-0.0956270662254627	-0.479873540840506
ILE100A	1.08084612034563	0.886521239205536	1.66147189343208	0.850887204997269	0.127783438950248	0.686793830598205	0.878172700577445	1.00912073439472	1.06451061380804	0.88338565143381	1.14538814139215	1.08343768415825	0.839375223986112	-0.111008577904407	0.38633334755087	-0.786408730426837
VAL103A	0.650556669591918	0.886521239205536	0.0968571058951434	0.582941468465795	-0.26777106423284	-0.343200490106184	-0.479493069640446	-0.585226758191296	-0.806503682126578	-0.587332081764101	0.728709548668923	1.17266841437176	0.839375223986112	0.666051467426445	0.38633334755087	0.133196838332156
LYS101A	-1.50089058417663	-0.913304358214767	-1.36345002913933	-0.756787214191573	-0.622199862926194	-0.513975828192194	-1.38460358311904	-1.11667592238663	-1.04038046911841	-0.721033693873002	-0.314325301209999	-0.358078789480337	-0.397598790309211	-0.111008577904407	-0.577587480001795	-0.173338351254175
VAL152A	1.51113557109934	1.78643403791569	1.0356259784173	1.38677867806022	0.235458010705191	0.42070476360601	0.878172700577445	1.54056989859006	0.830633826816211	1.95299854830502	-0.455300071339058	-0.404815837637372	0.22088821683845	0.666051467426445	0.38633334755087	1.35933759667748
GLY15A	1.08084612034563	1.33647763856061	1.0356259784173	1.65472441459169	0.613066751929123	1.38020515065287	1.78328321405604	2.0720190627854	1.76614097478352	2.35410338463172	-0.460653543622439	-0.40957571030836	-0.397598790309211	-0.111008577904407	-0.25628053748424	-0.173338351254175
PHE141A	1.08084612034563	-0.463347958859691	1.55716424092962	-0.354868609394362	-0.305158068314418	-0.419715995202287	0.878172700577445	-0.585226758191296	1.29838740079987	-0.4536304696552	0.00866752655404696	-0.381016474282431	1.45786223113377	-0.111008577904407	1.35025417510353	-0.786408730426837
SER65A	-0.640311682669211	-0.463347958859691	-0.94621941912948	-0.354868609394362	-0.0180258769679034	0.281595838743009	-0.479493069640446	-0.585226758191296	-0.728544753129302	-0.587332081764101	-0.460653543622439	-0.40957571030836	-1.01608579745687	-0.88806862323526	-0.738240951260573	-0.479873540840506
PRO140A	0.220267218838208	-0.0133915595046155	0.618395368407455	0.0470499954028481	-0.372454675661257	-0.197225260313864	0.425617443838148	-0.0537775939959569	0.284921323835281	-0.319928857546299	-0.162643586514176	-0.00275969458821545	0.839375223986112	0.666051467426445	0.707640290068425	0.133196838332156
GLY12A	-1.07060113342292	-0.463347958859691	-0.737604114124555	-0.220895741128626	-0.622199862926194	-0.513975828192194	-1.38460358311904	-1.11667592238663	-1.04038046911841	-0.721033693873002	-0.460653543622439	-0.40957571030836	-1.01608579745687	-0.88806862323526	-0.738240951260573	-0.479873540840506
GLY13A	-0.210022231915501	0.43656483985046	-0.0074505466073189	0.582941468465795	0.0388023692360942	0.326498756188939	-0.0269378129011485	0.477671570199382	0.596757039824384	1.15078887565161	-0.103755391396975	0.162750806939793	-0.397598790309211	-0.111008577904407	-0.416934008743018	-0.479873540840506
GLU62A	-1.07060113342292	-0.463347958859691	-1.1548347241344	-0.756787214191573	-0.399373318599993	-0.467115513804134	-0.932048326379743	-0.585226758191296	-1.04038046911841	-0.721033693873002	-0.07341904845781	-0.247053566340859	0.22088821683845	0.666051467426445	-0.416934008743018	0.133196838332156
TYR64A	-0.640311682669211	-0.913304358214767	-0.94621941912948	-0.89076008245731	-0.60126314064051	-0.513975828192194	-0.479493069640446	-1.11667592238663	-0.884462611123854	-0.854735305981902	-0.339308171865781	-0.296132296188663	-0.397598790309211	-0.111008577904407	-0.577587480001795	-0.173338351254175
VAL109A	0.650556669591918	1.33647763856061	0.40978006340253	0.716914336731532	0.058991351440146	0.568105303974445	0.425617443838148	1.00912073439472	0.440839181829833	0.749684039324909	0.174625167338888	0.664448170708233	0.839375223986112	1.4431115127573	0.0650264050333147	-0.173338351254175
SER145A	-0.210022231915501	0.43656483985046	-0.320373504114706	0.0470499954028481	-0.478633767252937	-0.378844424322812	-0.932048326379743	-0.585226758191296	-0.806503682126578	-0.4536304696552	-0.460653543622439	-0.40957571030836	-1.01608579745687	-0.88806862323526	-0.738240951260573	-0.479873540840506
THR148A	0.220267218838208	0.886521239205536	-0.320373504114706	0.181022863668585	-0.429282921865255	-0.195253017525607	-0.479493069640446	-0.0537775939959569	-0.572626895134751	-0.319928857546299	-0.460653543622439	-0.40957571030836	-1.01608579745687	-0.88806862323526	-0.738240951260573	-0.479873540840506
ASP33A	-0.640311682669211	-0.463347958859691	-1.1548347241344	-0.622814345925836	-0.622199862926194	-0.513975828192194	-1.38460358311904	-1.11667592238663	-1.04038046911841	-0.721033693873002	-0.460653543622439	-0.40957571030836	-1.01608579745687	-0.88806862323526	-0.738240951260573	-0.479873540840506
THR35A	-0.210022231915501	-0.0133915595046155	-0.737604114124555	-0.756787214191573	-0.622199862926194	-0.513975828192194	-0.932048326379743	-1.11667592238663	-0.728544753129302	-0.854735305981902	-0.460653543622439	-0.40957571030836	-1.01608579745687	-0.88806862323526	-0.738240951260573	-0.479873540840506
ILE55A	0.650556669591918	0.43656483985046	1.13993363091977	0.582941468465795	4.25156998914823	2.91611430521479	0.425617443838148	-0.0537775939959569	0.284921323835281	-0.0525256333284968	6.12857859184021	7.5933954711143	2.07634923828143	2.22017155808815	1.83221458887987	1.35933759667748
ASN85A	-0.210022231915501	-0.463347958859691	-0.216065851612244	-0.756787214191573	-0.399373318599993	-0.487159696584752	0.425617443838148	-0.0537775939959569	-0.104873321151097	-0.4536304696552	-0.387489422416219	-0.40957571030836	-0.397598790309211	-0.88806862323526	0.0650264050333147	-0.786408730426837
MET72A	0.650556669591918	-0.0133915595046155	0.514087715904993	-0.0869228728628888	-0.522002691987566	-0.447070387820978	0.425617443838148	-0.585226758191296	0.752674897818935	-0.0525256333284968	-0.189410947931086	-0.119765039369303	0.839375223986112	1.4431115127573	1.18960070384476	1.66587278626381
THR58A	1.51113557109934	1.33647763856061	1.66147189343208	2.19061588765464	2.47045311470189	2.23909508602546	1.78328321405604	2.0720190627854	1.76614097478352	2.35410338463172	3.10386675172939	2.97761525709091	2.6948362454291	2.22017155808815	2.95678888769131	4.11815430295446
ASN116A	1.08084612034563	-0.0133915595046155	1.76577954593454	0.582941468465795	0.211530328092982	0.146941628035032	1.33072795731674	0.477671570199382	2.467771335759	1.15078887565161	-0.106432127538665	0.0886242959217313	1.45786223113377	0.666051467426445	1.35025417510353	0.133196838332156
GLY115A	1.51113557109934	2.23639043727076	1.34854893592469	1.65472441459169	-0.415823600395887	-0.206523021642133	1.33072795731674	2.0720190627854	1.76614097478352	1.55189371197831	-0.328601227299017	-0.217789099360253	0.839375223986112	1.4431115127573	1.83221458887987	1.05280240709115
GLU143A	0.220267218838208	-1.36326075756984	0.305472410900068	-1.02473295072305	-0.513029811007988	-0.513975828192194	0.425617443838148	-1.11667592238663	0.908592755813487	-0.854735305981902	-0.444593126772294	-0.40957571030836	-0.397598790309211	-0.88806862323526	-0.25628053748424	-0.786408730426837
PHE82A	2.80200392336047	0.43656483985046	2.80885607095916	0.716914336731532	-0.0546651409678492	-0.421789761677755	2.68839372753463	1.00912073439472	2.70164812275083	0.88338565143381	0.141612088258033	-0.343535884911276	4.55029726687208	1.4431115127573	4.88463054279664	1.35933759667748
ARG164A	-0.640311682669211	-0.0133915595046155	-0.216065851612244	0.181022863668585	-0.49957048953862	-0.411409209778422	-0.479493069640446	-0.0537775939959569	-0.4167090371402	-0.319928857546299	-0.459761298241876	-0.407989086084697	-0.397598790309211	-0.111008577904407	-0.738240951260573	-0.786408730426837
VAL160A	1.08084612034563	1.78643403791569	0.722703020909917	0.984860073263006	-0.388157217375519	-0.263268268039915	0.425617443838148	1.00912073439472	0.12900346584073	0.749684039324909	-0.403549839266365	-0.368413982021265	0.22088821683845	0.666051467426445	-0.0956270662254627	-0.173338351254175
CYS80A	1.08084612034563	0.43656483985046	1.66147189343208	1.25280580979448	-0.491345348640673	-0.412778994074997	0.878172700577445	0.477671570199382	1.22042847180259	0.749684039324909	-0.460653543622439	-0.40957571030836	0.22088821683845	-0.111008577904407	0.546986818809647	-0.479873540840506
LYS147A	0.220267218838208	-1.36326075756984	-0.216065851612244	-1.02473295072305	-0.613226981946615	-0.513975828192194	-0.479493069640446	-1.11667592238663	-0.4167090371402	-0.854735305981902	-0.449946599055676	-0.40957571030836	-0.397598790309211	-0.88806862323526	-0.577587480001795	-0.786408730426837
ARG73A	-0.640311682669211	-0.463347958859691	-0.633296461622093	-0.220895741128626	-0.385166257048993	-0.122366793380922	-0.479493069640446	-0.585226758191296	-0.728544753129302	-0.721033693873002	0.0175899803596836	0.271134906506046	0.839375223986112	0.666051467426445	0.225679876292092	0.439732027918487
GLN70A	-1.07060113342292	-0.463347958859691	-1.1548347241344	-0.622814345925836	-0.622199862926194	-0.513975828192194	-1.38460358311904	-1.11667592238663	-1.04038046911841	-0.721033693873002	-0.0859104837857012	-0.115115851071337	0.22088821683845	0.666051467426445	-0.0956270662254627	0.439732027918487
GLY10A	0.220267218838208	0.886521239205536	0.82701067341238	1.25280580979448	0.352853203521344	0.694326522510415	0.878172700577445	1.54056989859006	1.22042847180259	1.81929693619612	-0.460653543622439	-0.40957571030836	-1.01608579745687	-0.88806862323526	-0.738240951260573	-0.479873540840506
TYR4A	0.650556669591918	-0.463347958859691	0.722703020909917	-0.488841477660099	0.0230998275218317	-0.372121618773282	0.878172700577445	-0.0537775939959569	0.284921323835281	-0.186227245437398	-0.313433055829435	-0.40957571030836	-0.397598790309211	-0.88806862323526	-0.577587480001795	-0.786408730426837
LEU6A	1.94142502185305	1.78643403791569	1.55716424092962	0.984860073263006	3.74161125347552	2.24755653781848	1.33072795731674	1.54056989859006	1.14246954280531	1.28449048776051	2.10365968011753	0.779452936430037	0.22088821683845	0.666051467426445	0.38633334755087	0.439732027918487
VAL7A	1.94142502185305	2.23639043727076	2.07870250344193	2.99445309724906	0.200314226868508	0.143533039828324	1.33072795731674	1.54056989859006	1.53226418779169	1.68559532408722	0.342367298884857	0.265433322466579	1.45786223113377	2.22017155808815	2.3141750026562	4.11815430295446
VAL8A	1.08084612034563	1.33647763856061	1.870087198437	1.92267015112316	2.56541610506909	2.02221770009658	0.878172700577445	1.00912073439472	1.14246954280531	0.615982427216008	3.83818469993329	3.39304591242535	2.6948362454291	2.997231603419	2.95678888769131	4.11815430295446
ALA18A	0.220267218838208	0.43656483985046	0.40978006340253	0.716914336731532	-0.453958344559096	-0.455953892044772	-0.0269378129011485	-0.0537775939959569	0.0510445368434543	-0.319928857546299	-0.259898332995615	-0.335055708510196	0.22088821683845	0.666051467426445	-0.0956270662254627	0.133196838332156
ALA134A	1.94142502185305	2.23639043727076	0.618395368407455	1.11883294152874	-0.403859759089782	-0.163133664512695	0.878172700577445	1.00912073439472	0.752674897818935	0.749684039324909	-0.460653543622439	-0.40957571030836	-1.01608579745687	-0.88806862323526	-0.738240951260573	-0.479873540840506
ARG135A	-1.50089058417663	-1.36326075756984	-0.737604114124555	-1.02473295072305	-0.622199862926194	-0.513975828192194	-1.38460358311904	-1.11667592238663	-1.04038046911841	-0.721033693873002	-0.460653543622439	-0.40957571030836	-1.01608579745687	-0.88806862323526	-0.738240951260573	-0.479873540840506
SER136A	-1.50089058417663	-0.913304358214767	-1.46775768164179	-0.89076008245731	-0.622199862926194	-0.513975828192194	-1.38460358311904	-1.11667592238663	-1.04038046911841	-0.721033693873002	-0.460653543622439	-0.40957571030836	-1.01608579745687	-0.88806862323526	-0.738240951260573	-0.479873540840506
LYS104A	-0.210022231915501	-0.463347958859691	-0.0074505466073189	-0.0869228728628888	-0.382923036804099	-0.496920181725456	-0.0269378129011485	-0.0537775939959569	-0.260791179145648	-0.0525256333284968	-0.352691852574236	-0.387670429482486	0.22088821683845	0.666051467426445	-0.25628053748424	0.133196838332156
PRO110A	0.650556669591918	0.43656483985046	0.305472410900068	0.448968600200059	-0.0449445199066391	-0.0555633754703271	1.33072795731674	1.00912073439472	1.06451061380804	0.482280815107107	-0.411580047691438	-0.353923144077103	-0.397598790309211	-0.111008577904407	-0.416934008743018	0.133196838332156
ILE24A	-0.210022231915501	-0.0133915595046155	-0.528988809119631	-0.622814345925836	-0.513777551089619	-0.334848667158647	-0.479493069640446	-0.0537775939959569	-0.728544753129302	-0.721033693873002	0.0568487771044847	-0.179515197877267	0.839375223986112	0.666051467426445	0.38633334755087	-0.173338351254175
THR20A	0.650556669591918	1.33647763856061	0.722703020909917	0.850887204997269	1.09461136449984	2.32241011479418	-0.0269378129011485	0.477671570199382	-0.260791179145648	-0.0525256333284968	0.742985474757941	1.73078036741264	0.839375223986112	1.4431115127573	0.38633334755087	0.439732027918487
GLU49A	-0.210022231915501	-0.463347958859691	-0.737604114124555	-0.622814345925836	-0.49957048953862	-0.455678963994373	0.425617443838148	-0.0537775939959569	-0.338750108142924	-0.319928857546299	-0.459761298241876	-0.40957571030836	-0.397598790309211	-0.88806862323526	-0.738240951260573	-0.786408730426837
GLY48A	-0.640311682669211	-0.0133915595046155	-0.841911766627018	-0.354868609394362	0.177882024419562	0.215760724354743	-0.0269378129011485	0.477671570199382	-0.4167090371402	-0.186227245437398	-0.460653543622439	-0.40957571030836	-1.01608579745687	-0.88806862323526	-0.738240951260573	-0.479873540840506
ILE163A	0.220267218838208	0.43656483985046	0.40978006340253	0.850887204997269	-0.49957048953862	-0.412006726266405	0.425617443838148	0.477671570199382	0.67471596882166	0.88338565143381	-0.460653543622439	-0.40957571030836	-1.01608579745687	-0.88806862323526	-0.738240951260573	-0.479873540840506
LYS16A	1.08084612034563	-0.463347958859691	1.24424128342223	0.181022863668585	1.140971249561	-0.402625217108189	1.33072795731674	-0.0537775939959569	1.68818204578624	0.348579202998206	0.18979333880847	-0.40957571030836	-0.397598790309211	-0.88806862323526	0.0650264050333147	-0.786408730426837
VAL81A	2.80200392336047	2.68634683662584	2.49593311345178	3.66431743857774	-0.00830525590669328	-0.064215291895757	2.23583847079534	2.0720190627854	2.70164812275083	3.55741789361183	-0.0350524970935725	0.031458998547787	2.07634923828143	2.997231603419	3.27809583020886	3.5050839237818
GLN25A	-1.50089058417663	-0.913304358214767	-1.36345002913933	-1.02473295072305	-0.622199862926194	-0.513975828192194	-1.38460358311904	-1.11667592238663	-1.04038046911841	-0.721033693873002	-0.460653543622439	-0.40957571030836	-1.01608579745687	-0.88806862323526	-0.738240951260573	-0.479873540840506
ILE21A	-0.640311682669211	-1.36326075756984	-0.633296461622093	-1.02473295072305	-0.356752133946994	-0.513975828192194	-0.932048326379743	-1.11667592238663	-0.884462611123854	-0.854735305981902	0.072016948574067	-0.40957571030836	-0.397598790309211	-0.88806862323526	-0.416934008743018	-0.786408730426837
ASN26A	-1.07060113342292	-0.913304358214767	-0.841911766627018	-0.89076008245731	-0.49957048953862	-0.479439941477093	-0.479493069640446	-0.585226758191296	-0.4167090371402	-0.587332081764101	-0.314325301209999	-0.365219825086407	-0.397598790309211	-0.111008577904407	-0.577587480001795	-0.173338351254175
GLN22A	0.650556669591918	0.886521239205536	-0.0074505466073189	-0.0869228728628888	0.439591052990604	1.06450811096874	1.33072795731674	1.54056989859006	0.440839181829833	0.0811759787804041	0.348613016548802	0.803799072394071	0.839375223986112	0.666051467426445	0.225679876292092	0.439732027918487
GLU63A	-0.640311682669211	-0.0133915595046155	-0.94621941912948	-0.488841477660099	-0.49957048953862	-0.412676330228395	-0.479493069640446	-0.0537775939959569	-0.728544753129302	-0.4536304696552	-0.460653543622439	-0.40957571030836	-1.01608579745687	-0.88806862323526	-0.738240951260573	-0.479873540840506
MET67A	-1.07060113342292	-0.913304358214767	-1.36345002913933	-0.756787214191573	-0.49957048953862	-0.412676330228395	-0.932048326379743	-0.585226758191296	-0.962421540121129	-0.587332081764101	-0.460653543622439	-0.40957571030836	-1.01608579745687	-0.88806862323526	-0.738240951260573	-0.479873540840506
ASP69A	-1.07060113342292	-0.463347958859691	-0.841911766627018	-0.220895741128626	-0.49957048953862	-0.488633829145818	-0.479493069640446	-0.0537775939959569	-0.806503682126578	-0.4536304696552	-0.314325301209999	-0.377027919939786	0.22088821683845	0.666051467426445	-0.25628053748424	0.133196838332156
GLN150A	-0.210022231915501	-0.913304358214767	0.201164758397606	-0.622814345925836	-0.409093939661203	-0.480621115448016	-0.0269378129011485	-0.585226758191296	-0.182832250148373	-0.4536304696552	-0.460653543622439	-0.40957571030836	-1.01608579745687	-0.88806862323526	-0.738240951260573	-0.479873540840506
THR158A	-0.210022231915501	0.43656483985046	0.201164758397606	0.582941468465795	-0.52873235272225	-0.414410166633935	-0.479493069640446	-0.0537775939959569	-0.4167090371402	-0.0525256333284968	-0.354476343335364	-0.286459235325159	0.22088821683845	0.666051467426445	0.225679876292092	0.439732027918487
ARG161A	-0.640311682669211	-0.463347958859691	-0.737604114124555	-1.02473295072305	-0.504804670110041	-0.355580006046703	-0.932048326379743	-0.585226758191296	-0.884462611123854	-0.721033693873002	-0.318786528112817	-0.202968075922705	0.22088821683845	0.666051467426445	-0.416934008743018	-0.479873540840506
ARG149A	-0.210022231915501	-0.463347958859691	-0.0074505466073189	-0.488841477660099	0.307988798623451	-0.170185839743136	-0.0269378129011485	-0.0537775939959569	-0.104873321151097	-0.0525256333284968	0.130905143691269	0.0319681653100191	0.22088821683845	0.666051467426445	-0.25628053748424	0.133196838332156
ASP47A	-0.640311682669211	-0.913304358214767	-0.94621941912948	-0.89076008245731	-0.284221346028734	-0.478420172528947	-0.0269378129011485	-0.585226758191296	-0.494667966137475	-0.721033693873002	-0.320571018873944	-0.363910093131643	-0.397598790309211	-0.111008577904407	-0.577587480001795	-0.173338351254175
ASP38A	-0.640311682669211	-0.913304358214767	-0.424681156617168	-0.89076008245731	-0.555650995660986	-0.513975828192194	-0.932048326379743	-1.11667592238663	-0.650585824132027	-0.854735305981902	-0.393735140080165	-0.345415108086147	0.22088821683845	-0.111008577904407	0.0650264050333147	-0.173338351254175
LYS117A	0.650556669591918	-0.913304358214767	0.618395368407455	-0.622814345925836	0.457536814949761	-0.465450452029835	1.33072795731674	-0.585226758191296	0.986551684810762	-0.4536304696552	0.468173897544333	-0.347252538091428	0.839375223986112	-0.111008577904407	0.225679876292092	-0.479873540840506
HIS94A	-0.640311682669211	-0.463347958859691	-0.737604114124555	-0.488841477660099	-0.153366831743213	-0.513975828192194	-0.932048326379743	-1.11667592238663	-0.806503682126578	-0.854735305981902	0.0987843099909769	-0.40957571030836	-0.397598790309211	-0.88806862323526	-0.577587480001795	-0.786408730426837
ASP92A	-1.07060113342292	-0.463347958859691	-0.841911766627018	-0.488841477660099	-0.468913146191727	-0.387351455737445	-0.932048326379743	-0.585226758191296	-0.650585824132027	-0.319928857546299	-0.400873103124674	-0.303271887322958	-0.397598790309211	-0.111008577904407	-0.738240951260573	-0.786408730426837
ALA66A	-1.07060113342292	-0.463347958859691	-1.36345002913933	-0.756787214191573	-0.49957048953862	-0.311376832264596	-0.932048326379743	-0.585226758191296	-0.962421540121129	-0.721033693873002	-0.460653543622439	-0.40957571030836	-1.01608579745687	-0.88806862323526	-0.738240951260573	-0.479873540840506
SER122A	-0.640311682669211	-0.913304358214767	-0.737604114124555	-0.89076008245731	-0.582569638599722	-0.469141095386218	-0.932048326379743	-0.585226758191296	-0.806503682126578	-0.587332081764101	-0.460653543622439	-0.40957571030836	-1.01608579745687	-0.88806862323526	-0.738240951260573	-0.479873540840506
PHE28A	0.220267218838208	-0.463347958859691	-0.0074505466073189	-0.89076008245731	-0.125700448722846	-0.297787875220672	0.878172700577445	-0.0537775939959569	0.0510445368434543	-0.854735305981902	-0.449946599055676	-0.390536219624407	0.22088821683845	-0.111008577904407	-0.416934008743018	-0.786408730426837
ASP119A	0.220267218838208	0.43656483985046	-0.0074505466073189	-0.220895741128626	-0.406850719416308	-0.293323629457014	0.425617443838148	0.477671570199382	-0.260791179145648	-0.587332081764101	-0.460653543622439	-0.40957571030836	-0.397598790309211	-0.111008577904407	-0.577587480001795	-0.173338351254175
GLY75A	0.650556669591918	1.33647763856061	0.618395368407455	0.716914336731532	-0.430030661946886	-0.263493736386391	0.878172700577445	1.54056989859006	0.440839181829833	0.615982427216008	-0.352691852574236	-0.239499460071045	-0.397598790309211	-0.111008577904407	-0.577587480001795	-0.173338351254175
GLU107A	-1.50089058417663	-1.36326075756984	-1.36345002913933	-1.02473295072305	-0.622199862926194	-0.513975828192194	-1.38460358311904	-1.11667592238663	-1.04038046911841	-0.721033693873002	-0.460653543622439	-0.40957571030836	-1.01608579745687	-0.88806862323526	-0.738240951260573	-0.479873540840506
HIS27A	-1.07060113342292	-1.36326075756984	-0.737604114124555	-1.02473295072305	-0.49957048953862	-0.513975828192194	-0.479493069640446	-1.11667592238663	-0.4167090371402	-0.854735305981902	-0.460653543622439	-0.40957571030836	-1.01608579745687	-0.88806862323526	-0.738240951260573	-0.479873540840506
PHE156A	0.650556669591918	-0.913304358214767	1.55716424092962	-0.488841477660099	0.0634777919299353	-0.433158356948498	0.425617443838148	-0.585226758191296	0.518798110827108	-0.186227245437398	0.121090444505068	-0.40957571030836	0.839375223986112	-0.88806862323526	0.546986818809647	-0.786408730426837
GLN61A	-1.50089058417663	-0.913304358214767	-1.46775768164179	-0.89076008245731	-0.49957048953862	-0.435689239693617	-0.932048326379743	-0.585226758191296	-1.04038046911841	-0.721033693873002	-0.460653543622439	-0.40957571030836	-1.01608579745687	-0.88806862323526	-0.738240951260573	-0.479873540840506
LYS88A	-1.07060113342292	-1.36326075756984	-1.1548347241344	-1.02473295072305	-0.622199862926194	-0.513975828192194	-1.38460358311904	-1.11667592238663	-1.04038046911841	-0.721033693873002	-0.400873103124674	-0.40957571030836	-0.397598790309211	-0.88806862323526	-0.738240951260573	-0.786408730426837
THR87A	-0.210022231915501	-0.0133915595046155	-0.424681156617168	-0.354868609394362	-0.299176147661365	-0.241936762008153	-0.479493069640446	-0.585226758191296	-0.650585824132027	-0.4536304696552	-0.320571018873944	-0.200074241488351	-0.397598790309211	-0.111008577904407	-0.738240951260573	-0.479873540840506
SER39A	-0.640311682669211	-0.463347958859691	-0.320373504114706	-0.354868609394362	-0.232627280396158	-0.307933607101711	-0.479493069640446	-0.585226758191296	-0.338750108142924	-0.186227245437398	-0.188518702550522	-0.093284093288331	0.22088821683845	0.666051467426445	0.225679876292092	0.746267217504817
VAL29A	0.220267218838208	0.886521239205536	-0.737604114124555	-0.622814345925836	-0.252068522518578	0.097527238784398	-0.0269378129011485	0.477671570199382	-0.494667966137475	-0.587332081764101	-0.460653543622439	-0.40957571030836	-1.01608579745687	-0.88806862323526	-0.738240951260573	-0.479873540840506
LYS5A	-0.640311682669211	-0.913304358214767	-0.216065851612244	-0.622814345925836	-0.358995354191889	-0.292870885061537	-0.479493069640446	-0.585226758191296	-0.4167090371402	-0.4536304696552	-0.460653543622439	-0.40957571030836	-1.01608579745687	-0.88806862323526	-0.738240951260573	-0.479873540840506
GLN131A	-0.640311682669211	-0.913304358214767	-0.0074505466073189	-0.756787214191573	-0.622199862926194	-0.513975828192194	-1.38460358311904	-1.11667592238663	-1.04038046911841	-0.721033693873002	-0.308971828926617	-0.339927335488457	-0.397598790309211	-0.111008577904407	-0.416934008743018	-0.173338351254175
TYR40A	-0.210022231915501	-0.463347958859691	-0.424681156617168	-0.89076008245731	-0.258798183253262	-0.402344303662917	-0.0269378129011485	-0.585226758191296	-0.572626895134751	-0.721033693873002	-0.0252377979073722	-0.263029421231758	1.45786223113377	0.666051467426445	0.707640290068425	-0.173338351254175
VAL125A	0.650556669591918	0.886521239205536	0.82701067341238	0.850887204997269	0.702047821643277	1.67384625587961	-0.0269378129011485	0.477671570199382	0.12900346584073	0.214877590889305	-0.314325301209999	-0.149369337627675	-0.397598790309211	-0.111008577904407	-0.738240951260573	-0.786408730426837
THR124A	0.650556669591918	1.33647763856061	0.0968571058951434	0.582941468465795	-0.181780954845212	-0.0583880126606536	-0.0269378129011485	0.477671570199382	-0.4167090371402	-0.4536304696552	-0.460653543622439	-0.40957571030836	-1.01608579745687	-0.88806862323526	-0.738240951260573	-0.479873540840506
LYS42A	-0.640311682669211	-0.913304358214767	-0.528988809119631	-0.354868609394362	-0.495084049048831	-0.513975828192194	-0.479493069640446	-1.11667592238663	-0.650585824132027	-0.854735305981902	-0.33663143572409	-0.40957571030836	-0.397598790309211	-0.88806862323526	-0.416934008743018	-0.786408730426837
THR74A	-0.640311682669211	-0.0133915595046155	-0.737604114124555	-0.0869228728628888	-0.546678114681407	-0.485644910826566	-0.932048326379743	-0.585226758191296	-0.728544753129302	-0.186227245437398	0.0238356980236292	0.327221350972276	0.22088821683845	0.666051467426445	0.0650264050333147	0.133196838332156
GLU98A	-1.07060113342292	-0.913304358214767	-0.841911766627018	-0.756787214191573	-0.622199862926194	-0.513975828192194	-1.38460358311904	-1.11667592238663	-1.04038046911841	-0.721033693873002	-0.250083633809415	-0.350976427540284	-0.397598790309211	-0.111008577904407	-0.577587480001795	-0.479873540840506
CYS51A	0.650556669591918	0.886521239205536	0.201164758397606	0.716914336731532	-0.498822749456988	-0.31014147253333	-0.0269378129011485	0.477671570199382	-0.338750108142924	0.0811759787804041	-0.313433055829435	-0.147782713404012	0.22088821683845	0.666051467426445	-0.0956270662254627	0.133196838332156
THR50A	-1.07060113342292	-0.463347958859691	-0.841911766627018	-0.220895741128626	-0.504056930028409	-0.398587190314523	-0.932048326379743	-0.585226758191296	-0.884462611123854	-0.587332081764101	-0.460653543622439	-0.40957571030836	-1.01608579745687	-0.88806862323526	-0.738240951260573	-0.479873540840506
SER118A	0.220267218838208	-0.0133915595046155	0.201164758397606	0.448968600200059	-0.466669925946832	-0.349672983933837	0.878172700577445	0.477671570199382	0.986551684810762	0.88338565143381	-0.417825765355384	-0.40957571030836	-0.397598790309211	-0.88806862323526	-0.25628053748424	-0.786408730426837
THR2A	-0.210022231915501	-0.0133915595046155	-0.633296461622093	-0.622814345925836	-0.251320782436946	-0.0530062494720811	0.425617443838148	0.477671570199382	-0.182832250148373	-0.186227245437398	-0.460653543622439	-0.40957571030836	-1.01608579745687	-0.88806862323526	-0.738240951260573	-0.479873540840506
GLU76A	0.650556669591918	-0.463347958859691	0.201164758397606	-0.622814345925836	-0.334319931498048	-0.202665175913202	0.878172700577445	-0.0537775939959569	0.67471596882166	-0.4536304696552	-0.460653543622439	-0.40957571030836	-1.01608579745687	-0.88806862323526	-0.738240951260573	-0.479873540840506
HIS166A	-1.07060113342292	-0.913304358214767	-0.94621941912948	-1.02473295072305	-0.320112869947049	-0.362026581246495	-0.479493069640446	-0.585226758191296	-0.572626895134751	-0.854735305981902	-0.350907361813109	-0.214420930797846	-0.397598790309211	-0.111008577904407	-0.738240951260573	-0.786408730426837
LEU23A	-1.50089058417663	-0.913304358214767	-1.25914237663687	-0.756787214191573	-0.622199862926194	-0.513975828192194	-1.38460358311904	-1.11667592238663	-1.04038046911841	-0.721033693873002	-0.460653543622439	-0.40957571030836	-1.01608579745687	-0.88806862323526	-0.738240951260573	-0.479873540840506
LYS167A	-1.50089058417663	-0.913304358214767	-1.25914237663687	-0.756787214191573	-0.49957048953862	-0.412676330228395	-0.932048326379743	-0.585226758191296	-0.806503682126578	-0.4536304696552	-0.460653543622439	-0.40957571030836	-1.01608579745687	-0.88806862323526	-0.738240951260573	-0.479873540840506
PRO34A	-0.640311682669211	-0.463347958859691	-0.737604114124555	-0.622814345925836	-0.261041403498156	-0.513975828192194	-0.932048326379743	-1.11667592238663	-0.728544753129302	-0.854735305981902	-0.460653543622439	-0.40957571030836	-1.01608579745687	-0.88806862323526	-0.738240951260573	-0.479873540840506
HIS95A	-0.210022231915501	-0.0133915595046155	-0.841911766627018	-0.488841477660099	-0.399373318599993	-0.192698942663033	-0.932048326379743	-0.585226758191296	-1.04038046911841	-0.721033693873002	-0.194764420214468	0.00305364467405864	0.22088821683845	0.666051467426445	-0.25628053748424	0.133196838332156
ILE36A	-0.640311682669211	-0.913304358214767	-0.737604114124555	-0.756787214191573	-0.501813709783515	-0.513975828192194	-0.932048326379743	-1.11667592238663	-0.728544753129302	-0.854735305981902	-0.460653543622439	-0.40957571030836	-1.01608579745687	-0.88806862323526	-0.738240951260573	-0.479873540840506
LEU53A	0.220267218838208	0.43656483985046	0.305472410900068	0.850887204997269	0.243683151603138	0.0872342368150477	-0.479493069640446	-0.0537775939959569	-0.650585824132027	-0.0525256333284968	1.70839497652782	0.376069852939531	1.45786223113377	1.4431115127573	0.707640290068425	0.439732027918487
GLU91A	-1.07060113342292	-0.913304358214767	-1.05052707163194	-0.756787214191573	-0.622199862926194	-0.513975828192194	-1.38460358311904	-1.11667592238663	-1.04038046911841	-0.721033693873002	-0.320571018873944	-0.369977176013323	-0.397598790309211	-0.111008577904407	-0.738240951260573	-0.479873540840506
GLY0A	-1.07060113342292	-0.463347958859691	-1.05052707163194	-0.354868609394362	-0.496579529212094	-0.306435393339532	-0.479493069640446	-0.0537775939959569	-0.572626895134751	-0.186227245437398	-0.31700203735169	-0.154129210298663	-0.397598790309211	-0.111008577904407	-0.738240951260573	-0.786408730426837
VAL45A	-0.210022231915501	0.43656483985046	-0.320373504114706	0.448968600200059	-0.164582932967687	0.0198256675174993	-0.479493069640446	-0.0537775939959569	-0.572626895134751	-0.186227245437398	-0.460653543622439	-0.40957571030836	-1.01608579745687	-0.88806862323526	-0.738240951260573	-0.479873540840506
TYR157A	-1.07060113342292	-1.36326075756984	-1.05052707163194	-1.02473295072305	-0.501065969701883	-0.513975828192194	-0.932048326379743	-1.11667592238663	-0.884462611123854	-0.854735305981902	-0.314325301209999	-0.40957571030836	0.22088821683845	-0.88806862323526	-0.25628053748424	-0.786408730426837
ILE46A	0.220267218838208	0.43656483985046	-0.0074505466073189	0.582941468465795	-0.453210604477464	-0.266833416644339	-0.0269378129011485	0.477671570199382	-0.494667966137475	0.0811759787804041	-0.259006087615052	-0.0921603640476814	0.22088821683845	0.666051467426445	-0.25628053748424	-0.173338351254175
MET1A	-0.640311682669211	-0.463347958859691	-1.1548347241344	-0.89076008245731	-0.0329806786005344	-0.0738080243829449	-0.0269378129011485	-0.0537775939959569	-0.728544753129302	-0.587332081764101	-0.31700203735169	-0.40957571030836	-0.397598790309211	-0.88806862323526	-0.738240951260573	-0.786408730426837
ASN86A	-0.640311682669211	-1.36326075756984	-0.216065851612244	-1.02473295072305	-0.49957048953862	-0.513975828192194	-0.0269378129011485	-1.11667592238663	-0.0269143921538213	-0.854735305981902	-0.317894282732254	-0.40957571030836	0.22088821683845	-0.88806862323526	0.707640290068425	-0.786408730426837
ASP153A	-1.50089058417663	-1.36326075756984	-0.841911766627018	-1.02473295072305	-0.622199862926194	-0.513975828192194	-1.38460358311904	-1.11667592238663	-1.04038046911841	-0.721033693873002	-0.460653543622439	-0.40957571030836	-1.01608579745687	-0.88806862323526	-0.738240951260573	-0.479873540840506
ASP126A	-1.50089058417663	-1.36326075756984	-1.05052707163194	-1.02473295072305	-0.622199862926194	-0.513975828192194	-1.38460358311904	-1.11667592238663	-1.04038046911841	-0.721033693873002	-0.314325301209999	-0.40957571030836	-0.397598790309211	-0.88806862323526	-0.738240951260573	-0.786408730426837
GLN129A	-1.07060113342292	-1.36326075756984	-0.424681156617168	-1.02473295072305	-0.532471053130408	-0.513975828192194	-0.932048326379743	-1.11667592238663	-0.728544753129302	-0.854735305981902	-0.3535840979548	-0.40957571030836	-0.397598790309211	-0.88806862323526	-0.25628053748424	-0.786408730426837
ASP105A	-1.93118003493034	-1.36326075756984	-1.57206533414425	-1.02473295072305	-0.622199862926194	-0.513975828192194	-1.38460358311904	-1.11667592238663	-1.04038046911841	-0.721033693873002	-0.460653543622439	-0.40957571030836	-1.01608579745687	-0.88806862323526	-0.738240951260573	-0.479873540840506
GLU162A	-1.93118003493034	-1.36326075756984	-1.57206533414425	-1.02473295072305	-0.622199862926194	-0.513975828192194	-1.38460358311904	-1.11667592238663	-1.04038046911841	-0.721033693873002	-0.460653543622439	-0.40957571030836	-1.01608579745687	-0.88806862323526	-0.738240951260573	-0.479873540840506
LYS165A	-1.93118003493034	-1.36326075756984	-1.57206533414425	-1.02473295072305	-0.622199862926194	-0.513975828192194	-1.38460358311904	-1.11667592238663	-1.04038046911841	-0.721033693873002	-0.460653543622439	-0.40957571030836	-1.01608579745687	-0.88806862323526	-0.738240951260573	-0.479873540840506
