Degree	Degree_sidechain	SecondOrderDegree	SecondOrderDegree_sidechain	NodeEdgeBetweennessSTRIDE	NodeEdgeBetweennessSTRIDE_sidechain	IntermodularDegreeSTRIDE	IntermodularDegreeSTRIDE_sidechain	SecondOrderIntermodularDegreeSTRIDE	SecondOrderIntermodularDegreeSTRIDE_sidechain	NodeEdgeBetweennessWALKTRAP	NodeEdgeBetweennessWALKTRAP_sidechain	IntermodularDegreeWALKTRAP	IntermodularDegreeWALKTRAP_sidechain	SecondOrderIntermodularDegreeWALKTRAP	SecondOrderIntermodularDegreeWALKTRAP_sidechain
PHE87M	5	4	17	11	927	252.981768919637	5	4	15	9	927	252.981768919637	4	3	14	8
VAL95M	6	6	17	11	416	213.022784089703	4	4	11	9	505	270.091127680941	5	5	13	10
ILE57M	6	5	18	7	407	117.170299899059	4	4	10	7	505	166.170299899059	5	4	12	7
LEU78M	7	2	22	4	669	130.683090388893	4	2	12	3	669	130.683090388893	4	2	13	3
HIS72M	7	4	16	6	684	450.437644236019	5	3	11	3	992	943.437644236019	4	3	8	3
ILE70M	5	3	12	4	406	251.614781753079	3	3	6	3	1609	251.614781753079	5	3	10	2
VAL71M	6	6	19	15	1073	796.349584848591	4	4	12	10	1783	1506.34958484859	5	5	14	9
GLN32M	2	1	4	1	1	1	1	1	1	1	1	1	1	1	1	1
VAL36M	5	4	12	8	209	157	3	2	6	1	209	157	3	2	6	1
TYR56M	6	2	22	3	1559	177.127647341255	5	2	18	3	1168	177.127647341255	5	2	15	3
GLU41M	5	3	12	3	963	225	4	2	13	1	449	225	2	2	4	1
PHE44M	10	4	21	6	1394	535.429245735475	9	4	28	8	1038	1	7	1	18	0
GLN23M	6	2	11	3	168	31.0504094849859	5	2	10	2	14	1	3	1	2	0
VAL24M	5	5	18	13	294	180.656961435436	4	4	18	13	294	180.656961435436	4	4	15	8
ARG67M	2	2	4	2	1	1	1	1	1	1	89	41.6806566072313	2	2	2	2
HIS69M	5	3	5	2	347	155.385218246921	4	2	7	2	320	202.70456163969	3	3	5	3
ASP76M	7	4	19	3	1039	684.869508000497	7	4	19	3	1039	684.869508000497	7	4	15	3
SER88M	4	3	5	2	291	117	4	3	7	2	175	1	2	1	4	0
GLU48M	3	3	11	6	89	85.5965310852579	3	3	11	5	89	85.5965310852579	3	3	9	2
THR45M	5	4	16	8	290	165.389412683228	4	3	11	6	332	291.403468914742	4	3	13	2
LYS90M	4	2	8	3	269	28	4	2	8	1	1	1	1	1	1	1
PRO92M	6	5	10	2	214	214	3	3	5	1	95	95	2	2	2	0
ARG101M	7	5	15	8	482	411.435143411668	4	3	14	6	482	411.435143411668	3	3	8	6
ARG27M	6	4	13	8	261	56.5	6	4	12	4	261	56.5	4	2	7	3
GLU83M	4	2	13	4	997	71.5648565883318	4	2	10	2	754	71.5648565883318	3	2	4	2
ALA37M	9	8	20	13	1500	1368.99461183214	6	5	15	5	1359	1323	5	4	11	2
MET59M	3	3	10	10	89	89	3	3	7	5	89	89	3	3	6	4
LEU103M	7	6	22	16	679	548.343038564564	6	6	25	20	416	295.843038564564	5	4	15	10
VAL104M	5	4	13	8	153	97.5	4	3	8	3	215	159.5	4	4	9	4
ALA28M	3	3	8	6	1	1	2	2	5	3	1	1	2	2	3	1
PRO29M	5	4	14	9	461	150	3	2	11	3	461	150	4	3	12	2
GLY79M	8	8	21	18	409	381.128274301934	4	4	13	8	166	138.128274301934	3	3	8	5
LEU81M	8	6	20	12	701	432.404989267299	7	6	20	11	701	432.404989267299	7	6	14	7
LEU82M	9	7	27	17	1417	1313.79247185412	7	6	20	13	1417	1313.79247185412	7	6	15	10
GLY85M	5	5	9	7	433	390.326728957178	4	4	9	7	1	1	1	1	1	1
HIS74M	4	2	8	4	465	186	3	2	7	2	1	1	1	1	1	1
LEU30M	8	6	24	15	1267	687.78395021054	7	6	28	14	398	398	4	2	13	2
MET98M	7	4	24	9	1718	735.81106052216	4	3	18	10	1075	269.595010732701	3	2	12	5
VAL43M	4	4	12	5	50	50	3	3	12	4	29	29	2	2	6	0
MET50M	4	2	13	1	60	49	3	2	8	0	60	49	3	2	5	0
TYR96M	5	1	12	1	165	1	3	1	5	0	143	1	3	1	3	0
GLY54M	7	7	13	9	1	1	1	1	1	1	89	89	4	4	9	4
MET58M	2	1	6	1	1	1	1	1	1	1	89	1	2	1	3	0
PRO26M	7	5	20	6	1199	608.5	6	4	24	6	1074	483.5	5	3	15	2
PRO77M	5	3	12	4	155	92.0028446582481	3	2	9	3	155	92.0028446582481	3	2	9	3
VAL84M	6	5	14	12	379	378	5	4	16	8	325	325	3	3	8	6
VAL49M	7	7	21	17	172	129.5	6	6	25	17	172	129.5	6	6	19	11
HIS25M	2	2	6	4	1	1	1	1	1	1	1	1	1	1	1	1
ALA39M	6	6	15	9	355	250.080935352651	5	5	20	10	89	89	2	2	4	1
GLY38M	5	4	13	9	361	282.495207079738	5	4	11	8	1	1	1	1	1	1
VAL89M	3	2	4	3	89	89	3	2	6	1	1	1	1	1	1	1
LEU34M	6	4	23	6	40	10.5	5	4	21	7	20	10.5	3	3	8	3
LEU106M	4	4	9	4	134	103.949590515014	3	3	7	3	48	48	2	2	2	0
CYS73M	5	5	16	15	291	63.8875214269014	5	5	16	14	172	31.8717256980664	3	3	8	7
ILE105M	3	1	6	1	42	1	2	1	3	0	89	1	3	1	4	0
SER93M	3	1	8	1	1	1	1	1	1	1	1	1	1	1	1	1
GLU42M	3	1	7	1	126	1	2	1	5	0	1	1	1	1	1	1
GLY21M	5	5	9	5	425	264.014056231514	5	5	10	4	9	9	2	2	2	0
THR22M	3	2	8	2	89	6	3	2	8	1	6	6	2	2	2	0
ARG15M	3	1	3	1	88	1	2	1	2	0	88	1	2	1	1	0
LYS100M	4	3	5	1	325	88	3	2	4	0	88	88	2	2	1	0
LEU99M	8	6	19	12	663	133.5	7	5	22	12	174	93	4	4	8	7
LEU62M	6	5	18	8	791	393	6	5	19	7	399	1	4	3	13	5
GLN40M	4	3	9	8	1	1	2	2	4	3	1	1	1	1	1	1
SER86M	4	3	11	6	89	12.6574753139874	4	3	11	5	1	1	1	1	1	1
ASN91M	3	1	8	1	89	1	3	1	4	0	1	1	1	1	1	1
ASN102M	6	3	17	6	1	1	4	1	17	0	1	1	2	1	6	0
GLN61M	2	2	3	1	89	55.7352671615501	2	2	1	1	89	55.7352671615501	2	2	1	1
LYS65M	4	2	4	1	89	34.2647328384499	2	2	1	1	89	34.2647328384499	2	2	1	1
ASP64M	4	4	8	4	499	49.5623557639808	2	2	4	2	499	49.5623557639808	2	2	3	2
ASP75M	2	2	3	2	1	1	1	1	1	1	1	1	1	1	1	1
GLU97M	3	2	8	2	1	1	1	1	1	1	1	1	1	1	1	1
GLN68M	3	3	3	2	89	89	2	2	1	0	89	89	2	2	1	0
TYR63M	2	1	2	1	89	1	2	1	1	0	89	1	2	1	1	0
ILE33M	5	4	20	8	89	89	4	4	11	7	89	89	4	4	11	7
PRO94M	6	5	15	8	183	1	3	2	8	0	272	32.9316564087616	3	2	10	4
TYR52M	5	2	14	2	1073	225	5	2	16	1	1073	225	5	2	8	1
HIS51M	3	2	8	1	1	1	1	1	1	1	1	1	1	1	1	1
THR16M	3	3	4	4	1	1	1	1	1	1	88	88	2	2	1	0
LEU17M	5	4	11	8	582	582	4	4	10	5	88	1	2	1	1	0
LEU46M	2	2	7	5	89	45	2	2	6	4	89	45	2	2	3	3
LEU31M	3	3	5	3	37	37	2	2	3	1	1	1	1	1	1	1
LYS35M	3	1	5	1	139	1	2	1	4	0	1	1	1	1	1	1
GLN55M	4	1	13	1	181	1	2	1	5	0	181	1	2	1	4	0
GLU80M	3	2	8	3	1	1	1	1	1	1	1	1	1	1	1	1
GLN66M	2	1	3	1	1	1	1	1	1	1	1	1	1	1	1	1
LEU53M	4	3	13	7	143	72	2	2	3	3	241	121	3	3	8	7
GLU20M	2	1	4	1	89	1	2	1	4	0	1	1	1	1	1	1
LYS60M	3	2	9	4	89	88	3	2	11	3	88	88	2	2	6	3
LYS500M	1	1	1	1	1	1	1	1	1	1	1	1	1	1	1	1
LYS47M	1	1	1	1	1	1	1	1	1	1	1	1	1	1	1	1
ILE501M	1	1	1	1	1	1	1	1	1	1	1	1	1	1	1	1
