Degree	Degree_sidechain	SecondOrderDegree	SecondOrderDegree_sidechain	NodeEdgeBetweennessSTRIDE	NodeEdgeBetweennessSTRIDE_sidechain	IntermodularDegreeSTRIDE	IntermodularDegreeSTRIDE_sidechain	SecondOrderIntermodularDegreeSTRIDE	SecondOrderIntermodularDegreeSTRIDE_sidechain	NodeEdgeBetweennessWALKTRAP	NodeEdgeBetweennessWALKTRAP_sidechain	IntermodularDegreeWALKTRAP	IntermodularDegreeWALKTRAP_sidechain	SecondOrderIntermodularDegreeWALKTRAP	SecondOrderIntermodularDegreeWALKTRAP_sidechain
PHE87M	0.198983784980448	0.373524662362391	0.840113838738329	1.18491603852208	1.36284111876466	0.290676337407349	0.872874380474143	0.925130420592798	0.801150284296888	1.17737613505403	1.55848849118177	0.391597913617119	0.759741724898643	0.629699215937797	1.55096543834342	1.95827882178429
VAL95M	0.707497902152704	1.48204946679271	0.840113838738329	1.18491603852208	0.149396295367611	0.137721467655616	0.315204637393441	0.925130420592798	0.24171327363037	1.17737613505403	0.529146903933274	0.453377914314366	1.38381528463681	2.19543780691827	1.3578817843142	2.67179031328589
ILE57M	0.707497902152704	0.927787064577551	0.996572286438584	0.300435101045153	0.128024468732438	-0.229182353779236	0.315204637393441	0.925130420592798	0.101854020963741	0.710485598739499	0.529146903933274	0.0781313079164965	1.38381528463681	1.41256851142803	1.16479813028497	1.60152307603349
LEU78M	1.21601201932496	-0.73500014206793	1.62240607723961	-0.362925602062544	0.750182088556364	-0.177458139108828	0.315204637393441	-0.425853685669701	0.381572526297	-0.223295473889557	0.929175388077238	-0.05000907763903	0.759741724898643	-0.153170079552437	1.3578817843142	0.174500093030283
HIS72M	1.21601201932496	0.373524662362391	0.683655391038073	0.0793148666759203	0.785801799614986	1.04649728279101	0.872874380474143	0.249638367461549	0.24171327363037	-0.223295473889557	1.71703636599492	2.88475765464367	0.759741724898643	0.629699215937797	0.392463514168091	0.174500093030283
ILE70M	0.198983784980448	-0.18073773985277	0.057821600237051	-0.362925602062544	0.12564982132853	0.285443788459896	-0.242465105687262	0.249638367461549	-0.457582989702776	-0.223295473889557	3.22202157768288	0.386661874266884	1.38381528463681	0.629699215937797	0.778630822226533	-0.182255652720518
VAL71M	0.707497902152704	1.48204946679271	1.15303073413884	2.06939697599901	1.70953963973524	2.3705778630947	0.315204637393441	0.925130420592798	0.381572526297	1.41082140321129	3.64644204256733	4.91737036495671	1.38381528463681	2.19543780691827	1.55096543834342	2.31503456753509
GLN32M	-1.32655856653632	-1.28926254428309	-1.19384598136499	-1.02628630517024	-0.836082377254258	-0.673858642871783	-1.35780459184867	-1.10134573880095	-1.15687925303592	-0.690186010204085	-0.700208925387201	-0.518280362753874	-1.11247895431587	-0.936039375042672	-0.959122064036457	-0.53901139847132
VAL36M	0.198983784980448	0.373524662362391	0.057821600237051	0.521555335414385	-0.34215571724137	-0.0767223596848338	-0.242465105687262	-0.425853685669701	-0.457582989702776	-0.690186010204085	-0.1928557259851	0.0450183700173186	0.135668165160472	-0.153170079552437	0.0062962061096485	-0.53901139847132
TYR56M	0.707497902152704	-0.73500014206793	1.62240607723961	-0.584045836431776	2.86361827803459	0.00032218212705397	0.872874380474143	-0.425853685669701	1.22072804229678	-0.223295473889557	2.14633522702747	0.117697076690358	1.38381528463681	-0.153170079552437	1.74404909237264	0.174500093030283
GLU41M	0.198983784980448	-0.18073773985277	0.057821600237051	-0.584045836431776	1.44832842530535	0.183567815037683	0.315204637393441	-0.425853685669701	0.521431778963629	-0.690186010204085	0.392551811786554	0.290558843276556	-0.488405394577699	-0.153170079552437	-0.379871101948794	-0.53901139847132
PHE44M	2.74155437084173	0.373524662362391	1.46594762953935	0.0793148666759203	2.47180145638975	1.37182785344159	3.10355335279695	0.925130420592798	2.61932056896307	0.943930866896763	1.82923947740116	-0.518280362753874	2.63196240411316	-0.936039375042672	2.3233000544603	-0.895767144222121
GLN23M	0.707497902152704	-0.73500014206793	-0.0986368474632045	-0.584045836431776	-0.439516260801602	-0.558831784999281	0.872874380474143	-0.425853685669701	0.101854020963741	-0.456740742046821	-0.66849935042457	-0.518280362753874	0.135668165160472	-0.936039375042672	-0.766038410007236	-0.895767144222121
VAL24M	0.198983784980448	0.927787064577551	0.996572286438584	1.62715650726055	-0.14031068790918	0.0138316789244821	0.315204637393441	0.925130420592798	1.22072804229678	2.11115720768308	0.0144761103090273	0.130441039233973	0.759741724898643	1.41256851142803	1.74404909237264	1.95827882178429
ARG67M	-1.32655856653632	-0.73500014206793	-1.19384598136499	-0.805166070801009	-0.836082377254258	-0.673858642871783	-1.35780459184867	-1.10134573880095	-1.15687925303592	-0.690186010204085	-0.485559494870928	-0.371387014579813	-0.488405394577699	-0.153170079552437	-0.766038410007236	-0.182255652720518
HIS69M	0.198983784980448	-0.18073773985277	-1.03738753366474	-0.805166070801009	-0.0144543755020494	-0.082903415929651	0.315204637393441	-0.425853685669701	-0.317723737036147	-0.456740742046821	0.0778952602342898	0.210052483180782	0.135668165160472	0.629699215937797	-0.186787447919573	0.174500093030283
ASP76M	1.21601201932496	0.373524662362391	1.15303073413884	-0.584045836431776	1.62880162800237	1.94385479425838	1.98821386663555	0.925130420592798	1.3605872949634	-0.223295473889557	1.83167867547521	1.95109673492266	2.63196240411316	1.41256851142803	1.74404909237264	0.174500093030283
SER88M	-0.309530332191808	-0.18073773985277	-1.03738753366474	-0.805166070801009	-0.147434630120904	-0.229834227168667	0.315204637393441	0.249638367461549	-0.317723737036147	-0.456740742046821	-0.275788460502751	-0.518280362753874	-0.488405394577699	-0.936039375042672	-0.379871101948794	-0.895767144222121
GLU48M	-0.818044449364064	-0.18073773985277	-0.0986368474632045	0.0793148666759203	-0.627113405710344	-0.350040321443834	-0.242465105687262	0.249638367461549	0.24171327363037	0.243595062424971	-0.485559494870928	-0.212811652772049	0.135668165160472	0.629699215937797	0.585547168197312	-0.182255652720518
THR45M	0.198983784980448	0.373524662362391	0.683655391038073	0.521555335414385	-0.149809277524812	-0.0446093936092921	0.315204637393441	0.249638367461549	0.24171327363037	0.477040330582235	0.107165637122873	0.530334419502745	0.759741724898643	0.629699215937797	1.3578817843142	-0.182255652720518
LYS90M	-0.309530332191808	-0.73500014206793	-0.568012190563971	-0.584045836431776	-0.199676873006883	-0.570508132320196	0.315204637393441	-0.425853685669701	-0.177864484369518	-0.690186010204085	-0.700208925387201	-0.518280362753874	-1.11247895431587	-0.936039375042672	-0.959122064036457	-0.53901139847132
PRO92M	0.707497902152704	0.927787064577551	-0.25509529516346	-0.805166070801009	-0.330282480221829	0.141462051479629	-0.242465105687262	0.249638367461549	-0.597442242369406	-0.690186010204085	-0.470924306426636	-0.178856767366104	-0.488405394577699	-0.153170079552437	-0.766038410007236	-0.895767144222121
ARG101M	1.21601201932496	0.927787064577551	0.527196943337818	0.521555335414385	0.306123024025546	0.897203639347102	0.315204637393441	0.249638367461549	0.661291031630258	0.477040330582235	0.473045348230157	0.96375551012148	0.135668165160472	0.629699215937797	0.392463514168091	1.24476733028269
ARG27M	0.707497902152704	0.373524662362391	0.214280047937307	0.521555335414385	-0.218674052238148	-0.461415926737965	1.43054412355485	0.925130420592798	0.381572526297	0.0101497942677072	-0.0660174261345752	-0.317876005902584	0.759741724898643	-0.153170079552437	0.19937986013887	0.174500093030283
GLU83M	-0.309530332191808	-0.73500014206793	0.214280047937307	-0.362925602062544	1.52906643703823	-0.403750718597574	0.315204637393441	-0.425853685669701	0.101854020963741	-0.456740742046821	1.13650722437137	-0.263478476251385	0.135668165160472	-0.153170079552437	-0.379871101948794	-0.182255652720518
ALA37M	2.23304025366947	2.59057427122303	1.3094891818391	1.62715650726055	2.72351408120401	4.56254660026421	1.43054412355485	1.60062247372405	0.801150284296888	0.243595062424971	2.61222205917074	4.25531530855072	1.38381528463681	1.41256851142803	0.971714476255754	-0.182255652720518
MET59M	-0.818044449364064	-0.18073773985277	-0.25509529516346	0.963795804152849	-0.627113405710344	-0.33701253440735	-0.242465105687262	0.249638367461549	-0.317723737036147	0.243595062424971	-0.485559494870928	-0.200522103241919	0.135668165160472	0.629699215937797	0.0062962061096485	0.531255838781085
LEU103M	1.21601201932496	1.48204946679271	1.62240607723961	2.29051721036824	0.773928562595446	1.42125922685062	1.43054412355485	2.2761145268553	2.19974281096318	3.74527408478393	0.312058275342952	0.546365214103989	1.38381528463681	1.41256851142803	1.74404909237264	2.67179031328589
VAL104M	0.198983784980448	0.373524662362391	0.214280047937307	0.521555335414385	-0.475135971860224	-0.304476262567036	0.315204637393441	0.249638367461549	-0.177864484369518	-0.223295473889557	-0.178220537540809	0.0540455932989082	0.759741724898643	1.41256851142803	0.585547168197312	0.531255838781085
ALA28M	-0.818044449364064	-0.18073773985277	-0.568012190563971	0.0793148666759203	-0.836082377254258	-0.673858642871783	-0.800134848767965	-0.425853685669701	-0.597442242369406	-0.223295473889557	-0.700208925387201	-0.518280362753874	-0.488405394577699	-0.153170079552437	-0.572954755978015	-0.53901139847132
PRO29M	0.198983784980448	0.373524662362391	0.370738495637562	0.742675569783617	0.256255428543476	-0.103516936494505	-0.242465105687262	-0.425853685669701	0.24171327363037	-0.223295473889557	0.421822188675137	0.0197421448288677	0.759741724898643	0.629699215937797	1.16479813028497	-0.182255652720518
GLY79M	1.72452613649722	2.59057427122303	1.46594762953935	2.73275767910671	0.132773763540254	0.781195106172613	0.315204637393441	0.925130420592798	0.521431778963629	0.943930866896763	-0.297741243169188	-0.0231253426168247	0.135668165160472	0.629699215937797	0.392463514168091	0.888011584531886
LEU81M	1.72452613649722	1.48204946679271	1.3094891818391	1.40603627289131	0.826170805481424	0.977471945842198	1.98821386663555	2.2761145268553	1.50044654763003	1.64426667136856	1.00722972644679	1.0394753024092	2.63196240411316	2.9783071024085	1.55096543834342	1.60152307603349
LEU82M	2.23304025366947	2.03631186900787	2.40469831574088	2.51163744473748	2.52641834667964	4.35124403173575	1.98821386663555	2.2761145268553	1.50044654763003	2.11115720768308	2.75369554746556	4.22206794357295	2.63196240411316	2.9783071024085	1.74404909237264	2.67179031328589
GLY85M	0.198983784980448	0.927787064577551	-0.411553742863716	0.300435101045153	0.189765301234049	0.816404920428358	0.315204637393441	0.925130420592798	-0.0380052317028885	0.710485598739499	-0.700208925387201	-0.518280362753874	-1.11247895431587	-0.936039375042672	-0.959122064036457	-0.53901139847132
HIS74M	-0.309530332191808	-0.73500014206793	-0.568012190563971	-0.362925602062544	0.265754018159108	0.0342837442409453	-0.242465105687262	-0.425853685669701	-0.317723737036147	-0.456740742046821	-0.700208925387201	-0.518280362753874	-1.11247895431587	-0.936039375042672	-0.959122064036457	-0.53901139847132
LEU30M	1.72452613649722	1.48204946679271	1.93532297264012	2.06939697599901	2.17022123609342	1.95501068649471	1.98821386663555	2.2761145268553	2.61932056896307	2.34460247584035	0.268152710010078	0.915242694362558	0.759741724898643	-0.153170079552437	1.3578817843142	-0.182255652720518
MET98M	1.21601201932496	0.373524662362391	1.93532297264012	0.742675569783617	3.24118721525598	2.13884870023632	0.315204637393441	0.249638367461549	1.22072804229678	1.41082140321129	1.91948980614095	0.451586490928146	0.135668165160472	-0.153170079552437	1.16479813028497	0.888011584531886
VAL43M	-0.309530332191808	0.373524662362391	0.057821600237051	-0.141805367693312	-0.71972465446276	-0.486296605204088	-0.242465105687262	0.249638367461549	0.381572526297	0.0101497942677072	-0.631911379313841	-0.41717546200007	-0.488405394577699	-0.153170079552437	0.0062962061096485	-0.895767144222121
MET50M	-0.309530332191808	-0.73500014206793	0.214280047937307	-1.02628630517024	-0.695978180423679	-0.490124401891183	-0.242465105687262	-0.425853685669701	-0.177864484369518	-0.923631278361349	-0.556296239018336	-0.344957675747353	0.135668165160472	-0.153170079552437	-0.186787447919573	-0.895767144222121
TYR96M	0.198983784980448	-1.28926254428309	0.057821600237051	-1.02628630517024	-0.446640203013327	-0.673858642871783	-0.242465105687262	-1.10134573880095	-0.597442242369406	-0.923631278361349	-0.353842798872305	-0.518280362753874	0.135668165160472	-0.936039375042672	-0.572954755978015	-0.895767144222121
GLY54M	1.21601201932496	2.03631186900787	0.214280047937307	0.742675569783617	-0.836082377254258	-0.673858642871783	-1.35780459184867	-1.10134573880095	-1.15687925303592	-0.690186010204085	-0.485559494870928	-0.200522103241919	0.759741724898643	1.41256851142803	0.585547168197312	0.531255838781085
MET58M	-1.32655856653632	-1.28926254428309	-0.880929085964482	-1.02628630517024	-0.836082377254258	-0.673858642871783	-1.35780459184867	-1.10134573880095	-1.15687925303592	-0.690186010204085	-0.485559494870928	-0.518280362753874	-0.488405394577699	-0.936039375042672	-0.572954755978015	-0.895767144222121
PRO26M	1.21601201932496	0.927787064577551	1.3094891818391	0.0793148666759203	2.00874521262767	1.65152784453893	1.43054412355485	0.925130420592798	2.05988355829655	0.477040330582235	1.9170506080669	1.22397373059292	1.38381528463681	0.629699215937797	1.74404909237264	-0.182255652720518
PRO77M	0.198983784980448	-0.18073773985277	0.057821600237051	-0.362925602062544	-0.470386677052408	-0.325518255572645	-0.242465105687262	-0.425853685669701	-0.0380052317028885	-0.223295473889557	-0.324572421983723	-0.189679163557945	0.135668165160472	-0.153170079552437	0.585547168197312	0.174500093030283
VAL84M	0.707497902152704	0.927787064577551	0.370738495637562	1.40603627289131	0.0615343414230104	0.769220708163345	0.872874380474143	0.925130420592798	0.941009536963517	0.943930866896763	0.0900912506045326	0.651647774540141	0.135668165160472	0.629699215937797	0.392463514168091	1.24476733028269
VAL49M	1.21601201932496	2.03631186900787	1.46594762953935	2.51163744473748	-0.43001767118597	-0.181986768579969	1.43054412355485	2.2761145268553	2.19974281096318	3.04493828031214	-0.283106054724897	-0.0542810860801672	2.00788884437498	2.9783071024085	2.51638370848952	3.0285460590367
HIS25M	-1.32655856653632	-0.73500014206793	-0.880929085964482	-0.362925602062544	-0.836082377254258	-0.673858642871783	-1.35780459184867	-1.10134573880095	-1.15687925303592	-0.690186010204085	-0.700208925387201	-0.518280362753874	-1.11247895431587	-0.936039375042672	-0.959122064036457	-0.53901139847132
ALA39M	0.707497902152704	1.48204946679271	0.527196943337818	0.742675569783617	0.00454280372921554	0.279572536289826	0.872874380474143	1.60062247372405	1.50044654763003	1.41082140321129	-0.485559494870928	-0.200522103241919	-0.488405394577699	-0.153170079552437	-0.379871101948794	-0.53901139847132
GLY38M	0.198983784980448	0.373524662362391	0.214280047937307	0.742675569783617	0.0187906881526642	0.403647778221391	0.872874380474143	0.925130420592798	0.24171327363037	0.943930866896763	-0.700208925387201	-0.518280362753874	-1.11247895431587	-0.936039375042672	-0.959122064036457	-0.53901139847132
VAL89M	-0.818044449364064	-0.73500014206793	-1.19384598136499	-0.584045836431776	-0.627113405710344	-0.33701253440735	-0.242465105687262	-0.425853685669701	-0.457582989702776	-0.690186010204085	-0.700208925387201	-0.518280362753874	-1.11247895431587	-0.936039375042672	-0.959122064036457	-0.53901139847132
LEU34M	0.707497902152704	0.373524662362391	1.77886452493986	0.0793148666759203	-0.743471128501841	-0.637494574344373	0.872874380474143	0.925130420592798	1.64030580029666	0.710485598739499	-0.653864161980278	-0.483976914283833	0.135668165160472	0.629699215937797	0.392463514168091	0.174500093030283
LEU106M	-0.309530332191808	0.373524662362391	-0.411553742863716	-0.362925602062544	-0.520254272534478	-0.27978854136054	-0.242465105687262	0.249638367461549	-0.317723737036147	-0.223295473889557	-0.585566615906919	-0.348568565059989	-0.488405394577699	-0.153170079552437	-0.766038410007236	-0.895767144222121
CYS73M	0.198983784980448	0.927787064577551	0.683655391038073	2.06939697599901	-0.147434630120904	-0.433137996694222	0.872874380474143	1.60062247372405	0.941009536963517	2.34460247584035	-0.283106054724897	-0.4068059783681	0.135668165160472	0.629699215937797	0.392463514168091	1.60152307603349
ILE105M	-0.818044449364064	-1.28926254428309	-0.880929085964482	-1.02628630517024	-0.738721833694025	-0.673858642871783	-0.800134848767965	-1.10134573880095	-0.877160747702664	-0.923631278361349	-0.485559494870928	-0.518280362753874	0.135668165160472	-0.936039375042672	-0.379871101948794	-0.895767144222121
SER93M	-0.818044449364064	-1.28926254428309	-0.568012190563971	-1.02628630517024	-0.836082377254258	-0.673858642871783	-1.35780459184867	-1.10134573880095	-1.15687925303592	-0.690186010204085	-0.700208925387201	-0.518280362753874	-1.11247895431587	-0.936039375042672	-0.959122064036457	-0.53901139847132
GLU42M	-0.818044449364064	-1.28926254428309	-0.724470638264227	-1.02628630517024	-0.539251451765743	-0.673858642871783	-0.800134848767965	-1.10134573880095	-0.597442242369406	-0.923631278361349	-0.700208925387201	-0.518280362753874	-1.11247895431587	-0.936039375042672	-0.959122064036457	-0.53901139847132
GLY21M	0.198983784980448	0.927787064577551	-0.411553742863716	-0.141805367693312	0.170768122002784	0.332905690230841	0.872874380474143	1.60062247372405	0.101854020963741	0.0101497942677072	-0.680695340794813	-0.489393248252787	-0.488405394577699	-0.153170079552437	-0.766038410007236	-0.895767144222121
THR22M	-0.818044449364064	-0.73500014206793	-0.568012190563971	-0.805166070801009	-0.627113405710344	-0.654719659436304	-0.242465105687262	-0.425853685669701	-0.177864484369518	-0.690186010204085	-0.688012935016958	-0.500225916190694	-0.488405394577699	-0.153170079552437	-0.766038410007236	-0.895767144222121
ARG15M	-0.818044449364064	-1.28926254428309	-1.35030442906525	-1.02628630517024	-0.629488053114252	-0.673858642871783	-0.800134848767965	-1.10134573880095	-1.01702000036929	-0.923631278361349	-0.487998692944976	-0.518280362753874	-0.488405394577699	-0.936039375042672	-0.959122064036457	-0.895767144222121
LYS100M	-0.309530332191808	-0.18073773985277	-1.03738753366474	-1.02628630517024	-0.066696618388028	-0.340840331094446	-0.242465105687262	-0.425853685669701	-0.737301495036035	-0.923631278361349	-0.487998692944976	-0.204132992554555	-0.488405394577699	-0.153170079552437	-0.959122064036457	-0.895767144222121
LEU99M	1.72452613649722	1.48204946679271	1.15303073413884	1.40603627289131	0.735934204132916	-0.166675581831586	1.98821386663555	1.60062247372405	1.78016505296329	1.87771193952582	-0.2782276585768	-0.186078545991376	0.759741724898643	1.41256851142803	0.392463514168091	1.60152307603349
LEU62M	0.707497902152704	0.927787064577551	0.996572286438584	0.521555335414385	1.03988907183315	0.826637658469782	1.43054412355485	1.60062247372405	1.3605872949634	0.710485598739499	0.270591908084126	-0.518280362753874	0.759741724898643	0.629699215937797	1.3578817843142	0.888011584531886
GLN40M	-0.309530332191808	-0.18073773985277	-0.411553742863716	0.521555335414385	-0.836082377254258	-0.673858642871783	-0.800134848767965	-0.425853685669701	-0.737301495036035	-0.223295473889557	-0.700208925387201	-0.518280362753874	-1.11247895431587	-0.936039375042672	-0.959122064036457	-0.53901139847132
SER86M	-0.309530332191808	-0.18073773985277	-0.0986368474632045	0.0793148666759203	-0.627113405710344	-0.629236197485001	0.315204637393441	0.249638367461549	0.24171327363037	0.243595062424971	-0.700208925387201	-0.518280362753874	-1.11247895431587	-0.936039375042672	-0.959122064036457	-0.53901139847132
ASN91M	-0.818044449364064	-1.28926254428309	-0.568012190563971	-1.02628630517024	-0.627113405710344	-0.673858642871783	-0.242465105687262	-1.10134573880095	-0.737301495036035	-0.923631278361349	-0.700208925387201	-0.518280362753874	-1.11247895431587	-0.936039375042672	-0.959122064036457	-0.53901139847132
ASN102M	0.707497902152704	-0.18073773985277	0.840113838738329	0.0793148666759203	-0.836082377254258	-0.673858642871783	0.315204637393441	-1.10134573880095	1.08086878963015	-0.923631278361349	-0.700208925387201	-0.518280362753874	-0.488405394577699	-0.936039375042672	0.0062962061096485	-0.895767144222121
GLN61M	-1.32655856653632	-0.73500014206793	-1.35030442906525	-1.02628630517024	-0.627113405710344	-0.464343168563497	-0.800134848767965	-0.425853685669701	-1.15687925303592	-0.690186010204085	-0.485559494870928	-0.320637371535964	-0.488405394577699	-0.153170079552437	-0.959122064036457	-0.53901139847132
LYS65M	-0.309530332191808	-0.73500014206793	-1.19384598136499	-1.02628630517024	-0.627113405710344	-0.546528008715637	-0.800134848767965	-0.425853685669701	-1.15687925303592	-0.690186010204085	-0.485559494870928	-0.398165094459828	-0.488405394577699	-0.153170079552437	-0.959122064036457	-0.53901139847132
ASP64M	-0.309530332191808	0.373524662362391	-0.568012190563971	-0.362925602062544	0.346492029891984	-0.487971818360849	-0.800134848767965	-0.425853685669701	-0.737301495036035	-0.456740742046821	0.514511715488982	-0.342927071329296	-0.488405394577699	-0.153170079552437	-0.572954755978015	-0.182255652720518
ASP75M	-1.32655856653632	-0.73500014206793	-1.35030442906525	-0.805166070801009	-0.836082377254258	-0.673858642871783	-1.35780459184867	-1.10134573880095	-1.15687925303592	-0.690186010204085	-0.700208925387201	-0.518280362753874	-1.11247895431587	-0.936039375042672	-0.959122064036457	-0.53901139847132
GLU97M	-0.818044449364064	-0.73500014206793	-0.568012190563971	-0.805166070801009	-0.836082377254258	-0.673858642871783	-1.35780459184867	-1.10134573880095	-1.15687925303592	-0.690186010204085	-0.700208925387201	-0.518280362753874	-1.11247895431587	-0.936039375042672	-0.959122064036457	-0.53901139847132
GLN68M	-0.818044449364064	-0.18073773985277	-1.35030442906525	-0.805166070801009	-0.627113405710344	-0.33701253440735	-0.800134848767965	-0.425853685669701	-1.15687925303592	-0.923631278361349	-0.485559494870928	-0.200522103241919	-0.488405394577699	-0.153170079552437	-0.959122064036457	-0.895767144222121
TYR63M	-1.32655856653632	-1.28926254428309	-1.5067628767655	-1.02628630517024	-0.627113405710344	-0.673858642871783	-0.800134848767965	-1.10134573880095	-1.15687925303592	-0.923631278361349	-0.485559494870928	-0.518280362753874	-0.488405394577699	-0.936039375042672	-0.959122064036457	-0.895767144222121
ILE33M	0.198983784980448	0.373524662362391	1.3094891818391	0.521555335414385	-0.627113405710344	-0.33701253440735	0.315204637393441	0.925130420592798	0.24171327363037	0.710485598739499	-0.485559494870928	-0.200522103241919	0.759741724898643	1.41256851142803	0.971714476255754	1.60152307603349
PRO94M	0.707497902152704	0.927787064577551	0.527196943337818	0.521555335414385	-0.403896549742981	-0.673858642871783	-0.242465105687262	-0.425853685669701	-0.177864484369518	-0.923631278361349	-0.0391862473200411	-0.402978685892716	0.135668165160472	-0.153170079552437	0.778630822226533	0.531255838781085
TYR52M	0.198983784980448	-0.73500014206793	0.370738495637562	-0.805166070801009	1.70953963973524	0.183567815037683	0.872874380474143	-0.425853685669701	0.941009536963517	-0.690186010204085	1.91461140999286	0.290558843276556	1.38381528463681	-0.153170079552437	0.392463514168091	-0.53901139847132
HIS51M	-0.818044449364064	-0.73500014206793	-0.568012190563971	-1.02628630517024	-0.836082377254258	-0.673858642871783	-1.35780459184867	-1.10134573880095	-1.15687925303592	-0.690186010204085	-0.700208925387201	-0.518280362753874	-1.11247895431587	-0.936039375042672	-0.959122064036457	-0.53901139847132
THR16M	-0.818044449364064	-0.18073773985277	-1.19384598136499	-0.362925602062544	-0.836082377254258	-0.673858642871783	-1.35780459184867	-1.10134573880095	-1.15687925303592	-0.690186010204085	-0.487998692944976	-0.204132992554555	-0.488405394577699	-0.153170079552437	-0.959122064036457	-0.895767144222121
LEU17M	0.198983784980448	0.373524662362391	-0.0986368474632045	0.521555335414385	0.543587764416358	1.55009123233089	0.315204637393441	0.925130420592798	0.101854020963741	0.243595062424971	-0.487998692944976	-0.518280362753874	-0.488405394577699	-0.936039375042672	-0.959122064036457	-0.895767144222121
LEU46M	-1.32655856653632	-0.73500014206793	-0.724470638264227	-0.141805367693312	-0.627113405710344	-0.505435588639567	-0.800134848767965	-0.425853685669701	-0.457582989702776	0.0101497942677072	-0.485559494870928	-0.359401232997896	-0.488405394577699	-0.153170079552437	-0.572954755978015	0.174500093030283
LEU31M	-0.818044449364064	-0.18073773985277	-1.03738753366474	-0.584045836431776	-0.750595070713566	-0.536057962136333	-0.800134848767965	-0.425853685669701	-0.877160747702664	-0.690186010204085	-0.700208925387201	-0.518280362753874	-1.11247895431587	-0.936039375042672	-0.959122064036457	-0.53901139847132
LYS35M	-0.818044449364064	-1.28926254428309	-1.03738753366474	-1.02628630517024	-0.508381035514938	-0.673858642871783	-0.800134848767965	-1.10134573880095	-0.737301495036035	-0.923631278361349	-0.700208925387201	-0.518280362753874	-1.11247895431587	-0.936039375042672	-0.959122064036457	-0.53901139847132
GLN55M	-0.309530332191808	-1.28926254428309	0.214280047937307	-1.02628630517024	-0.408645844550797	-0.673858642871783	-0.800134848767965	-1.10134573880095	-0.597442242369406	-0.923631278361349	-0.26115327205846	-0.518280362753874	-0.488405394577699	-0.936039375042672	-0.379871101948794	-0.895767144222121
GLU80M	-0.818044449364064	-0.73500014206793	-0.568012190563971	-0.584045836431776	-0.836082377254258	-0.673858642871783	-1.35780459184867	-1.10134573880095	-1.15687925303592	-0.690186010204085	-0.700208925387201	-0.518280362753874	-1.11247895431587	-0.936039375042672	-0.959122064036457	-0.53901139847132
GLN66M	-1.32655856653632	-1.28926254428309	-1.35030442906525	-1.02628630517024	-0.836082377254258	-0.673858642871783	-1.35780459184867	-1.10134573880095	-1.15687925303592	-0.690186010204085	-0.700208925387201	-0.518280362753874	-1.11247895431587	-0.936039375042672	-0.959122064036457	-0.53901139847132
LEU53M	-0.309530332191808	-0.18073773985277	0.214280047937307	0.300435101045153	-0.498882445899305	-0.402085078087979	-0.800134848767965	-0.425853685669701	-0.877160747702664	-0.223295473889557	-0.114801387615546	-0.0849736452375719	0.135668165160472	0.629699215937797	0.392463514168091	1.60152307603349
GLU20M	-1.32655856653632	-1.28926254428309	-1.19384598136499	-1.02628630517024	-0.627113405710344	-0.673858642871783	-0.800134848767965	-1.10134573880095	-0.737301495036035	-0.923631278361349	-0.700208925387201	-0.518280362753874	-1.11247895431587	-0.936039375042672	-0.959122064036457	-0.53901139847132
LYS60M	-0.818044449364064	-0.73500014206793	-0.411553742863716	-0.362925602062544	-0.627113405710344	-0.340840331094446	-0.242465105687262	-0.425853685669701	0.24171327363037	-0.223295473889557	-0.487998692944976	-0.204132992554555	-0.488405394577699	-0.153170079552437	0.0062962061096485	0.174500093030283
LYS500M	-1.83507268370858	-1.28926254428309	-1.66322132446576	-1.02628630517024	-0.836082377254258	-0.673858642871783	-1.35780459184867	-1.10134573880095	-1.15687925303592	-0.690186010204085	-0.700208925387201	-0.518280362753874	-1.11247895431587	-0.936039375042672	-0.959122064036457	-0.53901139847132
LYS47M	-1.83507268370858	-1.28926254428309	-1.66322132446576	-1.02628630517024	-0.836082377254258	-0.673858642871783	-1.35780459184867	-1.10134573880095	-1.15687925303592	-0.690186010204085	-0.700208925387201	-0.518280362753874	-1.11247895431587	-0.936039375042672	-0.959122064036457	-0.53901139847132
ILE501M	-1.83507268370858	-1.28926254428309	-1.66322132446576	-1.02628630517024	-0.836082377254258	-0.673858642871783	-1.35780459184867	-1.10134573880095	-1.15687925303592	-0.690186010204085	-0.700208925387201	-0.518280362753874	-1.11247895431587	-0.936039375042672	-0.959122064036457	-0.53901139847132
