Degree	Degree_sidechain	SecondOrderDegree	SecondOrderDegree_sidechain	NodeEdgeBetweennessSTRIDE	NodeEdgeBetweennessSTRIDE_sidechain	IntermodularDegreeSTRIDE	IntermodularDegreeSTRIDE_sidechain	SecondOrderIntermodularDegreeSTRIDE	SecondOrderIntermodularDegreeSTRIDE_sidechain	NodeEdgeBetweennessWALKTRAP	NodeEdgeBetweennessWALKTRAP_sidechain	IntermodularDegreeWALKTRAP	IntermodularDegreeWALKTRAP_sidechain	SecondOrderIntermodularDegreeWALKTRAP	SecondOrderIntermodularDegreeWALKTRAP_sidechain
HIS80A	9	6	32	19	8627	4166.05403863253	8	6	47	24	8627	4166.05403863253	8	6	29	14
LEU103A	11	10	30	19	5717	1805.67988829042	9	9	39	24	5372	1502.69876385036	5	4	19	10
ARG102A	7	6	17	9	7406	3106.12239153638	6	6	14	10	1	1	1	1	1	1
ASN118A	4	4	10	9	1022	113.229291217295	2	2	5	5	1	1	1	1	1	1
MET1A	5	3	12	4	1073	199	5	3	13	3	101	101	2	2	1	0
MET3A	7	5	21	9	1135	1135	6	5	20	7	7	1	2	1	4	0
ILE96A	7	2	25	7	2092	417.084280939895	6	2	27	3	2737	417.084280939895	4	2	8	2
LEU19A	8	7	35	23	1141	629	6	6	28	18	1047	314.383424832866	3	2	8	4
ILE24A	13	6	37	17	3084	450.898156467114	12	6	67	24	1381	450.898156467114	7	6	24	16
VAL232A	8	6	28	23	309	235.774921258283	6	5	34	23	288	228.592983185349	4	4	17	13
GLY244A	4	4	9	8	259	238.676797756264	4	4	10	6	217	217	2	2	3	1
ILE245A	5	3	13	8	647	216	5	3	13	7	633	209	4	2	5	2
PHE235A	8	4	28	12	3761	1345.70777420777	6	3	25	5	2755	1345.70777420777	4	3	17	6
VAL213A	8	7	34	21	3034	2327.48139395126	5	4	25	8	3054	2347.48139395126	6	5	22	9
ASN77A	8	6	30	18	6035	2431.19731765409	8	6	40	20	4072	725.296246365207	5	3	15	7
ASP101A	7	5	29	17	4938	1985.01346953719	5	3	25	11	3447	1985.01346953719	5	4	10	5
VAL119A	8	7	26	15	3198	3105.28199863232	7	6	30	16	1393	1393	2	2	4	2
ARG126A	5	1	11	1	892	1	4	1	14	0	1	1	1	1	1	1
VAL125A	5	4	20	12	1246	1246	4	3	20	9	1217	1217	2	2	3	2
GLU120A	5	3	21	8	5876	1882.41535645683	4	3	15	8	1	1	1	1	1	1
VAL133A	9	7	23	15	5424	5330	7	6	28	15	216	216	3	2	5	0
ALA79A	8	8	29	22	2044	1033.69921824316	6	6	31	21	1109	756.975218643306	3	3	10	7
LEU187A	9	6	41	21	1889	669.901713993081	7	5	35	16	1800	669.401713993081	7	4	22	9
LEU210A	9	8	34	30	2266	2069.69200616973	7	6	28	20	1	1	1	1	1	1
PRO200A	11	8	38	24	2325	475.5	6	4	29	16	1	1	1	1	1	1
THR20A	8	7	31	21	2656	1393.75685660722	7	6	42	26	3661	2085.37343177435	6	5	19	15
LEU191A	10	8	34	25	3505	2230.25130646276	9	8	42	25	126	1	3	1	5	0
THR218A	9	8	26	12	1081	735.342241832614	7	6	32	12	890	496.373812270551	5	5	11	6
GLY21A	8	8	29	22	1819	1377.55620123843	8	8	44	28	564	564	3	3	9	5
GLY23A	7	6	24	20	1441	410.776193626171	5	4	26	16	1	1	1	1	1	1
SER25A	6	4	25	14	367	116.320930085981	6	4	28	15	272	116.320930085981	3	3	11	8
VAL204A	7	5	24	16	460	230.211031936032	4	3	17	9	1	1	1	1	1	1
ALA181A	9	7	26	19	233	214.4498607022	8	6	35	19	1	1	1	1	1	1
LEU177A	8	5	27	7	279	106.5	6	4	23	6	344	106.5	4	3	7	1
LEU215A	4	2	12	3	483	482	3	2	8	2	482	482	2	2	1	0
MET230A	5	3	14	5	2537	1958	5	3	13	2	482	1	2	1	1	0
VAL192A	5	5	16	14	385	227.825114639854	5	5	20	14	295	182.825114639854	3	3	6	2
VAL193A	8	6	24	9	1785	1036.17488536015	7	5	29	11	862	113.174885360146	5	3	11	5
ASN158A	3	2	6	3	233	117	3	2	6	2	1	1	1	1	1	1
GLU121A	4	4	8	7	233	117	3	3	7	6	1	1	1	1	1	1
SER13A	6	6	18	17	2757	1332.47499456614	4	4	16	14	2757	1332.47499456614	5	5	15	13
SER182A	6	4	16	9	2987	1346.87384645321	5	4	17	10	1774	906.87384645321	3	3	7	7
ARG238A	5	3	13	3	370	370	3	2	9	2	1	1	1	1	1	1
MET184A	9	6	35	20	1333	517.968775406111	7	6	28	17	1	1	1	1	1	1
ASN229A	3	2	8	5	377	196.965193392021	3	2	8	4	101	1	2	1	1	0
GLY216A	6	6	10	6	681	428.120648640535	5	5	11	6	69	69	2	2	2	0
ILE212A	8	5	31	13	577	233.141736184119	5	5	21	14	165	122.641785799518	2	2	4	3
ILE155A	9	6	30	17	3589	2446.18164396973	9	6	44	17	2056	913.181643969732	5	3	16	4
PRO146A	7	6	25	22	5024	3772.2633573895	6	5	34	22	4792	3710.46734111381	4	3	12	5
VAL239A	8	7	25	16	2336	1505.21848677858	5	5	18	13	1529	1234	3	3	10	6
THR97A	8	8	27	22	3423	2684.03558487671	8	8	36	26	2450	1711.03558487671	5	5	14	7
GLY207A	3	3	8	8	1149	805.425867529624	3	3	8	7	1	1	1	1	1	1
GLY208A	7	7	21	18	2309	1559.01076014628	7	7	24	16	1	1	1	1	1	1
ALA236A	7	7	23	19	1658	1003.86782860085	4	4	13	11	1	1	1	1	1	1
TYR228A	7	3	21	3	1888	233	6	3	21	2	1280	233	6	3	19	2
LEU140A	8	8	22	19	2903	2404.63891383991	7	7	25	17	2837	2338.63891383991	3	3	9	7
TYR61A	9	6	33	22	4096	148.351014916455	8	6	43	20	4096	148.351014916455	6	4	17	4
GLY188A	10	10	36	28	4611	3984.27827785692	10	10	52	33	3012	2885.40564796124	6	6	21	13
LEU226A	8	7	19	13	1086	855.637387588724	7	6	23	13	661	641.533196126589	5	5	16	8
THR225A	4	3	14	6	230	73.6675833698723	3	3	10	5	1	1	1	1	1	1
PHE6A	7	3	27	5	5669	985.237486159378	7	3	29	5	5669	985.237486159378	7	3	22	5
PRO219A	5	5	14	11	89	45	3	3	8	5	169	141.9642362717	3	3	5	4
GLY67A	5	5	11	5	1	1	2	2	3	1	1	1	1	1	1	1
PHE63A	6	4	15	5	1531	654.272194940586	4	3	9	3	1	1	1	1	1	1
ARG237A	5	4	10	3	190	1	2	1	4	0	1	1	1	1	1	1
GLU234A	5	2	14	3	2017	1	3	1	7	0	1	1	1	1	1	1
ASP150A	4	3	10	3	1	1	2	2	4	0	1	1	1	1	1	1
CYS148A	9	7	22	13	1269	224.796540200248	6	4	27	10	1	1	1	1	1	1
LYS10D	3	2	10	5	233	31.2660947554729	3	2	10	5	1	1	1	1	1	1
PRO195A	7	7	15	10	2014	1296.5	6	6	14	8	176	87.0622066247215	2	2	2	2
SER178A	6	4	23	12	785	41.3844245920511	4	3	16	9	855	855	3	2	7	2
GLY243A	6	6	14	12	210	108.823202243736	4	4	10	8	176	88.5	3	3	7	5
ILE159A	5	3	23	10	783	217	3	2	14	4	783	217	3	2	5	2
PRO157A	8	7	25	15	556	494.227820975417	6	6	27	13	373	373	2	2	3	0
GLU114A	6	3	20	7	1927	240.425773370787	5	3	20	8	1	1	1	1	1	1
VAL112A	8	8	24	16	6009	4978.61867452505	6	6	26	16	1225	1225	4	4	8	2
GLU242A	4	2	10	2	44	1	2	1	3	0	44	1	2	1	4	0
ARG14A	5	4	14	10	851	592.12615354679	3	3	7	4	851	592.12615354679	4	4	8	5
PHE48A	5	3	15	5	415	130.477949764481	4	3	12	5	1	1	1	1	1	1
ALA107A	9	8	30	24	2093	1686.19533725034	6	5	21	14	1856	1611.603550156	6	5	21	12
VAL81A	6	4	21	11	403	1	3	2	12	5	635	233	5	3	13	2
ARG180A	7	4	22	13	414	7.82161900451946	4	2	15	5	676	69.9127935397726	3	2	7	4
GLN105A	5	4	17	11	4913	3163.18851289366	5	4	19	12	1	1	1	1	1	1
GLY108A	6	6	15	13	389	282.763326316785	6	6	18	10	144	112.355113411126	3	3	5	3
ALA22A	5	3	17	9	518	138.567089592526	4	2	20	7	1	1	1	1	1	1
THR26A	6	5	16	13	260	258	5	4	15	6	1	1	1	1	1	1
LEU78A	6	3	17	4	606	293.910421857435	5	3	12	1	1	1	1	1	1	1
VAL233A	9	6	23	14	3021	1495.2264348721	6	5	24	16	1693	1320.2264348721	3	3	5	3
ASP135A	4	3	16	7	162	32.5978910160146	3	3	9	6	162	32.5978910160146	3	3	6	3
TYR131A	7	4	19	8	1061	331.96416146048	6	4	21	5	117	1	3	1	6	0
LYS227A	3	3	8	7	581	363.929848757833	3	3	9	8	373	307.01569079039	2	2	4	3
ILE30A	8	5	25	17	2479	1564.01646843312	7	5	32	19	2120	1480.46340186397	3	3	8	6
PRO31A	4	3	11	8	71	1	3	2	8	4	1	1	1	1	1	1
GLU87A	5	4	8	2	1075	873	5	4	13	1	229	229	2	2	1	0
SER109A	5	1	14	1	305	1	5	1	17	0	305	1	3	1	5	0
ASP144A	4	2	12	5	67	1	2	1	6	0	1	1	1	1	1	1
GLU141A	2	2	1	1	2	2	2	2	1	0	1	1	1	1	1	1
LYS138A	2	1	1	1	2	1	2	1	1	0	1	1	1	1	1	1
THR16A	7	7	23	21	4208	2603.43320874514	6	6	24	20	4369	2595.23118766163	6	6	19	15
VAL17A	7	7	27	22	262	180.996242731862	5	5	24	18	226	170.202021083514	3	3	8	7
CYS124A	7	7	17	13	1681	1272.1443469704	7	7	23	15	1	1	1	1	1	1
ASP149A	5	3	12	4	243	53.7890496169557	3	3	8	5	7	1.75321107743524	2	2	3	2
ASP49A	5	4	9	4	695	625	5	4	9	3	561	561	3	3	2	0
ASP51A	4	3	8	5	71	71	2	2	4	3	1	1	1	1	1	1
GLN98A	7	5	30	12	7587	2269.44259665807	7	5	35	13	4060	448.022871758625	4	3	12	5
SER189A	9	4	34	12	7345	1972.95539425848	9	4	48	12	2972	142	5	2	13	1
THR18A	9	8	31	23	6396	5324.83469399706	7	7	28	22	3221	3221	4	3	9	4
ALA64A	7	7	19	14	201	133.017145640764	2	2	6	4	201	133.017145640764	2	2	4	4
ARG156A	11	8	23	12	3368	1433.02904007933	9	6	34	12	3339	1433.02904007933	4	3	5	4
PHE161A	8	4	25	8	5141	2506.10898800106	8	4	39	9	2547	1	3	1	6	0
SER190A	6	3	19	11	233	2	5	2	20	4	231	1	4	2	10	0
PRO57A	8	7	19	10	1574	779.123047174468	7	6	23	10	887	92.1230471744677	3	2	7	4
VAL145A	9	6	21	12	1502	856.488350424248	6	5	27	15	1502	856.488350424248	5	5	9	6
SER28A	7	3	22	5	671	398.098928711119	6	3	27	5	1	1	1	1	1	1
GLU164A	6	5	23	16	10003	4238.29362152939	6	5	33	20	4777	3175.32193074224	4	4	7	3
PHE220A	8	2	26	6	1669	1	6	2	23	4	1	1	2	1	2	0
ASP231A	4	4	14	11	2219	2219	4	4	12	8	1	1	1	1	1	1
LEU115A	9	6	28	11	2251	1131	9	6	39	12	1196	1119	4	4	8	6
LEU171A	5	3	17	6	479	234	3	2	13	5	1	1	1	1	1	1
ALA84A	6	6	22	19	205	190.644886588874	4	4	14	9	205	190.644886588874	4	4	11	8
LYS65A	3	1	8	1	233	1	2	1	3	0	233	1	2	1	3	0
PRO70A	6	6	16	11	752	752	4	4	7	3	752	752	4	4	6	2
LYS11D	7	4	22	11	6452	1265.46884207437	6	4	30	13	840	480.814055499161	2	2	4	3
PHE162A	5	2	17	3	1109	299.299949802052	5	2	20	3	329	1	2	1	2	0
GLU58A	4	3	13	6	442	32.4797086079075	3	2	8	2	331	1	2	1	4	0
VAL186A	8	8	38	29	494	341.094659050153	5	5	27	18	4	4	2	2	6	3
LEU72A	5	4	18	11	233	115	5	4	18	12	2	1.5	2	2	3	3
GLY29A	5	5	12	11	257	257	5	5	17	10	1	1	1	1	1	1
LEU147A	8	6	21	13	703	560	8	6	32	15	249	249	4	3	10	6
LYS139A	4	3	13	7	233	6.24678892256476	4	3	17	7	233	6.24678892256476	4	3	8	3
ALA197A	8	6	29	16	1815	1680.56912182995	6	5	25	14	1174	1174	3	3	5	2
ASN99A	5	3	24	11	1377	236.227885647187	4	3	25	12	704	1	3	1	8	0
GLU241A	2	2	4	3	1	1	1	1	1	1	1	1	1	1	1	1
LEU183A	10	9	31	24	949	357.425791774089	8	7	31	18	601	202.425791774089	5	5	16	14
LEU83A	8	6	31	17	443	186.5	7	6	40	25	183	92	3	3	11	10
GLY117A	6	6	14	11	712	712	5	5	16	10	1	1	1	1	1	1
PHE53A	6	4	22	15	3411	562.451965777622	6	4	32	14	1623	518.410141224911	2	2	3	3
GLY163A	6	6	11	8	797	735.432220803561	6	6	16	10	1	1	2	2	2	1
ILE50A	6	5	18	11	398	343.677116434805	5	4	25	12	341	286.677116434805	3	2	4	3
CYS127A	6	6	13	11	641	293.059112829347	5	5	19	13	1	1	1	1	1	1
CYS151A	7	7	14	12	417	327.123052540676	5	5	17	12	1	1	1	1	1	1
ARG106A	7	5	21	16	301	161	5	4	17	10	375	163.632500640127	4	3	10	5
PRO76A	6	5	20	15	306	195.926447698885	5	4	24	15	302	194.396449844005	4	3	15	6
LYS110A	3	1	7	1	237	1	3	1	9	0	229	1	2	1	1	0
PRO27A	8	7	29	19	330	193.757616016506	6	5	32	15	202	65.7576160165056	2	2	2	2
LEU154A	7	5	26	16	3193	2193.97846117637	7	5	34	17	2976	2193.97846117637	4	4	7	6
PHE69A	8	5	25	19	4004	661.96433829833	7	5	26	15	1914	661.96433829833	5	5	11	11
HIS56A	4	3	9	3	241	91.5202913920926	4	3	10	1	1	1	1	1	1	1
ARG205A	3	3	6	4	1	1	1	1	1	1	1	1	1	1	1	1
LEU201A	4	2	13	2	89	1	2	1	5	0	1	1	1	1	1	1
ILE113A	7	4	24	6	751	425	6	4	21	5	636	310	5	2	10	1
LEU199A	8	5	29	9	589	474.5	7	5	26	9	524	466.5	4	4	7	5
LEU82A	7	6	21	14	1976	1151.00774694778	5	5	14	10	1114	566.543242409709	3	3	5	3
ILE100A	6	5	22	10	1121	474.41315918441	6	5	23	13	560	280.5	3	3	6	3
TYR122A	6	2	23	5	1303	1	6	2	30	4	925	1	4	1	11	0
VAL136A	10	10	25	23	812	736.703983724312	7	7	35	22	580	566.5	6	6	20	12
ASP8A	2	2	1	1	1	1	1	1	1	1	1	1	1	1	1	1
LYS4A	2	2	1	1	1	1	1	1	1	1	1	1	1	1	1	1
HIS116A	6	4	25	9	8117	3516.16307274221	6	4	30	11	7406	3516.16307274221	5	4	11	5
PHE33A	5	2	13	4	1281	1	4	2	10	1	908	1	3	1	5	0
LEU86A	5	5	13	8	532	266.5	4	4	10	6	727	354.956757590291	3	3	5	4
ASP222A	3	3	12	6	213	213	2	2	5	1	1	1	1	1	1	1
PHE60A	5	2	17	6	1532	31.6213664708121	4	2	15	5	1	1	1	1	1	1
GLU5A	2	2	7	6	233	18.9668038734105	2	2	6	5	233	18.9668038734105	2	2	4	4
ILE185A	8	4	32	8	7834	2426.83763660314	5	4	20	9	7925	2426.83763660314	6	4	23	9
THR132A	6	5	19	11	179	147.402108983985	5	4	15	7	295	263.402108983985	5	4	11	2
HIS104A	9	6	36	18	9447	3964.87429123115	8	6	46	24	7122	3964.87429123115	6	6	22	18
VAL160A	10	10	29	23	10797	9126.57357283559	10	10	43	27	3314	3314	4	4	8	4
LEU166A	8	6	26	21	4911	4426.5	7	6	30	22	917	917	2	2	1	0
ALA94A	6	4	22	5	365	260.5	5	4	18	4	210	105.5	2	2	3	2
VAL95A	7	7	25	17	6922	3538.49857328786	5	5	23	19	4430	3245.83326728492	3	3	8	6
ILE223A	7	5	21	10	1291	669.596961894236	6	5	20	8	1	1	1	1	1	1
ALA174A	9	8	21	12	890	460.415719060105	4	4	19	10	1744	460.415719060105	4	3	8	4
SER55A	4	2	10	3	516	1	3	1	9	0	1	1	1	1	1	1
TYR194A	4	1	17	1	939	1	3	1	10	0	482	1	2	1	2	0
MET71A	8	5	29	10	2499	1647.8414403193	7	5	31	12	2213	1482.53659813603	5	4	11	4
TYR54A	4	2	17	7	66	1	3	2	14	5	1	1	1	1	1	1
GLU134A	3	1	12	1	18	1	2	1	4	0	233	1	3	1	6	0
ALA74A	8	7	24	15	917	478.568311776035	7	6	30	18	356	233	4	3	8	3
ILE92A	5	4	17	12	301	154.5	5	4	21	15	1	1	1	1	1	1
ASN46A	2	1	4	1	233	1	2	1	4	0	233	1	2	1	2	0
ILE68A	8	4	22	8	2398	403.749855294933	6	4	23	10	2150	231.5	5	3	10	5
SER143A	4	3	12	7	1	1	2	1	6	0	1	1	1	1	1	1
ILE175A	5	2	16	2	409	1	2	1	6	0	409	1	2	1	3	0
LEU9A	5	4	20	11	249	124	5	4	22	10	249	124	5	4	12	7
LYS209A	5	1	16	1	273	1	5	1	19	0	15	1	2	1	4	0
PRO167A	6	5	21	19	1239	354.499130814146	5	4	21	16	1	1	1	1	1	1
ALA170A	5	4	14	7	791	624.000869185854	3	3	9	6	327	327	2	2	4	1
GLY90A	4	4	7	6	417	417	4	4	9	5	1	1	1	1	1	1
LEU91A	4	3	7	4	801	410	4	3	8	3	1	1	1	1	1	1
GLY176A	8	8	19	13	1	1	1	1	1	1	668	502.794569884142	5	5	8	5
SER179A	4	3	13	9	3	1	2	1	2	0	231	97.2926365760855	2	2	4	4
ALA196A	6	5	23	14	570	370.709793499216	5	4	24	13	242	122.937793375279	3	3	4	4
LEU10A	4	3	17	6	257	109.5	4	3	14	6	257	109.5	4	3	11	5
LYS75A	5	1	16	1	314	1	3	1	13	0	1	1	1	1	1	1
LEU15A	9	6	19	14	701	249.228520293281	7	6	26	15	226	226	5	3	14	5
SER206A	4	3	4	3	463	3	3	2	3	0	1	1	1	1	1	1
THR203A	6	6	22	19	1637	1262.71392959407	5	5	22	18	1	1	1	1	1	1
LEU12D	3	3	9	7	54	32.3016844409663	2	2	5	5	1	1	1	1	1	1
VAL211A	9	9	33	25	1227	1025.72822516799	6	6	28	18	961	853.5	4	4	15	7
LYS129A	5	1	12	1	253	1	5	1	15	0	1	1	1	1	1	1
GLU93A	4	1	15	1	233	1	4	1	15	0	227	1	3	1	7	0
ASN214A	6	4	25	13	463	300.627993742995	5	4	23	13	354	299.627993742995	4	3	14	6
GLU217A	4	1	14	1	233	1	4	1	15	0	233	1	3	1	5	0
LYS111A	5	2	15	1	2303	389.983560711914	5	2	15	1	1510	389.983560711914	3	2	5	1
TYR123A	2	2	10	7	233	116.971912743623	2	2	8	5	233	116.971912743623	2	2	3	2
ASP221A	6	5	17	10	1119	362.004474867842	6	5	20	11	1119	362.004474867842	5	4	7	6
ASN11A	2	2	5	5	1	1	1	1	1	1	1	1	1	1	1	1
LEU7A	6	5	14	13	809	426.5	4	4	8	7	815	432.5	5	5	6	4
GLN168A	4	3	10	8	402	402	3	3	10	8	1	1	1	1	1	1
ASN152A	3	2	11	5	231	116	2	2	7	5	1	1	1	1	1	1
ILE137A	5	4	18	11	233	151.379602220991	3	3	10	7	233	151.379602220991	4	4	7	6
GLU173A	5	2	16	1	802	104.016439288086	3	2	9	1	802	104.016439288086	3	2	6	1
VAL47A	5	5	12	8	2165	2165	4	4	8	4	1	1	1	1	1	1
ALA224A	7	6	24	18	270	170.495856325035	6	5	26	17	115	115	2	2	4	3
ARG8D	3	2	8	1	233	56.5	3	2	6	1	112	56.5	2	2	1	1
ARG172A	3	2	9	3	1	1	1	1	1	1	1	1	1	1	1	1
ASN165A	2	1	9	1	233	1	2	1	9	0	1	1	1	1	1	1
LYS2A	2	1	6	1	233	1	2	1	5	0	233	1	2	1	5	0
MET240A	5	2	15	2	259	132.089578142565	4	2	11	2	1	1	1	1	1	1
HIS9D	4	3	10	3	917	1	2	1	6	0	917	1	2	1	1	0
THR6D	4	2	4	1	1	1	1	1	1	1	1	1	1	1	1	1
SER5D	3	2	5	2	1	1	1	1	1	1	1	1	1	1	1	1
GLU198A	4	2	16	1	112	56.5	2	2	2	1	112	56.5	2	2	1	1
PHE52A	4	2	7	2	1138	463	3	2	4	0	1	1	1	1	1	1
GLU66A	3	1	7	1	224	1	2	1	3	0	224	1	2	1	3	0
ASP32A	2	2	4	2	1	1	1	1	1	1	233	233	2	2	2	0
LYS89A	3	1	5	1	233	1	3	1	6	0	1	1	1	1	1	1
GLU128A	2	1	5	1	1	1	1	1	1	1	1	1	1	1	1	1
SER153A	5	3	13	6	239	88.8769474593242	5	3	20	4	1	1	1	1	1	1
GLU59A	3	2	3	1	463	1	2	1	2	0	1	1	1	1	1	1
SER7D	2	1	3	1	1	1	1	1	1	1	1	1	1	1	1	1
ASP169A	2	1	4	1	1	1	1	1	1	1	1	1	1	1	1	1
ARG62A	2	2	2	1	1	1	1	1	1	1	1	1	1	1	1	1
GLN73A	2	1	7	1	233	1	2	1	6	0	233	1	2	1	3	0
LYS85A	2	1	5	1	1	1	1	1	1	1	233	1	2	1	4	0
ILE202A	2	1	3	1	1	1	1	1	1	1	1	1	1	1	1	1
GLU12A	1	1	1	1	1	1	1	1	1	1	1	1	1	1	1	1
SER44A	1	1	1	1	1	1	1	1	1	1	1	1	1	1	1	1
GLN45A	1	1	1	1	1	1	1	1	1	1	1	1	1	1	1	1
GLU88A	1	1	1	1	1	1	1	1	1	1	1	1	1	1	1	1
LYS130A	1	1	1	1	1	1	1	1	1	1	1	1	1	1	1	1
SER142A	1	1	1	1	1	1	1	1	1	1	1	1	1	1	1	1
GLN4D	1	1	1	1	1	1	1	1	1	1	1	1	1	1	1	1
MET13D	1	1	1	1	1	1	1	1	1	1	1	1	1	1	1	1
PHE14D	1	1	1	1	1	1	1	1	1	1	1	1	1	1	1	1
SER246A	1	1	1	1	1	1	1	1	1	1	1	1	1	1	1	1
