Degree	Degree_sidechain	SecondOrderDegree	SecondOrderDegree_sidechain	NodeEdgeBetweennessSTRIDE	NodeEdgeBetweennessSTRIDE_sidechain	IntermodularDegreeSTRIDE	IntermodularDegreeSTRIDE_sidechain	SecondOrderIntermodularDegreeSTRIDE	SecondOrderIntermodularDegreeSTRIDE_sidechain	NodeEdgeBetweennessWALKTRAP	NodeEdgeBetweennessWALKTRAP_sidechain	IntermodularDegreeWALKTRAP	IntermodularDegreeWALKTRAP_sidechain	SecondOrderIntermodularDegreeWALKTRAP	SecondOrderIntermodularDegreeWALKTRAP_sidechain
CYS229A	0.267734651439069	-0.00732295326325444	0.133846416891506	0.0475494667332384	1.14811302637061	0.9303967752971	0.919614773993529	0.46147564332813	0.386004935787572	0.0883736499289516	0.810489882218106	1.78175214952504	0.285756075971111	0.726037221760085	-0.0424707902463585	-0.202301417168323
TRP146A	0.721522196251051	-0.495519837480228	0.486073829763891	-0.919558331230933	-0.213247828369229	-0.3186505508391	0.425198228835718	-0.118996864002851	0.0946804559478949	-0.59142365721683	0.555057731027467	-0.0399567633830451	1.55578308028716	0.726037221760085	0.550144887609807	-0.202301417168323
ARG273A	0.721522196251051	-0.495519837480228	1.19052865550866	-0.274819799254819	-0.562762810330677	-0.397616589276649	0.425198228835718	-0.118996864002851	-0.00242770399866401	-0.0815756768574939	0.201852507610746	-0.15512704799005	2.19079658244518	0.726037221760085	1.53783768403675	0.175832072865926
ASP281A	-0.186052893372913	-0.00732295326325444	0.368664692139762	-0.436004432248847	-0.637034743997485	-0.594102024614099	-0.563634861479905	-0.118996864002851	-0.487968503731458	-0.0815756768574939	-0.463004383526611	-0.497708073778302	-0.349257426186913	-0.0762138520079649	-0.0424707902463585	-0.202301417168323
ARG196A	1.62909728587501	1.45726769938766	1.42534693075692	1.01465726469741	0.428985950984933	0.497557551045467	1.90844786430915	2.20289316532107	1.64841101509284	1.78786691779341	0.727382770825936	0.430052005558364	1.55578308028716	0.726037221760085	2.52553048046369	1.31023254296867
ASP184A	-0.186052893372913	0.480873930953719	-0.335790133605006	0.208734099727267	-0.552277360871834	-0.602884831782471	-0.0692183163220934	0.46147564332813	0.191788615894454	0.938120283861179	-0.393341069565528	-0.427324166829069	0.285756075971111	0.726037221760085	0.352606328324418	1.31023254296867
CYS242A	0.721522196251051	0.480873930953719	0.486073829763891	0.369918732721296	-0.667617304919112	-0.533733790571574	0.425198228835718	0.46147564332813	0.968653895466925	1.10806961064762	-0.458115729915307	-0.372807200529735	0.285756075971111	0.726037221760085	1.14276056546597	2.06649952303717
HIS179A	1.17530974106303	0.969070815170692	0.486073829763891	0.208734099727267	0.660539626534392	-0.342685082792579	1.41403131915134	1.04194815065911	1.55130285514628	1.61791759100696	1.12336371334157	-0.075010616156317	2.19079658244518	2.33053936929618	2.72306903974908	3.57903348317416
ARG213A	2.53667237549898	1.94546458360464	0.955710380260403	0.853472631703382	1.17782179983734	0.852268749000669	3.39169749978259	2.78336567265206	1.84262733498595	0.938120283861179	0.831266660066149	0.530813615444151	0.920769578129135	0.726037221760085	0.945222006180583	0.553965562900174
SER94A	0.267734651439069	-0.00732295326325444	-0.10097185835675	-0.274819799254819	-0.501597688487424	-0.611851953152169	-0.0692183163220934	-0.699469371333833	0.191788615894454	-0.761372984003276	-0.658550527978775	-0.553938468452686	-0.984270928344937	-0.878464925776014	-0.832625027387912	-0.580434907202572
ARG175A	0.721522196251051	0.969070815170692	0.720892105012147	1.17584189769144	1.73355062115604	2.21304306679188	1.41403131915134	1.62242065799009	1.55130285514628	1.61791759100696	1.71611296371219	1.61081608488799	2.19079658244518	2.33053936929618	2.92060759903447	2.82276650310567
GLY279A	1.62909728587501	2.43366146782161	1.19052865550866	2.30413432864964	-0.0297524628394683	0.355549353868338	-0.0692183163220934	0.46147564332813	-0.3908603437849	0.0883736499289516	-0.561999619155519	-0.410924259008457	-0.349257426186913	-0.0762138520079649	-0.437547908817135	0.175832072865926
THR118A	0.267734651439069	-0.00732295326325444	0.133846416891506	0.853472631703382	1.19617133639031	0.890553932966978	0.425198228835718	-0.118996864002851	-0.0995358639452229	0.258322976715397	-0.52777904387639	-0.553938468452686	-0.349257426186913	-0.878464925776014	-0.437547908817135	-0.958568397236821
PRO128A	-0.186052893372913	0.480873930953719	-0.10097185835675	0.208734099727267	-0.210626466004518	0.331247998829401	-0.0692183163220934	0.46147564332813	0.191788615894454	0.428272303501843	-0.658550527978775	-0.553938468452686	-0.349257426186913	-0.0762138520079649	0.15506776903903	0.932099052934423
TYR126A	0.267734651439069	-0.983716721697201	0.486073829763891	-0.919558331230933	1.32287051735134	-0.578018771018301	0.425198228835718	-0.699469371333833	0.191788615894454	-0.761372984003276	1.74788921218567	-0.553938468452686	0.920769578129135	-0.878464925776014	1.14276056546597	-0.958568397236821
CYS176A	0.721522196251051	0.969070815170692	0.368664692139762	0.208734099727267	1.04675368160179	0.479402624593627	1.41403131915134	1.62242065799009	1.06576205541348	1.10806961064762	1.41301643981134	1.09379792890651	1.55578308028716	2.33053936929618	1.73537624332214	2.82276650310567
ARG249A	0.721522196251051	0.969070815170692	0.368664692139762	0.369918732721296	3.56151397681441	4.59345960114082	1.41403131915134	1.62242065799009	0.774437575573807	0.938120283861179	3.37092221113863	3.97336895924249	1.55578308028716	1.52828829552813	0.747683446895195	0.553965562900174
GLU171A	-0.639840438184894	-0.983716721697201	-0.688017546477391	-0.597189065242876	-4.36893727451413e-05	-0.44610941997296	-0.0692183163220934	-0.699469371333833	-0.293752183838341	-0.251525003643939	0.5049490315116	-0.225852808370071	0.920769578129135	-0.0762138520079649	0.352606328324418	0.175832072865926
TYR205A	1.17530974106303	-0.00732295326325444	1.54275606838104	1.33702653068547	3.06869785224877	0.320440805894578	1.90844786430915	0.46147564332813	1.93973549493251	1.44796826422052	3.18148688370059	0.892144363902272	2.19079658244518	1.52828829552813	2.3279919211783	2.44463301307142
VAL203A	0.721522196251051	1.45726769938766	0.486073829763891	1.01465726469741	1.20054027366483	1.50638344781697	0.919614773993529	1.62242065799009	1.06576205541348	1.61791759100696	0.751826038882457	1.818732426783	-0.349257426186913	-0.0762138520079649	-0.0424707902463585	0.175832072865926
THR230A	0.267734651439069	0.480873930953719	-0.218380995980878	-0.11363516626079	-0.762860137503606	-0.591343364076928	0.425198228835718	0.46147564332813	-0.293752183838341	-0.59142365721683	-0.476448180957697	-0.3825268152228	0.285756075971111	0.726037221760085	-0.437547908817135	-0.202301417168323
THR231A	-0.186052893372913	0.480873930953719	0.133846416891506	0.692287998709353	-0.745384388405534	-0.531498145584232	-1.05805140663772	-0.699469371333833	-0.973509303464253	-0.59142365721683	-0.486225488180305	-0.419000066751794	-0.349257426186913	-0.0762138520079649	-0.635086468102523	-0.202301417168323
TYR163A	-0.639840438184894	-0.495519837480228	0.016437279267378	0.0475494667332384	2.16869677369804	-0.425237735266004	-0.0692183163220934	-0.118996864002851	0.386004935787572	0.428272303501843	3.53835859732579	-0.195411900918079	0.920769578129135	0.726037221760085	1.14276056546597	0.932099052934423
THR211A	0.721522196251051	0.969070815170692	-0.10097185835675	0.208734099727267	-0.346063521514579	0.0535339621472349	-0.0692183163220934	-0.118996864002851	0.0946804559478949	0.258322976715397	-0.658550527978775	-0.553938468452686	-0.984270928344937	-0.878464925776014	-0.832625027387912	-0.580434907202572
GLN165A	-0.639840438184894	-0.495519837480228	-1.1576540969739	-0.919558331230933	-0.664122155099497	-0.575878905959063	-0.0692183163220934	-0.118996864002851	-0.779292983571135	-0.59142365721683	-0.427561644844656	-0.417174879443099	-0.349257426186913	-0.0762138520079649	-0.635086468102523	-0.202301417168323
GLN167A	-0.639840438184894	-0.495519837480228	-1.27506323459803	-0.919558331230933	-0.830141771531185	-0.668240590041949	-1.05805140663772	-0.699469371333833	-1.07061746341081	-0.761372984003276	-0.658550527978775	-0.553938468452686	-0.984270928344937	-0.878464925776014	-0.832625027387912	-0.580434907202572
ARG156A	0.721522196251051	-0.00732295326325444	0.955710380260403	0.0475494667332384	-0.330335347326314	-0.467962286444465	0.425198228835718	-0.118996864002851	0.288896775841013	-0.421474330430385	-0.458115729915307	-0.553938468452686	0.285756075971111	-0.878464925776014	-0.0424707902463585	-0.958568397236821
VAL217A	0.267734651439069	0.969070815170692	0.838301242636275	1.65939579667352	1.24947237113943	2.1750000670414	-0.0692183163220934	0.46147564332813	0.0946804559478949	0.768170957074733	-0.658550527978775	-0.553938468452686	-0.984270928344937	-0.878464925776014	-0.832625027387912	-0.580434907202572
ILE162A	0.267734651439069	-0.983716721697201	0.838301242636275	-0.919558331230933	2.74889164375405	-0.224750551500338	0.425198228835718	-0.699469371333833	0.774437575573807	-0.59142365721683	4.34987509680227	0.0969943850147001	1.55578308028716	-0.0762138520079649	0.945222006180583	-0.580434907202572
VAL173A	1.17530974106303	1.94546458360464	0.603482967388019	1.65939579667352	2.98568804403293	4.81167836099272	0.919614773993529	1.62242065799009	0.871545735520366	1.95781624457985	3.70090632990165	6.28266746765438	0.920769578129135	1.52828829552813	0.550144887609807	0.553965562900174
THR253A	0.721522196251051	1.45726769938766	1.66016520600517	1.33702653068547	2.22199780844716	1.80405497917771	0.425198228835718	1.04194815065911	0.968653895466925	1.10806961064762	4.38287350867857	3.94520160123589	2.19079658244518	3.13279044306423	1.93291480260752	2.06649952303717
TYR236A	1.62909728587501	-0.00732295326325444	2.36462003174994	0.531103365715324	3.28190199124526	0.446824239023718	2.40286440946696	0.46147564332813	3.10503341429122	0.598221630288288	2.02287597782152	0.864514398749223	0.920769578129135	-0.0762138520079649	1.14276056546597	0.932099052934423
GLU271A	0.267734651439069	-0.00732295326325444	0.016437279267378	-0.758373698236905	1.12364697763331	0.207683174691513	0.425198228835718	0.46147564332813	-0.293752183838341	-0.251525003643939	2.43352288117107	0.355546405893444	0.920769578129135	0.726037221760085	0.352606328324418	-0.202301417168323
PRO250A	-0.639840438184894	-0.495519837480228	-0.570608408853263	-0.436004432248847	-0.103150609051372	0.15571307533409	-0.0692183163220934	-0.118996864002851	-0.0995358639452229	0.0883736499289516	0.139522174066619	0.65189247857664	0.285756075971111	0.726037221760085	-0.0424707902463585	0.553965562900174
LEU137A	0.721522196251051	0.969070815170692	0.955710380260403	0.692287998709353	-0.0577136613963841	-0.0362995281420714	0.919614773993529	1.04194815065911	1.64841101509284	1.27801893743407	-0.576665579989431	-0.504027123976535	0.285756075971111	0.726037221760085	0.550144887609807	1.68836603300292
MET237A	0.721522196251051	-0.00732295326325444	1.07311951788453	0.369918732721296	0.484034560643861	-0.278175631198795	0.919614773993529	0.46147564332813	1.2599783753066	1.10806961064762	0.699273012560938	-0.0383896992297735	0.920769578129135	0.726037221760085	1.53783768403675	1.31023254296867
ARG267A	0.721522196251051	-0.00732295326325444	0.016437279267378	-0.436004432248847	0.624714340883344	-0.0299324444264791	-0.0692183163220934	-0.118996864002851	-0.779292983571135	-0.931322310789721	-0.658550527978775	-0.553938468452686	-0.984270928344937	-0.878464925776014	-0.832625027387912	-0.580434907202572
ASN268A	-0.639840438184894	-0.495519837480228	0.016437279267378	-0.597189065242876	-0.344315946604772	-0.535727293350966	-0.563634861479905	-0.699469371333833	-0.682184823624576	-0.931322310789721	-0.21123872254445	-0.553938468452686	-0.349257426186913	-0.878464925776014	-0.240009349531747	-0.958568397236821
CYS238A	2.082884830687	0.969070815170692	1.89498348125343	0.853472631703382	2.92190155982496	1.31247935442016	2.40286440946696	1.04194815065911	3.3963578941309	1.78786691779341	2.46285480283889	2.33901145050647	2.82581008460321	2.33053936929618	3.71076183617602	4.33530046324266
CYS124A	0.721522196251051	0.969070815170692	0.955710380260403	2.14294969565561	-0.254315838749699	0.0358952959253423	0.919614773993529	1.04194815065911	0.871545735520366	1.78786691779341	0.0148615069783644	-0.11696879801439	-0.349257426186913	-0.0762138520079649	-0.240009349531747	0.553965562900174
CYS141A	1.17530974106303	1.45726769938766	1.19052865550866	1.33702653068547	-0.305869298589012	-0.310470725090677	0.425198228835718	1.04194815065911	1.06576205541348	1.78786691779341	-0.658550527978775	-0.553938468452686	-0.984270928344937	-0.878464925776014	-0.832625027387912	-0.580434907202572
HIS233A	-0.186052893372913	-0.983716721697201	0.368664692139762	-0.758373698236905	-0.685966841472088	-0.671060021886438	-0.0692183163220934	-1.27994187866481	0.0946804559478949	-1.10127163757617	-0.658550527978775	-0.553938468452686	-0.349257426186913	-0.878464925776014	-0.0424707902463585	-0.958568397236821
THR140A	0.267734651439069	-0.00732295326325444	0.133846416891506	-0.11363516626079	-0.335578072055736	-0.206296675277747	-0.0692183163220934	-0.118996864002851	-0.487968503731458	-0.761372984003276	-0.168463003445539	-0.219449816092738	-0.349257426186913	-0.0762138520079649	-0.635086468102523	-0.202301417168323
CYS182A	-0.639840438184894	-0.00732295326325444	-0.805426684101519	0.0475494667332384	-0.613442482715087	-0.318631041325313	-1.05805140663772	-0.699469371333833	-0.779292983571135	-0.421474330430385	-0.262569585463143	0.0427441529616798	0.285756075971111	0.726037221760085	-0.437547908817135	-0.202301417168323
MET246A	1.62909728587501	0.480873930953719	1.30793779313279	1.01465726469741	1.59374462837146	1.34295242059182	1.90844786430915	1.04194815065911	2.13395181482563	1.61791759100696	0.343623462338565	1.10459849196903	1.55578308028716	0.726037221760085	1.93291480260752	2.06649952303717
PRO142A	1.17530974106303	0.969070815170692	0.603482967388019	0.692287998709353	-0.577617197064039	-0.574951575113819	0.425198228835718	0.46147564332813	-0.293752183838341	-0.0815756768574939	-0.658550527978775	-0.553938468452686	-0.984270928344937	-0.878464925776014	-0.832625027387912	-0.580434907202572
ASP208A	-0.639840438184894	-0.00732295326325444	-0.922835821725647	-0.436004432248847	-0.831889346440992	-0.671060021886438	-1.55246795179553	-1.27994187866481	-1.26483378330393	-0.931322310789721	-0.658550527978775	-0.553938468452686	-0.984270928344937	-0.878464925776014	-0.832625027387912	-0.580434907202572
LEU264A	-0.186052893372913	0.480873930953719	0.016437279267378	0.531103365715324	-0.831889346440992	-0.671060021886438	-1.05805140663772	-0.699469371333833	-1.07061746341081	-1.10127163757617	-0.22957117358684	-0.3485012116824	-0.349257426186913	-0.0762138520079649	-0.437547908817135	-0.580434907202572
LEU265A	0.721522196251051	0.480873930953719	0.955710380260403	1.01465726469741	-0.0681991108552276	0.529313085904753	0.425198228835718	0.46147564332813	0.48311309573413	0.598221630288288	-0.120798630735324	-0.0377054615940922	0.920769578129135	-0.0762138520079649	-0.0424707902463585	-0.580434907202572
GLY187A	-1.09362798299688	-0.495519837480228	-1.1576540969739	-0.758373698236905	-0.831015558986089	-0.67023501007391	-1.05805140663772	-0.699469371333833	-1.07061746341081	-0.761372984003276	-0.657328364575949	-0.552735206301854	-0.349257426186913	-0.0762138520079649	-0.437547908817135	-0.580434907202572
LEU188A	-0.186052893372913	-0.495519837480228	-0.453199271229135	-0.274819799254819	-0.664122155099497	-0.644395573215198	-0.0692183163220934	-0.118996864002851	-0.487968503731458	-0.0815756768574939	-0.469115200540741	-0.553085689966398	0.920769578129135	-0.0762138520079649	-0.0424707902463585	-0.580434907202572
LYS101A	-1.09362798299688	-1.47191360591417	-0.805426684101519	-1.24192759721899	-0.664122155099497	-0.671060021886438	-1.05805140663772	-1.27994187866481	-1.07061746341081	-1.10127163757617	-0.658550527978775	-0.553938468452686	-0.984270928344937	-0.878464925776014	-0.832625027387912	-0.580434907202572
GLY226A	-1.09362798299688	-0.495519837480228	-1.50988150984629	-0.919558331230933	-0.498102538667809	-0.132548539589039	-1.05805140663772	-0.699469371333833	-1.07061746341081	-0.761372984003276	-0.658550527978775	-0.553938468452686	-0.984270928344937	-0.878464925776014	-0.832625027387912	-0.580434907202572
SER227A	-0.639840438184894	-0.495519837480228	-1.1576540969739	-0.758373698236905	-4.36893727451413e-05	0.132478053792927	-0.0692183163220934	-0.118996864002851	-0.487968503731458	-0.59142365721683	-0.658550527978775	-0.553938468452686	-0.984270928344937	-0.878464925776014	-0.832625027387912	-0.580434907202572
ARG158A	1.62909728587501	0.969070815170692	1.19052865550866	0.369918732721296	1.10005471635091	0.862906251446462	0.919614773993529	1.04194815065911	0.386004935787572	0.428272303501843	1.08914313806244	1.15293229815312	2.19079658244518	1.52828829552813	0.945222006180583	0.553965562900174
ILE254A	0.721522196251051	-0.00732295326325444	1.07311951788453	-0.11363516626079	0.209665299804124	0.563011887042906	-0.0692183163220934	0.46147564332813	-0.3908603437849	-0.251525003643939	1.08547664785396	1.24592911752615	0.285756075971111	-0.0762138520079649	0.747683446895195	-0.580434907202572
THR256A	0.267734651439069	0.480873930953719	1.07311951788453	1.01465726469741	0.155490477600099	0.921918970249846	-0.0692183163220934	-0.118996864002851	-0.196644023891782	-0.0815756768574939	-0.642662403742037	-0.527209940170135	-0.349257426186913	-0.0762138520079649	-0.0424707902463585	0.175832072865926
ASN235A	-0.186052893372913	0.480873930953719	-0.335790133605006	-0.11363516626079	-0.538296761593376	-0.30452903224151	-0.0692183163220934	0.46147564332813	-0.585076663678017	-0.421474330430385	-0.287012853519664	-0.0851541297700228	0.285756075971111	0.726037221760085	0.550144887609807	0.932099052934423
LYS139A	-0.639840438184894	-1.47191360591417	-0.570608408853263	-1.24192759721899	-0.692083353656413	-0.671060021886438	-0.563634861479905	-1.27994187866481	-0.876401143517694	-1.10127163757617	-0.658550527978775	-0.553938468452686	-0.984270928344937	-0.878464925776014	-0.832625027387912	-0.580434907202572
ILE195A	0.267734651439069	0.480873930953719	0.955710380260403	0.853472631703382	2.11801710131363	1.2826888799073	0.919614773993529	1.04194815065911	1.06576205541348	1.10806961064762	1.91043694476153	0.74753525484384	0.285756075971111	-0.0762138520079649	0.352606328324418	-0.580434907202572
VAL216A	1.17530974106303	1.94546458360464	0.838301242636275	1.65939579667352	1.49500664596735	2.7491834485936	0.919614773993529	1.62242065799009	1.16287021536004	1.78786691779341	1.99109972934805	3.87066098262808	1.55578308028716	2.33053936929618	1.53783768403675	2.44463301307142
ARG282A	2.082884830687	1.45726769938766	1.19052865550866	0.853472631703382	1.7955895304542	1.37553700829731	1.90844786430915	1.62242065799009	1.35708653525316	1.10806961064762	1.92999155920674	2.60914493918819	2.82581008460321	3.13279044306423	1.34029912475136	-0.202301417168323
PHE134A	0.721522196251051	0.480873930953719	1.30793779313279	0.531103365715324	-0.243830389290855	0.0873671442811028	0.425198228835718	0.46147564332813	0.774437575573807	1.10806961064762	0.161521115317487	0.550155353680386	0.920769578129135	-0.0762138520079649	1.34029912475136	0.932099052934423
GLU258A	-0.186052893372913	-0.495519837480228	0.603482967388019	-0.11363516626079	0.33898584312986	-0.286869771495138	0.425198228835718	-0.118996864002851	0.48311309573413	-0.0815756768574939	0.255627697335091	-0.112141424142793	-0.349257426186913	-0.0762138520079649	-0.0424707902463585	0.175832072865926
LYS164A	-0.639840438184894	-0.983716721697201	-0.570608408853263	-0.919558331230933	-0.337325646965543	-0.329699674591314	-0.0692183163220934	-0.699469371333833	-0.293752183838341	-0.59142365721683	-0.210016559141624	-0.056071674962495	0.285756075971111	-0.0762138520079649	-0.0424707902463585	-0.202301417168323
PRO152A	-0.186052893372913	-0.00732295326325444	-0.335790133605006	0.0475494667332384	-0.242956601835952	0.0705348946665279	-0.0692183163220934	0.46147564332813	0.288896775841013	0.938120283861179	0.0356382848264068	0.49867282679272	0.285756075971111	0.726037221760085	-0.0424707902463585	0.175832072865926
PRO153A	-1.09362798299688	-0.983716721697201	-1.1576540969739	-0.758373698236905	-0.831889346440992	-0.671060021886438	-1.55246795179553	-1.27994187866481	-1.26483378330393	-0.931322310789721	-0.658550527978775	-0.553938468452686	-0.984270928344937	-0.878464925776014	-0.832625027387912	-0.580434907202572
LEU194A	1.17530974106303	1.94546458360464	1.7775743436293	2.46531896164367	-0.54179191141299	-0.29630883412139	1.90844786430915	2.78336567265206	2.71660077450499	3.48736018565786	-0.388452415954224	-0.121482100924063	1.55578308028716	2.33053936929618	2.13045336189291	2.44463301307142
LEU252A	-0.186052893372913	0.480873930953719	-0.453199271229135	0.208734099727267	-0.0681991108552276	0.357045594110694	-0.0692183163220934	0.46147564332813	-0.487968503731458	-0.0815756768574939	-0.175795983862495	-0.039311797568027	0.285756075971111	0.726037221760085	-0.240009349531747	-0.202301417168323
GLY262A	-0.186052893372913	0.480873930953719	-0.922835821725647	-0.436004432248847	-0.497228751212905	-0.21241272283421	-0.563634861479905	-0.118996864002851	-0.682184823624576	-0.421474330430385	-0.658550527978775	-0.553938468452686	-0.984270928344937	-0.878464925776014	-0.832625027387912	-0.580434907202572
ASN239A	0.721522196251051	-0.00732295326325444	1.19052865550866	1.17584189769144	0.546947257396922	0.509518888787124	0.425198228835718	0.46147564332813	1.06576205541348	1.44796826422052	0.552613404221815	1.16791071929445	0.920769578129135	1.52828829552813	0.747683446895195	1.68836603300292
VAL274A	2.53667237549898	2.92185835203858	2.12980175650168	2.78768822763173	4.05957282610948	6.72153475716692	2.40286440946696	2.78336567265206	3.00792525434466	3.14746153208497	-0.0816894018448915	-0.171996433293491	1.55578308028716	1.52828829552813	1.34029912475136	1.68836603300292
PRO98A	0.267734651439069	0.480873930953719	0.603482967388019	0.208734099727267	1.2162684478531	2.08409903123851	0.425198228835718	0.46147564332813	0.677329415627248	0.598221630288288	2.75128536590583	4.04617847373478	1.55578308028716	2.33053936929618	1.34029912475136	1.31023254296867
VAL97A	0.267734651439069	0.480873930953719	-0.10097185835675	0.0475494667332384	-0.57062689742481	-0.345415643847958	-0.0692183163220934	-0.118996864002851	0.288896775841013	-0.421474330430385	0.0857469843422738	0.116414114798816	0.285756075971111	0.726037221760085	0.352606328324418	0.553965562900174
SER185A	-0.639840438184894	-0.983716721697201	-0.453199271229135	-0.436004432248847	-0.664122155099497	-0.487796951994653	-0.0692183163220934	-0.699469371333833	-0.00242770399866401	-0.59142365721683	-0.658550527978775	-0.553938468452686	-0.984270928344937	-0.878464925776014	-0.832625027387912	-0.580434907202572
PRO219A	-1.09362798299688	-0.495519837480228	-1.04024495934978	-0.274819799254819	-0.604704608166051	-0.394720247853854	-1.05805140663772	-0.699469371333833	-1.16772562335737	-0.761372984003276	-0.658550527978775	-0.553938468452686	-0.984270928344937	-0.878464925776014	-0.832625027387912	-0.580434907202572
VAL218A	0.721522196251051	1.45726769938766	0.486073829763891	1.33702653068547	0.685005675271694	0.95755531924858	0.425198228835718	1.04194815065911	0.580221255680689	1.44796826422052	-0.636551586727906	-0.535434102718612	-0.349257426186913	-0.0762138520079649	-0.240009349531747	0.175832072865926
ILE232A	0.721522196251051	0.480873930953719	1.42534693075692	1.33702653068547	0.343354780404378	-0.192734405500284	0.425198228835718	0.46147564332813	0.774437575573807	1.10806961064762	0.520837155748338	-0.132423603715362	1.55578308028716	1.52828829552813	1.93291480260752	1.68836603300292
TYR234A	0.721522196251051	-0.00732295326325444	1.54275606838104	0.369918732721296	0.830054392785695	-0.523416774396165	0.425198228835718	-0.118996864002851	0.580221255680689	-0.251525003643939	1.76866599003371	-0.338603937682155	2.82581008460321	1.52828829552813	2.92060759903447	2.44463301307142
ARG174A	-0.639840438184894	-0.495519837480228	-0.335790133605006	-0.597189065242876	-0.673733817103437	-0.565755793561329	-0.563634861479905	-0.118996864002851	-0.682184823624576	-0.421474330430385	-0.658550527978775	-0.553938468452686	-0.984270928344937	-0.878464925776014	-0.832625027387912	-0.580434907202572
ASN200A	-0.186052893372913	-0.983716721697201	-0.10097185835675	-0.436004432248847	-0.405481068448025	-0.46718189190039	-0.0692183163220934	-0.699469371333833	-0.00242770399866401	-0.421474330430385	-0.658550527978775	-0.553938468452686	-0.984270928344937	-0.878464925776014	-0.832625027387912	-0.580434907202572
VAL197A	2.53667237549898	2.43366146782161	2.01239261887756	2.6265035946377	1.65927868748923	1.77170502824839	2.40286440946696	2.20289316532107	2.03684365487907	1.44796826422052	2.24042106352455	3.05235680905459	2.19079658244518	2.33053936929618	2.92060759903447	2.06649952303717
ASN288A	-0.639840438184894	-0.00732295326325444	-1.50988150984629	-0.919558331230933	-0.664122155099497	-0.466889448814274	-1.05805140663772	-0.699469371333833	-1.26483378330393	-0.931322310789721	-0.658550527978775	-0.553938468452686	-0.984270928344937	-0.878464925776014	-0.832625027387912	-0.580434907202572
LYS291A	-1.54741552780886	-0.983716721697201	-1.50988150984629	-0.919558331230933	-0.664122155099497	-0.604565137887657	-1.05805140663772	-0.699469371333833	-1.26483378330393	-0.931322310789721	-0.658550527978775	-0.553938468452686	-0.984270928344937	-0.878464925776014	-0.832625027387912	-0.580434907202572
LEU130A	0.721522196251051	0.969070815170692	-0.218380995980878	0.0475494667332384	-0.326840197506699	-0.180242355620783	0.919614773993529	1.62242065799009	0.288896775841013	0.938120283861179	-0.658550527978775	-0.553938468452686	-0.984270928344937	-0.878464925776014	-0.832625027387912	-0.580434907202572
SER127A	0.267734651439069	-0.00732295326325444	-0.218380995980878	-0.11363516626079	-0.166063305804433	-0.479249219951752	0.919614773993529	0.46147564332813	0.48311309573413	0.0883736499289516	-0.295567997339446	-0.553938468452686	-0.349257426186913	-0.878464925776014	0.15506776903903	-0.958568397236821
LEU114A	-1.09362798299688	-0.495519837480228	-0.453199271229135	-0.274819799254819	-0.51033556303646	-0.372448010430596	-0.563634861479905	-0.118996864002851	-0.585076663678017	-0.251525003643939	-0.658550527978775	-0.553938468452686	-0.984270928344937	-0.878464925776014	-0.832625027387912	-0.580434907202572
ALA276A	-0.186052893372913	-0.495519837480228	-0.10097185835675	-0.274819799254819	-0.386257744440146	-0.671060021886438	-0.563634861479905	-1.27994187866481	-0.196644023891782	-1.10127163757617	-0.0816894018448915	-0.553938468452686	-0.349257426186913	-0.878464925776014	-0.635086468102523	-0.958568397236821
GLN136A	0.267734651439069	-0.495519837480228	0.486073829763891	-0.597189065242876	1.20927814821387	0.0782039907865136	0.919614773993529	-0.118996864002851	1.2599783753066	-0.59142365721683	0.567279365055727	0.416512712267631	0.285756075971111	-0.0762138520079649	-0.437547908817135	-0.958568397236821
GLY266A	1.17530974106303	1.94546458360464	0.838301242636275	1.17584189769144	0.140636090866738	0.89795379957169	0.425198228835718	1.04194815065911	0.0946804559478949	-0.0815756768574939	0.0527485724659712	0.642677182350755	0.285756075971111	0.726037221760085	0.15506776903903	0.175832072865926
TYR103A	-0.186052893372913	-1.47191360591417	-0.335790133605006	-1.24192759721899	0.00519903535667658	-0.671060021886438	-0.0692183163220934	-1.27994187866481	-0.3908603437849	-1.10127163757617	-0.134242428166411	-0.553938468452686	-0.349257426186913	-0.878464925776014	-0.635086468102523	-0.958568397236821
ALA159A	0.267734651439069	0.969070815170692	0.955710380260403	1.17584189769144	-0.588102646522882	-0.434025356857018	-0.0692183163220934	0.46147564332813	-0.00242770399866401	0.428272303501843	-0.320011265395966	-0.0549510594811701	1.55578308028716	2.33053936929618	2.52553048046369	3.20089999313992
THR125A	1.62909728587501	2.43366146782161	1.54275606838104	2.6265035946377	-0.159946793620108	-0.0107948535286828	1.41403131915134	2.20289316532107	1.06576205541348	1.95781624457985	0.178631402957052	0.417479697535749	1.55578308028716	2.33053936929618	0.945222006180583	-0.202301417168323
CYS275A	1.17530974106303	0.969070815170692	0.838301242636275	1.01465726469741	0.401024752428017	0.248692594173729	0.919614773993529	1.04194815065911	1.06576205541348	1.61791759100696	0.341179135532913	-0.375719767356956	0.920769578129135	0.726037221760085	1.34029912475136	0.932099052934423
PRO151A	0.721522196251051	0.480873930953719	-0.10097185835675	-0.436004432248847	0.805588344048393	0.915055804981823	1.41403131915134	1.04194815065911	0.871545735520366	-0.0815756768574939	1.35557475987851	1.44453303082729	1.55578308028716	0.726037221760085	1.53783768403675	0.553965562900174
TYR220A	0.267734651439069	-0.495519837480228	0.955710380260403	-0.436004432248847	1.0004429464919	-0.666830874119704	0.425198228835718	-0.699469371333833	1.16287021536004	-0.421474330430385	0.591722633112248	-0.455248517870959	1.55578308028716	0.726037221760085	1.53783768403675	0.553965562900174
CYS277A	-0.186052893372913	-0.495519837480228	-0.10097185835675	-0.919558331230933	-0.0114029262864922	-0.456692967153039	-0.563634861479905	-0.699469371333833	-0.585076663678017	-0.931322310789721	-0.658550527978775	-0.553938468452686	-0.984270928344937	-0.878464925776014	-0.832625027387912	-0.580434907202572
PRO278A	1.62909728587501	1.45726769938766	1.30793779313279	1.82058042966755	0.705102786734477	0.906376562107655	1.90844786430915	1.62242065799009	1.64841101509284	0.938120283861179	0.19451952719379	0.881177896256596	0.285756075971111	0.726037221760085	-0.240009349531747	-0.202301417168323
VAL122A	0.267734651439069	0.969070815170692	0.603482967388019	1.65939579667352	-0.538296761593376	-0.427485707116147	0.425198228835718	1.04194815065911	0.48311309573413	1.78786691779341	-0.569332599572475	-0.503852972689118	-0.349257426186913	-0.0762138520079649	-0.832625027387912	-0.580434907202572
ALA189A	0.721522196251051	0.969070815170692	0.133846416891506	0.692287998709353	0.781122295311092	0.840801075241252	0.425198228835718	0.46147564332813	0.580221255680689	0.768170957074733	0.363178076783781	0.866644667306566	0.920769578129135	1.52828829552813	0.747683446895195	0.932099052934423
ARG110A	0.721522196251051	0.480873930953719	0.603482967388019	0.531103365715324	0.0183058471802309	0.141283300461694	0.919614773993529	1.04194815065911	0.677329415627248	1.10806961064762	0.0197501605896685	0.260253623846563	0.285756075971111	-0.0762138520079649	0.550144887609807	-0.202301417168323
GLN104A	-0.639840438184894	-0.983716721697201	-0.335790133605006	-0.597189065242876	-0.581112346883653	-0.297485302491645	-0.563634861479905	-0.699469371333833	-0.293752183838341	-0.421474330430385	-0.658550527978775	-0.553938468452686	-0.984270928344937	-0.878464925776014	-0.832625027387912	-0.580434907202572
ALA161A	0.721522196251051	1.45726769938766	0.838301242636275	1.4982111636795	0.86762725334655	0.54035501844955	0.425198228835718	1.04194815065911	0.774437575573807	2.29771489815274	-0.658550527978775	-0.553938468452686	-0.349257426186913	-0.0762138520079649	-0.240009349531747	-0.580434907202572
ASP207A	-0.639840438184894	-0.495519837480228	-0.688017546477391	-0.597189065242876	-0.682471691652473	-0.619388927930776	-0.563634861479905	-0.118996864002851	-0.682184823624576	-0.421474330430385	-0.658550527978775	-0.553938468452686	-0.984270928344937	-0.878464925776014	-0.832625027387912	-0.580434907202572
LEU206A	0.267734651439069	-0.00732295326325444	0.133846416891506	-0.11363516626079	-0.0987816717768543	-0.349599554085776	0.425198228835718	-0.118996864002851	-0.00242770399866401	-0.251525003643939	-0.0474688265657628	-0.0850952252173915	0.285756075971111	0.726037221760085	0.15506776903903	0.553965562900174
ASN131A	-0.639840438184894	-0.495519837480228	-0.570608408853263	-0.758373698236905	-0.330335347326314	0.0450756666137679	-0.0692183163220934	-0.118996864002851	-0.196644023891782	-0.59142365721683	-0.0376915193431546	0.490530175203926	0.285756075971111	0.726037221760085	-0.437547908817135	-0.580434907202572
PHE270A	1.62909728587501	-0.00732295326325444	1.54275606838104	0.531103365715324	3.01801817986436	0.671483226577851	1.90844786430915	0.46147564332813	1.84262733498595	0.768170957074733	1.77599897045067	1.28796595914512	0.285756075971111	-0.0762138520079649	0.352606328324418	0.932099052934423
GLY244A	-0.639840438184894	-0.00732295326325444	-1.04024495934978	-0.274819799254819	-0.498976326122713	-0.465998307422357	-0.563634861479905	-0.118996864002851	-0.779292983571135	-0.0815756768574939	-0.301678814353576	-0.333091094876022	-0.349257426186913	-0.0762138520079649	-0.635086468102523	-0.202301417168323
GLY245A	0.721522196251051	1.45726769938766	0.368664692139762	1.01465726469741	-0.0306262502943719	0.288182259578888	0.425198228835718	1.04194815065911	0.386004935787572	1.44796826422052	-0.658550527978775	-0.553938468452686	-0.984270928344937	-0.878464925776014	-0.832625027387912	-0.580434907202572
VAL272A	1.62909728587501	1.94546458360464	2.24721089412581	2.14294969565561	-0.101403034141565	0.30151689780167	0.425198228835718	0.46147564332813	0.968653895466925	0.938120283861179	0.977926268405271	2.11069019725395	1.55578308028716	1.52828829552813	1.93291480260752	2.44463301307142
PRO223A	-0.186052893372913	0.480873930953719	-0.688017546477391	-0.274819799254819	-0.331209134781217	0.0682682711281071	-0.0692183163220934	0.46147564332813	-0.196644023891782	-0.0815756768574939	-0.658550527978775	-0.553938468452686	-0.984270928344937	-0.878464925776014	-0.832625027387912	-0.580434907202572
ARG283A	-0.639840438184894	-0.00732295326325444	-0.453199271229135	0.369918732721296	-0.738394088766305	-0.520220418206276	-1.05805140663772	-0.699469371333833	-0.973509303464253	-0.761372984003276	-0.423895154636178	-0.302192875570006	0.920769578129135	1.52828829552813	-0.240009349531747	-0.580434907202572
LYS132A	-0.639840438184894	-0.495519837480228	-0.335790133605006	-0.597189065242876	0.615976466334308	0.993289963800362	-0.563634861479905	-0.118996864002851	-0.585076663678017	-0.0815756768574939	0.859376418331147	1.28314198908527	-0.349257426186913	-0.0762138520079649	-0.437547908817135	-0.202301417168323
ALA138A	-0.639840438184894	-0.00732295326325444	-0.453199271229135	-0.274819799254819	-0.734025151491787	-0.552572307055668	-0.563634861479905	-0.118996864002851	-0.682184823624576	-0.59142365721683	-0.658550527978775	-0.553938468452686	-0.984270928344937	-0.878464925776014	-0.832625027387912	-0.580434907202572
GLU198A	-0.186052893372913	-0.495519837480228	-0.10097185835675	-0.436004432248847	-0.251694476384988	-0.227971164431028	-0.0692183163220934	-0.118996864002851	-0.585076663678017	-0.251525003643939	0.100412945176186	0.0922971896738206	0.285756075971111	0.726037221760085	-0.437547908817135	0.175832072865926
GLY154A	-0.186052893372913	0.480873930953719	-0.10097185835675	0.531103365715324	-0.354801396063615	0.0986448716590588	-0.0692183163220934	0.46147564332813	-0.0995358639452229	0.428272303501843	-0.658550527978775	-0.553938468452686	-0.349257426186913	-0.0762138520079649	-0.635086468102523	-0.958568397236821
SER260A	-0.639840438184894	-0.983716721697201	-0.805426684101519	-1.24192759721899	-0.675481392013244	-0.671060021886438	-1.05805140663772	-1.27994187866481	-1.07061746341081	-1.10127163757617	-0.658550527978775	-0.553938468452686	-0.984270928344937	-0.878464925776014	-0.832625027387912	-0.580434907202572
VAL157A	1.62909728587501	1.94546458360464	1.42534693075692	2.14294969565561	2.70869742082848	2.25760661355938	1.41403131915134	1.62242065799009	0.968653895466925	1.10806961064762	1.12458587674439	1.06516699915091	0.920769578129135	1.52828829552813	0.945222006180583	1.68836603300292
GLY112A	-0.186052893372913	0.480873930953719	0.251255554515634	1.01465726469741	1.00918082104094	1.72807249261056	-0.563634861479905	-0.118996864002851	-0.585076663678017	-0.421474330430385	-0.658550527978775	-0.553938468452686	-0.984270928344937	-0.878464925776014	-0.832625027387912	-0.580434907202572
PHE113A	0.267734651439069	-0.00732295326325444	0.720892105012147	0.531103365715324	1.88821100067398	3.2394919464198	-0.0692183163220934	-0.118996864002851	0.191788615894454	-0.421474330430385	0.81537853582941	1.92564653991321	-0.349257426186913	-0.0762138520079649	-0.437547908817135	-0.958568397236821
VAL172A	-0.186052893372913	0.480873930953719	0.133846416891506	1.01465726469741	-0.648393980911232	-0.375019678215093	-0.0692183163220934	0.46147564332813	-0.00242770399866401	0.258322976715397	-0.213683049350102	-0.0566474519551548	-0.349257426186913	-0.0762138520079649	-0.437547908817135	0.175832072865926
SER261A	-0.186052893372913	-1.47191360591417	-0.922835821725647	-1.24192759721899	-0.831889346440992	-0.671060021886438	-1.05805140663772	-1.27994187866481	-1.07061746341081	-1.10127163757617	-0.658550527978775	-0.553938468452686	-0.984270928344937	-0.878464925776014	-0.832625027387912	-0.580434907202572
GLU204A	-0.639840438184894	-0.983716721697201	-0.218380995980878	-0.919558331230933	-0.664122155099497	-0.644168252332642	-0.0692183163220934	-0.699469371333833	-0.00242770399866401	-0.761372984003276	-0.658550527978775	-0.553938468452686	-0.984270928344937	-0.878464925776014	-0.832625027387912	-0.580434907202572
ASP259A	0.267734651439069	0.480873930953719	-0.570608408853263	-0.758373698236905	-0.290141124400747	-0.557845280876751	-0.563634861479905	-0.699469371333833	-0.682184823624576	-0.761372984003276	-0.658550527978775	-0.553938468452686	-0.984270928344937	-0.878464925776014	-0.832625027387912	-0.580434907202572
LEU145A	0.267734651439069	0.969070815170692	1.42534693075692	1.82058042966755	0.671025075993236	0.674100100167799	0.425198228835718	1.04194815065911	0.677329415627248	1.44796826422052	0.597833450126378	0.582023983555735	0.285756075971111	0.726037221760085	0.352606328324418	0.553965562900174
HIS214A	-0.186052893372913	-0.00732295326325444	-0.570608408853263	-0.597189065242876	-0.0751894104944565	-0.327586191770411	0.425198228835718	0.46147564332813	-0.293752183838341	-0.251525003643939	-0.658550527978775	-0.553938468452686	-0.984270928344937	-0.878464925776014	-0.832625027387912	-0.580434907202572
ASP148A	-0.639840438184894	-0.495519837480228	-0.453199271229135	-0.11363516626079	-0.664122155099497	-0.604242783080796	-0.0692183163220934	-0.118996864002851	0.288896775841013	0.428272303501843	-0.658550527978775	-0.553938468452686	-0.984270928344937	-0.878464925776014	-0.832625027387912	-0.580434907202572
HIS193A	0.721522196251051	0.969070815170692	0.251255554515634	0.369918732721296	-0.0437330621179262	0.6005037399781	0.425198228835718	1.04194815065911	0.48311309573413	0.598221630288288	-0.658550527978775	-0.553938468452686	-0.984270928344937	-0.878464925776014	-0.832625027387912	-0.580434907202572
ASP186A	-0.186052893372913	-0.00732295326325444	-0.335790133605006	-0.274819799254819	-0.231597364922205	0.228690852765903	-0.0692183163220934	-0.118996864002851	-0.00242770399866401	-0.251525003643939	-0.470337363943567	-0.237308210336311	-0.349257426186913	-0.0762138520079649	-0.437547908817135	-0.580434907202572
ASN263A	-0.639840438184894	-0.495519837480228	-1.04024495934978	-0.758373698236905	-0.620432782354316	-0.615108852226784	-0.0692183163220934	-0.118996864002851	-0.876401143517694	-0.931322310789721	-0.658550527978775	-0.553938468452686	-0.984270928344937	-0.878464925776014	-0.832625027387912	-0.580434907202572
GLU221A	-0.639840438184894	-0.983716721697201	-0.922835821725647	-1.24192759721899	-0.749753325680052	-0.671060021886438	-0.563634861479905	-1.27994187866481	-0.779292983571135	-1.10127163757617	-0.445894095887047	-0.51476931104431	0.285756075971111	-0.0762138520079649	-0.240009349531747	-0.580434907202572
PRO222A	-0.186052893372913	-0.983716721697201	-0.453199271229135	-1.24192759721899	-0.831889346440992	-0.671060021886438	-1.05805140663772	-1.27994187866481	-0.973509303464253	-1.10127163757617	-0.400674049982484	-0.251804880099255	0.285756075971111	-0.0762138520079649	0.15506776903903	-0.580434907202572
THR123A	-0.639840438184894	-0.00732295326325444	-0.570608408853263	0.208734099727267	-0.664122155099497	-0.518613579181001	-0.0692183163220934	0.46147564332813	-0.00242770399866401	0.598221630288288	-0.569332599572475	-0.453932997706543	-0.349257426186913	-0.0762138520079649	-0.832625027387912	-0.580434907202572
TYR107A	-0.186052893372913	-0.983716721697201	-0.218380995980878	-0.919558331230933	-0.676355179468148	-0.592060042581898	-0.0692183163220934	-0.699469371333833	-0.293752183838341	-0.59142365721683	-0.444671932484221	-0.438718681814321	-0.349257426186913	-0.0762138520079649	-0.635086468102523	-0.202301417168323
MET133A	0.267734651439069	0.969070815170692	0.603482967388019	1.17584189769144	0.0855874812078097	0.177105163343317	0.919614773993529	1.62242065799009	0.871545735520366	1.78786691779341	-0.658550527978775	-0.553938468452686	-0.984270928344937	-0.878464925776014	-0.832625027387912	-0.580434907202572
GLY105A	0.721522196251051	1.45726769938766	0.016437279267378	0.531103365715324	-0.287519762036036	0.207192997671885	0.919614773993529	1.62242065799009	0.288896775841013	0.428272303501843	-0.134242428166411	0.3281029648715	0.285756075971111	0.726037221760085	-0.240009349531747	-0.580434907202572
ARG209A	-1.09362798299688	-0.495519837480228	-1.04024495934978	-0.597189065242876	-0.534801611773761	-0.431408315104873	-1.05805140663772	-0.699469371333833	-0.973509303464253	-0.761372984003276	-0.243014971017927	-0.204411560142402	-0.349257426186913	-0.0762138520079649	-0.635086468102523	-0.202301417168323
LEU111A	2.53667237549898	2.43366146782161	1.89498348125343	2.30413432864964	0.466558811545788	1.19540385916528	1.41403131915134	2.20289316532107	1.16287021536004	1.61791759100696	0.269071494766177	0.830804900647172	1.55578308028716	2.33053936929618	1.14276056546597	0.553965562900174
HIS115A	-1.54741552780886	-1.47191360591417	-1.39247237222216	-1.24192759721899	-0.831889346440992	-0.671060021886438	-1.55246795179553	-1.27994187866481	-1.26483378330393	-0.931322310789721	-0.658550527978775	-0.553938468452686	-0.984270928344937	-0.878464925776014	-0.832625027387912	-0.580434907202572
SER116A	-0.186052893372913	-0.983716721697201	-0.218380995980878	-1.24192759721899	-0.540044336503183	-0.671060021886438	-0.563634861479905	-1.27994187866481	-0.0995358639452229	-1.10127163757617	-0.191684108099234	-0.553938468452686	0.920769578129135	-0.878464925776014	1.14276056546597	-0.958568397236821
VAL143A	0.721522196251051	1.45726769938766	1.42534693075692	1.82058042966755	-0.0148980761061067	0.386931777758059	0.425198228835718	1.04194815065911	0.774437575573807	1.61791759100696	0.0331939580207548	0.609780532156846	-0.349257426186913	-0.0762138520079649	0.15506776903903	0.175832072865926
GLU285A	0.267734651439069	-0.00732295326325444	0.368664692139762	-0.274819799254819	-0.290141124400747	-0.49079113648677	0.425198228835718	0.46147564332813	0.0946804559478949	0.0883736499289516	-0.658550527978775	-0.553938468452686	-0.349257426186913	-0.0762138520079649	-0.0424707902463585	-0.202301417168323
THR284A	-0.639840438184894	-0.495519837480228	-0.570608408853263	-0.436004432248847	-0.831889346440992	-0.671060021886438	-1.55246795179553	-1.27994187866481	-1.26483378330393	-0.931322310789721	0.221407122055962	0.92641079027322	-0.349257426186913	-0.0762138520079649	-0.635086468102523	-0.958568397236821
GLY108A	1.17530974106303	1.45726769938766	0.368664692139762	0.369918732721296	-0.283150824761518	0.0568555683185181	1.41403131915134	1.62242065799009	1.16287021536004	0.938120283861179	-0.271124729282925	0.0978264135141369	-0.349257426186913	-0.0762138520079649	-0.240009349531747	-0.580434907202572
PHE109A	0.721522196251051	-0.495519837480228	1.89498348125343	0.531103365715324	-0.124995295423963	-0.297485302491645	0.919614773993529	-0.699469371333833	1.06576205541348	-0.761372984003276	0.104079435384664	-0.378146993978984	1.55578308028716	-0.0762138520079649	0.945222006180583	0.553965562900174
ALA129A	-0.186052893372913	-0.00732295326325444	-0.688017546477391	0.0475494667332384	-0.831015558986089	-0.670355163925315	-0.563634861479905	-0.699469371333833	-0.682184823624576	-0.761372984003276	-0.658550527978775	-0.553938468452686	-0.984270928344937	-0.878464925776014	-0.832625027387912	-0.580434907202572
CYS135A	1.62909728587501	1.45726769938766	2.12980175650168	2.30413432864964	-0.279655674941904	-0.440147109476707	1.90844786430915	1.62242065799009	2.61949261455843	2.1277655713663	-0.454449239706829	-0.553938468452686	0.285756075971111	-0.0762138520079649	-0.0424707902463585	-0.580434907202572
GLN144A	1.17530974106303	-0.00732295326325444	0.838301242636275	-0.274819799254819	2.10141513967046	0.0241339129432408	0.425198228835718	-0.118996864002851	0.0946804559478949	-0.421474330430385	0.654052966656375	-0.553938468452686	-0.349257426186913	-0.878464925776014	-0.635086468102523	-0.958568397236821
GLN100A	-0.639840438184894	-0.495519837480228	-0.688017546477391	-0.758373698236905	-0.513830712856074	-0.467073921841877	-0.563634861479905	-0.118996864002851	-0.682184823624576	-0.251525003643939	0.0576372260772753	-0.256429087675215	0.285756075971111	-0.0762138520079649	-0.437547908817135	-0.202301417168323
SER215A	0.267734651439069	-0.495519837480228	0.720892105012147	-0.11363516626079	-0.17742254271818	-0.393463452191494	0.425198228835718	-0.118996864002851	0.288896775841013	-0.0815756768574939	-0.134242428166411	-0.149069786038288	0.285756075971111	-0.0762138520079649	0.747683446895195	0.175832072865926
MET169A	0.267734651439069	-0.495519837480228	-0.10097185835675	-0.919558331230933	-0.394995618989182	-0.390526553359782	0.425198228835718	-0.118996864002851	0.386004935787572	-0.59142365721683	-0.261347422060317	-0.553938468452686	0.920769578129135	-0.878464925776014	0.352606328324418	-0.958568397236821
SER95A	-1.54741552780886	-1.47191360591417	-1.27506323459803	-1.24192759721899	-0.831889346440992	-0.671060021886438	-1.55246795179553	-1.27994187866481	-1.26483378330393	-0.931322310789721	-0.658550527978775	-0.553938468452686	-0.984270928344937	-0.878464925776014	-0.832625027387912	-0.580434907202572
HIS168A	-0.639840438184894	-0.495519837480228	-0.805426684101519	-0.274819799254819	-0.335578072055736	-0.252237674889244	-0.563634861479905	-0.699469371333833	-0.487968503731458	-0.251525003643939	0.0344161214235808	0.0569050011939361	-0.349257426186913	-0.0762138520079649	-0.240009349531747	0.175832072865926
SER240A	-0.639840438184894	-0.495519837480228	0.251255554515634	0.369918732721296	-0.664122155099497	-0.449734622094051	-0.0692183163220934	-0.118996864002851	0.48311309573413	0.428272303501843	-0.466670873735089	-0.231140088424953	-0.349257426186913	-0.0762138520079649	-0.240009349531747	0.175832072865926
SER269A	-1.54741552780886	-1.47191360591417	-1.50988150984629	-1.24192759721899	-0.664122155099497	-0.671060021886438	-1.05805140663772	-1.27994187866481	-1.07061746341081	-1.10127163757617	-0.423895154636178	-0.553938468452686	-0.349257426186913	-0.878464925776014	-0.635086468102523	-0.958568397236821
ASN210A	-1.09362798299688	-1.47191360591417	-0.922835821725647	-1.24192759721899	-0.831889346440992	-0.671060021886438	-1.55246795179553	-1.27994187866481	-1.26483378330393	-0.931322310789721	-0.658550527978775	-0.553938468452686	-0.984270928344937	-0.878464925776014	-0.832625027387912	-0.580434907202572
ALA119A	-0.186052893372913	-0.495519837480228	-0.453199271229135	-0.758373698236905	-0.498102538667809	-0.132548539589039	-0.563634861479905	-0.699469371333833	-0.682184823624576	-0.761372984003276	-0.658550527978775	-0.553938468452686	-0.984270928344937	-0.878464925776014	-0.832625027387912	-0.580434907202572
LYS120A	-1.54741552780886	-1.47191360591417	-1.39247237222216	-1.24192759721899	-0.831889346440992	-0.671060021886438	-1.55246795179553	-1.27994187866481	-1.26483378330393	-0.931322310789721	-0.658550527978775	-0.553938468452686	-0.984270928344937	-0.878464925776014	-0.832625027387912	-0.580434907202572
HIS178A	-0.639840438184894	-1.47191360591417	-0.570608408853263	-1.24192759721899	-0.664122155099497	-0.671060021886438	-1.05805140663772	-1.27994187866481	-0.779292983571135	-1.10127163757617	-0.423895154636178	-0.553938468452686	-0.349257426186913	-0.878464925776014	-0.240009349531747	-0.958568397236821
ILE255A	1.62909728587501	0.480873930953719	2.36462003174994	1.01465726469741	0.219276961808064	0.0762639511562029	0.919614773993529	-0.118996864002851	0.968653895466925	-0.251525003643939	1.20036000771961	1.10029840576672	1.55578308028716	0.726037221760085	2.52553048046369	2.06649952303717
ARG280A	0.267734651439069	-0.495519837480228	-0.218380995980878	-0.758373698236905	-0.291014911855651	-0.0128129207504907	-1.05805140663772	-0.699469371333833	-1.16772562335737	-0.931322310789721	0.228740102472919	-0.553938468452686	0.285756075971111	-0.878464925776014	-0.240009349531747	-0.958568397236821
PHE212A	-1.09362798299688	-1.47191360591417	-1.04024495934978	-1.24192759721899	-0.664122155099497	-0.671060021886438	-1.05805140663772	-1.27994187866481	-1.07061746341081	-1.10127163757617	-0.658550527978775	-0.553938468452686	-0.984270928344937	-0.878464925776014	-0.832625027387912	-0.580434907202572
LEU257A	-0.186052893372913	-0.00732295326325444	0.603482967388019	0.692287998709353	0.0908302059372314	-0.327889540516639	0.425198228835718	0.46147564332813	0.968653895466925	1.61791759100696	0.214074141639006	-0.405014581928786	0.920769578129135	0.726037221760085	0.945222006180583	1.31023254296867
THR155A	1.62909728587501	1.94546458360464	1.07311951788453	1.33702653068547	0.206170149984509	0.332612831337177	2.40286440946696	2.78336567265206	1.7455191750394	1.95781624457985	0.157854625109009	0.670572790619117	1.55578308028716	2.33053936929618	1.53783768403675	1.31023254296867
THR150A	-1.54741552780886	-0.983716721697201	-1.1576540969739	-0.758373698236905	-0.664122155099497	-0.568336173905788	-1.05805140663772	-0.699469371333833	-0.779292983571135	-0.421474330430385	-0.658550527978775	-0.553938468452686	-0.984270928344937	-0.878464925776014	-0.832625027387912	-0.580434907202572
ILE251A	0.721522196251051	0.480873930953719	1.19052865550866	1.65939579667352	-0.554024935781641	-0.51528641247842	0.919614773993529	1.04194815065911	1.2599783753066	1.95781624457985	-0.605997501657256	-0.465528721056555	0.285756075971111	0.726037221760085	0.550144887609807	0.932099052934423
PRO177A	-0.639840438184894	-0.00732295326325444	-0.922835821725647	-0.274819799254819	-0.157325431255397	0.126262102243325	-0.563634861479905	-0.118996864002851	-0.585076663678017	0.0883736499289516	0.284959619002916	0.608938861807587	0.285756075971111	0.726037221760085	-0.0424707902463585	0.932099052934423
ASP228A	-0.639840438184894	-1.47191360591417	-0.805426684101519	-1.24192759721899	-0.664122155099497	-0.671060021886438	-0.0692183163220934	-1.27994187866481	-0.3908603437849	-1.10127163757617	-0.433672461858786	-0.553938468452686	-0.349257426186913	-0.878464925776014	-0.240009349531747	-0.958568397236821
PRO190A	0.267734651439069	-0.00732295326325444	0.368664692139762	0.208734099727267	0.323257668941595	1.19258442732079	-1.05805140663772	-0.699469371333833	-0.682184823624576	-0.59142365721683	-0.541222841307477	-0.431121350195411	-0.349257426186913	-0.0762138520079649	-0.437547908817135	0.175832072865926
SER99A	-0.186052893372913	-0.00732295326325444	-0.335790133605006	-0.597189065242876	-0.519073437585496	-0.536843842111922	-0.563634861479905	-0.699469371333833	-0.779292983571135	-0.761372984003276	-0.387230252551398	-0.0974974470121979	-0.349257426186913	-0.0762138520079649	-0.635086468102523	-0.580434907202572
GLU286A	-0.639840438184894	-0.495519837480228	-0.218380995980878	-0.11363516626079	-0.827520409166474	-0.667861693914828	-0.563634861479905	-0.699469371333833	-0.3908603437849	-0.59142365721683	-0.430005971650308	-0.466421628807923	-0.349257426186913	-0.0762138520079649	0.15506776903903	0.932099052934423
VAL147A	1.17530974106303	0.969070815170692	0.603482967388019	0.0475494667332384	-0.623054144719027	-0.362332234914892	1.41403131915134	1.04194815065911	1.16287021536004	-0.251525003643939	-0.230793336989666	0.159507632627716	0.920769578129135	1.52828829552813	1.34029912475136	0.932099052934423
SER149A	-0.639840438184894	-0.983716721697201	-0.453199271229135	-1.08074296422496	-0.664122155099497	-0.669650305964193	-0.0692183163220934	-0.699469371333833	0.0946804559478949	-0.931322310789721	-0.658550527978775	-0.553938468452686	-0.984270928344937	-0.878464925776014	-0.832625027387912	-0.580434907202572
GLY117A	-0.639840438184894	-0.00732295326325444	-0.335790133605006	0.208734099727267	-0.588102646522882	-0.46176478296001	-1.05805140663772	-0.699469371333833	-0.779292983571135	-0.0815756768574939	-0.599886684643126	-0.455248517870959	-0.349257426186913	-0.0762138520079649	-0.437547908817135	-0.958568397236821
LEU289A	-1.09362798299688	-0.495519837480228	-0.922835821725647	-0.274819799254819	-0.664122155099497	-0.535727293350966	-0.563634861479905	-0.118996864002851	-0.682184823624576	-0.0815756768574939	-0.658550527978775	-0.553938468452686	-0.984270928344937	-0.878464925776014	-0.832625027387912	-0.580434907202572
SER183A	-1.54741552780886	-1.47191360591417	-1.50988150984629	-1.24192759721899	-0.831889346440992	-0.671060021886438	-1.55246795179553	-1.27994187866481	-1.26483378330393	-0.931322310789721	-0.423895154636178	-0.553938468452686	-0.349257426186913	-0.878464925776014	-0.635086468102523	-0.958568397236821
GLN192A	0.721522196251051	-0.00732295326325444	-0.335790133605006	-0.11363516626079	-0.829267984076281	-0.671060021886438	-0.0692183163220934	-0.699469371333833	-0.585076663678017	-0.761372984003276	-0.658550527978775	-0.553938468452686	-0.984270928344937	-0.878464925776014	-0.832625027387912	-0.580434907202572
PRO191A	-0.639840438184894	-0.495519837480228	-0.218380995980878	-0.436004432248847	0.0357815962783033	-0.671060021886438	-1.05805140663772	-1.27994187866481	-0.779292983571135	-1.10127163757617	-0.658550527978775	-0.553938468452686	-0.984270928344937	-0.878464925776014	-0.832625027387912	-0.580434907202572
ARG202A	-1.09362798299688	-0.495519837480228	-1.39247237222216	-0.919558331230933	-0.529558887044339	-0.459638086822425	-0.563634861479905	-0.118996864002851	-1.07061746341081	-0.931322310789721	-0.658550527978775	-0.553938468452686	-0.984270928344937	-0.878464925776014	-0.832625027387912	-0.580434907202572
SER166A	-1.54741552780886	-0.983716721697201	-1.50988150984629	-1.08074296422496	-0.831889346440992	-0.671060021886438	-1.55246795179553	-1.27994187866481	-1.26483378330393	-0.931322310789721	-0.658550527978775	-0.553938468452686	-0.984270928344937	-0.878464925776014	-0.832625027387912	-0.580434907202572
MET160A	0.721522196251051	-0.495519837480228	1.07311951788453	0.208734099727267	-0.346937308969483	0.00983276855765541	0.425198228835718	-0.118996864002851	0.871545735520366	0.428272303501843	-0.441005442275743	-0.187963235045448	0.920769578129135	-0.0762138520079649	1.14276056546597	-0.202301417168323
THR102A	-1.09362798299688	-0.495519837480228	-1.1576540969739	-1.08074296422496	-0.664122155099497	-0.535727293350966	-1.05805140663772	-0.699469371333833	-1.16772562335737	-0.931322310789721	-0.658550527978775	-0.553938468452686	-0.984270928344937	-0.878464925776014	-0.832625027387912	-0.580434907202572
GLY199A	-1.09362798299688	-0.495519837480228	-1.1576540969739	-0.758373698236905	-0.664122155099497	-0.400394564815494	-0.563634861479905	-0.118996864002851	-0.779292983571135	-0.59142365721683	-0.658550527978775	-0.553938468452686	-0.984270928344937	-0.878464925776014	-0.832625027387912	-0.580434907202572
SER106A	-1.54741552780886	-1.47191360591417	-1.1576540969739	-1.24192759721899	-0.664122155099497	-0.671060021886438	-1.05805140663772	-1.27994187866481	-0.876401143517694	-1.10127163757617	-0.658550527978775	-0.553938468452686	-0.984270928344937	-0.878464925776014	-0.832625027387912	-0.580434907202572
LEU93A	-1.09362798299688	-0.495519837480228	-1.50988150984629	-1.08074296422496	-0.330335347326314	0.138116917481905	-0.563634861479905	-0.118996864002851	-0.973509303464253	-0.931322310789721	-0.191684108099234	0.231469054926892	-0.349257426186913	-0.0762138520079649	-0.437547908817135	-0.580434907202572
SER96A	-0.186052893372913	-0.983716721697201	-0.10097185835675	-0.597189065242876	-0.666743517464208	-0.671060021886438	-0.563634861479905	-0.699469371333833	-0.0995358639452229	-0.761372984003276	-0.658550527978775	-0.553938468452686	-0.984270928344937	-0.878464925776014	-0.832625027387912	-0.580434907202572
MET243A	-1.09362798299688	-1.47191360591417	-1.50988150984629	-1.24192759721899	-0.831015558986089	-0.671060021886438	-1.05805140663772	-1.27994187866481	-1.26483378330393	-1.10127163757617	-0.658550527978775	-0.553938468452686	-0.984270928344937	-0.878464925776014	-0.832625027387912	-0.580434907202572
GLU287A	-1.54741552780886	-1.47191360591417	-1.50988150984629	-1.24192759721899	-0.831889346440992	-0.671060021886438	-1.55246795179553	-1.27994187866481	-1.26483378330393	-0.931322310789721	-0.658550527978775	-0.553938468452686	-0.984270928344937	-0.878464925776014	-0.832625027387912	-0.580434907202572
THR170A	-0.186052893372913	-0.00732295326325444	-0.10097185835675	-0.274819799254819	-0.685093054017184	-0.575199339173812	-0.0692183163220934	-0.118996864002851	0.191788615894454	-0.59142365721683	-0.62921860631095	-0.504593493161822	0.285756075971111	0.726037221760085	0.15506776903903	-0.580434907202572
ASN247A	-1.09362798299688	-0.983716721697201	-1.1576540969739	-1.24192759721899	-0.831015558986089	-0.669650305964193	-1.05805140663772	-0.699469371333833	-1.26483378330393	-1.10127163757617	-0.658550527978775	-0.553938468452686	-0.984270928344937	-0.878464925776014	-0.832625027387912	-0.580434907202572
VAL225A	-1.54741552780886	-0.983716721697201	-1.62729064747042	-1.08074296422496	-0.831889346440992	-0.671060021886438	-1.55246795179553	-1.27994187866481	-1.26483378330393	-0.931322310789721	-0.658550527978775	-0.553938468452686	-0.984270928344937	-0.878464925776014	-0.832625027387912	-0.580434907202572
SER241A	-1.09362798299688	-0.495519837480228	-0.570608408853263	-0.11363516626079	-0.831889346440992	-0.671060021886438	-1.55246795179553	-1.27994187866481	-1.26483378330393	-0.931322310789721	-0.658550527978775	-0.553938468452686	-0.984270928344937	-0.878464925776014	-0.832625027387912	-0.580434907202572
PRO92A	-1.54741552780886	-1.47191360591417	-1.62729064747042	-1.24192759721899	-0.664122155099497	-0.671060021886438	-1.05805140663772	-1.27994187866481	-1.16772562335737	-1.10127163757617	-0.658550527978775	-0.553938468452686	-0.984270928344937	-0.878464925776014	-0.832625027387912	-0.580434907202572
SER121A	-2.00120307262084	-1.47191360591417	-1.74469978509454	-1.24192759721899	-0.831889346440992	-0.671060021886438	-1.55246795179553	-1.27994187866481	-1.26483378330393	-0.931322310789721	-0.658550527978775	-0.553938468452686	-0.984270928344937	-0.878464925776014	-0.832625027387912	-0.580434907202572
GLU180A	-2.00120307262084	-1.47191360591417	-1.74469978509454	-1.24192759721899	-0.831889346440992	-0.671060021886438	-1.55246795179553	-1.27994187866481	-1.26483378330393	-0.931322310789721	-0.658550527978775	-0.553938468452686	-0.984270928344937	-0.878464925776014	-0.832625027387912	-0.580434907202572
ARG181A	-2.00120307262084	-1.47191360591417	-1.74469978509454	-1.24192759721899	-0.831889346440992	-0.671060021886438	-1.55246795179553	-1.27994187866481	-1.26483378330393	-0.931322310789721	-0.658550527978775	-0.553938468452686	-0.984270928344937	-0.878464925776014	-0.832625027387912	-0.580434907202572
LEU201A	-2.00120307262084	-1.47191360591417	-1.74469978509454	-1.24192759721899	-0.831889346440992	-0.671060021886438	-1.55246795179553	-1.27994187866481	-1.26483378330393	-0.931322310789721	-0.658550527978775	-0.553938468452686	-0.984270928344937	-0.878464925776014	-0.832625027387912	-0.580434907202572
GLU224A	-2.00120307262084	-1.47191360591417	-1.74469978509454	-1.24192759721899	-0.831889346440992	-0.671060021886438	-1.55246795179553	-1.27994187866481	-1.26483378330393	-0.931322310789721	-0.658550527978775	-0.553938468452686	-0.984270928344937	-0.878464925776014	-0.832625027387912	-0.580434907202572
ARG248A	-2.00120307262084	-1.47191360591417	-1.74469978509454	-1.24192759721899	-0.831889346440992	-0.671060021886438	-1.55246795179553	-1.27994187866481	-1.26483378330393	-0.931322310789721	-0.658550527978775	-0.553938468452686	-0.984270928344937	-0.878464925776014	-0.832625027387912	-0.580434907202572
ARG290A	-2.00120307262084	-1.47191360591417	-1.74469978509454	-1.24192759721899	-0.831889346440992	-0.671060021886438	-1.55246795179553	-1.27994187866481	-1.26483378330393	-0.931322310789721	-0.658550527978775	-0.553938468452686	-0.984270928344937	-0.878464925776014	-0.832625027387912	-0.580434907202572
