Degree	Degree_sidechain	SecondOrderDegree	SecondOrderDegree_sidechain	NodeEdgeBetweennessSTRIDE	NodeEdgeBetweennessSTRIDE_sidechain	IntermodularDegreeSTRIDE	IntermodularDegreeSTRIDE_sidechain	SecondOrderIntermodularDegreeSTRIDE	SecondOrderIntermodularDegreeSTRIDE_sidechain	NodeEdgeBetweennessWALKTRAP	NodeEdgeBetweennessWALKTRAP_sidechain	IntermodularDegreeWALKTRAP	IntermodularDegreeWALKTRAP_sidechain	SecondOrderIntermodularDegreeWALKTRAP	SecondOrderIntermodularDegreeWALKTRAP_sidechain
CYS229A	5	4	15	9	1334	472.979180122784	5	4	15	9	724	472.979180122784	3	3	5	3
TRP146A	7	3	20	4	2069	898.210700363201	6	3	19	4	2069	898.210700363201	5	3	11	3
ARG273A	7	3	25	6	608	387.321064927976	5	3	13	6	713	1	4	1	10	0
ASP281A	4	3	15	6	188	41.6792172394832	3	3	8	6	1	1	1	1	1	1
ARG196A	7	5	24	11	1295	629.742693368645	6	5	24	15	941	539.672450378283	4	3	10	4
ASP184A	4	4	13	8	662	148.677659652141	4	4	17	13	662	148.677659652141	3	3	7	5
CYS242A	7	5	19	8	175	90.0089216802686	5	4	22	11	1	1	1	1	1	1
HIS179A	7	5	20	10	3244	382.688643496276	7	5	26	11	1392	1	2	1	4	0
GLN104A	4	3	13	8	174	48.6326235004873	3	3	12	9	188	48.6326235004873	3	2	6	3
GLY108A	8	7	19	10	1302	765.038201346469	7	6	25	12	1010	709.720798157202	4	4	11	7
ARG175A	7	6	20	12	3996	3294.18068214649	7	6	29	15	2446	1744.18068214649	5	4	12	4
GLY279A	8	8	25	22	493	416.075999060802	3	3	10	7	404	202.085344994064	3	3	9	8
THR118A	6	4	16	9	1954	717.871050856253	6	4	12	8	391	8.03494403440452	3	2	3	2
PRO128A	5	5	14	9	446	446	4	4	15	8	1	1	1	1	1	1
TYR126A	7	2	20	3	3090	1093	6	2	20	2	485	1	4	1	8	0
CYS176A	7	6	20	11	2622	1023.56599454786	5	4	22	11	1	1	1	1	1	1
ARG249A	7	6	19	11	5166	2384.01631456434	7	6	21	12	3110	1072.01631456434	5	4	8	4
GLU171A	3	2	9	5	188	54.3699546117567	2	2	6	5	188	54.3699546117567	3	2	6	3
THR230A	6	6	13	11	904	803.267824852424	5	5	10	6	599	545.090233954818	3	3	3	1
THR231A	6	6	19	17	603	603	3	3	7	5	135	54.9097660451821	2	2	2	2
ARG283A	4	4	11	8	291	201.213350130972	2	2	5	3	1	1	1	1	1	1
TYR163A	4	3	16	9	1762	74.2512510210697	4	3	18	9	1762	74.2512510210697	4	3	10	4
SER241A	3	3	10	5	1	1	1	1	1	1	1	1	1	1	1	1
TYR239A	6	1	22	1	382	1	4	1	20	0	168	1	3	1	7	0
ARG213A	8	6	17	8	2140	486.726913072192	8	6	22	8	894	486.726913072192	5	5	9	5
THR211A	6	5	13	8	737	737	3	2	10	5	1	1	1	1	1	1
GLN165A	4	4	7	5	598	182.978224685319	4	4	7	5	1	1	1	1	1	1
GLN167A	4	3	6	3	211	162.716629647909	2	2	3	3	1	1	1	1	1	1
GLY154A	5	5	15	12	202	202	4	4	15	9	1	1	2	2	2	0
PRO153A	3	2	6	4	1	1	1	1	1	1	1	1	1	1	1	1
ILE162A	7	3	23	4	3696	770.194407632957	6	3	23	4	3696	770.194407632957	6	3	15	1
VAL173A	8	8	20	19	2384	2047.92501730581	6	6	21	16	2338	1770.53686854837	4	4	9	5
THR253A	7	7	30	15	1516	771.466661982769	5	5	23	11	80	40.5	3	3	8	4
TYR236A	9	4	34	10	2062	349.586247167962	9	4	40	8	72	1	2	1	4	0
ARG156A	9	4	27	10	308	74.9060759243552	7	3	30	5	1	1	3	1	5	0
VAL217A	7	7	23	19	2222	1283.78462007679	5	5	20	12	1	1	1	1	1	1
GLU271A	6	4	16	5	5662	2292.37074721306	5	4	12	6	3433	2292.37074721306	5	4	7	3
PRO250A	5	4	12	8	4098	2121.30514566677	5	4	15	9	3659	1816	3	2	8	3
ALA203A	8	7	23	18	171	61.5762670337447	6	5	25	17	4	1	2	1	3	0
GLU204A	5	2	20	3	188	1	5	2	21	2	1	1	1	1	1	1
CYS124A	7	5	24	16	379	280.113367779817	6	4	20	11	281	102.021450143565	4	2	10	4
CYS141A	8	7	25	14	935	562.775073583783	5	5	22	14	1	1	1	1	1	1
ALA129A	4	4	9	9	2	1.5	2	2	2	2	1	1	1	1	1	1
HIS233A	3	2	7	5	151	1	2	1	2	0	1	1	1	1	1	1
THR140A	5	4	14	8	478	301.173829557329	3	3	4	2	328	151.173829557329	2	2	2	2
CYS238A	10	6	31	13	2084	848.736440275597	9	5	45	15	1568	570	6	3	18	5
MET246A	9	5	24	11	1137	532.931656247278	8	5	33	11	66	29.9316562472778	4	2	8	3
PRO142A	7	5	21	12	685	64.6025925915153	4	3	9	5	1	1	1	1	1	1
ASP208A	4	4	7	5	1	1	1	1	1	1	1	1	1	1	1	1
LEU264A	6	6	16	14	1649	1053.5	3	3	5	2	1584	697.289969271758	3	3	8	5
LEU265A	8	5	25	16	413	397	6	4	26	10	398	292.210030728242	5	2	12	2
GLY187A	4	4	7	5	192	22.9523649197702	3	3	5	3	5	5	2	2	3	1
LEU188A	6	2	17	7	192	4	4	2	10	4	192	4	4	2	4	0
ALA189A	6	6	17	11	2013	1313.89587527684	4	4	14	9	734	196.1495153382	2	2	2	2
TYR205A	7	4	28	15	4434	1088.18339707099	7	4	28	13	2246	1017	3	2	8	3
ARG110A	7	5	16	11	1368	1052.38982679048	7	5	21	11	1368	1052.38982679048	5	5	11	8
GLN192A	6	3	12	6	305	1	4	1	7	0	305	1	3	1	4	0
PRO190A	7	5	20	12	1457	1457	2	2	6	3	1	1	1	1	1	1
VAL143A	7	6	20	15	402	278.5	5	4	14	8	1	1	1	1	1	1
GLY266A	8	8	22	18	304	261.143976740234	5	5	18	10	242	199.143976740234	4	4	12	8
ARG282A	9	7	24	13	2671	1591.34013180787	7	6	27	14	501	184.38958876069	2	2	5	4
PHE134A	6	5	22	12	238	144	5	4	21	13	95	1	2	1	5	0
ARG158A	8	6	23	10	4067	2511.62016120457	5	5	15	9	2647	1647.31085720572	5	4	14	4
GLU258A	6	3	21	8	2398	519.177209297334	5	3	19	6	3164	433.135273053337	3	2	8	3
LYS164A	3	2	8	3	188	100.435811198579	3	2	8	3	136	100.435811198579	2	2	4	3
LEU252A	6	6	16	9	7581	7491.35713359806	5	5	14	6	6731	6641.35713359806	5	5	9	2
SER269A	4	1	8	1	2572	1	3	1	7	0	2572	1	3	1	6	0
MET237A	8	5	22	9	1062	249.146401329531	7	5	26	14	572	194.46920782309	5	3	15	5
PRO152A	5	4	13	9	545	147.978031512965	4	4	15	10	130	92.6411147453459	3	3	3	1
LEU194A	6	6	25	20	264	205.568343752722	6	6	31	21	205	176.068343752722	4	4	12	5
CYS220A	5	5	19	16	202	184.129604936495	5	5	27	20	91	73.1296049364953	2	2	4	4
THR155A	9	8	25	18	2226	1523.38367450888	9	8	36	22	1587	1147.7205912765	5	5	9	4
VAL216A	9	9	26	20	1841	1752.13017430764	7	7	31	21	1639	1636.5	5	5	15	11
GLY262A	5	5	9	6	915	828.958063756003	3	3	7	4	1	1	1	1	1	1
PRO98A	6	5	18	7	1727	1486.27308692781	5	4	18	8	2052	1694.20554746596	5	5	15	8
VAL97A	5	5	9	7	157	95.1318565149773	4	4	8	3	326	118.067539461844	2	2	4	4
GLN144A	7	5	17	8	2725	393.910420654943	4	4	8	7	525	90.810119514015	2	2	2	2
GLN100A	3	2	7	5	376	90.6428664019374	2	2	4	4	376	90.6428664019374	2	2	4	4
PRO219A	3	3	7	7	473	252.319443034323	2	2	2	2	1	1	1	1	1	1
VAL218A	7	7	19	14	876	429.236206456707	5	5	20	14	85	43	2	2	3	2
THR256A	6	6	19	18	1329	639.356023259767	3	3	6	6	4109	3419.35602325977	5	5	12	8
ILE232A	7	5	27	17	1498	380.971595718832	5	4	22	13	884	173.861866320253	4	3	8	4
TYR234A	6	3	25	8	838	56.7932289162192	5	2	20	3	766	56.7932289162192	3	2	9	5
ARG174A	4	3	14	6	154	39.2210775599004	3	3	7	4	154	39.2210775599004	2	2	3	3
ASN200A	5	2	15	6	700	132.687526509548	4	2	13	4	1	1	1	1	1	1
VAL197A	10	8	31	21	2825	1480.86982569236	9	7	35	17	2177	1161	5	4	10	5
ILE255A	9	5	31	15	2318	387.510908753114	6	3	24	4	2405	705.510908753114	6	3	21	6
VAL272A	8	7	31	18	155	125.314196337112	4	3	17	7	649	631	4	3	9	3
VAL274A	11	10	32	23	3086	2758.48211779033	9	8	40	21	1277	980.850025416012	6	5	14	4
LEU130A	7	6	13	9	1022	733.577710355193	6	6	16	11	1	1	1	1	1	1
SER127A	5	3	13	6	486	287.404197397418	5	3	16	6	1	1	1	1	1	1
LEU114A	3	3	10	7	370	213.897407408485	3	3	6	5	1	1	1	1	1	1
ALA276A	5	3	14	6	96	1	3	1	13	0	96	1	3	1	9	0
GLN136A	6	4	20	5	1768	350.054727756376	6	4	23	3	788	203.591466166451	4	3	10	2
TYR103A	5	1	12	1	753	1	4	1	11	0	229	1	2	1	3	0
ALA159A	6	6	23	15	991	546.195862330667	4	4	15	9	1258	813.195862330667	6	6	20	11
THR125A	9	8	29	24	1167	809.699927851647	7	6	30	20	874	589.588961095744	6	5	10	2
CYS275A	7	6	20	15	701	437.149692416529	5	5	22	17	281	257.149974583988	3	3	11	9
LEU133A	6	6	23	17	392	346.611502379214	6	6	27	15	101	101	3	3	8	4
ASP207A	4	3	10	9	152	21.2324350567749	3	3	9	9	132	18.073329760967	2	2	3	3
HIS193A	7	7	17	12	406	341.857806608985	6	6	19	12	406	341.857806608985	4	4	7	5
ASN131A	4	3	12	3	2304	1212	4	3	14	2	1212	1212	3	3	4	0
PHE270A	9	3	23	7	8045	369.132894512157	8	3	32	7	3617	1	3	1	6	0
GLY244A	4	4	10	8	372	147.716386302049	3	3	6	6	1	1	1	1	1	1
GLY245A	7	7	20	15	2862	2039.70830273318	5	5	16	13	1	1	1	1	1	1
PRO223A	5	5	9	9	1050	711.732175147576	4	4	11	8	1	1	1	1	1	1
GLU221A	4	1	8	1	951	1	3	1	6	0	544	1	3	1	3	0
LYS132A	4	3	12	5	2428	1724.85451987522	3	3	8	6	1455	1042.19344158836	2	2	4	3
GLU198A	5	3	12	3	515	204.972710028609	4	3	11	3	515	204.972710028609	3	3	2	2
ASP228A	4	2	9	1	1292	556	4	2	10	0	1292	556	3	2	5	0
ASN235A	2	2	4	2	188	160.853460414062	2	2	3	2	188	160.853460414062	2	2	2	2
PRO191A	4	3	15	6	1551	1	2	1	6	0	1	1	1	1	1	1
ALA138A	4	4	13	9	171	116.322806493559	3	3	8	5	1	1	1	1	1	1
LEU137A	7	6	27	13	797	506	6	5	33	11	153	153	3	3	7	2
GLY112A	5	5	14	11	2016	1805.39969885907	3	3	8	5	1	1	1	1	1	1
PHE113A	5	3	16	4	2375	2191	4	3	16	3	385	385	2	2	3	0
HIS214A	5	5	12	9	472	296.68868077434	5	5	12	9	452	279.847786070148	4	4	6	4
ILE251A	6	5	23	17	188	38.5	6	5	23	14	19	19	3	3	6	3
VAL172A	5	5	16	15	698	698	4	4	10	6	835	568.463131451634	2	2	3	3
SER261A	5	1	8	1	1	1	2	1	3	0	1	1	1	1	1	1
ILE195A	6	5	24	12	886	320.800053245735	6	5	24	11	588	144.5	5	4	12	3
LEU257A	9	7	26	17	1855	973.649803787009	8	7	39	23	1836	964.149803787009	5	4	16	7
PHE109A	7	3	28	9	1760	261.325223587647	7	3	30	6	1760	261.325223587647	6	3	17	4
ASP259A	6	5	12	4	498	126.416972679732	3	2	8	2	1	1	1	1	1	1
LEU145A	6	6	23	17	1376	867.065047013774	5	5	21	15	594	376.174776412353	3	3	8	5
SER96A	3	2	7	4	188	2.36814348502272	3	2	10	3	184	1	2	1	4	0
ASP148A	4	3	11	8	188	46.9393483625606	3	3	12	9	114	28.2567515518278	2	2	4	4
ILE254A	7	4	26	9	1727	1271.80559236704	4	4	11	6	3371	1218.80559236704	5	2	16	2
ASP186A	5	4	9	7	918	722.8504846618	4	3	8	4	918	722.8504846618	3	3	4	2
ASN263A	4	3	7	4	506	56.5830273202681	4	3	5	1	1	1	1	1	1	1
MET169A	6	2	14	2	516	171	5	2	16	0	315	1	3	1	9	0
SER166A	3	2	7	2	171	1	2	1	4	0	1	1	1	1	1	1
TYR107A	5	2	14	3	124	38.3588852546541	4	2	10	3	116	38.3588852546541	2	2	2	2
THR123A	5	4	18	11	279	145.408533833549	4	3	18	6	279	145.408533833549	3	3	6	3
VAL122A	8	7	23	17	171	118.924000939198	6	5	22	10	169	117.924000939198	4	4	7	3
ARG202A	4	3	9	2	959	707.680556965677	3	3	3	1	1	1	1	1	1	1
GLY105A	7	7	17	13	634	634	6	6	18	9	243	243	4	4	7	2
VAL157A	9	8	28	22	532	175.138133679747	7	6	28	19	362	165.638133679747	4	4	10	6
LEU111A	7	6	21	14	3763	3534.20354601812	6	6	22	13	188	64.7035460181241	2	2	1	1
ALA161A	6	6	21	15	1029	448.774929448455	4	4	15	13	372	372	3	3	10	3
PRO278A	10	8	26	21	1171	678	9	7	30	12	1190	802.990654066738	7	6	11	4
GLU285A	6	4	18	7	1508	291.338921713143	5	4	15	7	1	1	1	1	1	1
THR284A	4	4	7	4	1	1	1	1	1	1	1	1	1	1	1	1
CYS135A	5	4	26	15	188	58.8679638828711	5	4	28	14	25	1	2	1	6	0
SER185A	3	3	5	5	188	170.04763508023	3	3	5	4	1	1	1	1	1	1
VAL147A	7	5	19	8	727	723	5	3	23	4	727	723	4	3	13	4
HIS168A	4	3	9	7	188	97.3624798028361	3	2	9	5	188	97.3624798028361	2	2	4	3
GLU286A	4	3	13	7	135	68.9530831238339	3	2	9	2	1	1	1	1	1	1
SER240A	4	3	18	11	436	278	4	3	19	9	278	278	3	3	8	4
ARG209A	3	1	4	1	1	1	1	1	1	1	1	1	1	1	1	1
ASN210A	4	2	7	1	1	1	1	1	1	1	1	1	1	1	1	1
ALA119A	4	3	10	4	373	373	2	2	5	3	373	373	2	2	2	1
LYS120A	2	1	3	1	1	1	1	1	1	1	1	1	1	1	1	1
HIS178A	5	2	12	3	74	1.5384644135783	3	2	8	2	1	1	1	1	1	1
CYS277A	6	3	13	3	187	1	2	1	8	0	187	1	2	1	6	0
PHE212A	3	1	7	1	188	1	2	1	3	0	1	1	1	1	1	1
ARG267A	5	4	12	7	286	251.606121277064	3	3	3	1	1	1	1	1	1	1
LYS101A	3	1	7	1	103	1	2	1	2	0	1	1	1	1	1	1
CYS182A	6	4	9	6	373	372.461535586422	3	3	8	5	188	1	2	1	1	0
PRO151A	5	3	12	2	560	119.716874876518	5	3	14	2	371	1	3	1	6	0
THR150A	2	2	4	2	188	71.2831251234817	2	2	4	2	1	1	1	1	1	1
LYS139A	4	2	13	3	220	40.5367384100743	3	2	7	3	1	1	1	1	1	1
ASP268A	4	4	13	9	188	124.296453981876	3	3	11	9	188	124.296453981876	2	2	1	1
SER99A	5	4	10	4	237	35.3938787229365	3	2	5	2	1	1	1	1	1	1
SER149A	4	2	10	2	11	9	3	2	7	1	1	1	1	1	1	1
PRO222A	4	2	8	1	1	1	2	1	4	0	80	80	2	2	2	0
LEU206A	5	3	15	7	222	45.7555601936324	4	2	13	4	222	45.7555601936324	4	2	11	3
GLY117A	4	4	11	8	333	184.875539353258	3	3	11	8	166	158.965055965595	3	3	4	1
SER116A	3	1	8	1	41	1	2	1	5	0	188	1	3	1	5	0
SER215A	6	3	19	7	896	256.798309547308	5	3	15	5	896	256.798309547308	5	3	16	4
ARG248A	3	3	4	1	188	188	3	3	3	0	1	1	1	1	1	1
MET243A	4	1	7	1	4	1	3	1	4	0	1	1	1	1	1	1
ARG280A	4	1	10	1	1	1	1	1	1	1	1	1	1	1	1	1
PRO177A	5	5	11	8	188	119.575310964775	3	3	4	2	1	1	1	1	1	1
LEU289A	3	3	8	7	188	69.5650091235554	3	3	6	6	1	1	1	1	1	1
MET160A	6	2	17	3	453	388	4	2	13	2	824	388	6	2	19	2
THR102A	2	2	4	1	1	1	1	1	1	1	1	1	1	1	1	1
GLY199A	3	3	6	4	287	287	2	2	3	1	1	1	1	1	1	1
GLY226A	3	3	2	1	373	373	2	2	2	0	1	1	1	1	1	1
SER227A	3	1	4	1	928	1	3	1	4	0	556	1	2	1	2	0
ASN288A	2	2	3	3	1	1	1	1	1	1	1	1	1	1	1	1
SER106A	2	1	6	1	188	1	2	1	5	0	1	1	1	1	1	1
SER260A	4	2	9	1	10	1	2	1	3	0	1	1	1	1	1	1
THR170A	5	4	11	6	184	61.5	3	2	10	3	63	1	3	2	6	1
ASN247A	3	1	7	1	185	1	2	1	2	0	1	1	1	1	1	1
VAL225A	2	2	2	2	1	1	1	1	1	1	1	1	1	1	1	1
SER183A	2	2	4	4	1	1	1	1	1	1	188	188	2	2	1	0
GLU180A	2	2	5	3	188	188	2	2	3	0	188	188	2	2	2	0
HIS115A	1	1	1	1	1	1	1	1	1	1	1	1	1	1	1	1
SER121A	1	1	1	1	1	1	1	1	1	1	1	1	1	1	1	1
ARG181A	1	1	1	1	1	1	1	1	1	1	1	1	1	1	1	1
LEU201A	1	1	1	1	1	1	1	1	1	1	1	1	1	1	1	1
GLU224A	1	1	1	1	1	1	1	1	1	1	1	1	1	1	1	1
GLU287A	1	1	1	1	1	1	1	1	1	1	1	1	1	1	1	1
ARG290A	1	1	1	1	1	1	1	1	1	1	1	1	1	1	1	1
LYS291A	1	1	1	1	1	1	1	1	1	1	1	1	1	1	1	1
