Degree	Degree_sidechain	SecondOrderDegree	SecondOrderDegree_sidechain	NodeEdgeBetweennessSTRIDE	NodeEdgeBetweennessSTRIDE_sidechain	IntermodularDegreeSTRIDE	IntermodularDegreeSTRIDE_sidechain	SecondOrderIntermodularDegreeSTRIDE	SecondOrderIntermodularDegreeSTRIDE_sidechain	NodeEdgeBetweennessWALKTRAP	NodeEdgeBetweennessWALKTRAP_sidechain	IntermodularDegreeWALKTRAP	IntermodularDegreeWALKTRAP_sidechain	SecondOrderIntermodularDegreeWALKTRAP	SecondOrderIntermodularDegreeWALKTRAP_sidechain
CYS229A	-0.16795674399182	-0.00254612840740924	-0.0212727673109435	0.125082285927703	0.312036667294047	0.0339562052547796	0.466418667559927	0.473632336730297	0.155400224294067	0.290586897698237	0.259023209164934	0.436165838050123	0.37651090583264	0.869914845775026	0.106839378338862	0.460543506847699
TRP146A	0.795324581843618	-0.499041167852212	0.626881861694368	-0.7398484146362	0.749256067833159	0.500074764444421	0.971705557416515	-0.114637126087588	0.556765042007221	-0.402556161031503	1.57219390065958	1.10988492043588	1.76178688012254	0.869914845775026	0.575011935104662	0.460543506847699
ARG273A	0.795324581843618	-0.499041167852212	1.27503649069968	-0.220889994297858	-0.303831520562121	-0.142293539617176	0.466418667559927	-0.114637126087588	-0.0452821845625097	-0.0559846316666328	0.157139276204142	-0.480700524465714	1.06914889297759	-0.861038163675281	0.340925656721762	-1.003684490467
ASP281A	-0.649597406909539	-0.499041167852212	-0.0212727673109435	-0.220889994297858	-0.612549161802999	-0.550811331167295	-0.544155112153248	-0.114637126087588	-0.546988206703952	-0.0559846316666328	-0.608122264701356	-0.480700524465714	-1.00876506845726	-0.861038163675281	-0.829505735192738	-0.515608491362097
ARG196A	0.795324581843618	0.493948911037393	1.27503649069968	0.644040706266044	0.193721023062137	0.19948677813866	0.971705557416515	1.06190179954818	1.05847106414866	1.50358725047528	0.115253659320261	0.295995189396886	0.37651090583264	0.00443834104987257	0.809098213487562	0.948619505952596
ASP184A	-0.16795674399182	0.493948911037393	-0.0212727673109435	0.298068426040483	-0.0045164470747722	-0.368691645989586	-0.0388682222966605	0.473632336730297	0.356082633150644	1.15701572111041	0.483167861678674	-0.145813865432538	1.76178688012254	2.60086785522533	0.340925656721762	0.948619505952596
CYS242A	0.795324581843618	0.493948911037393	0.497250935893305	-0.0479038541850778	-0.621951729556529	-0.488919746725495	0.466418667559927	0.473632336730297	0.857788655292087	0.810444191745542	-0.474541108152763	-0.301472206410939	0.37651090583264	0.869914845775026	0.575011935104662	0.460543506847699
HIS179A	0.795324581843618	0.493948911037393	0.626881861694368	0.298068426040483	1.61742649040903	-0.175198387371875	1.4769924472731	1.06190179954818	1.25915347300524	0.810444191745542	0.848817976637958	-0.480700524465714	0.37651090583264	0.00443834104987257	0.340925656721762	0.460543506847699
GLN104A	-0.649597406909539	-0.499041167852212	-0.280534618913068	-0.0479038541850778	-0.623518824182117	-0.541463181665094	-0.544155112153248	-0.114637126087588	-0.145623388990798	0.463872662380672	-0.608122264701356	-0.480700524465714	-1.00876506845726	-0.861038163675281	-0.829505735192738	-0.515608491362097
GLY108A	1.27696524476134	1.486938989927	0.497250935893305	0.298068426040483	0.120851122972285	0.295713081273066	1.4769924472731	1.65017126236607	1.15881226857695	0.983729956427977	-0.608122264701356	-0.480700524465714	-1.00876506845726	-0.861038163675281	-0.829505735192738	-0.515608491362097
ARG175A	0.795324581843618	0.990443950482196	0.75651278749543	0.817026846378825	2.39000414082402	3.34164848030061	1.4769924472731	1.65017126236607	1.56017708629011	1.50358725047528	1.40125530202536	2.43630064684965	0.37651090583264	0.869914845775026	0.340925656721762	1.43669550505749
GLY279A	1.27696524476134	1.9834340293718	1.40466741650074	2.37390210739385	-0.538895714400353	-0.27935994815742	-0.544155112153248	-0.114637126087588	-0.346305797847375	0.117301133015802	-0.331903602007656	-0.0440171016369628	-0.316127081312311	0.00443834104987257	-0.361333178426938	-0.0275324922571993
THR118A	0.313683918925899	-0.00254612840740924	0.108358158490119	0.125082285927703	0.666200052676983	0.293806318346859	0.971705557416515	0.473632336730297	-0.145623388990798	0.290586897698237	1.0095681819761	0.797397387348883	1.06914889297759	0.869914845775026	-0.361333178426938	-0.0275324922571993
PRO128A	-0.16795674399182	0.493948911037393	-0.150903693112006	0.125082285927703	-0.354762095893738	0.0397687761941413	-0.0388682222966605	0.473632336730297	0.155400224294067	0.290586897698237	-0.608122264701356	-0.480700524465714	-1.00876506845726	-0.861038163675281	-0.829505735192738	-0.515608491362097
TYR126A	0.795324581843618	-0.995536207297015	0.626881861694368	-0.91283455474898	2.24426434064432	-0.0444295269088946	0.971705557416515	-0.702906588905473	0.65710624643551	-0.749127690396373	1.11824437713427	-0.480700524465714	0.37651090583264	-0.861038163675281	0.340925656721762	-1.003684490467
ASP148A	-0.649597406909539	-0.499041167852212	-0.539796470515192	-0.0479038541850778	-0.612549161802999	-0.543093627460676	-0.544155112153248	-0.114637126087588	-0.145623388990798	0.463872662380672	-0.608122264701356	-0.480700524465714	-1.00876506845726	-0.861038163675281	-0.829505735192738	-0.515608491362097
VAL147A	0.795324581843618	0.493948911037393	0.497250935893305	-0.0479038541850778	-0.201970369898887	0.276266951086492	0.466418667559927	-0.114637126087588	0.958129859720375	-0.402556161031503	-0.157568872274746	0.231594566869708	-0.316127081312311	0.00443834104987257	-0.127246900044038	-0.0275324922571993
CYS176A	0.795324581843618	0.990443950482196	0.626881861694368	0.471054566153264	1.31967851154727	0.709978213314306	0.466418667559927	0.473632336730297	0.857788655292087	0.810444191745542	-0.205114707656449	-0.352669180403469	-0.316127081312311	0.00443834104987257	-0.127246900044038	0.460543506847699
ARG249A	0.795324581843618	0.990443950482196	0.497250935893305	0.471054566153264	3.30048611829077	2.34947298256809	1.4769924472731	1.65017126236607	0.757447450863798	0.983729956427977	3.0732838462819	1.55123201304656	1.76178688012254	1.73539135050018	1.04318449187046	0.948619505952596
GLU171A	-1.13123806982726	-0.995536207297015	-0.799058322117317	-0.566862274523419	-0.612549161802999	-0.528964910752024	-1.04944200200984	-0.702906588905473	-0.747670615560529	-0.229270396349068	-0.395298049183259	-0.377469856677436	0.37651090583264	0.00443834104987257	0.340925656721762	0.460543506847699
THR230A	0.313683918925899	0.493948911037393	-0.280534618913068	0.125082285927703	-0.587475647793588	-0.373003700310824	0.466418667559927	0.473632336730297	-0.346305797847375	-0.575841925713938	-0.422467097972803	-0.246629477860422	0.37651090583264	0.869914845775026	-0.361333178426938	-0.515608491362097
THR231A	0.313683918925899	0.990443950482196	0.497250935893305	1.33598526671717	-0.592176931670352	-0.335408956750269	-0.544155112153248	-0.114637126087588	-0.647329411132241	-0.229270396349068	-0.544727817525753	-0.421263040972993	-0.316127081312311	0.00443834104987257	-0.595419456809838	-0.0275324922571993
ARG283A	-0.649597406909539	-0.00254612840740924	-0.41016554471413	0.125082285927703	-0.490315781007119	-0.299245152873636	-1.04944200200984	-0.702906588905473	-0.848011819988818	-0.575841925713938	-0.218699232051221	-0.0454371979633687	-0.316127081312311	0.00443834104987257	-0.361333178426938	-0.0275324922571993
TYR163A	-0.649597406909539	-0.499041167852212	0.108358158490119	0.125082285927703	0.717914175321394	-0.503247084542935	-0.0388682222966605	-0.114637126087588	0.456423837578933	0.463872662380672	1.526912152677	-0.340297789758096	1.06914889297759	0.869914845775026	1.74544332701916	1.92477150416239
SER241A	-1.13123806982726	-0.499041167852212	-0.669427396316255	-0.566862274523419	-0.759856056608291	-0.600385969456882	-1.55472889186642	-1.29117605172336	-1.24937663770197	-0.922413455078807	-0.449636146762348	-0.230144462186922	-0.316127081312311	0.00443834104987257	-0.361333178426938	-1.003684490467
TYR239A	0.313683918925899	-1.49203124674182	0.886143713296492	-1.25880683497454	-0.460540983120942	-0.600385969456882	-0.0388682222966605	-1.29117605172336	0.65710624643551	-1.09569921976124	-0.128135736086073	-0.480700524465714	1.06914889297759	-0.861038163675281	0.809098213487562	-1.003684490467
ASN235A	-1.61287873274498	-0.995536207297015	-1.44721295112263	-1.08582069486176	-0.612549161802999	-0.422595015924817	-1.04944200200984	-0.702906588905473	-1.04869422884539	-0.749127690396373	-0.395298049183259	-0.223724792200612	-0.316127081312311	0.00443834104987257	-0.595419456809838	-0.0275324922571993
GLU198A	-0.16795674399182	-0.499041167852212	-0.41016554471413	-0.91283455474898	-0.325770845320356	-0.299695601519307	-0.0388682222966605	-0.114637126087588	-0.245964593419087	-0.575841925713938	0.019029944857292	-0.0460882680446612	0.37651090583264	0.869914845775026	-0.595419456809838	-0.0275324922571993
ARG213A	1.75860590767906	1.486938989927	0.497250935893305	0.644040706266044	0.926337760524627	0.00887298186279083	2.48756622698628	2.23844072518395	1.05847106414866	0.637158427063107	-0.608122264701356	-0.480700524465714	-0.316127081312311	0.00443834104987257	-0.127246900044038	-0.515608491362097
THR211A	0.313683918925899	0.493948911037393	-0.150903693112006	0.125082285927703	-0.180031045140652	0.315889681958509	-0.544155112153248	-0.702906588905473	-0.245964593419087	-0.0559846316666328	-0.608122264701356	-0.480700524465714	-1.00876506845726	-0.861038163675281	-0.829505735192738	-0.515608491362097
GLN165A	-0.649597406909539	-0.499041167852212	-1.05832017371944	-0.7398484146362	-0.0295899610841836	-0.254925284666485	-0.0388682222966605	-0.114637126087588	-0.647329411132241	-0.402556161031503	-0.608122264701356	-0.480700524465714	-1.00876506845726	-0.861038163675281	-0.829505735192738	-0.515608491362097
GLN167A	-0.649597406909539	-0.499041167852212	-1.31758202532157	-0.91283455474898	-0.466809361623295	-0.137295302390184	-1.04944200200984	-0.702906588905473	-1.04869422884539	-0.749127690396373	-0.608122264701356	-0.480700524465714	-1.00876506845726	-0.861038163675281	-0.829505735192738	-0.515608491362097
GLY154A	-0.16795674399182	0.493948911037393	-0.0212727673109435	0.644040706266044	-0.568670512286529	-0.298262646557753	-0.0388682222966605	0.473632336730297	0.155400224294067	0.463872662380672	-0.608122264701356	-0.480700524465714	-0.316127081312311	0.00443834104987257	-0.595419456809838	-1.003684490467
PRO153A	-1.13123806982726	-0.995536207297015	-1.1879510995205	-0.7398484146362	-0.759856056608291	-0.600385969456882	-1.55472889186642	-1.29117605172336	-1.24937663770197	-0.922413455078807	-0.608122264701356	-0.480700524465714	-1.00876506845726	-0.861038163675281	-0.829505735192738	-0.515608491362097
ILE162A	0.313683918925899	-0.995536207297015	0.75651278749543	-1.08582069486176	0.290097342535812	-0.409788397685487	0.466418667559927	-0.702906588905473	0.456423837578933	-0.749127690396373	0.528449609661248	-0.20521434476495	1.06914889297759	0.00443834104987257	1.04318449187046	-0.515608491362097
VAL173A	1.27696524476134	1.9834340293718	0.497250935893305	1.68195754694273	0.862870428188304	1.60220568444876	0.971705557416515	1.65017126236607	0.857788655292087	1.85015877984015	1.84501643225458	2.38230333918331	1.06914889297759	1.73539135050018	0.575011935104662	0.948619505952596
THR253A	0.795324581843618	1.486938989927	1.79356019390393	0.990012986491605	0.446806805094633	0.395690257207969	0.466418667559927	1.06190179954818	0.958129859720375	0.810444191745542	-0.608122264701356	-0.480700524465714	-0.316127081312311	0.00443834104987257	-0.127246900044038	-0.515608491362097
TYR236A	1.75860590767906	-0.00254612840740924	2.44171482290924	0.298068426040483	1.3682584449405	0.0425954031144593	2.48756622698628	0.473632336730297	2.66393033500128	0.290586897698237	-0.233415800145557	-0.480700524465714	-0.316127081312311	-0.861038163675281	-0.127246900044038	-1.003684490467
ARG156A	1.75860590767906	-0.00254612840740924	1.5342983423018	0.298068426040483	-0.543596998277118	-0.5191619051026	1.4769924472731	-0.114637126087588	1.66051829071839	-0.229270396349068	-0.608122264701356	-0.480700524465714	0.37651090583264	-0.861038163675281	0.106839378338862	-1.003684490467
VAL217A	0.795324581843618	1.486938989927	1.01577463909755	1.85494368705551	0.852684313121981	0.888725150081248	0.466418667559927	1.06190179954818	0.65710624643551	0.983729956427977	-0.608122264701356	-0.480700524465714	-1.00876506845726	-0.861038163675281	-0.829505735192738	-0.515608491362097
GLU271A	0.313683918925899	-0.00254612840740924	0.108358158490119	-0.566862274523419	3.99000775354959	2.58497726573451	0.466418667559927	0.473632336730297	-0.145623388990798	-0.0559846316666328	3.6449659145619	4.12336415729558	1.06914889297759	1.73539135050018	0.106839378338862	0.948619505952596
PRO250A	-0.16795674399182	-0.00254612840740924	-0.41016554471413	-0.220889994297858	2.94788982753342	2.30817011861711	0.466418667559927	0.473632336730297	0.155400224294067	0.290586897698237	4.11702813728023	3.22394982494214	1.06914889297759	0.869914845775026	0.809098213487562	0.460543506847699
ALA203A	1.27696524476134	1.486938989927	1.01577463909755	1.68195754694273	-0.621168182243734	-0.522839509833271	0.971705557416515	1.06190179954818	1.15881226857695	1.85015877984015	-0.606990221001792	-0.480700524465714	-0.316127081312311	-0.861038163675281	-0.361333178426938	-1.003684490467
GLU204A	-0.16795674399182	-0.995536207297015	0.626881861694368	-0.91283455474898	-0.612549161802999	-0.600385969456882	0.466418667559927	-0.702906588905473	0.757447450863798	-0.749127690396373	-0.608122264701356	-0.480700524465714	-1.00876506845726	-0.861038163675281	-0.829505735192738	-0.515608491362097
THR125A	1.75860590767906	1.9834340293718	1.92319111970499	2.89286052773219	0.666200052676983	0.845384500718363	1.4769924472731	1.65017126236607	1.66051829071839	2.54330183856989	-0.0353081527217967	-0.00999184302109709	1.06914889297759	0.869914845775026	1.27727077025336	0.948619505952596
CYS124A	0.795324581843618	0.493948911037393	1.27503649069968	1.33598526671717	-0.601579499423882	-0.413133418150122	0.971705557416515	0.473632336730297	0.65710624643551	0.810444191745542	-0.388505786985873	-0.353641417178237	1.76178688012254	0.869914845775026	1.97952960540206	1.92477150416239
CYS141A	1.27696524476134	1.486938989927	1.27503649069968	0.817026846378825	-0.0711179686622713	0.0303625390124896	0.466418667559927	1.06190179954818	0.857788655292087	1.33030148579285	0.298644738649686	0.562027448829216	1.76178688012254	2.60086785522533	0.809098213487562	1.43669550505749
ALA129A	-0.649597406909539	-0.00254612840740924	-0.799058322117317	0.125082285927703	-0.759072509295497	-0.599766864287007	-1.04944200200984	-0.702906588905473	-1.14903543327368	-0.749127690396373	-0.608122264701356	-0.480700524465714	-1.00876506845726	-0.861038163675281	-0.829505735192738	-0.515608491362097
HIS233A	-1.13123806982726	-0.995536207297015	-1.05832017371944	-0.566862274523419	-0.679934230703292	-0.600385969456882	-1.04944200200984	-1.29117605172336	-1.14903543327368	-1.09569921976124	-0.608122264701356	-0.480700524465714	-1.00876506845726	-0.861038163675281	-0.829505735192738	-0.515608491362097
THR140A	-0.16795674399182	-0.00254612840740924	-0.150903693112006	-0.0479038541850778	-0.393155914220649	-0.266601308050175	-0.544155112153248	-0.114637126087588	-0.948353024417106	-0.749127690396373	-0.193794270660805	-0.180802380991508	-0.316127081312311	0.00443834104987257	-0.595419456809838	-0.0275324922571993
CYS238A	2.24024657059678	0.990443950482196	2.18245297130711	0.817026846378825	1.34318493093109	0.613452002818843	2.48756622698628	1.06190179954818	3.26597756157101	1.50358725047528	0.13563044591242	0.0603510528468892	1.76178688012254	1.73539135050018	1.27727077025336	0.948619505952596
MET246A	1.75860590767906	0.493948911037393	1.14540556489862	0.644040706266044	0.117716933721108	0.0469805491186796	1.98227933712969	1.06190179954818	2.06188310843155	0.983729956427977	-0.0115352350309454	0.403090083432755	2.45442486726749	1.73539135050018	1.74544332701916	0.948619505952596
LEU257A	1.75860590767906	1.486938989927	1.40466741650074	1.50897140682995	0.469529677165663	0.510060155340505	1.98227933712969	2.23844072518395	2.56358913057299	2.88987336793476	1.07862284764952	1.05362501513891	1.76178688012254	1.73539135050018	2.68178844055076	2.41284750326729
LEU265A	1.27696524476134	0.493948911037393	1.27503649069968	1.33598526671717	-0.423714259419619	-0.0890050991399137	0.971705557416515	0.473632336730297	1.25915347300524	0.637158427063107	-0.133795954583895	0.0743534441757171	1.76178688012254	0.00443834104987257	1.74544332701916	-0.0275324922571993
PRO142A	0.795324581843618	0.493948911037393	0.75651278749543	0.644040706266044	-0.531843788585206	-0.526427168118323	-0.0388682222966605	-0.114637126087588	-0.446647002275664	-0.229270396349068	-0.608122264701356	-0.480700524465714	-1.00876506845726	-0.861038163675281	-0.829505735192738	-0.515608491362097
ASP208A	-0.649597406909539	-0.00254612840740924	-1.05832017371944	-0.566862274523419	-0.759856056608291	-0.600385969456882	-1.55472889186642	-1.29117605172336	-1.24937663770197	-0.922413455078807	-0.608122264701356	-0.480700524465714	-1.00876506845726	-0.861038163675281	-0.829505735192738	-0.515608491362097
LEU264A	0.313683918925899	0.990443950482196	0.108358158490119	0.990012986491605	0.739069952766835	0.932518431154273	-0.544155112153248	-0.114637126087588	-0.848011819988818	-0.749127690396373	1.38880282133015	0.913213734190027	0.37651090583264	0.869914845775026	0.809098213487562	1.43669550505749
GLY187A	-0.649597406909539	-0.00254612840740924	-0.928689247918379	-0.566862274523419	-0.610982067177411	-0.573901631791595	-0.544155112153248	-0.114637126087588	-0.848011819988818	-0.575841925713938	-0.605858177302228	-0.477121152147446	-0.316127081312311	0.00443834104987257	-0.361333178426938	-0.515608491362097
LEU188A	0.313683918925899	-0.995536207297015	0.237989084291181	-0.220889994297858	-0.612549161802999	-0.599147759117132	-0.0388682222966605	-0.702906588905473	-0.346305797847375	-0.402556161031503	-0.395298049183259	-0.47891083830658	1.06914889297759	0.00443834104987257	-0.127246900044038	-1.003684490467
ALA189A	0.313683918925899	0.990443950482196	0.237989084291181	0.471054566153264	0.786082791534482	1.00716472754109	-0.0388682222966605	0.473632336730297	0.0550590198657788	0.463872662380672	0.228458029276696	-0.0822022333783722	-0.316127081312311	0.00443834104987257	-0.595419456809838	-0.0275324922571993
TYR205A	0.795324581843618	-0.00254612840740924	1.66392926810287	1.16299912660439	2.55925036038755	0.813221745696783	1.4769924472731	0.473632336730297	1.45983588186182	1.15701572111041	1.82463964566243	1.43426366580791	0.37651090583264	0.00443834104987257	0.809098213487562	0.460543506847699
ARG110A	0.795324581843618	0.493948911037393	0.108358158490119	0.471054566153264	0.156894299360814	0.519498055075587	1.4769924472731	1.06190179954818	0.757447450863798	0.810444191745542	0.0767641735350737	0.602059601810493	0.37651090583264	0.00443834104987257	0.340925656721762	-0.0275324922571993
GLN192A	0.313683918925899	-0.499041167852212	-0.41016554471413	-0.393876134410639	-0.518523484267706	-0.600385969456882	-0.0388682222966605	-1.29117605172336	-0.647329411132241	-1.09569921976124	-0.259452805235537	-0.480700524465714	0.37651090583264	-0.861038163675281	-0.127246900044038	-1.003684490467
PRO190A	0.795324581843618	0.493948911037393	0.626881861694368	0.644040706266044	0.316737951170812	1.10091503736034	-1.04944200200984	-0.702906588905473	-0.747670615560529	-0.575841925713938	-0.608122264701356	-0.480700524465714	-1.00876506845726	-0.861038163675281	-0.829505735192738	-0.515608491362097
GLY266A	1.27696524476134	1.9834340293718	0.886143713296492	1.68195754694273	-0.538112167087559	-0.313755355139294	0.466418667559927	1.06190179954818	0.456423837578933	0.637158427063107	-0.346620170101992	-0.159473654290532	1.76178688012254	2.60086785522533	2.68178844055076	3.87707550058198
ARG282A	1.75860590767906	1.486938989927	1.14540556489862	0.817026846378825	1.84935649499609	1.90118295631528	1.4769924472731	1.65017126236607	1.35949467743353	1.33030148579285	0.34392648663226	-0.0732836642085985	-0.316127081312311	0.00443834104987257	-0.361333178426938	-0.0275324922571993
PHE134A	0.313683918925899	0.493948911037393	0.886143713296492	0.644040706266044	-0.508337369201383	-0.376269897962036	0.466418667559927	0.473632336730297	0.757447450863798	1.15701572111041	-0.608122264701356	-0.480700524465714	-1.00876506845726	-0.861038163675281	-0.829505735192738	-0.515608491362097
ARG158A	1.27696524476134	0.990443950482196	1.01577463909755	0.298068426040483	2.10871065553093	2.23041908819263	0.466418667559927	1.06190179954818	0.155400224294067	0.463872662380672	2.08387765286266	2.19745147873347	1.76178688012254	1.73539135050018	2.21361588378496	0.948619505952596
GLU258A	0.313683918925899	-0.499041167852212	0.75651278749543	-0.0479038541850778	1.28128469322036	-0.0303583397607502	0.466418667559927	-0.114637126087588	0.556765042007221	-0.0559846316666328	2.29556982468119	0.201731496031863	0.37651090583264	0.00443834104987257	0.809098213487562	0.460543506847699
LYS164A	-1.13123806982726	-0.995536207297015	-0.799058322117317	-0.91283455474898	-0.612549161802999	-0.433171127880203	-0.544155112153248	-0.702906588905473	-0.546988206703952	-0.575841925713938	-0.406618486178903	-0.239011307404338	-0.316127081312311	0.00443834104987257	-0.361333178426938	0.460543506847699
MET237A	1.27696524476134	0.493948911037393	1.14540556489862	0.298068426040483	-0.13771949024977	-0.367456816777778	1.4769924472731	1.06190179954818	1.35949467743353	1.33030148579285	-0.608122264701356	-0.480700524465714	-0.316127081312311	0.00443834104987257	-0.127246900044038	0.948619505952596
PRO152A	-0.16795674399182	-0.00254612840740924	-0.280534618913068	0.125082285927703	-0.261519965671239	-0.324828269740383	-0.0388682222966605	0.473632336730297	0.155400224294067	0.637158427063107	-0.390769874385002	-0.211709282703729	0.37651090583264	0.869914845775026	-0.361333178426938	-0.515608491362097
LEU194A	0.795324581843618	1.486938989927	1.5342983423018	2.54688824750663	-0.556133755281824	-0.346335360694059	1.4769924472731	2.23844072518395	2.16222431285984	3.23644489729963	-0.540199642727495	-0.421326526500445	-0.316127081312311	0.00443834104987257	0.106839378338862	0.460543506847699
CYS220A	-0.16795674399182	0.493948911037393	0.497250935893305	1.33598526671717	-0.601579499423882	-0.369870599599578	0.466418667559927	1.06190179954818	1.35949467743353	2.37001607388746	-0.496049938444486	-0.331855577409166	-0.316127081312311	0.00443834104987257	-0.127246900044038	0.948619505952596
THR155A	1.75860590767906	1.9834340293718	1.27503649069968	1.68195754694273	1.05640661444845	1.47147677315612	2.48756622698628	2.82671018800184	2.26256551728813	2.71658760325233	0.786555573161919	1.11125466008875	1.76178688012254	2.60086785522533	1.04318449187046	0.948619505952596
VAL216A	1.75860590767906	2.4799290688166	1.40466741650074	2.02792982716829	0.502438664303015	1.28560416273748	1.4769924472731	2.23844072518395	1.76085949514668	2.54330183856989	1.04579358036215	2.11434440627891	1.76178688012254	2.60086785522533	1.97952960540206	3.38899950147709
GLY262A	-0.16795674399182	0.493948911037393	-0.799058322117317	-0.393876134410639	-0.0875724622309475	0.364117555526551	-0.544155112153248	-0.114637126087588	-0.647329411132241	-0.402556161031503	-0.608122264701356	-0.480700524465714	-1.00876506845726	-0.861038163675281	-0.829505735192738	-0.515608491362097
PRO98A	-0.16795674399182	0.493948911037393	-0.0212727673109435	-0.0479038541850778	0.0299596346881685	0.34678547628986	-0.0388682222966605	0.473632336730297	0.155400224294067	0.290586897698237	-0.608122264701356	-0.480700524465714	-1.00876506845726	-0.861038163675281	-0.829505735192738	-0.515608491362097
VAL97A	0.313683918925899	0.493948911037393	-0.280534618913068	-0.0479038541850778	-0.233312262410651	0.227976747836222	0.466418667559927	0.473632336730297	0.255741428722356	-0.575841925713938	0.145818839208499	0.711230457517681	-0.316127081312311	0.00443834104987257	-0.127246900044038	-0.515608491362097
GLN144A	0.795324581843618	0.493948911037393	0.237989084291181	-0.0479038541850778	1.73025730345138	0.222916398868219	-0.0388682222966605	0.473632336730297	-0.546988206703952	0.117301133015802	0.0518592121446581	-0.292884976227005	-0.316127081312311	0.00443834104987257	-0.595419456809838	-0.0275324922571993
GLN100A	-0.649597406909539	-0.499041167852212	-0.539796470515192	-0.393876134410639	0.947493537970068	0.335547672130027	-0.544155112153248	-0.114637126087588	-0.546988206703952	-0.0559846316666328	1.85860095664936	0.872080526089609	0.37651090583264	0.869914845775026	0.575011935104662	0.948619505952596
LEU252A	0.313683918925899	0.990443950482196	0.108358158490119	0.125082285927703	4.9858963881109	8.11614909248146	0.466418667559927	1.06190179954818	0.155400224294067	0.117301133015802	1.98652189470013	3.09620895031419	1.06914889297759	1.73539135050018	0.809098213487562	0.460543506847699
PRO219A	-1.13123806982726	-0.499041167852212	-1.05832017371944	-0.220889994297858	-0.41431169166609	-0.311651486720318	-1.04944200200984	-0.702906588905473	-1.14903543327368	-0.749127690396373	-0.608122264701356	-0.480700524465714	-1.00876506845726	-0.861038163675281	-0.829505735192738	-0.515608491362097
VAL218A	0.795324581843618	1.486938989927	0.497250935893305	0.990012986491605	0.00410257336596297	-0.014737485468533	0.466418667559927	1.06190179954818	0.65710624643551	1.33030148579285	-0.518690812435773	-0.410007921179912	-0.316127081312311	0.00443834104987257	-0.127246900044038	0.460543506847699
THR256A	0.313683918925899	0.990443950482196	0.497250935893305	1.68195754694273	0.395876229763016	0.299188921706536	-0.544155112153248	-0.114637126087588	-0.747670615560529	-0.0559846316666328	4.01401216061987	5.48702976855678	1.76178688012254	2.60086785522533	2.21361588378496	3.38899950147709
ILE232A	0.795324581843618	0.493948911037393	1.5342983423018	1.50897140682995	0.327707613549929	-0.173459868861467	0.466418667559927	0.473632336730297	0.857788655292087	1.15701572111041	0.28166408315622	-0.224831786892324	1.76178688012254	1.73539135050018	1.74544332701916	1.92477150416239
TYR234A	0.313683918925899	-0.499041167852212	1.27503649069968	-0.0479038541850778	0.120851122972285	-0.517919904194939	0.466418667559927	-0.702906588905473	0.65710624643551	-0.575841925713938	0.66429485360897	-0.361505609951193	1.76178688012254	0.869914845775026	2.21361588378496	2.90092350237219
ARG174A	-0.649597406909539	-0.499041167852212	-0.150903693112006	-0.393876134410639	-0.636055581186822	-0.551325282551821	-0.544155112153248	-0.114637126087588	-0.647329411132241	-0.402556161031503	-0.429259360170189	-0.409789121537762	-0.316127081312311	0.00443834104987257	-0.361333178426938	0.460543506847699
MET169A	0.313683918925899	-0.499041167852212	-0.280534618913068	-0.91283455474898	0.494603191175074	-0.0153315839247572	0.466418667559927	-0.114637126087588	0.255741428722356	-0.575841925713938	1.32993654895281	0.347029324133866	1.76178688012254	0.00443834104987257	0.340925656721762	-0.0275324922571993
ASN200A	-0.16795674399182	-0.995536207297015	-0.0212727673109435	-0.393876134410639	-0.1204814493683	-0.398071885583223	-0.0388682222966605	-0.702906588905473	-0.0452821845625097	-0.402556161031503	-0.608122264701356	-0.480700524465714	-1.00876506845726	-0.861038163675281	-0.829505735192738	-0.515608491362097
VAL197A	2.24024657059678	1.9834340293718	2.05282204550605	2.20091596728107	1.59940490221476	1.38117389455953	2.48756622698628	2.23844072518395	2.16222431285984	1.85015877984015	1.97859758880318	1.69376815888237	1.76178688012254	1.73539135050018	1.74544332701916	1.92477150416239
ILE255A	1.75860590767906	0.493948911037393	1.92319111970499	0.990012986491605	1.23270475982712	-0.0375180696088558	0.971705557416515	-0.114637126087588	1.05847106414866	-0.402556161031503	4.4385285479565	0.833970377174867	3.14706285441244	0.869914845775026	4.32039238923106	1.92477150416239
VAL272A	1.27696524476134	1.486938989927	2.05282204550605	1.68195754694273	-0.363381116334473	-0.147403814311283	-0.0388682222966605	-0.114637126087588	0.356082633150644	0.117301133015802	0.0688398676381232	0.589531798696553	-0.316127081312311	0.00443834104987257	-0.361333178426938	-1.003684490467
VAL274A	2.72188723351449	2.97642410826141	2.18245297130711	2.54688824750663	1.91517446927079	3.33425878912694	2.48756622698628	2.82671018800184	2.66393033500128	2.54330183856989	-0.242472149742072	-0.256929863853679	1.06914889297759	0.869914845775026	0.340925656721762	-0.515608491362097
GLN136A	0.313683918925899	-0.00254612840740924	0.626881861694368	-0.566862274523419	0.454642278222574	-0.378300864044609	0.971705557416515	0.473632336730297	0.958129859720375	-0.749127690396373	0.240910509971904	-0.249187158161128	1.06914889297759	0.869914845775026	0.106839378338862	-0.0275324922571993
LYS139A	-0.649597406909539	-1.49203124674182	-0.280534618913068	-1.25880683497454	-0.695605176959175	-0.600385969456882	-0.544155112153248	-1.29117605172336	-0.647329411132241	-1.09569921976124	-0.467748845955377	-0.480700524465714	-0.316127081312311	-0.861038163675281	-0.127246900044038	-1.003684490467
LEU130A	0.795324581843618	0.990443950482196	-0.280534618913068	0.125082285927703	-0.0421267180888893	0.199848189760362	0.971705557416515	1.65017126236607	0.255741428722356	0.810444191745542	-0.608122264701356	-0.480700524465714	-1.00876506845726	-0.861038163675281	-0.829505735192738	-0.515608491362097
SER127A	-0.16795674399182	-0.499041167852212	-0.280534618913068	-0.393876134410639	-0.402558481974179	-0.358735398431603	0.466418667559927	-0.114637126087588	0.255741428722356	-0.0559846316666328	-0.608122264701356	-0.480700524465714	-1.00876506845726	-0.861038163675281	-0.829505735192738	-0.515608491362097
LEU114A	-1.13123806982726	-0.499041167852212	-0.669427396316255	-0.220889994297858	-0.44487003686506	-0.316501982607539	-0.544155112153248	-0.114637126087588	-0.747670615560529	-0.229270396349068	-0.608122264701356	-0.480700524465714	-1.00876506845726	-0.861038163675281	-0.829505735192738	-0.515608491362097
ALA276A	-0.16795674399182	-0.499041167852212	-0.0212727673109435	-0.220889994297858	-0.732431900660498	-0.600385969456882	-0.544155112153248	-1.29117605172336	-0.0452821845625097	-1.09569921976124	-0.60133000250397	-0.480700524465714	-0.316127081312311	-0.861038163675281	-0.361333178426938	-1.003684490467
TYR103A	-0.16795674399182	-1.49203124674182	-0.41016554471413	-1.25880683497454	-0.0280228664585954	-0.600385969456882	-0.0388682222966605	-1.29117605172336	-0.245964593419087	-1.09569921976124	-0.252660543038151	-0.480700524465714	-0.316127081312311	-0.861038163675281	-0.595419456809838	-1.003684490467
ALA159A	0.313683918925899	0.990443950482196	1.01577463909755	1.16299912660439	0.165513319801549	0.202986162941267	-0.0388682222966605	0.473632336730297	0.155400224294067	0.463872662380672	1.01975657527217	1.14042793302131	2.45442486726749	3.46634435995049	4.08630611084816	4.85322749879178
CYS275A	0.795324581843618	1.486938989927	0.75651278749543	1.33598526671717	-0.262303512984033	-0.216485405024676	0.466418667559927	1.06190179954818	0.857788655292087	2.02344454452259	-0.510766506538822	-0.410962654979736	-0.316127081312311	0.00443834104987257	-0.361333178426938	-0.0275324922571993
LEU133A	0.313683918925899	0.990443950482196	1.01577463909755	1.50897140682995	-0.274056722675945	0.09847603126423	0.971705557416515	1.65017126236607	1.35949467743353	1.50358725047528	-0.217567188351657	0.0372578988978245	1.76178688012254	2.60086785522533	1.97952960540206	2.90092350237219
ALA161A	0.795324581843618	1.486938989927	0.886143713296492	1.50897140682995	-0.0405596234633011	-0.106771138504609	0.466418667559927	1.06190179954818	0.757447450863798	2.19673030920502	-0.25492463043728	0.0776815571841646	0.37651090583264	0.869914845775026	0.575011935104662	-0.0275324922571993
ASP207A	-0.649597406909539	-0.499041167852212	-0.669427396316255	0.125082285927703	-0.640756865063587	-0.573636614332401	-0.544155112153248	-0.114637126087588	-0.446647002275664	0.463872662380672	-0.456428408959734	-0.447313077805236	-0.316127081312311	0.00443834104987257	-0.361333178426938	0.460543506847699
HIS193A	0.795324581843618	1.486938989927	0.237989084291181	0.644040706266044	-0.437818111049913	-0.174919909768904	0.971705557416515	1.65017126236607	0.556765042007221	0.983729956427977	-0.14285230418041	0.134260192433457	1.06914889297759	1.73539135050018	0.575011935104662	1.43669550505749
ASN131A	-0.649597406909539	-0.499041167852212	-0.41016554471413	-0.91283455474898	0.0362280131905214	0.101679293181668	-0.0388682222966605	-0.114637126087588	0.0550590198657788	-0.749127690396373	0.0337465129516285	0.534051527763392	0.37651090583264	0.869914845775026	0.106839378338862	-1.003684490467
PHE270A	1.75860590767906	-0.499041167852212	1.01577463909755	-0.220889994297858	4.94436838053281	-0.323729343895912	1.98227933712969	-0.114637126087588	1.86120069957497	0.117301133015802	3.37780360146471	-0.480700524465714	1.06914889297759	-0.861038163675281	0.575011935104662	-1.003684490467
GLY244A	-0.649597406909539	-0.00254612840740924	-0.799058322117317	-0.0479038541850778	-0.466809361623295	-0.416641558731875	-0.544155112153248	-0.114637126087588	-0.747670615560529	-0.0559846316666328	-0.608122264701356	-0.480700524465714	-1.00876506845726	-0.861038163675281	-0.829505735192738	-0.515608491362097
GLY245A	0.795324581843618	1.486938989927	0.626881861694368	1.16299912660439	1.31732786960889	1.73136803532203	0.466418667559927	1.06190179954818	0.255741428722356	1.15701572111041	-0.608122264701356	-0.480700524465714	-1.00876506845726	-0.861038163675281	-0.829505735192738	-0.515608491362097
PRO223A	-0.16795674399182	0.493948911037393	-0.799058322117317	-0.0479038541850778	-0.200403275273299	0.190040660671995	-0.0388682222966605	0.473632336730297	-0.245964593419087	0.117301133015802	-0.608122264701356	-0.480700524465714	-1.00876506845726	-0.861038163675281	-0.829505735192738	-0.515608491362097
GLU221A	-0.649597406909539	-1.49203124674182	-0.928689247918379	-1.25880683497454	-0.346143075453003	-0.600385969456882	-0.544155112153248	-1.29117605172336	-0.747670615560529	-1.09569921976124	-0.0964385124982714	-0.480700524465714	0.37651090583264	-0.861038163675281	-0.361333178426938	-1.003684490467
LYS132A	-0.649597406909539	-0.499041167852212	-0.41016554471413	-0.566862274523419	1.10733718978007	1.47808852189819	-0.544155112153248	-0.114637126087588	-0.546988206703952	-0.0559846316666328	1.06164219215606	1.39739647657891	-0.316127081312311	0.00443834104987257	-0.361333178426938	0.460543506847699
ASP228A	-0.649597406909539	-0.995536207297015	-0.799058322117317	-1.08582069486176	0.25718835539846	0.090535400123913	-0.0388682222966605	-0.702906588905473	-0.346305797847375	-0.922413455078807	0.861270457333166	0.517944352331184	0.37651090583264	0.00443834104987257	0.106839378338862	-1.003684490467
SER269A	-0.649597406909539	-1.49203124674182	-0.928689247918379	-1.25880683497454	0.241517409142577	-0.600385969456882	-0.544155112153248	-1.29117605172336	-0.647329411132241	-1.09569921976124	0.838629583341879	-0.480700524465714	0.37651090583264	-0.861038163675281	0.106839378338862	-1.003684490467
PRO191A	-0.649597406909539	-0.499041167852212	-0.0212727673109435	-0.393876134410639	0.341811465180223	-0.600385969456882	-1.04944200200984	-1.29117605172336	-0.747670615560529	-1.09569921976124	-0.608122264701356	-0.480700524465714	-1.00876506845726	-0.861038163675281	-0.829505735192738	-0.515608491362097
ALA138A	-0.649597406909539	-0.00254612840740924	-0.280534618913068	-0.0479038541850778	-0.578073080040059	-0.412375682835329	-0.544155112153248	-0.114637126087588	-0.546988206703952	-0.402556161031503	-0.608122264701356	-0.480700524465714	-1.00876506845726	-0.861038163675281	-0.829505735192738	-0.515608491362097
LEU137A	0.795324581843618	0.990443950482196	1.5342983423018	0.817026846378825	-0.368082400211238	-0.206635081416214	0.971705557416515	1.06190179954818	1.96154190400326	0.810444191745542	-0.608122264701356	-0.480700524465714	-1.00876506845726	-0.861038163675281	-0.829505735192738	-0.515608491362097
GLY112A	-0.16795674399182	0.493948911037393	-0.150903693112006	0.471054566153264	1.09636752740095	1.77949158853016	-0.544155112153248	-0.114637126087588	-0.546988206703952	-0.229270396349068	-0.608122264701356	-0.480700524465714	-1.00876506845726	-0.861038163675281	-0.829505735192738	-0.515608491362097
PHE113A	-0.16795674399182	-0.499041167852212	0.108358158490119	-0.7398484146362	2.00136467367814	3.50551951715587	-0.0388682222966605	-0.114637126087588	0.255741428722356	-0.575841925713938	3.14573464305402	5.45389877922338	0.37651090583264	0.869914845775026	0.106839378338862	-1.003684490467
HIS214A	-0.16795674399182	0.493948911037393	-0.41016554471413	0.125082285927703	-0.380619157215944	-0.226247360970778	0.466418667559927	1.06190179954818	-0.145623388990798	0.463872662380672	-0.0805899007043706	0.0331336726901668	1.06914889297759	1.73539135050018	0.340925656721762	0.948619505952596
ILE251A	0.313683918925899	0.493948911037393	1.01577463909755	1.68195754694273	-0.579640174665647	-0.446228782157941	0.971705557416515	1.06190179954818	1.15881226857695	1.67687301515772	-0.608122264701356	-0.480700524465714	-0.316127081312311	0.00443834104987257	0.106839378338862	0.460543506847699
VAL172A	-0.16795674399182	0.493948911037393	0.237989084291181	1.33598526671717	-0.215290674216387	0.260170216669735	-0.0388682222966605	0.473632336730297	-0.245964593419087	0.117301133015802	0.339398311834002	0.534545518729127	-0.316127081312311	0.00443834104987257	-0.361333178426938	0.460543506847699
SER261A	-0.16795674399182	-1.49203124674182	-0.928689247918379	-1.25880683497454	-0.759856056608291	-0.600385969456882	-1.04944200200984	-1.29117605172336	-1.04869422884539	-1.09569921976124	-0.608122264701356	-0.480700524465714	-1.00876506845726	-0.861038163675281	-0.829505735192738	-0.515608491362097
ILE195A	0.313683918925899	0.493948911037393	1.27503649069968	0.817026846378825	-0.158091720382417	-0.233879178941868	0.971705557416515	1.06190179954818	1.15881226857695	0.983729956427977	-0.198322445459063	-0.421640881214285	0.37651090583264	0.00443834104987257	0.809098213487562	-0.515608491362097
PHE109A	0.795324581843618	-0.499041167852212	1.66392926810287	0.125082285927703	0.648962011795513	-0.237911061041861	1.4769924472731	-0.114637126087588	1.66051829071839	-0.0559846316666328	0.731085431883266	0.0432139558111268	1.76178688012254	0.869914845775026	2.68178844055076	0.948619505952596
LEU145A	0.313683918925899	0.990443950482196	1.01577463909755	1.50897140682995	0.282261869407871	0.437772473796295	0.466418667559927	1.06190179954818	0.757447450863798	1.50358725047528	0.0982730038267963	0.210581897309585	0.37651090583264	0.869914845775026	0.575011935104662	1.43669550505749
SER96A	-1.13123806982726	-1.49203124674182	-0.799058322117317	-1.25880683497454	-0.612549161802999	-0.600385969456882	-0.544155112153248	-1.29117605172336	-0.145623388990798	-1.09569921976124	-0.608122264701356	-0.480700524465714	-1.00876506845726	-0.861038163675281	-0.829505735192738	-0.515608491362097
ILE254A	0.313683918925899	-0.499041167852212	0.886143713296492	-0.7398484146362	-0.281108648491092	-0.034437023640704	-0.544155112153248	-0.114637126087588	-0.747670615560529	-0.749127690396373	0.720897038587187	0.258565348062628	1.76178688012254	0.00443834104987257	1.97952960540206	-0.515608491362097
ASP186A	-0.16795674399182	-0.00254612840740924	-0.669427396316255	-0.220889994297858	-0.0358583395865365	0.268015785719962	-0.0388682222966605	-0.114637126087588	-0.546988206703952	-0.402556161031503	0.4378861136961	0.774471195486969	0.37651090583264	0.869914845775026	-0.127246900044038	-0.0275324922571993
ASN263A	-0.649597406909539	-0.499041167852212	-1.05832017371944	-0.7398484146362	-0.397857198097414	-0.540969142907027	-0.0388682222966605	-0.114637126087588	-0.848011819988818	-0.922413455078807	-0.608122264701356	-0.480700524465714	-1.00876506845726	-0.861038163675281	-0.829505735192738	-0.515608491362097
ASP259A	0.313683918925899	0.493948911037393	-0.41016554471413	-0.7398484146362	-0.372783684088002	-0.462927351986403	-0.544155112153248	-0.702906588905473	-0.546988206703952	-0.749127690396373	-0.608122264701356	-0.480700524465714	-1.00876506845726	-0.861038163675281	-0.829505735192738	-0.515608491362097
THR123A	-0.16795674399182	-0.00254612840740924	0.497250935893305	0.471054566153264	-0.557700849907412	-0.433673028187489	-0.0388682222966605	-0.114637126087588	0.456423837578933	-0.0559846316666328	-0.316054990213755	-0.239736744758864	0.37651090583264	0.869914845775026	0.575011935104662	0.948619505952596
SER185A	-0.649597406909539	-0.499041167852212	-0.928689247918379	-0.566862274523419	-0.612549161802999	-0.391610342569568	-0.544155112153248	-0.114637126087588	-0.848011819988818	-0.402556161031503	-0.608122264701356	-0.480700524465714	-0.316127081312311	-0.861038163675281	-0.127246900044038	-1.003684490467
TYR107A	-0.16795674399182	-0.995536207297015	-0.150903693112006	-0.91283455474898	-0.626653013433293	-0.548753575224604	-0.0388682222966605	-0.702906588905473	-0.346305797847375	-0.575841925713938	-0.426995272771061	-0.406072023673928	-0.316127081312311	0.00443834104987257	-0.595419456809838	-0.0275324922571993
VAL122A	1.75860590767906	1.486938989927	1.01577463909755	1.50897140682995	-0.458973888495354	-0.26922821613957	0.971705557416515	1.06190179954818	0.857788655292087	0.637158427063107	-0.344356082702863	-0.400164647304674	1.76178688012254	1.73539135050018	1.04318449187046	0.460543506847699
GLY105A	0.795324581843618	1.486938989927	0.237989084291181	0.817026846378825	-0.267788344173592	0.17721012390645	0.971705557416515	1.65017126236607	0.456423837578933	0.463872662380672	-0.252660543038151	0.0812609295024331	0.37651090583264	0.869914845775026	0.106839378338862	-0.515608491362097
VAL157A	1.75860590767906	1.9834340293718	1.66392926810287	2.37390210739385	-0.214507126903593	-0.231360279003057	1.4769924472731	1.65017126236607	1.45983588186182	2.19673030920502	-0.091910337700014	-0.0180102691467123	1.06914889297759	1.73539135050018	1.74544332701916	2.41284750326729
LEU111A	0.795324581843618	0.990443950482196	0.75651278749543	0.990012986491605	2.03035592425152	3.55428398048554	0.971705557416515	1.65017126236607	0.857788655292087	1.15701572111041	3.23743018271873	5.37762776106464	1.06914889297759	1.73539135050018	1.51135704863626	0.948619505952596
VAL143A	0.795324581843618	0.990443950482196	0.626881861694368	1.16299912660439	-0.352411453955356	-0.116245726614425	0.466418667559927	0.473632336730297	0.0550590198657788	0.290586897698237	-0.434919578668011	-0.206878542118177	-0.316127081312311	0.00443834104987257	-0.127246900044038	-0.0275324922571993
PRO278A	2.24024657059678	2.4799290688166	1.5342983423018	2.37390210739385	0.181967813370225	0.429707409345185	2.48756622698628	2.82671018800184	1.76085949514668	1.85015877984015	0.0948768727281032	0.630694580356641	0.37651090583264	0.869914845775026	0.106839378338862	0.460543506847699
GLU285A	0.313683918925899	-0.00254612840740924	0.367620010092243	-0.220889994297858	0.327707613549929	-0.255187302643813	0.466418667559927	0.473632336730297	0.155400224294067	0.117301133015802	-0.608122264701356	-0.480700524465714	-1.00876506845726	-0.861038163675281	-0.829505735192738	-0.515608491362097
THR284A	-0.649597406909539	-0.00254612840740924	-0.928689247918379	-0.566862274523419	-0.759856056608291	-0.600385969456882	-1.55472889186642	-1.29117605172336	-1.24937663770197	-0.922413455078807	-0.608122264701356	-0.480700524465714	-1.00876506845726	-0.861038163675281	-0.829505735192738	-0.515608491362097
CYS135A	-0.16795674399182	-0.00254612840740924	1.40466741650074	1.16299912660439	-0.474644834751236	-0.499717189167321	0.466418667559927	0.473632336730297	1.45983588186182	1.33030148579285	-0.32511133981027	-0.403824085516365	0.37651090583264	0.00443834104987257	0.340925656721762	0.948619505952596
HIS168A	-0.649597406909539	-0.499041167852212	-0.799058322117317	-0.220889994297858	-0.612549161802999	-0.479646616313279	-0.544155112153248	-0.702906588905473	-0.446647002275664	-0.229270396349068	-0.395298049183259	-0.306186112619128	-0.316127081312311	0.00443834104987257	-0.127246900044038	0.460543506847699
GLU286A	-0.649597406909539	-0.499041167852212	-0.280534618913068	-0.220889994297858	-0.730081258722115	-0.576790702344074	-0.544155112153248	-0.702906588905473	-0.446647002275664	-0.749127690396373	-0.608122264701356	-0.480700524465714	-1.00876506845726	-0.861038163675281	-0.829505735192738	-0.515608491362097
SER240A	-0.649597406909539	-0.499041167852212	0.367620010092243	0.471054566153264	-0.612549161802999	-0.403510525436548	-0.0388682222966605	-0.114637126087588	0.556765042007221	0.463872662380672	-0.428127316470625	-0.196140425163372	0.37651090583264	0.869914845775026	0.340925656721762	-0.0275324922571993
ARG209A	-1.13123806982726	-1.49203124674182	-1.44721295112263	-1.25880683497454	-0.759856056608291	-0.600385969456882	-1.55472889186642	-1.29117605172336	-1.24937663770197	-0.922413455078807	-0.608122264701356	-0.480700524465714	-1.00876506845726	-0.861038163675281	-0.829505735192738	-0.515608491362097
ASN210A	-0.649597406909539	-0.995536207297015	-1.05832017371944	-1.25880683497454	-0.759856056608291	-0.600385969456882	-1.55472889186642	-1.29117605172336	-1.24937663770197	-0.922413455078807	-0.608122264701356	-0.480700524465714	-1.00876506845726	-0.861038163675281	-0.829505735192738	-0.515608491362097
ALA119A	-0.649597406909539	-0.499041167852212	-0.539796470515192	-0.7398484146362	-0.466809361623295	-0.137295302390184	-1.04944200200984	-0.702906588905473	-0.848011819988818	-0.575841925713938	-0.395298049183259	-0.144239526548479	0.37651090583264	0.00443834104987257	0.106839378338862	-1.003684490467
LYS120A	-1.61287873274498	-1.49203124674182	-1.57684387692369	-1.25880683497454	-0.759856056608291	-0.600385969456882	-1.55472889186642	-1.29117605172336	-1.24937663770197	-0.922413455078807	-0.395298049183259	-0.480700524465714	-0.316127081312311	-0.861038163675281	-0.595419456809838	-1.003684490467
HIS178A	-0.16795674399182	-0.995536207297015	-0.41016554471413	-0.91283455474898	-0.705007744712704	-0.5998159367874	-0.544155112153248	-0.702906588905473	-0.546988206703952	-0.749127690396373	-0.608122264701356	-0.480700524465714	-1.00876506845726	-0.861038163675281	-0.829505735192738	-0.515608491362097
CYS277A	0.795324581843618	-0.00254612840740924	0.108358158490119	-0.7398484146362	-0.538895714400353	-0.509415838282027	-0.544155112153248	-0.702906588905473	-0.446647002275664	-0.922413455078807	-0.608122264701356	-0.480700524465714	-1.00876506845726	-0.861038163675281	-0.829505735192738	-0.515608491362097
ARG280A	-0.16795674399182	-0.995536207297015	-0.280534618913068	-0.91283455474898	-0.637622675812411	-0.498195287630654	-1.04944200200984	-0.702906588905473	-1.14903543327368	-0.922413455078807	-0.608122264701356	-0.480700524465714	-1.00876506845726	-0.861038163675281	-0.829505735192738	-0.515608491362097
PHE212A	-1.13123806982726	-1.49203124674182	-1.05832017371944	-1.25880683497454	-0.612549161802999	-0.600385969456882	-1.04944200200984	-1.29117605172336	-1.04869422884539	-1.09569921976124	-0.608122264701356	-0.480700524465714	-1.00876506845726	-0.861038163675281	-0.829505735192738	-0.515608491362097
ARG267A	-0.16795674399182	-0.00254612840740924	-0.41016554471413	-0.220889994297858	-0.549081829466677	-0.308377620250255	-0.544155112153248	-0.114637126087588	-1.04869422884539	-0.922413455078807	-0.608122264701356	-0.480700524465714	-1.00876506845726	-0.861038163675281	-0.829505735192738	-0.515608491362097
LYS101A	-1.13123806982726	-1.49203124674182	-1.05832017371944	-1.25880683497454	-0.674449399513734	-0.600385969456882	-1.04944200200984	-1.29117605172336	-1.14903543327368	-1.09569921976124	-0.608122264701356	-0.480700524465714	-1.00876506845726	-0.861038163675281	-0.829505735192738	-0.515608491362097
CYS182A	0.313683918925899	-0.00254612840740924	-0.799058322117317	-0.393876134410639	-0.466809361623295	-0.137865335059666	-0.544155112153248	-0.114637126087588	-0.546988206703952	-0.229270396349068	-0.395298049183259	-0.480700524465714	-0.316127081312311	-0.861038163675281	-0.829505735192738	-1.003684490467
PRO151A	-0.16795674399182	-0.499041167852212	-0.41016554471413	-1.08582069486176	-0.319502466818003	-0.455595424157206	0.466418667559927	-0.114637126087588	0.0550590198657788	-0.749127690396373	-0.18473792106429	-0.480700524465714	0.37651090583264	-0.861038163675281	0.340925656721762	-1.003684490467
THR150A	-1.61287873274498	-0.995536207297015	-1.44721295112263	-1.08582069486176	-0.612549161802999	-0.512392970883459	-1.04944200200984	-0.702906588905473	-0.948353024417106	-0.749127690396373	-0.608122264701356	-0.480700524465714	-1.00876506845726	-0.861038163675281	-0.829505735192738	-0.515608491362097
ASP268A	-0.649597406909539	-0.00254612840740924	-0.280534618913068	0.125082285927703	-0.612549161802999	-0.447322147407213	-0.544155112153248	-0.114637126087588	-0.245964593419087	0.463872662380672	-0.395298049183259	-0.259464927417099	0.37651090583264	0.869914845775026	0.106839378338862	0.948619505952596
SER99A	-0.16795674399182	-0.00254612840740924	-0.669427396316255	-0.566862274523419	-0.600012404798294	-0.559315737270617	-0.544155112153248	-0.702906588905473	-0.948353024417106	-0.749127690396373	-0.608122264701356	-0.480700524465714	-1.00876506845726	-0.861038163675281	-0.829505735192738	-0.515608491362097
SER149A	-0.649597406909539	-0.995536207297015	-0.669427396316255	-1.08582069486176	-0.75202058348035	-0.588003866059377	-0.544155112153248	-0.702906588905473	-0.647329411132241	-0.922413455078807	-0.608122264701356	-0.480700524465714	-1.00876506845726	-0.861038163675281	-0.829505735192738	-0.515608491362097
PRO222A	-0.649597406909539	-0.995536207297015	-0.928689247918379	-1.25880683497454	-0.759856056608291	-0.600385969456882	-1.04944200200984	-1.29117605172336	-0.948353024417106	-1.09569921976124	-0.218699232051221	0.13495151427646	-0.316127081312311	0.00443834104987257	-0.595419456809838	-1.003684490467
LEU206A	-0.16795674399182	-0.499041167852212	-0.0212727673109435	-0.220889994297858	-0.585908553168	-0.543043917168675	-0.0388682222966605	-0.702906588905473	-0.0452821845625097	-0.402556161031503	-0.356808563398071	-0.397819390281977	1.06914889297759	0.00443834104987257	1.51135704863626	0.460543506847699
GLY117A	-0.649597406909539	-0.00254612840740924	-0.539796470515192	-0.0479038541850778	-0.50206899069903	-0.376301782880725	-0.544155112153248	-0.114637126087588	-0.245964593419087	0.290586897698237	-0.0930423813995784	0.0830380040803046	0.37651090583264	0.869914845775026	0.106839378338862	-0.0275324922571993
SER116A	-1.13123806982726	-1.49203124674182	-0.799058322117317	-1.25880683497454	-0.724596427532556	-0.600385969456882	-1.04944200200984	-1.29117605172336	-0.848011819988818	-1.09569921976124	-0.395298049183259	-0.480700524465714	0.37651090583264	-0.861038163675281	0.340925656721762	-1.003684490467
SER215A	0.313683918925899	-0.499041167852212	0.497250935893305	-0.220889994297858	-0.207455201088446	-0.351581095284165	0.466418667559927	-0.114637126087588	0.155400224294067	-0.229270396349068	0.225061898178003	-0.121082594185985	1.76178688012254	0.869914845775026	2.44770216216786	0.948619505952596
ARG202A	-0.649597406909539	-0.499041167852212	-0.799058322117317	-1.08582069486176	-0.0852218202925652	0.176978650331759	-0.544155112153248	-0.114637126087588	-1.04869422884539	-0.922413455078807	-0.608122264701356	-0.480700524465714	-1.00876506845726	-0.861038163675281	-0.829505735192738	-0.515608491362097
ARG290A	-1.61287873274498	-0.995536207297015	-1.83610572852581	-1.25880683497454	-0.759072509295497	-0.599387263859866	-1.04944200200984	-0.702906588905473	-1.24937663770197	-0.922413455078807	-0.608122264701356	-0.480700524465714	-1.00876506845726	-0.861038163675281	-0.829505735192738	-0.515608491362097
GLU287A	-1.61287873274498	-0.995536207297015	-1.83610572852581	-1.25880683497454	-0.759072509295497	-0.600146464714148	-1.04944200200984	-0.702906588905473	-1.24937663770197	-0.922413455078807	-0.608122264701356	-0.480700524465714	-1.00876506845726	-0.861038163675281	-0.829505735192738	-0.515608491362097
PRO177A	-0.16795674399182	0.493948911037393	-0.669427396316255	-0.0479038541850778	-0.623518824182117	-0.463637837215168	-0.544155112153248	-0.114637126087588	-1.04869422884539	-0.749127690396373	-0.608122264701356	-0.480700524465714	-1.00876506845726	-0.861038163675281	-0.829505735192738	-0.515608491362097
SER166A	-1.61287873274498	-0.995536207297015	-1.57684387692369	-1.08582069486176	-0.759856056608291	-0.600385969456882	-1.55472889186642	-1.29117605172336	-1.24937663770197	-0.922413455078807	-0.608122264701356	-0.480700524465714	-1.00876506845726	-0.861038163675281	-0.829505735192738	-0.515608491362097
LEU289A	-1.13123806982726	-0.499041167852212	-0.928689247918379	-0.220889994297858	-0.612549161802999	-0.483994197520332	-0.544155112153248	-0.114637126087588	-0.747670615560529	-0.0559846316666328	-0.608122264701356	-0.480700524465714	-1.00876506845726	-0.861038163675281	-0.829505735192738	-0.515608491362097
MET160A	0.313683918925899	-0.995536207297015	0.237989084291181	-0.91283455474898	-0.482480307879177	-0.222731815832971	-0.0388682222966605	-0.702906588905473	-0.145623388990798	-0.749127690396373	0.132234314813727	0.065153754070225	1.76178688012254	0.00443834104987257	1.97952960540206	-0.0275324922571993
GLY226A	-1.13123806982726	-0.499041167852212	-1.70647480272475	-1.25880683497454	-0.466809361623295	-0.25962608228742	-1.04944200200984	-0.702906588905473	-1.14903543327368	-0.922413455078807	-0.608122264701356	-0.480700524465714	-1.00876506845726	-0.861038163675281	-0.829505735192738	-0.515608491362097
SER227A	-1.13123806982726	-0.995536207297015	-1.44721295112263	-1.08582069486176	-0.0295899610841836	-0.478055189559647	-0.544155112153248	-0.702906588905473	-0.948353024417106	-0.922413455078807	0.0235581196555494	-0.480700524465714	-0.316127081312311	-0.861038163675281	-0.595419456809838	-1.003684490467
THR102A	-1.61287873274498	-0.995536207297015	-1.44721295112263	-1.25880683497454	-0.759856056608291	-0.600385969456882	-1.55472889186642	-1.29117605172336	-1.24937663770197	-0.922413455078807	-0.608122264701356	-0.480700524465714	-1.00876506845726	-0.861038163675281	-0.829505735192738	-0.515608491362097
GLY199A	-1.13123806982726	-0.499041167852212	-1.1879510995205	-0.7398484146362	-0.49815125413506	-0.186823715980205	-1.04944200200984	-0.702906588905473	-1.04869422884539	-0.922413455078807	-0.608122264701356	-0.480700524465714	-1.00876506845726	-0.861038163675281	-0.829505735192738	-0.515608491362097
ASN288A	-1.61287873274498	-0.995536207297015	-1.57684387692369	-0.91283455474898	-0.759856056608291	-0.600385969456882	-1.55472889186642	-1.29117605172336	-1.24937663770197	-0.922413455078807	-0.608122264701356	-0.480700524465714	-1.00876506845726	-0.861038163675281	-0.829505735192738	-0.515608491362097
SER106A	-1.61287873274498	-1.49203124674182	-1.1879510995205	-1.25880683497454	-0.612549161802999	-0.600385969456882	-1.04944200200984	-1.29117605172336	-0.848011819988818	-1.09569921976124	-0.608122264701356	-0.480700524465714	-1.00876506845726	-0.861038163675281	-0.829505735192738	-0.515608491362097
MET243A	-1.13123806982726	-1.49203124674182	-1.1879510995205	-1.25880683497454	-0.759856056608291	-0.600385969456882	-1.04944200200984	-1.29117605172336	-1.14903543327368	-1.09569921976124	-0.608122264701356	-0.480700524465714	-1.00876506845726	-0.861038163675281	-0.829505735192738	-0.515608491362097
SER260A	-0.649597406909539	-0.995536207297015	-0.799058322117317	-1.25880683497454	-0.736349637224468	-0.600385969456882	-1.04944200200984	-1.29117605172336	-1.04869422884539	-1.09569921976124	-0.608122264701356	-0.480700524465714	-1.00876506845726	-0.861038163675281	-0.829505735192738	-0.515608491362097
THR170A	-0.16795674399182	-0.00254612840740924	-0.41016554471413	-0.220889994297858	-0.707358386651086	-0.596671338437631	-0.544155112153248	-0.702906588905473	-0.145623388990798	-0.575841925713938	-0.47114497705407	-0.264148499210473	0.37651090583264	0.869914845775026	0.340925656721762	-0.0275324922571993
ASN247A	-1.13123806982726	-1.49203124674182	-1.05832017371944	-1.25880683497454	-0.759072509295497	-0.600385969456882	-1.04944200200984	-1.29117605172336	-1.14903543327368	-1.09569921976124	-0.608122264701356	-0.480700524465714	-1.00876506845726	-0.861038163675281	-0.829505735192738	-0.515608491362097
VAL225A	-1.61287873274498	-0.995536207297015	-1.70647480272475	-1.08582069486176	-0.759856056608291	-0.600385969456882	-1.55472889186642	-1.29117605172336	-1.24937663770197	-0.922413455078807	-0.608122264701356	-0.480700524465714	-1.00876506845726	-0.861038163675281	-0.829505735192738	-0.515608491362097
ARG248A	-1.13123806982726	-0.995536207297015	-1.31758202532157	-1.25880683497454	-0.612549161802999	-0.599147759117132	-0.544155112153248	-0.702906588905473	-0.848011819988818	-1.09569921976124	-0.396430092882823	-0.480700524465714	-0.316127081312311	-0.861038163675281	-0.361333178426938	-1.003684490467
SER183A	-1.61287873274498	-0.995536207297015	-1.44721295112263	-0.7398484146362	-0.759856056608291	-0.600385969456882	-1.55472889186642	-1.29117605172336	-1.24937663770197	-0.922413455078807	-0.395298049183259	-0.144239526548479	-0.316127081312311	0.00443834104987257	-0.829505735192738	-1.003684490467
GLU180A	-1.61287873274498	-0.995536207297015	-1.31758202532157	-0.91283455474898	-0.612549161802999	-0.367602425583783	-1.04944200200984	-0.702906588905473	-1.04869422884539	-1.09569921976124	-0.395298049183259	-0.144239526548479	-0.316127081312311	0.00443834104987257	-0.595419456809838	-1.003684490467
SER121A	-1.61287873274498	-0.995536207297015	-0.928689247918379	-0.220889994297858	-0.759856056608291	-0.600385969456882	-1.55472889186642	-1.29117605172336	-1.24937663770197	-0.922413455078807	-0.395298049183259	-0.144239526548479	-0.316127081312311	0.00443834104987257	-0.127246900044038	0.460543506847699
HIS115A	-2.0945193956627	-1.49203124674182	-1.83610572852581	-1.25880683497454	-0.759856056608291	-0.600385969456882	-1.55472889186642	-1.29117605172336	-1.24937663770197	-0.922413455078807	-0.608122264701356	-0.480700524465714	-1.00876506845726	-0.861038163675281	-0.829505735192738	-0.515608491362097
ARG181A	-2.0945193956627	-1.49203124674182	-1.83610572852581	-1.25880683497454	-0.759856056608291	-0.600385969456882	-1.55472889186642	-1.29117605172336	-1.24937663770197	-0.922413455078807	-0.608122264701356	-0.480700524465714	-1.00876506845726	-0.861038163675281	-0.829505735192738	-0.515608491362097
LEU201A	-2.0945193956627	-1.49203124674182	-1.83610572852581	-1.25880683497454	-0.759856056608291	-0.600385969456882	-1.55472889186642	-1.29117605172336	-1.24937663770197	-0.922413455078807	-0.608122264701356	-0.480700524465714	-1.00876506845726	-0.861038163675281	-0.829505735192738	-0.515608491362097
GLU224A	-2.0945193956627	-1.49203124674182	-1.83610572852581	-1.25880683497454	-0.759856056608291	-0.600385969456882	-1.55472889186642	-1.29117605172336	-1.24937663770197	-0.922413455078807	-0.608122264701356	-0.480700524465714	-1.00876506845726	-0.861038163675281	-0.829505735192738	-0.515608491362097
