Degree	Degree_sidechain	SecondOrderDegree	SecondOrderDegree_sidechain	NodeEdgeBetweennessSTRIDE	NodeEdgeBetweennessSTRIDE_sidechain	IntermodularDegreeSTRIDE	IntermodularDegreeSTRIDE_sidechain	SecondOrderIntermodularDegreeSTRIDE	SecondOrderIntermodularDegreeSTRIDE_sidechain	NodeEdgeBetweennessWALKTRAP	NodeEdgeBetweennessWALKTRAP_sidechain	IntermodularDegreeWALKTRAP	IntermodularDegreeWALKTRAP_sidechain	SecondOrderIntermodularDegreeWALKTRAP	SecondOrderIntermodularDegreeWALKTRAP_sidechain
CYS229A	-0.197490837396617	-0.0333304700138817	0.147772124211973	0.0500743698388196	0.177661119498007	-0.0858146235454362	0.427273797172269	0.434001672446129	0.112068618926574	0.4208367000154	0.58890585312582	0.200845216743968	0.724031796639137	0.511985273318325	0.560921008803189	0.0122031358663235
TRP146A	0.765276994911891	-0.533287520222109	0.517202434741905	-0.960046538978746	0.334615803371768	-0.193405382051114	0.427273797172269	-0.153708925658004	0.0108955601734169	-0.633507923149521	0.435308740365807	0.0617328115929445	1.35715377127874	0.511985273318325	0.560921008803189	-0.327741363266974
ARG196A	1.24666091106615	0.966583630402573	1.25606305580177	1.06019527865639	0.188188567806613	0.411196112610921	1.45589590147588	1.6094228686544	1.73083755897709	2.1780777386236	-0.159880071579242	-0.341545872461446	0.0909098219995329	-0.23866982665967	0.361686770703695	-0.667685862400271
ASP184A	0.283893078757637	0.966583630402573	0.270915561055284	0.72348830905053	-0.124763759185581	-0.469420836227339	0.941584849324075	1.6094228686544	1.12379920645815	2.1780777386236	-0.542672876035837	-0.519190022198002	0.0909098219995329	0.511985273318325	-0.0367817054952911	0.352147634999621
CYS242A	0.765276994911891	0.466626580194346	0.270915561055284	-0.118279114964108	-0.49226740923146	-0.359042475487136	0.427273797172269	0.434001672446129	0.820280030198677	0.77228490773704	-0.435874883569891	-0.288642221291052	0.0909098219995329	0.511985273318325	0.560921008803189	0.692092134132918
HIS179A	0.765276994911891	0.466626580194346	0.517202434741905	0.0500743698388196	1.22274962431598	-0.220350113133538	1.45589590147588	1.02171227055026	1.32614532396446	0.77228490773704	0.552906529822692	-0.461805748172276	0.0909098219995329	-0.23866982665967	0.760155246902682	0.692092134132918
ARG202A	-0.678874753550872	-0.533287520222109	-1.08366224422113	-1.12840002378167	-0.254921301910163	-0.143904269151511	-0.601348307131342	-0.153708925658004	-1.10200808611132	-0.809232027010341	0.0465160486920247	0.125736625384747	0.0909098219995329	0.511985273318325	-0.634484419793771	0.0122031358663235
GLU221A	-0.678874753550872	-1.03324457043034	-0.714231933691202	-1.12840002378167	-0.577444036455635	-0.6012678275617	-0.601348307131342	-0.741419523762137	-0.798488909851843	-0.809232027010341	-0.4010755377102	-0.465624059515657	-0.542212152640072	-0.23866982665967	-0.833718657893264	-0.327741363266974
ARG175A	1.24666091106615	1.4665406806108	0.763489308428526	1.22854876345931	1.72806714312906	2.65202108135372	1.97020695362769	2.19713346675853	2.13552979398972	2.52952594634524	0.890100191428658	1.12790420267225	0.724031796639137	0.511985273318325	1.15862372310167	0.352147634999621
GLY279A	0.765276994911891	1.4665406806108	0.763489308428526	1.7336092178681	-0.539162406242523	-0.205285788334029	-0.0870372549795365	0.434001672446129	-0.191450557332898	0.24511259615458	-0.693870033908975	-0.590882324709445	-1.17533412727968	-0.989324926637666	-1.03295289599276	-0.667685862400271
THR118A	0.283893078757637	-0.0333304700138817	-0.0985147494746487	0.218427854641747	0.455202938543072	0.186507068265742	0.941584849324075	0.434001672446129	0.112068618926574	0.4208367000154	0.10411496597703	0.385747788359742	-0.542212152640072	-0.23866982665967	-0.435250181694278	0.0122031358663235
PRO128A	-0.197490837396617	0.466626580194346	-0.467945060004581	0.0500743698388196	0.0551599028160475	0.7015763765131	-0.0870372549795365	0.434001672446129	0.0108955601734169	0.4208367000154	0.0105167253888967	0.608793884057567	-0.542212152640072	-0.23866982665967	-0.435250181694278	-0.667685862400271
TYR126A	0.283893078757637	-1.03324457043034	0.147772124211973	-1.12840002378167	2.55112219271098	0.258231052362241	0.427273797172269	-0.741419523762137	0.314414736432889	-0.809232027010341	3.43645232640324	0.645688455346105	1.35715377127874	-0.23866982665967	1.15862372310167	-0.327741363266974
ARG267A	0.283893078757637	0.466626580194346	-0.221658186317959	-0.118279114964108	0.459031101564384	0.166166158027286	-0.0870372549795365	0.434001672446129	-0.798488909851843	-0.633507923149521	-0.375876011398011	-0.114036852678384	-0.542212152640072	-0.23866982665967	-0.634484419793771	0.0122031358663235
LEU264A	-0.678874753550872	-0.0333304700138817	-0.467945060004581	0.0500743698388196	-0.384121803879418	0.0637284686925323	-1.11565935928315	-0.741419523762137	-1.10200808611132	-1.16068023473198	-0.693870033908975	-0.590882324709445	-1.17533412727968	-0.989324926637666	-1.03295289599276	-0.667685862400271
CYS176A	0.765276994911891	0.966583630402573	0.517202434741905	0.218427854641747	1.11364697820861	0.419630909082745	0.427273797172269	0.434001672446129	0.820280030198677	0.77228490773704	-0.0386823497920449	-0.332845736297412	-0.542212152640072	-0.23866982665967	0.162452532604202	0.692092134132918
ARG249A	0.765276994911891	0.966583630402573	0.640345871585216	0.386781339444675	2.27549445517657	2.33998417069154	1.45589590147588	1.6094228686544	0.921453088951834	0.94800901159786	2.2604744318344	2.52087322391669	1.99027574591835	2.01329547327432	0.959389485002175	1.37198113239951
GLU171A	-1.16025866970513	-1.03324457043034	-0.837375370534513	-0.623339569372891	-0.671234030477761	-0.609601317093308	-1.11565935928315	-0.741419523762137	-0.798488909851843	-0.28205971542788	-0.474274161759894	-0.476399072055249	0.0909098219995329	-0.23866982665967	0.162452532604202	0.352147634999621
THR230A	0.283893078757637	0.966583630402573	-0.0985147494746487	0.891841793853458	-0.639651685551943	-0.448410096934201	0.427273797172269	1.02171227055026	-0.292623616086055	0.24511259615458	-0.375876011398011	-0.255033345365426	0.0909098219995329	0.511985273318325	-0.236015943594784	0.692092134132918
THR231A	0.283893078757637	0.966583630402573	0.394058997898594	1.39690224826224	-0.635823522530632	-0.351981848897969	-0.601348307131342	-0.153708925658004	-0.697315851098685	-0.28205971542788	-0.590671973773341	-0.501644397104746	-0.542212152640072	-0.23866982665967	-0.833718657893264	-0.327741363266974
ARG283A	-0.197490837396617	0.466626580194346	-0.591088496847892	-0.118279114964108	-0.603284136849486	-0.417166048813807	-0.601348307131342	-0.153708925658004	-0.697315851098685	-0.633507923149521	-0.693870033908975	-0.590882324709445	-1.17533412727968	-0.989324926637666	-1.03295289599276	-0.667685862400271
TYR163A	-0.197490837396617	-0.533287520222109	0.640345871585216	0.0500743698388196	1.68212918687333	-0.577723443288669	0.427273797172269	-0.153708925658004	1.02262614770499	0.4208367000154	0.842101093691154	-0.435181705827367	-0.542212152640072	-0.23866982665967	-0.236015943594784	0.352147634999621
ARG213A	1.7280448272204	0.966583630402573	0.886632745271837	0.72348830905053	1.17298350503893	-0.0337524340182241	2.48451800577949	1.6094228686544	1.52849144147078	1.12373311545868	0.136514356949845	-0.181462666210551	0.724031796639137	0.511985273318325	0.361686770703695	0.352147634999621
THR211A	0.765276994911891	0.966583630402573	-0.221658186317959	-0.118279114964108	-0.156346104111399	0.439922596398005	-0.0870372549795365	-0.153708925658004	0.0108955601734169	0.0693884922937598	-0.693870033908975	-0.590882324709445	-1.17533412727968	-0.989324926637666	-1.03295289599276	-0.667685862400271
GLN165A	-0.678874753550872	-0.533287520222109	-0.960518807377824	-0.623339569372891	0.0226205171349019	-0.412703822621056	-0.0870372549795365	-0.153708925658004	-0.596142792345528	-0.28205971542788	-0.693870033908975	-0.590882324709445	-1.17533412727968	-0.989324926637666	-1.03295289599276	-0.667685862400271
GLN167A	-0.678874753550872	-0.533287520222109	-1.32994911790776	-0.960046538978746	-0.497052613008099	-0.122787947564803	-1.11565935928315	-0.741419523762137	-1.10200808611132	-0.809232027010341	-0.693870033908975	-0.590882324709445	-1.17533412727968	-0.989324926637666	-1.03295289599276	-0.667685862400271
GLY154A	-0.197490837396617	0.466626580194346	-0.0985147494746487	0.555134824247603	-0.615725666668748	-0.318788249394545	-0.0870372549795365	0.434001672446129	0.0108955601734169	0.4208367000154	-0.588272018886466	-0.411033080464986	-0.542212152640072	-0.23866982665967	-0.435250181694278	-0.327741363266974
PRO153A	-1.16025866970513	-1.03324457043034	-1.20680568106445	-0.791693054175819	-0.845415447947422	-0.69814367229082	-1.62997041143495	-1.32913012186627	-1.30435420361763	-0.984956130871161	-0.693870033908975	-0.590882324709445	-1.17533412727968	-0.989324926637666	-1.03295289599276	-0.667685862400271
ILE162A	0.283893078757637	-0.533287520222109	0.640345871585216	-0.454986084569963	1.92138937570528	-0.0760720005019717	0.427273797172269	-0.153708925658004	0.415587795186047	0.0693884922937598	1.54048796577184	0.113298877702441	0.724031796639137	-0.23866982665967	0.361686770703695	-0.667685862400271
VAL173A	1.24666091106615	1.96649773081903	0.640345871585216	1.7336092178681	2.67649453165892	4.39134699497243	0.941584849324075	1.6094228686544	0.921453088951834	2.00235363476278	1.5968869056134	1.2694862288225	1.35715377127874	2.01329547327432	0.760155246902682	2.05187013066611
THR253A	0.765276994911891	1.4665406806108	1.50234992948839	1.06019527865639	1.00550137285656	0.853954638276398	0.427273797172269	1.02171227055026	0.719106971445519	0.77228490773704	1.25129340190338	1.09609997985252	0.724031796639137	1.26264037329632	0.760155246902682	0.352147634999621
TYR236A	1.24666091106615	-0.0333304700138817	1.99492367686163	0.218427854641747	1.71849673557578	-0.0664705928004707	1.97020695362769	0.434001672446129	2.13552979398972	0.24511259615458	0.725703281677706	0.146172390582862	0.724031796639137	-0.23866982665967	0.560921008803189	0.0122031358663235
ARG156A	1.24666091106615	-0.0333304700138817	1.37920649264508	0.218427854641747	-0.507580061316705	-0.536333512064272	0.941584849324075	-0.153708925658004	1.12379920645815	-0.28205971542788	-0.270277996375502	-0.381665465570009	1.35715377127874	0.511985273318325	1.55709219930065	1.03203663326622
VAL217A	0.765276994911891	1.4665406806108	1.00977618211515	1.7336092178681	0.68776384208773	1.20591132234687	0.427273797172269	1.02171227055026	0.617933912692362	0.94800901159786	1.97247984540937	2.29319513918235	1.99027574591835	2.76395057325231	3.1509661040966	4.77142612373249
GLU271A	0.283893078757637	-0.0333304700138817	0.147772124211973	-0.454986084569963	1.5366589920635	0.111333153838583	0.427273797172269	0.434001672446129	0.0108955601734169	0.0693884922937598	2.34087292054472	-0.00877178015086506	0.724031796639137	-0.23866982665967	0.560921008803189	-0.327741363266974
PRO250A	0.283893078757637	0.466626580194346	-0.221658186317959	-0.118279114964108	0.876300870887309	1.86474344495228	0.941584849324075	1.02171227055026	0.516760853939204	0.4208367000154	0.171313702809535	0.882655233247992	-0.542212152640072	-0.23866982665967	-0.236015943594784	0.352147634999621
ALA203A	0.283893078757637	0.466626580194346	-0.0985147494746487	0.0500743698388196	-0.670276989722433	-0.601650351501469	-0.0870372549795365	-0.153708925658004	-0.292623616086055	-0.28205971542788	-0.474274161759894	-0.4661186542748	-0.542212152640072	-0.23866982665967	-0.435250181694278	0.352147634999621
GLU204A	-0.197490837396617	-1.03324457043034	0.270915561055284	-0.960046538978746	-0.670276989722433	-0.69814367229082	0.427273797172269	-0.741419523762137	0.314414736432889	-0.809232027010341	-0.693870033908975	-0.590882324709445	0.0909098219995329	-0.23866982665967	0.760155246902682	-0.327741363266974
THR125A	1.7280448272204	1.96649773081903	1.6254933663317	2.74373012668566	0.748057409673382	1.10700989027692	1.45589590147588	1.6094228686544	1.73083755897709	2.35380184248442	0.380109777967678	0.702514401077709	1.99027574591835	2.01329547327432	2.75249762789761	1.71192563153281
CYS124A	0.765276994911891	0.466626580194346	1.25606305580177	1.39690224826224	-0.697074130871612	-0.533306966696257	0.941584849324075	0.434001672446129	0.617933912692362	0.94800901159786	-0.557072605357088	-0.513823406368542	1.35715377127874	0.511985273318325	1.35785796120116	1.71192563153281
CYS141A	1.7280448272204	1.4665406806108	1.6254933663317	1.06019527865639	-0.286503646835981	-0.088844417822631	0.427273797172269	1.02171227055026	0.921453088951834	1.65090542704114	-0.157480116692367	0.126178238110257	1.35715377127874	2.01329547327432	0.959389485002175	1.03203663326622
HIS233A	-1.16025866970513	-1.03324457043034	-0.960518807377824	-0.623339569372891	-0.698988212382267	-0.69814367229082	-1.11565935928315	-1.32913012186627	-1.10200808611132	-1.16068023473198	-0.693870033908975	-0.590882324709445	-1.17533412727968	-0.989324926637666	-1.03295289599276	-0.667685862400271
THR140A	0.283893078757637	-0.0333304700138817	0.0246286873686621	-0.118279114964108	-0.429102719379825	-0.35831182986372	-0.0870372549795365	-0.153708925658004	-0.697315851098685	-0.809232027010341	-0.355476394859571	-0.464179913030885	0.0909098219995329	-0.23866982665967	-0.0367817054952911	-0.327741363266974
CYS182A	-0.197490837396617	0.466626580194346	-0.467945060004581	0.555134824247603	-0.497052613008099	-0.178235405308422	-0.0870372549795365	0.434001672446129	0.415587795186047	1.47518132318032	-0.323077003886756	-0.215329359939774	0.724031796639137	1.26264037329632	-0.0367817054952911	0.692092134132918
CYS238A	2.20942874337465	0.966583630402573	1.99492367686163	0.891841793853458	2.28315078121919	1.04167568497592	2.48451800577949	1.02171227055026	3.24843344027446	1.65090542704114	1.51648841690308	1.65866455719036	3.25651969519756	2.76395057325231	2.95173186599711	1.37198113239951
MET246A	1.7280448272204	0.466626580194346	1.13291961895846	0.555134824247603	-0.534377202465884	-0.349270482474604	1.97020695362769	1.02171227055026	2.13552979398972	0.94800901159786	-0.282277770809878	-0.139797220355599	2.62339772055795	2.01329547327432	3.1509661040966	2.7317591289327
LEU257A	0.765276994911891	0.966583630402573	1.37920649264508	1.22854876345931	0.686806801332403	0.251965008530739	1.45589590147588	1.6094228686544	2.03435673523657	2.00235363476278	0.412509168940493	-0.425158931069221	0.724031796639137	0.511985273318325	1.15862372310167	1.71192563153281
LEU265A	0.765276994911891	-0.0333304700138817	1.13291961895846	0.555134824247603	-0.558303221349079	-0.260304288364703	0.941584849324075	0.434001672446129	1.12379920645815	0.59656080387622	-0.447874658004267	-0.218921387749315	1.35715377127874	0.511985273318325	1.35785796120116	1.37198113239951
PRO142A	0.765276994911891	0.466626580194346	0.763489308428526	0.555134824247603	-0.586057403253586	-0.609141751406583	-0.0870372549795365	-0.153708925658004	-0.49496973359237	-0.28205971542788	-0.693870033908975	-0.590882324709445	-1.17533412727968	-0.989324926637666	-1.03295289599276	-0.667685862400271
ASP208A	-0.678874753550872	-0.0333304700138817	-0.960518807377824	-0.454986084569963	-0.845415447947422	-0.69814367229082	-1.62997041143495	-1.32913012186627	-1.30435420361763	-0.984956130871161	-0.693870033908975	-0.590882324709445	-1.17533412727968	-0.989324926637666	-1.03295289599276	-0.667685862400271
GLY187A	-0.678874753550872	-0.533287520222109	-0.837375370534513	-0.791693054175819	-0.844458407192095	-0.696563024695419	-1.11565935928315	-0.741419523762137	-1.10200808611132	-0.984956130871161	-0.692670056465537	-0.588838583297576	-0.542212152640072	-0.23866982665967	-0.435250181694278	-1.00763036153357
LEU188A	0.283893078757637	-1.03324457043034	-0.0985147494746487	-0.623339569372891	-0.670276989722433	-0.69814367229082	-0.0870372549795365	-0.741419523762137	-0.798488909851843	-0.809232027010341	-0.474274161759894	-0.590882324709445	1.35715377127874	-0.989324926637666	0.162452532604202	-1.00763036153357
ALA189A	0.765276994911891	0.966583630402573	0.147772124211973	0.555134824247603	0.690634964353714	0.781040282528898	0.427273797172269	0.434001672446129	0.314414736432889	0.59656080387622	0.0285163870404607	-0.513367048477721	0.724031796639137	0.511985273318325	0.560921008803189	-0.327741363266974
TYR205A	0.765276994911891	-0.0333304700138817	1.50234992948839	1.22854876345931	3.07366644511996	1.38866188583512	1.45589590147588	0.434001672446129	1.32614532396446	1.12373311545868	1.82248266497967	1.97810063000969	0.0909098219995329	-0.23866982665967	0.959389485002175	0.352147634999621
ARG280A	-0.197490837396617	-1.53320162063856	-0.591088496847892	-1.2967535085846	-0.765981065255214	-0.69814367229082	-1.11565935928315	-1.32913012186627	-1.10200808611132	-1.16068023473198	-0.66627055270991	-0.590882324709445	-0.542212152640072	-0.989324926637666	-1.03295289599276	-1.00763036153357
CYS277A	0.283893078757637	-0.533287520222109	0.0246286873686621	-1.2967535085846	-0.285546606080653	-0.372530267638184	-0.0870372549795365	-0.153708925658004	-0.292623616086055	-1.16068023473198	-0.693870033908975	-0.590882324709445	-0.542212152640072	-0.989324926637666	-0.634484419793771	-1.00763036153357
ARG110A	0.765276994911891	0.466626580194346	0.147772124211973	0.555134824247603	-0.205155182633117	0.0778155743189705	1.45589590147588	1.02171227055026	0.921453088951834	1.12373311545868	-0.290677612913941	0.0958147896784871	-0.542212152640072	-0.23866982665967	-0.435250181694278	-0.327741363266974
GLY108A	1.24666091106615	1.4665406806108	0.640345871585216	0.386781339444675	0.174789997232024	0.513816199419153	1.45589590147588	1.6094228686544	1.42731838271762	0.94800901159786	-0.283477748253315	0.1080772381497	-0.542212152640072	-0.23866982665967	-0.435250181694278	-0.667685862400271
PRO151A	0.283893078757637	0.466626580194346	-0.0985147494746487	0.386781339444675	0.828448833120919	1.11224528870361	0.941584849324075	1.02171227055026	0.617933912692362	0.77228490773704	1.19249450717493	1.51499826642144	0.724031796639137	0.511985273318325	1.15862372310167	1.71192563153281
TYR220A	0.765276994911891	-0.0333304700138817	1.37920649264508	0.386781339444675	1.01889994343115	-0.69814367229082	0.427273797172269	-0.741419523762137	1.12379920645815	-0.457783819288701	0.606905514777384	-0.478296636293281	1.35715377127874	0.511985273318325	1.75632643740015	0.692092134132918
ASN235A	-0.197490837396617	0.466626580194346	-0.221658186317959	0.0500743698388196	0.177661119498007	0.948940894011512	-0.0870372549795365	0.434001672446129	-0.49496973359237	-0.28205971542788	0.58890585312582	1.53876058038593	0.724031796639137	1.26264037329632	0.162452532604202	0.0122031358663235
LYS139A	-0.197490837396617	-1.03324457043034	0.0246286873686621	-0.960046538978746	0.713603942481581	-0.499059106400561	-0.0870372549795365	-0.741419523762137	-0.292623616086055	-0.633507923149521	0.246912281746104	-0.590882324709445	0.0909098219995329	-0.989324926637666	0.162452532604202	-1.00763036153357
ARG282A	1.24666091106615	1.4665406806108	0.517202434741905	0.891841793853458	1.82664234092782	1.97706435835289	1.45589590147588	1.6094228686544	1.22497226521131	1.47518132318032	2.54726904081598	2.68212038149029	1.35715377127874	1.26264037329632	1.55709219930065	1.03203663326622
PHE134A	0.283893078757637	-0.0333304700138817	1.00977618211515	0.218427854641747	-0.331484562336388	-0.366922946798364	0.427273797172269	-0.153708925658004	0.921453088951834	0.0693884922937598	-0.0494821467829833	-0.162621455476047	1.35715377127874	0.511985273318325	1.75632643740015	0.692092134132918
ARG158A	1.7280448272204	0.966583630402573	1.13291961895846	0.218427854641747	1.18159687183688	1.34128403413114	0.941584849324075	1.02171227055026	0.415587795186047	0.4208367000154	2.49447003330473	2.04605134238632	2.62339772055795	2.01329547327432	2.55326338979812	2.3918146297994
GLU258A	-0.197490837396617	-0.533287520222109	0.517202434741905	-0.118279114964108	0.83227699614223	-0.155006538585374	0.427273797172269	-0.153708925658004	0.617933912692362	-0.10633561156706	1.29569256731057	0.111381643367421	0.724031796639137	0.511985273318325	1.55709219930065	1.03203663326622
LYS164A	-0.197490837396617	-1.03324457043034	0.0246286873686621	-0.960046538978746	0.836105159163541	0.320913623226679	0.427273797172269	-0.741419523762137	0.415587795186047	-0.633507923149521	-0.621871387302719	-0.590882324709445	-0.542212152640072	-0.989324926637666	-0.435250181694278	-1.00763036153357
MET169A	1.24666091106615	0.466626580194346	0.394058997898594	-0.454986084569963	0.0254916394008853	0.123002753520075	1.45589590147588	1.02171227055026	1.22497226521131	0.0693884922937598	-0.199479327212683	-0.575554264120429	1.35715377127874	-0.23866982665967	0.760155246902682	-0.327741363266974
MET237A	1.24666091106615	0.466626580194346	1.00977618211515	0.386781339444675	-0.0214033576101774	-0.383018709466511	1.45589590147588	1.02171227055026	1.62966450022394	2.00235363476278	-0.212679079090497	-0.493998901058115	0.724031796639137	-0.23866982665967	0.560921008803189	-0.667685862400271
PRO152A	-0.197490837396617	-0.0333304700138817	-0.34480162316127	0.218427854641747	-0.180272122994594	0.170696761558429	-0.0870372549795365	0.434001672446129	0.213241677679732	0.94800901159786	-0.0146828009232929	0.481166998097792	0.0909098219995329	0.511985273318325	-0.435250181694278	0.0122031358663235
LEU194A	0.765276994911891	1.4665406806108	1.50234992948839	2.40702315707981	-0.224295997739673	0.0973719969633935	1.45589590147588	2.19713346675853	2.13552979398972	3.23242236178852	0.0849153268820279	0.437701353129753	1.35715377127874	2.01329547327432	2.95173186599711	4.43148162459919
PRO278A	2.20942874337465	2.46645478102725	1.87178024001832	2.74373012668566	1.08302167403812	1.78552736615022	2.48451800577949	2.78484406486266	2.13552979398972	2.1780777386236	0.695703845591766	1.77577023023468	1.35715377127874	2.01329547327432	0.959389485002175	1.03203663326622
PRO223A	0.283893078757637	0.966583630402573	-0.221658186317959	0.386781339444675	-0.224295997739673	0.134866355202346	-0.0870372549795365	0.434001672446129	-0.393796674839213	0.0693884922937598	0.480907883216436	1.16061537198216	1.35715377127874	2.01329547327432	0.760155246902682	1.03203663326622
VAL216A	1.24666091106615	1.96649773081903	1.00977618211515	1.7336092178681	1.22274962431598	2.41951232614474	0.941584849324075	1.6094228686544	1.02262614770499	1.65090542704114	2.1296768904997	3.44168281399608	2.62339772055795	3.51460567323031	1.95556067549964	3.071703628066
GLY262A	-0.197490837396617	0.466626580194346	-0.960518807377824	-0.454986084569963	0.237954687083659	0.930133015704502	-0.601348307131342	-0.153708925658004	-0.697315851098685	-0.457783819288701	0.664504432062389	1.51444242124833	0.0909098219995329	0.511985273318325	-0.0367817054952911	0.352147634999621
PRO98A	0.283893078757637	0.466626580194346	0.517202434741905	-0.118279114964108	0.247525094636937	0.790307114372945	0.427273797172269	0.434001672446129	0.516760853939204	0.4208367000154	1.15049529665462	1.84526086507327	0.724031796639137	1.26264037329632	0.361686770703695	0.692092134132918
VAL97A	0.283893078757637	0.466626580194346	-0.0985147494746487	0.218427854641747	-0.447286493731053	-0.0886583198834933	0.427273797172269	0.434001672446129	0.516760853939204	0.0693884922937598	0.180913522357036	0.387395008615555	0.0909098219995329	0.511985273318325	0.162452532604202	0.352147634999621
ASP207A	-0.678874753550872	-0.0333304700138817	-0.714231933691202	0.218427854641747	-0.670276989722433	-0.645105912149306	-0.601348307131342	-0.153708925658004	-0.49496973359237	0.4208367000154	-0.536672988818649	-0.547926602151508	-0.542212152640072	-0.23866982665967	-0.634484419793771	0.0122031358663235
LEU206A	-0.197490837396617	-0.533287520222109	0.0246286873686621	-0.286632599767036	-0.622424951956043	-0.611930815156894	-0.0870372549795365	-0.741419523762137	0.0108955601734169	-0.457783819288701	-0.414275289588014	-0.4794110601007	0.724031796639137	-0.23866982665967	1.15862372310167	0.352147634999621
GLN144A	1.24666091106615	0.466626580194346	0.886632745271837	-0.118279114964108	0.324088355063162	-0.234319322304026	0.427273797172269	0.434001672446129	0.0108955601734169	0.0693884922937598	-0.176679755787369	-0.43701921838381	-0.542212152640072	-0.23866982665967	-0.634484419793771	-0.327741363266974
PRO219A	-1.16025866970513	-0.533287520222109	-1.08366224422113	-0.286632599767036	-0.488439246210149	-0.373999353796743	-1.11565935928315	-0.741419523762137	-1.20318114486447	-0.809232027010341	0.375309868193927	0.586237660844799	0.0909098219995329	0.511985273318325	-0.0367817054952911	1.03203663326622
VAL218A	0.765276994911891	1.4665406806108	0.394058997898594	0.72348830905053	0.423620593617255	0.390487722401113	0.427273797172269	1.02171227055026	0.213241677679732	0.77228490773704	0.724503304234269	0.604977033821	1.35715377127874	2.01329547327432	0.760155246902682	2.05187013066611
ILE232A	0.765276994911891	0.466626580194346	1.50234992948839	1.39690224826224	0.55664925860782	-0.0157198848906662	0.427273797172269	0.434001672446129	0.617933912692362	1.12373311545868	-0.693870033908975	-0.590882324709445	-0.542212152640072	-0.23866982665967	-0.634484419793771	-0.667685862400271
TYR234A	0.765276994911891	-0.0333304700138817	1.37920649264508	0.386781339444675	1.42564226444547	-0.367018000657582	0.427273797172269	-0.153708925658004	0.415587795186047	-0.28205971542788	0.981298477129915	-0.590882324709445	0.724031796639137	-0.23866982665967	0.162452532604202	-0.667685862400271
ARG174A	-0.678874753550872	-0.533287520222109	-0.34480162316127	-0.454986084569963	-0.633909441019976	-0.565359366044999	-0.601348307131342	-0.153708925658004	-0.798488909851843	-0.457783819288701	-0.291877590357378	-0.419195234993544	0.0909098219995329	-0.23866982665967	0.162452532604202	0.0122031358663235
ASN247A	-1.16025866970513	-1.53320162063856	-1.08366224422113	-1.2967535085846	-0.784164839606443	-0.69814367229082	-1.11565935928315	-1.32913012186627	-1.20318114486447	-1.16068023473198	-0.693870033908975	-0.590882324709445	-1.17533412727968	-0.989324926637666	-1.03295289599276	-0.667685862400271
MET243A	-0.678874753550872	-1.03324457043034	-1.20680568106445	-1.2967535085846	-0.784164839606443	-0.596982226185147	-0.601348307131342	-0.741419523762137	-1.10200808611132	-1.16068023473198	-0.693870033908975	-0.590882324709445	-1.17533412727968	-0.989324926637666	-1.03295289599276	-0.667685862400271
GLN100A	-0.678874753550872	-0.533287520222109	-0.467945060004581	-0.454986084569963	-0.607112299870798	-0.540490770603213	-0.601348307131342	-0.153708925658004	-0.49496973359237	0.0693884922937598	-0.2510783572805	-0.387040706364098	0.724031796639137	0.511985273318325	0.959389485002175	0.692092134132918
ASN200A	-0.197490837396617	-1.03324457043034	-0.0985147494746487	-0.454986084569963	-0.423360474847858	-0.467798466090378	-0.0870372549795365	-0.741419523762137	-0.191450557332898	-0.457783819288701	-0.355476394859571	-0.293051208964865	0.0909098219995329	-0.23866982665967	0.560921008803189	0.352147634999621
VAL197A	1.7280448272204	1.96649773081903	1.74863680317501	2.40702315707981	3.3674779570056	3.19674338627081	1.45589590147588	1.6094228686544	1.22497226521131	1.47518132318032	2.796864349051	2.78537848769789	1.99027574591835	2.01329547327432	1.15862372310167	0.692092134132918
VAL272A	1.24666091106615	1.4665406806108	1.74863680317501	1.7336092178681	-0.286503646835981	-0.110125986267661	-0.0870372549795365	-0.153708925658004	0.213241677679732	0.0693884922937598	0.608105492220822	1.27300984291494	0.724031796639137	0.511985273318325	0.760155246902682	0.352147634999621
VAL274A	2.69081265952891	2.96641183123548	1.87178024001832	2.74373012668566	2.9683919620339	5.16073155140365	2.48451800577949	2.78484406486266	2.64139508775551	2.52952594634524	-0.355476394859571	-0.517284389023868	0.0909098219995329	-0.23866982665967	-0.0367817054952911	0.0122031358663235
GLN136A	0.765276994911891	-0.0333304700138817	0.763489308428526	-0.623339569372891	1.89650631606676	0.874391045640535	1.45589590147588	0.434001672446129	1.42731838271762	-0.633507923149521	0.710103574913018	-0.223379529172504	0.0909098219995329	-0.23866982665967	-0.0367817054952911	-0.327741363266974
LEU252A	-0.197490837396617	0.466626580194346	-0.467945060004581	0.218427854641747	-0.216639671697051	0.194543753165635	-0.0870372549795365	0.434001672446129	-0.393796674839213	-0.10633561156706	0.430508830592057	1.13558982045533	1.35715377127874	2.01329547327432	0.959389485002175	1.03203663326622
LEU130A	0.283893078757637	0.466626580194346	-0.714231933691202	-0.118279114964108	-0.0309737651634555	0.0464038964676596	0.427273797172269	1.02171227055026	-0.292623616086055	0.24511259615458	-0.693870033908975	-0.590882324709445	-1.17533412727968	-0.989324926637666	-1.03295289599276	-0.667685862400271
SER127A	-0.197490837396617	-0.0333304700138817	-0.467945060004581	-0.286632599767036	-0.0214033576101774	-0.127490520433312	0.427273797172269	0.434001672446129	0.112068618926574	0.24511259615458	-0.693870033908975	-0.590882324709445	-1.17533412727968	-0.989324926637666	-1.03295289599276	-0.667685862400271
LEU114A	-1.16025866970513	-0.533287520222109	-0.591088496847892	-0.286632599767036	-0.507580061316705	-0.373015923179958	-0.601348307131342	-0.153708925658004	-0.697315851098685	-0.28205971542788	-0.693870033908975	-0.590882324709445	-1.17533412727968	-0.989324926637666	-1.03295289599276	-0.667685862400271
THR256A	0.283893078757637	0.466626580194346	1.00977618211515	1.06019527865639	0.273365195030788	0.573506993950548	-0.0870372549795365	-0.153708925658004	-0.191450557332898	0.0693884922937598	0.832501274143653	2.00875675118773	0.724031796639137	1.26264037329632	1.15862372310167	0.692092134132918
ALA276A	-0.197490837396617	-0.533287520222109	0.147772124211973	-0.118279114964108	-0.673148111988417	-0.69814367229082	-0.601348307131342	-1.32913012186627	0.0108955601734169	-1.16068023473198	-0.623071364746156	-0.586415544333351	0.724031796639137	0.511985273318325	0.361686770703695	0.0122031358663235
GLY266A	1.24666091106615	1.96649773081903	1.00977618211515	1.56525573306517	0.236997646328332	1.08956875810788	0.427273797172269	1.02171227055026	0.415587795186047	0.24511259615458	0.110114853194218	0.778424421242681	0.0909098219995329	0.511985273318325	0.162452532604202	0.0122031358663235
TYR103A	-0.197490837396617	-1.53320162063856	-0.467945060004581	-1.2967535085846	0.247525094636937	-0.69814367229082	-0.0870372549795365	-1.32913012186627	-0.393796674839213	-1.16068023473198	-0.188679530221745	-0.590882324709445	-0.542212152640072	-0.989324926637666	-0.833718657893264	-1.00763036153357
ALA159A	0.283893078757637	0.966583630402573	1.00977618211515	1.22854876345931	-0.134334166738859	-0.0859321550780698	-0.0870372549795365	0.434001672446129	0.0108955601734169	0.4208367000154	-0.0242826204707937	0.530109839700617	0.0909098219995329	0.511985273318325	1.15862372310167	2.3918146297994
CYS275A	0.765276994911891	1.4665406806108	0.640345871585216	1.56525573306517	-0.59275668854088	-0.461145942878918	0.427273797172269	1.02171227055026	0.719106971445519	2.1780777386236	-0.537872966262086	-0.463720614692779	0.724031796639137	1.26264037329632	0.361686770703695	1.03203663326622
LEU133A	0.765276994911891	1.4665406806108	1.13291961895846	1.56525573306517	-0.519064550380639	-0.197883740957493	1.45589590147588	2.19713346675853	1.42731838271762	1.65090542704114	-0.555872627913651	-0.405943163759814	1.35715377127874	2.01329547327432	1.75632643740015	2.7317591289327
ASP281A	-1.16025866970513	-0.533287520222109	-0.837375370534513	-0.118279114964108	-0.670276989722433	-0.624731727419803	-0.601348307131342	-0.153708925658004	-0.697315851098685	0.0693884922937598	-0.507873530176147	-0.524919863766599	-0.542212152640072	-0.23866982665967	-0.634484419793771	0.0122031358663235
HIS273A	0.283893078757637	-0.0333304700138817	0.517202434741905	-0.286632599767036	-0.463556186571626	-0.257505532289554	-0.0870372549795365	0.434001672446129	-0.49496973359237	0.24511259615458	-0.215079033977372	-0.0211472256338651	0.724031796639137	1.26264037329632	0.162452532604202	1.03203663326622
GLN104A	-0.678874753550872	-1.03324457043034	-0.34480162316127	-0.623339569372891	-0.741098005616691	-0.69814367229082	-0.601348307131342	-0.741419523762137	-0.191450557332898	-0.457783819288701	-0.693870033908975	-0.590882324709445	-1.17533412727968	-0.989324926637666	-1.03295289599276	-0.667685862400271
ALA161A	0.765276994911891	1.4665406806108	1.00977618211515	1.7336092178681	0.505926098575446	0.272922435641023	0.427273797172269	1.02171227055026	0.719106971445519	2.1780777386236	0.270911830614856	0.155334890977019	0.724031796639137	1.26264037329632	0.959389485002175	1.71192563153281
ASN131A	-1.16025866970513	-0.533287520222109	-0.714231933691202	-0.960046538978746	2.44393362811426	3.77816738844986	-0.601348307131342	-0.153708925658004	-0.393796674839213	-0.633507923149521	3.43045243918606	5.19688612782823	0.0909098219995329	0.511985273318325	0.361686770703695	-0.327741363266974
PHE270A	1.24666091106615	-0.533287520222109	1.00977618211515	-0.286632599767036	4.38002707614242	-0.0106854858361382	1.45589590147588	-0.153708925658004	1.42731838271762	0.0693884922937598	5.71520949149125	0.297985484075676	1.35715377127874	-0.23866982665967	0.760155246902682	0.0122031358663235
GLY244A	-0.678874753550872	-0.0333304700138817	-0.837375370534513	-0.118279114964108	-0.556389139838424	-0.516396190658132	-0.601348307131342	-0.153708925658004	-0.798488909851843	-0.10633561156706	-0.693870033908975	-0.590882324709445	-1.17533412727968	-0.989324926637666	-1.03295289599276	-0.667685862400271
GLY245A	0.765276994911891	1.4665406806108	0.394058997898594	1.06019527865639	0.73178771683281	1.23434862851454	0.427273797172269	1.02171227055026	0.213241677679732	1.12373311545868	-0.672270439927098	-0.554094979295806	-0.542212152640072	-0.23866982665967	-0.0367817054952911	0.352147634999621
GLU198A	-0.197490837396617	-0.533287520222109	-0.221658186317959	-0.454986084569963	-0.480782920167527	-0.519572875320682	-0.0870372549795365	-0.153708925658004	-0.596142792345528	-0.28205971542788	-0.13588052271049	-0.359994343238992	0.724031796639137	0.511985273318325	0.760155246902682	0.352147634999621
GLN192A	-0.197490837396617	-0.533287520222109	-0.467945060004581	-0.454986084569963	-0.842544325681439	-0.69814367229082	-0.601348307131342	-1.32913012186627	-0.798488909851843	-1.16068023473198	-0.690270101578662	-0.590882324709445	-0.542212152640072	-0.989324926637666	-0.634484419793771	-1.00763036153357
PRO191A	-0.678874753550872	-0.533287520222109	-0.0985147494746487	-0.454986084569963	0.103011940582438	-0.69814367229082	-1.11565935928315	-1.32913012186627	-0.697315851098685	-1.16068023473198	-0.693870033908975	-0.590882324709445	-1.17533412727968	-0.989324926637666	-1.03295289599276	-0.667685862400271
ALA138A	-0.678874753550872	-0.0333304700138817	-0.34480162316127	-0.118279114964108	-0.705687497669562	-0.542299615908603	-0.601348307131342	-0.153708925658004	-0.49496973359237	-0.28205971542788	-0.552272695583338	-0.446604261760251	-0.542212152640072	-0.23866982665967	-0.634484419793771	-0.667685862400271
LEU137A	0.283893078757637	0.466626580194346	0.763489308428526	0.218427854641747	-0.194627734324511	-0.0927556432521812	0.427273797172269	0.434001672446129	1.12379920645815	0.24511259615458	-0.354276417416134	-0.0125035051505617	-0.542212152640072	-0.23866982665967	-0.634484419793771	-0.667685862400271
GLY112A	-0.197490837396617	0.466626580194346	0.0246286873686621	0.555134824247603	0.259966624456199	0.926517962210821	-0.601348307131342	-0.153708925658004	-0.596142792345528	-0.28205971542788	-0.693870033908975	-0.590882324709445	-1.17533412727968	-0.989324926637666	-1.03295289599276	-0.667685862400271
PHE113A	-0.197490837396617	-1.03324457043034	0.147772124211973	-0.960046538978746	0.323131314307834	1.10853652925269	-0.0870372549795365	-0.741419523762137	0.213241677679732	-0.809232027010341	0.70410368769583	1.74511410905665	0.0909098219995329	-0.23866982665967	0.361686770703695	-0.667685862400271
HIS193A	0.765276994911891	1.4665406806108	0.147772124211973	0.555134824247603	-0.372637314815484	-0.0404585379134623	0.941584849324075	1.6094228686544	0.516760853939204	0.94800901159786	-0.1010811768508	0.259489604497463	0.724031796639137	1.26264037329632	0.162452532604202	0.692092134132918
HIS214A	-0.197490837396617	0.466626580194346	-0.591088496847892	0.0500743698388196	-0.308515584208521	-0.324552224596632	0.427273797172269	1.02171227055026	-0.292623616086055	0.4208367000154	-0.0830815151992361	-0.188490732468359	0.724031796639137	1.26264037329632	-0.0367817054952911	0.352147634999621
ILE251A	0.765276994911891	0.466626580194346	1.13291961895846	1.56525573306517	-0.21281150867574	-0.350401201302568	0.941584849324075	1.02171227055026	1.12379920645815	1.65090542704114	-0.0374823723486073	-0.141259214098299	1.35715377127874	1.26264037329632	1.55709219930065	2.05187013066611
VAL172A	-0.197490837396617	0.466626580194346	0.270915561055284	1.22854876345931	-0.213768549431067	0.345083740673936	-0.0870372549795365	0.434001672446129	-0.191450557332898	0.0693884922937598	0.267311898284543	0.509878827202226	-0.542212152640072	-0.23866982665967	-0.435250181694278	0.352147634999621
SER261A	-0.197490837396617	-1.53320162063856	-0.960518807377824	-1.2967535085846	-0.845415447947422	-0.69814367229082	-1.11565935928315	-1.32913012186627	-1.10200808611132	-1.16068023473198	-0.693870033908975	-0.590882324709445	-0.542212152640072	-0.989324926637666	-0.634484419793771	-1.00763036153357
ILE195A	0.283893078757637	0.466626580194346	1.00977618211515	0.891841793853458	1.00837249512255	0.362907293593949	0.941584849324075	1.02171227055026	1.02262614770499	1.12373311545868	0.455708356904246	-0.390595666346298	0.0909098219995329	-0.23866982665967	0.560921008803189	-0.667685862400271
PHE109A	1.24666091106615	-0.533287520222109	2.24121055054826	0.386781339444675	0.522195791416019	0.038438107166114	1.45589590147588	-0.741419523762137	1.73083755897709	-0.809232027010341	0.568506236587381	0.361501173221437	1.35715377127874	-0.23866982665967	0.760155246902682	-1.00763036153357
ASP259A	0.283893078757637	0.466626580194346	-0.591088496847892	-0.791693054175819	-0.384121803879418	-0.348867770265357	-0.601348307131342	-0.741419523762137	-0.596142792345528	-0.809232027010341	-0.115480906172051	-0.139276522622911	0.0909098219995329	-0.23866982665967	0.162452532604202	-0.327741363266974
LEU145A	0.283893078757637	0.966583630402573	1.25606305580177	1.90196270267102	-0.428145678624497	-0.291513006371552	0.427273797172269	1.02171227055026	0.820280030198677	1.47518132318032	-0.693870033908975	-0.590882324709445	-1.17533412727968	-0.989324926637666	-1.03295289599276	-0.667685862400271
SER96A	-0.678874753550872	-0.533287520222109	-0.467945060004581	-0.118279114964108	-0.670276989722433	-0.680902253121593	-0.0870372549795365	-0.153708925658004	0.112068618926574	-0.28205971542788	-0.693870033908975	-0.590882324709445	-1.17533412727968	-0.989324926637666	-1.03295289599276	-0.667685862400271
TYR239A	-0.197490837396617	-1.53320162063856	0.640345871585216	-1.2967535085846	-0.677933315765056	-0.69814367229082	-0.0870372549795365	-1.32913012186627	0.516760853939204	-1.16068023473198	-0.644670958728033	-0.590882324709445	0.0909098219995329	-0.989324926637666	0.361686770703695	-1.00763036153357
SER185A	0.283893078757637	-0.0333304700138817	-0.34480162316127	-0.118279114964108	-0.498966694518755	-0.318788249394545	-0.0870372549795365	-0.741419523762137	0.112068618926574	-0.633507923149521	-0.259478199384563	-0.100384385860922	0.724031796639137	-0.23866982665967	0.162452532604202	-0.327741363266974
ILE254A	0.765276994911891	-0.0333304700138817	1.25606305580177	0.0500743698388196	0.374811515095536	0.772562072231449	-0.0870372549795365	0.434001672446129	-0.393796674839213	-0.10633561156706	1.54408789810215	1.31070677301145	0.0909098219995329	-0.23866982665967	-0.0367817054952911	-0.667685862400271
ASP186A	-0.197490837396617	-0.0333304700138817	-0.714231933691202	-0.454986084569963	-0.324785277049093	0.10177762273912	-0.601348307131342	-0.153708925658004	-0.697315851098685	-0.457783819288701	-0.0410823046789201	0.443397727115483	0.0909098219995329	0.511985273318325	0.162452532604202	-0.327741363266974
SER215A	0.283893078757637	-0.533287520222109	0.517202434741905	-0.286632599767036	-0.216639671697051	-0.403375540582076	0.427273797172269	-0.153708925658004	0.314414736432889	-0.28205971542788	-0.212679079090497	-0.209753830650981	0.724031796639137	0.511985273318325	1.75632643740015	0.692092134132918
ASN263A	-0.678874753550872	-0.533287520222109	-1.08366224422113	-0.791693054175819	-0.128591922206892	-0.536870401001714	-0.0870372549795365	-0.153708925658004	-0.899661968605	-0.984956130871161	0.204913071225788	-0.382359650762342	0.724031796639137	0.511985273318325	-0.236015943594784	-0.667685862400271
THR123A	-0.678874753550872	-0.0333304700138817	0.0246286873686621	0.386781339444675	-0.501837816784738	-0.414921082090944	-0.601348307131342	-0.153708925658004	-0.292623616086055	-0.10633561156706	-0.263078131714876	-0.22468195338547	0.0909098219995329	0.511985273318325	-0.0367817054952911	0.0122031358663235
TYR107A	-0.197490837396617	-1.03324457043034	-0.221658186317959	-0.960046538978746	-0.661663622924483	-0.632629514917906	-0.0870372549795365	-0.741419523762137	-0.292623616086055	-0.633507923149521	-0.467074297099268	-0.506174008398915	-0.542212152640072	-0.23866982665967	-0.833718657893264	-0.327741363266974
VAL122A	1.7280448272204	1.4665406806108	0.886632745271837	1.39690224826224	-0.570744751168341	-0.362086046897547	0.941584849324075	1.02171227055026	0.921453088951834	0.77228490773704	-0.608671635424905	-0.445776684466757	0.0909098219995329	0.511985273318325	-0.0367817054952911	-0.327741363266974
GLY105A	0.765276994911891	1.4665406806108	0.147772124211973	0.386781339444675	-0.172615796951971	0.413051587276186	0.941584849324075	1.6094228686544	0.415587795186047	0.4208367000154	-0.188679530221745	0.269532809687339	0.0909098219995329	0.511985273318325	-0.236015943594784	-0.327741363266974
VAL157A	1.7280448272204	1.96649773081903	1.87178024001832	2.40702315707981	2.18936078719707	2.58645377086473	1.45589590147588	1.6094228686544	1.32614532396446	1.47518132318032	0.718503417017081	0.723243403122223	0.0909098219995329	-0.23866982665967	0.560921008803189	-1.00763036153357
LEU111A	1.7280448272204	1.96649773081903	1.87178024001832	1.90196270267102	2.93011033182079	4.94120523300138	1.45589590147588	2.19713346675853	1.12379920645815	1.65090542704114	3.73644668726264	6.44213433574527	0.724031796639137	1.26264037329632	0.760155246902682	0.0122031358663235
VAL143A	1.24666091106615	1.4665406806108	1.37920649264508	1.90196270267102	-0.322871195538438	-0.13227183313721	0.427273797172269	0.434001672446129	0.112068618926574	0.4208367000154	-0.414275289588014	-0.114690575744004	-0.542212152640072	-0.23866982665967	-0.634484419793771	-0.667685862400271
GLU285A	-0.197490837396617	-0.533287520222109	-0.467945060004581	-0.791693054175819	-0.0328878466741111	-0.428530683294014	-0.0870372549795365	-0.153708925658004	-0.393796674839213	-0.457783819288701	-0.0194827106970433	-0.242278858387357	0.0909098219995329	0.511985273318325	-0.0367817054952911	0.352147634999621
THR284A	-1.16025866970513	-0.533287520222109	-1.08366224422113	-0.960046538978746	-0.845415447947422	-0.69814367229082	-1.62997041143495	-1.32913012186627	-1.30435420361763	-0.984956130871161	-0.66627055270991	-0.543876272236461	-0.542212152640072	-0.23866982665967	-1.03295289599276	-1.00763036153357
ALA129A	-0.678874753550872	-0.0333304700138817	-0.960518807377824	-0.118279114964108	-0.844458407192095	-0.69735334849312	-1.11565935928315	-0.741419523762137	-1.20318114486447	-0.809232027010341	-0.693870033908975	-0.590882324709445	-1.17533412727968	-0.989324926637666	-1.03295289599276	-0.667685862400271
CYS135A	0.283893078757637	0.466626580194346	1.6254933663317	1.39690224826224	-0.566916588147029	-0.601514708238532	0.941584849324075	1.02171227055026	1.93318367648341	1.82662953090196	-0.455074522664892	-0.532123165658077	0.0909098219995329	-0.23866982665967	0.361686770703695	0.352147634999621
VAL147A	1.24666091106615	0.966583630402573	1.00977618211515	0.218427854641747	-0.450157615997037	-0.0453362153901468	1.45589590147588	1.02171227055026	1.42731838271762	-0.28205971542788	-0.0962812670770497	0.42690089840124	0.724031796639137	1.26264037329632	1.15862372310167	0.692092134132918
PRO190A	0.765276994911891	0.466626580194346	0.517202434741905	0.555134824247603	0.345143251680374	1.26818193638821	-1.11565935928315	-0.741419523762137	-0.798488909851843	-0.633507923149521	-0.693870033908975	-0.590882324709445	-0.542212152640072	-0.23866982665967	-0.435250181694278	-1.00763036153357
GLU286A	-0.678874753550872	-0.533287520222109	-0.467945060004581	-0.286632599767036	-0.812876062266277	-0.670640863689739	-0.601348307131342	-0.741419523762137	-0.596142792345528	-0.633507923149521	-0.693870033908975	-0.590882324709445	-1.17533412727968	-0.989324926637666	-1.03295289599276	-0.667685862400271
SER240A	-0.678874753550872	-0.533287520222109	0.147772124211973	0.386781339444675	-0.341054969889666	-0.267358729058778	-0.0870372549795365	-0.153708925658004	0.415587795186047	0.59656080387622	-0.0614819212173593	-0.0338871850879171	0.724031796639137	0.511985273318325	0.959389485002175	0.352147634999621
ARG209A	-1.16025866970513	-1.53320162063856	-1.45309255475107	-1.2967535085846	-0.845415447947422	-0.69814367229082	-1.62997041143495	-1.32913012186627	-1.30435420361763	-0.984956130871161	-0.693870033908975	-0.590882324709445	-1.17533412727968	-0.989324926637666	-1.03295289599276	-0.667685862400271
ASN210A	-0.678874753550872	-1.03324457043034	-0.960518807377824	-1.2967535085846	-0.845415447947422	-0.69814367229082	-1.62997041143495	-1.32913012186627	-1.30435420361763	-0.984956130871161	-0.693870033908975	-0.590882324709445	-1.17533412727968	-0.989324926637666	-1.03295289599276	-0.667685862400271
ALA119A	-0.197490837396617	-0.533287520222109	-0.0985147494746487	-0.791693054175819	-0.673148111988417	-0.413627105118614	-0.601348307131342	-0.741419523762137	-0.596142792345528	-0.633507923149521	-0.693870033908975	-0.590882324709445	-1.17533412727968	-0.989324926637666	-1.03295289599276	-0.667685862400271
LYS120A	-0.678874753550872	-1.53320162063856	-0.960518807377824	-1.2967535085846	-0.670276989722433	-0.69814367229082	-0.601348307131342	-1.32913012186627	-0.899661968605	-1.16068023473198	-0.693870033908975	-0.590882324709445	-1.17533412727968	-0.989324926637666	-1.03295289599276	-0.667685862400271
HIS178A	-0.678874753550872	-1.03324457043034	-0.591088496847892	-0.791693054175819	-0.78512188036177	-0.677078288844212	-1.11565935928315	-0.741419523762137	-0.798488909851843	-0.457783819288701	-0.693870033908975	-0.590882324709445	-1.17533412727968	-0.989324926637666	-1.03295289599276	-0.667685862400271
PRO222A	0.283893078757637	-0.0333304700138817	-0.34480162316127	-0.623339569372891	-0.82914575510685	-0.684708167729911	-0.601348307131342	-0.741419523762137	-0.798488909851843	-0.809232027010341	-0.0650818535476721	-0.324353981223938	0.724031796639137	0.511985273318325	0.560921008803189	0.0122031358663235
ILE255A	1.7280448272204	0.466626580194346	2.24121055054826	1.06019527865639	2.98848981789579	0.652829123587955	0.941584849324075	-0.153708925658004	1.12379920645815	-0.28205971542788	3.48805135647106	-0.590882324709445	1.35715377127874	-0.989324926637666	1.15862372310167	-1.00763036153357
HIS168A	-0.678874753550872	-0.533287520222109	-0.837375370534513	-0.286632599767036	-0.670276989722433	-0.561857921516694	-0.601348307131342	-0.741419523762137	-0.49496973359237	-0.28205971542788	-0.477874094090206	-0.414667946808196	-0.542212152640072	-0.23866982665967	-0.236015943594784	0.352147634999621
PHE212A	-1.16025866970513	-1.53320162063856	-0.960518807377824	-1.2967535085846	-0.670276989722433	-0.69814367229082	-1.11565935928315	-1.32913012186627	-1.10200808611132	-1.16068023473198	-0.693870033908975	-0.590882324709445	-1.17533412727968	-0.989324926637666	-1.03295289599276	-0.667685862400271
THR155A	1.7280448272204	1.96649773081903	1.25606305580177	1.7336092178681	-0.0443723357380448	0.0327252657732042	2.48451800577949	2.78484406486266	2.13552979398972	2.35380184248442	0.00931674794545914	0.141813565966652	2.62339772055795	3.51460567323031	2.95173186599711	3.071703628066
THR150A	-1.16025866970513	-0.533287520222109	-0.960518807377824	-0.623339569372891	-0.670276989722433	-0.586615920794009	-0.601348307131342	-0.153708925658004	-0.697315851098685	-0.28205971542788	-0.673470417370535	-0.57351052270856	-0.542212152640072	-0.23866982665967	-0.634484419793771	-0.327741363266974
ASP228A	-1.16025866970513	-1.53320162063856	-0.837375370534513	-1.2967535085846	-0.670276989722433	-0.69814367229082	-0.601348307131342	-1.32913012186627	-0.697315851098685	-1.16068023473198	-0.474274161759894	-0.590882324709445	0.0909098219995329	-0.989324926637666	0.361686770703695	-1.00763036153357
ASP268A	-0.678874753550872	-0.0333304700138817	-0.34480162316127	0.386781339444675	-0.497052613008099	-0.301789734543745	-0.601348307131342	-0.153708925658004	-0.191450557332898	0.59656080387622	-0.0374823723486073	0.295598985827616	0.0909098219995329	0.511985273318325	-0.435250181694278	0.0122031358663235
SER149A	-0.678874753550872	-1.03324457043034	-0.591088496847892	-1.12840002378167	-0.670276989722433	-0.693401729504617	-0.0870372549795365	-0.741419523762137	0.0108955601734169	-0.984956130871161	-0.693870033908975	-0.590882324709445	-1.17533412727968	-0.989324926637666	-1.03295289599276	-0.667685862400271
GLY117A	-0.678874753550872	-0.0333304700138817	-0.591088496847892	-0.118279114964108	-0.550646895306457	-0.428425849309221	-0.601348307131342	-0.153708925658004	-0.292623616086055	0.24511259615458	-0.541472898592399	-0.331327165402101	-0.542212152640072	-0.23866982665967	-0.833718657893264	-1.00763036153357
SER116A	-1.16025866970513	-1.53320162063856	-0.837375370534513	-1.2967535085846	-0.791821165649065	-0.69814367229082	-1.11565935928315	-1.32913012186627	-0.899661968605	-1.16068023473198	-0.474274161759894	-0.590882324709445	0.0909098219995329	-0.989324926637666	-0.634484419793771	-1.00763036153357
LEU289A	-1.16025866970513	-0.533287520222109	-1.08366224422113	-0.454986084569963	-0.670276989722433	-0.553514417311615	-0.601348307131342	-0.153708925658004	-0.899661968605	-0.28205971542788	-0.693870033908975	-0.590882324709445	-1.17533412727968	-0.989324926637666	-1.03295289599276	-0.667685862400271
ASP148A	-0.678874753550872	-0.533287520222109	-0.467945060004581	-0.118279114964108	-0.670276989722433	-0.62647897380289	-0.0870372549795365	-0.153708925658004	0.415587795186047	0.4208367000154	-0.693870033908975	-0.590882324709445	-1.17533412727968	-0.989324926637666	-1.03295289599276	-0.667685862400271
SER183A	-1.64164258585938	-1.03324457043034	-1.45309255475107	-0.791693054175819	-0.845415447947422	-0.69814367229082	-1.62997041143495	-1.32913012186627	-1.30435420361763	-0.984956130871161	-0.474274161759894	-0.406611495723085	-0.542212152640072	-0.23866982665967	-0.634484419793771	0.0122031358663235
SER99A	-0.197490837396617	-0.0333304700138817	-0.467945060004581	-0.454986084569963	-0.591799647785553	-0.648068544410509	-0.601348307131342	-0.741419523762137	-0.798488909851843	-0.633507923149521	-0.217478988864247	-0.256362456228574	0.724031796639137	1.26264037329632	-0.236015943594784	0.0122031358663235
PRO177A	-0.197490837396617	0.466626580194346	-0.714231933691202	-0.118279114964108	-0.61476862591342	-0.45800886137886	-0.601348307131342	-0.153708925658004	-1.00083502735816	-0.633507923149521	-0.693870033908975	-0.590882324709445	-1.17533412727968	-0.989324926637666	-1.03295289599276	-0.667685862400271
SER166A	-1.64164258585938	-1.03324457043034	-1.57623599159438	-1.12840002378167	-0.845415447947422	-0.69814367229082	-1.62997041143495	-1.32913012186627	-1.30435420361763	-0.984956130871161	-0.693870033908975	-0.590882324709445	-1.17533412727968	-0.989324926637666	-1.03295289599276	-0.667685862400271
ARG290A	-1.64164258585938	-1.03324457043034	-1.822522865281	-1.2967535085846	-0.844458407192095	-0.696919867928097	-1.11565935928315	-0.741419523762137	-1.30435420361763	-0.984956130871161	-0.693870033908975	-0.590882324709445	-1.17533412727968	-0.989324926637666	-1.03295289599276	-0.667685862400271
GLU287A	-1.64164258585938	-1.03324457043034	-1.822522865281	-1.2967535085846	-0.844458407192095	-0.697786829058143	-1.11565935928315	-0.741419523762137	-1.30435420361763	-0.984956130871161	-0.693870033908975	-0.590882324709445	-1.17533412727968	-0.989324926637666	-1.03295289599276	-0.667685862400271
THR102A	-1.64164258585938	-1.03324457043034	-1.45309255475107	-1.2967535085846	-0.845415447947422	-0.69814367229082	-1.62997041143495	-1.32913012186627	-1.30435420361763	-0.984956130871161	-0.693870033908975	-0.590882324709445	-1.17533412727968	-0.989324926637666	-1.03295289599276	-0.667685862400271
ARG248A	-1.16025866970513	-1.03324457043034	-1.20680568106445	-1.12840002378167	-0.578401077210963	-0.535336969964502	-0.601348307131342	-0.741419523762137	-0.798488909851843	-1.16068023473198	-0.570272357234902	-0.380376959286954	-0.542212152640072	-0.23866982665967	-1.03295289599276	-1.00763036153357
SER241A	-1.16025866970513	-1.03324457043034	-1.08366224422113	-0.623339569372891	-0.746840250148658	-0.69814367229082	-1.11565935928315	-1.32913012186627	-1.20318114486447	-1.16068023473198	-0.570272357234902	-0.590882324709445	-0.542212152640072	-0.989324926637666	-1.03295289599276	-1.00763036153357
LYS132A	-0.678874753550872	-0.533287520222109	-0.467945060004581	-0.791693054175819	0.876300870887309	1.43581809949612	-0.601348307131342	-0.153708925658004	-0.697315851098685	-0.28205971542788	1.46488938683527	2.16828174009221	0.0909098219995329	0.511985273318325	-0.236015943594784	0.0122031358663235
MET160A	0.765276994911891	-0.533287520222109	1.00977618211515	-0.118279114964108	-0.385078844634745	-0.0295297394361353	0.427273797172269	-0.153708925658004	0.719106971445519	0.0693884922937598	-0.529473124158023	-0.310889751283413	-0.542212152640072	-0.23866982665967	-0.634484419793771	-0.327741363266974
GLY199A	-1.16025866970513	-0.533287520222109	-1.20680568106445	-0.791693054175819	-0.61476862591342	-0.317207601799144	-0.601348307131342	-0.153708925658004	-0.798488909851843	-0.633507923149521	-0.693870033908975	-0.590882324709445	-1.17533412727968	-0.989324926637666	-1.03295289599276	-0.667685862400271
GLY226A	-1.16025866970513	-0.533287520222109	-1.822522865281	-1.2967535085846	-0.843501366436767	-0.694982377100018	-1.11565935928315	-0.741419523762137	-1.30435420361763	-1.16068023473198	-0.693870033908975	-0.590882324709445	-1.17533412727968	-0.989324926637666	-1.03295289599276	-0.667685862400271
SER227A	-1.64164258585938	-1.53320162063856	-1.69937942843769	-1.2967535085846	-0.843501366436767	-0.69814367229082	-1.11565935928315	-1.32913012186627	-1.30435420361763	-1.16068023473198	-0.693870033908975	-0.590882324709445	-1.17533412727968	-0.989324926637666	-1.03295289599276	-0.667685862400271
SER106A	-1.64164258585938	-1.53320162063856	-1.20680568106445	-1.2967535085846	-0.670276989722433	-0.69814367229082	-1.11565935928315	-1.32913012186627	-0.899661968605	-1.16068023473198	-0.693870033908975	-0.590882324709445	-1.17533412727968	-0.989324926637666	-1.03295289599276	-0.667685862400271
SER260A	-0.678874753550872	-1.03324457043034	-0.837375370534513	-1.2967535085846	-0.816704225287588	-0.69814367229082	-1.11565935928315	-1.32913012186627	-1.10200808611132	-1.16068023473198	-0.693870033908975	-0.590882324709445	-1.17533412727968	-0.989324926637666	-1.03295289599276	-0.667685862400271
THR170A	-0.197490837396617	-0.0333304700138817	-0.221658186317959	0.0500743698388196	-0.731527598063413	-0.667321044180498	-0.601348307131342	-0.741419523762137	-0.191450557332898	-0.633507923149521	-0.617071477528968	-0.460082874349839	0.0909098219995329	0.511985273318325	-0.0367817054952911	-0.327741363266974
VAL225A	-1.64164258585938	-1.03324457043034	-1.69937942843769	-1.12840002378167	-0.845415447947422	-0.69814367229082	-1.62997041143495	-1.32913012186627	-1.30435420361763	-0.984956130871161	-0.693870033908975	-0.590882324709445	-1.17533412727968	-0.989324926637666	-1.03295289599276	-0.667685862400271
LYS101A	-1.16025866970513	-1.53320162063856	-0.960518807377824	-1.2967535085846	-0.681761478786367	-0.69814367229082	-1.11565935928315	-1.32913012186627	-1.10200808611132	-1.16068023473198	-0.679470304587723	-0.590882324709445	-0.542212152640072	-0.989324926637666	-0.634484419793771	-1.00763036153357
SER269A	-1.64164258585938	-1.53320162063856	-1.57623599159438	-1.2967535085846	-0.845415447947422	-0.69814367229082	-1.62997041143495	-1.32913012186627	-1.30435420361763	-0.984956130871161	-0.474274161759894	-0.590882324709445	-0.542212152640072	-0.989324926637666	-0.833718657893264	-1.00763036153357
SER121A	-1.64164258585938	-1.03324457043034	-0.960518807377824	-0.286632599767036	-0.845415447947422	-0.69814367229082	-1.62997041143495	-1.32913012186627	-1.30435420361763	-0.984956130871161	-0.693870033908975	-0.590882324709445	-1.17533412727968	-0.989324926637666	-1.03295289599276	-0.667685862400271
HIS115A	-2.12302650201363	-1.53320162063856	-1.822522865281	-1.2967535085846	-0.845415447947422	-0.69814367229082	-1.62997041143495	-1.32913012186627	-1.30435420361763	-0.984956130871161	-0.693870033908975	-0.590882324709445	-1.17533412727968	-0.989324926637666	-1.03295289599276	-0.667685862400271
GLU180A	-2.12302650201363	-1.53320162063856	-1.822522865281	-1.2967535085846	-0.845415447947422	-0.69814367229082	-1.62997041143495	-1.32913012186627	-1.30435420361763	-0.984956130871161	-0.693870033908975	-0.590882324709445	-1.17533412727968	-0.989324926637666	-1.03295289599276	-0.667685862400271
ARG181A	-2.12302650201363	-1.53320162063856	-1.822522865281	-1.2967535085846	-0.845415447947422	-0.69814367229082	-1.62997041143495	-1.32913012186627	-1.30435420361763	-0.984956130871161	-0.693870033908975	-0.590882324709445	-1.17533412727968	-0.989324926637666	-1.03295289599276	-0.667685862400271
LEU201A	-2.12302650201363	-1.53320162063856	-1.822522865281	-1.2967535085846	-0.845415447947422	-0.69814367229082	-1.62997041143495	-1.32913012186627	-1.30435420361763	-0.984956130871161	-0.693870033908975	-0.590882324709445	-1.17533412727968	-0.989324926637666	-1.03295289599276	-0.667685862400271
GLU224A	-2.12302650201363	-1.53320162063856	-1.822522865281	-1.2967535085846	-0.845415447947422	-0.69814367229082	-1.62997041143495	-1.32913012186627	-1.30435420361763	-0.984956130871161	-0.693870033908975	-0.590882324709445	-1.17533412727968	-0.989324926637666	-1.03295289599276	-0.667685862400271
ASN288A	-2.12302650201363	-1.53320162063856	-1.822522865281	-1.2967535085846	-0.845415447947422	-0.69814367229082	-1.62997041143495	-1.32913012186627	-1.30435420361763	-0.984956130871161	-0.693870033908975	-0.590882324709445	-1.17533412727968	-0.989324926637666	-1.03295289599276	-0.667685862400271
