Degree	Degree_sidechain	SecondOrderDegree	SecondOrderDegree_sidechain	NodeEdgeBetweennessSTRIDE	NodeEdgeBetweennessSTRIDE_sidechain	IntermodularDegreeSTRIDE	IntermodularDegreeSTRIDE_sidechain	SecondOrderIntermodularDegreeSTRIDE	SecondOrderIntermodularDegreeSTRIDE_sidechain	NodeEdgeBetweennessWALKTRAP	NodeEdgeBetweennessWALKTRAP_sidechain	IntermodularDegreeWALKTRAP	IntermodularDegreeWALKTRAP_sidechain	SecondOrderIntermodularDegreeWALKTRAP	SecondOrderIntermodularDegreeWALKTRAP_sidechain
CYS229A	5	4	17	9	1070	388.391250603196	5	4	15	9	1070	388.391250603196	4	3	9	3
TRP146A	7	3	20	3	1234	320.323732695529	5	3	14	3	942	320.323732695529	5	3	9	2
ARG196A	8	6	26	15	1081	702.826130080694	7	6	31	19	446	123	3	2	8	1
ASP184A	6	6	18	13	754	145.701979574033	6	6	25	19	127	36.0789498588695	3	3	6	4
CYS242A	7	5	18	8	370	215.533079853024	5	4	22	11	216	148.885687329699	3	3	9	5
HIS179A	7	5	20	9	2162	303.277092343296	7	5	27	11	1040	64.1570000918749	3	2	10	5
ARG202A	4	3	7	2	618	351.640715078968	3	3	3	2	618	351.640715078968	3	3	3	3
GLU221A	4	2	10	2	281	62.2887053451878	3	2	6	2	245	62.2887053451878	2	2	2	2
ARG175A	8	7	22	16	2690	2120.4887230979	8	7	35	21	1321	842	4	3	12	4
GLY279A	7	7	22	19	321	312.807568866551	4	4	12	8	1	1	1	1	1	1
THR118A	6	4	15	10	1360	560.676137255661	6	4	15	9	666	478.863837077183	2	2	4	3
PRO128A	5	5	12	9	942	886.53581005429	4	4	14	9	588	588	2	2	4	1
TYR126A	6	2	17	2	3550	606.052465480357	5	2	17	2	3443	606.052465480357	5	2	12	2
ARG267A	6	5	14	8	1364	547.807417942363	4	4	6	3	266	234.319865841062	2	2	3	3
LEU264A	4	4	12	9	483	483	2	2	3	0	1	1	1	1	1	1
CYS176A	7	6	20	10	2048	708.162421671789	5	4	22	11	547	127.256965246928	2	2	7	5
ARG249A	7	6	21	11	3262	1923.07792035475	7	6	23	12	2463	1523.57792035475	6	5	11	7
GLU171A	3	2	9	5	183	57.0165058012448	2	2	6	5	184	57.0165058012448	3	2	7	4
THR230A	6	6	15	14	216	158.994467636691	5	5	11	8	266	165.330466366051	3	3	5	5
THR231A	6	6	19	17	220	220	3	3	7	5	87	44.6640012706393	2	2	2	2
ARG283A	5	5	11	8	254	178.761079885555	3	3	7	3	1	1	1	1	1	1
TYR163A	5	3	21	9	2642	77.184109192024	5	3	24	9	1281	77.184109192024	2	2	5	4
ARG213A	9	6	23	13	2110	421.32850345999	9	6	29	13	693	201.32850345999	4	3	8	4
THR211A	7	6	14	8	721	721	4	3	14	7	1	1	1	1	1	1
GLN165A	4	3	8	5	908	181.584116598946	4	3	8	5	1	1	1	1	1	1
GLN167A	4	3	5	3	365	365	2	2	3	2	1	1	1	1	1	1
GLY154A	5	5	15	12	241	241	4	4	14	9	89	89	2	2	4	2
PRO153A	3	2	6	4	1	1	1	1	1	1	1	1	1	1	1	1
ILE162A	6	3	21	6	2892	394.554941404238	5	3	18	7	1863	345.554941404238	4	2	8	1
VAL173A	8	8	21	19	3681	3220.87689227567	6	6	23	18	1910	911.275900232792	5	5	10	9
THR253A	7	7	28	15	1935	982.938235368218	5	5	21	11	1622	826.438235368218	4	4	10	4
TYR236A	8	4	32	10	2680	400.629292024475	8	4	35	8	1184	361.639908264288	4	2	9	3
ARG156A	8	4	27	10	354	103.369535560824	6	3	25	5	354	103.369535560824	5	3	14	6
VAL217A	7	7	24	19	1603	1205.60436606963	5	5	20	12	2223	1412.17533125413	6	6	22	17
GLU271A	6	4	17	6	2490	513.11720340736	5	4	14	7	2530	285.825928161961	4	2	9	2
PRO250A	6	5	14	8	1800	1622.41588340105	6	5	19	9	722	722	2	2	5	4
ALA203A	6	5	15	9	184	62.0467007763755	4	3	11	5	184	62.0467007763755	2	2	4	4
GLU204A	5	2	18	3	184	1	5	2	17	2	1	1	3	2	10	2
THR125A	9	8	29	25	1666	1143.03416866592	7	6	31	20	896	633.857326409236	6	5	20	8
CYS124A	7	5	26	17	156	105.284285804218	6	4	20	12	115	38.7048279657055	5	3	13	8
CYS141A	9	7	29	15	585	386.474444930628	5	5	23	16	448	351.856795608014	5	5	11	6
HIS233A	3	2	8	5	154	1	2	1	3	0	1	1	1	1	1	1
THR140A	6	4	16	8	436	215.995324331516	4	3	7	2	283	62.9953243315161	3	2	6	2
CYS182A	5	5	12	12	365	329.921050141131	4	4	18	15	310	184.757574509515	4	4	6	5
CYS238A	10	6	32	14	3270	1101.7003473315	9	5	46	16	1843	1101.7003473315	8	6	21	7
MET246A	9	5	25	12	326	221.715351626292	8	5	35	12	344	221.715351626292	7	5	22	11
LEU257A	7	6	27	16	1602	602.08823977329	7	6	34	18	923	82.0882397732902	4	3	12	8
LEU265A	7	4	25	12	301	278	6	4	25	10	206	183	5	3	13	7
PRO142A	7	5	22	12	272	57.3072509920531	4	3	9	5	1	1	1	1	1	1
ASP208A	4	4	8	6	1	1	1	1	1	1	1	1	1	1	1	1
GLY187A	4	3	9	4	2	2	2	2	3	1	2	2	2	2	4	0
LEU188A	6	2	15	5	184	1	4	2	6	2	184	1	5	1	7	0
ALA189A	7	6	17	12	1606	936.808816034242	5	4	17	10	603	38.9281232848543	4	3	9	2
TYR205A	7	4	28	16	4096	1321.22189145604	7	4	27	13	2098	1258	3	2	11	4
ARG280A	5	1	11	1	84	1	2	1	3	0	24	1	2	1	1	0
CYS277A	6	3	16	1	586	207	4	3	11	0	1	1	2	1	3	0
ARG110A	7	5	17	12	670	491.912236773981	7	5	23	13	337	337	2	2	4	2
GLY108A	8	7	21	11	1067	767.748942165312	7	6	28	12	343	343	2	2	4	1
PRO151A	6	5	15	11	1750	1146.34635440671	6	5	20	11	1573	1031.40461914662	4	3	12	8
TYR220A	7	4	27	11	1949	1	5	2	25	4	1085	56.0880301012312	5	3	15	5
ASN235A	5	5	14	9	1070	1043.03148829283	4	4	9	5	1070	1043.03148829283	4	4	7	3
LYS139A	5	2	16	3	1630	126.951266094663	4	2	11	3	785	1	3	1	7	0
ARG282A	8	7	20	14	2793	1693.47594367471	7	6	26	15	2702	1602.47594367471	5	4	14	6
PHE134A	6	4	24	10	538	210.547483231641	5	3	23	7	538	210.547483231641	5	3	15	5
ARG158A	9	6	25	10	2119	1291.2481946992	6	5	18	9	2658	1291.2481946992	7	5	19	10
GLU258A	5	3	20	8	1754	344.616841151494	5	3	20	6	1659	344.616841151494	4	3	14	6
LYS164A	5	2	16	3	1758	645.7087247546	5	2	18	3	61	1	2	1	4	0
MET169A	8	5	19	6	911	520.5	7	5	26	7	413	8.5	5	2	10	2
MET237A	8	5	24	11	862	200.36446538821	7	5	30	18	402	48.4049324873921	4	2	9	1
PRO152A	5	4	13	10	696	550.67371372159	4	4	16	12	567	525.552331611723	3	3	4	3
LEU194A	7	7	28	23	650	504.284648373708	7	7	35	25	650	504.284648373708	5	5	21	16
PRO278A	10	9	31	25	2016	1572.29966582508	9	8	35	19	1159	1159	5	5	11	6
PRO223A	6	6	14	11	650	528.005532363309	4	4	10	7	980	858.005532363309	5	5	10	6
VAL216A	8	8	24	19	2162	1973.39157387535	6	6	24	16	2354	1974.12884853571	7	7	16	12
GLY262A	5	5	8	6	1133	1031.13264483035	3	3	7	4	1133	1031.13264483035	3	3	6	4
PRO98A	6	5	20	8	1143	942.67149654001	5	4	19	9	1538	1193.00167674591	4	4	8	5
VAL97A	6	5	15	10	417	386.592180180205	5	4	19	7	730	479.6698197941	3	3	7	4
ASP207A	4	4	10	10	184	34.5544496419232	3	3	9	9	132	22.0181788696334	2	2	3	3
LEU206A	5	3	16	7	234	55.542743989717	4	2	14	4	234	55.542743989717	4	2	12	4
GLN144A	8	5	23	8	1223	294.439443008219	5	4	14	7	432	76.2850167012758	2	2	3	2
PRO219A	3	3	7	7	374	206.070579575844	2	2	2	2	892	576.963269481268	3	3	6	6
VAL218A	7	7	19	13	1327	689.7249237966	5	5	16	11	1183	586.132420170966	5	5	10	9
ILE232A	7	5	28	17	1466	432.73683329899	5	4	20	13	1	1	2	2	3	1
TYR234A	7	4	27	11	2374	210.487347209232	5	3	18	5	1397	1	4	2	7	1
ARG174A	4	3	13	6	222	85.0062684637321	3	3	6	4	336	85.0062684637321	3	2	7	3
ASN247A	3	1	7	1	65	1	2	1	2	0	1	1	1	1	1	1
MET243A	4	2	6	1	65	65	3	2	3	0	1	1	1	1	1	1
GLN100A	4	3	12	6	250	100.739437270075	3	3	9	7	370	100.739437270075	4	3	11	5
ASN200A	5	2	15	6	442	146.728375427025	4	2	12	4	283	146.728375427025	3	2	9	4
VAL197A	9	8	30	23	4403	2465.10842612465	7	6	26	15	2910	1653	6	5	12	5
VAL272A	8	7	30	19	585	373.010616239813	4	3	16	7	1086	913	4	3	10	4
VAL274A	11	10	31	25	3986	3707.62963758697	9	8	40	21	283	37.0113736787655	3	2	6	3
GLN136A	7	4	22	5	2866	995.867371137377	7	4	28	3	1171	180.81863723204	3	2	6	2
LEU252A	5	5	12	10	658	565.760562729925	4	4	10	6	938	845.760562729925	5	5	11	6
LEU130A	6	5	10	8	852	472.039573226013	5	5	11	8	1	1	1	1	1	1
SER127A	5	4	12	7	862	362.024907460593	5	4	15	8	1	1	1	1	1	1
LEU114A	3	3	11	7	354	206.692749007947	3	3	7	5	1	1	1	1	1	1
THR256A	6	5	24	15	1170	805.512447898698	4	3	12	7	1273	1273	4	4	12	5
ALA276A	5	3	17	8	181	1	3	1	14	0	60	3.18558979631845	4	3	8	3
GLY266A	8	8	24	18	1132	1132	5	5	18	8	671	671	3	3	7	3
TYR103A	5	1	12	1	1143	1	4	1	10	0	422	1	2	1	2	0
ALA159A	6	6	24	16	744	388.31689403379	4	4	14	9	559	549.5	3	3	12	10
CYS275A	7	7	21	18	265	150.937108120394	5	5	21	19	131	63.2200584076762	4	4	8	6
LEU133A	7	7	25	18	342	317.490489587192	7	7	28	16	116	91.4904895871922	5	5	15	11
ASP281A	3	3	9	8	184	47.4442201314245	3	3	7	7	156	33.2753458729048	2	2	3	3
HIS273A	6	4	20	7	400	279.770638871872	4	4	9	8	400	279.770638871872	4	4	7	6
GLN104A	4	2	13	5	110	1	3	2	12	4	1	1	1	1	1	1
ALA161A	7	7	24	19	1413	615.346999772204	5	5	21	19	805	366.123107724331	4	4	11	8
ASN131A	3	3	10	3	3438	2832.94753451964	3	3	10	3	3438	2832.94753451964	3	3	8	2
PHE270A	8	3	24	7	5461	435.921856367494	7	3	28	7	5342	435.921856367494	5	2	10	3
GLY244A	4	4	9	8	303	115.982923557078	3	3	6	6	1	1	1	1	1	1
GLY245A	7	7	19	15	1649	1223.59528716451	5	5	16	13	19	19	2	2	6	4
GLU198A	5	3	14	6	382	113.973187375659	4	3	8	5	466	113.973187375659	4	3	10	4
GLN192A	5	3	12	6	4	1	3	1	6	0	4	1	2	1	3	0
PRO191A	4	3	15	6	992	1	2	1	7	0	1	1	1	1	1	1
ALA138A	4	4	13	8	147	99.5950675126079	3	3	9	5	119	71.5950675126079	2	2	3	1
LEU137A	6	5	22	10	681	384	5	4	25	8	284	284	2	2	3	1
GLY112A	5	5	16	12	1156	1028.84557369306	3	3	8	5	1	1	1	1	1	1
PHE113A	5	2	17	3	1222	1144	4	2	16	2	1166	1144	3	2	8	1
HIS193A	7	7	17	12	495	417.085872835208	6	6	19	12	495	417.085872835208	4	4	7	5
HIS214A	5	5	11	9	562	237.353409059137	5	5	11	9	510	197.889679831427	4	4	6	4
ILE251A	7	5	25	18	662	221	6	5	25	16	548	221	5	4	14	9
VAL172A	5	5	18	16	661	661	4	4	12	7	802	539.600992042878	2	2	4	4
SER261A	5	1	8	1	1	1	2	1	3	0	1	1	2	1	3	0
ILE195A	6	5	24	14	1938	672.276107952127	6	5	24	13	959	99	3	2	9	1
PHE109A	8	3	34	11	1430	467	7	2	31	2	1053	467	5	2	10	0
ASP259A	6	5	11	4	483	221.970128345922	3	2	8	2	483	221.970128345922	3	2	7	2
LEU145A	6	6	26	20	437	258.255739421203	5	5	22	15	1	1	1	1	1	1
SER96A	4	3	12	8	184	11.9078198197948	4	3	15	5	1	1	1	1	1	1
TYR239A	5	1	21	1	176	1	4	1	19	0	42	1	3	1	8	0
SER185A	6	4	13	8	363	241	4	2	15	3	363	241	4	2	7	2
ILE254A	7	4	26	9	1276	931.445058595762	4	4	10	6	1866	931.445058595762	3	2	6	1
ASP186A	5	4	10	6	545	507.071876715146	3	3	7	4	545	507.071876715146	3	3	7	2
SER215A	6	3	20	7	658	187.485673698783	5	3	17	5	402	187.485673698783	4	3	15	5
ASN263A	4	3	7	4	750	103.029871654078	4	3	5	1	750	103.029871654078	4	3	5	1
THR123A	4	4	16	11	360	180.18136276796	3	3	11	6	360	180.18136276796	3	3	6	3
TYR107A	5	2	14	3	193	42.4476683882772	4	2	11	3	190	42.4476683882772	2	2	2	2
VAL122A	9	7	23	17	288	213.607558048375	6	5	23	11	72	72	3	3	6	2
GLY105A	7	7	17	11	704	704	6	6	18	9	422	422	3	3	5	2
VAL157A	9	8	31	23	3172	2079.00742727981	7	6	27	15	1178	644	3	2	9	0
LEU111A	9	8	31	20	3946	3568.74585410419	7	7	25	16	3693	3442.24585410419	4	4	10	3
VAL143A	8	7	27	20	547	359	5	4	15	9	234	234	2	2	3	1
GLU285A	5	3	12	4	850	171.571220163962	4	3	10	4	563	171.571220163962	3	3	6	4
THR284A	3	3	7	3	1	1	1	1	1	1	24	24	2	2	1	0
ALA129A	4	4	8	8	2	1.5	2	2	2	2	1	1	1	1	1	1
CYS135A	6	5	29	17	292	62.1325157697565	6	5	33	17	200	29.7507796779616	3	2	8	4
VAL147A	8	6	24	10	414	414	7	5	28	5	499	499	4	4	12	5
PRO190A	7	5	20	12	1245	1245	2	2	6	3	1	1	2	2	4	0
GLU286A	4	3	12	7	35	18.3997092591035	3	2	8	3	1	1	1	1	1	1
SER240A	4	3	17	11	528	273.536993372463	4	3	18	10	528	273.536993372463	4	3	11	4
ARG209A	3	1	4	1	1	1	1	1	1	1	1	1	1	1	1	1
ASN210A	4	2	8	1	1	1	1	1	1	1	1	1	1	1	1	1
ALA119A	5	3	15	4	181	181	3	2	8	3	1	1	1	1	1	1
LYS120A	4	1	8	1	184	1	3	1	5	0	1	1	1	1	1	1
HIS178A	4	2	11	4	64	14.3270588003917	2	2	6	4	1	1	1	1	1	1
PRO222A	6	4	13	5	18	9.5	3	2	6	2	525	131.411969898769	4	3	9	3
ILE255A	9	5	34	15	4007	855.695758756978	6	3	25	5	3486	1	5	1	12	0
HIS168A	4	3	9	7	184	87.2214646519858	3	2	9	5	181	87.2214646519858	2	2	5	4
PHE212A	3	1	8	1	184	1	2	1	3	0	1	1	1	1	1	1
THR155A	9	8	26	19	838	463.385758970228	9	8	35	20	587	359.507141080095	7	7	21	12
THR150A	3	3	8	5	184	71.5582647399067	3	3	7	5	18	9.5	2	2	3	2
ASP228A	3	1	9	1	184	1	3	1	7	0	184	1	3	1	8	0
ASP268A	4	4	13	11	365	251.754145895807	3	3	12	10	548	434.754145895807	3	3	4	3
SER149A	4	2	11	2	184	4	4	2	14	1	1	1	1	1	1	1
GLY117A	4	4	11	8	309	171.637543603227	3	3	11	8	128	128	2	2	2	0
SER116A	3	1	9	1	57	1	2	1	5	0	184	1	3	1	3	0
LEU289A	3	3	7	6	184	92.5	3	3	5	5	1	1	1	1	1	1
ASP148A	4	3	12	8	184	46.3388210607075	4	3	18	9	1	1	1	1	1	1
SER183A	2	2	4	4	1	1	1	1	1	1	184	91.1634756316154	2	2	3	3
SER99A	5	4	12	6	266	32.6801341589382	3	2	6	3	398	164.680134158938	4	4	5	3
PRO177A	5	5	10	8	242	152.921789278411	3	3	4	3	1	1	1	1	1	1
SER166A	2	2	3	2	1	1	1	1	1	1	1	1	1	1	1	1
ARG290A	2	2	1	1	2	1.77424238412407	2	2	1	1	1	1	1	1	1	1
GLU287A	2	2	1	1	2	1.22575761587593	2	2	1	1	1	1	1	1	1	1
THR102A	2	2	4	1	1	1	1	1	1	1	1	1	1	1	1	1
ARG248A	3	2	6	2	280	104	3	2	6	0	104	104	2	2	1	0
SER241A	3	2	7	5	104	1	2	1	2	0	104	1	2	1	1	0
LYS132A	4	3	12	4	1800	1351.05536844244	3	3	7	5	1800	1351.05536844244	3	3	5	3
MET160A	7	3	24	8	482	424	5	3	21	7	138	138	2	2	3	2
GLY199A	3	3	6	4	242	242	3	3	6	3	1	1	1	1	1	1
GLY226A	3	3	1	1	3	3	2	2	1	0	1	1	1	1	1	1
SER227A	2	1	2	1	3	1	2	1	1	0	1	1	1	1	1	1
SER106A	2	1	6	1	184	1	2	1	5	0	1	1	1	1	1	1
SER260A	4	2	9	1	31	1	2	1	3	0	1	1	1	1	1	1
THR170A	5	4	14	9	120	20.5	3	2	12	3	65	65	3	3	6	2
VAL225A	2	2	2	2	1	1	1	1	1	1	1	1	1	1	1	1
LYS101A	3	1	8	1	172	1	2	1	3	0	13	1	2	1	3	0
SER269A	2	1	3	1	1	1	1	1	1	1	184	1	2	1	2	0
SER121A	2	2	8	7	1	1	1	1	1	1	1	1	1	1	1	1
HIS115A	1	1	1	1	1	1	1	1	1	1	1	1	1	1	1	1
GLU180A	1	1	1	1	1	1	1	1	1	1	1	1	1	1	1	1
ARG181A	1	1	1	1	1	1	1	1	1	1	1	1	1	1	1	1
LEU201A	1	1	1	1	1	1	1	1	1	1	1	1	1	1	1	1
GLU224A	1	1	1	1	1	1	1	1	1	1	1	1	1	1	1	1
ASN288A	1	1	1	1	1	1	1	1	1	1	1	1	1	1	1	1
