Degree	Degree_sidechain	SecondOrderDegree	SecondOrderDegree_sidechain	NodeEdgeBetweennessSTRIDE	NodeEdgeBetweennessSTRIDE_sidechain	IntermodularDegreeSTRIDE	IntermodularDegreeSTRIDE_sidechain	SecondOrderIntermodularDegreeSTRIDE	SecondOrderIntermodularDegreeSTRIDE_sidechain	NodeEdgeBetweennessWALKTRAP	NodeEdgeBetweennessWALKTRAP_sidechain	IntermodularDegreeWALKTRAP	IntermodularDegreeWALKTRAP_sidechain	SecondOrderIntermodularDegreeWALKTRAP	SecondOrderIntermodularDegreeWALKTRAP_sidechain
LEU44A	0.204596767078272	-0.0611365330076285	0.946710280545282	0.707861613869593	0.91353655216639	1.22694356272317	0.4789812570014	0.470306838176363	0.547577921709621	0.440134261458278	0.14791482621734	0.70962690494161	0.126371963504152	0.527399325544666	0.365169506402179	0.299326860233553
LEU48A	1.63357731214058	1.45708737001514	1.59496318404366	1.2299971607338	1.07512380556113	1.98354535982318	0.954769305622791	1.57386146633822	0.845348397383831	1.28632787381032	1.9014815516691	3.13477398394421	2.00931421971602	2.80515293441873	1.67400729051721	2.31893601531881
LEU242A	1.15725046378648	-0.0611365330076285	0.946710280545282	-0.510454662146885	0.00511224277444629	0.115219880991477	1.90634540286557	0.470306838176363	1.8379166496312	-0.0675819059529486	-0.0996369445728209	-0.302160235831952	2.00931421971602	0.527399325544666	2.42191459572579	0.299326860233553
MET239A	0.680923615432375	-1.07328580168948	0.42810795774658	-1.20663539129916	0.169180682401738	-0.147169498646319	0.954769305622791	-0.633247789985497	1.0438620478333	-0.913775518304993	0.120008990237358	0.0760283658504508	0.126371963504152	-0.231851877413356	0.365169506402179	-0.710477717309076
ARG62A	0.680923615432375	0.95101273567422	0.817059699845607	0.881906796157662	1.03728571551476	1.20156762155761	0.954769305622791	1.57386146633822	0.349064271260148	0.947850428869505	1.84657006796655	2.01220661137481	1.38166680097873	2.04590173146071	0.92609998530862	1.64573296362373
LEU80A	0.680923615432375	0.444938101333296	0.946710280545282	0.359771249293457	-0.439020092851796	-0.363219956624175	0.4789812570014	1.02208415225729	0.349064271260148	0.947850428869505	-0.295877984690112	-0.234122656469636	2.00931421971602	2.04590173146071	1.86098411681935	2.65553754116635
LEU319A	0.204596767078272	0.444938101333296	-0.220144945751798	0.533816431581525	-0.0296243644812375	0.256310054414369	0.00319320838000938	0.470306838176363	-0.246476680088272	0.440134261458278	0.298246265206274	0.655243041154914	0.754019382241442	1.28665052850269	1.30005363791291	2.65553754116635
SER295A	-0.748056929629932	-1.07328580168948	-1.2573495913492	-1.03259020901109	-0.453907210247089	-0.520955576681652	-0.948382888862773	-1.18502510406643	-1.04053128188617	-1.0830142407754	-0.317482502868163	-0.460559870604741	-0.501275455233138	-0.991103080371377	-0.569714625108555	-1.04707924315662
ALA191A	1.15725046378648	1.45708737001514	-0.0904943650521225	0.359771249293457	-0.207339328387548	0.0715106956092365	0.954769305622791	1.02208415225729	-0.246476680088272	-0.406059350893766	-0.314331843967197	-0.0687291951141561	-0.501275455233138	-0.231851877413356	-0.756691451410702	-0.710477717309076
THR190A	0.680923615432375	0.444938101333296	0.42810795774658	0.533816431581525	-0.399631261410083	-0.36040797606323	0.4789812570014	0.470306838176363	0.249807446035411	0.270895538987869	-0.240966500987567	-0.231443615464976	0.126371963504152	0.527399325544666	-0.00878414620211425	0.299326860233553
ARG269A	-0.27173008127583	-1.07328580168948	-0.349795526451474	-1.20663539129916	-0.456078248200569	-0.440202213919973	-0.472594840241382	-0.633247789985497	-0.444990330537746	-0.744536795834584	-0.547030508509948	-0.460559870604741	-1.12892287397043	-0.991103080371377	-0.943668277712848	-0.710477717309076
ILE288A	0.204596767078272	-0.567211167348553	0.687409119145931	-0.858545026723022	-0.482440851921401	-0.391058310720028	0.4789812570014	-0.0814704759045669	0.349064271260148	-0.913775518304993	-0.53892881419318	-0.460559870604741	-0.501275455233138	-0.991103080371377	-0.195760972504261	-1.04707924315662
GLY276A	1.15725046378648	1.96316200435607	1.33566202264431	1.752132707598	0.370156767238194	1.14703424239072	0.954769305622791	1.57386146633822	1.0438620478333	1.45556659628073	0.640317803025406	1.53299588121909	1.38166680097873	2.04590173146071	0.552146332704326	0.299326860233553
TYR277A	0.680923615432375	-0.567211167348553	1.07636086124496	-0.162364297570748	0.0544258191463545	-0.210992408518881	0.4789812570014	-0.0814704759045669	0.547577921709621	-0.236820628423357	1.26099760651565	-0.0757449602921058	0.754019382241442	-0.231851877413356	1.11307681161077	-0.373876191461533
GLN248A	-0.27173008127583	-0.0611365330076285	0.039156215647553	0.185726067005388	1.58686846602433	2.17425956957871	-0.472594840241382	-0.0814704759045669	-0.147219854863536	0.440134261458278	2.64413686403958	3.40855358006386	0.126371963504152	0.527399325544666	-0.195760972504261	0.299326860233553
GLN286A	0.204596767078272	0.444938101333296	0.42810795774658	0.707861613869593	4.58910380740843	5.23365795733432	0.954769305622791	1.02208415225729	0.845348397383831	1.11708915133991	6.50774486488093	7.80046992464336	0.754019382241442	1.28665052850269	0.365169506402179	0.972529911928639
MET131A	1.15725046378648	0.444938101333296	1.07636086124496	-0.162364297570748	1.81544774769789	0.0589404294653245	0.954769305622791	-0.0814704759045669	0.646834746934358	-0.236820628423357	1.35776784418816	-0.251381405545938	0.126371963504152	-0.231851877413356	-0.195760972504261	-1.04707924315662
PHE128A	1.63357731214058	-0.0611365330076285	1.59496318404366	-0.510454662146885	0.943310786956976	-0.520427630243749	1.90634540286557	-0.0814704759045669	1.44088934873225	-0.913775518304993	1.7097414528389	-0.460559870604741	1.38166680097873	-0.991103080371377	1.86098411681935	-1.04707924315662
HIS315A	-1.22438377798403	-1.07328580168948	-0.868397849250176	-1.38068057358723	-0.43157653415415	-0.520955576681652	-0.948382888862773	-1.18502510406643	-0.444990330537746	-1.0830142407754	-0.547030508509948	-0.460559870604741	-1.12892287397043	-0.991103080371377	-0.943668277712848	-0.710477717309076
THR314A	-1.70071062633814	-1.5793604360304	-1.90560249484758	-1.38068057358723	-0.612082832572078	-0.520955576681652	-1.42417093748416	-1.18502510406643	-1.23904493233564	-0.913775518304993	-0.547030508509948	-0.460559870604741	-1.12892287397043	-0.991103080371377	-0.943668277712848	-0.710477717309076
TYR244A	0.680923615432375	-1.07328580168948	0.42810795774658	-1.20663539129916	2.87367367587997	0.469770954988826	0.4789812570014	-0.633247789985497	0.746091572159094	-0.744536795834584	4.51157740405482	0.961676626893113	0.754019382241442	-0.231851877413356	0.178192680100033	-0.373876191461533
HIS205A	1.63357731214058	0.444938101333296	1.07636086124496	0.185726067005388	-0.00202116764413162	-0.105545857734578	1.90634540286557	1.02208415225729	1.8379166496312	0.440134261458278	0.166368685494425	0.0356379924459762	1.38166680097873	0.527399325544666	1.11307681161077	0.299326860233553
VAL206A	1.63357731214058	0.95101273567422	2.24321608754204	1.57808752530994	1.42342032295518	1.36275731375629	1.43055735424418	0.470306838176363	1.93717347485593	0.440134261458278	1.76105218351177	2.58995941150281	2.00931421971602	2.04590173146071	2.23493776942365	1.98233448947127
HIS183A	1.15725046378648	0.444938101333296	0.817059699845607	0.533816431581525	1.3263439116067	1.10671587702998	0.954769305622791	0.470306838176363	0.646834746934358	1.11708915133991	-0.101437321087658	-0.397436736105428	0.754019382241442	-0.231851877413356	-0.195760972504261	-0.373876191461533
TRP221A	2.10990416049468	1.96316200435607	1.85426434544301	1.92617788988607	1.3688342258391	1.48339418817322	2.38213345148696	2.67741609450008	1.73865982440646	2.30176020863278	1.03910120106192	1.41540915398647	2.63696163845331	2.80515293441873	2.23493776942365	2.9921390670139
GLY71A	-0.748056929629932	-0.567211167348553	-0.868397849250176	-0.336409479858817	-0.556256142339729	-0.473219167941352	-0.472594840241382	-0.633247789985497	-0.643503980987219	-0.406059350893766	-0.386796998689408	-0.258642749893812	0.126371963504152	0.527399325544666	-0.569714625108555	-0.373876191461533
GLY72A	-0.27173008127583	0.444938101333296	-0.479446107151149	0.533816431581525	-0.311859298433668	-0.100644678933415	0.4789812570014	1.02208415225729	0.150550620810674	0.947850428869505	-0.466013565342259	-0.392667087109388	-0.501275455233138	-0.231851877413356	-0.756691451410702	-0.373876191461533
PRO41A	-0.27173008127583	-0.567211167348553	-0.868397849250176	-1.20663539129916	1.17002917895613	0.281115968418829	-0.472594840241382	-0.633247789985497	-1.04053128188617	-0.744536795834584	2.1701877465086	0.855955686110019	0.754019382241442	0.527399325544666	-0.382737798806408	-0.0372746656139896
SER40A	-1.22438377798403	-1.07328580168948	-1.38700017204888	-1.20663539129916	-0.611772684293009	-0.520955576681652	-0.948382888862773	-1.18502510406643	-1.1397881071109	-1.0830142407754	-0.416053117055518	-0.405115550224982	-0.501275455233138	-0.231851877413356	-0.569714625108555	-0.373876191461533
GLN296A	-0.748056929629932	-0.567211167348553	-1.12769901064953	-1.03259020901109	-0.50042945210738	-0.450537481101457	-0.472594840241382	-0.0814704759045669	-0.643503980987219	-0.406059350893766	-0.547030508509948	-0.460559870604741	-1.12892287397043	-0.991103080371377	-0.943668277712848	-0.710477717309076
PRO293A	-0.27173008127583	-0.0611365330076285	-0.479446107151149	-0.684499844434954	-0.0736654201089794	-0.0225261394041154	0.4789812570014	0.470306838176363	-0.147219854863536	-0.236820628423357	-0.103687791731205	-0.213128989649528	-0.501275455233138	-0.231851877413356	-0.756691451410702	-0.373876191461533
GLU174A	-0.748056929629932	-1.07328580168948	-0.479446107151149	-0.858545026723022	-0.504151231456203	-0.499997546121189	-0.472594840241382	-0.633247789985497	-0.147219854863536	-0.406059350893766	-0.390397751719083	-0.4304735904599	0.126371963504152	-0.231851877413356	-0.382737798806408	-0.710477717309076
LEU170A	1.15725046378648	1.45708737001514	0.817059699845607	1.05595197844573	-0.287667732666317	-0.17500402430247	0.954769305622791	1.57386146633822	1.0438620478333	1.62480531875114	-0.326034291313641	-0.265781372343464	0.126371963504152	-0.231851877413356	-0.382737798806408	-0.710477717309076
ALA166A	-0.27173008127583	-0.0611365330076285	0.168806796347229	0.0116808847173199	-0.502910638339929	-0.435761643368077	0.00319320838000938	-0.0814704759045669	0.150550620810674	0.10165681651746	-0.547030508509948	-0.460559870604741	-1.12892287397043	-0.991103080371377	-0.943668277712848	-0.710477717309076
ARG161A	2.58623100884878	2.97531127303792	1.59496318404366	2.62235861903835	1.99502360127862	2.83417463236867	2.38213345148696	3.22919340858101	2.03643030008067	2.47099893110319	0.151965673375725	0.12794403562048	-0.501275455233138	-0.231851877413356	-0.195760972504261	-0.0372746656139896
ARG255A	0.204596767078272	-1.07328580168948	-0.0904943650521225	-1.38068057358723	-0.501670045223654	-0.520955576681652	0.4789812570014	-1.18502510406643	0.646834746934358	-1.0830142407754	-0.531727308133829	-0.460559870604741	-0.501275455233138	-0.991103080371377	-0.569714625108555	-1.04707924315662
VAL278A	1.63357731214058	2.46923663869699	0.946710280545282	1.40404234302187	0.622927614679107	1.0146089144782	1.90634540286557	2.67741609450008	1.8379166496312	1.96328276369196	-0.547030508509948	-0.460559870604741	-1.12892287397043	-0.991103080371377	-0.943668277712848	-0.710477717309076
LEU47A	1.15725046378648	0.95101273567422	0.42810795774658	0.707861613869593	-0.0311751058765805	0.467888101510689	0.954769305622791	1.57386146633822	0.0512937955859377	0.270895538987869	-0.364292292253939	-0.152855316931284	0.126371963504152	0.527399325544666	-0.569714625108555	-1.04707924315662
SER43A	-0.27173008127583	-0.0611365330076285	-0.609096687850825	-0.510454662146885	-0.521519535084045	-0.51884379093004	0.4789812570014	0.470306838176363	-0.147219854863536	-0.406059350893766	-0.547030508509948	-0.460559870604741	-1.12892287397043	-0.991103080371377	-0.943668277712848	-0.710477717309076
ILE275A	1.15725046378648	0.444938101333296	1.20601144194463	0.533816431581525	-0.498568562432968	-0.43372587503944	0.954769305622791	1.02208415225729	1.34163252350751	1.28632787381032	-0.518674578401257	-0.415086291244132	1.38166680097873	1.28665052850269	1.86098411681935	1.64573296362373
THR287A	1.63357731214058	1.96316200435607	1.33566202264431	0.707861613869593	-0.234322228666517	-0.245103562877328	2.38213345148696	2.67741609450008	1.63940299918172	1.11708915133991	-0.218461794552098	-0.418117863201506	2.00931421971602	2.04590173146071	1.86098411681935	0.972529911928639
ASP311A	-0.27173008127583	-0.567211167348553	-0.349795526451474	-0.858545026723022	-0.440880982526208	-0.459510224645002	0.00319320838000938	-0.0814704759045669	-0.0479630296387989	-0.236820628423357	-0.298578549462369	-0.3723520559611	0.754019382241442	0.527399325544666	0.552146332704326	0.299326860233553
ILE262A	0.680923615432375	-0.0611365330076285	0.817059699845607	0.0116808847173199	1.10055596444476	0.28803697877922	1.43055735424418	0.470306838176363	1.14311887305804	0.440134261458278	1.18358141637763	0.669714983639158	1.38166680097873	0.527399325544666	0.92609998530862	0.635928386081096
LEU224A	0.680923615432375	0.95101273567422	1.59496318404366	1.40404234302187	1.16382621337475	1.66591295765666	0.954769305622791	1.57386146633822	1.34163252350751	1.96328276369196	-0.441708482391953	-0.315423363145463	0.126371963504152	0.527399325544666	0.552146332704326	0.972529911928639
ILE208A	0.680923615432375	0.444938101333296	1.59496318404366	1.752132707598	0.649600366679007	0.405711841834474	1.43055735424418	1.02208415225729	2.53271442620435	2.64023765357359	1.18268122812021	0.802465235296948	2.00931421971602	1.28665052850269	2.0479609431215	0.635928386081096
TRP160A	2.10990416049468	1.96316200435607	2.76181841034074	2.97044898361448	1.72395400537266	2.83309062378825	1.90634540286557	2.12563878041915	2.63197125142909	2.64023765357359	1.6903874053044	2.63240497974529	0.754019382241442	0.527399325544666	1.11307681161077	0.635928386081096
PRO1073B	1.15725046378648	1.45708737001514	0.557758538446255	0.185726067005388	0.252300421192124	0.172637716752297	0.4789812570014	0.470306838176363	0.845348397383831	0.778611706399096	0.688027780668601	0.518832599900908	0.754019382241442	0.527399325544666	0.92609998530862	-0.0372746656139896
LEU194A	1.15725046378648	0.95101273567422	1.46531260334398	0.881906796157662	0.678754304911456	0.192018868544914	0.954769305622791	1.02208415225729	0.845348397383831	0.778611706399096	1.32626125517851	0.562949892553368	2.00931421971602	2.04590173146071	2.0479609431215	1.98233448947127
VAL185A	0.680923615432375	0.95101273567422	0.168806796347229	1.05595197844573	-0.471895810433068	-0.370194900248477	0.4789812570014	1.02208415225729	0.249807446035411	0.778611706399096	-0.379145398501348	-0.302651381160979	0.126371963504152	0.527399325544666	0.178192680100033	0.635928386081096
PHE175A	0.204596767078272	-0.0611365330076285	0.557758538446255	-0.336409479858817	0.412957229749662	0.197621445322906	0.00319320838000938	-0.0814704759045669	0.150550620810674	-0.236820628423357	1.90733277534232	0.570992666133137	1.38166680097873	0.527399325544666	1.86098411681935	0.299326860233553
ARG56A	0.204596767078272	0.444938101333296	-0.609096687850825	-0.162364297570748	-0.45824928615405	-0.388902112863376	-0.472594840241382	-0.0814704759045669	-1.04053128188617	-0.575298073364175	0.00973592870355938	0.0422361982915882	1.38166680097873	2.04590173146071	0.365169506402179	1.30913143777618
VAL22A	0.204596767078272	0.444938101333296	0.298457377046904	1.05595197844573	-0.341323384945185	-0.130294851779641	-0.472594840241382	-0.0814704759045669	-0.444990330537746	0.270895538987869	-0.388147281075536	-0.314314716618472	0.754019382241442	0.527399325544666	1.30005363791291	1.30913143777618
LEU87A	0.204596767078272	0.444938101333296	1.07636086124496	0.881906796157662	0.445832947330934	0.458174248298966	0.4789812570014	1.02208415225729	0.845348397383831	1.11708915133991	-0.547030508509948	-0.460559870604741	-1.12892287397043	-0.991103080371377	-0.943668277712848	-0.710477717309076
SER203A	0.680923615432375	0.444938101333296	0.687409119145931	1.2299971607338	-0.183147762620197	-0.27411634857411	0.954769305622791	0.470306838176363	1.44088934873225	1.79404404122155	-0.16625087562181	-0.460559870604741	-0.501275455233138	-0.991103080371377	-0.756691451410702	-1.04707924315662
THR201A	2.10990416049468	1.96316200435607	1.72461376474334	2.10022307217414	2.79768734750817	2.95511482731404	1.90634540286557	2.12563878041915	2.23494395053014	2.809476376044	2.750359078415	3.97035885960284	1.38166680097873	1.28665052850269	1.11307681161077	1.64573296362373
LEU124A	0.204596767078272	0.444938101333296	0.298457377046904	0.707861613869593	0.119556957750762	0.0234487246884973	0.00319320838000938	0.470306838176363	-0.246476680088272	0.609372983928687	1.07420854310125	0.320959188441691	1.38166680097873	1.28665052850269	1.30005363791291	2.31893601531881
VAL94A	1.15725046378648	1.96316200435607	0.946710280545282	1.40404234302187	0.496387116819117	0.836813718739122	0.954769305622791	1.57386146633822	0.746091572159094	1.45556659628073	0.402218008938142	0.85076541677819	1.38166680097873	2.04590173146071	1.30005363791291	0.972529911928639
SER266A	0.680923615432375	-0.0611365330076285	0.946710280545282	-0.162364297570748	-0.612082832572078	-0.520955576681652	-0.472594840241382	-1.18502510406643	-0.246476680088272	-1.0830142407754	-0.547030508509948	-0.460559870604741	-1.12892287397043	-0.991103080371377	-0.943668277712848	-0.710477717309076
PHE159A	0.680923615432375	-0.0611365330076285	0.557758538446255	-0.684499844434954	0.0947450954252731	-0.235336553776122	0.4789812570014	-0.0814704759045669	0.448321096484884	-0.575298073364175	0.285643629602412	-0.37567585579827	0.754019382241442	-0.231851877413356	0.92609998530862	-1.04707924315662
GLY259A	0.680923615432375	1.45708737001514	0.42810795774658	1.05595197844573	-0.485232186433018	-0.30502548357932	0.954769305622791	1.57386146633822	0.944605222608567	0.609372983928687	-0.488968365906438	-0.362791674979431	0.126371963504152	0.527399325544666	-0.569714625108555	-0.710477717309076
PHE306A	-0.27173008127583	-1.07328580168948	0.168806796347229	-0.336409479858817	-0.0842104615973119	-0.0331330680592689	0.4789812570014	-0.633247789985497	0.349064271260148	-0.575298073364175	0.219029698553423	0.239733251548645	0.754019382241442	-0.231851877413356	0.178192680100033	-0.373876191461533
ARG23A	0.204596767078272	-0.567211167348553	-0.609096687850825	-0.336409479858817	-0.612082832572078	-0.520955576681652	-1.42417093748416	-1.18502510406643	-1.23904493233564	-0.913775518304993	-0.269772525224968	-0.358592604531488	0.754019382241442	-0.231851877413356	0.365169506402179	0.299326860233553
PRO236A	-0.27173008127583	0.444938101333296	-0.220144945751798	0.881906796157662	-0.0925844651321643	0.0559672519479044	-0.472594840241382	-0.0814704759045669	-0.147219854863536	0.609372983928687	0.316700124483359	0.686681554536859	-0.501275455233138	-0.231851877413356	0.178192680100033	0.972529911928639
PRO317A	-0.27173008127583	0.444938101333296	-0.220144945751798	0.881906796157662	-0.421341640944886	-0.316120358563215	0.00319320838000938	0.470306838176363	0.249807446035411	1.11708915133991	-0.270222619353677	-0.166508874827159	-0.501275455233138	-0.231851877413356	0.178192680100033	0.972529911928639
ALA95A	-0.27173008127583	-0.0611365330076285	-0.0904943650521225	0.707861613869593	-0.391257257875231	-0.412311702620113	-0.948382888862773	-0.633247789985497	-0.941274456661429	-0.406059350893766	-0.547030508509948	-0.460559870604741	-0.501275455233138	-0.231851877413356	-0.756691451410702	-1.04707924315662
PHE79A	1.15725046378648	-0.567211167348553	1.85426434544301	-0.336409479858817	1.59524246955918	0.0863406771308894	0.954769305622791	-0.633247789985497	1.54014617395699	-0.236820628423357	1.67508420492828	1.3836203742018	2.00931421971602	0.527399325544666	1.67400729051721	0.299326860233553
VAL169A	1.15725046378648	1.96316200435607	2.11356550684236	3.14449416590255	0.67131074621381	1.55943113134415	1.43055735424418	2.12563878041915	2.23494395053014	2.47099893110319	0.377462831859126	1.00845774039705	0.754019382241442	1.28665052850269	1.11307681161077	1.30913143777618
ARG264A	1.63357731214058	1.96316200435607	1.59496318404366	1.2299971607338	4.4352702609904	0.337121121341041	1.90634540286557	2.12563878041915	1.34163252350751	1.11708915133991	2.92769616512649	0.554740477003738	0.126371963504152	0.527399325544666	-0.00878414620211425	0.299326860233553
PHE263A	0.680923615432375	-0.567211167348553	1.20601144194463	-0.336409479858817	1.26927662825808	1.04781070311258	1.43055735424418	-0.0814704759045669	1.8379166496312	-0.236820628423357	1.40907857486103	1.79148101842374	2.00931421971602	0.527399325544666	3.35679872723653	1.30913143777618
TYR238A	0.680923615432375	-1.07328580168948	0.946710280545282	-1.03259020901109	2.05209088462724	-0.49656785745787	1.43055735424418	-0.633247789985497	1.24237569828278	-0.913775518304993	3.29182231525239	-0.425550104274663	2.00931421971602	-0.231851877413356	1.30005363791291	-0.373876191461533
PHE214A	1.63357731214058	-0.0611365330076285	1.98391492614269	0.533816431581525	-0.497948265874831	-0.476555396435618	0.954769305622791	-0.0814704759045669	0.944605222608567	0.10165681651746	-0.381395869144895	-0.396821235549799	2.63696163845331	1.28665052850269	2.98284507463223	1.64573296362373
THR197A	0.680923615432375	0.95101273567422	0.557758538446255	1.05595197844573	-0.433437423828561	-0.216858428449517	0.00319320838000938	0.470306838176363	0.349064271260148	0.270895538987869	-0.287776290373343	-0.0240135087428901	1.38166680097873	2.04590173146071	2.0479609431215	1.98233448947127
GLN53A	-1.22438377798403	-1.07328580168948	-0.998048429949852	-0.858545026723022	-0.612082832572078	-0.520955576681652	-1.42417093748416	-1.18502510406643	-1.23904493233564	-0.913775518304993	-0.415603022926808	-0.328229793631326	-0.501275455233138	-0.231851877413356	-0.382737798806408	0.299326860233553
HIS130A	-0.27173008127583	-0.0611365330076285	0.687409119145931	0.0116808847173199	0.0798579780299801	-0.27262534261093	0.00319320838000938	-0.0814704759045669	0.150550620810674	-0.0675819059529486	1.15072454498185	1.06384344909505	1.38166680097873	1.28665052850269	1.30005363791291	1.30913143777618
LEU200A	-0.27173008127583	-0.0611365330076285	0.298457377046904	0.707861613869593	0.923151148817517	0.692015085266235	0.00319320838000938	0.470306838176363	0.0512937955859377	0.947850428869505	0.612862061174134	0.56328117406835	0.126371963504152	0.527399325544666	-0.195760972504261	0.299326860233553
VAL247A	0.204596767078272	0.95101273567422	0.557758538446255	1.40404234302187	4.88064318973292	5.73878786341461	0.4789812570014	1.02208415225729	1.14311887305804	2.13252148616237	6.96324012313483	7.74952624309632	0.754019382241442	1.28665052850269	0.552146332704326	1.30913143777618
CYS254A	0.204596767078272	-0.0611365330076285	0.168806796347229	0.0116808847173199	-0.498568562432968	-0.494081598102296	0.954769305622791	0.470306838176363	0.746091572159094	0.270895538987869	-0.524975896203189	-0.437055862020003	0.126371963504152	0.527399325544666	-0.00878414620211425	0.635928386081096
SER260A	0.204596767078272	-0.0611365330076285	0.168806796347229	-0.162364297570748	-0.491125003735322	-0.497406902562039	0.954769305622791	0.470306838176363	1.0438620478333	0.440134261458278	-0.481766859847088	-0.437365096499	0.126371963504152	-0.231851877413356	-0.195760972504261	-0.0372746656139896
LEU298A	1.15725046378648	1.45708737001514	1.07636086124496	0.881906796157662	0.0764463469602254	0.209065872435426	0.954769305622791	1.57386146633822	0.944605222608567	0.778611706399096	0.452178457224884	0.587421702211272	2.00931421971602	2.80515293441873	2.23493776942365	2.31893601531881
LYS123A	-1.70071062633814	-1.07328580168948	-1.38700017204888	-1.20663539129916	-0.521519535084045	-0.379692264526957	-0.948382888862773	-0.633247789985497	-0.842017631436692	-0.744536795834584	-0.415603022926808	-0.257769461867951	-0.501275455233138	-0.231851877413356	-0.195760972504261	-0.710477717309076
PHE241A	0.680923615432375	-0.567211167348553	0.039156215647553	-1.03259020901109	-0.243006380480438	-0.501723171713831	0.954769305622791	-0.0814704759045669	0.547577921709621	-0.575298073364175	-0.0222207544348069	-0.442045526453232	2.00931421971602	-0.231851877413356	1.86098411681935	-0.710477717309076
HIS147A	0.680923615432375	-0.0611365330076285	0.557758538446255	-0.510454662146885	0.690229791236995	-0.471856557956672	0.00319320838000938	-0.633247789985497	0.249807446035411	-0.744536795834584	-0.490768742421275	-0.365823246936805	0.126371963504152	0.527399325544666	-0.00878414620211425	-0.373876191461533
TYR144A	0.204596767078272	-0.567211167348553	0.946710280545282	0.185726067005388	0.167009644448258	-0.338713471892424	0.954769305622791	-0.0814704759045669	1.14311887305804	0.270895538987869	0.16276793246475	-0.198942396431477	1.38166680097873	0.527399325544666	1.11307681161077	0.972529911928639
TRP228A	2.10990416049468	0.95101273567422	1.33566202264431	0.881906796157662	1.15638265467711	1.35406649350444	1.43055735424418	0.470306838176363	1.0438620478333	0.270895538987869	2.01940621339096	2.23112621691352	2.00931421971602	1.28665052850269	2.60889142202794	1.64573296362373
ALA59A	0.204596767078272	0.95101273567422	0.557758538446255	1.752132707598	-0.559667773409483	-0.492831784013377	-0.948382888862773	-0.633247789985497	-1.04053128188617	-0.575298073364175	-0.470964600758063	-0.420186787718347	0.126371963504152	0.527399325544666	0.365169506402179	0.635928386081096
VAL58A	0.680923615432375	1.45708737001514	0.817059699845607	1.92617788988607	-0.037067923178884	0.0772695176706665	0.00319320838000938	0.470306838176363	0.349064271260148	0.947850428869505	0.287444006117249	0.398221574838523	1.38166680097873	2.04590173146071	1.30005363791291	2.31893601531881
ARG1068B	-1.22438377798403	-0.567211167348553	-0.998048429949852	-1.20663539129916	2.75798836778738	3.42291234080152	-0.472594840241382	-0.0814704759045669	-0.742760806211956	-0.744536795834584	4.34369229404622	5.20105583690822	0.126371963504152	0.527399325544666	-0.00878414620211425	-0.0372746656139896
HIS235A	1.15725046378648	1.45708737001514	0.687409119145931	0.881906796157662	0.389696108819516	0.0534847079793263	0.954769305622791	1.02208415225729	1.34163252350751	1.28632787381032	1.90328192818394	0.875090688672011	3.2646090571906	3.56440413737675	2.0479609431215	1.64573296362373
GLY271A	0.204596767078272	0.95101273567422	0.298457377046904	1.40404234302187	2.98036468387957	3.27619283753461	0.4789812570014	1.02208415225729	0.349064271260148	1.11708915133991	-0.547030508509948	-0.460559870604741	-1.12892287397043	-0.991103080371377	-0.943668277712848	-0.710477717309076
LEU217A	0.204596767078272	0.95101273567422	0.557758538446255	1.752132707598	3.02905796369335	3.71497142531113	0.4789812570014	1.02208415225729	0.646834746934358	1.62480531875114	-0.547030508509948	-0.460559870604741	-1.12892287397043	-0.991103080371377	-0.943668277712848	-0.710477717309076
GLU246A	-0.27173008127583	0.444938101333296	-0.0904943650521225	0.359771249293457	0.281764507703642	-0.0353284603573225	0.4789812570014	1.02208415225729	0.448321096484884	1.11708915133991	0.0506944944161133	-0.198737078503431	0.754019382241442	1.28665052850269	0.739123159006473	0.972529911928639
THR243A	1.15725046378648	1.45708737001514	0.687409119145931	0.533816431581525	0.50010889616794	0.292151478322422	1.90634540286557	2.12563878041915	1.63940299918172	1.45556659628073	-0.141945792671503	-0.117604249517518	0.754019382241442	1.28665052850269	0.92609998530862	0.972529911928639
GLY188A	0.204596767078272	0.95101273567422	-0.609096687850825	0.185726067005388	-0.323024636480138	-0.105754958727196	0.4789812570014	1.02208415225729	-0.246476680088272	0.270895538987869	-0.547030508509948	-0.460559870604741	-1.12892287397043	-0.991103080371377	-0.943668277712848	-0.710477717309076
LEU192A	-0.27173008127583	-1.07328580168948	-0.609096687850825	-0.684499844434954	-0.457628989595912	-0.461642715925009	-0.948382888862773	-0.633247789985497	-0.941274456661429	-0.406059350893766	-0.544329943737692	-0.460559870604741	-0.501275455233138	-0.991103080371377	-0.943668277712848	-1.04707924315662
HIS136A	-0.748056929629932	-1.5793604360304	-0.0904943650521225	-1.38068057358723	-0.512525234991055	-0.520955576681652	-0.472594840241382	-1.18502510406643	-0.345733505313009	-1.0830142407754	-0.547030508509948	-0.460559870604741	-1.12892287397043	-0.991103080371377	-0.943668277712848	-0.710477717309076
LEU54A	0.680923615432375	0.95101273567422	0.168806796347229	0.533816431581525	-0.350007536759106	-0.192391245359437	0.4789812570014	1.02208415225729	0.448321096484884	0.778611706399096	-0.520474954916095	-0.438202027419108	0.126371963504152	-0.231851877413356	0.178192680100033	-0.373876191461533
ARG119A	-0.27173008127583	-0.0611365330076285	-0.220144945751798	-0.162364297570748	-0.51159479015385	-0.393738404752717	0.00319320838000938	0.470306838176363	0.249807446035411	0.440134261458278	-0.401200010808108	-0.277933384645274	0.754019382241442	1.28665052850269	1.30005363791291	0.972529911928639
ALA15A	-0.748056929629932	-0.0611365330076285	-1.12769901064953	-1.03259020901109	-0.466002993130765	-0.272292804429333	-0.948382888862773	-0.633247789985497	-1.1397881071109	-0.913775518304993	-0.547030508509948	-0.460559870604741	-1.12892287397043	-0.991103080371377	-0.943668277712848	-0.710477717309076
ARG16A	-0.27173008127583	-1.07328580168948	-0.609096687850825	-1.03259020901109	-0.612082832572078	-0.520955576681652	-1.42417093748416	-1.18502510406643	-1.23904493233564	-0.913775518304993	-0.438557823490987	-0.460559870604741	-0.501275455233138	-0.991103080371377	-0.569714625108555	-1.04707924315662
PRO171A	-1.22438377798403	-0.567211167348553	-0.479446107151149	0.185726067005388	-0.567421480386199	-0.467724472453611	-0.948382888862773	-0.633247789985497	-0.643503980987219	-0.406059350893766	-0.376894927857801	-0.206797051812169	0.126371963504152	0.527399325544666	-0.00878414620211425	-0.0372746656139896
MET148A	-0.748056929629932	-1.5793604360304	-0.0904943650521225	-1.38068057358723	-0.612082832572078	-0.520955576681652	-0.948382888862773	-1.18502510406643	-0.544247155762482	-1.0830142407754	-0.547030508509948	-0.460559870604741	-1.12892287397043	-0.991103080371377	-0.943668277712848	-0.710477717309076
ALA137A	1.63357731214058	1.45708737001514	1.33566202264431	1.40404234302187	-0.281774915364013	-0.0289094965560448	0.4789812570014	-0.0814704759045669	0.646834746934358	-0.406059350893766	-0.127542780552803	0.245796395463393	0.126371963504152	0.527399325544666	0.552146332704326	-0.0372746656139896
PRO140A	1.15725046378648	1.45708737001514	0.687409119145931	1.05595197844573	-0.270609577317544	0.0550339870705341	1.43055735424418	2.12563878041915	1.14311887305804	1.11708915133991	-0.547030508509948	-0.460559870604741	-1.12892287397043	-0.991103080371377	-0.943668277712848	-0.710477717309076
ASN316A	0.204596767078272	-0.567211167348553	0.298457377046904	-1.03259020901109	-0.421341640944886	-0.378410038447839	0.4789812570014	-0.0814704759045669	1.0438620478333	-0.744536795834584	-0.425505093758415	-0.255928763481999	-0.501275455233138	-0.231851877413356	-0.756691451410702	-1.04707924315662
ASP46A	-0.748056929629932	-1.07328580168948	-1.12769901064953	-1.38068057358723	-0.61146253601394	-0.520955576681652	-0.948382888862773	-1.18502510406643	-0.941274456661429	-1.0830142407754	-0.547030508509948	-0.460559870604741	-1.12892287397043	-0.991103080371377	-0.943668277712848	-0.710477717309076
LEU151A	0.680923615432375	1.45708737001514	0.687409119145931	1.752132707598	-0.180356428108579	0.0819073067388802	1.43055735424418	2.12563878041915	1.34163252350751	2.30176020863278	-0.260320548522071	-0.0304984492550696	0.754019382241442	1.28665052850269	0.365169506402179	0.972529911928639
LYS90A	1.15725046378648	-0.567211167348553	0.946710280545282	-0.510454662146885	-0.483991593316744	-0.516732005178428	0.00319320838000938	-0.633247789985497	0.150550620810674	-0.744536795834584	-0.434056882203893	-0.454496726689993	0.754019382241442	-0.231851877413356	0.178192680100033	-1.04707924315662
GLN219A	0.204596767078272	-0.0611365330076285	0.039156215647553	-0.858545026723022	-0.225017780294459	-0.0183505677979845	0.4789812570014	0.470306838176363	0.0512937955859377	-0.406059350893766	-0.0847838383254112	-0.239255117716442	0.754019382241442	-0.231851877413356	-0.382737798806408	-1.04707924315662
PRO220A	-0.27173008127583	-0.0611365330076285	-0.220144945751798	0.185726067005388	0.103739395518263	-0.0834118146029442	0.00319320838000938	-0.0814704759045669	-0.345733505313009	0.10165681651746	0.0943536249009235	0.372006758254521	0.126371963504152	0.527399325544666	-0.382737798806408	-0.373876191461533
PRO49A	0.680923615432375	1.45708737001514	0.298457377046904	1.05595197844573	-0.598436308293059	-0.504261832920801	-0.948382888862773	-0.633247789985497	-1.04053128188617	-0.913775518304993	-0.527226366846736	-0.436595183178306	-0.501275455233138	-0.231851877413356	-0.756691451410702	-0.710477717309076
GLN302A	-0.27173008127583	-1.5793604360304	-0.349795526451474	-1.38068057358723	-0.503841083177134	-0.520955576681652	0.00319320838000938	-1.18502510406643	0.0512937955859377	-1.0830142407754	-0.389947657590373	-0.460559870604741	0.126371963504152	-0.991103080371377	-0.569714625108555	-1.04707924315662
GLY301A	0.680923615432375	1.45708737001514	-0.220144945751798	0.533816431581525	-0.394979037224054	-0.151393070149544	0.00319320838000938	0.470306838176363	0.150550620810674	0.10165681651746	-0.23196461841338	0.0699652219357029	0.126371963504152	0.527399325544666	0.365169506402179	-0.0372746656139896
GLY180A	1.15725046378648	1.96316200435607	-0.220144945751798	0.0116808847173199	-0.488643817502773	-0.310832894396253	0.00319320838000938	0.470306838176363	-0.345733505313009	-0.406059350893766	-0.384096433917151	-0.186202608462397	-0.501275455233138	-0.231851877413356	-0.569714625108555	-0.710477717309076
PRO184A	-0.27173008127583	-0.567211167348553	0.039156215647553	-0.510454662146885	-0.561838811362964	-0.520955576681652	-0.472594840241382	-1.18502510406643	-0.643503980987219	-1.0830142407754	-0.33413598563041	-0.199086789281237	0.126371963504152	-0.231851877413356	-0.195760972504261	-0.710477717309076
TYR307A	1.15725046378648	-0.567211167348553	1.33566202264431	0.185726067005388	-0.281154618805876	-0.509868701485689	1.43055735424418	-0.0814704759045669	1.54014617395699	0.609372983928687	-0.0667800731770359	-0.444644117828528	2.00931421971602	0.527399325544666	2.42191459572579	0.972529911928639
CYS145A	0.204596767078272	-0.0611365330076285	0.557758538446255	0.707861613869593	-0.536406652479338	-0.397416110212347	0.00319320838000938	0.470306838176363	0.249807446035411	0.947850428869505	-0.525425990331898	-0.460559870604741	0.126371963504152	-0.991103080371377	-0.195760972504261	-1.04707924315662
LEU138A	1.15725046378648	0.95101273567422	1.33566202264431	1.2299971607338	-0.0550565233648631	0.0122703256003902	1.43055735424418	1.02208415225729	1.63940299918172	0.778611706399096	-0.0924354385134707	0.304912048632185	1.38166680097873	2.04590173146071	2.23493776942365	2.31893601531881
ARG195A	-1.22438377798403	-0.567211167348553	-0.609096687850825	0.185726067005388	-0.521519535084045	-0.490023260382722	-0.472594840241382	-0.0814704759045669	-0.444990330537746	0.270895538987869	-0.547030508509948	-0.460559870604741	-1.12892287397043	-0.991103080371377	-0.943668277712848	-0.710477717309076
TRP172A	1.63357731214058	1.45708737001514	1.07636086124496	0.707861613869593	-0.235252673503723	-0.397727533112902	0.954769305622791	1.02208415225729	0.746091572159094	0.947850428869505	0.90812380960749	1.30595298390096	1.38166680097873	1.28665052850269	1.11307681161077	1.30913143777618
LEU294A	0.204596767078272	0.95101273567422	0.687409119145931	1.2299971607338	0.109942361099635	0.457917588316849	0.4789812570014	1.02208415225729	0.746091572159094	1.45556659628073	0.500788623125497	0.944660538032864	1.38166680097873	2.04590173146071	1.48703046421506	2.31893601531881
TRP273A	2.10990416049468	1.96316200435607	2.11356550684236	2.27426825446221	7.68190244628056	8.24770690283532	2.38213345148696	2.67741609450008	2.73122807665383	2.64023765357359	3.52002003850804	3.93897593961309	0.754019382241442	1.28665052850269	1.11307681161077	0.972529911928639
GLY204A	0.204596767078272	0.95101273567422	0.298457377046904	1.05595197844573	-0.10250921006236	0.117726037742986	0.4789812570014	1.02208415225729	0.349064271260148	1.11708915133991	-0.547030508509948	-0.460559870604741	-1.12892287397043	-0.991103080371377	-0.943668277712848	-0.710477717309076
ALA52A	0.204596767078272	0.95101273567422	0.168806796347229	1.2299971607338	-0.385984737131065	-0.357883061178242	-0.948382888862773	-0.633247789985497	-0.842017631436692	-0.236820628423357	-0.0168196248902943	-0.110419502209362	0.126371963504152	0.527399325544666	0.552146332704326	1.98233448947127
LEU25A	0.204596767078272	0.95101273567422	1.07636086124496	2.10022307217414	0.220355148448058	0.444615464074753	0.954769305622791	1.57386146633822	0.845348397383831	1.62480531875114	0.661022132946038	0.925564686668653	2.00931421971602	2.80515293441873	1.86098411681935	2.65553754116635
GLU210A	1.63357731214058	1.96316200435607	1.46531260334398	1.752132707598	2.47885491662564	3.0028199568079	2.38213345148696	2.67741609450008	2.83048490187856	3.31719254345523	1.15477539214023	1.21318089525094	0.754019382241442	0.527399325544666	1.30005363791291	1.64573296362373
ARG216A	0.680923615432375	-0.0611365330076285	0.687409119145931	0.0116808847173199	1.84181035141872	-0.25118881364972	0.954769305622791	0.470306838176363	0.646834746934358	0.270895538987869	-0.547030508509948	-0.460559870604741	-1.12892287397043	-0.991103080371377	-0.943668277712848	-0.710477717309076
GLN272A	0.204596767078272	-0.0611365330076285	0.039156215647553	-0.510454662146885	-0.45824928615405	-0.465521200701836	0.954769305622791	0.470306838176363	0.547577921709621	-0.0675819059529486	-0.547030508509948	-0.460559870604741	-1.12892287397043	-0.991103080371377	-0.943668277712848	-0.710477717309076
ASP281A	-0.748056929629932	-0.0611365330076285	-0.868397849250176	-0.336409479858817	-0.530823983456103	-0.417044525221015	-0.948382888862773	-0.633247789985497	-0.941274456661429	-0.913775518304993	-0.547030508509948	-0.460559870604741	-1.12892287397043	-0.991103080371377	-0.943668277712848	-0.710477717309076
SER283A	-0.27173008127583	-1.07328580168948	-0.479446107151149	-1.03259020901109	-0.359622133410233	-0.4865446614117	0.4789812570014	-0.633247789985497	0.249807446035411	-0.913775518304993	-0.547030508509948	-0.460559870604741	-1.12892287397043	-0.991103080371377	-0.943668277712848	-0.710477717309076
CYS164A	0.680923615432375	0.444938101333296	0.557758538446255	0.707861613869593	-0.505081676293409	-0.516878640731137	0.4789812570014	-0.0814704759045669	0.646834746934358	0.270895538987869	-0.547030508509948	-0.460559870604741	-1.12892287397043	-0.991103080371377	-0.943668277712848	-0.710477717309076
GLY68A	0.680923615432375	0.95101273567422	0.168806796347229	0.533816431581525	0.455757692261129	0.00734144011418594	0.954769305622791	1.02208415225729	0.646834746934358	0.947850428869505	1.05890534272513	0.886699494909229	1.38166680097873	2.04590173146071	0.92609998530862	1.64573296362373
SER76A	0.204596767078272	-0.0611365330076285	0.557758538446255	0.533816431581525	1.72426415365172	0.554660875961074	0.4789812570014	-0.0814704759045669	0.944605222608567	0.440134261458278	1.54590718998869	1.08354026939885	0.754019382241442	0.527399325544666	0.92609998530862	1.64573296362373
GLY142A	1.15725046378648	1.45708737001514	0.039156215647553	0.707861613869593	-0.128871813783191	0.1727042625147	1.43055735424418	1.57386146633822	0.845348397383831	0.440134261458278	-0.0127687777319098	0.254044529829083	0.754019382241442	1.28665052850269	0.552146332704326	1.30913143777618
PHE139A	1.63357731214058	-0.0611365330076285	1.20601144194463	-0.162364297570748	0.112423547332184	0.0635426712119158	1.90634540286557	0.470306838176363	1.8379166496312	0.270895538987869	0.00208432851549986	-0.330113931121974	0.754019382241442	0.527399325544666	1.11307681161077	0.972529911928639
VAL233A	-0.27173008127583	0.444938101333296	-0.479446107151149	0.0116808847173199	-0.521519535084045	-0.366795216813972	-0.948382888862773	-0.633247789985497	-1.1397881071109	-0.913775518304993	-0.547030508509948	-0.460559870604741	-1.12892287397043	-0.991103080371377	-0.943668277712848	-0.710477717309076
ALA65A	-1.22438377798403	-0.567211167348553	-1.51665075274855	-0.684499844434954	-0.255722459922251	-0.404415358501216	-0.948382888862773	-0.633247789985497	-1.04053128188617	-0.575298073364175	-0.547030508509948	-0.460559870604741	-1.12892287397043	-0.991103080371377	-0.943668277712848	-0.710477717309076
GLY66A	-0.748056929629932	-0.0611365330076285	-1.12769901064953	-0.162364297570748	0.18872002398306	0.724582931530725	0.00319320838000938	0.470306838176363	-0.444990330537746	0.270895538987869	-0.544780037866402	-0.458319328984496	-0.501275455233138	-0.231851877413356	-0.756691451410702	-0.373876191461533
GLN252A	-0.748056929629932	-0.567211167348553	-0.609096687850825	-0.510454662146885	-0.448634689502923	-0.372866600849857	-0.472594840241382	-0.0814704759045669	-0.246476680088272	-0.236820628423357	-0.201358217661142	-0.247970887093892	0.754019382241442	0.527399325544666	-0.195760972504261	-0.710477717309076
GLY19A	0.680923615432375	1.45708737001514	0.039156215647553	0.707861613869593	-0.612082832572078	-0.520955576681652	-1.42417093748416	-1.18502510406643	-1.23904493233564	-0.913775518304993	-0.354390221422332	-0.23814893723898	1.38166680097873	2.04590173146071	1.11307681161077	1.30913143777618
ALA17A	1.15725046378648	1.45708737001514	0.168806796347229	0.359771249293457	-0.565250442432718	-0.481095620619974	-0.948382888862773	-0.633247789985497	-0.941274456661429	-0.406059350893766	-0.365192480511357	-0.372337081698245	0.754019382241442	0.527399325544666	0.552146332704326	0.635928386081096
ARG20A	0.204596767078272	-0.567211167348553	-0.0904943650521225	-0.336409479858817	-0.612082832572078	-0.520955576681652	-1.42417093748416	-1.18502510406643	-1.23904493233564	-0.913775518304993	-0.324684008927513	-0.117162602080119	0.754019382241442	0.527399325544666	0.365169506402179	-0.373876191461533
ALA274A	-0.748056929629932	-0.0611365330076285	0.298457377046904	1.2299971607338	-0.521519535084045	-0.443875396747812	-0.948382888862773	-0.633247789985497	-0.643503980987219	-0.0675819059529486	-0.547030508509948	-0.460559870604741	-1.12892287397043	-0.991103080371377	-0.943668277712848	-0.710477717309076
ARG45A	-0.748056929629932	-1.07328580168948	-1.2573495913492	-1.38068057358723	-0.520899238525908	-0.443875396747812	-0.472594840241382	-0.633247789985497	-0.842017631436692	-0.913775518304993	-0.547030508509948	-0.460559870604741	-1.12892287397043	-0.991103080371377	-0.943668277712848	-0.710477717309076
PRO42A	0.204596767078272	0.444938101333296	1.07636086124496	0.881906796157662	1.56608853132674	0.948855357556425	0.4789812570014	0.470306838176363	0.646834746934358	0.778611706399096	-0.338636926917504	-0.255120484799378	-0.501275455233138	-0.231851877413356	-0.569714625108555	-0.0372746656139896
THR320A	-1.22438377798403	-0.567211167348553	-1.38700017204888	-0.510454662146885	-0.612082832572078	-0.520955576681652	-1.42417093748416	-1.18502510406643	-1.23904493233564	-0.913775518304993	-0.547030508509948	-0.460559870604741	-1.12892287397043	-0.991103080371377	-0.943668277712848	-0.710477717309076
TYR149A	0.680923615432375	-0.567211167348553	1.20601144194463	-0.510454662146885	1.5812857970011	0.267379033148037	1.43055735424418	-0.0814704759045669	1.8379166496312	-0.236820628423357	1.35506727941591	0.671133102682293	2.00931421971602	0.527399325544666	1.86098411681935	-0.373876191461533
GLU162A	-1.70071062633814	-1.07328580168948	-1.77595191414791	-1.03259020901109	-0.612082832572078	-0.520955576681652	-1.42417093748416	-1.18502510406643	-1.23904493233564	-0.913775518304993	-0.547030508509948	-0.460559870604741	-1.12892287397043	-0.991103080371377	-0.943668277712848	-0.710477717309076
THR158A	-0.748056929629932	-0.0611365330076285	-1.12769901064953	-0.510454662146885	-0.612082832572078	-0.520955576681652	-1.42417093748416	-1.18502510406643	-1.23904493233564	-0.913775518304993	-0.547030508509948	-0.460559870604741	-1.12892287397043	-0.991103080371377	-0.943668277712848	-0.710477717309076
ARG63A	-1.22438377798403	-1.07328580168948	-1.64630133344823	-1.38068057358723	-0.43157653415415	-0.520955576681652	-0.948382888862773	-1.18502510406643	-1.1397881071109	-1.0830142407754	-0.547030508509948	-0.460559870604741	-1.12892287397043	-0.991103080371377	-0.943668277712848	-0.710477717309076
HIS60A	-1.22438377798403	-1.07328580168948	-1.38700017204888	-1.38068057358723	-0.612082832572078	-0.520955576681652	-1.42417093748416	-1.18502510406643	-1.23904493233564	-0.913775518304993	-0.547030508509948	-0.460559870604741	-1.12892287397043	-0.991103080371377	-0.943668277712848	-0.710477717309076
GLU186A	-0.748056929629932	-1.5793604360304	-0.868397849250176	-1.38068057358723	-0.612082832572078	-0.520955576681652	-0.948382888862773	-1.18502510406643	-0.842017631436692	-1.0830142407754	-0.547030508509948	-0.460559870604741	-1.12892287397043	-0.991103080371377	-0.943668277712848	-0.710477717309076
PRO187A	-0.27173008127583	-0.567211167348553	-0.7387472685505	-0.510454662146885	-0.434678016944836	-0.520955576681652	-0.948382888862773	-1.18502510406643	-0.842017631436692	-1.0830142407754	-0.547030508509948	-0.460559870604741	-1.12892287397043	-0.991103080371377	-0.943668277712848	-0.710477717309076
GLU134A	1.15725046378648	0.95101273567422	2.11356550684236	1.05595197844573	0.372327805191675	0.00936083408485616	0.954769305622791	1.57386146633822	1.54014617395699	2.30176020863278	0.881568256013636	0.30073533095049	1.38166680097873	2.04590173146071	1.86098411681935	2.65553754116635
TYR83A	-0.27173008127583	-0.567211167348553	0.557758538446255	-0.162364297570748	0.265326648913006	0.653239699459152	0.00319320838000938	-0.0814704759045669	-0.0479630296387989	-0.236820628423357	0.030440258624191	-0.460559870604741	-0.501275455233138	-0.991103080371377	-0.195760972504261	-1.04707924315662
ARG250A	-0.748056929629932	-0.567211167348553	-0.998048429949852	-1.03259020901109	-0.206719031829411	0.117656047941092	-0.472594840241382	-0.0814704759045669	-0.544247155762482	-0.575298073364175	0.0488941179012758	0.456198418621087	0.754019382241442	0.527399325544666	0.178192680100033	-0.0372746656139896
GLY237A	0.680923615432375	1.45708737001514	0.946710280545282	1.40404234302187	-0.152132934713336	0.261988990728515	0.4789812570014	1.02208415225729	1.34163252350751	1.11708915133991	0.0160372465054908	0.283706106494892	0.754019382241442	1.28665052850269	1.86098411681935	2.31893601531881
LEU308A	0.680923615432375	0.444938101333296	0.946710280545282	-0.510454662146885	-0.202997252480588	-0.418247730676353	0.954769305622791	0.470306838176363	1.14311887305804	-0.236820628423357	-0.454761212124525	-0.352939066117965	0.126371963504152	0.527399325544666	-0.382737798806408	-0.373876191461533
GLU14A	0.204596767078272	-1.07328580168948	0.42810795774658	-0.684499844434954	0.0606287847277266	-0.140371321745238	-0.472594840241382	-0.633247789985497	-0.444990330537746	-0.236820628423357	0.429223656660705	0.0857874820102473	0.126371963504152	-0.231851877413356	0.552146332704326	0.299326860233553
ALA125A	1.15725046378648	1.45708737001514	1.33566202264431	1.2299971607338	1.85297568946519	1.84229124330124	0.00319320838000938	-0.0814704759045669	-0.0479630296387989	-0.0675819059529486	0.0434929883567632	0.53379573141392	0.754019382241442	1.28665052850269	0.365169506402179	0.635928386081096
ILE284A	1.63357731214058	0.95101273567422	0.298457377046904	0.533816431581525	1.4330349196063	0.520154798863088	1.90634540286557	1.57386146633822	1.34163252350751	1.28632787381032	1.21238744061503	-0.273739248731571	0.126371963504152	-0.231851877413356	-0.195760972504261	-0.373876191461533
GLN31A	-0.748056929629932	-0.567211167348553	-0.998048429949852	-0.336409479858817	-0.532064576572377	-0.520955576681652	-0.948382888862773	-1.18502510406643	-1.04053128188617	-1.0830142407754	-0.547030508509948	-0.460559870604741	-1.12892287397043	-0.991103080371377	-0.943668277712848	-0.710477717309076
LEU98A	-0.27173008127583	-0.0611365330076285	-0.609096687850825	0.0116808847173199	-0.189660876480638	-0.183555356693619	0.00319320838000938	0.470306838176363	-0.444990330537746	0.10165681651746	-0.547030508509948	-0.460559870604741	-1.12892287397043	-0.991103080371377	-0.943668277712848	-0.710477717309076
ASN227A	0.680923615432375	0.95101273567422	0.42810795774658	1.05595197844573	0.165148754773846	0.660821307108556	0.4789812570014	1.02208415225729	0.0512937955859377	0.440134261458278	-0.41425274054068	-0.236981438748411	-0.501275455233138	-0.231851877413356	-0.569714625108555	-0.710477717309076
THR223A	-1.22438377798403	-0.567211167348553	-1.12769901064953	-0.510454662146885	-0.550053176758357	-0.469574965823722	-0.948382888862773	-0.633247789985497	-0.941274456661429	-0.406059350893766	-0.547030508509948	-0.460559870604741	-1.12892287397043	-0.991103080371377	-0.943668277712848	-0.710477717309076
LEU84A	0.680923615432375	0.95101273567422	0.557758538446255	1.2299971607338	-0.334189974526608	-0.263403229220619	0.4789812570014	1.02208415225729	0.0512937955859377	1.11708915133991	-0.302179302492044	-0.22422001780638	0.754019382241442	1.28665052850269	1.30005363791291	1.98233448947127
SER129A	-1.22438377798403	-1.5793604360304	-0.7387472685505	-1.38068057358723	-0.525861610991005	-0.520955576681652	-0.948382888862773	-1.18502510406643	-0.842017631436692	-1.0830142407754	-0.42190434072874	-0.460559870604741	-0.501275455233138	-0.991103080371377	-0.756691451410702	-1.04707924315662
LYS257A	-0.748056929629932	-1.07328580168948	-0.609096687850825	-0.510454662146885	-0.536716800758407	-0.493894434285496	-0.472594840241382	-0.633247789985497	-0.345733505313009	-0.236820628423357	-0.4439589530355	-0.42171227427066	-0.501275455233138	-0.231851877413356	-0.569714625108555	-0.0372746656139896
PRO258A	0.680923615432375	0.444938101333296	0.168806796347229	-0.510454662146885	-0.247348456387398	-0.366795216813972	0.00319320838000938	-0.0814704759045669	-0.147219854863536	-0.913775518304993	-0.497970248480626	-0.460559870604741	-0.501275455233138	-0.991103080371377	-0.756691451410702	-1.04707924315662
GLN120A	-0.748056929629932	-0.567211167348553	-0.7387472685505	-0.684499844434954	-0.425683716851846	-0.419947413750995	-0.948382888862773	-0.633247789985497	-0.842017631436692	-0.406059350893766	-0.276523937155609	-0.315557701718674	-0.501275455233138	-0.231851877413356	-0.382737798806408	0.299326860233553
LEU97A	1.15725046378648	0.95101273567422	-0.220144945751798	0.0116808847173199	-0.0491637060625596	-0.0072298023737543	0.954769305622791	1.02208415225729	-0.643503980987219	-0.0675819059529486	0.269890335097583	0.276918659110311	1.38166680097873	2.04590173146071	0.365169506402179	0.972529911928639
TYR261A	0.680923615432375	-0.567211167348553	1.33566202264431	-0.162364297570748	-0.395599333782191	-0.390816779738559	1.43055735424418	-0.0814704759045669	1.93717347485593	-0.0675819059529486	-0.335486268016538	-0.446538850301887	0.754019382241442	-0.231851877413356	1.86098411681935	0.972529911928639
PRO222A	-0.27173008127583	-0.0611365330076285	-0.0904943650521225	0.359771249293457	-0.431886682433218	-0.214218696260002	-0.472594840241382	-0.633247789985497	-0.544247155762482	-0.744536795834584	-0.547030508509948	-0.460559870604741	-1.12892287397043	-0.991103080371377	-0.943668277712848	-0.710477717309076
ALA232A	0.204596767078272	0.95101273567422	0.42810795774658	0.707861613869593	0.527401944725977	1.38444767115742	-0.472594840241382	-0.0814704759045669	-0.147219854863536	-0.406059350893766	1.01974715352742	2.17766562529995	-0.501275455233138	-0.231851877413356	-0.195760972504261	-0.710477717309076
LEU231A	-0.27173008127583	-0.0611365330076285	0.168806796347229	0.881906796157662	-0.53826754215375	-0.434677960156218	-0.472594840241382	-0.0814704759045669	-0.444990330537746	0.440134261458278	-0.439908105877115	-0.336704123113355	0.126371963504152	0.527399325544666	0.552146332704326	1.98233448947127
ASP1072B	-1.22438377798403	-0.567211167348553	-1.12769901064953	-0.336409479858817	-0.612082832572078	-0.520955576681652	-1.42417093748416	-1.18502510406643	-1.23904493233564	-0.913775518304993	-0.547030508509948	-0.460559870604741	-1.12892287397043	-0.991103080371377	-0.943668277712848	-0.710477717309076
SER1071B	-1.22438377798403	-1.5793604360304	-0.609096687850825	-1.38068057358723	-0.564630145874581	-0.520955576681652	-0.948382888862773	-1.18502510406643	-0.544247155762482	-1.0830142407754	-0.547030508509948	-0.460559870604741	-1.12892287397043	-0.991103080371377	-0.943668277712848	-0.710477717309076
GLY77A	1.15725046378648	1.45708737001514	0.557758538446255	0.533816431581525	-0.612082832572078	-0.520955576681652	-0.472594840241382	-0.633247789985497	-0.246476680088272	-0.236820628423357	-0.547030508509948	-0.460559870604741	-0.501275455233138	-0.231851877413356	-0.382737798806408	0.299326860233553
LYS153A	0.204596767078272	-1.07328580168948	-0.349795526451474	-1.03259020901109	-0.529583390339829	-0.520427630243749	0.4789812570014	-0.633247789985497	-0.246476680088272	-0.575298073364175	-0.428205658530671	-0.460559870604741	0.754019382241442	-0.991103080371377	0.178192680100033	-1.04707924315662
THR152A	-0.748056929629932	-0.0611365330076285	-0.7387472685505	-0.510454662146885	1.66068375644266	1.63943957293308	-0.472594840241382	-0.0814704759045669	-0.544247155762482	-0.0675819059529486	-0.547030508509948	-0.460559870604741	-1.12892287397043	-0.991103080371377	-0.943668277712848	-0.710477717309076
PHE218A	1.15725046378648	-0.0611365330076285	1.72461376474334	0.881906796157662	2.11412054044096	0.299696747326572	1.43055735424418	0.470306838176363	1.44088934873225	0.947850428869505	1.47119156462293	0.668327679815031	0.754019382241442	-0.231851877413356	1.30005363791291	-0.0372746656139896
ARG116A	-1.22438377798403	-1.5793604360304	-1.64630133344823	-1.38068057358723	-0.603708829037225	-0.520955576681652	-0.948382888862773	-1.18502510406643	-1.1397881071109	-1.0830142407754	-0.547030508509948	-0.460559870604741	-1.12892287397043	-0.991103080371377	-0.943668277712848	-0.710477717309076
CYS182A	0.204596767078272	-0.567211167348553	0.298457377046904	0.0116808847173199	-0.61146253601394	-0.520955576681652	0.00319320838000938	-0.633247789985497	-0.147219854863536	0.10165681651746	-0.419653870085193	-0.309199289119846	0.126371963504152	0.527399325544666	0.552146332704326	0.972529911928639
GLU300A	-1.22438377798403	-1.5793604360304	-1.38700017204888	-1.38068057358723	-0.612082832572078	-0.520955576681652	-1.42417093748416	-1.18502510406643	-1.23904493233564	-0.913775518304993	-0.547030508509948	-0.460559870604741	-1.12892287397043	-0.991103080371377	-0.943668277712848	-0.710477717309076
GLY165A	-0.27173008127583	0.444938101333296	0.168806796347229	1.05595197844573	-0.34473501601494	-0.247380276813513	0.4789812570014	1.02208415225729	0.845348397383831	1.62480531875114	-0.547030508509948	-0.460559870604741	-1.12892287397043	-0.991103080371377	-0.943668277712848	-0.710477717309076
LEU28A	1.15725046378648	1.45708737001514	0.298457377046904	0.881906796157662	0.410476043517113	0.350531310860026	0.4789812570014	1.02208415225729	-0.0479630296387989	0.778611706399096	0.714583334262454	0.359235363754768	0.754019382241442	1.28665052850269	0.552146332704326	1.30913143777618
CYS267A	0.204596767078272	-0.0611365330076285	0.946710280545282	0.533816431581525	-0.541369024944436	-0.474324520876413	0.00319320838000938	0.470306838176363	0.547577921709621	0.947850428869505	-0.541629378965436	-0.451465154732619	-0.501275455233138	-0.231851877413356	-0.195760972504261	-0.0372746656139896
ARG27A	-0.748056929629932	-0.567211167348553	-1.2573495913492	-0.858545026723022	-0.612082832572078	-0.520955576681652	-1.42417093748416	-1.18502510406643	-1.23904493233564	-0.913775518304993	-0.358891162709426	-0.248145703806208	0.126371963504152	0.527399325544666	-0.195760972504261	-0.0372746656139896
MET24A	-1.22438377798403	-0.567211167348553	-1.12769901064953	-0.336409479858817	-0.612082832572078	-0.520955576681652	-1.42417093748416	-1.18502510406643	-1.23904493233564	-0.913775518304993	-0.132943910097315	-0.0473568541881688	0.126371963504152	0.527399325544666	-0.195760972504261	0.635928386081096
THR181A	-0.748056929629932	-0.567211167348553	-0.479446107151149	-0.510454662146885	-0.612082832572078	-0.520955576681652	-0.948382888862773	-0.633247789985497	-1.04053128188617	-0.913775518304993	-0.415152928798099	-0.238497224727098	-0.501275455233138	-0.231851877413356	-0.756691451410702	-1.04707924315662
VAL297A	0.680923615432375	0.95101273567422	0.817059699845607	1.05595197844573	-0.50042945210738	-0.370971650193082	0.4789812570014	1.02208415225729	0.349064271260148	0.947850428869505	-0.401650104936817	-0.273292633149218	0.126371963504152	0.527399325544666	0.178192680100033	0.635928386081096
GLY282A	0.680923615432375	1.45708737001514	0.039156215647553	0.881906796157662	-0.495467079642282	-0.442323833953048	0.4789812570014	1.02208415225729	0.845348397383831	1.11708915133991	-0.547030508509948	-0.460559870604741	-1.12892287397043	-0.991103080371377	-0.943668277712848	-0.710477717309076
ASP78A	-0.27173008127583	-0.567211167348553	-0.220144945751798	-0.336409479858817	-0.535786355921201	-0.458832828926968	-0.472594840241382	-0.633247789985497	-0.147219854863536	-0.236820628423357	-0.197307370502757	-0.386335870010361	-0.501275455233138	-0.231851877413356	-0.756691451410702	-0.373876191461533
PRO70A	-0.27173008127583	-0.0611365330076285	-0.479446107151149	-0.162364297570748	0.501349489284214	0.866093131375995	0.00319320838000938	0.470306838176363	-0.444990330537746	-0.236820628423357	0.260888452523396	0.0765485004890194	0.126371963504152	-0.231851877413356	-0.382737798806408	-0.373876191461533
SER163A	-1.22438377798403	-1.07328580168948	-0.868397849250176	-1.03259020901109	-0.612082832572078	-0.520955576681652	-1.42417093748416	-1.18502510406643	-1.23904493233564	-0.913775518304993	-0.547030508509948	-0.460559870604741	-1.12892287397043	-0.991103080371377	-0.943668277712848	-0.710477717309076
ALA154A	-0.748056929629932	-0.567211167348553	-0.998048429949852	-0.684499844434954	-0.611152387734872	-0.519371737367943	-0.948382888862773	-0.633247789985497	-0.941274456661429	-0.913775518304993	-0.54568022612382	-0.458286191636711	-0.501275455233138	-0.231851877413356	-0.569714625108555	-1.04707924315662
GLY74A	1.15725046378648	1.45708737001514	1.07636086124496	1.40404234302187	-0.126700775829711	0.0613834520301161	1.43055735424418	1.57386146633822	1.73865982440646	2.30176020863278	-0.137444851384409	0.127650588258989	0.754019382241442	1.28665052850269	0.365169506402179	1.30913143777618
GLY75A	0.680923615432375	0.95101273567422	0.557758538446255	1.40404234302187	1.66998820481472	2.94048165291465	1.43055735424418	1.57386146633822	0.944605222608567	0.609372983928687	-0.547030508509948	-0.460559870604741	-1.12892287397043	-0.991103080371377	-0.943668277712848	-0.710477717309076
ALA173A	-1.22438377798403	-0.567211167348553	-0.868397849250176	-0.162364297570748	-0.612082832572078	-0.520955576681652	-1.42417093748416	-1.18502510406643	-1.23904493233564	-0.913775518304993	-0.415603022926808	-0.239255117716442	-0.501275455233138	-0.231851877413356	-0.382737798806408	-0.0372746656139896
LEU270A	1.15725046378648	0.444938101333296	1.20601144194463	0.533816431581525	-0.283945953317494	-0.138966238901418	0.954769305622791	0.470306838176363	0.448321096484884	-0.0675819059529486	-0.19550699398792	-0.0481968056860829	0.126371963504152	0.527399325544666	-0.00878414620211425	0.635928386081096
SER207A	1.15725046378648	0.444938101333296	1.72461376474334	1.40404234302187	1.08877032984015	0.587433305330794	1.43055735424418	1.02208415225729	2.33420077575488	1.96328276369196	1.08771136696253	1.13058669812696	1.38166680097873	2.04590173146071	1.86098411681935	2.31893601531881
GLU57A	-0.748056929629932	-0.567211167348553	-0.7387472685505	-0.510454662146885	-0.539818283549093	-0.519601278724871	-0.472594840241382	-0.633247789985497	-0.643503980987219	-0.913775518304993	-0.415603022926808	-0.436257866320109	0.754019382241442	0.527399325544666	-0.00878414620211425	-0.373876191461533
LEU179A	-0.748056929629932	-1.07328580168948	-0.220144945751798	-1.03259020901109	-0.577346225316394	-0.520955576681652	-0.948382888862773	-1.18502510406643	-0.941274456661429	-1.0830142407754	-0.496619966094497	-0.460559870604741	-0.501275455233138	-0.991103080371377	-0.569714625108555	-1.04707924315662
PRO310A	2.58623100884878	2.46923663869699	0.557758538446255	0.533816431581525	0.476537626958726	0.50919055166556	2.85792150010836	2.67741609450008	1.8379166496312	0.947850428869505	-0.547030508509948	-0.460559870604741	-0.501275455233138	-0.991103080371377	0.178192680100033	-1.04707924315662
PRO265A	-0.27173008127583	-0.0611365330076285	0.687409119145931	0.707861613869593	-0.612082832572078	-0.520955576681652	0.00319320838000938	-0.0814704759045669	0.349064271260148	0.270895538987869	-0.547030508509948	-0.460559870604741	-1.12892287397043	-0.991103080371377	-0.943668277712848	-0.710477717309076
LEU18A	1.63357731214058	0.444938101333296	0.817059699845607	0.707861613869593	-0.314340484666217	-0.27208594843416	0.00319320838000938	0.470306838176363	-0.147219854863536	0.778611706399096	-0.11494014494894	-0.103295320703667	2.00931421971602	1.28665052850269	1.48703046421506	1.30913143777618
SER279A	1.15725046378648	-0.0611365330076285	-0.0904943650521225	-0.858545026723022	-0.521519535084045	-0.519899683805846	0.4789812570014	-0.633247789985497	0.349064271260148	-0.913775518304993	-0.547030508509948	-0.460559870604741	-1.12892287397043	-0.991103080371377	-0.943668277712848	-0.710477717309076
PRO155A	-0.27173008127583	0.444938101333296	0.039156215647553	0.707861613869593	-0.531134131735172	-0.383161556388966	-0.472594840241382	-0.0814704759045669	-0.147219854863536	0.270895538987869	-0.429555940916799	-0.26274980038609	0.126371963504152	0.527399325544666	0.552146332704326	0.635928386081096
LEU117A	-1.22438377798403	-0.567211167348553	-0.868397849250176	-0.510454662146885	-0.551914066432768	-0.446719412456776	-0.948382888862773	-0.633247789985497	-0.842017631436692	-0.406059350893766	-0.459712247540328	-0.353990218112604	-0.501275455233138	-0.231851877413356	-0.382737798806408	0.299326860233553
ILE82A	-1.22438377798403	-0.567211167348553	-0.7387472685505	-0.684499844434954	-0.32023330196852	-0.347015036618575	-0.948382888862773	-0.633247789985497	-0.643503980987219	-0.406059350893766	0.226231204612773	0.303799152621547	0.126371963504152	0.527399325544666	-0.195760972504261	-0.0372746656139896
LEU225A	-1.22438377798403	-0.567211167348553	-0.479446107151149	0.0116808847173199	-0.38691518196827	-0.229793116178141	-0.472594840241382	-0.0814704759045669	-0.345733505313009	0.10165681651746	-0.389947657590373	-0.328307543964302	-0.501275455233138	-0.231851877413356	-0.195760972504261	0.299326860233553
THR268A	-0.27173008127583	-0.0611365330076285	-0.479446107151149	-0.336409479858817	-0.503530934898066	-0.336174323415598	-0.948382888862773	-0.633247789985497	-1.1397881071109	-0.913775518304993	-0.389497563461664	-0.195297324334519	-0.501275455233138	-0.231851877413356	-0.569714625108555	-0.373876191461533
ARG50A	-1.22438377798403	-1.07328580168948	-1.12769901064953	-1.38068057358723	-0.612082832572078	-0.520955576681652	-1.42417093748416	-1.18502510406643	-1.23904493233564	-0.913775518304993	-0.547030508509948	-0.460559870604741	-1.12892287397043	-0.991103080371377	-0.943668277712848	-0.710477717309076
PRO289A	0.680923615432375	0.95101273567422	1.20601144194463	2.10022307217414	0.539807875888721	1.15352484683437	0.954769305622791	1.02208415225729	1.24237569828278	2.64023765357359	-0.0132188718606192	0.107034309325853	0.754019382241442	0.527399325544666	0.365169506402179	0.972529911928639
ALA156A	0.680923615432375	1.45708737001514	0.817059699845607	1.752132707598	-0.167330200387698	-0.189195055490562	0.4789812570014	1.02208415225729	0.746091572159094	1.79404404122155	0.098404472059308	0.0156986190829221	1.38166680097873	2.04590173146071	1.67400729051721	2.65553754116635
ALA133A	0.680923615432375	0.95101273567422	0.687409119145931	0.359771249293457	-0.460730472386598	-0.392136645833317	-0.472594840241382	-0.0814704759045669	-0.345733505313009	-0.236820628423357	-0.327384573699769	-0.275633981204929	0.126371963504152	0.527399325544666	-0.00878414620211425	-0.0372746656139896
PHE209A	0.680923615432375	-0.0611365330076285	1.33566202264431	0.533816431581525	-0.234012080387448	-0.4232573162398	0.954769305622791	-0.0814704759045669	0.944605222608567	-0.236820628423357	-0.123041839265709	-0.394244234037186	1.38166680097873	-0.231851877413356	1.30005363791291	-0.373876191461533
THR196A	-1.22438377798403	-0.567211167348553	-1.12769901064953	-0.336409479858817	-0.612082832572078	-0.520955576681652	-1.42417093748416	-1.18502510406643	-1.23904493233564	-0.913775518304993	-0.544329943737692	-0.45601251266868	-0.501275455233138	-0.231851877413356	-0.943668277712848	-1.04707924315662
GLY141A	-0.748056929629932	-0.0611365330076285	-0.609096687850825	0.359771249293457	-0.608671201502323	-0.5165024638215	-0.948382888862773	-0.633247789985497	-1.1397881071109	-0.913775518304993	-0.542079473094145	-0.454167208820962	-0.501275455233138	-0.231851877413356	-0.569714625108555	-0.373876191461533
ALA193A	0.680923615432375	0.95101273567422	0.039156215647553	0.533816431581525	-0.300693960387198	-0.317835806271036	-0.948382888862773	-0.633247789985497	-0.742760806211956	-0.575298073364175	-0.095136003285727	-0.168971484095832	0.754019382241442	0.527399325544666	1.48703046421506	1.30913143777618
GLN229A	-0.27173008127583	-0.567211167348553	-0.349795526451474	-0.510454662146885	-0.612082832572078	-0.520955576681652	-0.472594840241382	-0.633247789985497	-0.742760806211956	-0.575298073364175	-0.547030508509948	-0.460559870604741	-0.501275455233138	-0.231851877413356	-0.756691451410702	-0.373876191461533
ASP212A	-0.27173008127583	-0.0611365330076285	-0.220144945751798	0.0116808847173199	1.6730896876054	1.92795111064836	0.00319320838000938	0.470306838176363	0.0512937955859377	0.609372983928687	0.945031528161659	0.920162415781899	-0.501275455233138	-0.231851877413356	-0.195760972504261	-0.373876191461533
LEU251A	-0.27173008127583	0.444938101333296	0.42810795774658	1.05595197844573	-0.521519535084045	-0.434494021976817	0.4789812570014	1.02208415225729	0.845348397383831	1.45556659628073	-0.42910584678809	-0.359176860521247	0.126371963504152	0.527399325544666	0.365169506402179	0.972529911928639
HIS157A	-0.27173008127583	-0.567211167348553	0.168806796347229	0.185726067005388	-0.38691518196827	-0.422258527611785	-0.472594840241382	-0.633247789985497	-0.643503980987219	-0.913775518304993	-0.351689656650076	-0.460559870604741	-0.501275455233138	-0.991103080371377	-0.569714625108555	-1.04707924315662
TYR309A	-0.27173008127583	-1.07328580168948	0.557758538446255	-0.858545026723022	-0.388776071642682	-0.515962349354736	0.00319320838000938	-0.633247789985497	0.150550620810674	-0.575298073364175	-0.547030508509948	-0.460559870604741	-1.12892287397043	-0.991103080371377	-0.943668277712848	-0.710477717309076
LEU55A	1.63357731214058	1.45708737001514	1.20601144194463	1.57808752530994	0.323324377098835	0.0883664153798334	1.90634540286557	2.12563878041915	1.0438620478333	2.64023765357359	-0.215761229779842	-0.181655250526336	0.754019382241442	0.527399325544666	1.11307681161077	1.64573296362373
ILE198A	0.680923615432375	0.444938101333296	1.33566202264431	0.707861613869593	0.522439572260879	-0.0410941846463728	0.4789812570014	0.470306838176363	0.547577921709621	0.270895538987869	1.09941381430898	0.228304678467107	0.754019382241442	0.527399325544666	1.67400729051721	0.635928386081096
LYS143A	-0.748056929629932	-1.07328580168948	-0.479446107151149	-1.38068057358723	-0.343494422898666	-0.429064647978428	0.00319320838000938	-0.633247789985497	0.150550620810674	-0.913775518304993	-0.416053117055518	-0.328645938340972	-0.501275455233138	-0.231851877413356	-0.756691451410702	-0.710477717309076
ILE126A	1.15725046378648	-0.0611365330076285	1.46531260334398	0.359771249293457	0.178485130773796	0.254292369208664	0.954769305622791	0.470306838176363	1.24237569828278	0.778611706399096	0.930178421914249	0.652346555143606	2.00931421971602	1.28665052850269	2.23493776942365	0.972529911928639
ASP199A	-0.27173008127583	0.444938101333296	-0.0904943650521225	0.707861613869593	-0.437779499735522	-0.307084171009981	0.00319320838000938	0.470306838176363	0.349064271260148	1.28632787381032	-0.547030508509948	-0.460559870604741	-1.12892287397043	-0.991103080371377	-0.943668277712848	-0.710477717309076
CYS202A	0.204596767078272	-0.0611365330076285	0.298457377046904	0.0116808847173199	-0.568041776944336	-0.476731920162198	0.00319320838000938	-0.0814704759045669	-0.444990330537746	-0.575298073364175	-0.543429755480273	-0.460559870604741	-0.501275455233138	-0.991103080371377	-0.569714625108555	-1.04707924315662
PHE211A	0.680923615432375	-0.0611365330076285	1.59496318404366	0.881906796157662	1.30339293895563	0.194147873457978	0.954769305622791	-0.0814704759045669	1.44088934873225	0.440134261458278	2.18549094688472	0.566006183461018	1.38166680097873	0.527399325544666	1.86098411681935	0.972529911928639
THR215A	1.15725046378648	1.96316200435607	1.59496318404366	1.92617788988607	-0.429405496200669	-0.398516426335206	0.00319320838000938	0.470306838176363	0.349064271260148	1.62480531875114	-0.281925066700121	-0.284792468825638	0.754019382241442	1.28665052850269	1.11307681161077	2.65553754116635
ALA240A	-0.748056929629932	-0.0611365330076285	-0.220144945751798	-0.858545026723022	-0.524310869595662	-0.395934453978881	-0.948382888862773	-0.633247789985497	-0.742760806211956	-0.913775518304993	-0.419653870085193	-0.281085920950611	0.126371963504152	0.527399325544666	0.739123159006473	-0.373876191461533
ALA253A	-0.748056929629932	-0.0611365330076285	-1.12769901064953	-0.510454662146885	-0.600297197967471	-0.511394754635624	-0.948382888862773	-0.633247789985497	-0.842017631436692	-0.575298073364175	-0.430906223302927	-0.26502347935412	0.126371963504152	0.527399325544666	-0.00878414620211425	0.299326860233553
ARG167A	1.63357731214058	0.444938101333296	1.46531260334398	-0.162364297570748	-0.378231030154349	-0.361883871917187	1.90634540286557	1.02208415225729	1.93717347485593	0.778611706399096	-0.320183067640419	-0.421677888719325	0.126371963504152	-0.231851877413356	-0.195760972504261	-0.710477717309076
ASP318A	-1.22438377798403	-0.567211167348553	-1.38700017204888	-0.684499844434954	-0.612082832572078	-0.520955576681652	-1.42417093748416	-1.18502510406643	-1.23904493233564	-0.913775518304993	-0.547030508509948	-0.460559870604741	-1.12892287397043	-0.991103080371377	-0.943668277712848	-0.710477717309076
PRO100A	-1.70071062633814	-1.07328580168948	-1.77595191414791	-1.03259020901109	-0.612082832572078	-0.520955576681652	-1.42417093748416	-1.18502510406643	-1.23904493233564	-0.913775518304993	-0.415603022926808	-0.239255117716442	-0.501275455233138	-0.231851877413356	-0.943668277712848	-1.04707924315662
PRO99A	-0.748056929629932	-0.567211167348553	-0.868397849250176	0.0116808847173199	-0.612082832572078	-0.520955576681652	-0.948382888862773	-0.633247789985497	-0.842017631436692	-0.406059350893766	-0.415603022926808	-0.460559870604741	-0.501275455233138	-0.991103080371377	-0.943668277712848	-1.04707924315662
LEU135A	-0.27173008127583	0.444938101333296	0.557758538446255	0.881906796157662	0.0435706293789533	0.101197425693542	0.00319320838000938	0.470306838176363	0.0512937955859377	0.947850428869505	-0.547030508509948	-0.460559870604741	-1.12892287397043	-0.991103080371377	-0.943668277712848	-0.710477717309076
ALA122A	0.204596767078272	0.444938101333296	-0.0904943650521225	0.0116808847173199	-0.251690532294359	-0.0460294706519803	-0.948382888862773	-0.633247789985497	-0.941274456661429	-0.406059350893766	-0.0240211309496444	0.22121983349891	0.126371963504152	-0.231851877413356	-0.00878414620211425	-0.0372746656139896
LEU121A	-0.27173008127583	-0.567211167348553	0.039156215647553	-0.510454662146885	-0.612082832572078	-0.520955576681652	-0.948382888862773	-0.633247789985497	-0.842017631436692	-0.406059350893766	-0.515974013629001	-0.460559870604741	0.126371963504152	-0.231851877413356	0.178192680100033	0.299326860233553
VAL213A	0.680923615432375	1.45708737001514	0.946710280545282	1.2299971607338	0.781103237004096	0.678216019591113	0.00319320838000938	0.470306838176363	-0.147219854863536	0.609372983928687	0.39636678526492	0.173140202065231	-0.501275455233138	-0.231851877413356	-0.756691451410702	-0.373876191461533
LEU81A	-1.22438377798403	-1.5793604360304	-0.998048429949852	-1.38068057358723	-0.612082832572078	-0.520955576681652	-1.42417093748416	-1.18502510406643	-1.23904493233564	-0.913775518304993	-0.527226366846736	-0.460559870604741	-0.501275455233138	-0.991103080371377	-0.943668277712848	-1.04707924315662
GLY67A	-0.748056929629932	-0.0611365330076285	-0.868397849250176	0.0116808847173199	-0.521519535084045	-0.429319971446173	0.00319320838000938	0.470306838176363	-0.246476680088272	0.440134261458278	-0.415603022926808	-0.329012467693812	0.126371963504152	0.527399325544666	-0.195760972504261	0.635928386081096
GLY305A	0.204596767078272	0.444938101333296	-0.479446107151149	-0.510454662146885	-0.341633533224254	-0.0938469084181152	0.954769305622791	1.02208415225729	0.249807446035411	-0.406059350893766	-0.285525819729796	-0.0679713021248126	0.126371963504152	0.527399325544666	-0.195760972504261	-0.0372746656139896
GLU29A	-0.748056929629932	-1.07328580168948	-0.220144945751798	-0.510454662146885	0.00697313244885792	-0.51441967717477	0.00319320838000938	-0.633247789985497	-0.444990330537746	-0.913775518304993	-0.0334731076525415	-0.451177266500063	0.126371963504152	-0.231851877413356	-0.00878414620211425	-0.710477717309076
ASN291A	-1.70071062633814	-1.5793604360304	-1.51665075274855	-1.38068057358723	-0.521519535084045	-0.520955576681652	-0.948382888862773	-1.18502510406643	-0.941274456661429	-1.0830142407754	-0.415603022926808	-0.460559870604741	-0.501275455233138	-0.991103080371377	-0.569714625108555	-1.04707924315662
LYS313A	-1.22438377798403	-1.5793604360304	-0.349795526451474	-1.38068057358723	-0.521519535084045	-0.520955576681652	-0.472594840241382	-1.18502510406643	0.0512937955859377	-1.0830142407754	-0.547030508509948	-0.460559870604741	-1.12892287397043	-0.991103080371377	-0.943668277712848	-0.710477717309076
CYS168A	0.680923615432375	0.444938101333296	1.59496318404366	1.05595197844573	-0.265337056573377	-0.270065543862214	1.43055735424418	1.02208415225729	1.93717347485593	1.28632787381032	-0.189205676185988	-0.162364440446781	0.754019382241442	1.28665052850269	1.11307681161077	1.30913143777618
GLU30A	-1.70071062633814	-1.07328580168948	-1.64630133344823	-0.858545026723022	-0.521519535084045	-0.502767011935582	-0.948382888862773	-0.633247789985497	-1.04053128188617	-0.575298073364175	-0.547030508509948	-0.460559870604741	-1.12892287397043	-0.991103080371377	-0.943668277712848	-0.710477717309076
VAL33A	-0.27173008127583	0.444938101333296	-1.51665075274855	-0.684499844434954	-0.251690532294359	0.0743296194155783	0.00319320838000938	0.470306838176363	-0.643503980987219	-0.406059350893766	-0.547030508509948	-0.460559870604741	-1.12892287397043	-0.991103080371377	-0.943668277712848	-0.710477717309076
GLN93A	-0.748056929629932	-0.567211167348553	-0.220144945751798	-0.510454662146885	-0.547882138804876	-0.486849293360507	-0.948382888862773	-0.633247789985497	-1.04053128188617	-0.575298073364175	-0.344488150590726	-0.227430632738928	0.126371963504152	0.527399325544666	0.178192680100033	0.299326860233553
LEU285A	-0.27173008127583	-0.0611365330076285	0.298457377046904	0.0116808847173199	-0.507252714246889	-0.384411705626817	0.00319320838000938	-0.0814704759045669	-0.0479630296387989	-0.575298073364175	-0.547030508509948	-0.460559870604741	-0.501275455233138	-0.991103080371377	-0.382737798806408	-1.04707924315662
GLY312A	0.680923615432375	1.45708737001514	-0.479446107151149	-0.162364297570748	-0.194623248945735	0.130068926365607	0.954769305622791	1.57386146633822	0.349064271260148	0.270895538987869	-0.365642574640067	-0.240675374923875	0.754019382241442	1.28665052850269	-0.195760972504261	0.299326860233553
ARG92A	-1.22438377798403	-1.07328580168948	-1.64630133344823	-1.38068057358723	-0.612082832572078	-0.520955576681652	-1.42417093748416	-1.18502510406643	-1.23904493233564	-0.913775518304993	-0.418753681827774	-0.256534502456148	-0.501275455233138	-0.231851877413356	-0.943668277712848	-0.710477717309076
GLU88A	-1.22438377798403	-1.07328580168948	-1.64630133344823	-1.38068057358723	-0.612082832572078	-0.520955576681652	-1.42417093748416	-1.18502510406643	-1.23904493233564	-0.913775518304993	-0.418753681827774	-0.448585736790439	-0.501275455233138	-0.231851877413356	-0.943668277712848	-0.710477717309076
GLN26A	-1.22438377798403	-0.567211167348553	-1.12769901064953	-0.510454662146885	-0.559357625130415	-0.493021630669097	-0.948382888862773	-0.633247789985497	-1.1397881071109	-0.744536795834584	-0.415603022926808	-0.327996377198218	0.126371963504152	0.527399325544666	0.178192680100033	0.635928386081096
SER280A	-1.22438377798403	-1.5793604360304	-0.7387472685505	-1.38068057358723	-0.521519535084045	-0.520955576681652	-0.948382888862773	-1.18502510406643	-1.04053128188617	-1.0830142407754	-0.547030508509948	-0.460559870604741	-1.12892287397043	-0.991103080371377	-0.943668277712848	-0.710477717309076
GLY69A	-0.27173008127583	-0.0611365330076285	-0.609096687850825	0.0116808847173199	-0.109952768760006	-0.040358696293234	0.00319320838000938	-0.0814704759045669	-0.544247155762482	-0.406059350893766	0.880668067756217	0.817505217513143	0.126371963504152	0.527399325544666	-0.00878414620211425	0.635928386081096
SER91A	-0.27173008127583	-1.07328580168948	0.039156215647553	-0.684499844434954	-0.474687144944686	-0.520955576681652	-0.472594840241382	-1.18502510406643	-0.246476680088272	-1.0830142407754	-0.348088903620401	-0.460559870604741	0.126371963504152	-0.991103080371377	-0.382737798806408	-1.04707924315662
CYS32A	-0.27173008127583	-0.0611365330076285	0.039156215647553	0.533816431581525	-0.524000721316594	-0.449946780783697	0.00319320838000938	-0.0814704759045669	-0.246476680088272	0.270895538987869	-0.433156693946474	-0.36468640745279	-0.501275455233138	-0.231851877413356	-0.195760972504261	0.635928386081096
VAL39A	-1.70071062633814	-1.07328580168948	-1.77595191414791	-1.38068057358723	-0.521519535084045	-0.443875396747812	-0.948382888862773	-0.633247789985497	-1.1397881071109	-0.913775518304993	-0.547030508509948	-0.460559870604741	-1.12892287397043	-0.991103080371377	-0.943668277712848	-0.710477717309076
GLY146A	1.15725046378648	1.96316200435607	0.817059699845607	1.57808752530994	0.129481702680957	0.490205122684849	0.4789812570014	1.02208415225729	1.14311887305804	1.96328276369196	-0.0388742371970541	0.250307271405786	0.754019382241442	1.28665052850269	0.739123159006473	0.972529911928639
LEU178A	0.680923615432375	-0.0611365330076285	0.298457377046904	-0.162364297570748	-0.420721344386748	-0.471328611518769	0.4789812570014	0.470306838176363	0.646834746934358	0.778611706399096	-0.390847845847792	-0.460559870604741	0.126371963504152	-0.991103080371377	-0.756691451410702	-1.04707924315662
ASP245A	-0.748056929629932	-0.567211167348553	-0.479446107151149	-1.03259020901109	-0.5782766701536	-0.520427630243749	-0.472594840241382	-0.633247789985497	-0.544247155762482	-1.0830142407754	-0.547030508509948	-0.460559870604741	-1.12892287397043	-0.991103080371377	-0.943668277712848	-0.710477717309076
SER61A	-0.748056929629932	-1.07328580168948	-0.7387472685505	-1.38068057358723	-0.519658645409633	-0.4592140919551	0.00319320838000938	-0.633247789985497	-0.246476680088272	-0.913775518304993	-0.416053117055518	-0.371926942969555	0.126371963504152	-0.231851877413356	-0.382737798806408	-0.710477717309076
CYS189A	-1.22438377798403	-1.5793604360304	-1.12769901064953	-1.38068057358723	-0.521519535084045	-0.520955576681652	-0.948382888862773	-1.18502510406643	-0.941274456661429	-1.0830142407754	-0.547030508509948	-0.460559870604741	-1.12892287397043	-0.991103080371377	-0.943668277712848	-0.710477717309076
GLN150A	-1.70071062633814	-1.07328580168948	-1.64630133344823	-1.20663539129916	-0.521519535084045	-0.46549226588384	-0.948382888862773	-0.633247789985497	-1.1397881071109	-0.913775518304993	-0.547030508509948	-0.460559870604741	-1.12892287397043	-0.991103080371377	-0.943668277712848	-0.710477717309076
ALA64A	-0.748056929629932	-0.567211167348553	-1.51665075274855	-1.03259020901109	-0.429405496200669	-0.209995124756778	-0.472594840241382	-0.0814704759045669	-0.941274456661429	-0.913775518304993	-0.547030508509948	-0.460559870604741	-1.12892287397043	-0.991103080371377	-0.943668277712848	-0.710477717309076
GLU13A	-1.22438377798403	-1.5793604360304	-1.12769901064953	-1.38068057358723	-0.55594599406066	-0.520955576681652	-0.948382888862773	-1.18502510406643	-1.1397881071109	-1.0830142407754	-0.547030508509948	-0.460559870604741	-1.12892287397043	-0.991103080371377	-0.943668277712848	-0.710477717309076
TRP12A	-1.22438377798403	-1.07328580168948	-1.64630133344823	-1.38068057358723	-0.409866154619347	-0.425397271421207	-0.472594840241382	-0.633247789985497	-1.1397881071109	-1.0830142407754	-0.547030508509948	-0.460559870604741	-1.12892287397043	-0.991103080371377	-0.943668277712848	-0.710477717309076
GLU176A	-0.748056929629932	-1.07328580168948	0.42810795774658	-0.510454662146885	-0.451736172293609	-0.520955576681652	-0.948382888862773	-1.18502510406643	-0.842017631436692	-1.0830142407754	0.0425928000993444	0.00189055654876183	0.126371963504152	-0.231851877413356	-0.195760972504261	-0.0372746656139896
ALA290A	-1.22438377798403	-0.567211167348553	-1.12769901064953	-0.336409479858817	-0.553154659549043	-0.42064575348008	-0.948382888862773	-0.633247789985497	-0.842017631436692	-0.406059350893766	-0.461512624055165	-0.316560202629478	-0.501275455233138	-0.231851877413356	-0.569714625108555	-0.373876191461533
THR1074B	-1.22438377798403	-1.07328580168948	-1.12769901064953	-0.510454662146885	-0.612082832572078	-0.520955576681652	-1.42417093748416	-1.18502510406643	-1.23904493233564	-0.913775518304993	-0.547030508509948	-0.460559870604741	-1.12892287397043	-0.991103080371377	-0.943668277712848	-0.710477717309076
ALA89A	-0.748056929629932	-0.0611365330076285	-0.609096687850825	-0.336409479858817	-0.612082832572078	-0.520955576681652	-1.42417093748416	-1.18502510406643	-1.23904493233564	-0.913775518304993	-0.547030508509948	-0.460559870604741	-1.12892287397043	-0.991103080371377	-0.943668277712848	-0.710477717309076
HIS132A	-0.748056929629932	-1.07328580168948	-0.349795526451474	-0.684499844434954	-0.572383852851296	-0.520955576681652	-0.472594840241382	-1.18502510406643	-0.643503980987219	-1.0830142407754	-0.489418460035147	-0.460559870604741	0.126371963504152	-0.991103080371377	-0.382737798806408	-1.04707924315662
LEU230A	-1.70071062633814	-1.07328580168948	-2.03525307554726	-1.38068057358723	-0.612082832572078	-0.520955576681652	-1.42417093748416	-1.18502510406643	-1.23904493233564	-0.913775518304993	-0.547030508509948	-0.460559870604741	-1.12892287397043	-0.991103080371377	-0.943668277712848	-0.710477717309076
LYS226A	-1.70071062633814	-1.5793604360304	-2.03525307554726	-1.38068057358723	-0.612082832572078	-0.520955576681652	-1.42417093748416	-1.18502510406643	-1.23904493233564	-0.913775518304993	-0.547030508509948	-0.460559870604741	-1.12892287397043	-0.991103080371377	-0.943668277712848	-0.710477717309076
ARG118A	-1.22438377798403	-1.07328580168948	-1.38700017204888	-1.20663539129916	-0.526171759270074	-0.417250889444084	-0.948382888862773	-0.633247789985497	-1.1397881071109	-0.744536795834584	-0.547030508509948	-0.460559870604741	-1.12892287397043	-0.991103080371377	-0.943668277712848	-0.710477717309076
ALA96A	-0.748056929629932	-0.0611365330076285	-0.7387472685505	0.185726067005388	-0.612082832572078	-0.520955576681652	-1.42417093748416	-1.18502510406643	-1.23904493233564	-0.913775518304993	-0.547030508509948	-0.460559870604741	-1.12892287397043	-0.991103080371377	-0.943668277712848	-0.710477717309076
THR51A	-0.27173008127583	0.444938101333296	-0.0904943650521225	0.881906796157662	-0.308757815642982	-0.383847548068995	-0.472594840241382	-0.0814704759045669	-0.643503980987219	-0.236820628423357	-0.106838450632171	-0.263734575067225	0.126371963504152	0.527399325544666	0.178192680100033	0.635928386081096
LYS292A	-0.27173008127583	-1.07328580168948	-0.868397849250176	-1.20663539129916	-0.479339369130715	-0.520955576681652	0.00319320838000938	-0.633247789985497	-0.345733505313009	-0.744536795834584	-0.547030508509948	-0.460559870604741	-1.12892287397043	-0.991103080371377	-0.943668277712848	-0.710477717309076
ASN86A	0.680923615432375	-0.0611365330076285	0.817059699845607	0.881906796157662	0.0531852260300801	0.611489532620309	0.00319320838000938	0.470306838176363	0.349064271260148	0.778611706399096	0.41842139757168	1.16512059153705	0.126371963504152	0.527399325544666	-0.195760972504261	-0.0372746656139896
ALA21A	1.15725046378648	1.45708737001514	0.557758538446255	1.2299971607338	-0.300693960387198	-0.25592646485434	0.00319320838000938	0.470306838176363	0.150550620810674	1.28632787381032	-0.547030508509948	-0.460559870604741	0.754019382241442	0.527399325544666	1.11307681161077	0.635928386081096
ASP256A	-1.22438377798403	-1.07328580168948	-0.998048429949852	-1.38068057358723	-0.612082832572078	-0.520955576681652	-1.42417093748416	-1.18502510406643	-1.23904493233564	-0.913775518304993	-0.547030508509948	-0.460559870604741	-1.12892287397043	-0.991103080371377	-0.943668277712848	-0.710477717309076
PRO73A	-1.22438377798403	-1.07328580168948	-0.998048429949852	-0.858545026723022	-0.554705400944386	-0.477950731280073	-0.948382888862773	-0.633247789985497	-0.941274456661429	-0.406059350893766	-0.547030508509948	-0.460559870604741	-1.12892287397043	-0.991103080371377	-0.943668277712848	-0.710477717309076
ASN234A	-1.22438377798403	-1.07328580168948	-1.38700017204888	-1.03259020901109	-0.521519535084045	-0.520955576681652	-0.472594840241382	-0.633247789985497	-1.04053128188617	-0.913775518304993	-0.547030508509948	-0.460559870604741	-1.12892287397043	-0.991103080371377	-0.943668277712848	-0.710477717309076
ALA85A	-0.748056929629932	-0.0611365330076285	-0.609096687850825	0.0116808847173199	-0.612082832572078	-0.520955576681652	-1.42417093748416	-1.18502510406643	-1.23904493233564	-0.913775518304993	-0.527226366846736	-0.427212579073628	-0.501275455233138	-0.231851877413356	-0.943668277712848	-1.04707924315662
SER115A	-1.22438377798403	-0.567211167348553	-1.77595191414791	-1.38068057358723	-0.517797755735222	-0.464164546796704	-0.472594840241382	-0.0814704759045669	-1.1397881071109	-0.913775518304993	-0.547030508509948	-0.460559870604741	-1.12892287397043	-0.991103080371377	-0.943668277712848	-0.710477717309076
LEU299A	-1.70071062633814	-1.07328580168948	-1.77595191414791	-1.20663539129916	-0.612082832572078	-0.520955576681652	-1.42417093748416	-1.18502510406643	-1.23904493233564	-0.913775518304993	-0.547030508509948	-0.460559870604741	-1.12892287397043	-0.991103080371377	-0.943668277712848	-0.710477717309076
ILE127A	-1.22438377798403	-1.07328580168948	-0.998048429949852	-1.03259020901109	-0.577966521874531	-0.500769767776938	-0.948382888862773	-0.633247789985497	-1.04053128188617	-0.744536795834584	-0.422804528986159	-0.460559870604741	-0.501275455233138	-0.991103080371377	-0.756691451410702	-1.04707924315662
ASP304A	-1.22438377798403	-1.07328580168948	-1.51665075274855	-1.38068057358723	-0.521829683363114	-0.520955576681652	-0.948382888862773	-1.18502510406643	-0.842017631436692	-1.0830142407754	-0.547030508509948	-0.460559870604741	-1.12892287397043	-0.991103080371377	-0.943668277712848	-0.710477717309076
SER177A	-1.22438377798403	-1.07328580168948	-0.7387472685505	-0.858545026723022	-0.612082832572078	-0.520955576681652	-1.42417093748416	-1.18502510406643	-1.23904493233564	-0.913775518304993	-0.522725425559642	-0.419633649180193	-0.501275455233138	-0.231851877413356	-0.756691451410702	-1.04707924315662
SER1070B	-1.70071062633814	-1.5793604360304	-1.12769901064953	-1.38068057358723	-0.521519535084045	-0.520955576681652	-0.948382888862773	-1.18502510406643	-0.544247155762482	-1.0830142407754	-0.547030508509948	-0.460559870604741	-1.12892287397043	-0.991103080371377	-0.943668277712848	-0.710477717309076
ASP34A	-1.70071062633814	-1.5793604360304	-1.64630133344823	-1.38068057358723	-0.612082832572078	-0.520955576681652	-1.42417093748416	-1.18502510406643	-1.23904493233564	-0.913775518304993	-0.547030508509948	-0.460559870604741	-1.12892287397043	-0.991103080371377	-0.943668277712848	-0.710477717309076
GLU249A	-2.17703747469224	-1.5793604360304	-2.03525307554726	-1.38068057358723	-0.612082832572078	-0.520955576681652	-1.42417093748416	-1.18502510406643	-1.23904493233564	-0.913775518304993	-0.547030508509948	-0.460559870604741	-1.12892287397043	-0.991103080371377	-0.943668277712848	-0.710477717309076
LYS303A	-2.17703747469224	-1.5793604360304	-2.03525307554726	-1.38068057358723	-0.612082832572078	-0.520955576681652	-1.42417093748416	-1.18502510406643	-1.23904493233564	-0.913775518304993	-0.547030508509948	-0.460559870604741	-1.12892287397043	-0.991103080371377	-0.943668277712848	-0.710477717309076
GLN1067B	-2.17703747469224	-1.5793604360304	-2.03525307554726	-1.38068057358723	-0.612082832572078	-0.520955576681652	-1.42417093748416	-1.18502510406643	-1.23904493233564	-0.913775518304993	-0.547030508509948	-0.460559870604741	-1.12892287397043	-0.991103080371377	-0.943668277712848	-0.710477717309076
