Degree	Degree_sidechain	SecondOrderDegree	SecondOrderDegree_sidechain	NodeEdgeBetweennessSTRIDE	NodeEdgeBetweennessSTRIDE_sidechain	IntermodularDegreeSTRIDE	IntermodularDegreeSTRIDE_sidechain	SecondOrderIntermodularDegreeSTRIDE	SecondOrderIntermodularDegreeSTRIDE_sidechain	NodeEdgeBetweennessWALKTRAP	NodeEdgeBetweennessWALKTRAP_sidechain	IntermodularDegreeWALKTRAP	IntermodularDegreeWALKTRAP_sidechain	SecondOrderIntermodularDegreeWALKTRAP	SecondOrderIntermodularDegreeWALKTRAP_sidechain
ILE142A	6	2	21	3	261	1	5	1	24	0	86	86	2	2	4	1
VAL112A	8	7	30	25	1132	1075.5	5	4	19	8	1888	1831.5	4	4	12	9
GLU3A	5	3	15	6	164	30.826477945414	5	3	16	5	1	1	1	1	1	1
LEU52A	7	5	16	7	1337	1337	5	5	13	7	1	1	1	1	1	1
TYR96A	5	3	20	10	164	15.9039687679477	4	3	18	9	164	15.9039687679477	4	3	9	4
VAL9A	10	9	36	25	392	213.614883723305	8	7	39	25	148	89.5	4	4	11	10
GLY138A	5	5	14	12	488	488	5	5	16	8	271	271	2	2	6	3
ILE139A	8	4	23	11	927	613	7	4	29	9	1176	613	7	4	19	7
ARG97A	5	5	15	6	1371	1133.30877705078	4	4	16	6	1371	1133.30877705078	3	3	7	3
MET111A	8	3	27	8	2360	693.989625044869	7	3	29	7	2324	693.989625044869	5	3	15	6
ALA155A	8	7	25	20	164	21.5012979493588	6	5	30	18	1	1	1	1	1	1
LEU79A	9	6	35	20	1085	628.344172671365	7	6	33	19	437	192.397288039912	2	2	3	2
ALA59A	8	6	17	14	1740	1260.22194406519	6	5	11	4	325	1	4	2	10	4
GLY60A	3	3	7	6	164	164	2	2	1	0	325	325	2	2	3	1
ASP13A	4	1	14	1	104	1	3	1	16	0	1	1	1	1	1	1
VAL14A	11	9	36	26	3662	2458.50230858241	11	9	55	30	1615	1221.19157613604	4	4	12	8
ASP57A	5	4	19	9	366	205.118621554021	4	4	16	10	366	205.118621554021	4	4	13	8
SER17A	6	3	17	4	126	36.8472000663014	4	3	12	4	126	36.8472000663014	3	3	6	4
ARG41A	5	3	14	5	1842	928.197374419209	5	3	15	5	23	1	2	1	3	0
ASP54A	6	5	14	6	1395	363.291535308993	5	4	11	3	263	34.3153876736162	2	2	1	1
LEU133A	5	4	17	8	857	477.920958257618	3	3	10	7	857	477.920958257618	3	3	7	6
PHE90A	7	4	23	8	1742	470.407429608776	6	4	20	5	930	470.407429608776	4	4	6	5
ALA83A	8	7	27	16	551	322.255610964818	7	6	33	13	1	1	1	1	1	1
SER89A	7	5	28	13	786	397	6	4	34	9	1	1	1	1	1	1
ALA146A	6	5	18	13	2495	1014.26795091967	4	3	15	9	2495	1014.26795091967	4	3	9	7
LEU19A	9	8	34	28	3016	1058.98327027793	8	8	40	32	1882	985.867431486411	7	7	22	15
TYR32A	4	2	11	2	1036	255.896191853541	4	2	8	1	1036	255.896191853541	4	2	8	2
GLY12A	4	4	15	12	1	1	2	2	10	8	1	1	1	1	1	1
GLY151A	8	8	22	16	1439	1029.8901843205	7	7	28	15	1	1	2	2	4	0
THR144A	10	8	26	22	1874	881.163791614098	10	8	50	26	1208	512.66812942108	6	4	19	7
ASP154A	4	1	13	1	284	1	2	1	6	0	201	1	2	1	3	0
ILE93A	6	5	26	17	292	125.345284111159	6	5	31	19	292	125.345284111159	5	4	16	9
LEU113A	10	8	37	24	1069	869.154715888841	8	7	39	19	1838	688.542799889031	7	5	23	9
ASP30A	4	2	9	1	163	1	2	1	5	0	163	1	2	1	3	0
GLU31A	3	1	6	1	1	1	1	1	1	1	1	1	1	1	1	1
ASP132A	3	2	2	1	1	1	1	1	1	1	1	1	1	1	1	1
LYS128A	3	2	6	1	1	1	1	1	1	1	484	1	2	1	3	0
LEU120A	5	4	12	5	444	436.5	3	3	10	2	21	7.96195170620563	2	2	2	2
PRO121A	3	3	5	4	1	1	1	1	1	1	1	1	1	1	1	1
ALA11A	8	6	20	13	1655	842.07983693101	7	5	30	17	763	285.146180342196	4	2	11	3
VAL114A	9	9	35	31	525	285.245351782503	6	6	35	29	194	130.887845659573	4	4	15	13
TYR137A	6	2	14	3	1257	373	5	2	14	0	1203	373	4	2	10	1
GLY77A	8	8	26	22	826	573.943719568867	7	7	34	25	1	1	1	1	1	1
PHE78A	8	3	28	8	2866	1	7	3	31	6	1415	1	3	1	6	0
ILE55A	8	6	30	16	5433	2108.12343934368	6	4	23	10	5433	2108.12343934368	6	4	16	6
LEU23A	6	5	16	11	332	232.897521417957	6	5	18	9	332	232.897521417957	6	5	16	8
ARG123A	5	4	18	11	2142	1566.9027635011	5	4	16	8	1	1	1	1	1	1
ILE84A	6	4	22	7	926	583.015845005537	6	4	27	7	1	1	1	1	1	1
LEU56A	7	6	20	14	1274	819.066226270842	6	5	21	10	855	400.066226270842	4	3	13	5
TYR71A	4	2	11	5	235	43.5894369026238	3	2	10	4	370	43.5894369026238	4	2	8	2
GLN43A	4	2	10	2	1035	137.580210533443	3	2	7	2	22	1	2	1	3	0
VAL44A	6	6	16	13	1076	652.107122218217	3	3	7	7	1097	673.107122218217	4	4	9	7
ARG68A	5	4	15	8	719	49.1055055190799	4	3	12	8	812	415.60550551908	4	4	8	6
GLU37A	6	5	18	12	2408	1486.67255041573	6	5	22	13	1055	1006.89449448092	4	4	12	8
ARG102A	5	5	10	9	7	5.3001528476926	3	3	5	3	7	5.3001528476926	2	2	3	2
GLN99A	5	3	11	6	265	265	2	2	3	1	1	1	1	1	1	1
LEU159A	9	7	33	21	5208	3062.91476943201	8	7	40	24	2027	933.602711960088	4	3	8	3
ALA130A	9	7	28	11	461	288.850153841997	5	4	26	8	214	107.171612133606	4	4	10	7
THR127A	6	5	18	4	795	325.581391493366	3	3	10	4	646	604.214805876639	4	3	5	1
ILE100A	8	6	32	14	1835	1061.70159790436	6	5	28	13	1563	1061.70159790436	5	5	12	6
VAL103A	7	6	16	12	475	138.962681574812	3	2	4	2	475	138.962681574812	3	2	7	2
VAL152A	7	6	23	16	915	554.867311902368	4	4	16	15	396	396	3	3	9	8
GLY15A	7	7	27	21	2356	2226.57664714141	7	7	35	24	170	113.692485932921	3	3	7	4
PHE141A	8	3	32	6	490	66.321458291609	6	2	31	3	143	38	5	2	12	0
SER65A	4	3	5	5	804	641	3	2	4	2	1	1	1	1	1	1
PRO140A	5	4	18	9	157	54.6688137011364	4	3	13	4	406	303.668813701136	4	3	11	6
LEU53A	8	7	25	18	1088	430.892877781783	5	5	17	12	1088	430.892877781783	5	5	14	11
TYR4A	8	3	25	6	909	160.944715875907	7	3	23	6	492	33.845408538532	4	2	9	1
PHE82A	12	5	44	14	3245	330.456788109605	10	5	51	13	671	61.5	5	3	18	4
ASP69A	4	3	9	7	164	21.7371655774958	3	3	4	3	164	21.7371655774958	4	3	7	2
VAL109A	7	7	20	14	1133	1082.46702775869	5	5	20	12	636	585.46702775869	3	3	3	1
SER145A	5	5	13	9	199	113.538242312771	2	2	4	3	1	1	1	1	1	1
THR148A	6	6	14	11	126	126	3	3	7	5	126	126	2	2	3	2
THR124A	7	7	17	12	639	396.06881636919	6	6	15	6	1	1	1	1	1	1
ASP33A	4	3	5	4	1	1	1	1	1	1	1	1	1	1	1	1
THR35A	5	4	9	3	1	1	2	1	5	0	1	1	1	1	1	1
ASN85A	5	2	14	3	196	8.5	5	2	15	2	1	1	1	1	1	1
MET72A	6	3	20	8	871	353.545138105063	5	2	24	6	1603	720.045138105063	3	3	9	7
THR58A	9	7	30	24	4124	2716.47656644213	8	7	35	23	2041	659.489040274614	7	5	18	11
ASN116A	8	4	34	13	1730	1252	7	4	46	15	479	1	5	2	18	2
GLY115A	9	9	30	22	798	727.043211890395	7	7	39	19	389	375.224070340237	4	4	12	7
GLU143A	8	2	23	4	155	3.5	7	2	31	2	187	1	5	1	13	0
ARG164A	5	5	16	13	308	143.400692662625	4	4	14	7	76	38.5	3	3	5	4
VAL160A	8	8	26	18	326	203.722667958955	5	5	20	14	94	39.7226679589548	4	4	12	7
ARG149A	5	3	15	5	882	261.983223461134	4	3	10	6	882	261.983223461134	4	3	5	3
GLN22A	6	6	13	9	1944	1820.1158348834	6	6	15	7	1184	1060.1158348834	3	3	6	4
ARG73A	5	4	10	7	321	318	3	2	5	1	482	397.22243492871	5	4	9	4
GLN70A	3	2	6	3	1	1	1	1	1	1	166	82.77756507129	3	2	6	3
CYS80A	8	5	32	17	227	64.453274515496	6	4	30	12	85	1	4	2	14	4
LYS147A	6	1	15	1	164	1	3	1	9	0	164	1	2	1	3	0
GLY10A	6	6	24	18	1730	1281.75093968243	6	6	30	20	1633	1216.80662408874	4	4	11	5
LEU6A	10	8	32	16	3973	1484.75838429389	7	6	31	17	2013	502.979039238362	3	3	9	3
VAL7A	10	9	35	30	1526	1039.34433682653	7	6	33	18	1321	632.583438120707	5	5	15	12
VAL8A	8	7	35	24	4576	2249	6	5	31	12	2630	2407.26089870583	4	4	14	9
ALA134A	10	9	24	17	167	128.5	6	5	25	12	45	45	3	3	9	5
ARG135A	3	1	11	1	164	1	2	1	4	0	1	1	1	1	1	1
SER136A	2	2	2	2	1	1	1	1	1	1	1	1	1	1	1	1
LYS104A	5	3	16	9	378	22.3777530388516	4	3	11	6	153	22.3777530388516	3	3	5	4
GLN150A	5	3	17	5	193	68	4	3	13	4	193	68	4	3	7	1
ALA18A	6	5	21	14	234	49.1964881728367	4	3	14	4	234	49.1964881728367	2	2	3	2
PRO110A	7	5	19	11	518	247.53297224131	7	5	28	10	80	51.5329722413103	2	2	2	2
TYR64A	5	3	8	4	265	1	4	2	5	2	190	101.093376083283	2	2	2	2
ILE24A	5	4	12	6	250	173.554770333806	4	4	10	5	250	173.554770333806	4	4	7	4
THR20A	6	6	21	15	2451	2451	3	3	8	4	2451	2451	3	3	9	5
GLU49A	5	3	10	5	168	42.5	5	3	12	4	76	38.5	2	2	2	2
GLY48A	4	4	9	8	344	163.922817507539	4	4	10	6	1	1	1	1	1	1
ILE163A	5	4	16	12	214	108.964877903679	5	4	23	13	1	1	1	1	1	1
LYS16A	8	3	26	10	3543	118.143226801111	7	3	35	9	2491	118.143226801111	6	3	15	4
VAL81A	12	10	41	36	1442	621.616129783288	9	7	50	33	778	282.115937931034	6	5	21	12
GLN25A	2	2	5	4	1	1	1	1	1	1	1	1	1	1	1	1
ILE21A	6	4	14	8	741	588.49158880753	3	3	6	4	741	588.49158880753	3	3	6	4
ASN26A	3	2	8	2	164	26.9009416554698	3	2	8	2	164	26.9009416554698	2	2	3	2
GLU63A	3	3	3	2	164	82.5	2	2	1	1	1	1	1	1	1	1
MET67A	3	2	2	2	164	82.5	2	2	1	1	1	1	1	1	1	1
THR158A	5	5	16	12	270	159.831186298864	3	3	7	5	470	359.831186298864	4	4	7	5
ARG161A	4	3	9	1	164	133.820816339095	2	2	3	1	164	133.820816339095	2	2	1	1
ASP47A	4	2	7	2	174	31.1791836609047	4	2	8	1	164	31.1791836609047	2	2	1	1
ASP108A	4	1	8	1	1	1	2	1	2	0	1	1	2	1	1	0
SER106A	4	3	9	2	1	1	1	1	1	1	1	1	1	1	1	1
HIS95A	5	4	8	4	155	135.111964308658	3	3	4	2	380	135.111964308658	3	2	4	2
ASP38A	4	2	10	1	166	1	2	1	5	0	21	13	3	2	5	0
ASP153A	3	2	9	4	79	40	2	2	5	4	79	40	2	2	5	4
LYS117A	7	2	22	1	1658	96	7	2	25	0	90	1	2	1	2	0
HIS94A	4	3	9	5	373	1	2	1	4	0	598	226	3	2	5	1
ASP92A	2	2	7	5	164	82.5	2	2	6	4	1	1	1	1	1	1
LYS42A	4	3	11	7	234	86.445229666194	4	3	12	7	173	86.445229666194	3	3	8	7
ALA66A	3	3	3	3	164	164	2	2	2	1	1	1	1	1	1	1
SER122A	4	2	9	2	31	2	3	2	9	1	1	1	1	1	1	1
PHE28A	7	3	16	2	1156	326	6	3	14	0	551	326	4	3	5	0
ASP119A	6	5	16	7	288	175.461757687229	5	4	11	2	110	103.038048293794	3	3	2	1
GLY75A	7	7	22	14	337	266.822654442247	6	6	20	11	150	131.622246961148	2	2	2	2
GLU107A	3	2	4	1	51	51	2	2	1	0	1	1	1	1	1	1
HIS27A	4	2	12	3	164	1	3	1	8	0	9	1	2	1	3	0
PHE156A	8	2	31	5	1080	110.553115368548	6	2	27	5	637	1	5	1	15	0
GLN61A	2	1	2	1	164	1	2	1	1	0	1	1	1	1	1	1
LYS88A	2	1	4	1	1	1	1	1	1	1	1	1	1	1	1	1
THR87A	5	4	11	6	480	243.93118363081	3	2	9	5	1	1	1	1	1	1
VAL29A	6	6	12	7	516	386.50841119247	4	4	9	4	516	386.50841119247	4	4	6	4
LYS5A	4	2	14	4	462	229.684612326384	3	2	9	3	263	229.684612326384	2	2	1	1
GLN131A	4	2	17	4	1	1	1	1	1	1	163	42.7851941233608	2	2	3	2
SER39A	3	1	7	1	152	1	2	1	4	0	13	1	2	1	2	0
TYR40A	5	3	11	2	1294	322.103808146459	4	2	8	1	1302	330.103808146459	5	3	10	2
VAL125A	7	6	24	15	2506	1653	5	4	20	8	164	164	2	2	1	0
LYS101A	3	1	5	1	51	1	2	1	1	0	1	1	1	1	1	1
THR74A	4	4	9	8	149	33.7995925189018	2	2	5	5	140	140	3	3	5	2
CYS51A	7	6	20	16	166	166	4	4	12	7	179	166	5	4	12	7
THR50A	4	4	10	9	171	77.018912805368	3	3	6	5	174	85.018912805368	3	3	5	4
SER118A	6	4	19	13	250	122	6	4	29	14	170	122	3	2	8	3
THR2A	5	4	11	4	504	377.654591461468	5	4	13	5	327	294.154591461468	2	2	3	1
GLU76A	7	3	19	4	397	289	6	3	24	3	1	1	1	1	1	1
TYR157A	3	1	7	1	474	1	2	1	4	0	474	1	2	1	4	0
LYS167A	2	2	4	3	164	82.5	2	2	4	3	1	1	1	1	1	1
PRO34A	4	3	9	4	481	1	2	1	5	0	1	1	1	1	1	1
MET1A	4	3	6	3	766	403.400876661189	4	3	6	3	161	89.981087194632	2	2	2	2
ILE36A	4	2	9	3	161	1	2	1	5	0	1	1	1	1	1	1
GLU62A	3	3	6	4	155	20.8880356913421	2	2	2	2	344	109.794659608059	3	3	3	2
HIS166A	3	2	7	1	164	1	3	2	7	0	1	1	2	2	1	0
GLU91A	3	2	6	3	1	1	1	1	1	1	1	1	1	1	1	1
GLY0A	3	3	6	6	168	168	3	3	7	5	1	1	1	1	1	1
VAL45A	6	6	13	12	260	186.077182492461	4	4	9	7	1	1	1	1	1	1
ILE46A	7	5	16	12	555	522.277332041045	5	4	11	7	555	522.277332041045	5	4	10	6
ASN86A	4	1	14	1	164	1	4	1	16	0	1	1	1	1	1	1
ASP126A	2	1	6	1	1	1	1	1	1	1	164	1	2	1	1	0
GLN129A	3	1	12	1	45	1	2	1	5	0	45	1	2	1	3	0
GLU98A	1	1	1	1	1	1	1	1	1	1	1	1	1	1	1	1
ASP105A	1	1	1	1	1	1	1	1	1	1	1	1	1	1	1	1
GLU162A	1	1	1	1	1	1	1	1	1	1	1	1	1	1	1	1
LYS165A	1	1	1	1	1	1	1	1	1	1	1	1	1	1	1	1
