Degree	Degree_sidechain	SecondOrderDegree	SecondOrderDegree_sidechain	NodeEdgeBetweennessSTRIDE	NodeEdgeBetweennessSTRIDE_sidechain	IntermodularDegreeSTRIDE	IntermodularDegreeSTRIDE_sidechain	SecondOrderIntermodularDegreeSTRIDE	SecondOrderIntermodularDegreeSTRIDE_sidechain	NodeEdgeBetweennessWALKTRAP	NodeEdgeBetweennessWALKTRAP_sidechain	IntermodularDegreeWALKTRAP	IntermodularDegreeWALKTRAP_sidechain	SecondOrderIntermodularDegreeWALKTRAP	SecondOrderIntermodularDegreeWALKTRAP_sidechain
CYS229A	-0.0900631266648965	0.0580411378389585	0.117488325725541	0.304830811082289	0.48856477559804	0.320328999584157	0.524098509165885	0.53027199491105	0.215578092291607	0.697147655460481	-0.537143735111325	-0.497963879836129	-0.901405039531208	-0.797134568847012	-0.754119400997537	-0.494994878863084
TRP146A	0.776258377445059	0.0580411378389585	0.808730319800083	-0.351977976529683	0.16826771500225	-0.16547420412692	0.524098509165885	0.53027199491105	0.115008173947717	0.163049704500871	0.408809648050202	-0.2741791418723	0.320634007350027	0.016103728663576	-0.0414545167799815	-0.494994878863084
GLY105A	0.343097625390081	0.995985925316528	-0.22813267131173	-0.023573582723697	-0.144311344133401	0.459370908130709	1.01880831688321	1.68827137839248	0.316148010635498	0.163049704500871	-0.267437948717263	0.00210241910043586	-0.290385516090591	0.016103728663576	-0.754119400997537	-0.885576775465987
SER106A	-1.38954538282983	-1.3488760433774	-1.14978866341112	-1.17298896104465	-0.661417441962749	-0.700722151546361	-0.960030913986106	-1.20672708031109	-0.7901210911473	-1.08317884773822	-0.537143735111325	-0.497963879836129	-0.901405039531208	-0.797134568847012	-0.754119400997537	-0.494994878863084
CYS242A	0.776258377445059	0.527013531577743	0.463109322762812	0.140628614179296	-0.575554675718696	-0.452549544431338	0.524098509165885	0.53027199491105	1.12070735738662	1.23124560642009	-0.384442664873511	-0.28080465159069	0.320634007350027	0.829342026174164	0.493044146383185	0.286168914342721
HIS179A	1.20941912950004	0.995985925316528	0.463109322762812	0.140628614179296	0.903407354080539	-0.352562604894426	1.51351812460055	1.10927168665177	1.62355694910608	1.40927825673996	0.339400070669377	-0.443728748149994	0.931653530790645	0.829342026174164	0.493044146383185	0.676750810945623
ARG175A	0.776258377445059	0.995985925316528	0.463109322762812	0.961639598694261	1.74274001287071	2.83465719087985	1.51351812460055	1.68827137839248	1.22127727573051	1.05321295610022	1.42813887015717	3.14590157785604	0.931653530790645	1.64258032368475	0.136711704274407	0.676750810945623
CYS141A	1.20941912950004	0.0580411378389585	0.923937318812507	-0.023573582723697	1.89034679079588	3.13271159427421	-0.465321106268776	-0.0487276968296641	-0.186701581083956	-0.0149829458189989	2.94622548401493	2.11612788747899	0.931653530790645	0.016103728663576	0.671210367437574	-0.104412982260182
TYR236A	1.20941912950004	0.0580411378389585	1.73038631189947	0.797437401791268	2.19424309828887	-0.296562641321602	2.00822793231788	0.53027199491105	2.12640654082553	0.87518030578035	-0.537143735111325	-0.497963879836129	-0.901405039531208	-0.797134568847012	-0.754119400997537	-0.494994878863084
ALA119A	0.343097625390081	0.0580411378389585	0.117488325725541	-0.023573582723697	-0.686500946708202	-0.520334886662959	0.0293887014485543	-0.627727388570379	-0.488411336115628	-0.905146197418348	-0.537143735111325	-0.497963879836129	-0.901405039531208	-0.797134568847012	-0.754119400997537	-0.494994878863084
ARG283A	-0.0900631266648965	0.527013531577743	-0.343339670324154	0.140628614179296	-0.818671721713091	-0.668452525407916	0.0293887014485543	0.53027199491105	-0.488411336115628	-0.727113547098478	-0.537143735111325	-0.497963879836129	-0.901405039531208	-0.797134568847012	-0.754119400997537	-0.494994878863084
PRO128A	-0.0900631266648965	0.527013531577743	-0.458546669336578	-0.18777577962669	-0.486797658927092	-0.116895306107546	0.0293887014485543	0.53027199491105	0.115008173947717	0.341082354820741	-0.537143735111325	-0.497963879836129	-0.901405039531208	-0.797134568847012	-0.754119400997537	-0.494994878863084
TYR126A	0.776258377445059	-0.879903649638611	0.69352332078766	-0.844584567238662	1.05197888218822	-0.236039535152764	1.01880831688321	-0.627727388570379	0.61785776566717	-0.727113547098478	-0.537143735111325	-0.497963879836129	-0.290385516090591	-0.797134568847012	-0.397786958888759	-0.885576775465987
CYS176A	0.776258377445059	0.995985925316528	0.463109322762812	0.304830811082289	1.16967840445535	0.533717253126511	1.51351812460055	1.68827137839248	1.22127727573051	1.23124560642009	0.014166622370655	-0.299558475864422	-0.290385516090591	0.016103728663576	-0.21962073783437	0.286168914342721
ARG249A	0.776258377445059	0.995985925316528	0.232695324737965	0.469033007985282	3.70311238374615	3.45752638845441	1.51351812460055	1.68827137839248	0.818997602354951	1.05321295610022	3.11776629668468	2.82359855865831	1.54267305423126	1.64258032368475	0.314877925328796	0.676750810945623
GLU171A	-1.38954538282983	-0.879903649638611	-1.0345816643987	-0.516180173432676	-0.661417441962749	-0.618777405035088	-0.960030913986106	-0.627727388570379	-0.689551172803409	-0.193015596138869	-0.355687268530026	-0.404592051932211	-0.290385516090591	0.016103728663576	-0.21962073783437	0.286168914342721
TYR205A	1.64257988155501	0.0580411378389585	1.49997231387463	0.961639598694261	4.22793648303564	1.35249292474383	2.00822793231788	0.53027199491105	1.72412686744997	0.87518030578035	4.73897571122252	1.84156919476706	2.7647121011125	0.829342026174164	3.34370368325341	1.84849650075433
VAL203A	0.776258377445059	1.46495831905531	0.808730319800083	1.61844838630623	-0.0748493309921451	0.0740795534628495	1.01880831688321	1.68827137839248	1.4224171124183	2.29944150833931	0.241235096945068	0.373851975454332	0.931653530790645	1.64258032368475	2.27470635692708	3.80140598376884
LYS101A	-0.956384630774852	-1.3488760433774	-0.688960667361425	-1.17298896104465	-0.67974769543058	-0.700722151546361	-0.960030913986106	-1.20672708031109	-0.991260927835081	-1.08317884773822	-0.537143735111325	-0.497963879836129	-0.901405039531208	-0.797134568847012	-0.754119400997537	-0.494994878863084
SER99A	-0.0900631266648965	0.0580411378389585	-0.112925672299306	-0.351977976529683	-0.64598143904247	-0.637757975132653	-0.465321106268776	-0.627727388570379	-0.689551172803409	-0.727113547098478	-0.537143735111325	-0.497963879836129	-0.901405039531208	-0.797134568847012	-0.754119400997537	-0.494994878863084
THR230A	0.343097625390081	0.995985925316528	-0.343339670324154	0.469033007985282	-0.729914704921487	-0.55869265267999	0.524098509165885	1.10927168665177	-0.387841417771737	-0.0149829458189989	-0.537143735111325	-0.497963879836129	-0.901405039531208	-0.797134568847012	-0.754119400997537	-0.494994878863084
THR231A	0.343097625390081	0.995985925316528	0.232695324737965	1.12584179559725	-0.710619701271138	-0.487742619032629	-0.465321106268776	-0.0487276968296641	-0.588981254459518	-0.193015596138869	-0.537143735111325	-0.497963879836129	-0.901405039531208	-0.797134568847012	-0.754119400997537	-0.494994878863084
ASN235A	-0.0900631266648965	0.527013531577743	-0.112925672299306	0.140628614179296	-0.259116615852976	-0.00176273943264613	0.0293887014485543	0.53027199491105	-0.186701581083956	-0.193015596138869	-0.182163325077964	-0.146447473619172	-0.290385516090591	0.016103728663576	-0.21962073783437	-0.104412982260182
GLU198A	0.343097625390081	-0.410931255899826	0.232695324737965	-0.18777577962669	1.66555999826932	1.34396474755561	0.524098509165885	-0.0487276968296641	-0.186701581083956	-0.193015596138869	4.21741231547518	1.83185177508302	1.54267305423126	0.829342026174164	1.56204147270952	0.676750810945623
ARG213A	1.20941912950004	0.995985925316528	0.463109322762812	0.469033007985282	2.05146007127629	0.703006585475963	2.00822793231788	1.68827137839248	0.61785776566717	0.697147655460481	-0.537143735111325	-0.497963879836129	0.320634007350027	0.829342026174164	-0.0414545167799815	-0.104412982260182
THR211A	0.343097625390081	0.527013531577743	-0.112925672299306	-0.023573582723697	-0.143346593950883	0.460984389437632	-0.465321106268776	-0.627727388570379	-0.287271499427846	-0.193015596138869	-0.537143735111325	-0.497963879836129	-0.901405039531208	-0.797134568847012	-0.754119400997537	-0.494994878863084
ARG156A	-0.523223878719874	-0.879903649638611	0.0022813267131173	-0.351977976529683	-0.652734690320092	-0.576784313156616	-0.465321106268776	-0.627727388570379	-0.588981254459518	-0.371048246458739	-0.294210214278438	-0.356743081559343	0.320634007350027	0.016103728663576	1.02754280954635	0.286168914342721
VAL217A	0.776258377445059	1.46495831905531	1.15435131683735	1.94685278011222	0.869641097692429	1.41259241245781	0.524098509165885	1.10927168665177	0.517287847323279	1.05321295610022	0.377079555533254	0.121527660601304	0.931653530790645	1.64258032368475	1.74020769376391	3.80140598376884
ILE162A	0.343097625390081	-0.410931255899826	0.808730319800083	-0.516180173432676	1.10214589167913	-0.294921444031886	0.524098509165885	-0.0487276968296641	0.316148010635498	-0.0149829458189989	-0.196045240554129	-0.497963879836129	-0.290385516090591	-0.797134568847012	-0.754119400997537	-0.885576775465987
VAL173A	1.64257988155501	2.40290310653288	1.15435131683735	1.94685278011222	1.99936356142035	3.71055824990413	1.51351812460055	2.26727107013319	1.62355694910608	2.65550680897905	2.45341748461107	3.50045411654033	1.54267305423126	2.45581862119534	1.02754280954635	1.45791460415143
THR253A	0.776258377445059	1.46495831905531	1.49997231387463	1.61844838630623	0.0717926967505058	0.0951980271488427	0.524098509165885	1.10927168665177	0.919567520698842	1.40927825673996	-0.537143735111325	-0.497963879836129	-0.901405039531208	-0.797134568847012	-0.754119400997537	-0.494994878863084
GLU271A	0.343097625390081	0.0580411378389585	0.232695324737965	-0.680382370335669	2.62934543060424	2.20654602980947	0.524098509165885	0.53027199491105	-0.186701581083956	-0.193015596138869	2.34831155314868	2.8147188223155	0.931653530790645	1.64258032368475	-0.0414545167799815	0.286168914342721
PRO250A	-0.523223878719874	-0.410931255899826	-0.573753668349001	-0.351977976529683	2.02830606689587	1.81155960037232	0.0293887014485543	-0.0487276968296641	-0.0861316627400648	0.163049704500871	2.22734057542781	2.12738418958083	0.320634007350027	0.016103728663576	0.314877925328796	0.286168914342721
ALA276A	-0.0900631266648965	-0.410931255899826	0.232695324737965	0.140628614179296	-0.667205943057853	-0.700722151546361	-0.465321106268776	-1.20672708031109	0.0144382556038259	-1.08317884773822	-0.422122149737387	-0.497963879836129	-0.290385516090591	-0.797134568847012	-0.575953179943148	-0.885576775465987
CYS275A	0.776258377445059	1.46495831905531	0.69352332078766	1.45424618940324	-0.523458165862755	-0.404902585397676	0.524098509165885	1.10927168665177	0.718427684011061	1.94337620769957	-0.451869111472026	-0.429171630584333	-0.290385516090591	0.016103728663576	-0.21962073783437	0.286168914342721
ALA129A	-0.956384630774852	-0.410931255899826	-0.919374665386272	-0.18777577962669	-0.83796672536344	-0.700722151546361	-1.45474072170344	-1.20672708031109	-1.19240076452286	-0.905146197418348	-0.537143735111325	-0.497963879836129	-0.901405039531208	-0.797134568847012	-0.754119400997537	-0.494994878863084
HIS233A	-0.523223878719874	-0.410931255899826	-0.343339670324154	-0.351977976529683	-0.549506420790726	-0.328313933276945	-0.465321106268776	-0.0487276968296641	-0.488411336115628	-0.371048246458739	-0.240665683156088	-0.0736238513820399	0.320634007350027	0.829342026174164	0.493044146383185	1.06733270754853
THR140A	0.776258377445059	0.527013531577743	0.578316321775236	-0.023573582723697	2.40745288862523	0.784872006310686	0.524098509165885	-0.0487276968296641	0.115008173947717	-0.371048246458739	3.52926593401386	1.71571848613876	1.54267305423126	1.64258032368475	1.38387525165513	1.84849650075433
CYS182A	-0.0900631266648965	0.0580411378389585	-0.458546669336578	0.469033007985282	-0.661417441962749	-0.405455072379596	-0.465321106268776	-0.0487276968296641	-0.0861316627400648	0.519115005140611	-0.537143735111325	-0.497963879836129	-0.290385516090591	0.016103728663576	-0.397786958888759	0.286168914342721
CYS238A	2.07574063360999	0.995985925316528	1.8455933109119	0.961639598694261	1.92604254754903	0.81911723763197	2.50293774003521	1.10927168665177	3.43381547929611	1.94337620769957	0.428640955873295	0.391791606494377	1.54267305423126	1.64258032368475	1.20570903060074	1.06733270754853
MET246A	2.07574063360999	0.527013531577743	1.3847653148622	0.633235204888275	0.224223225588261	0.211498047504828	2.50293774003521	1.10927168665177	2.52868621420109	1.05321295610022	-0.0879646129182731	0.306138845235529	2.7647121011125	1.64258032368475	2.09654013587269	0.676750810945623
VAL216A	1.64257988155501	2.40290310653288	0.923937318812507	1.94685278011222	1.12433514587703	2.28099130364589	1.51351812460055	2.26727107013319	1.62355694910608	2.47747415865918	1.30419319626284	2.57413459635137	2.15369257767188	3.26905691870593	2.98737124114463	4.19198788037174
CYS124A	1.64257988155501	0.527013531577743	0.923937318812507	0.304830811082289	2.53190566216998	2.21159738946266	1.01880831688321	0.53027199491105	0.416717928979389	-0.0149829458189989	2.92639417619184	2.82047458707527	1.54267305423126	1.64258032368475	1.38387525165513	2.23907839735723
PRO142A	0.776258377445059	0.527013531577743	0.69352332078766	0.304830811082289	0.24351822923861	0.0611213421827594	0.0293887014485543	-0.0487276968296641	-0.387841417771737	-0.193015596138869	2.54364993520614	3.91375122441951	0.931653530790645	1.64258032368475	1.02754280954635	1.84849650075433
ASP208A	-0.523223878719874	0.0580411378389585	-1.0345816643987	-0.680382370335669	-0.83796672536344	-0.700722151546361	-1.45474072170344	-1.20672708031109	-1.19240076452286	-0.905146197418348	-0.537143735111325	-0.497963879836129	-0.901405039531208	-0.797134568847012	-0.754119400997537	-0.494994878863084
GLY187A	-0.956384630774852	-0.410931255899826	-1.14978866341112	-0.844584567238662	-0.661417441962749	-0.503161674733688	-0.465321106268776	-0.0487276968296641	-0.7901210911473	-0.549080896778608	-0.537143735111325	-0.497963879836129	-0.901405039531208	-0.797134568847012	-0.754119400997537	-0.494994878863084
LEU188A	-0.0900631266648965	-1.3488760433774	-0.573753668349001	-1.17298896104465	-0.661417441962749	-0.700722151546361	-0.465321106268776	-1.20672708031109	-0.7901210911473	-1.08317884773822	-0.537143735111325	-0.497963879836129	-0.901405039531208	-0.797134568847012	-0.754119400997537	-0.494994878863084
ARG110A	1.20941912950004	0.527013531577743	1.15435131683735	0.633235204888275	0.696950815021807	0.923471121651318	1.51351812460055	1.10927168665177	1.4224171124183	1.23124560642009	0.271973624070862	0.627694997712684	0.931653530790645	0.016103728663576	1.02754280954635	-0.494994878863084
GLY108A	0.776258377445059	0.995985925316528	0.808730319800083	0.797437401791268	0.00908393488687216	0.0417274474253019	1.01880831688321	1.10927168665177	1.52298703076219	1.05321295610022	-0.537143735111325	-0.497963879836129	-0.901405039531208	-0.797134568847012	-0.754119400997537	-0.494994878863084
TYR163A	-0.523223878719874	-0.410931255899826	0.232695324737965	0.140628614179296	2.46244364902872	-0.382634952949112	0.0293887014485543	-0.0487276968296641	0.718427684011061	0.519115005140611	2.8550014680287	-0.135519862003016	0.931653530790645	0.829342026174164	1.56204147270952	1.45791460415143
LYS139A	-0.523223878719874	-0.879903649638611	-0.458546669336578	-0.844584567238662	-0.379710388667656	-0.612251258565192	0.0293887014485543	-0.627727388570379	-0.186701581083956	-0.549080896778608	-0.537143735111325	-0.497963879836129	-0.901405039531208	-0.797134568847012	-0.754119400997537	-0.494994878863084
ILE195A	0.343097625390081	0.527013531577743	1.03914431782493	0.797437401791268	0.185633218287564	0.110596685118984	1.01880831688321	1.10927168665177	1.12070735738662	1.05321295610022	-0.0800320897890359	-0.37110882606178	0.320634007350027	0.016103728663576	0.671210367437574	-0.494994878863084
ARG282A	0.776258377445059	0.995985925316528	0.463109322762812	0.633235204888275	0.516542530891046	0.524104099572513	1.01880831688321	1.10927168665177	0.718427684011061	0.87518030578035	-0.537143735111325	-0.497963879836129	-0.901405039531208	-0.797134568847012	-0.754119400997537	-0.494994878863084
PHE134A	0.343097625390081	0.0580411378389585	0.463109322762812	0.140628614179296	-0.085461582999837	-0.29896530612273	0.0293887014485543	-0.0487276968296641	0.0144382556038259	-0.0149829458189989	-0.537143735111325	-0.497963879836129	-0.290385516090591	-0.797134568847012	-0.575953179943148	-0.885576775465987
ARG158A	1.20941912950004	0.527013531577743	1.15435131683735	0.140628614179296	2.25791661033502	1.74716451211352	1.01880831688321	1.10927168665177	0.416717928979389	0.519115005140611	1.16636560689235	1.62776921644722	2.15369257767188	0.829342026174164	2.45287257798146	0.676750810945623
GLU258A	-0.523223878719874	-0.410931255899826	0.463109322762812	0.140628614179296	1.53145972289939	-0.0215800664381021	-0.465321106268776	-0.627727388570379	-0.0861316627400648	-0.371048246458739	1.73453257602396	1.04640814328596	0.320634007350027	0.829342026174164	0.314877925328796	0.676750810945623
LYS164A	-0.523223878719874	-0.879903649638611	-0.343339670324154	-0.844584567238662	-0.661417441962749	-0.489431978857892	0.0293887014485543	-0.627727388570379	-0.0861316627400648	-0.549080896778608	-0.360645095485799	-0.257209585241505	0.320634007350027	0.016103728663576	-0.21962073783437	0.286168914342721
ASN268A	0.776258377445059	0.0580411378389585	0.923937318812507	0.304830811082289	0.0968762014959592	-0.219904722083542	1.01880831688321	-0.0487276968296641	0.919567520698842	-0.193015596138869	0.247184489291996	0.0499028741458428	1.54267305423126	0.829342026174164	1.74020769376391	0.286168914342721
PHE109A	1.20941912950004	-0.410931255899826	2.19121430794917	0.469033007985282	0.0930172007658894	-0.0843722923020758	1.51351812460055	-0.627727388570379	1.82469678579386	-0.727113547098478	0.336425374495913	0.303612981694541	2.15369257767188	0.829342026174164	1.9183739148183	1.06733270754853
GLY245A	0.776258377445059	1.46495831905531	0.578316321775236	1.12584179559725	0.163443964089663	0.482871926504602	0.524098509165885	1.10927168665177	0.517287847323279	1.58731090705983	-0.537143735111325	-0.497963879836129	-0.901405039531208	-0.797134568847012	-0.754119400997537	-0.494994878863084
PRO152A	0.343097625390081	0.527013531577743	0.232695324737965	0.797437401791268	0.425856013734406	0.614913689505037	0.524098509165885	1.10927168665177	0.818997602354951	1.7653435573797	0.104399072965727	0.646318340387518	0.320634007350027	0.829342026174164	0.136711704274407	0.286168914342721
PRO153A	-0.956384630774852	-0.879903649638611	-0.919374665386272	-0.516180173432676	-0.83796672536344	-0.700722151546361	-1.45474072170344	-1.20672708031109	-1.19240076452286	-0.905146197418348	-0.537143735111325	-0.497963879836129	-0.901405039531208	-0.797134568847012	-0.754119400997537	-0.494994878863084
LEU194A	0.776258377445059	1.46495831905531	1.26955831584978	2.11105497701521	-0.591955428821493	-0.377822410148596	1.51351812460055	2.26727107013319	2.12640654082553	3.18960475993866	-0.509379904158995	-0.469235599693582	-0.290385516090591	0.016103728663576	0.136711704274407	0.286168914342721
PRO223A	0.343097625390081	0.995985925316528	0.0022813267131173	0.140628614179296	-0.148170344863471	0.314114446650495	0.0293887014485543	0.53027199491105	-0.287271499427846	0.163049704500871	-0.537143735111325	-0.497963879836129	-0.901405039531208	-0.797134568847012	-0.754119400997537	-0.494994878863084
TYR220A	1.64257988155501	0.0580411378389585	2.07600730893674	0.469033007985282	0.714316318307121	-0.700722151546361	1.51351812460055	-0.627727388570379	2.52868621420109	-0.193015596138869	1.05828497925649	-0.497963879836129	2.15369257767188	0.016103728663576	2.63103879903585	-0.104412982260182
ASN239A	-0.0900631266648965	-1.3488760433774	0.578316321775236	-1.17298896104465	-0.576519425901214	-0.700722151546361	-0.465321106268776	-1.20672708031109	0.316148010635498	-1.08317884773822	-0.0919308744828916	-0.497963879836129	1.54267305423126	-0.797134568847012	1.38387525165513	-0.885576775465987
LEU252A	-0.0900631266648965	0.527013531577743	-0.112925672299306	0.304830811082289	0.375689004243499	1.02167241109428	0.0293887014485543	0.53027199491105	-0.186701581083956	0.163049704500871	-0.537143735111325	-0.497963879836129	-0.290385516090591	0.016103728663576	-0.575953179943148	-0.494994878863084
THR256A	1.20941912950004	1.46495831905531	1.3847653148622	1.61844838630623	0.28500248708686	0.300219377466936	0.524098509165885	0.53027199491105	0.215578092291607	0.341082354820741	0.284863974155872	0.255610729515696	0.320634007350027	0.829342026174164	0.314877925328796	0.676750810945623
VAL274A	2.50890138566497	2.87187550027167	1.96080030992432	2.60366156772419	2.6052266760413	4.74474274648934	2.50293774003521	2.84627076187391	2.52868621420109	2.47747415865918	0.0825846343603252	0.345129474855222	1.54267305423126	1.64258032368475	0.849376588491963	-0.494994878863084
PRO98A	0.343097625390081	0.995985925316528	0.117488325725541	0.140628614179296	-0.500304161482336	-0.136003694123587	0.0293887014485543	0.53027199491105	0.115008173947717	0.341082354820741	-0.196045240554129	0.134472909995409	-0.290385516090591	0.016103728663576	-0.754119400997537	-0.885576775465987
VAL97A	0.776258377445059	0.995985925316528	-0.112925672299306	0.469033007985282	-0.425053647245976	-0.114705308145481	0.0293887014485543	0.53027199491105	0.115008173947717	0.519115005140611	-0.112753747697139	0.169772200637277	0.931653530790645	0.829342026174164	0.314877925328796	-0.104412982260182
ASP207A	-0.523223878719874	0.0580411378389585	-0.458546669336578	0.304830811082289	-0.661417441962749	-0.64933720682076	-0.465321106268776	-0.0487276968296641	-0.488411336115628	0.341082354820741	-0.402290841914294	-0.459512321794506	0.320634007350027	0.829342026174164	0.493044146383185	1.06733270754853
LEU206A	0.776258377445059	0.0580411378389585	0.69352332078766	0.633235204888275	-0.728949954738969	-0.664418822140611	0.524098509165885	-0.0487276968296641	0.316148010635498	0.341082354820741	-0.400307711131985	-0.369270347021572	1.54267305423126	0.016103728663576	1.9183739148183	-0.104412982260182
GLN144A	1.20941912950004	0.527013531577743	0.578316321775236	0.140628614179296	1.4378789551952	0.0606296485765233	0.524098509165885	0.53027199491105	-0.287271499427846	0.163049704500871	-0.537143735111325	-0.497963879836129	-0.901405039531208	-0.797134568847012	-0.754119400997537	-0.494994878863084
PRO219A	-0.956384630774852	-0.410931255899826	-0.919374665386272	-0.18777577962669	-0.661417441962749	-0.405455072379596	-0.960030913986106	-0.627727388570379	-1.19240076452286	-1.08317884773822	0.00524253385026319	0.404750527902173	0.320634007350027	0.829342026174164	0.136711704274407	1.06733270754853
VAL218A	1.20941912950004	1.9339307127941	0.923937318812507	1.78265058320923	0.644854305165865	0.82373593899405	1.01880831688321	1.68827137839248	1.3218471940744	2.29944150833931	1.32303293869478	1.58235090571337	2.15369257767188	3.26905691870593	2.27470635692708	4.97315167357755
GLN100A	0.343097625390081	0.0580411378389585	0.463109322762812	-0.351977976529683	0.342887498037906	-0.148108071426684	0.524098509165885	0.53027199491105	0.215578092291607	0.341082354820741	-0.235707856200315	-0.218515065724519	-0.290385516090591	0.016103728663576	-0.397786958888759	-0.494994878863084
ILE254A	0.776258377445059	0.0580411378389585	1.3847653148622	-0.18777577962669	0.442256766837203	1.03456683522494	0.0293887014485543	0.53027199491105	-0.287271499427846	-0.0149829458189989	-0.537143735111325	-0.497963879836129	-0.901405039531208	-0.797134568847012	-0.754119400997537	-0.494994878863084
ARG174A	-0.0900631266648965	-0.410931255899826	0.0022813267131173	-0.516180173432676	0.602405297135098	-0.405455072379596	-0.465321106268776	-0.627727388570379	-0.689551172803409	-1.08317884773822	-0.537143735111325	-0.497963879836129	-0.290385516090591	-0.797134568847012	-0.21962073783437	-0.885576775465987
ASN200A	-0.0900631266648965	-0.879903649638611	-0.112925672299306	-0.18777577962669	-0.460749403999121	-0.514413993782314	0.0293887014485543	-0.627727388570379	0.115008173947717	-0.193015596138869	-0.253556033241098	-0.285675307542511	0.320634007350027	0.016103728663576	1.20570903060074	1.06733270754853
VAL197A	2.07574063360999	1.9339307127941	1.61517931288705	1.94685278011222	2.24344535759726	1.71627284622311	2.00822793231788	1.68827137839248	2.12640654082553	1.94337620769957	3.46481418358881	4.48431431912744	3.37573162455312	3.26905691870593	3.34370368325341	2.62966029396014
ASP148A	-0.523223878719874	-0.879903649638611	-0.343339670324154	-0.680382370335669	-0.662382192145266	-0.622493517772019	-0.465321106268776	-0.627727388570379	0.0144382556038259	-0.371048246458739	-0.537143735111325	-0.497963879836129	-0.901405039531208	-0.797134568847012	-0.754119400997537	-0.494994878863084
SER149A	-0.523223878719874	-0.879903649638611	-0.22813267131173	-1.00878676414166	-0.662382192145266	-0.700722151546361	-0.465321106268776	-1.20672708031109	0.115008173947717	-1.08317884773822	-0.537143735111325	-0.497963879836129	-0.901405039531208	-0.797134568847012	-0.754119400997537	-0.494994878863084
LEU130A	0.343097625390081	0.527013531577743	-0.804167666373849	-0.18777577962669	0.463481270852586	0.474407489800644	0.524098509165885	1.10927168665177	-0.186701581083956	0.163049704500871	-0.537143735111325	-0.497963879836129	-0.901405039531208	-0.797134568847012	-0.754119400997537	-0.494994878863084
SER127A	-0.0900631266648965	0.0580411378389585	-0.458546669336578	-0.18777577962669	0.0717926967505058	0.267692143357171	0.524098509165885	0.53027199491105	0.115008173947717	0.341082354820741	-0.537143735111325	-0.497963879836129	-0.901405039531208	-0.797134568847012	-0.754119400997537	-0.494994878863084
LEU114A	-0.956384630774852	-0.410931255899826	-0.573753668349001	-0.18777577962669	-0.661417441962749	-0.517065599419065	-0.465321106268776	-0.0487276968296641	-0.588981254459518	-0.193015596138869	-0.537143735111325	-0.497963879836129	-0.901405039531208	-0.797134568847012	-0.754119400997537	-0.494994878863084
MET133A	-0.0900631266648965	0.0580411378389585	0.578316321775236	-0.18777577962669	3.4792903414021	3.91725918829161	0.524098509165885	0.53027199491105	0.215578092291607	-0.193015596138869	3.13065664676969	3.33732882589827	0.931653530790645	0.829342026174164	0.493044146383185	0.286168914342721
GLN136A	0.776258377445059	0.0580411378389585	0.69352332078766	-0.516180173432676	0.262813232888959	-0.238189178213594	1.51351812460055	0.53027199491105	1.4224171124183	-0.549080896778608	-0.0532598242278606	-0.284700311172006	0.320634007350027	0.016103728663576	-0.397786958888759	-0.885576775465987
MET237A	0.343097625390081	0.0580411378389585	0.578316321775236	0.140628614179296	-0.260081366035494	-0.437034556124529	0.524098509165885	0.53027199491105	0.517287847323279	0.697147655460481	-0.537143735111325	-0.497963879836129	-0.901405039531208	-0.797134568847012	-0.754119400997537	-0.494994878863084
ILE232A	0.343097625390081	0.0580411378389585	1.15435131683735	1.29004399250025	0.720104819402225	0.079484584796293	0.524098509165885	0.53027199491105	1.12070735738662	1.58731090705983	0.156952038696923	0.319340922593412	-0.290385516090591	0.016103728663576	0.493044146383185	1.45791460415143
GLY266A	1.20941912950004	1.9339307127941	1.3847653148622	1.78265058320923	-0.366203886112412	0.0882702075386008	0.524098509165885	1.10927168665177	0.517287847323279	0.341082354820741	-0.146466970996397	0.226396862005807	0.931653530790645	1.64258032368475	1.20570903060074	1.84849650075433
TYR103A	-0.0900631266648965	-1.3488760433774	-0.112925672299306	-1.17298896104465	-0.269728867860668	-0.700722151546361	0.0293887014485543	-1.20672708031109	-0.0861316627400648	-1.08317884773822	-0.267437948717263	-0.497963879836129	-0.290385516090591	-0.797134568847012	-0.754119400997537	-0.885576775465987
ALA159A	0.343097625390081	0.995985925316528	0.808730319800083	0.961639598694261	-0.436630649436185	-0.356623895424526	0.0293887014485543	0.53027199491105	0.215578092291607	0.697147655460481	-0.34378848383617	-0.279184874051382	0.931653530790645	1.64258032368475	1.56204147270952	2.23907839735723
TYR234A	0.343097625390081	-0.410931255899826	1.26955831584978	-0.023573582723697	-0.307354124978848	-0.645086204494366	0.524098509165885	-0.0487276968296641	0.61785776566717	-0.193015596138869	-0.171256105775263	-0.497963879836129	0.320634007350027	-0.797134568847012	0.849376588491963	-0.885576775465987
THR125A	1.20941912950004	1.46495831905531	1.49997231387463	2.4394593708212	1.28737792672248	2.45758678151557	1.01880831688321	1.10927168665177	1.02013743904273	1.94337620769957	-0.537143735111325	-0.497963879836129	-0.290385516090591	-0.797134568847012	-0.21962073783437	-0.885576775465987
PRO151A	1.20941912950004	0.995985925316528	0.808730319800083	0.469033007985282	0.868676347509911	1.13469709396009	2.00822793231788	1.68827137839248	1.92526670413775	0.87518030578035	0.693388915311584	0.891926274561087	1.54267305423126	0.829342026174164	1.38387525165513	0.676750810945623
CYS277A	0.776258377445059	0.527013531577743	0.117488325725541	-0.680382370335669	-0.116333588840395	-0.50638476981557	0.524098509165885	0.53027199491105	-0.0861316627400648	-0.727113547098478	-0.537143735111325	-0.497963879836129	-0.901405039531208	-0.797134568847012	-0.754119400997537	-0.494994878863084
PRO278A	1.64257988155501	1.9339307127941	1.26955831584978	2.4394593708212	1.33754493621339	1.04885118817704	2.00822793231788	2.26727107013319	1.82469678579386	2.29944150833931	-0.0671417397040256	0.373475185222443	0.320634007350027	0.829342026174164	-0.21962073783437	-0.104412982260182
VAL122A	1.20941912950004	1.9339307127941	1.15435131683735	2.4394593708212	-0.00635206803340688	0.400604163034441	1.01880831688321	1.68827137839248	1.02013743904273	2.12140885801944	-0.102838093785593	0.29470523194868	0.320634007350027	0.829342026174164	0.136711704274407	0.676750810945623
ALA189A	0.343097625390081	0.995985925316528	0.117488325725541	0.140628614179296	0.377618504608534	0.560779386189143	0.0293887014485543	0.53027199491105	0.115008173947717	0.519115005140611	0.173808650346552	0.671071211122976	0.320634007350027	0.829342026174164	0.493044146383185	0.286168914342721
GLN104A	0.343097625390081	-0.410931255899826	0.0022813267131173	-0.023573582723697	-0.498374661117301	-0.305419231350419	0.524098509165885	-0.0487276968296641	0.818997602354951	-0.0149829458189989	-0.336847526098088	-0.135783508915161	0.320634007350027	0.016103728663576	-0.0414545167799815	-0.104412982260182
ALA161A	0.776258377445059	1.46495831905531	0.808730319800083	1.45424618940324	-0.177112850338994	-0.21240430381103	0.524098509165885	1.10927168665177	0.818997602354951	2.29944150833931	-0.463767896165882	-0.36191643086074	-0.290385516090591	0.016103728663576	-0.21962073783437	-0.494994878863084
ASN131A	-0.523223878719874	-0.410931255899826	-0.458546669336578	-0.680382370335669	-0.3102483755264	-0.282830493053508	0.0293887014485543	-0.0487276968296641	-0.0861316627400648	-0.549080896778608	-0.280328298802273	-0.0217978084222676	0.320634007350027	0.829342026174164	-0.0414545167799815	-0.494994878863084
PHE270A	1.20941912950004	0.0580411378389585	1.26955831584978	0.797437401791268	0.7297523212274	-0.42741223791692	1.51351812460055	0.53027199491105	1.4224171124183	0.87518030578035	0.753874404172017	-0.496125400795921	1.54267305423126	0.016103728663576	1.38387525165513	0.286168914342721
GLY244A	-0.523223878719874	0.0580411378389585	-0.919374665386272	-0.18777577962669	-0.486797658927092	-0.472710586199379	-0.465321106268776	-0.0487276968296641	-0.689551172803409	-0.0149829458189989	-0.537143735111325	-0.497963879836129	-0.901405039531208	-0.797134568847012	-0.754119400997537	-0.494994878863084
VAL272A	1.64257988155501	2.40290310653288	1.61517931288705	2.60366156772419	-0.500304161482336	-0.161293823710304	0.524098509165885	1.10927168665177	0.718427684011061	1.40927825673996	-0.347754745400789	-0.146814383156409	0.320634007350027	0.829342026174164	0.136711704274407	-0.104412982260182
GLU221A	-0.956384630774852	-1.3488760433774	-0.919374665386272	-1.17298896104465	-0.836037224998405	-0.700722151546361	-0.960030913986106	-1.20672708031109	-0.89069100949119	-1.08317884773822	-0.537143735111325	-0.497963879836129	-0.901405039531208	-0.797134568847012	-0.754119400997537	-0.494994878863084
LYS132A	-0.523223878719874	-0.410931255899826	-0.458546669336578	-0.680382370335669	1.01821262580011	1.50915819235278	-0.465321106268776	-0.0487276968296641	-0.588981254459518	-0.193015596138869	0.823283981552842	1.29857313042278	-0.290385516090591	0.016103728663576	-0.397786958888759	0.286168914342721
ARG202A	-1.38954538282983	-1.3488760433774	-1.49540966044839	-1.17298896104465	-0.661417441962749	-0.700722151546361	-0.960030913986106	-1.20672708031109	-1.19240076452286	-1.08317884773822	-0.355687268530026	-0.497963879836129	-0.290385516090591	-0.797134568847012	-0.575953179943148	-0.885576775465987
GLY154A	-0.0900631266648965	0.527013531577743	-0.458546669336578	0.140628614179296	-0.319895877351575	0.165717310270867	0.0293887014485543	0.53027199491105	-0.287271499427846	0.163049704500871	-0.537143735111325	-0.497963879836129	-0.901405039531208	-0.797134568847012	-0.754119400997537	-0.494994878863084
SER260A	-0.523223878719874	-0.879903649638611	-0.688960667361425	-1.17298896104465	-0.664311692510301	-0.700722151546361	-0.960030913986106	-1.20672708031109	-0.991260927835081	-1.08317884773822	-0.537143735111325	-0.497963879836129	-0.901405039531208	-0.797134568847012	-0.754119400997537	-0.494994878863084
ARG196A	0.343097625390081	0.0580411378389585	1.03914431782493	0.469033007985282	-0.502233661847371	-0.453850348087014	0.524098509165885	0.53027199491105	0.718427684011061	0.87518030578035	-0.24958977167648	-0.452752060676441	0.320634007350027	0.016103728663576	0.671210367437574	-0.104412982260182
SER96A	-0.0900631266648965	-1.3488760433774	-0.458546669336578	-1.17298896104465	0.00136593342673264	-0.700722151546361	-0.960030913986106	-1.20672708031109	-0.588981254459518	-1.08317884773822	-0.355687268530026	-0.497963879836129	-0.290385516090591	-0.797134568847012	-0.575953179943148	-0.885576775465987
THR155A	1.20941912950004	1.46495831905531	0.808730319800083	1.45424618940324	1.2719419238022	1.83840036417924	2.00822793231788	2.26727107013319	1.82469678579386	2.29944150833931	-0.537143735111325	-0.497963879836129	0.320634007350027	0.829342026174164	0.671210367437574	0.286168914342721
LEU264A	0.776258377445059	0.527013531577743	0.923937318812507	0.797437401791268	0.0968762014959592	0.39747549974614	0.0293887014485543	-0.0487276968296641	-0.387841417771737	-0.549080896778608	-0.246615075503016	-0.497963879836129	0.320634007350027	-0.797134568847012	-0.21962073783437	-0.885576775465987
GLN192A	-0.0900631266648965	0.0580411378389585	-0.573753668349001	-0.351977976529683	-0.416370895603319	-0.597773660425697	-0.465321106268776	-0.627727388570379	-0.7901210911473	-0.905146197418348	0.338408505278223	-0.0730364320169799	1.54267305423126	1.64258032368475	0.493044146383185	0.676750810945623
PRO191A	-0.523223878719874	-0.410931255899826	-0.112925672299306	-0.18777577962669	0.278249235809238	-0.700722151546361	-0.960030913986106	-1.20672708031109	-0.689551172803409	-1.08317884773822	1.05233558690956	0.0143748398825604	0.320634007350027	0.016103728663576	0.314877925328796	0.286168914342721
ALA138A	-0.523223878719874	0.0580411378389585	-0.688960667361425	-0.351977976529683	-0.661417441962749	-0.513544294235791	-0.465321106268776	-0.0487276968296641	-0.588981254459518	-0.371048246458739	-0.537143735111325	-0.497963879836129	-0.901405039531208	-0.797134568847012	-0.754119400997537	-0.494994878863084
LEU137A	-0.0900631266648965	-0.410931255899826	0.69352332078766	-0.023573582723697	-0.661417441962749	-0.653124452992155	0.0293887014485543	-0.0487276968296641	0.919567520698842	0.341082354820741	-0.478641377033202	-0.443728748149994	-0.290385516090591	0.016103728663576	-0.397786958888759	-0.104412982260182
GLY112A	-0.0900631266648965	0.527013531577743	0.463109322762812	0.961639598694261	0.776060329988237	1.44890936269187	-0.465321106268776	-0.0487276968296641	-0.488411336115628	-0.0149829458189989	-0.537143735111325	-0.497963879836129	-0.901405039531208	-0.797134568847012	-0.754119400997537	-0.494994878863084
PHE113A	0.776258377445059	0.0580411378389585	1.03914431782493	0.469033007985282	1.37227594278401	0.359335067101532	0.524098509165885	-0.0487276968296641	0.61785776566717	-0.371048246458739	1.73453257602396	0.709916849580499	0.931653530790645	0.829342026174164	0.493044146383185	-0.494994878863084
HIS193A	0.343097625390081	0.995985925316528	0.347902323750388	0.797437401791268	0.431644514829511	0.902025998247467	0.524098509165885	1.10927168665177	0.416717928979389	0.87518030578035	2.0637322858873	1.61935101056195	1.54267305423126	2.45581862119534	1.02754280954635	1.84849650075433
HIS214A	-0.0900631266648965	0.527013531577743	-0.458546669336578	0.304830811082289	1.78904802163155	2.36780453929552	0.524098509165885	1.10927168665177	-0.287271499427846	0.341082354820741	0.817334589205914	0.523747496063351	0.320634007350027	0.829342026174164	0.493044146383185	1.84849650075433
ILE251A	0.343097625390081	0.0580411378389585	0.578316321775236	0.633235204888275	-0.702901699810998	-0.6708727473683	0.524098509165885	0.53027199491105	1.12070735738662	1.40927825673996	-0.537143735111325	-0.497963879836129	-0.290385516090591	0.016103728663576	0.136711704274407	0.286168914342721
VAL172A	0.343097625390081	0.995985925316528	0.578316321775236	1.45424618940324	0.517507281073563	1.56621908467935	0.0293887014485543	0.53027199491105	-0.186701581083956	-0.0149829458189989	0.757840665736636	1.04847090905461	-0.290385516090591	0.016103728663576	-0.21962073783437	0.676750810945623
GLY262A	-0.0900631266648965	0.527013531577743	-0.573753668349001	0.140628614179296	-0.778152214047359	-0.600686310517184	-0.465321106268776	-0.0487276968296641	-0.7901210911473	-0.549080896778608	-0.476658246250892	-0.385816658383443	-0.290385516090591	0.016103728663576	-0.575953179943148	-0.885576775465987
SER261A	-0.523223878719874	-1.3488760433774	-0.804167666373849	-1.17298896104465	-0.83796672536344	-0.700722151546361	-1.45474072170344	-1.20672708031109	-1.19240076452286	-0.905146197418348	-0.537143735111325	-0.497963879836129	-0.901405039531208	-0.797134568847012	-0.754119400997537	-0.494994878863084
ASP259A	0.343097625390081	0.527013531577743	-0.458546669336578	-0.680382370335669	-0.0314355727788603	-0.504145491891721	-0.465321106268776	-0.627727388570379	-0.689551172803409	-0.905146197418348	-0.537143735111325	-0.497963879836129	-0.901405039531208	-0.797134568847012	-0.754119400997537	-0.494994878863084
LEU265A	0.776258377445059	0.995985925316528	0.808730319800083	1.29004399250025	0.286931987451895	0.856287309633574	0.524098509165885	1.10927168665177	0.316148010635498	1.05321295610022	-0.113745313088294	0.130795951914993	0.931653530790645	0.829342026174164	0.314877925328796	-0.494994878863084
LEU145A	0.776258377445059	1.46495831905531	1.73038631189947	2.27525717391821	-0.39707589195297	-0.301385528083113	1.01880831688321	1.68827137839248	1.52298703076219	1.58731090705983	-0.255539164023407	-0.201968754362647	0.320634007350027	0.829342026174164	1.38387525165513	2.23907839735723
ASP186A	-0.523223878719874	0.0580411378389585	-0.919374665386272	-0.516180173432676	0.0389911905449128	0.332835949961072	0.0293887014485543	0.53027199491105	-0.588981254459518	-0.193015596138869	-0.537143735111325	-0.497963879836129	-0.901405039531208	-0.797134568847012	-0.754119400997537	-0.494994878863084
THR123A	-0.523223878719874	0.0580411378389585	-0.112925672299306	0.469033007985282	-0.673959194335475	-0.545006987442796	-0.465321106268776	-0.0487276968296641	-0.186701581083956	-0.0149829458189989	-0.376510141744274	-0.327253773888003	0.320634007350027	0.829342026174164	0.136711704274407	1.06733270754853
ASN263A	-0.956384630774852	-0.879903649638611	-0.919374665386272	-0.680382370335669	-0.661417441962749	-0.603645213341158	-0.465321106268776	-0.627727388570379	-0.89069100949119	-0.905146197418348	-0.537143735111325	-0.497963879836129	-0.901405039531208	-0.797134568847012	-0.754119400997537	-0.494994878863084
MET169A	0.776258377445059	0.0580411378389585	-0.112925672299306	-0.680382370335669	-0.126945840848087	-0.152138507192809	1.01880831688321	0.53027199491105	0.517287847323279	-0.371048246458739	0.00722566463257247	-0.218515065724519	0.931653530790645	0.016103728663576	0.136711704274407	-0.494994878863084
SER166A	-1.38954538282983	-1.3488760433774	-1.0345816643987	-1.17298896104465	-0.661417441962749	-0.700722151546361	-0.960030913986106	-1.20672708031109	-0.7901210911473	-1.08317884773822	-0.537143735111325	-0.497963879836129	-0.901405039531208	-0.797134568847012	-0.754119400997537	-0.494994878863084
TYR107A	-0.0900631266648965	-0.879903649638611	0.232695324737965	-0.680382370335669	-0.575554675718696	-0.66104180246971	0.0293887014485543	-0.627727388570379	0.0144382556038259	-0.371048246458739	-0.267437948717263	-0.452750161045227	0.320634007350027	0.016103728663576	-0.0414545167799815	-0.104412982260182
VAL157A	2.07574063360999	1.9339307127941	2.07600730893674	2.11105497701521	1.23431666668402	1.64519114427277	2.00822793231788	1.68827137839248	2.12640654082553	1.58731090705983	1.45391957032719	1.91769670994002	3.98675114799373	4.08229521621652	3.87820234641658	3.02024219056304
LEU111A	2.07574063360999	1.9339307127941	2.19121430794917	2.4394593708212	0.147043210986866	0.834505311990124	1.01880831688321	1.68827137839248	1.22127727573051	1.7653435573797	0.452438525261006	1.23756033412018	2.15369257767188	3.26905691870593	2.27470635692708	1.45791460415143
HIS115A	-1.38954538282983	-1.3488760433774	-1.14978866341112	-1.17298896104465	-0.83796672536344	-0.700722151546361	-1.45474072170344	-1.20672708031109	-1.19240076452286	-0.905146197418348	-0.537143735111325	-0.497963879836129	-0.901405039531208	-0.797134568847012	-0.754119400997537	-0.494994878863084
SER116A	0.343097625390081	0.0580411378389585	-0.112925672299306	0.304830811082289	0.708527817212016	1.199958828008	0.0293887014485543	-0.0487276968296641	0.215578092291607	0.163049704500871	1.54514358631342	1.66776442952885	1.54267305423126	0.829342026174164	0.493044146383185	0.286168914342721
VAL143A	1.20941912950004	1.9339307127941	1.3847653148622	1.94685278011222	-0.626686435392121	-0.372378705587691	0.524098509165885	1.10927168665177	0.61785776566717	1.05321295610022	-0.232733160026851	0.0646107064675064	0.931653530790645	1.64258032368475	0.671210367437574	-0.104412982260182
CYS135A	0.776258377445059	0.995985925316528	1.49997231387463	1.94685278011222	-0.661417441962749	-0.656184632877776	1.01880831688321	1.10927168665177	1.92526670413775	1.94337620769957	-0.436004065213552	-0.497963879836129	0.320634007350027	0.016103728663576	-0.397786958888759	-0.885576775465987
GLY279A	1.20941912950004	1.9339307127941	0.578316321775236	1.61844838630623	-0.377780888302621	-0.220391305097708	0.0293887014485543	0.53027199491105	-0.186701581083956	-0.0149829458189989	-0.537143735111325	-0.497963879836129	-0.901405039531208	-0.797134568847012	-0.754119400997537	-0.494994878863084
ARG284A	-1.38954538282983	-1.3488760433774	-1.61061665946081	-1.17298896104465	-0.83796672536344	-0.700722151546361	-1.45474072170344	-1.20672708031109	-1.19240076452286	-0.905146197418348	-0.536152169720171	-0.497963879836129	-0.290385516090591	-0.797134568847012	-0.754119400997537	-0.885576775465987
ASN288A	-1.38954538282983	-0.879903649638611	-1.61061665946081	-1.17298896104465	-0.83796672536344	-0.700722151546361	-1.45474072170344	-1.20672708031109	-1.19240076452286	-0.905146197418348	-0.536152169720171	-0.496125400795921	-0.290385516090591	0.016103728663576	-0.754119400997537	-0.885576775465987
THR118A	-0.523223878719874	-0.410931255899826	-0.919374665386272	-0.680382370335669	-0.682641945978132	-0.640700701698353	-0.465321106268776	-0.627727388570379	-0.689551172803409	-0.905146197418348	-0.537143735111325	-0.497963879836129	-0.901405039531208	-0.797134568847012	-0.754119400997537	-0.494994878863084
ARG267A	0.776258377445059	0.0580411378389585	0.578316321775236	-0.351977976529683	-0.108615587380256	-0.177992613547305	0.0293887014485543	-0.0487276968296641	-0.588981254459518	-0.905146197418348	-0.537143735111325	-0.497963879836129	-0.901405039531208	-0.797134568847012	-0.754119400997537	-0.494994878863084
SER215A	-0.0900631266648965	-0.410931255899826	0.232695324737965	-0.351977976529683	-0.570730924806109	-0.541250048460227	0.0293887014485543	-0.0487276968296641	-0.0861316627400648	-0.0149829458189989	-0.26248012176149	-0.31625361287245	1.54267305423126	0.829342026174164	2.27470635692708	0.286168914342721
HIS168A	-0.523223878719874	-0.410931255899826	-1.0345816643987	-0.516180173432676	-0.486797658927092	-0.372574498641732	-0.465321106268776	-0.627727388570379	-0.488411336115628	-0.193015596138869	-0.176213932731036	-0.124056491278027	-0.290385516090591	0.016103728663576	-0.21962073783437	0.286168914342721
PRO190A	0.776258377445059	0.527013531577743	0.347902323750388	0.304830811082289	1.09056888948892	2.52462698099114	-0.960030913986106	-0.627727388570379	-0.588981254459518	-0.549080896778608	2.74097144804592	5.28898209587869	0.931653530790645	0.829342026174164	1.56204147270952	1.45791460415143
GLU286A	-0.523223878719874	-0.410931255899826	-0.458546669336578	-0.351977976529683	-0.349803133009615	-0.285838088004705	-0.465321106268776	-0.627727388570379	-0.488411336115628	-0.549080896778608	-0.537143735111325	-0.497963879836129	-0.901405039531208	-0.797134568847012	-0.754119400997537	-0.494994878863084
SER240A	-0.523223878719874	-0.410931255899826	0.347902323750388	0.469033007985282	-0.512845913855063	-0.363504558399618	0.0293887014485543	-0.0487276968296641	0.61785776566717	0.519115005140611	-0.329906568360005	-0.113721760432665	0.320634007350027	0.829342026174164	0.314877925328796	0.286168914342721
SER269A	-1.38954538282983	-1.3488760433774	-1.38020266143597	-1.17298896104465	-0.661417441962749	-0.700722151546361	-0.960030913986106	-1.20672708031109	-0.991260927835081	-1.08317884773822	-0.355687268530026	-0.497963879836129	-0.290385516090591	-0.797134568847012	-0.575953179943148	-0.885576775465987
ASN210A	-0.956384630774852	-1.3488760433774	-0.919374665386272	-1.17298896104465	-0.83796672536344	-0.700722151546361	-1.45474072170344	-1.20672708031109	-1.19240076452286	-0.905146197418348	-0.537143735111325	-0.497963879836129	-0.901405039531208	-0.797134568847012	-0.754119400997537	-0.494994878863084
LYS120A	0.343097625390081	-1.3488760433774	-0.22813267131173	-1.17298896104465	-0.662382192145266	-0.700722151546361	0.0293887014485543	-1.20672708031109	-0.287271499427846	-1.08317884773822	-0.537143735111325	-0.497963879836129	-0.901405039531208	-0.797134568847012	-0.754119400997537	-0.494994878863084
HIS178A	-0.523223878719874	-1.3488760433774	-0.458546669336578	-1.17298896104465	-0.744385957659248	-0.700722151546361	-0.960030913986106	-1.20672708031109	-0.689551172803409	-1.08317884773822	-0.537143735111325	-0.497963879836129	-0.901405039531208	-0.797134568847012	-0.754119400997537	-0.494994878863084
ARG280A	-0.523223878719874	-0.410931255899826	-0.343339670324154	-0.351977976529683	-0.723161453643865	-0.556228458823486	-0.960030913986106	-0.627727388570379	-0.89069100949119	-0.549080896778608	-0.537143735111325	-0.497963879836129	-0.901405039531208	-0.797134568847012	-0.754119400997537	-0.494994878863084
ASP281A	-0.0900631266648965	0.0580411378389585	0.0022813267131173	-0.18777577962669	-0.598708680099115	-0.624672715930762	-0.465321106268776	-0.0487276968296641	-0.588981254459518	-0.0149829458189989	-0.537143735111325	-0.497963879836129	-0.901405039531208	-0.797134568847012	-0.754119400997537	-0.494994878863084
ILE255A	1.64257988155501	0.527013531577743	2.65204230399886	0.961639598694261	-0.00538731785088944	-0.401818948822872	1.01880831688321	-0.0487276968296641	1.22127727573051	-0.193015596138869	-0.139526013258314	-0.497963879836129	0.320634007350027	-0.797134568847012	0.849376588491963	-0.885576775465987
GLN167A	-1.38954538282983	-0.879903649638611	-1.38020266143597	-1.00878676414166	-0.83796672536344	-0.700722151546361	-1.45474072170344	-1.20672708031109	-1.19240076452286	-0.905146197418348	-0.537143735111325	-0.497963879836129	-0.901405039531208	-0.797134568847012	-0.754119400997537	-0.494994878863084
HIS273A	0.343097625390081	-0.410931255899826	0.808730319800083	-0.023573582723697	-0.532140917505412	-0.383271721041426	0.0293887014485543	-0.0487276968296641	-0.387841417771737	-0.0149829458189989	-0.203977763683366	-0.497963879836129	0.931653530790645	-0.797134568847012	0.493044146383185	-0.885576775465987
VAL147A	1.64257988155501	1.46495831905531	1.49997231387463	0.797437401791268	-0.657558441232679	-0.530499873666067	2.00822793231788	1.68827137839248	2.12640654082553	0.341082354820741	-0.318999349057304	-0.0934984909903779	0.320634007350027	0.829342026174164	0.314877925328796	-0.104412982260182
GLU204A	-0.956384630774852	-1.3488760433774	-0.458546669336578	-1.17298896104465	-0.661417441962749	-0.700722151546361	-0.465321106268776	-1.20672708031109	-0.186701581083956	-1.08317884773822	-0.537143735111325	-0.497963879836129	-0.901405039531208	-0.797134568847012	-0.754119400997537	-0.494994878863084
LEU257A	0.343097625390081	0.527013531577743	1.26955831584978	1.29004399250025	-0.441454400348772	-0.542902555064872	1.01880831688321	1.10927168665177	1.82469678579386	1.94337620769957	-0.267437948717263	-0.403282209265419	1.54267305423126	1.64258032368475	2.63103879903585	2.62966029396014
ARG290A	-1.38954538282983	-0.879903649638611	-1.61061665946081	-1.17298896104465	-0.83796672536344	-0.700722151546361	-1.45474072170344	-1.20672708031109	-1.19240076452286	-0.905146197418348	-0.536152169720171	-0.496125400795921	-0.290385516090591	0.016103728663576	-0.754119400997537	-0.885576775465987
GLU287A	-1.38954538282983	-1.3488760433774	-1.61061665946081	-1.17298896104465	-0.83796672536344	-0.700722151546361	-1.45474072170344	-1.20672708031109	-1.19240076452286	-0.905146197418348	-0.536152169720171	-0.497963879836129	-0.290385516090591	-0.797134568847012	-0.754119400997537	-0.885576775465987
SER121A	-0.956384630774852	-0.410931255899826	-0.573753668349001	-0.680382370335669	-0.662382192145266	-0.553895352616439	-0.960030913986106	-0.627727388570379	-0.89069100949119	-0.549080896778608	-0.537143735111325	-0.497963879836129	-0.901405039531208	-0.797134568847012	-0.754119400997537	-0.494994878863084
THR150A	-1.38954538282983	-0.879903649638611	-0.919374665386272	-0.516180173432676	-0.661417441962749	-0.595930125478854	-0.960030913986106	-0.627727388570379	-0.588981254459518	-0.193015596138869	-0.537143735111325	-0.497963879836129	-0.901405039531208	-0.797134568847012	-0.754119400997537	-0.494994878863084
PRO177A	-0.523223878719874	0.0580411378389585	-0.804167666373849	-0.18777577962669	-0.206055355814517	0.0922773971707112	-0.465321106268776	-0.0487276968296641	-0.488411336115628	0.163049704500871	-0.537143735111325	-0.497963879836129	-0.901405039531208	-0.797134568847012	-0.754119400997537	-0.494994878863084
ASP228A	-0.956384630774852	-1.3488760433774	-0.688960667361425	-1.17298896104465	-0.661417441962749	-0.700722151546361	-0.465321106268776	-1.20672708031109	-0.588981254459518	-1.08317884773822	-0.537143735111325	-0.497963879836129	-0.901405039531208	-0.797134568847012	-0.754119400997537	-0.494994878863084
PRO222A	-0.0900631266648965	-0.879903649638611	-0.112925672299306	-1.17298896104465	-0.83796672536344	-0.700722151546361	-0.960030913986106	-1.20672708031109	-0.89069100949119	-1.08317884773822	-0.537143735111325	-0.497963879836129	-0.901405039531208	-0.797134568847012	-0.754119400997537	-0.494994878863084
GLY117A	-0.956384630774852	-0.410931255899826	-0.919374665386272	-0.516180173432676	-0.83796672536344	-0.700722151546361	-1.45474072170344	-1.20672708031109	-1.19240076452286	-0.905146197418348	-0.0443357357074689	0.415760203147226	-0.290385516090591	0.016103728663576	-0.21962073783437	-0.104412982260182
GLU180A	-1.38954538282983	-0.879903649638611	-1.26499566242354	-0.844584567238662	-0.661417441962749	-0.50840356350026	-0.960030913986106	-0.627727388570379	-1.09183084617897	-0.905146197418348	-0.355687268530026	-0.278826731083161	-0.290385516090591	0.016103728663576	-0.21962073783437	0.286168914342721
MET160A	0.343097625390081	-0.879903649638611	0.232695324737965	-0.844584567238662	-0.704831200176033	-0.599072829210261	0.0293887014485543	-0.627727388570379	-0.186701581083956	-0.727113547098478	-0.331889699142315	-0.382139700303027	1.54267305423126	0.016103728663576	0.849376588491963	-0.104412982260182
GLY226A	-0.956384630774852	-0.410931255899826	-1.61061665946081	-1.17298896104465	-0.836037224998405	-0.697495188932516	-0.960030913986106	-0.627727388570379	-1.19240076452286	-1.08317884773822	-0.535160604329016	-0.494286921755713	-0.290385516090591	0.016103728663576	-0.754119400997537	-0.885576775465987
SER227A	-1.38954538282983	-1.3488760433774	-1.49540966044839	-1.17298896104465	-0.836037224998405	-0.700722151546361	-0.960030913986106	-1.20672708031109	-1.19240076452286	-1.08317884773822	-0.535160604329016	-0.497963879836129	-0.290385516090591	-0.797134568847012	-0.754119400997537	-0.885576775465987
THR102A	-0.523223878719874	0.0580411378389585	-0.458546669336578	-0.516180173432676	-0.666241192875336	-0.413522478914207	-0.960030913986106	-0.627727388570379	-0.7901210911473	-0.727113547098478	-0.532185908155552	-0.488771484635089	-0.290385516090591	0.016103728663576	-0.575953179943148	-0.494994878863084
GLU285A	-0.523223878719874	-0.410931255899826	-0.458546669336578	-0.680382370335669	0.0640746952903662	-0.443288564925111	0.0293887014485543	-0.0487276968296641	-0.387841417771737	-0.371048246458739	-0.537143735111325	-0.497963879836129	-0.901405039531208	-0.797134568847012	-0.754119400997537	-0.494994878863084
GLY293A	-0.956384630774852	-0.410931255899826	-1.49540966044839	-1.00878676414166	-0.3102483755264	0.181852123340089	-0.465321106268776	-0.0487276968296641	-0.991260927835081	-0.905146197418348	-0.176213932731036	0.171242490799568	-0.290385516090591	0.016103728663576	-0.754119400997537	-0.885576775465987
LEU289A	-0.956384630774852	-0.879903649638611	-1.0345816643987	-0.680382370335669	0.0370616901798779	-0.26266197671698	-0.465321106268776	-0.627727388570379	-0.689551172803409	-0.371048246458739	-0.176213932731036	-0.497963879836129	-0.290385516090591	-0.797134568847012	-0.754119400997537	-0.885576775465987
GLY199A	-0.956384630774852	-0.410931255899826	-0.919374665386272	-0.680382370335669	-0.661417441962749	-0.405455072379596	-0.465321106268776	-0.0487276968296641	-0.588981254459518	-0.549080896778608	-0.537143735111325	-0.497963879836129	-0.901405039531208	-0.797134568847012	-0.754119400997537	-0.494994878863084
MET243A	-1.38954538282983	-1.3488760433774	-1.38020266143597	-1.17298896104465	-0.83796672536344	-0.700722151546361	-1.45474072170344	-1.20672708031109	-1.19240076452286	-0.905146197418348	-0.537143735111325	-0.497963879836129	-0.901405039531208	-0.797134568847012	-0.754119400997537	-0.494994878863084
LYS292A	-1.38954538282983	-1.3488760433774	-1.49540966044839	-1.17298896104465	-0.661417441962749	-0.700722151546361	-0.960030913986106	-1.20672708031109	-1.09183084617897	-1.08317884773822	-0.537143735111325	-0.497963879836129	-0.901405039531208	-0.797134568847012	-0.754119400997537	-0.494994878863084
THR170A	-0.523223878719874	-0.410931255899826	-0.343339670324154	-0.023573582723697	-0.661417441962749	-0.596168995584534	-0.465321106268776	-0.627727388570379	-0.287271499427846	-0.549080896778608	-0.355687268530026	-0.378830931100529	0.320634007350027	0.016103728663576	-0.0414545167799815	-0.104412982260182
GLN165A	-0.956384630774852	-0.410931255899826	-1.26499566242354	-0.844584567238662	-0.661417441962749	-0.613685518013356	-0.465321106268776	-0.0487276968296641	-0.7901210911473	-0.549080896778608	-0.537143735111325	-0.497963879836129	-0.901405039531208	-0.797134568847012	-0.754119400997537	-0.494994878863084
ASN247A	-1.38954538282983	-1.3488760433774	-1.0345816643987	-1.17298896104465	-0.83796672536344	-0.700722151546361	-1.45474072170344	-1.20672708031109	-1.19240076452286	-0.905146197418348	-0.537143735111325	-0.497963879836129	-0.901405039531208	-0.797134568847012	-0.754119400997537	-0.494994878863084
SER95A	-0.956384630774852	-0.410931255899826	-0.919374665386272	-0.351977976529683	-0.83796672536344	-0.700722151546361	-1.45474072170344	-1.20672708031109	-1.19240076452286	-0.905146197418348	-0.355687268530026	-0.161522215478072	0.320634007350027	0.829342026174164	-0.21962073783437	-0.104412982260182
PHE212A	-0.523223878719874	-1.3488760433774	-0.688960667361425	-1.17298896104465	-0.661417441962749	-0.700722151546361	-0.465321106268776	-1.20672708031109	-0.7901210911473	-1.08317884773822	-0.537143735111325	-0.497963879836129	-0.901405039531208	-0.797134568847012	-0.754119400997537	-0.494994878863084
VAL225A	-1.38954538282983	-0.879903649638611	-1.49540966044839	-1.00878676414166	-0.83796672536344	-0.700722151546361	-1.45474072170344	-1.20672708031109	-1.19240076452286	-0.905146197418348	-0.537143735111325	-0.497963879836129	-0.901405039531208	-0.797134568847012	-0.754119400997537	-0.494994878863084
SER241A	-0.956384630774852	-0.410931255899826	-0.688960667361425	-0.516180173432676	-0.83796672536344	-0.700722151546361	-1.45474072170344	-1.20672708031109	-1.19240076452286	-0.905146197418348	-0.404273972696603	-0.251607688448262	-0.290385516090591	0.016103728663576	-0.21962073783437	-0.885576775465987
ARG209A	-1.38954538282983	-1.3488760433774	-1.38020266143597	-1.17298896104465	-0.83796672536344	-0.700722151546361	-1.45474072170344	-1.20672708031109	-1.19240076452286	-0.905146197418348	-0.537143735111325	-0.497963879836129	-0.901405039531208	-0.797134568847012	-0.754119400997537	-0.494994878863084
SER94A	-1.82270613488481	-1.3488760433774	-1.61061665946081	-1.17298896104465	-0.83796672536344	-0.700722151546361	-1.45474072170344	-1.20672708031109	-1.19240076452286	-0.905146197418348	-0.537143735111325	-0.497963879836129	-0.901405039531208	-0.797134568847012	-0.754119400997537	-0.494994878863084
ARG181A	-1.82270613488481	-1.3488760433774	-1.61061665946081	-1.17298896104465	-0.83796672536344	-0.700722151546361	-1.45474072170344	-1.20672708031109	-1.19240076452286	-0.905146197418348	-0.537143735111325	-0.497963879836129	-0.901405039531208	-0.797134568847012	-0.754119400997537	-0.494994878863084
LEU201A	-1.82270613488481	-1.3488760433774	-1.61061665946081	-1.17298896104465	-0.83796672536344	-0.700722151546361	-1.45474072170344	-1.20672708031109	-1.19240076452286	-0.905146197418348	-0.537143735111325	-0.497963879836129	-0.901405039531208	-0.797134568847012	-0.754119400997537	-0.494994878863084
GLU224A	-1.82270613488481	-1.3488760433774	-1.61061665946081	-1.17298896104465	-0.83796672536344	-0.700722151546361	-1.45474072170344	-1.20672708031109	-1.19240076452286	-0.905146197418348	-0.537143735111325	-0.497963879836129	-0.901405039531208	-0.797134568847012	-0.754119400997537	-0.494994878863084
ARG248A	-1.82270613488481	-1.3488760433774	-1.61061665946081	-1.17298896104465	-0.83796672536344	-0.700722151546361	-1.45474072170344	-1.20672708031109	-1.19240076452286	-0.905146197418348	-0.537143735111325	-0.497963879836129	-0.901405039531208	-0.797134568847012	-0.754119400997537	-0.494994878863084
LYS291A	-1.82270613488481	-1.3488760433774	-1.61061665946081	-1.17298896104465	-0.83796672536344	-0.700722151546361	-1.45474072170344	-1.20672708031109	-1.19240076452286	-0.905146197418348	-0.537143735111325	-0.497963879836129	-0.901405039531208	-0.797134568847012	-0.754119400997537	-0.494994878863084
DA6B	-1.82270613488481	-1.3488760433774	-1.61061665946081	-1.17298896104465	-0.83796672536344	-0.700722151546361	-1.45474072170344	-1.20672708031109	-1.19240076452286	-0.905146197418348	-0.537143735111325	-0.497963879836129	-0.901405039531208	-0.797134568847012	-0.754119400997537	-0.494994878863084
DT7B	-1.82270613488481	-1.3488760433774	-1.61061665946081	-1.17298896104465	-0.83796672536344	-0.700722151546361	-1.45474072170344	-1.20672708031109	-1.19240076452286	-0.905146197418348	-0.537143735111325	-0.497963879836129	-0.901405039531208	-0.797134568847012	-0.754119400997537	-0.494994878863084
DG8B	-1.82270613488481	-1.3488760433774	-1.61061665946081	-1.17298896104465	-0.83796672536344	-0.700722151546361	-1.45474072170344	-1.20672708031109	-1.19240076452286	-0.905146197418348	-0.537143735111325	-0.497963879836129	-0.901405039531208	-0.797134568847012	-0.754119400997537	-0.494994878863084
DC9B	-1.82270613488481	-1.3488760433774	-1.61061665946081	-1.17298896104465	-0.83796672536344	-0.700722151546361	-1.45474072170344	-1.20672708031109	-1.19240076452286	-0.905146197418348	-0.537143735111325	-0.497963879836129	-0.901405039531208	-0.797134568847012	-0.754119400997537	-0.494994878863084
DC10B	-1.82270613488481	-1.3488760433774	-1.61061665946081	-1.17298896104465	-0.83796672536344	-0.700722151546361	-1.45474072170344	-1.20672708031109	-1.19240076452286	-0.905146197418348	-0.537143735111325	-0.497963879836129	-0.901405039531208	-0.797134568847012	-0.754119400997537	-0.494994878863084
