Degree	Degree_sidechain	SecondOrderDegree	SecondOrderDegree_sidechain	NodeEdgeBetweennessSTRIDE	NodeEdgeBetweennessSTRIDE_sidechain	IntermodularDegreeSTRIDE	IntermodularDegreeSTRIDE_sidechain	SecondOrderIntermodularDegreeSTRIDE	SecondOrderIntermodularDegreeSTRIDE_sidechain	NodeEdgeBetweennessWALKTRAP	NodeEdgeBetweennessWALKTRAP_sidechain	IntermodularDegreeWALKTRAP	IntermodularDegreeWALKTRAP_sidechain	SecondOrderIntermodularDegreeWALKTRAP	SecondOrderIntermodularDegreeWALKTRAP_sidechain
ASN333A	5	4	18	10	126235	114374	5	4	18	7	1	1	1	1	1	1
TYR100A	8	3	21	5	182907	42126.4530264133	8	3	25	5	56371	12869.312926842	2	2	3	2
GLU377A	5	4	14	10	2353	512.161117956055	4	3	14	7	2139	691.862862855691	2	2	1	1
LEU373A	3	3	6	4	2431	2431	2	2	2	0	2139	1448.13713714431	2	2	1	1
CYS63H	9	6	22	11	5279	2074.77395975474	8	6	31	15	1	1	1	1	1	1
GLU41H	5	5	14	13	31731	22351.9604580169	5	5	18	14	1	1	1	1	1	1
ALA61F	7	6	25	18	9152	8075.78329692063	6	5	26	12	1	1	1	1	1	1
PHE45F	8	5	28	16	56371	30613.125118398	7	5	37	17	1	1	1	1	1	1
GLU372B	8	4	20	8	87340	19532.5454145175	6	4	21	12	1	1	1	1	1	1
HIS78H	5	5	13	9	44544	39706.7336454354	4	4	11	8	6388	1550.73364543536	2	2	1	1
TYR79H	7	4	16	7	42533	800.187757273122	4	2	9	2	24928	24928	2	2	5	2
TYR81H	7	4	24	10	169550	55298.3196418363	4	4	17	11	194477	55298.3196418363	6	3	17	8
PRO219D	3	3	7	7	1417	1417	2	2	1	0	1	1	1	1	1	1
VAL218D	8	8	24	22	6427	3954.92565508965	6	6	30	24	1	1	1	1	1	1
GLU271D	6	4	15	4	37105	7824.03574960848	5	4	11	5	1	1	1	1	1	1
LYS132D	4	3	12	4	25665	18322.901991024	3	3	7	5	1	1	1	1	1	1
ALA106A	8	7	31	22	33227	27248.0177760335	7	6	32	18	1	1	1	1	1	1
PRO108A	11	7	39	27	169493	52710.124470972	9	6	45	24	1	1	1	1	1	1
LEU136B	4	4	13	11	5597	2395.44245133484	4	4	15	14	1	1	1	1	1	1
PRO127B	7	6	21	13	11497	9107.0348756165	7	6	22	14	1	1	1	1	1	1
TRP146C	9	4	29	6	151970	107723.347917823	7	4	26	6	116312	107723.347917823	4	4	5	4
VAL147C	8	6	27	12	35922	21451.5	7	5	32	9	6981	6981	2	2	3	1
ALA276C	5	3	12	8	690	1	3	1	9	0	1417	511.4803363566	4	3	6	2
PRO278C	7	6	20	17	6451	5418.33219012036	6	5	19	8	5221	4445.33219012036	4	4	6	4
ASP315B	3	3	10	5	7067	2651.54257154073	3	3	6	5	1	1	1	1	1	1
PRO316B	6	4	13	5	4245	3416.92398993909	3	3	3	2	1	1	1	1	1	1
CYS229D	6	4	17	9	21365	9846.19827411913	6	4	19	7	11100	9846.19827411913	3	3	6	3
SER227D	4	3	6	4	7073	4243	4	3	9	3	1	1	1	1	1	1
ARG158C	7	4	23	7	6324	2803.54696322097	5	4	15	6	1	1	1	1	1	1
VAL217C	7	6	25	20	33428	24629.1560407718	5	4	22	11	1	1	1	1	1	1
LEU257C	7	6	28	16	23903	6153.36568610657	7	6	37	19	1	1	1	1	1	1
TYR220C	8	3	30	6	45092	1	7	2	39	4	9156	3099.31355458997	2	2	2	2
GLN336B	7	4	18	6	17373	6905.9042945879	5	3	15	5	5321	1	2	1	1	0
PRO335B	5	4	15	7	5490	2138.41197801522	4	3	12	6	4778	1426.41197801522	3	2	2	1
LEU21A	11	6	35	12	16525	4889.14792715474	9	6	44	16	1	1	1	1	1	1
LEU285A	8	5	34	15	6879	2453.46141837121	8	5	39	17	1	1	1	1	1	1
ALA53B	6	6	21	17	2611	973.707451615507	5	5	18	18	1954	837.660510337381	4	4	10	10
THR87H	6	4	19	13	1416	848.339489662619	3	3	10	10	639	459.839489662619	2	2	3	3
ASP259D	6	5	11	5	8257	2719	3	2	7	0	5539	1	2	1	2	0
SER261D	5	4	8	6	1	1	2	2	3	0	1	1	1	1	1	1
ASP31B	5	4	7	1	2145	1077.72778046797	2	2	4	1	1	1	1	1	1	1
LYS27B	2	1	4	1	1	1	1	1	1	1	1	1	1	1	1	1
ASN235C	5	5	13	8	2105	1873.06930676825	4	4	8	4	1	1	1	1	1	1
THR140C	6	4	17	9	1694	1004.43505827494	4	3	7	2	1	1	1	1	1	1
ASN127H	4	3	12	8	137216	48190.4378071545	3	3	10	9	70568	22376.9515780172	2	2	4	3
ILE128H	7	4	22	8	6404	6393	5	2	18	1	12	1	2	1	3	0
ASN324B	9	6	28	18	3671	2478.18204512964	7	5	29	14	1	1	2	2	3	2
GLY328B	7	7	18	14	4247	4051.27157339639	7	7	22	11	1531	1531	2	2	3	0
ASP207D	5	5	13	13	1475	268.174148564411	4	4	12	11	1543	276.383423794062	5	5	5	5
LEU206D	6	4	18	9	1949	338	5	3	14	3	383	374.790724770349	3	3	5	4
GLN87B	3	2	14	5	1417	11.8137145215629	3	2	11	3	1	1	1	1	1	1
PRO82B	8	6	17	13	8527	4262.68628547844	5	4	15	11	1	1	1	1	1	1
ILE109A	7	3	25	11	1775	232.086753037318	5	2	23	6	2	1	2	1	4	0
LEU291A	9	7	35	22	64036	41316.247465547	8	7	47	27	1	1	1	1	1	1
ARG156C	6	4	19	5	75017	33369.176260085	5	4	17	5	50486	25243.5	2	2	1	1
ARG355B	4	2	10	3	100299	25243.5	4	2	10	3	50486	25243.5	2	2	1	1
GLU112A	8	3	35	6	73269	8010.81323966353	7	3	29	5	1	1	2	1	3	0
GLY261A	7	6	29	20	36675	36675	5	4	29	13	1	1	1	1	1	1
GLU289B	5	3	16	8	1	1	2	2	5	4	1	1	1	1	1	1
GLY290B	10	10	27	27	4839	963.044508943845	5	5	21	15	1	1	1	1	1	1
PRO151D	7	5	17	7	10049	4378.44746690167	7	5	24	7	5151	1	3	1	8	0
THR150D	2	2	6	4	1417	521.552533098334	2	2	6	4	1	1	1	1	1	1
PRO249A	4	3	13	10	1014	507.5	2	2	4	3	4727	3484.0054890192	3	3	3	3
THR250A	3	3	5	3	7	7	2	2	2	0	1	1	1	1	1	1
GLU45A	8	5	26	10	34039	3213.04863905932	5	3	13	3	1	1	1	1	1	1
TRP63A	7	4	30	11	35116	28326.9708920844	6	4	24	9	1	1	1	1	1	1
GLY75A	5	5	19	15	1417	1061.67583833289	5	5	21	13	1	1	1	1	1	1
LEU76A	9	7	30	19	42803	21348.7780683627	9	7	32	10	1	1	1	1	1	1
ASN273B	9	6	21	7	3893	1626.45977628414	8	6	26	10	1	1	1	1	1	1
PRO272B	5	5	14	7	3565	2760.90989531045	5	5	18	11	1	1	1	1	1	1
ALA277B	9	8	32	20	12321	5276.92238176499	4	4	18	13	1	1	1	1	1	1
LYS274B	5	3	19	10	1417	9	4	3	15	8	1	1	1	1	1	1
ALA129D	7	6	22	17	7819	3919.96072681444	5	4	16	11	7818	3919.46072681444	4	3	7	4
PHE47H	5	4	14	10	11637	5439.04210063565	5	4	16	8	11637	5439.04210063565	5	4	12	6
GLU148H	5	3	14	4	1066	187.827414095435	4	3	12	4	17	5.01517136855665	2	2	3	3
ALA265A	7	6	25	17	21707	7946.1326650651	5	4	22	10	1	1	1	1	1	1
PRO126A	5	4	13	6	46819	26874	3	2	10	0	19946	1	2	1	4	0
TYR118A	5	1	14	1	61479	1	5	1	14	0	1	1	1	1	1	1
ARG124H	5	4	12	4	3299	2872.37666730957	5	4	13	5	3299	2872.37666730957	4	4	5	3
GLN150H	3	3	8	4	1417	660.608161321872	3	3	9	6	943	423.608161321872	2	2	3	3
ASP210B	6	4	15	4	4215	3561.6788590652	6	4	20	4	1	1	1	1	1	1
ILE213B	8	3	19	4	4203	654.321140934798	5	3	18	3	1	1	1	1	1	1
TYR205D	8	3	30	15	14613	4525	8	3	36	13	7496	4320	5	2	14	3
VAL216D	8	8	25	22	6184	5551	6	6	30	23	5658	5288	5	5	7	2
ARG175D	7	7	21	15	33271	19773.2818304206	7	7	30	19	1709	1345.45363183628	3	3	7	6
ASP184D	5	5	14	12	1549	422.411763671679	5	5	16	13	1481	402.336267707254	3	3	6	5
ASP288B	5	4	16	10	4250	1410.79048021998	4	4	15	10	1	1	1	1	1	1
SER307B	3	3	10	6	1417	736.872148944328	2	2	3	3	1	1	1	1	1	1
GLY112D	5	5	19	14	10349	10349	3	3	9	4	20853	20853	4	4	7	3
PHE113D	5	4	20	11	20209	20209	3	3	11	4	9749	1	2	1	3	0
ARG282C	9	7	27	17	39638	22350.050262964	7	6	26	16	7997	2496.12501773181	2	2	5	5
GLY279C	9	9	25	20	7428	7305.59977722705	4	4	11	8	1	1	1	1	1	1
GLN165C	3	2	5	2	1645	641.423942091824	3	2	4	2	1	1	1	1	1	1
PRO250C	4	3	12	7	4465	3524.57605790818	4	3	13	7	1	1	1	1	1	1
MET225B	9	4	25	9	6341	868.516582635474	6	4	23	12	1	1	1	1	1	1
ARG48H	7	4	26	10	17155	3853.47373297577	7	4	34	10	11672	1	3	1	8	0
CYS106H	8	6	24	14	28431	19332.2794792805	7	5	28	12	26591	19332.2794792805	5	5	7	6
VAL182B	6	6	19	13	1027	1027	3	3	11	5	1	1	1	1	1	1
VAL184B	9	5	30	12	35228	15124	8	4	23	6	1	1	1	1	1	1
GLU75H	5	4	15	8	128485	18350.6439417023	5	4	20	10	1	1	1	1	1	1
ILE104H	7	3	25	7	14543	3446.90635445203	7	3	38	7	7900	120.634899579888	5	2	10	3
GLN50B	6	3	19	3	1340	1340	3	2	6	0	1340	1340	2	2	1	0
VAL51B	9	8	25	15	5797	1870.33603613269	5	4	20	10	1	1	1	1	1	1
PRO230B	7	6	28	19	28299	8922.37322755567	6	5	25	17	3723	1239.75705443729	2	2	1	1
TRP233B	10	6	25	13	54873	34969.9035790937	9	6	29	15	26493	16854.500688488	3	3	5	3
ALA189B	6	6	22	18	23839	15251.1240292147	5	5	20	12	1	1	1	1	1	1
LEU362B	8	6	28	15	41294	22643.9176216183	6	6	20	14	1	1	1	1	1	1
ARG117H	7	7	18	17	166932	134843.989474609	6	6	24	13	1	1	1	1	1	1
MET137H	4	2	15	5	1417	769.085560276632	3	2	10	5	1	1	1	1	1	1
ARG158D	7	4	22	8	8572	1482.62304369573	5	4	15	7	7104	687.94604942217	4	2	5	1
VAL217D	7	6	24	19	5388	4458.3916290024	5	4	21	10	2434	1747.05395057783	2	2	3	1
GLU112B	7	1	33	1	36609	1	6	1	26	0	31917	1	4	1	7	0
TRP231B	9	7	30	11	125535	55951.9841001054	7	6	29	9	63657	31695.1843201342	3	3	4	2
ASP49F	6	4	18	7	44049	4985.06762039302	6	4	24	8	16540	471.150156708516	4	2	7	1
LYS11F	5	3	18	6	12295	5898.15837435508	5	3	17	6	1	1	1	1	1	1
LEU188D	6	3	17	9	1691	840.245001918314	4	3	10	8	1691	840.245001918314	5	3	8	3
PRO190D	7	5	18	12	6913	6913	2	2	7	2	1211	795.491807542263	2	2	4	4
PHE218B	9	5	31	7	62793	5148	9	5	36	6	1	1	1	1	1	1
THR223B	9	9	28	23	24656	23598	7	7	28	14	1	1	1	1	1	1
GLU5A	5	2	17	2	238291	23455.8613129891	4	2	18	2	1	1	1	1	1	1
PRO272A	8	7	22	14	238041	214145.55218938	8	7	33	18	1	1	1	1	1	1
ILE195C	7	5	27	15	81309	33929.1294211673	7	5	34	14	1	1	1	1	1	1
TYR236C	9	4	38	12	38383	1655.66373590864	9	4	47	10	1	1	1	1	1	1
LEU99F	6	5	11	7	11067	11067	6	5	14	5	1	1	1	1	1	1
LYS115F	5	4	15	10	1599	835.565288516873	5	4	20	11	1	1	1	1	1	1
HIS65A	10	6	30	16	90009	89089.7496910596	10	6	39	18	1	1	1	1	1	1
SER264A	8	5	32	18	19617	142.144765244356	5	3	27	10	1	1	1	1	1	1
PRO82A	9	6	20	12	9600	4287.97008963986	6	4	22	13	1	1	1	1	1	1
THR81A	5	3	17	5	1498	1	2	1	4	0	1	1	1	1	1	1
ALA72B	9	7	24	14	3108	3104	4	3	14	4	1	1	1	1	1	1
GLY70B	8	8	21	13	2818	2818	3	3	6	4	2806	2806	2	2	2	1
ASP237B	3	3	12	7	1417	823.897071409248	2	2	4	3	1	1	1	1	1	1
TYR243B	7	4	24	8	4171	1742.10292859075	5	4	21	9	2297	1149	2	2	4	2
GLN144D	8	3	23	6	26613	3786	5	2	12	3	21167	2140	4	2	8	2
THR231D	6	5	16	9	2126	2126	3	3	7	3	1276	1261	3	2	4	1
THR253C	8	8	32	20	17400	8516.23987223821	6	6	28	16	1	1	1	1	1	1
VAL272C	8	7	32	20	17773	15917.9666476181	4	3	18	8	3586	3586	2	2	3	0
ALA64B	5	5	18	11	988	381.090108658914	4	4	18	12	1	1	1	1	1	1
MET331B	9	5	23	15	18409	6133.11028684505	8	5	35	15	1182	1182	3	2	10	4
LYS101D	5	3	11	3	61258	42047.2739274281	4	3	7	3	39051	1	3	1	4	0
SER99D	5	4	14	7	19810	126.685798592372	3	2	5	2	19970	19970	2	2	2	0
MET331A	8	5	23	15	51650	4821.10502382635	7	5	31	14	1	1	2	1	3	0
PRO332A	5	5	11	8	49268	33334.1524743272	4	4	7	4	13481	9382.12748766191	3	3	2	2
ALA161C	7	7	23	19	58091	22639.3277629927	5	5	24	21	1	1	1	1	1	1
LEU362A	8	7	32	24	9216	5266.67358610539	6	6	25	19	1	1	1	1	1	1
VAL184A	11	8	38	23	89239	32588.4679772957	10	7	38	20	1	1	1	1	1	1
GLU46A	4	2	13	1	1	1	2	2	2	0	1	1	1	1	1	1
PRO49A	9	7	26	10	6464	5867	3	2	12	1	1	1	1	1	1	1
THR194B	5	5	20	14	8785	4084.67585072252	2	2	5	5	1	1	1	1	1	1
VAL358B	8	7	22	16	60998	44106.8986516578	6	6	13	11	1	1	1	1	1	1
SER271B	7	4	15	9	6872	2247.78369335681	6	4	22	13	1	1	1	1	1	1
CYS16F	6	5	18	12	1477	1305.55768935803	5	4	20	8	1	1	1	1	1	1
ILE26F	9	5	22	12	10063	2578.99447615417	9	5	35	13	1	1	1	1	1	1
PRO128C	6	5	19	9	70562	65085.7641282611	5	4	17	8	1	1	1	1	1	1
PRO151C	8	6	23	11	73907	43137.2692109111	8	6	34	12	1	1	2	2	3	1
ILE61A	7	5	30	15	8029	2015.46786418958	6	4	29	12	1	1	1	1	1	1
PHE68A	10	5	35	16	40888	20342.6591847693	8	5	37	12	1	1	1	1	1	1
ALA232A	6	5	17	14	3691	1362.64879846907	5	4	20	12	1	1	1	1	1	1
ASN228A	7	3	23	4	4251	361.898596809766	7	3	33	5	1	1	1	1	1	1
ARG345A	4	3	12	5	1417	104.969118182142	3	3	8	4	1	1	1	1	1	1
PRO155A	8	6	27	10	8481	4732.49177505893	7	5	20	10	1	1	1	1	1	1
ASP198B	3	1	7	1	1338	1	2	1	3	0	1	1	1	1	1	1
LEU199B	4	4	12	7	3327	2988.72092725183	4	4	11	8	1	1	1	1	1	1
GLY175A	4	4	2	2	7075	6859.20807584416	4	4	4	2	1417	1201.20807584416	2	2	1	1
TYR172A	2	2	3	3	1417	216.791924155843	2	2	3	3	1417	216.791924155843	2	2	1	1
ASN127F	5	2	11	5	1942	504.762564224039	4	2	12	5	1	1	1	1	1	1
GLY130F	5	5	16	12	55633	55633	5	5	17	9	32522	32522	3	3	4	1
LEU76B	9	6	29	13	199469	148009.156903919	9	6	38	8	98371	59915.1569039188	2	2	5	5
SER74B	7	1	23	1	1408	1	6	1	24	0	1	1	2	1	5	0
PRO13F	7	6	20	16	4906	4906	4	4	12	7	1	1	1	1	1	1
GLN100C	6	3	17	4	2403	666.729656366994	5	3	13	5	1	1	1	1	1	1
SER99C	5	4	17	7	5003	317.180319526904	3	2	7	2	1	1	1	1	1	1
THR37B	4	4	14	12	1	1	1	1	1	1	1	1	1	1	1	1
VAL38B	7	7	25	15	4047	3721.78088889473	5	5	18	9	1	1	1	1	1	1
MET337A	4	4	14	9	7275	2263.17723984815	2	2	3	3	7275	2263.17723984815	2	2	2	2
TRP341A	7	5	21	11	8253	6120.53910675893	6	5	23	10	1119	298	4	3	5	1
GLU132A	4	4	11	9	1641	1460.1164890543	4	4	11	8	1118	1118	2	2	4	3
LYS128A	4	1	7	1	7	1	3	1	4	0	1	1	1	1	1	1
LEU252D	5	5	13	10	24667	20405.866030999	4	4	10	6	1	1	1	1	1	1
ALA189A	7	6	29	21	16468	16445	6	5	33	18	1	1	1	1	1	1
GLY188A	7	7	22	15	6731	5893.27535451175	3	3	8	3	1	1	1	1	1	1
ARG213C	9	8	22	16	20135	3372.28788326148	9	8	26	14	1	1	1	1	1	1
THR211C	5	4	13	8	4243	3990.44338016051	3	2	11	7	1	1	1	1	1	1
LEU15H	6	6	17	11	135476	70285.2904322278	5	5	18	12	1	1	1	1	1	1
PHE2H	8	3	19	7	9367	2183.3486818379	7	3	21	6	1	1	1	1	1	1
ASN235A	4	2	10	2	1812	634.44997429357	3	2	3	1	1	1	1	1	1	1
GLU215A	6	3	17	3	1482	848.55002570643	2	2	2	1	1	1	1	1	1	1
SER239A	5	4	11	7	5771	3966.07704723561	3	3	6	5	1	1	1	1	1	1
VAL241A	6	5	10	6	7753	4122.31063891495	5	4	9	5	1	1	1	1	1	1
GLN14H	5	3	13	4	4292	1566.51330287327	4	3	9	3	3272	1204	3	2	3	1
THR102D	4	4	9	2	1133	714.486697126729	3	3	6	3	113	57	2	2	2	1
PHE48B	7	3	24	5	137147	16603.2814067205	4	2	18	3	1	1	1	1	1	1
PRO58B	7	5	22	13	314751	168973.733017687	7	5	26	13	1	1	1	1	1	1
ARG67B	4	3	12	4	5299	5287	4	3	7	2	2653	2653	2	2	1	0
SER338B	3	2	6	3	2653	1	2	1	3	0	2653	1	2	1	1	0
PRO92B	6	5	14	9	7073	7073	4	4	11	6	1	1	1	1	1	1
TYR91B	4	2	14	2	11109	514.5	4	2	10	2	1	1	1	1	1	1
THR253D	6	6	25	15	5470	2906.99375437827	4	4	17	8	1	1	1	1	1	1
TYR236D	8	4	32	11	24741	2378.06774779979	8	4	36	8	1	1	1	1	1	1
ILE23H	9	5	24	14	2919	568.549210934648	8	5	32	16	274	94.5295327467386	2	2	4	3
LEU289D	7	6	22	14	14859	5658.6437994321	7	6	28	17	7727	2092.6437994321	5	4	10	6
ARG196D	8	6	28	15	9273	5701.89174679503	7	6	27	15	6162	2457.86258338859	5	4	11	6
GLU329B	4	1	16	1	15201	1	4	1	18	0	15201	1	4	1	10	0
ASP165B	5	3	16	5	15385	2595.73540426062	4	3	9	3	1	1	1	1	1	1
GLY188B	6	6	18	14	8329	7480.14966968063	2	2	3	2	1	1	1	1	1	1
GLN123H	5	5	14	14	240307	174422.295558752	5	5	19	15	119914	119914	2	2	1	0
LYS121H	4	3	12	7	239561	96193.1386870109	4	3	14	7	119914	1	2	1	1	0
ALA351A	8	8	25	24	3026	772.213374908658	5	5	16	16	1	1	1	1	1	1
ASN350A	4	3	9	3	2328	971.218846312152	2	2	3	2	1	1	1	1	1	1
ARG110D	7	6	20	11	27564	12512.4561391445	6	6	21	15	30698	5706.84791296566	3	2	4	1
ASP148D	4	3	12	9	1417	370.264545543551	4	3	16	11	1	1	1	1	1	1
ALA138D	5	4	16	6	107	77.7949093382365	4	3	11	2	1	1	1	1	1	1
LYS139D	4	1	13	1	1425	1	3	1	7	0	1	1	1	1	1	1
ASP315A	3	3	10	5	11673	4786.10485887412	3	3	6	5	11673	4786.10485887412	3	3	3	3
PRO316A	6	4	14	6	7963	6530.73771774062	3	3	3	2	7963	6530.73771774062	3	3	3	2
LEU44A	9	8	32	15	118797	100378.593366173	8	8	34	20	1	1	1	1	1	1
TRP11A	9	5	31	13	122945	28773.8086654047	8	5	32	14	1	1	1	1	1	1
SER80H	3	2	10	4	1340	1	2	1	2	0	1340	1	2	1	1	0
TRP11B	8	6	25	15	298293	145339.153657318	8	6	29	16	1	1	1	1	1	1
ALA161D	7	7	24	18	5033	1902.87451360008	5	5	21	18	1	1	1	1	1	1
VAL173D	9	8	26	22	21839	20750.0402402756	7	6	28	19	7355	2330.45098215173	2	2	4	4
GLY154C	4	4	10	9	4233	4233	3	3	9	7	2828	2828	3	3	4	2
SER260C	4	2	8	1	1414	1	2	1	2	0	1	1	1	1	1	1
ARG213D	8	6	19	12	13353	1756.72537906199	8	6	21	12	9223	499.927213242097	3	2	5	4
THR170D	5	4	13	8	1417	379.670901333079	3	2	10	3	1	1	1	1	1	1
HIS233D	4	2	15	3	1399	317.30531121417	3	2	12	2	1	1	2	1	4	0
LEU305B	10	8	32	21	10277	6138.69346947726	9	8	43	24	1	1	1	1	1	1
TYR308B	9	4	25	4	6859	962.78778484369	7	3	29	2	1	1	1	1	1	1
ALA325B	8	7	29	19	6169	1737.92821867737	4	3	18	8	1	1	1	1	1	1
THR321B	8	6	27	16	2	2	5	4	21	12	1407	1407	2	2	4	2
GLY229B	6	5	20	12	102283	75341.2368460228	6	5	27	14	1	1	1	1	1	1
LEU114B	9	6	27	8	11693	11691	8	6	33	9	5720	5720	3	3	5	1
LEU375B	8	4	25	9	18681	9892	5	4	20	9	1	1	1	1	1	1
THR374B	7	6	24	17	43714	20895.4465727813	4	4	16	11	1	1	1	1	1	1
GLN50A	4	1	18	1	1	1	2	1	7	0	1	1	1	1	1	1
THR54A	9	7	24	13	7924	4794.30155695378	8	7	18	9	1819	536.69565257212	3	3	3	3
ASP359A	5	2	16	1	595	177.574602049155	2	2	3	1	1	1	1	1	1	1
LYS190A	6	2	20	1	2559	418.425397950845	4	2	11	1	1	1	1	1	1	1
ARG77H	3	2	7	2	1	1	1	1	1	1	1	1	1	1	1	1
TYR76H	5	2	11	3	199454	117027	4	2	13	2	1	1	1	1	1	1
SER146B	5	3	15	3	2793	6.5618516953054	4	2	14	3	1	1	1	1	1	1
LEU19H	5	4	17	8	1822	527.067802886424	4	3	16	5	1	1	1	1	1	1
ALA22B	8	6	26	10	1230	326.219111105269	2	2	4	4	1	1	1	1	1	1
LEU21B	12	6	37	13	79312	27865.4128740257	9	6	45	17	1	1	1	1	1	1
PHE270D	9	4	29	12	11483	753.925027314713	8	4	29	10	1	1	1	1	1	1
GLY69B	8	8	23	15	739	739	3	3	7	3	1	1	1	1	1	1
TRP132H	9	7	28	17	255871	194318.810559162	8	7	32	19	145848	116608.228780146	5	4	13	4
CYS30H	8	7	26	20	27199	15646.1667865748	8	7	46	30	1	1	1	1	1	1
CYS66H	6	5	22	15	1429	274.319836272362	6	5	35	19	1	1	1	1	1	1
ALA163A	6	6	24	19	1912	402.301038135201	3	3	10	7	1	1	1	1	1	1
GLY167A	8	8	24	17	3243	2392.41555958798	8	8	32	19	1	1	1	1	1	1
LEU122A	6	4	15	7	1824	891.267698191654	4	4	8	7	1	1	1	1	1	1
LEU123A	7	6	19	14	421	374	5	5	16	13	95	48	3	3	5	4
PRO160B	9	7	34	18	2552	2552	5	4	20	5	1738	1738	3	2	2	0
THR158B	8	6	28	11	6329	4594.74912344689	5	5	18	7	781	781	2	2	3	1
ASP15B	4	3	12	4	1	1	1	1	1	1	1	1	1	1	1	1
LYS16B	8	4	31	9	146467	69200.8156798658	5	4	22	8	74306	47261.8156798658	3	3	5	2
LYS278B	6	3	20	5	3685	1	4	2	12	0	1	1	1	1	1	1
TYR107B	8	3	28	5	6826	553.895345978586	7	3	28	3	1	1	1	1	1	1
GLY154D	4	4	10	9	4237	4237	3	3	9	7	1	1	1	1	1	1
THR155D	9	8	24	17	10017	5542.29224163462	9	8	32	18	6249	4752.93098623584	7	7	10	4
CYS103F	9	7	25	12	4103	2037.81360376278	9	7	50	18	1	1	1	1	1	1
CYS106F	8	6	25	15	9047	4409.32300541868	7	5	34	16	2699	1	3	1	6	0
THR145H	6	6	12	10	197315	197315	6	6	17	10	1	1	1	1	1	1
ALA265B	7	6	25	18	9722	6452.02256781067	5	4	25	13	1	1	1	1	1	1
GLY266B	8	8	28	20	114468	101351.659111664	6	6	31	20	1	1	1	1	1	1
GLU309B	5	3	16	5	2249	514.5	4	3	16	5	1	1	1	1	1	1
LEU378B	9	8	29	24	3327	1568.41146448273	7	6	40	25	1	1	1	1	1	1
HIS118H	8	8	28	22	125242	60496.938006643	7	7	40	25	1	1	1	1	1	1
GLU154B	4	2	12	4	1403	166.620090777564	3	2	8	3	1593	1	2	1	3	0
PRO155B	7	5	24	7	14785	7370.86767964342	6	4	16	7	1	1	1	1	1	1
ARG117F	8	8	20	18	2630	1902.29901715696	6	6	24	12	1	1	1	1	1	1
GLU114F	7	6	21	16	15996	5693.90531386436	6	6	26	16	1	1	1	1	1	1
ALA191B	8	6	20	8	5267	2917.22559966375	3	3	9	5	1	1	1	1	1	1
LYS190B	6	2	21	1	2323	729.659191627522	4	2	11	1	1	1	1	1	1	1
HIS24H	7	4	18	7	21932	7938.41669987554	5	4	18	8	8869	6957.82666782116	3	3	6	3
TYR43H	9	4	22	8	3357	1069.40996794561	6	4	23	8	1308	1	4	3	10	3
HIS115C	4	4	11	10	6363	3823.41096625815	4	4	13	11	3467	2996.84984329148	2	2	3	1
PRO109F	7	7	19	18	22040	21879.8099886411	6	6	28	19	21811	21811	3	3	6	2
LEU114A	8	6	28	8	32733	27381.2873661736	7	6	31	10	10185	10183	4	3	7	1
LEU248A	10	9	29	20	11178	8855.53995296013	8	8	31	21	4014	837.53446394094	3	3	4	3
ALA113B	6	5	28	17	1415	1340.06319141578	5	4	20	7	1	1	1	1	1	1
PHE113C	6	4	22	11	91622	85788	4	3	16	4	57446	57446	2	2	2	0
PHE270C	9	4	31	13	46077	6791.34245644585	8	4	34	12	1915	1	2	1	2	0
ALA370A	6	4	19	12	12961	3243.54039555799	5	4	17	11	5197	1	2	1	4	0
VAL182A	9	9	26	19	88383	51874.1492636261	7	7	28	18	1	1	1	1	1	1
ASP64H	5	3	16	3	19053	1606.52626702423	4	2	17	3	1	1	1	1	1	1
HIS65B	9	6	28	19	23793	19601.5307113065	9	6	38	22	1	1	2	2	7	4
ILE330B	5	5	21	18	1417	486.469288693482	5	5	29	19	1	1	2	2	7	4
ASP4H	3	3	7	5	1	1	1	1	1	1	1	1	1	1	1	1
PRO5H	5	5	12	7	557	557	2	2	4	1	1	1	1	1	1	1
GLY266D	8	8	23	20	12336	10641.9550424371	5	5	17	10	12027	12027	3	3	6	2
LEU265D	7	5	24	15	5865	5830.5	5	4	19	8	5608	5573.5	3	3	7	6
LEU264D	6	6	16	14	20	20	3	3	6	3	7570	3795	3	3	6	2
TYR103D	5	1	15	1	3919	1	4	1	12	0	3919	1	4	1	7	0
LEU8B	8	7	29	21	11237	9547.99022807282	7	7	28	19	1	1	1	1	1	1
VAL53H	8	8	22	20	4855	4007.88083884311	6	6	25	18	1	1	1	1	1	1
MET337B	4	4	15	10	1431	458.420687489179	2	2	3	3	1431	458.420687489179	2	2	2	2
PHE340B	9	4	32	9	23652	5772.10785621359	5	3	17	5	1	1	1	1	1	1
ARG202D	2	1	2	1	1417	1	2	1	1	0	1	1	1	1	1	1
GLY192A	9	8	29	19	4047	3101.86937685267	4	4	17	9	1	1	1	1	1	1
LEU196A	7	6	28	16	8208	4825.31312299867	5	5	18	13	1	1	1	1	1	1
ASN119A	4	3	13	6	2171	688.073252206252	4	3	12	6	1	1	1	1	1	1
ALA169B	7	5	23	7	2511	1777.15476305407	5	3	12	4	873	576.768980226985	2	2	3	1
PHE259B	5	3	20	7	1534	491.761090755797	4	3	12	5	1811	297.231019773015	4	2	11	1
VAL9B	6	6	19	13	11705	11698.3664211259	3	3	9	6	1	1	1	1	1	1
GLU329A	3	1	12	1	7857	1	3	1	12	0	3448	1	2	1	2	0
VAL260A	10	8	32	19	14837	11041.6872012679	8	6	37	13	8964	6417.68720126787	2	2	2	2
ASP25H	6	3	15	7	2591	1	4	1	13	0	1	1	1	1	1	1
THR21H	5	5	13	10	1585	1363.54193860596	5	5	14	6	1	1	1	1	1	1
GLU132B	5	4	11	9	1405	979.716996151811	4	4	9	7	1	1	1	1	1	1
THR129B	5	5	12	7	1474	1059.38541253691	3	3	6	5	1	1	1	1	1	1
ALA364B	6	5	15	11	1	1	1	1	1	1	10362	1	2	1	2	0
THR367B	5	4	12	8	44079	1419.30692871877	3	2	4	1	42883	42883	3	3	2	0
GLY144A	5	5	8	6	1	1	2	2	3	2	1	1	1	1	1	1
LYS143A	4	1	8	1	1406	1	2	1	3	0	1	1	1	1	1	1
ASP181B	4	4	11	7	1412	763.104395169654	3	3	6	1	1	1	1	1	1	1
TYR168B	8	2	20	3	22051	649.895604830346	6	2	18	2	1	1	1	1	1	1
PHE157B	6	2	26	3	5009	7	6	2	23	2	2749	7	4	2	6	0
ARG102F	9	7	33	20	26469	21142.9131967932	9	7	47	26	12310	12310	5	5	10	6
LEU379A	7	6	25	15	10152	5642.5747224502	6	5	31	20	5759	3515.0747224502	4	4	7	6
ARG156D	5	3	17	5	1891	925.754146332991	4	3	14	4	1	1	2	1	6	0
GLU204D	3	2	10	2	1417	364.908175242436	3	2	10	2	1	1	1	1	1	1
ARG202C	4	3	7	2	257077	91876.02694502	4	3	6	2	140051	91876.02694502	3	3	4	2
PRO219C	3	3	9	8	74317	42218.1312774714	2	2	3	2	74317	42218.1312774714	2	2	2	2
GLY221A	4	4	9	6	1417	1417	4	4	8	5	1410	1410	2	2	3	1
ILE61B	6	4	24	7	165597	75253.8027009585	6	4	26	7	1	1	1	1	1	1
GLY244C	6	5	13	12	2831	1093.20108920156	5	4	17	13	1	1	1	1	1	1
PRO177C	4	4	10	8	5953	4574.19792501321	3	3	11	8	1	1	1	1	1	1
PHE62A	7	4	29	11	27231	5167.25798940895	6	4	31	12	1	1	1	1	1	1
GLU282B	5	4	15	7	2483	534.104654021414	4	3	13	5	1	1	1	1	1	1
ASP186D	5	4	10	7	2306	2085.96989089725	3	3	6	5	13	13	2	2	4	2
GLY187D	4	3	9	4	548	274.254998081686	2	2	3	2	548	274.254998081686	2	2	4	2
CYS30F	8	7	26	19	13465	9419.93667163653	8	7	42	27	1	1	1	1	1	1
LEU37F	8	6	25	19	11577	10863	8	6	36	21	1	1	1	1	1	1
ARG249D	8	7	19	12	19501	11933.4316371919	8	7	24	15	1	1	1	1	1	1
HIS168D	4	2	10	6	4165	2171.26663121386	3	2	10	6	1	1	1	1	1	1
ASN206A	5	2	13	2	1	1	2	1	4	0	1280	568.616901669046	2	2	4	2
LEU152A	7	5	16	7	15715	10968.4505999504	5	4	13	5	18250	18250	2	2	2	1
CYS33F	6	6	12	10	4502	2486.70674872948	5	5	19	15	1	1	1	1	1	1
LYS34F	3	2	7	1	1162	1162	2	2	3	0	1	1	1	1	1	1
ILE133B	6	4	22	8	9750	4515.48618574503	5	4	22	10	1	1	1	1	1	1
PRO134B	7	6	20	11	4851	26	4	3	16	7	4851	26	3	2	6	3
GLY244A	5	5	15	9	30886	30886	3	3	10	2	1	1	1	1	1	1
THR226B	7	6	27	13	77834	67031.4025289226	5	4	24	8	1	1	1	1	1	1
LEU151H	6	3	15	4	167099	83423	6	3	23	2	1	1	1	1	1	1
SER140H	5	4	18	13	82007	1	4	3	20	9	1	1	1	1	1	1
ALA106B	7	7	24	21	76043	31093.065245259	6	6	25	17	1	1	1	1	1	1
ILE105B	6	4	25	14	99	7	5	3	22	7	1	1	1	1	1	1
ASP181A	4	4	13	9	5111	4059.03918817532	3	3	7	1	1	1	1	1	1	1
TYR168A	8	2	21	3	19465	1052.96081182468	7	2	27	2	1	1	1	1	1	1
GLY57A	6	6	19	13	1415	688.370727750275	5	5	23	16	1	1	1	1	1	1
ILE3A	8	6	22	13	150203	50010.7046569294	8	6	38	14	1	1	1	1	1	1
GLY144B	3	3	4	2	2535	2535	2	2	3	1	1	1	1	1	1	1
LYS143B	3	2	3	2	1	1	1	1	1	1	1	1	1	1	1	1
GLY301A	8	8	30	24	51559	32488.5618395315	7	7	34	26	2545	2545	4	4	10	4
LEU300A	8	6	27	18	7759	3732.95023082499	7	6	30	23	3776	1	3	1	7	0
ALA187B	4	2	13	4	544	544	2	2	5	3	1	1	1	1	1	1
CYS16H	5	5	17	13	1417	1214.36878150276	4	4	15	8	1	1	1	1	1	1
GLU139B	2	1	5	1	1417	1	2	1	5	0	1	1	1	1	1	1
LEU140B	6	6	10	10	4303	3656.79304733175	6	6	14	8	1	1	1	1	1	1
ALA325A	7	6	25	17	9253	2643.01202820924	4	3	15	8	9253	2643.01202820924	3	3	3	3
MET322A	6	2	23	1	2162	1	3	1	13	0	1	1	2	1	4	0
GLN192D	6	5	14	10	20	5.46446039448814	3	2	8	3	7	5.46446039448814	2	2	4	4
PRO191D	4	3	14	7	9499	1	2	1	6	0	1	1	1	1	1	1
ASP25F	6	3	16	7	1407	1	4	1	13	0	1	1	1	1	1	1
THR22F	6	5	16	11	567	309.575790044464	3	2	9	5	1	1	1	1	1	1
ARG8F	8	5	24	10	2576	2364.91143955565	7	4	27	7	2530	2364.91143955565	4	3	3	1
PHE2F	8	3	19	7	9071	672.390339713439	8	3	28	7	56	1	2	1	3	0
PRO128D	7	6	25	14	45821	38267.0904420014	6	5	23	12	23857	16303.0904420014	3	2	6	2
ALA343A	7	6	23	15	2122	934.338491617195	2	2	3	3	1	1	1	1	1	1
ALA365A	8	7	26	21	9709	4228.72249356625	4	4	13	10	1	1	1	1	1	1
GLN167C	4	4	3	3	118	118	2	2	2	1	1	1	1	1	1	1
HIS168C	3	3	9	8	4126	3296.63700018573	2	2	7	6	1	1	1	1	1	1
ASP281C	4	2	15	6	1417	25.5640296938322	3	2	7	4	1	1	1	1	1	1
CYS275C	7	7	18	15	2348	1221.40032320943	5	5	18	14	1765	668.935940948421	3	3	5	4
CYS238D	10	6	32	13	75515	27316.5318671737	9	5	48	18	3859	2604.43585348733	2	2	5	4
VAL274D	11	10	31	23	93890	91164.8994050871	9	8	40	21	1	1	1	1	1	1
PRO152C	5	4	14	10	5409	5167.9971035349	4	4	18	13	1	1	1	1	1	1
GLN3F	5	3	13	4	4283	1621.22174348868	5	3	13	4	3073	1621.22174348868	3	3	2	1
PRO5F	5	4	14	6	1211	1211	2	2	4	2	2788	2170.04477197476	2	2	2	2
TYR126D	6	2	21	4	38791	4475	5	2	18	3	1	1	1	1	1	1
ARG55F	6	5	17	13	677	405.951929057773	4	3	11	5	1	1	1	1	1	1
GLN366A	6	4	23	15	84669	57924.9362424728	5	4	20	13	1	1	1	1	1	1
ARG129H	6	5	17	10	24983	14077.0343542745	6	5	18	9	5321	5321	2	2	1	0
GLY130H	4	4	10	9	132619	106805.513770863	4	4	14	11	1	1	1	1	1	1
ARG146H	3	2	10	4	69947	35159	3	2	8	1	1	1	1	1	1	1
PRO222D	5	3	12	2	1	1	2	1	4	0	2851	2584.2393469648	3	3	4	1
TYR220D	7	3	28	4	3863	18	6	2	31	2	1341	267.760653035202	3	2	8	2
ASN273A	11	6	26	10	31808	16041.6049162584	9	6	38	14	1	1	1	1	1	1
LEU8A	8	7	31	23	13907	10407.8016931425	7	7	33	25	1	1	1	1	1	1
ALA320B	7	6	22	14	331	243.024313573709	3	3	9	7	331	243.024313573709	4	3	4	2
ARG317B	8	4	23	8	45115	11954.5327500322	5	4	18	10	42283	9538.99931151203	5	3	6	3
ILE255D	8	5	33	13	19987	6746.28802756078	6	3	25	4	924	1	3	1	6	0
PHE109D	7	4	33	15	8471	1307.57925725132	6	3	26	6	3680	1530.57925725132	4	4	8	5
PRO108B	10	6	36	22	39072	17491.2640580545	8	5	39	19	1	1	1	1	1	1
TRP95B	10	9	31	20	36641	16653.7076289311	8	8	31	19	1	1	1	1	1	1
ARG135H	11	5	29	10	187037	91903.6764374555	11	5	56	12	10973	8227.67643745547	4	4	7	3
ASP56B	7	3	18	8	240970	13264.2381263955	6	3	14	6	199814	409.391712284581	3	2	2	1
ARG8H	6	4	18	7	88946	21011.4086756943	5	3	16	3	1	1	1	1	1	1
GLN3H	6	3	16	3	1973	1417	5	2	10	0	1	1	1	1	1	1
GLY192B	8	8	25	20	27706	22199.0586013702	3	3	10	8	1	1	1	1	1	1
LEU161B	8	6	30	17	55661	34732.1092214695	6	6	22	14	25361	25361	2	2	2	0
ASN268D	4	2	14	3	1919	57	4	2	10	2	1316	57	3	2	3	1
ASN242A	3	1	7	1	1319	1	2	1	2	0	1	1	1	1	1	1
TYR234D	7	2	29	5	22940	71.089358195664	6	2	26	3	9965	1	2	1	4	0
VAL143D	7	7	25	15	7357	7181.5	5	5	21	12	1	1	1	1	1	1
ARG39F	6	6	19	15	7702	7702	5	5	19	10	1	1	1	1	1	1
HIS24F	7	4	14	3	19097	11278.9493292394	5	4	11	4	1	1	1	1	1	1
SER260D	4	2	8	4	1413	1	2	1	2	0	1	1	1	1	1	1
ARG129F	9	6	23	12	100177	62865.907615816	9	6	25	13	52461	15949.8694194912	4	2	7	4
HIS78F	7	6	16	10	42129	23107.676873377	5	5	16	10	42129	23107.676873377	5	5	8	4
CYS51H	6	4	20	12	149075	42606.2034639146	5	3	20	8	1	1	1	1	1	1
PHE45H	8	4	27	12	140385	94982.2531463224	7	4	35	12	1	1	1	1	1	1
CYS63F	8	6	21	11	3076	2542.20637630996	7	6	24	15	1	1	1	1	1	1
VAL62F	11	10	33	28	34437	27055.2699475382	9	8	50	34	1	1	1	1	1	1
TRP130B	8	4	25	7	52777	12158.513814255	7	4	26	9	26713	1	3	1	4	0
ILE251D	7	5	26	18	1875	300.5	6	5	26	16	1	1	1	1	1	1
LEU375A	6	3	18	5	16436	6456.57942453237	4	3	11	3	8689	6456.57942453237	3	3	4	3
SER74F	4	4	12	9	18019	4670.80820694364	3	3	5	4	18019	4670.80820694364	3	3	5	5
ALA52A	6	5	24	15	594	293.546093304371	3	2	12	6	1	1	1	1	1	1
MET160D	7	3	20	8	1381	52	5	3	17	7	1	1	1	1	1	1
ASN368A	5	1	16	1	1251	1	3	1	12	0	1251	1	2	1	4	0
THR287B	7	6	25	17	9821	7124.45549105615	6	5	18	6	1	1	1	1	1	1
ALA302A	7	6	27	15	53709	26008.4743706263	6	5	22	10	26984	13709.274100625	4	3	10	3
VAL111A	11	9	37	25	2079	1179.2788976823	9	7	34	18	591	448.038331533892	5	4	11	6
LEU83H	9	9	27	21	83484	35501.4455836281	7	7	28	26	46447	25512.5	5	5	12	7
THR54B	7	7	24	20	79341	46073.106644611	6	6	21	16	40555	20278	2	2	4	4
LEU289C	3	3	11	7	21459	8251.6448330849	3	3	9	8	1	1	1	1	1	1
ASN295B	4	3	17	5	288	94.2122151563096	3	3	8	4	1	1	1	1	1	1
LEU312B	5	4	17	11	3	2	3	3	11	10	1	1	1	1	1	1
LEU83F	6	6	20	11	44263	24341.4541272687	4	4	14	12	1	1	1	1	1	1
THR87F	8	5	26	17	48229	25498.8779834639	4	4	14	12	25114	16150.8321107326	3	3	4	4
ARG317A	8	4	22	7	30390	10606.0031331795	5	4	16	9	6539	3186.15742338526	2	2	2	2
THR246A	7	4	20	6	5103	4920.8645988719	6	4	17	5	1	1	1	1	1	1
VAL247A	5	4	13	9	3299	1466	4	3	8	1	1	1	1	1	1	1
THR374A	5	5	17	11	1597	1102.86472998073	4	4	15	9	1	1	1	1	1	1
CYS242D	7	5	20	9	1415	946.726347008959	5	4	25	13	5	3	2	2	5	4
GLY245D	8	8	21	17	13880	10667.6188649779	6	6	23	19	1	1	1	1	1	1
ARG249C	8	7	19	14	23643	14843.2927761131	8	7	24	16	1	1	1	1	1	1
TYR163C	5	4	20	15	25947	1594.19705772276	5	4	25	16	1	1	1	1	1	1
CYS176C	8	6	22	10	13693	5893.50000151463	8	6	31	13	1	1	1	1	1	1
TYR156A	6	1	28	1	4475	1	5	1	21	0	2017	1	3	1	6	0
ARG48F	8	5	26	12	28286	4282.06855757028	7	4	34	10	21977	931	4	2	8	0
LEU67F	7	6	27	23	8418	3416.71206751604	6	6	33	25	5524	1769	4	3	6	1
LEU285B	8	6	34	22	11571	5927.1925112957	8	6	41	25	1	1	1	1	1	1
ASN105H	5	3	15	6	122177	13964.5308732304	5	3	18	3	47274	400.530873230447	3	2	5	2
LYS68H	3	2	7	2	13565	1	2	1	4	0	1	1	1	1	1	1
PHE125H	10	2	36	7	104795	21651.6602223972	9	2	48	6	1	1	2	1	3	0
THR81B	5	3	14	5	1	1	2	1	3	0	1	1	1	1	1	1
ILE255C	9	5	37	17	19491	12305.9648521019	6	3	25	6	1	1	1	1	1	1
TYR234C	7	4	29	11	50007	2385.1739500995	5	3	20	6	1	1	1	1	1	1
LYS89B	3	1	13	1	1417	1	3	1	14	0	1	1	1	1	1	1
ALA361A	7	6	24	18	1454	707.115500114733	4	4	9	8	1	1	1	1	1	1
VAL358A	9	8	26	20	18202	12094.1504195293	6	6	16	14	1	1	1	1	1	1
ASN19B	5	1	16	1	1414	1	3	1	12	0	1	1	1	1	1	1
ASP297B	6	5	16	13	14375	5095.03497139071	6	5	19	11	2564	1	2	1	2	0
VAL31H	8	7	26	19	4175	3347.81830836165	7	6	29	17	1	1	1	1	1	1
LYS257A	4	1	14	1	1459	1	4	1	13	0	1429	1	3	1	5	0
ILE10A	6	4	26	10	4596	1951.89298504426	5	4	24	10	1	1	1	1	1	1
PHE280A	8	4	34	13	3980	947.85356829438	7	4	30	13	1	1	1	1	1	1
MET160C	7	3	23	10	1381	1256	5	3	22	9	1	1	1	1	1	1
SER215C	6	3	19	5	3707	1161.04875445686	5	3	16	4	1	1	1	1	1	1
ASP288A	4	4	15	9	6611	2306.73872254766	4	4	15	10	1	1	1	1	1	1
TYR308A	10	3	26	2	5820	1637.20367108272	7	3	31	2	51	1	2	1	5	0
ASN200D	5	2	16	7	2017	534.481436395533	4	2	15	5	1	1	1	1	1	1
LEU263B	7	6	29	15	2302	2100	5	5	21	11	1	1	1	1	1	1
SER264B	8	5	32	19	2967	43.2129840664321	5	3	25	9	1	1	1	1	1	1
ALA53A	7	6	26	17	30148	11422.6591197397	5	4	20	11	27616	10991.2650241213	3	3	4	4
GLN91F	4	4	10	7	28473	26182.9028651461	3	3	7	3	28473	26182.9028651461	3	3	3	2
LEU152B	7	5	19	9	7133	4480.58270925998	5	4	14	8	7700	7275.08270925998	4	3	9	3
PHE150B	6	2	21	4	5369	383.917290740022	6	2	22	3	4338	383.917290740022	4	2	5	2
ALA269B	8	7	22	18	24983	21077.1435947787	7	6	31	21	1	1	1	1	1	1
ARG131H	8	6	20	13	169153	12674.0553951273	8	6	28	12	1	1	1	1	1	1
ALA277A	9	8	33	21	12219	5927.11368502085	4	4	16	11	1	1	1	1	1	1
GLU131B	5	3	17	6	5054	4404.89759131128	4	3	12	4	4374	4358	3	2	4	0
PHE195B	9	5	24	11	5299	1712.27907274816	7	5	25	10	1419	1394	4	4	6	2
LYS201B	4	2	9	3	65980	33101	3	2	6	2	1	1	1	1	1	1
SER353B	5	3	11	4	81155	47677.6742853481	4	3	8	4	1	1	1	1	1	1
THR123D	3	3	10	9	38	38	2	2	5	4	1	1	1	1	1	1
VAL122D	7	6	17	15	4340	2851.16026888964	4	4	10	8	1	1	1	1	1	1
ASP208A	6	3	15	6	2611	1	3	1	8	0	3913	735.383098330954	5	3	7	4
ALA191A	7	5	20	9	1	1	2	2	6	2	1	1	1	1	1	1
LEU28H	4	3	16	10	1417	365	4	3	15	10	1	1	1	1	1	1
VAL42H	8	8	26	22	22126	9282.86160316564	6	6	28	21	1	1	1	1	1	1
LEU37H	8	8	24	23	49929	38506.3059970904	8	8	38	32	1	1	1	1	1	1
VAL294A	8	8	34	27	6010	4174.39437615794	6	6	33	25	1	1	1	1	1	1
ASP178A	3	3	6	4	1	1	1	1	1	1	1	1	1	1	1	1
LYS180A	4	2	7	2	7003	1	3	1	5	0	1	1	1	1	1	1
GLU45B	7	3	24	3	51109	3972.54474050977	5	3	15	3	1	1	1	1	1	1
LYS43B	2	1	6	1	1417	1	2	1	4	0	1	1	1	1	1	1
ALA304B	7	7	29	22	3077	2775.74047766464	6	6	30	21	1	1	1	1	1	1
THR94B	9	7	34	22	15471	8364.02581352527	5	5	23	16	1	1	1	1	1	1
VAL197B	6	6	17	14	65960	42323.1268915688	4	4	10	9	1	1	1	1	1	1
ILE162B	6	3	24	9	1509	45.5	4	2	12	2	1	1	1	1	1	1
TRP341B	8	6	25	12	21703	13013.512229579	6	5	22	9	7073	66	4	3	6	2
TYR156B	6	1	28	1	14741	1	5	1	22	0	7647	1	3	1	4	0
ILE52H	6	5	21	11	134331	56591.9140919754	6	5	23	12	1	1	1	1	1	1
LEU12H	8	6	22	14	2716	1700.90788958081	6	6	23	18	1	1	1	1	1	1
CYS103H	9	7	28	16	96785	73445.0155064752	9	7	46	17	60823	53626.4213284635	4	4	10	6
PHE150A	8	3	31	8	41981	1809.54940004964	8	3	30	7	21175	1	4	1	8	0
LEU88F	8	5	27	15	50825	34752.5279634696	6	5	27	16	1	1	1	1	1	1
TRP132F	8	6	20	8	43459	13439.0665429356	7	6	18	10	1	1	1	1	1	1
VAL197D	11	10	31	23	23079	15633.1062091493	10	9	41	25	16076	11757	5	4	10	3
VAL203D	9	9	25	20	5141	3627.48669936549	8	8	35	26	2568	2002.5	3	3	8	3
ILE26H	7	4	17	8	11017	795.394761382293	7	4	24	9	1	1	1	1	1	1
PHE259A	6	3	24	7	71812	23844.2167553466	5	3	17	5	36025	12009.2417420119	4	2	5	1
GLU279A	3	2	8	1	645	1	2	1	5	0	1	1	1	1	1	1
PHE28A	8	4	26	10	890	654	6	4	22	8	1	1	1	1	1	1
GLU285D	5	3	13	5	10531	1542.24625719938	4	3	11	5	1	1	1	1	1	1
ARG283D	5	4	12	5	3873	2877.40425132543	3	3	7	5	1	1	1	1	1	1
GLY279D	9	9	25	23	4384	3793.25595949972	4	4	10	8	1	1	1	1	1	1
GLY85H	9	9	23	16	6752	6752	5	5	20	11	1	1	1	1	1	1
LEU88H	9	6	28	19	57986	23095.3955894383	6	5	32	20	988	988	2	2	4	1
SER146A	5	3	14	4	1731	1	4	2	11	1	1731	1	2	1	2	0
THR223A	7	6	19	11	17103	16626.9647458928	6	6	17	7	6463	6463	3	3	4	1
ILE10B	6	4	25	10	9355	3411.71716562311	5	4	25	10	1	1	1	1	1	1
TYR32F	9	4	21	6	24216	9595.37203421708	8	4	33	5	1417	1417	2	2	1	0
ARG144H	8	6	18	8	131851	108305.431282123	7	6	30	11	10783	2320.32356254454	3	2	4	3
THR149H	5	5	19	10	1800	949.976883846888	4	4	20	12	853	427	2	2	3	3
SER127D	5	3	16	5	10927	5914.48296816106	5	3	18	5	1	1	1	1	1	1
LYS145B	4	2	7	1	6455	3921	4	2	8	0	1	1	1	1	1	1
ARG290C	4	4	9	5	3245	3221.72228524577	4	4	7	4	1	1	1	1	1	1
TYR43F	6	2	18	3	3051	1107.90583767569	4	2	12	3	1	1	1	1	1	1
LEU188C	8	5	22	15	34373	10311.5262554067	6	5	21	16	15877	8190.93891933685	3	3	3	3
PHE69H	4	4	9	6	1578	538.157114808289	3	3	8	6	1578	538.157114808289	3	3	3	3
GLU79B	5	2	11	1	1379	364.876788813441	3	2	6	1	1	1	1	1	1	1
LYS103B	3	2	6	1	1499	1015.12321118656	3	2	5	1	1	1	1	1	1	1
ALA207A	6	5	14	10	9517	5768.42097535075	4	3	10	5	1	1	2	2	4	2
ALA352A	6	6	18	17	4639	1256.15119822801	3	3	6	5	1	1	1	1	1	1
GLY187C	5	4	12	7	2510	914.095014039092	4	3	12	6	5	2.40396585485708	2	2	2	2
SER185C	6	4	14	9	1699	1699	6	4	22	7	1	1	1	1	1	1
VAL62H	11	10	33	27	19121	11778.9913386043	10	9	56	37	1	1	1	1	1	1
LEU148A	6	6	21	11	11659	10000.9855314139	5	5	20	11	11659	10000.9855314139	5	5	9	4
MET225A	8	5	22	11	29867	16953.9813721461	6	5	20	13	29541	16953.9813721461	5	5	10	8
ARG267D	5	4	14	9	19587	19461.3142014076	3	3	5	3	37400	22857	4	3	6	2
SER143H	2	2	7	6	1	1	1	1	1	1	1417	1417	2	2	2	1
LEU148B	7	6	24	11	14835	9777.94854174802	6	5	25	12	1	1	1	1	1	1
MET149B	8	3	23	7	25255	7329.28927046327	7	3	26	7	1	1	1	1	1	1
GLN107H	7	4	22	11	28645	10127.089087985	6	4	26	11	7584	2459.09282733687	3	2	8	5
SER71H	4	3	15	8	8095	3954.31573593489	3	2	9	3	1	1	1	1	1	1
GLY245C	9	9	24	20	3964	2577.61098263692	7	7	28	21	1	1	1	1	1	1
LYS108H	5	3	19	10	28665	13304.5668331326	3	2	11	5	12079	1	2	1	4	0
PRO41B	5	5	18	14	7241	7241	5	5	19	13	1	1	1	1	1	1
GLU221C	4	2	9	2	67734	5958.84177750852	3	2	7	2	131247	5958.84177750852	4	2	6	2
PRO222C	5	3	14	3	1	1	2	1	4	0	72669	69570.68644541	3	3	4	2
ALA347A	8	7	25	21	4125	2083.38449988527	4	4	11	11	1	1	1	1	1	1
THR346A	3	3	8	7	1	1	1	1	1	1	1	1	1	1	1	1
LEU300B	7	5	26	21	10755	3355.09766213829	6	5	27	23	1	1	1	1	1	1
ALA293B	7	5	23	14	1927	34.5	3	2	9	5	1	1	1	1	1	1
VAL294B	9	9	33	29	19197	17090.2596590895	6	6	31	25	1	1	1	1	1	1
ASN186B	6	4	13	10	11915	2786.16459352705	6	4	18	13	1	1	1	1	1	1
GLY167B	7	7	20	15	2893	1931.74776427071	7	7	22	14	1	1	1	1	1	1
TYR60F	4	1	7	1	3729	1	4	1	8	0	1	1	1	1	1	1
VAL42F	8	8	25	17	1494	1031.99236730266	6	6	30	19	1	1	1	1	1	1
ALA129C	7	5	20	12	6668	3667.13008025327	5	3	14	5	1	1	1	1	1	1
PHE47F	4	3	9	6	4659	941.930637363231	4	3	10	3	1	1	1	1	1	1
LEU44B	8	7	26	14	201891	148513.352808231	7	6	29	14	1	1	1	1	1	1
TRP63B	8	4	31	8	50308	23992.4552594902	7	4	27	7	1	1	1	1	1	1
LEU305A	10	8	34	21	103799	47309.8312087022	9	8	44	25	1	1	1	1	1	1
THR287A	7	6	26	17	33678	16067.6297299198	6	5	19	6	1	1	1	1	1	1
LEU199A	5	5	12	8	3581	2155.47746227922	5	5	12	8	1249	1169	3	3	4	3
PHE195A	8	3	21	7	1983	634.448388184476	6	3	24	6	1	1	1	1	1	1
LEU15F	7	7	20	12	26621	13542.8065371961	6	6	27	15	1	1	1	1	1	1
PRO59F	4	3	10	3	2052	10	3	2	12	2	1	1	1	1	1	1
PRO58A	7	5	25	12	170131	70824.3923108849	7	5	30	12	1	1	1	1	1	1
PRO142D	7	5	21	14	18260	5887.1171244198	4	3	10	7	1	1	1	1	1	1
GLY20A	9	8	27	20	3091	2233.15230121757	5	4	20	10	1	1	1	1	1	1
LEU38H	2	2	4	4	1417	520.444373958303	2	2	4	4	1	1	1	1	1	1
ALA363B	6	5	16	11	1	1	1	1	1	1	32522	1	2	1	2	0
ILE162C	6	2	22	4	7927	1059.38583591389	5	2	21	4	1	1	1	1	1	1
ILE254C	8	5	30	10	8305	7246.61416408611	5	5	14	7	1	1	1	1	1	1
THR102C	5	5	16	8	1276	1019	4	4	14	7	1	1	1	1	1	1
TYR103C	5	1	15	1	7896	1	4	1	12	0	1	1	1	1	1	1
GLN336A	6	4	21	9	140273	48066.8780103231	6	4	24	10	1	1	1	1	1	1
PRO335A	6	5	18	9	143710	70041.7503225448	5	4	16	7	74846	43502.687073158	4	3	3	1
PRO41A	6	5	19	13	4215	3699.5	6	5	20	13	1	1	1	1	1	1
ARG174D	4	3	16	9	1063	532	2	2	5	5	961	554.855524127599	2	2	4	4
VAL172D	7	7	18	15	5299	4800.0727867579	5	5	12	7	12197	8814.76628047858	5	5	5	3
LEU111D	10	8	30	21	16376	16237	6	6	23	14	12308	11329	4	3	8	4
GLU39A	5	3	19	8	2950	2941	3	2	12	4	1	1	1	1	1	1
TYR71B	9	2	29	3	53105	23173	6	2	26	2	1	1	1	1	1	1
GLU4B	3	2	11	1	1659	87.5016524150708	3	2	10	1	1	1	1	1	1	1
LYS7B	5	2	14	1	3405	823.498347584929	4	2	12	1	1	1	1	1	1	1
CYS238C	10	6	34	13	12367	4102.60335774812	9	5	51	17	1	1	1	1	1	1
MET237C	8	4	27	10	21101	3626.08950516065	7	4	32	12	1	1	1	1	1	1
CYS182D	4	4	9	8	2831	2810.92450403558	3	3	10	8	1	1	1	1	1	1
SER183D	2	2	3	3	1	1	1	1	1	1	1	1	1	1	1	1
GLY166B	5	5	16	10	2593	1137.09003572965	4	4	16	10	1	1	1	1	1	1
GLN36H	2	2	4	4	1417	1417	2	2	4	3	1	1	1	1	1	1
ILE27H	5	4	12	11	4247	2831	5	4	15	8	1	1	1	1	1	1
GLU377B	5	3	15	9	16501	2037.18315102607	5	3	15	7	5801	1	2	1	2	0
GLY380B	7	7	15	13	157175	120518.5	7	7	21	12	1	1	1	1	1	1
GLY134F	9	9	28	22	9561	6553.123745062	8	8	48	27	1	1	1	1	1	1
PHE125F	9	3	30	11	35105	6174.85556873762	8	3	43	11	1	1	1	1	1	1
HIS214D	6	6	17	16	3389	831.72680306826	6	6	17	15	124	90.631605114501	2	2	4	4
GLY105C	8	8	23	16	14560	13287.1563316724	7	7	22	12	1	1	2	2	4	1
HIS179D	8	5	20	10	7950	1407.70451518082	7	5	31	16	5188	1407.70451518082	6	5	8	6
ASP120F	2	2	2	2	1	1	1	1	1	1	1	1	1	1	1	1
GLN116F	3	3	4	4	1	1	1	1	1	1	1	1	1	1	1	1
ILE227B	5	3	25	9	22568	10109.1245125965	4	3	19	9	1	1	1	1	1	1
VAL53F	8	8	23	20	5634	4662.58928968052	6	6	25	17	1	1	1	1	1	1
ARG273C	6	3	21	7	2348	1870.45192440176	4	3	9	5	3670	1	4	1	4	0
SER240C	4	3	17	11	1421	1390	4	3	18	9	5	5	2	2	3	0
HIS115D	6	4	18	10	56663	39788.3865005573	5	4	17	11	27844	23880.6929715608	3	2	6	2
PRO109H	7	7	21	16	28053	14696.3064710035	6	6	28	18	4336	4336	4	4	8	3
GLY183B	6	6	21	15	18699	16710.5817328578	5	5	23	13	1	1	1	1	1	1
ASN295A	5	3	23	6	1417	179.796328917277	4	3	16	6	5	3	2	2	5	3
LEU193A	9	7	33	22	20492	8603.13005224341	6	6	22	18	1	1	1	1	1	1
TRP95A	11	8	34	18	163146	69853.4581183351	9	8	40	21	1	1	1	1	1	1
CYS124D	7	6	21	18	12524	9342.68146654839	6	5	19	13	1	1	1	1	1	1
GLY105D	8	8	22	17	5517	5140.2174325764	7	7	19	11	10549	10172.2174325764	4	4	6	1
TYR107D	4	2	16	3	7940	2065.83235169655	3	2	9	3	7940	2065.83235169655	2	2	2	2
LEU137D	7	6	25	10	3011	303.16843967421	6	5	30	11	92	46.5	2	2	5	4
ASN58F	3	1	5	1	780	1	2	1	4	0	1	1	1	1	1	1
GLY57F	5	5	10	4	6235	6030.77825651132	5	5	14	4	1657	1452.77825651132	2	2	2	2
HIS193D	8	7	20	14	5120	4690.63458797284	6	6	23	14	1346	1113.7297859266	2	2	4	4
VAL274C	11	10	32	24	31981	29893.5475985963	9	8	41	22	1118	666.583722694979	3	3	5	2
GLU29B	3	2	9	1	2	2	2	2	2	0	1	1	1	1	1	1
LYS35B	4	1	7	1	3	1	3	1	4	0	1	1	1	1	1	1
ALA320A	7	6	21	14	135	104.668753711785	3	3	9	7	1	1	1	1	1	1
VAL245A	8	8	22	17	32817	23016.4607281991	5	5	17	13	1	1	1	1	1	1
ALA352B	6	6	22	18	17806	5391.53513226188	3	3	6	5	13842	3958.48584498602	2	2	2	2
VAL348B	8	5	26	11	882	441.5	3	3	6	4	1	1	1	1	1	1
LYS257B	5	2	14	1	13183	5877	5	2	16	0	10152	5877	3	2	4	0
ALA163B	6	6	21	17	5804	4559.41587361473	3	3	10	7	4276	4276	2	2	2	1
ALA164B	8	8	24	21	3706	3706	5	5	13	7	1363	1363	3	3	3	1
CYS229C	6	4	18	10	85577	31496.6520821774	6	4	20	8	39589	31496.6520821774	3	3	4	3
GLN144C	8	4	24	8	112976	18960.3507800464	5	3	11	4	24267	1	2	1	2	0
PRO9H	6	6	17	10	136405	103286.523729983	6	6	19	12	1	1	1	1	1	1
TYR54H	5	3	17	7	33293	9719.49611354025	3	3	9	7	1	1	1	1	1	1
THR246B	7	4	22	7	4409	3740.46136679459	6	4	20	6	30	1	2	1	3	0
VAL247B	5	3	17	8	3226	1417	4	2	12	0	1	1	1	1	1	1
GLY57H	5	5	11	5	4293	4293	5	5	12	3	1	1	1	1	1	1
LEU130C	7	6	16	10	28187	13092.3250991898	6	6	17	12	1	1	1	1	1	1
SER127C	6	5	18	13	24621	11327.090063672	6	5	22	11	1	1	1	1	1	1
LYS292C	3	2	6	1	4247	1417	3	2	5	0	1	1	1	1	1	1
MET246D	9	5	25	13	1544	1508.15652284927	8	5	36	13	1	1	1	1	1	1
SER240D	4	3	17	11	4035	2696	4	3	18	9	1	1	1	1	1	1
HIS126H	8	5	23	5	4379	841.63103896746	6	4	18	5	2599	1	4	2	8	0
GLN254B	4	2	6	2	3837	1086.45435643531	3	2	5	2	1888	1	3	1	3	0
PRO255B	4	2	11	2	221	1	3	1	7	0	1277	1201	3	2	4	0
ASN268C	4	2	15	4	2411	258	4	2	11	3	18	1	2	1	1	0
GLN376B	6	4	17	8	1358	403.148410640507	4	2	18	4	1	1	1	1	1	1
LEU373B	3	2	7	2	1159	1159	2	2	2	1	1159	1159	2	2	2	1
ILE318A	5	3	15	10	2034	1512.03235811964	4	3	15	10	1	1	1	1	1	1
CYS135D	7	5	28	17	1773	126.705414163838	7	5	36	16	1	1	1	1	1	1
GLN136D	5	3	19	7	83661	8909.21899457138	5	3	23	5	1	1	1	1	1	1
ASP59B	5	5	17	11	4631	2001.17871498899	5	5	22	17	1	1	1	1	1	1
ASN263D	4	1	7	1	4023	1	4	1	5	0	1	1	1	1	1	1
ALA164A	7	7	20	17	5342	5342	4	4	10	3	1	1	1	1	1	1
LEU161A	8	6	27	14	7521	3666.19289282383	6	6	22	14	1	1	1	1	1	1
HIS40B	4	2	12	1	4971	1391	4	2	10	0	1	1	1	1	1	1
TYR18B	6	1	20	1	2077	1	5	1	16	0	1	1	1	1	1	1
TYR71A	8	3	31	7	17227	10995	5	2	22	2	1	1	1	1	1	1
GLU4A	3	2	13	2	1417	1	3	2	14	0	1	1	1	1	1	1
LYS7A	8	2	21	5	8891	1	7	1	25	0	1	1	1	1	1	1
LEU378A	7	6	28	21	6841	3333.53410569622	7	6	39	22	1	1	1	1	1	1
THR256C	7	6	23	18	11674	10820.2744065655	5	4	13	7	1	1	1	1	1	1
ALA363A	6	5	16	11	1	1	1	1	1	1	1	1	1	1	1	1
HIS193C	8	7	18	12	10655	10463.4204983859	6	6	21	12	1	1	1	1	1	1
TYR205C	8	4	29	16	39569	1098.23618114673	8	4	36	14	1	1	1	1	1	1
GLU222B	3	1	7	1	9249	1	3	1	8	0	1	1	1	1	1	1
GLY221B	6	6	17	11	14861	9910.75328951411	6	6	19	9	1	1	1	1	1	1
LEU96F	7	7	21	16	12245	8003.07616729505	7	7	29	19	1	1	1	1	1	1
ARG345B	5	3	16	6	8047	3596	4	3	11	4	3596	3596	2	2	3	2
GLN153B	6	5	16	10	7035	2409.3261625234	5	4	10	4	5048	422.326162523403	4	3	5	3
LEU194D	7	7	28	22	1747	1497.34347715073	7	7	35	23	1	1	1	1	1	1
LYS298A	5	2	15	4	4494	548.422353970086	4	2	16	4	3526	1	3	1	3	0
SER234A	5	4	13	9	1402	1247	4	4	12	9	1092	1092	3	3	3	0
GLN36F	2	2	5	4	1417	1417	2	2	4	3	1	1	1	1	1	1
ILE27F	6	4	15	10	2917	1501	5	4	16	8	1	1	1	1	1	1
ILE330A	3	3	13	9	1417	471.250308940399	3	3	14	9	1	1	1	1	1	1
LYS72H	4	1	13	1	32969	1	4	1	16	0	1	1	1	1	1	1
ASP281D	4	3	15	6	1417	496.942665927931	3	3	7	5	1	1	1	1	1	1
CYS275D	7	6	20	11	5626	4261.76461805168	5	4	20	9	1	1	1	1	1	1
THR118D	6	5	19	17	17135	5750.44000038503	6	5	18	15	1	1	1	1	1	1
LEU28F	7	5	26	13	7519	1706.44783448779	6	4	30	13	1	1	1	1	1	1
ALA83A	3	3	9	6	1293	251.376575431544	2	2	1	1	1	1	1	1	1	1
ALA84A	3	2	4	2	1293	1042.62342456846	2	2	1	1	1	1	1	1	1	1
ALA351B	8	8	27	25	4145	1780.23193547086	4	4	11	11	1	1	1	1	1	1
ASN350B	4	3	9	3	1764	882.5	2	2	2	1	1	1	1	1	1	1
CYS33H	6	6	12	10	4350	2129.4296232521	5	5	20	16	1	1	1	1	1	1
ALA304A	7	7	30	21	7365	4809.88000829949	6	6	30	20	1	1	1	1	1	1
THR94A	9	7	34	23	20146	8242.02816302775	5	5	24	17	1	1	1	1	1	1
CYS176D	7	6	21	10	28769	5858.98621793947	7	6	26	13	7106	2716.63677721911	4	4	8	6
GLY244D	4	4	9	8	2831	1077.85651955689	3	3	7	7	2333	866.975384534776	2	2	2	2
PRO177D	5	4	8	7	7487	5751.74746957796	3	3	8	7	7487	5751.74746957796	3	3	4	4
ILE80B	6	4	17	5	2690	1550.5	3	3	11	5	1	1	1	1	1	1
VAL31F	7	6	21	17	106	58.5	6	5	23	14	1	1	1	1	1	1
PRO126B	6	3	15	2	12380	7548	4	2	15	1	1	1	1	1	1	1
TYR118B	6	2	19	2	26813	1	6	2	21	2	1	1	1	1	1	1
TYR100B	6	3	13	3	8403	1299.59139048961	6	3	11	3	1973	547.588021984785	2	2	2	1
THR140D	6	4	17	7	9196	4539.48338907371	4	3	9	3	7798	3457.78870028788	2	2	2	2
ILE52F	6	4	23	13	20433	9304.73120377075	6	4	24	13	1	1	1	1	1	1
ILE334B	6	5	14	6	9305	5260.21004906592	6	5	14	6	1	1	1	1	1	1
PRO223D	5	5	10	8	7393	6731.14806363999	4	4	12	6	1	1	1	1	1	1
ARG102H	9	7	30	17	60797	25083.1512210051	9	7	42	21	37571	25083.1512210051	6	6	11	6
LEU379B	7	6	25	16	29061	19408.6755035802	6	5	32	20	1	1	2	2	5	5
ILE334A	6	5	16	8	7312	6084.416276715	5	5	15	9	1	1	1	1	1	1
TYR177A	3	2	8	4	11779	1837.69527248994	3	2	7	3	6207	1837.69527248994	2	2	2	2
VAL303A	11	8	33	22	72513	37613.5826722541	10	8	47	31	3201	1601	5	2	15	3
LEU145C	7	7	31	21	9254	4789.5	6	6	27	15	1	1	1	1	1	1
PHE109C	7	3	33	11	1859	498	6	2	27	2	1	1	1	1	1	1
PHE170B	5	3	19	7	3663	3605	4	3	13	4	1	1	1	1	1	1
PHE134C	7	5	23	11	3444	3444	5	4	18	12	1	1	3	1	7	0
PRO127A	7	6	17	13	41521	32219.8770799211	7	6	20	13	33263	28090.8770799211	5	4	8	6
ARG40F	3	2	7	5	1	1	1	1	1	1	1	1	1	1	1	1
GLU41F	6	5	15	12	4326	4326	5	5	17	11	1	1	1	1	1	1
SER71F	4	3	14	9	5318	2399.54741869478	3	2	9	4	3945	3756	3	2	5	2
ALA189C	7	6	19	15	37444	19563.8183424678	5	4	23	11	1	1	1	1	1	1
PRO190C	7	5	21	15	6188	6188	2	2	7	3	1	1	1	1	1	1
ILE12A	6	4	26	9	94583	47106	6	4	28	10	1	1	1	1	1	1
LYS16A	7	3	29	7	148345	66847.5085713083	5	3	26	7	72629	39339.3218109718	2	2	3	3
TYR92F	4	3	12	8	21511	15389	3	2	11	5	1	1	1	1	1	1
GLU79A	6	2	14	1	6258	1	4	2	10	0	1	1	1	1	1	1
LYS103A	4	1	11	1	1445	1	4	1	10	0	1	1	1	1	1	1
ILE349B	4	3	16	8	1411	1031.6738374766	3	3	8	6	1411	1031.6738374766	2	2	3	2
TYR284B	5	2	19	3	5673	1068.27221953203	5	2	15	1	1	1	1	1	1	1
VAL218C	8	8	24	20	69323	42976.8745706131	6	6	28	21	1	1	1	1	1	1
GLY117D	6	6	21	19	193175	91277.4738574612	5	5	21	19	96947	38700.9842231356	2	2	2	2
PRO112H	6	6	15	12	197261	158561.015776864	5	5	13	8	98204	59504.0157768644	3	3	3	2
ALA72A	10	7	27	17	5278	3237.63039396468	6	4	26	11	1	1	1	1	1	1
ASN125A	3	2	8	4	1	1	1	1	1	1	1	1	1	1	1	1
GLU279B	3	2	7	1	635	1	2	1	4	0	1	1	1	1	1	1
PHE28B	7	3	24	5	4904	789	5	3	17	3	1	1	1	1	1	1
ARG290D	5	5	12	8	8025	5617.76186030233	5	5	11	8	8025	5617.76186030233	5	5	9	7
ASP44H	3	3	5	5	1	1	2	2	4	4	1	1	2	2	4	4
ASN58H	3	1	5	1	28	1	2	1	4	0	1	1	1	1	1	1
PRO59H	4	3	9	3	2804	4	3	2	10	2	1	1	1	1	1	1
GLY20B	10	10	27	25	4694	3203.62972245462	5	5	19	17	1	1	1	1	1	1
ALA110A	5	5	23	21	1232	1232	3	3	15	12	1823	1375.96166846611	5	5	11	4
GLN73A	6	3	17	2	184490	106251.856235038	4	3	15	3	1	1	2	1	3	0
LYS35A	4	3	15	5	3121	3121	2	2	6	0	1	1	1	1	1	1
PHE212C	3	1	7	1	1417	1	2	1	3	0	1	1	1	1	1	1
VAL172C	6	6	19	16	11588	10468.8594250853	4	4	11	8	1	1	1	1	1	1
ILE232C	8	5	30	17	3037	1227.85003880804	5	4	24	15	1	1	1	1	1	1
VAL157C	10	8	33	21	45595	28585.149961192	8	6	35	16	1	1	1	1	1	1
CYS136F	9	6	24	10	4859	1576.85243440707	9	6	43	14	1	1	1	1	1	1
LEU104A	5	5	19	11	131883	83097.4264876424	5	5	22	15	1	1	1	1	1	1
HIS204B	5	5	8	7	12487	12487	5	5	8	3	11071	11071	4	4	4	1
ARG174C	5	3	20	7	737	369	3	2	10	3	1	1	1	1	1	1
HIS214C	5	4	12	7	2757	490.357342135157	5	4	12	5	1	1	1	1	1	1
ASP185B	3	2	9	1	1376	813.823633631188	2	2	2	1	1376	813.823633631188	2	2	2	1
GLN366B	4	2	9	1	3651	563.176366368812	3	2	4	1	1376	563.176366368812	3	2	2	1
ALA216B	6	5	13	5	1	1	1	1	1	1	1	1	1	1	1	1
GLU215B	5	3	14	3	13	7.99324012572219	2	2	2	1	1	1	1	1	1	1
THR22H	6	5	16	10	88	63.1945185089965	3	2	7	4	1	1	1	1	1	1
GLU18H	5	3	14	6	82539	12201.4452003326	4	3	14	7	1	1	1	1	1	1
GLY229A	6	6	20	14	34175	16786.2391098503	6	6	28	18	1	1	1	1	1	1
TRP231A	10	7	33	12	111908	39631.9614391718	8	6	34	11	72629	33290.6781890282	4	4	4	1
MET237D	7	3	24	7	10417	1484.17592725533	6	3	26	7	1	1	1	1	1	1
VAL245B	8	8	24	20	15846	15358.5805557537	5	5	18	14	14887	14673.9756864263	3	3	7	4
VAL24A	9	9	29	25	11592	7901.80838298034	6	6	23	13	1	1	1	1	1	1
ASN19A	5	1	15	1	271	1	3	1	13	0	1	1	1	1	1	1
ASP297A	6	5	16	11	6057	2085.07146699583	6	5	20	12	1092	1	2	1	2	0
GLY75B	6	6	22	17	1417	1417	6	6	29	17	1	1	1	1	1	1
THR32B	5	5	14	10	3138	2965.47692809649	3	3	7	5	1	1	1	1	1	1
ARG280D	5	2	14	2	198	87.3371778281972	2	2	3	2	1	1	1	1	1	1
ALA302B	6	6	26	21	3452	1971.02561873206	5	5	18	13	852	852	2	2	2	0
MET322B	6	2	23	1	852	1	3	1	12	0	852	1	3	1	4	0
SER82H	6	4	19	8	3580	703.36896103254	3	2	9	3	6918	1	4	2	12	2
GLY261B	7	7	28	22	16752	16752	5	5	28	15	29539	25417.3693420452	3	3	10	4
SER116D	6	3	19	7	1258	1	3	1	7	0	1258	1	3	2	4	1
PRO9F	6	6	19	12	32315	22932.2798019376	6	6	24	16	1	1	2	2	3	2
LEU12F	8	5	23	12	1200	630.283897678041	6	5	23	14	1	1	1	1	1	1
ALA360A	7	4	15	6	1912	291.451973751809	3	2	5	1	1	1	1	1	1	1
THR357A	3	2	11	3	1417	1126.54802624819	3	2	5	1	1	1	1	1	1	1
LEU50H	8	7	28	22	1651	834.752125200101	7	7	38	28	1	1	1	1	1	1
GLY6A	5	5	17	9	633	633	4	4	19	7	1	1	1	1	1	1
ILE34A	6	3	15	7	20671	2358.58219723126	6	3	16	8	1	1	1	1	1	1
ARG10H	3	3	10	8	40345	24205.7281331175	3	3	10	9	19593	13887.1520870343	2	2	2	1
GLN104D	7	5	19	7	79355	53678.4239539168	6	5	17	6	21807	1	3	1	4	0
TRP130A	6	4	20	7	14245	5625.36503542136	5	4	17	9	7258	3629.5	2	2	2	2
VAL9A	7	6	27	15	8948	6231	3	2	12	4	1	1	1	1	1	1
LEU281B	10	9	38	22	8708	6308.0142930365	8	7	41	20	1	1	1	1	1	1
PHE280B	9	4	36	12	2156	419.573259421583	8	4	36	13	1	1	1	1	1	1
ALA270B	5	5	17	13	796	796	3	3	7	3	1	1	1	1	1	1
GLY290A	10	10	28	26	22525	6445.61558744109	5	5	21	14	1	1	1	1	1	1
GLU222A	4	2	10	2	8065	342.632669027758	4	2	10	1	8065	342.632669027758	4	2	4	1
LYS220A	4	3	8	3	1931	1582.36733097224	3	2	6	1	1924	1582.36733097224	2	2	3	1
LEU263A	7	5	29	13	3849	3200.5	5	4	21	9	1	1	1	1	1	1
HIS179C	8	6	20	10	10675	1328.08019136149	7	5	31	16	1	1	1	1	1	1
GLU372A	4	4	11	10	20343	10155.0660756558	3	3	6	6	20343	10155.0660756558	4	4	8	8
THR194A	5	5	18	12	1146	484.34060306872	2	2	5	5	1	1	1	1	1	1
LEU264C	6	6	18	15	683	451.725593434522	3	3	7	3	1	1	2	2	4	1
ALA216A	5	4	11	4	1	1	1	1	1	1	1	1	1	1	1	1
GLU198C	5	3	15	6	1720	775.495634956809	4	3	8	5	1	1	1	1	1	1
GLU46B	4	2	13	1	22244	6229.65919620122	2	2	1	1	22244	6229.65919620122	2	2	1	1
PRO49B	8	7	27	10	61944	143	3	2	13	1	1	1	1	1	1	1
LEU116A	5	4	19	9	1537	658.635401128097	5	4	18	7	1014	507.5	2	2	2	2
VAL272D	8	7	31	19	4042	3618.81268231568	4	3	15	6	1	1	1	1	1	1
ILE318B	4	3	15	9	2667	1356.98066592825	3	3	13	10	2498	1249.5	2	2	2	2
SER215D	6	3	20	6	1457	655.323005726444	5	3	17	5	1	1	2	1	4	0
GLU131A	7	5	18	9	7313	3975.04769376023	6	4	19	6	1798	1	2	1	2	0
LYS252A	4	2	9	2	10055	5476	4	2	9	1	1	1	1	1	1	1
ALA97A	7	6	22	18	657	522.513251336264	4	3	18	9	1	1	1	1	1	1
VAL262A	9	7	32	20	118896	73710.9867486637	6	5	30	15	1	1	1	1	1	1
ARG131F	6	5	21	13	46603	12522.6597105502	5	4	23	14	5531	2205.20133484793	2	2	3	3
ALA319B	4	4	11	9	1	1	1	1	1	1	1	1	1	1	1	1
ASP44F	4	3	10	4	1099	24.2777147542323	2	2	3	3	1	1	1	1	1	1
MET1A	3	3	11	9	43771	37104.9303155238	3	3	12	8	1	1	1	1	1	1
CYS277C	6	3	13	2	2053	698.684035281232	4	3	8	2	1	1	2	1	3	0
ILE60B	8	5	32	17	25559	7918.74550327462	8	5	36	15	1	1	1	1	1	1
PRO258A	7	6	24	15	12949	3427.69455160794	7	6	25	15	6904	691	4	3	5	1
ALA78B	6	6	19	16	11719	9586.85640522135	5	5	16	11	1	1	1	1	1	1
LEU77B	9	6	29	16	10139	4775	8	6	40	16	1	1	1	1	1	1
ALA110B	6	5	27	20	1412	1390.39978309264	4	3	20	12	1	1	1	1	1	1
VAL303B	11	10	33	25	14730	10657.7993495427	10	9	43	30	1	1	1	1	1	1
LEU90B	7	5	25	16	14903	9682.25303297005	7	5	32	18	1	1	1	1	1	1
GLN100D	5	3	13	5	28995	10568.633969001	4	3	10	6	1	1	1	1	1	1
GLY354A	4	4	6	4	2367	2261.60401713646	4	4	7	4	1	1	1	1	1	1
SER353A	4	3	8	3	1425	1049.39598286354	3	3	5	3	1	1	1	1	1	1
ILE73F	3	2	3	1	1	1	1	1	1	1	1	1	1	1	1	1
PHE69F	2	1	2	1	1	1	1	1	1	1	1	1	1	1	1	1
LEU194C	9	9	34	26	4073	3374.41886012658	9	9	49	31	1	1	1	1	1	1
MET246C	9	5	28	15	1556	981.581139873417	8	5	38	15	1	1	1	1	1	1
LEU77A	10	7	33	20	12441	6564.56788765006	9	7	42	19	1	1	1	1	1	1
THR367A	4	4	9	6	14741	10054.2632566662	2	2	1	1	14741	10054.2632566662	2	2	1	1
THR256D	6	6	17	15	9976	6365.04495756291	4	4	10	9	4671	4671	2	2	3	1
CYS141C	8	7	27	17	6407	2304.09903378398	5	5	25	16	1	1	1	1	1	1
PRO142C	7	5	21	12	261	24.5	4	3	10	6	1	1	1	1	1	1
ASN263C	3	1	7	1	1417	1	3	1	4	0	1	1	1	1	1	1
GLY262C	5	5	7	4	1418	1192.4489734198	3	3	5	1	1	1	1	1	1	1
ALA147A	5	4	13	7	16667	5677.15668890598	4	3	11	5	9006	1	2	1	4	0
ASP137A	5	5	11	7	9843	2520.89705916544	4	4	9	5	1	1	1	1	1	1
VAL98A	9	9	35	28	11772	6583.83745872219	6	6	33	20	1	1	1	1	1	1
PHE48A	8	3	29	7	32806	1435.44644060594	5	2	25	3	1	1	1	1	1	1
HIS233C	4	3	14	9	618	1	2	1	3	0	1	1	1	1	1	1
PRO191C	4	3	14	7	2751	1	2	1	6	0	1	1	1	1	1	1
ASN131C	5	4	15	7	6393	4330.07898124917	5	4	16	7	3323	3323	3	3	2	0
SER269C	3	2	8	3	1591	183	3	2	8	2	1409	1	2	1	2	0
GLU271C	6	4	15	4	15534	4251.88954897335	5	4	11	5	7729	2347.14639138086	2	2	1	1
ALA207B	6	5	14	7	14256	10104.3952572865	4	3	9	5	14256	10104.3952572865	3	3	2	2
CYS277D	6	3	15	2	2027	233.662822171803	4	3	10	2	1	1	1	1	1	1
LYS120D	4	2	8	3	1417	648	3	2	5	2	1	1	1	1	1	1
ALA370B	6	5	13	7	46502	45436.7215170052	4	4	6	4	1	1	1	1	1	1
ALA371B	5	4	18	7	3089	1417	3	2	10	0	1	1	1	1	1	1
VAL262B	10	9	33	23	18568	10132.1875684934	7	6	32	18	1	1	1	1	1	1
TYR18A	6	1	20	1	3331	1	5	1	17	0	1	1	1	1	1	1
VAL38A	7	7	25	16	2292	2014.64428646805	5	5	18	9	1	1	1	1	1	1
VAL51A	8	7	22	12	7245	1951	4	3	18	8	1	1	1	1	1	1
THR226A	8	6	26	12	4015	2676	6	4	23	5	1340	1	2	1	4	0
PHE134D	7	5	25	12	18997	331	6	4	26	12	1	1	1	1	1	1
ALA22A	7	6	23	10	1075	278.355713531951	2	2	4	4	1	1	1	1	1	1
VAL197C	10	8	33	23	95860	51854.8669846256	8	6	35	16	1	1	1	1	1	1
ARG135F	8	3	24	7	5429	2285	8	3	45	5	1	1	1	1	1	1
ARG110C	7	6	25	16	71869	49915.5639671666	6	6	25	18	24749	8300.10813875498	2	2	1	1
ASP148C	4	3	14	9	1417	469.857043968189	4	3	18	11	1	1	1	1	1	1
GLU18F	5	4	13	7	30293	5062.24016331206	4	4	15	9	15732	1657.15618289756	2	2	1	1
ARG77F	4	3	8	4	14741	4687.73674333378	2	2	1	1	14741	4687.73674333378	2	2	1	1
ASP228C	5	2	15	2	226753	48982.0036653906	5	2	15	2	98272	1	2	1	3	0
LEU291B	8	7	31	23	7926	4789.2759986929	7	7	39	27	1	1	1	1	1	1
SER82F	6	4	12	4	4107	935.933571770558	3	2	6	1	1	1	1	1	1	1
TYR81F	5	2	13	5	922	133.939470961887	2	2	6	5	1	1	1	1	1	1
GLY6B	5	5	11	4	4098	3172.87707179341	4	4	10	5	1	1	1	1	1	1
ILE34B	5	3	12	5	9069	1904.0216435328	5	3	11	5	1	1	1	1	1	1
VAL344B	7	6	29	13	4762	2381.5	3	3	12	6	1	1	1	1	1	1
ALA319A	4	4	12	9	1	1	1	1	1	1	1	1	1	1	1	1
LYS94H	3	1	7	1	25196	1	2	1	4	0	1	1	1	1	1	1
PRO95H	5	4	7	4	27390	21655.798150121	4	3	5	3	1	1	1	1	1	1
LEU276A	8	7	27	14	16630	13296.9546710506	6	6	25	12	2234	2234	2	2	2	0
LYS122H	4	2	10	3	5125	1476	4	2	9	2	3650	1	3	1	2	0
GLY253A	3	3	4	3	1635	1298.9938117666	3	3	4	2	1	1	1	1	1	1
GLN153A	7	6	21	12	5278	3883.10274138165	6	5	18	8	2611	2611	2	2	4	2
GLN192C	6	5	13	10	147	30.3813171168178	3	2	7	3	1	1	1	1	1	1
TYR211A	7	3	24	8	48965	25945.6788824032	6	3	26	7	759	1	2	1	3	0
THR230D	6	5	13	10	1406	762.851936360014	5	4	10	3	116	116	3	3	4	1
ALA187A	4	2	15	4	881	881	2	2	6	3	1	1	1	1	1	1
ALA371A	7	7	18	12	9675	7952.62790004219	5	5	18	11	414	262.970014380686	3	3	5	5
GLY69A	7	7	23	17	11862	11862	3	3	11	5	1	1	1	1	1	1
PRO223C	5	5	11	9	55407	55026.9233470469	4	4	13	7	1	1	1	1	1	1
GLY244B	6	6	17	12	13766	13422.5606296869	4	4	12	5	1	1	1	1	1	1
GLN123F	4	4	12	11	4247	2283.58386430334	4	4	12	10	1	1	1	1	1	1
CYS141D	9	7	26	14	19213	8748.71371420072	6	5	27	12	1	1	1	1	1	1
HIS40A	4	2	13	1	2553	1076	4	2	11	0	1	1	1	1	1	1
LEU119H	5	3	14	11	6473	1968.54981940986	4	3	14	11	1	1	1	1	1	1
ASN125B	3	1	7	1	1	1	1	1	1	1	1	1	1	1	1	1
GLY117C	6	6	19	16	18390	8725.68420395492	5	5	19	16	16241	8084.24763893341	4	4	10	7
SER116C	5	2	16	3	1350	1	3	1	8	0	2247	1	4	1	8	0
GLN73B	5	2	14	2	2002	1249.99663149518	2	2	5	2	1	1	1	1	1	1
PHE251A	7	3	23	9	3211	1036.76477017817	7	3	22	5	1	1	1	1	1	1
ASP15A	4	3	12	3	1	1	1	1	1	1	1	1	1	1	1	1
GLY14A	6	6	15	7	354	354	3	3	7	1	1	1	1	1	1	1
ASN151B	6	4	21	5	5815	5815	4	3	15	3	6676	1612	4	3	7	1
TYR211B	7	3	24	8	16390	8446.32649303834	6	3	25	7	7	1	2	1	3	0
LEU265C	7	4	24	11	8337	6286.5	5	4	19	9	5642	2051.5	5	2	6	2
GLU7H	3	2	9	2	2007	130.726072571942	3	2	8	2	1	1	1	1	1	1
ALA119C	5	3	16	4	1414	1414	3	2	8	3	1	1	1	1	1	1
THR211D	5	4	15	8	5359	5359	3	2	11	5	5359	5359	2	2	2	1
ARG355A	3	1	5	1	1417	1	3	1	5	0	1	1	1	1	1	1
GLU381A	5	4	16	5	6604	2164.92247247924	4	3	15	6	5328	2164.92247247924	3	3	4	4
THR250B	4	4	8	5	1855	1855	4	4	7	2	688	688	2	2	2	0
ALA240A	3	3	8	7	1417	699.504047686971	3	3	6	5	1	1	1	1	1	1
THR133H	7	6	30	18	737	617.365100420112	5	5	23	12	737	617.365100420112	4	4	8	2
ASN219B	5	3	13	4	4914	1405	4	2	10	1	1	1	1	1	1	1
VAL241B	7	6	19	14	32101	26715.0440761649	6	5	21	13	1	1	1	1	1	1
GLU139A	2	2	5	4	1	1	1	1	1	1	1	1	1	1	1	1
LEU140A	6	5	8	3	4181	4181	4	3	3	0	1	1	1	1	1	1
GLN107F	8	5	22	11	36999	15261.8049515117	7	5	29	14	229	40.7239427018678	3	2	6	3
GLU89H	4	3	14	10	3173	2848.09243568781	3	3	10	9	1	1	1	1	1	1
VAL197A	6	6	19	16	11340	6151.69325326646	4	4	11	9	1	1	1	1	1	1
CYS124C	8	6	27	18	9235	4238.46906366372	7	5	23	15	3643	1	3	1	4	0
THR123C	4	4	12	11	1	1	2	2	6	4	1	1	2	2	2	0
LYS164D	4	2	11	3	1417	937.816002168179	4	2	11	3	1	1	1	1	1	1
GLY108D	9	8	26	16	21060	20626.0494479648	8	7	33	18	15359	15359	2	2	2	0
TYR32H	10	5	25	10	37989	12817.167724909	9	5	38	7	1	1	1	1	1	1
GLY70A	7	7	21	15	18476	18476	2	2	4	3	18476	18476	2	2	3	2
GLY55B	4	4	13	11	11437	11437	3	3	9	5	1	1	1	1	1	1
ILE3B	5	4	11	7	12899	4486.39777217623	5	4	15	11	1	1	1	1	1	1
LEU111C	10	8	32	22	7000	6797	6	6	24	15	1	1	1	1	1	1
VAL143C	7	7	26	18	16491	14261.7872877892	5	5	21	15	1	1	1	1	1	1
HIS118F	8	7	24	18	22489	14295.438344081	7	6	35	15	1	1	1	1	1	1
LEU19F	5	4	18	9	1209	294.469082975069	4	3	20	6	1	1	1	1	1	1
ILE179B	5	2	13	3	5278	1705.88565634618	3	2	9	2	1	1	1	1	1	1
THR125C	7	7	26	21	15291	8777.51640289364	5	5	18	16	15291	8777.51640289364	6	6	11	7
TYR126C	6	2	20	4	114891	1884	5	2	17	3	57446	1	3	1	6	0
ASN219A	4	3	11	4	2053	331	3	2	6	1	1	1	1	1	1	1
CYS51F	8	5	26	15	46711	14875.3516933154	7	4	30	11	1	1	1	1	1	1
ASP184C	6	6	16	11	11204	1987.41290177464	5	5	24	17	1	1	1	1	1	1
CYS182C	3	3	10	10	238	238	2	2	6	4	1	1	1	1	1	1
LYS306B	3	2	5	1	4247	1417	3	2	4	0	1	1	1	1	1	1
TYR342A	2	1	6	1	1	1	1	1	1	1	1	1	1	1	1	1
THR118C	6	4	18	11	23785	11511.2447550573	6	4	17	11	1	1	1	1	1	1
VAL216C	8	8	26	22	61864	55496.2642623745	6	6	31	23	1	1	1	1	1	1
ARG175C	7	6	22	16	14315	12134.7128870669	7	6	32	17	1	1	1	1	1	1
ASP186C	6	4	15	9	26034	24749.3733536269	5	3	21	7	1	1	1	1	1	1
PRO13H	7	6	21	18	9961	9961	4	4	12	9	2398	2398	3	3	5	3
THR17H	3	3	9	8	1	1	1	1	1	1	1	1	1	1	1	1
PRO258B	6	5	24	16	8349	4367.72842660361	6	5	26	17	1738	1	2	1	2	0
GLU221D	3	1	7	1	101	1	2	1	4	0	1611	1	3	1	4	0
LEU312A	8	6	24	15	5216	2102.96764188036	5	5	21	17	3268	1653	6	4	9	2
PRO299A	6	6	22	14	4684	2339.24761968781	5	5	22	16	3526	3526	2	2	2	0
GLY85F	9	9	20	15	2125	2105.93342875988	5	5	17	11	1	1	1	1	1	1
VAL24B	8	8	29	25	4159	3807.4090840715	6	6	24	14	1	1	1	1	1	1
LEU99H	5	4	13	7	51429	51429	5	4	12	6	102	102	2	2	4	1
PRO230A	7	5	28	18	89710	10862.2018866178	6	4	25	13	1	1	1	1	1	1
TYR70F	2	1	8	1	1417	1	2	1	7	0	1417	1	2	1	1	0
ARG267C	6	4	16	9	25649	14851.8196804731	4	3	9	3	1	1	1	1	1	1
TYR54F	6	4	20	9	6508	3454.36455316946	4	4	16	11	2475	166.088560444353	2	2	3	2
ARG10F	4	4	17	13	48357	25686.8538160409	4	4	17	14	24749	16449.891861245	2	2	1	1
VAL111B	11	9	38	25	2324	1318.27351907322	9	7	34	19	392	196.5	4	4	12	4
THR158A	8	6	36	19	17969	14893.0464135408	5	5	22	11	1	1	1	1	1	1
ASN368B	3	2	5	3	3257	1838.69307128123	2	2	2	1	1	1	1	1	1	1
ASN268B	5	3	17	7	6053	3258	5	3	17	5	1	1	1	1	1	1
ASN247C	4	4	14	13	1313	447.534629448718	3	3	11	9	1	1	1	1	1	1
ASN105F	4	3	11	6	1633	641.881705501354	4	3	14	4	1	1	1	1	1	1
ILE60A	7	4	27	13	10087	3064.21635530802	7	4	26	10	1	1	1	1	1	1
ARG99B	6	3	14	5	6347	1578.7252271869	6	3	14	4	1	1	1	1	1	1
ASP96B	5	4	14	8	126	22.7504137030825	2	2	5	2	1	1	1	1	1	1
SER115A	5	4	19	9	1417	216.218971218652	5	4	18	8	1	1	1	1	1	1
THR321A	7	5	26	12	1	1	4	3	16	8	1	1	1	1	1	1
THR155C	9	8	25	17	20867	15833.6343138934	9	8	35	21	9743	4873.5	4	3	7	1
LYS47A	4	2	15	5	1	1	2	2	5	4	1	1	1	1	1	1
LEU276B	5	3	19	5	3425	2447.1012846738	4	3	13	5	1	1	1	1	1	1
LYS145A	3	1	7	1	2776	1	2	1	3	0	1	1	1	1	1	1
GLU75F	3	3	5	2	2831	2831	2	2	5	1	1	1	1	1	1	1
ILE104F	6	2	17	3	7109	28	6	2	27	1	1	1	1	1	1	1
TYR284A	5	2	20	3	6819	2053.02217167772	5	2	15	1	1	1	1	1	1	1
PRO278D	9	7	26	19	99515	37999.7810054286	8	6	29	11	1	1	1	1	1	1
GLN254A	3	3	3	2	833	337.006188233398	2	2	2	2	1	1	1	1	1	1
PRO255A	3	2	7	2	3445	1	2	1	3	0	1	1	1	1	1	1
SER121D	2	2	6	6	1	1	1	1	1	1	1	1	1	1	1	1
ARG383A	4	2	9	3	6838	1	3	1	8	0	6336	1	2	1	2	0
LYS203B	3	3	6	5	1	1	1	1	1	1	1	1	1	1	1	1
THR209B	7	7	19	10	11829	5587.91521754812	6	6	25	13	1	1	1	1	1	1
THR209A	8	6	22	12	1633	358.39634693888	6	5	25	13	690	358.39634693888	5	4	8	3
GLY266C	8	8	24	19	15981	15981	5	5	18	9	1541	1541	2	2	4	1
LYS115H	4	3	12	9	1417	487.488483134103	4	3	16	10	1	1	1	1	1	1
TYR92H	6	3	21	7	102	1	4	3	16	6	1417	1	5	2	11	3
LYS132C	4	3	12	4	13040	9351.96986832748	3	3	7	5	7729	5382.85360861914	2	2	1	1
ARG273D	6	3	21	6	1837	1261.29271602039	4	3	9	5	1	1	1	1	1	1
ASP49H	6	4	20	8	56405	12485.0578001459	6	4	25	9	51700	11518.2165864377	5	3	12	2
SER239B	6	5	11	9	4519	2918.33920395926	4	4	10	7	1	1	1	1	1	1
LYS298B	5	1	14	1	19753	1	4	1	15	0	18697	1	3	1	3	0
PRO299B	5	5	18	11	17817	8611.9388003534	4	4	16	12	18697	18697	2	2	2	0
LYS94F	3	1	6	1	2486	1	2	1	5	0	1	1	1	1	1	1
ASN210C	2	1	2	1	1	1	1	1	1	1	1	1	1	1	1	1
ASP208C	3	3	4	3	1	1	1	1	1	1	1	1	1	1	1	1
HIS126F	6	3	21	5	7003	1862.06642822944	5	2	15	1	1	1	1	1	1	1
THR133F	6	5	21	12	4207	4207	3	3	6	2	1	1	1	1	1	1
GLU39B	6	3	19	9	5495	5462.6335788741	4	3	13	7	1	1	1	1	1	1
ILE128F	4	3	9	4	2536	828	3	2	3	0	1	1	1	1	1	1
PHE93A	4	3	18	13	951	312.221102317698	2	2	8	6	1	1	1	1	1	1
GLY17B	9	9	29	22	52502	50212.9591426838	8	8	31	18	1	1	1	1	1	1
ARG141H	2	1	5	1	1417	1	2	1	5	0	1	1	1	1	1	1
ASN186A	8	4	18	7	11577	5773.48713791932	7	4	26	8	1	1	1	1	1	1
THR125D	8	8	29	25	168038	114345.499919301	6	6	26	21	1	1	1	1	1	1
CYS66F	6	5	21	14	1417	370.150203324032	6	5	32	18	1	1	1	1	1	1
SER111H	4	2	10	5	201721	69766.6557766543	4	2	10	5	1	1	1	1	1	1
SER106C	3	1	10	1	1417	1	3	1	9	0	1	1	1	1	1	1
ASN235B	3	2	7	2	1417	6.00675987427781	3	2	4	1	1	1	1	1	1	1
ASP56A	6	1	20	1	1711	1	5	1	25	0	1	1	1	1	1	1
ALA61H	7	6	23	16	2888	2755.9446236283	6	5	31	20	1	1	1	1	1	1
GLY354B	4	4	7	4	4115	4017.32571465193	4	4	8	4	1	1	1	1	1	1
ALA78A	5	5	16	12	1885	1885	4	4	10	5	1	1	1	1	1	1
ILE117A	7	3	24	8	22571	11546	7	3	27	7	1	1	1	1	1	1
LYS291C	2	1	2	1	1417	1	2	1	2	0	1	1	1	1	1	1
LEU248B	9	8	29	20	11174	6750.06337550214	7	7	28	20	1	1	2	2	2	1
PRO249B	5	3	15	10	1871	424.5	4	2	10	4	1	1	1	1	1	1
GLN35H	2	2	5	5	1417	459.309794145971	2	2	4	4	1	1	1	1	1	1
CYS135C	8	6	32	21	1565	482.104898912843	7	5	35	16	285	1	3	2	5	0
ASP64F	5	3	18	4	8229	2410.47622078711	4	2	16	3	1677	502.660654760095	2	2	1	1
LYS68F	3	2	6	2	323	1	2	1	3	0	1677	1175.33934523991	2	2	1	1
TRP146D	8	4	23	7	11494	3660.87950619364	6	4	22	8	5912	2606.80172588087	4	3	6	2
VAL147D	6	4	20	6	35	18	5	3	20	3	1	1	1	1	1	1
LEU201C	6	6	15	9	31955	24803.5	6	6	17	10	14304	7152.5	2	2	2	2
ALA339A	5	4	20	9	775	775	2	2	8	5	1	1	1	1	1	1
GLY134H	8	8	30	25	13591	8928.28343550838	7	7	46	26	6421	6421	2	2	4	1
ASN239C	6	2	22	5	2750	779.467139541546	4	2	20	4	1	1	1	1	1	1
ALA270A	8	5	22	16	22819	859.353165696072	6	3	27	9	1	1	1	1	1	1
ALA147B	6	3	16	2	10773	4435.19623439444	5	2	17	1	1	1	1	1	1	1
THR21F	6	6	15	12	1533	1224.42420995554	6	6	20	10	1	1	1	1	1	1
GLY183A	6	6	23	20	1853	1843.88767907489	5	5	28	17	1	1	1	1	1	1
ASP210A	6	4	16	5	6017	5624.80574148402	6	4	19	5	1	1	2	1	4	0
SER212A	3	1	8	1	1407	1	2	1	5	0	1	1	1	1	1	1
PHE93B	5	3	22	13	1531	508.801829381304	2	2	8	6	1	1	1	1	1	1
ASN202A	3	2	5	2	1649	118	3	2	5	1	1532	1	2	1	2	0
HIS204A	4	3	8	5	4871	3247.94625192858	4	3	9	4	2620	1532	3	2	3	0
ILE12B	6	4	28	10	189509	65744.5871259743	6	4	28	11	1	1	1	1	1	1
PHE62B	7	4	31	14	14817	3400.4815220213	7	4	35	14	1	1	1	1	1	1
PRO332B	5	5	11	8	6167	4789.79087688753	4	4	6	4	5571	4388.32094787031	3	3	2	2
PRO98D	4	4	14	9	4003	2853.2018341801	3	3	11	7	1	1	1	1	1	1
GLU289A	5	2	16	1	1417	343.245813246164	3	2	6	1	1	1	1	1	1	1
GLN104C	7	4	23	8	6538	2188	6	4	21	6	1	1	1	1	1	1
PHE157A	6	2	24	3	17169	759	6	2	21	2	8925	759	4	2	6	0
GLY25B	9	9	28	20	3784	2303.61487228406	3	3	10	6	1	1	1	1	1	1
PRO152D	5	4	13	9	13687	10832.8063929047	4	4	16	12	12743	10678.1676483034	3	3	3	1
PRO153D	3	2	5	4	1	1	1	1	1	1	1	1	1	1	1	1
ALA113A	5	5	23	18	1415	1319.30077052289	4	4	16	9	292	196.300770522894	3	3	5	4
LEU281A	8	7	33	17	4250	2976.70884441176	6	5	30	12	1	1	1	1	1	1
ALA85A	4	4	10	5	2789	2380.60828771542	2	2	5	2	2789	2380.60828771542	2	2	2	1
PHE86A	5	3	18	8	4021	1620.36453932217	4	3	18	8	1	1	1	1	1	1
LEU116B	5	5	17	8	1863	696.03863320541	5	5	16	8	1	1	1	1	1	1
LEU90A	7	5	26	18	205586	122240.221592635	6	4	32	19	1	1	1	1	1	1
LYS278A	7	4	22	9	5720	1498	5	3	14	3	4223	1	2	1	1	0
ASN13B	5	2	16	2	7730	1	3	1	12	0	1	1	1	1	1	1
ASP31A	5	4	9	2	3081	1028.97782832228	2	2	4	1	1	1	1	1	1	1
ILE200B	5	4	14	11	8918	4995.56961045162	4	4	9	7	415	195.118897727476	2	2	2	2
GLY266A	7	7	24	17	12482	11195.3408152307	5	5	24	15	1	1	1	1	1	1
PRO250D	4	3	12	7	4391	2152.14892418751	4	3	14	8	1	1	1	1	1	1
ASN324A	7	4	24	10	6696	1003.33897465843	5	3	22	6	1	1	1	1	1	1
ASP259C	6	5	11	4	5649	1415	3	2	6	0	1	1	1	1	1	1
ALA224B	6	6	20	15	2294	1139.08675570931	4	4	11	11	1	1	1	1	1	1
ALA224A	5	5	18	15	1367	629.767315764563	3	3	7	7	1	1	1	1	1	1
GLN35F	2	1	5	1	1417	1	2	1	4	0	1	1	1	1	1	1
GLY226C	4	4	13	11	5765	5765	3	3	8	5	1	1	1	1	1	1
SER227C	4	3	8	5	12053	6289	4	3	11	4	1	1	1	1	1	1
GLN6F	6	3	14	7	4852	1376.84366832759	4	3	13	6	3660	1	2	1	2	0
MET169C	6	3	16	3	8851	4285.5	5	3	18	3	1	1	1	1	1	1
VAL97C	6	5	14	10	6072	5622.78476728099	4	4	14	10	2831	2831	2	2	1	0
GLU89F	2	1	8	1	1	1	1	1	1	1	1	1	1	1	1	1
CYS136H	8	6	19	11	146248	14470.4058219883	4	3	19	10	1	1	2	2	4	4
GLU114H	6	6	20	14	231383	147545.691829936	6	6	18	12	1	1	1	1	1	1
GLY57B	5	5	19	13	158092	91166.3403729522	4	4	17	12	1	1	1	1	1	1
THR230C	6	5	14	11	2571	2380.07665295308	5	4	11	4	3206	2709.18817017951	3	3	4	2
TYR60H	5	1	15	1	3928	1	4	1	12	0	1	1	1	1	1	1
PHE340A	9	4	31	11	60184	21947.1747090591	5	3	22	7	1	1	1	1	1	1
SER80F	3	3	10	7	1417	1417	3	3	11	6	1416	1416	2	2	3	1
GLU311A	3	3	10	5	1	1	1	1	1	1	1	1	1	1	1	1
SER307A	4	3	10	5	2600	1353.21929848239	2	2	3	3	1	1	1	1	1	1
ILE227A	6	3	29	5	17229	5710.5	5	3	24	5	9339	5710.5	3	3	4	1
MET149A	6	1	22	1	19843	1	5	1	17	0	1	1	2	1	4	0
SER74H	5	4	21	10	74539	40461.728925277	5	4	20	9	1	1	1	1	1	1
GLY301B	7	7	27	24	6279	3954.66131244788	6	6	28	24	3723	2484.24294556271	2	2	1	1
LYS138B	2	1	4	1	1417	1	2	1	4	0	1417	1	2	1	3	0
LYS120C	4	2	8	3	1417	676.5	3	2	5	2	1	1	1	1	1	1
ASN283A	3	2	7	1	2187	1	2	1	5	0	1	1	1	1	1	1
ALA138C	4	4	13	7	852	515.05916413899	3	3	8	3	1	1	1	1	1	1
TYR243A	6	3	16	3	12276	4531.01185439647	4	3	7	4	1	1	1	1	1	1
GLY226D	3	3	3	3	2831	2831	2	2	3	2	1	1	1	1	1	1
VAL225D	2	2	2	2	1	1	1	1	1	1	1	1	1	1	1	1
ARG99A	7	4	20	10	131423	18880.7332612593	7	4	25	12	1	1	1	1	1	1
TYR342B	4	2	8	1	22244	16015.3408037988	2	2	1	1	22244	16015.3408037988	2	2	1	1
MET205B	5	5	14	8	1473	1219	5	5	15	9	965	965	2	2	3	1
ARG282D	10	8	28	19	9527	2961.7499662741	8	7	32	20	1	1	1	1	1	1
GLN165D	4	3	6	2	1569	625.851075812485	4	3	6	3	1	1	1	1	1	1
LEU130D	6	5	18	10	17413	9797.40431311116	5	5	18	12	1	1	1	1	1	1
PHE68B	10	4	31	10	8699	2807	8	4	36	8	1	1	1	1	1	1
PRO92A	4	4	9	7	7073	7073	4	4	10	5	1	1	1	1	1	1
TYR91A	4	2	14	5	9895	589	4	2	10	2	1	1	1	1	1	1
ALA361B	7	6	21	18	7754	3701.94475700085	4	4	8	7	1	1	1	1	1	1
ARG280C	5	2	13	2	1015	382.315964718767	2	2	3	2	1	1	1	1	1	1
LEU123B	8	7	19	14	2491	2472.26450133341	5	5	17	14	1	1	1	1	1	1
THR32A	5	5	13	9	9553	9210.83457214353	3	3	7	4	1	1	1	1	1	1
ALA83B	3	3	8	7	2830	612.275519460413	2	2	1	1	1	1	1	1	1	1
CYS139H	6	6	19	12	964	507.768319025582	4	4	18	12	964	507.768319025582	3	3	6	5
ILE251C	7	5	25	18	2905	1557.5	6	5	27	18	1	1	1	1	1	1
PRO124B	5	5	11	10	1	1	1	1	1	1	1	1	1	1	1	1
ASP42B	2	1	3	1	1417	1	2	1	1	0	1	1	1	1	1	1
LYS47B	4	2	12	1	1417	1417	2	2	1	0	1	1	1	1	1	1
LEU196B	5	3	18	7	6195	1969.25087655311	4	3	13	8	1	1	1	1	1	1
PHE251B	6	4	22	14	10309	4237.77467225168	6	4	19	8	1	1	1	1	1	1
GLY328A	6	6	13	10	7455	6840.80544839206	6	6	16	8	4337	4337	3	3	3	0
LYS108F	5	3	20	10	10362	5640.61483216479	3	2	11	5	1	1	1	1	1	1
GLU309A	6	5	19	13	56166	23982.9332997863	4	3	17	11	26984	13275.725899375	3	3	8	5
LYS139C	4	1	11	1	1378	1	3	1	5	0	1	1	1	1	1	1
ALA52B	7	4	23	12	12	1	4	2	14	5	1	1	1	1	1	1
SER140F	3	3	8	7	1417	807.439458588344	3	3	9	5	1	1	1	1	1	1
ASP66B	4	4	15	11	14537	9331.79960449604	4	4	15	11	7008	7008	2	2	3	2
ASN239D	6	2	22	5	2835	38.3315603257901	4	2	20	4	1	1	1	1	1	1
ARG39H	8	8	20	16	19460	19460	6	6	24	13	1	1	1	1	1	1
ASP178B	3	3	6	3	1	1	1	1	1	1	1	1	1	1	1	1
GLY199D	3	3	6	4	941	941	2	2	3	1	1	1	1	1	1	1
VAL225C	6	6	18	10	8665	8665	5	5	19	10	1	1	1	1	1	1
LEU122B	5	3	13	5	3708	2570.91324429069	3	3	5	3	1	1	1	1	1	1
SER95C	2	2	2	1	1	1	1	1	1	1	1	1	1	1	1	1
SER96C	3	1	5	1	1	1	1	1	1	1	2831	1	2	1	1	0
ASP185A	4	3	16	6	1417	648.528614595106	2	2	4	3	1	1	1	1	1	1
ASP208B	4	2	15	4	2030	1	3	1	8	0	1	1	1	1	1	1
MET137F	5	1	15	1	2215	1	5	1	20	0	1	1	1	1	1	1
ARG196C	9	7	27	15	32937	16983.2976646174	8	7	36	20	1	1	1	1	1	1
SER256A	4	2	17	8	1711	200.960047039864	4	2	16	7	452	200.960047039864	3	2	5	2
ILE267B	7	4	24	11	10683	4975.89823261825	6	4	19	6	1	1	1	1	1	1
LYS65H	2	1	8	1	1417	1	2	1	7	0	1	1	1	1	1	1
ASP165A	4	2	11	6	12206	838.724645488254	3	2	5	2	1	1	1	1	1	1
LEU257D	8	6	28	16	11545	2658.06901376416	7	6	35	19	4473	1462.56901376416	2	2	6	6
ALA240B	3	3	9	8	1417	723.863430361688	3	3	8	7	1	1	1	1	1	1
ILE200A	4	4	12	10	10813	5461.42782642124	4	4	9	7	1	1	1	1	1	1
ASN288D	2	2	3	3	1	1	1	1	1	1	1	1	1	1	1	1
THR284D	4	4	7	4	1	1	1	1	1	1	1	1	1	1	1	1
LEU252C	5	5	14	10	3637	3007.77034363301	4	4	11	6	1	1	1	1	1	1
VAL173C	8	8	23	21	44902	32187.04281584	6	6	25	20	1	1	1	1	1	1
LYS171A	3	2	3	1	2831	1	2	1	2	0	1417	1417	2	2	1	0
GLU292A	4	1	18	1	1135	1	2	1	6	0	1	1	1	1	1	1
ILE254D	6	4	20	6	37604	31158.5	4	4	9	5	1	1	1	1	1	1
LEU137C	7	6	25	12	19108	10163.5328604585	6	5	31	12	1	1	1	1	1	1
ASN242B	2	1	6	1	1	1	1	1	1	1	1	1	1	1	1	1
ALA269A	7	6	27	20	26089	25870	6	5	30	21	1	1	1	1	1	1
THR346B	4	4	9	8	1	1	1	1	1	1	1	1	1	1	1	1
ARG124F	3	2	11	4	1437	1311	3	2	8	1	1	1	1	1	1	1
ASN333B	3	2	11	3	1741	1003	3	2	7	2	1	1	1	1	1	1
GLU258D	5	2	16	5	1728	1	4	1	14	0	1471	1	3	1	7	0
ALA313A	4	4	12	9	1	1	1	1	1	1	14	14	2	2	5	3
ILE349A	4	3	16	9	1009	702.897258618355	3	3	9	7	1	1	1	1	1	1
VAL157D	10	8	31	20	10999	4899.78746488239	8	6	33	15	5363	2927.5	4	4	8	4
MET243D	2	1	3	1	1	1	1	1	1	1	1	1	1	1	1	1
VAL260B	11	8	31	19	15283	12243.5085899068	9	6	42	11	23161	12985.1306579548	8	5	15	6
ASN235D	6	6	15	9	3946	2883.01520842559	5	5	11	6	2557	1494.01520842559	2	2	2	2
ILE162A	9	4	35	14	1342	466	7	3	24	7	1	1	1	1	1	1
VAL348A	7	6	27	18	4029	2015	3	3	11	7	1	1	1	1	1	1
THR231C	6	6	19	15	216	216	3	3	7	4	1207	497.811829820489	2	2	2	2
GLY55A	6	6	18	13	1298	579.646834303928	5	5	13	4	1	1	1	1	1	1
GLY380A	7	7	20	18	1565	1471.16925904537	7	7	24	17	1	1	1	1	1	1
ASN119B	3	1	11	1	1417	1	3	1	10	0	1	1	1	1	1	1
GLN6H	5	2	14	7	1460	377.782567423598	3	2	11	6	1460	377.782567423598	2	2	3	3
LYS176A	3	2	6	2	9895	5653	3	2	7	1	1	1	1	1	1	1
LEU286A	9	7	35	19	2216	1687.04870764051	8	7	41	20	1	1	1	1	1	1
ASP59A	7	7	24	20	14811	7356.55248285766	7	7	34	20	1	1	1	1	1	1
SER271A	7	4	22	12	3065	724.479152337518	6	4	31	17	1	1	1	1	1	1
ASP207C	5	4	11	10	1431	215.840842362142	4	4	11	9	1	1	1	1	1	1
ASN206B	3	1	10	1	1	1	1	1	1	1	1	1	1	1	1	1
VAL122C	8	7	23	20	4666	4501.40535063972	5	5	15	11	4462	4379.00512786677	4	4	10	5
ALA347B	8	7	25	19	6157	3254.55524299915	4	4	10	10	1	1	1	1	1	1
ASP359B	5	2	15	1	1019	290.340808372478	2	2	3	1	1	1	1	1	1	1
ALA64A	5	5	18	11	6932	3338.8129936961	4	4	18	12	1	1	1	1	1	1
ASP66A	4	4	13	10	2915	1748.08198247755	4	4	14	11	822	822	2	2	3	2
GLN14F	5	4	14	6	1479	471.92101875083	4	4	11	6	18	18	2	2	1	0
MET133D	5	4	19	13	1519	1354.70078819155	5	4	21	11	1	1	1	1	1	1
GLY14B	6	6	15	8	703	703	3	3	7	1	1	1	1	1	1	1
ARG283C	5	4	12	4	4022	1687.8934346889	3	3	7	4	1	1	1	1	1	1
ALA369B	4	4	10	7	10975	8636.2784829948	3	3	8	6	1	1	1	1	1	1
ALA293A	6	5	20	15	877	180	3	2	9	5	1	1	1	1	1	1
GLU198D	5	3	16	7	13063	5404.19609128653	4	3	16	6	10354	5404.19609128653	3	3	2	2
LEU110F	11	10	34	27	6559	6557	10	9	62	36	1	1	1	1	1	1
LYS128B	3	1	7	1	2	1	2	1	3	0	1	1	1	1	1	1
GLU204C	3	2	11	3	1417	596.763691293649	3	2	11	3	1	1	1	1	1	1
LEU96H	8	8	23	16	13681	10395.8692617682	8	8	30	18	1	1	1	1	1	1
LEU50F	9	8	31	24	9273	3778.05464594885	8	8	44	34	1	1	2	2	4	4
GLU282A	5	4	16	8	4104	1375.53104372067	4	3	14	5	1	1	1	1	1	1
HIS178C	4	1	11	1	1417	1	2	1	7	0	1	1	1	1	1	1
GLU7F	3	2	9	2	4653	278.112525459235	3	2	8	2	1	1	1	1	1	1
LYS327A	3	2	8	3	1417	50	3	2	8	2	1	1	1	1	1	1
LYS292D	3	1	11	1	1417	1	3	1	9	0	1417	1	3	1	5	0
ALA189D	6	6	17	12	4851	2095.37762617062	4	4	15	9	3768	2290.85570952561	5	5	13	7
PRO160A	8	7	31	22	12153	12153	4	4	15	6	6214	6214	2	2	3	2
VAL98B	9	8	31	23	37237	20032.0626590105	6	5	25	13	1	1	1	1	1	1
SER185D	5	3	12	5	1417	1	3	1	10	0	1417	1	2	1	4	0
VAL344A	7	7	29	20	844	555.5	3	3	15	10	1	1	1	1	1	1
SER111F	4	3	11	5	15345	5239.63195630416	4	3	10	6	1	1	1	1	1	1
GLY25A	9	9	26	21	2389	1456.83221504137	3	3	10	7	1	1	1	1	1	1
VAL36A	7	7	23	17	3429	1457.66778495863	5	5	16	10	1	1	1	1	1	1
MET169D	6	4	13	4	23981	6339.5	5	4	13	5	1	1	1	1	1	1
LEU38F	2	1	5	1	1417	1	2	1	4	0	1	1	1	1	1	1
ALA365B	6	6	21	16	10184	5092.5	3	3	10	6	1	1	2	2	2	1
ASN13A	5	2	17	2	6614	1	3	1	12	0	1	1	1	1	1	1
LEU110H	10	9	37	27	49947	43892.8333020903	9	8	56	32	1	1	1	1	1	1
PRO98C	6	5	21	11	5982	3662.4093114927	5	4	20	10	1	1	1	1	1	1
ASN101B	3	2	7	3	1887	1419	3	2	8	2	1	1	1	1	1	1
GLY102B	4	4	7	5	2097	2097	4	4	9	4	1	1	1	1	1	1
SER338A	3	2	6	3	3776	1	2	1	2	0	3776	1	2	1	1	0
THR170C	5	4	13	6	1543	450.215232719007	3	2	11	3	1	1	1	1	1	1
ALA169A	7	5	28	7	70457	47338.0296267817	5	3	19	4	35728	23719.7582579881	2	2	3	1
LYS314A	4	2	7	1	2829	1	2	1	2	0	2829	1	2	1	2	0
SER115B	5	5	20	17	1673	424.513141321551	5	5	21	16	1	1	1	1	1	1
ALA159D	6	6	22	12	2988	1371.62261424355	4	4	15	8	741	371	2	2	4	4
GLN87A	4	3	16	7	1417	170.145623146286	4	3	17	7	1	1	1	1	1	1
SER261C	4	1	8	1	1	1	1	1	1	1	1	1	1	1	1	1
LEU114C	4	3	13	6	1383	692	3	3	7	4	1	1	1	1	1	1
TRP159A	9	7	37	17	63292	37810.0539221473	6	6	27	13	1	1	2	2	3	1
LEU104B	4	4	17	12	8795	4779.02435911001	4	4	16	12	1	1	1	1	1	1
ALA276D	5	3	14	7	1314	1	3	1	11	0	1	1	1	1	1	1
GLU323B	2	1	4	1	1417	1	2	1	3	0	1	1	1	1	1	1
GLU113H	3	2	7	2	1243	1243	2	2	3	1	1	1	1	1	1	1
CYS139F	7	6	19	12	4013	1006.12925091011	6	5	32	17	1	1	1	1	1	1
TYR79F	4	3	9	4	828	1	2	1	2	0	1	1	1	1	1	1
ARG55H	5	5	15	13	35001	22994.1559773636	3	3	7	5	1	1	1	1	1	1
SER149C	5	2	14	2	12713	81	5	2	18	1	7061	81	4	2	3	0
SER121C	3	2	8	7	1	1	1	1	1	1	1	1	1	1	1	1
ALA232B	5	5	18	13	1417	447.441721507748	4	4	19	11	1	1	1	1	1	1
ASP4F	3	3	8	5	1	1	1	1	1	1	6447	4277.95522802524	3	3	2	1
ALA97B	6	6	23	19	3968	3878.31243150656	3	3	14	10	1	1	1	1	1	1
ARG40H	3	3	5	5	2831	1166.29238500497	2	2	4	4	2831	1166.29238500497	2	2	4	4
THR150C	2	2	7	5	1417	631.230789088894	2	2	7	5	1	1	1	1	1	1
PRO153C	3	2	5	4	1	1	1	1	1	1	9	1	2	1	2	0
THR129A	5	5	13	9	4279	3739.83581718547	4	4	12	9	1	1	1	1	1	1
GLU285C	5	3	13	5	10477	1342.88374029166	4	3	11	5	1	1	1	1	1	1
ALA159C	7	7	25	17	1476	982.861197798618	5	5	19	14	1	1	1	1	1	1
TYR107A	8	3	31	5	6222	1365.46895627933	7	3	29	4	1	1	1	1	1	1
GLN136C	5	3	18	6	8597	776.667809879644	5	3	21	4	4248	776.667809879644	2	2	3	3
ALA46F	6	6	21	14	5505	3461.9392823835	4	4	14	9	1	1	1	1	1	1
PHE218A	6	4	20	5	1635	1325	6	4	23	4	1	1	1	1	1	1
ALA369A	6	5	22	13	24289	3970.61523214701	4	3	18	9	1	1	1	1	1	1
TYR163D	5	4	21	14	12675	540.286118101993	5	4	25	15	1	1	1	1	1	1
ASP98F	4	2	8	2	2386	1	3	1	7	0	1	1	1	1	1	1
SER97F	5	3	11	3	2252	228.209198452431	4	2	10	2	1	1	1	1	1	1
ILE23F	7	4	19	9	3079	1029.7237350193	6	4	20	8	1	1	1	1	1	1
GLY33B	4	4	9	6	1417	1334.52307190351	4	4	8	4	1	1	1	1	1	1
LEU119F	5	5	12	12	4275	1678.88857590791	4	4	11	10	1	1	1	1	1	1
THR86F	4	2	14	5	1	1	2	1	3	0	1	1	1	1	1	1
ASN174A	2	1	3	1	1417	1	2	1	3	0	1	1	1	1	1	1
ILE73H	3	2	6	3	1254	1	2	1	5	0	1	1	1	1	1	1
MET133C	6	6	22	16	10699	7881.86312773813	6	6	24	17	1	1	1	1	1	1
LYS252B	5	3	13	5	18453	5924.94683130361	5	3	10	4	4358	1	2	1	2	0
ASN283B	3	2	7	1	2197	1	2	1	5	0	1	1	1	1	1	1
TRP159B	7	4	30	8	23998	18664.5063609593	4	4	13	5	1	1	1	1	1	1
GLY17A	9	9	27	20	12767	12554.0204739574	9	9	35	20	1	1	1	1	1	1
PRO124A	6	5	14	10	1	1	1	1	1	1	1	1	1	1	1	1
TYR84F	2	1	8	1	1417	1	2	1	4	0	1	1	1	1	1	1
GLU5B	4	1	12	1	1252	1	3	1	11	0	1	1	1	1	1	1
ALA142A	4	3	8	2	1473	1473	2	2	3	1	1	1	1	1	1	1
SER74A	5	2	14	6	44822	1	4	1	14	0	25445	1	2	1	2	0
TRP233A	9	6	25	16	121699	82851.71924273	8	6	30	16	1	1	1	1	1	1
GLN326B	3	2	10	1	1	1	1	1	1	1	1	1	1	1	1	1
ASN228B	7	3	23	4	78919	800.237295382548	7	3	31	5	1	1	1	1	1	1
GLN167D	4	3	5	4	79	79	2	2	3	2	1	1	1	1	1	1
SER166D	2	2	3	3	1	1	1	1	1	1	1	1	1	1	1	1
ILE80A	6	4	19	5	4920	3249.815896674	3	3	10	4	1	1	1	1	1	1
ALA46H	6	6	23	15	1195	810.442927242618	4	4	16	12	1159	792.442927242618	2	2	3	2
GLU23A	4	1	16	1	1	1	1	1	1	1	1	1	1	1	1	1
PHE86B	5	3	15	7	1564	1493.02447887681	4	3	16	7	1	1	1	1	1	1
GLY108C	9	8	30	18	19309	9660.6871276202	8	7	36	18	1	1	1	1	1	1
ARG67A	4	3	13	6	8795	8795	3	3	5	2	3776	3776	2	2	1	0
PRO112F	6	6	14	11	18025	14691.1058125744	5	5	12	7	9078	5744.10581257438	3	3	6	3
VAL36B	6	6	17	12	6553	2871.38512771594	4	4	10	7	1	1	1	1	1	1
ILE133A	5	3	16	8	3532	1286.15601651893	4	3	15	8	3532	1286.15601651893	2	2	4	4
PRO134A	5	5	11	10	1958	1878	3	3	9	7	1958	1878	3	3	3	2
ASP208D	5	4	8	3	315	1	2	1	4	0	315	1	2	1	2	0
ALA339B	5	4	13	7	6388	4838.26635456464	2	2	3	3	6388	4838.26635456464	2	2	1	1
SER256B	4	3	16	9	1465	126.512056122811	4	3	13	7	1287	1	2	1	2	0
GLN376A	5	4	16	9	2041	1216.52998561931	5	4	16	7	1539	714.529985619314	3	3	3	3
VAL97D	6	5	13	9	12613	12234.3290986669	4	4	13	9	4243	4243	2	2	1	0
SER97H	3	3	6	5	1	1	2	2	3	2	1	1	1	1	1	1
LYS180B	4	2	6	3	6959	5801	3	2	5	2	6959	5801	3	2	2	0
GLU286D	4	3	14	8	6983	1633.61271872778	3	2	8	2	3487	1	2	1	4	0
GLU310A	2	1	3	1	1	1	1	1	1	1	1	1	1	1	1	1
GLU286C	5	3	15	9	642	31.7619636809249	4	2	13	4	1	1	1	1	1	1
LEU145D	6	6	25	17	8188	4620.42074274868	5	5	21	15	8136	4594.42074274868	4	4	8	7
ASN151A	5	3	19	4	19466	19466	4	3	15	3	18250	1	3	2	4	1
LEU67H	8	6	27	16	6101	3	7	6	36	19	1	1	1	1	1	1
TYR107C	5	2	17	3	1479	242.002896465099	4	2	13	3	81	1	2	1	3	0
GLY262D	5	5	8	6	1415	1415	3	3	6	0	111	111	2	2	2	0
ILE162D	6	3	20	4	24765	6478.5	5	3	20	6	1	1	1	1	1	1
SER138H	3	1	9	1	1	1	1	1	1	1	1	1	1	1	1	1
GLY112C	5	5	21	15	87373	69081.1492199536	3	3	10	5	1	1	1	1	1	1
ILE179A	6	4	14	10	12419	4251.44638158879	5	4	17	10	1126	563.5	2	2	2	2
GLN91H	7	7	21	13	196555	87354.9201439993	6	6	26	18	195566	87218.3430960812	6	6	14	7
ILE117B	6	3	21	7	70563	41984.5974710774	6	3	22	5	1	1	1	1	1	1
GLU23B	3	1	13	1	1	1	1	1	1	1	1	1	1	1	1	1
ILE267A	6	3	24	9	9158	2869.88734712403	5	3	16	5	1	1	1	1	1	1
CYS242C	7	5	21	9	1494	807.144989053756	5	4	27	13	1	1	1	1	1	1
SER96D	3	1	6	1	1	1	1	1	1	1	4243	1	2	1	1	0
ASN200C	5	2	15	7	3901	1798.15586533911	4	2	14	5	1	1	1	1	1	1
ILE236A	4	3	11	5	8324	8324	3	3	10	5	1	1	1	1	1	1
VAL203C	9	9	26	22	35633	20738.0599327937	8	8	35	26	1	1	1	1	1	1
LEU193B	6	4	25	12	44421	18720.525019747	4	4	12	12	1	1	1	1	1	1
LYS101C	5	3	12	3	32039	16263.7312916432	4	3	8	4	15732	14075.8438171024	2	2	1	1
GLU258C	4	2	15	4	4239	226.5510265802	4	2	14	2	2823	1	2	1	3	0
ILE195D	5	4	21	11	11479	7546.08524612427	5	4	20	9	3178	1	2	1	4	0
ALA360B	6	4	13	6	1417	716.064591859833	2	2	2	1	1	1	1	1	1	1
GLU171D	4	2	14	6	1417	421.515613492254	3	2	11	6	19	1	2	1	4	0
ILE213A	6	4	17	8	2018	434.797911577098	4	4	12	7	133	42.6036530611205	2	2	4	3
GLU292B	4	1	17	1	770	1	2	1	6	0	1	1	1	1	1	1
LYS26A	2	1	8	1	1	1	1	1	1	1	1	1	1	1	1	1
ILE101H	6	4	21	10	1831	1359	6	4	29	10	1	1	1	1	1	1
GLU381B	5	4	18	12	170149	74612.34501716	5	4	24	14	28984	11985.34501716	3	3	6	6
ALA214A	9	8	23	13	24727	24460	6	6	24	11	14135	13868	3	3	7	3
ILE105A	7	4	29	12	4709	2905.80171838526	6	4	31	9	1	1	1	1	1	1
HIS178D	4	2	12	5	1342	1	2	1	6	0	1342	1	2	1	3	0
SER138F	3	1	11	1	1417	1	2	1	8	0	1	1	1	1	1	1
ILE109B	7	3	23	9	285	79.2956255823876	5	2	21	5	1	1	1	1	1	1
ALA119D	5	4	15	8	1277	1277	3	2	8	4	1	1	1	1	1	1
LYS220B	3	2	9	4	1421	1	2	1	5	0	1	1	1	1	1	1
LYS141A	5	2	8	1	2889	1417	4	2	5	0	1417	1417	2	2	1	0
PHE170A	6	3	23	7	56941	29743	5	3	19	5	1	1	1	1	1	1
ASN210D	2	1	4	1	1	1	1	1	1	1	1	1	1	1	1	1
LYS120B	4	3	12	5	1417	344.43937031307	3	3	8	4	1	1	1	1	1	1
LEU114D	5	4	16	7	47540	33085.3987716027	4	4	9	5	23821	19037.5158960225	2	2	1	1
ILE232D	6	4	25	16	1305	500.212535117609	5	4	25	14	1724	232.5	3	2	5	3
GLU382B	2	1	6	1	1417	1	2	1	6	0	1	1	1	1	1	1
LYS120A	4	3	10	3	4032	4032	3	3	4	2	1	1	1	1	1	1
LYS30A	2	1	4	1	1	1	1	1	1	1	1	1	1	1	1	1
ALA214B	8	7	20	13	2251	2151.79551198861	6	6	24	13	1	1	1	1	1	1
LYS11H	4	3	13	5	19467	4988.45532237719	4	3	12	5	1	1	1	1	1	1
ALA217A	6	6	19	14	1385	477.035254107192	3	3	9	5	1	1	1	1	1	1
ALA217B	6	6	21	17	2117	1059	3	3	12	8	1	1	1	1	1	1
GLY33A	3	3	8	6	1417	1264.16542785647	3	3	7	4	1	1	1	1	1	1
ASN101A	3	2	9	3	2713	1698	3	2	10	2	1	1	1	1	1	1
LYS164C	4	2	11	3	9865	3978.25684240751	4	2	11	3	1	1	1	1	1	1
GLY253B	3	3	6	3	7703	6617.54564356469	3	3	6	3	1	1	1	1	1	1
LEU136A	5	4	16	11	8401	4166	4	3	13	9	73	37	2	2	2	2
GLY102A	4	4	9	5	2453	2453	4	4	11	4	1	1	1	1	1	1
ILE101F	7	4	23	10	1449	1195	7	4	36	11	1	1	1	1	1	1
GLU29H	2	1	7	1	1417	1	2	1	7	0	1	1	1	1	1	1
ALA135B	3	3	9	8	1	1	1	1	1	1	1	1	1	1	1	1
ASN131D	5	4	14	6	8347	3873	5	4	15	5	2069	2069	2	2	2	1
ASP98H	4	4	8	6	49191	8499.68595385646	3	3	6	5	23821	4784.48410397748	2	2	1	1
PRO95F	4	4	6	3	346	118.790801547569	3	3	5	1	1	1	1	1	1	1
THR37A	5	5	16	13	1	1	1	1	1	1	1	1	1	1	1	1
SER234B	5	4	10	7	2564	2564	4	4	11	7	2564	2564	3	3	3	0
THR238B	3	3	8	8	1	1	1	1	1	1	1	1	1	1	1	1
GLY166A	5	5	15	9	1452	705.908585282612	4	4	19	11	1	1	1	1	1	1
LYS274A	5	3	17	9	2151	1046	4	3	13	7	1	1	1	1	1	1
LYS141B	5	4	8	4	3141	3135.43814830469	4	4	10	3	1	1	1	1	1	1
ASP120H	2	2	2	2	1	1	1	1	1	1	1	1	1	1	1	1
GLN116H	3	3	4	3	1	1	1	1	1	1	1	1	1	1	1	1
LEU286B	8	6	35	16	1701	1526.67989554081	7	6	35	15	1	1	1	1	1	1
ASN202B	2	1	4	1	1417	1	2	1	4	0	1	1	1	1	1	1
LYS89A	4	2	18	3	197026	197026	3	2	13	2	197026	197026	2	2	2	1
THR284C	3	3	7	4	1	1	1	1	1	1	1	1	1	1	1	1
ASP56F	3	1	7	1	1417	1	3	1	8	0	1417	1	2	1	2	0
GLN90F	3	3	13	9	1293	1020.30434742788	2	2	7	6	1293	1020.30434742788	2	2	2	2
GLU154A	3	1	8	1	1417	1	3	1	8	0	1	1	1	1	1	1
ASN268A	8	6	25	13	151883	101496.696436919	8	6	35	14	1	1	1	1	1	1
MET205A	3	3	9	8	5447	3034.02253772078	3	3	8	8	1	1	1	1	1	1
ALA364A	4	3	14	6	1	1	1	1	1	1	1	1	1	1	1	1
LEU100H	4	4	12	8	11459	6953.410934498	4	4	13	9	6333	4378.410934498	2	2	2	2
SER95D	3	2	2	1	1417	1	2	1	1	0	1	1	1	1	1	1
ASN174B	3	2	4	1	9895	5653	3	2	4	0	1	1	1	1	1	1
GLY175B	4	4	2	2	7075	6858.57145444306	4	4	4	2	1	1	1	1	1	1
GLU173B	3	1	4	1	5653	1	2	1	2	0	7061	1	2	1	1	0
GLU113F	3	2	7	2	1417	840.847897666696	2	2	3	2	1	1	1	1	1	1
LYS27A	4	2	14	1	1417	1074.75418675384	2	2	2	1	1	1	1	1	1	1
ALA135A	2	2	4	4	1	1	1	1	1	1	1	1	1	1	1	1
SER212B	3	1	8	1	1401	1	2	1	5	0	1	1	1	1	1	1
LYS26B	2	1	8	1	1	1	1	1	1	1	1	1	1	1	1	1
ALA343B	6	5	21	12	1	1	1	1	1	1	1	1	1	1	1	1
LYS2A	3	2	11	7	1417	1417	3	2	11	6	1	1	1	1	1	1
ALA142B	3	3	5	5	1	1	1	1	1	1	1	1	1	1	1	1
LEU100F	4	4	11	8	5285	3813.70641591296	4	4	12	8	2610	1805.07752752076	2	2	2	2
SER94D	2	2	2	2	1417	1417	2	2	1	0	1	1	1	1	1	1
LYS121F	2	1	3	1	1417	1	2	1	3	0	1	1	1	1	1	1
ASN247D	3	2	11	6	301	151	2	2	7	6	1	1	1	1	1	1
TYR70H	3	1	12	1	1417	1	3	1	10	0	1	1	1	1	1	1
THR17F	3	3	9	9	1	1	1	1	1	1	1	1	1	1	1	1
GLU29F	3	2	8	1	1417	3	3	2	10	0	1	1	1	1	1	1
GLU29A	2	1	8	1	1	1	1	1	1	1	1	1	1	1	1	1
TYR172B	2	2	3	3	1417	217.428545556937	2	2	3	3	1	1	1	1	1	1
LYS72F	2	1	2	1	1	1	1	1	1	1	1	1	1	1	1	1
TYR177B	3	2	8	4	8273	726.258364640508	3	2	8	3	4141	726.258364640508	2	2	2	2
ALA85B	3	3	5	4	1	1	1	1	1	1	1	1	1	1	1	1
LYS203A	2	1	4	1	1417	1	2	1	3	0	1417	1	2	1	1	0
ALA313B	4	4	7	6	1	1	1	1	1	1	1	1	1	1	1	1
ASP228D	4	1	10	1	1417	1	4	1	11	0	1353	1	2	1	3	0
SER269D	2	1	4	1	1417	1	2	1	4	0	1	1	1	1	1	1
LYS171B	4	3	10	2	1	1	2	1	2	0	7061	7061	2	2	1	0
GLU323A	2	1	4	1	1417	1	2	1	3	0	1	1	1	1	1	1
THR238A	5	5	11	10	1	1	1	1	1	1	1	1	1	1	1	1
PHE212D	3	1	8	1	1417	1	2	1	4	0	1	1	1	1	1	1
ASP137B	4	2	10	2	12965	557.803765605562	4	2	11	1	4855	1	2	1	3	0
GLY199C	3	3	6	4	1427	1427	3	3	6	3	1	1	1	1	1	1
ASP96A	4	3	10	5	1160	56.6742139746658	2	2	6	3	1	1	1	1	1	1
SER166C	2	2	3	3	1	1	1	1	1	1	1	1	1	1	1	1
ALA84B	3	3	3	3	2830	2218.72448053959	2	2	1	1	1	1	1	1	1	1
ASP88B	2	1	2	1	1417	1	2	1	2	0	1	1	1	1	1	1
ARG181D	2	2	4	4	1	1	1	1	1	1	1	1	1	1	1	1
ILE236B	3	2	9	3	1402	1402	2	2	5	2	1	1	1	1	1	1
ASP237A	4	3	13	6	2842	1672.48814560353	2	2	3	2	1	1	1	1	1	1
SER241C	3	3	10	6	1	1	1	1	1	1	1	1	1	1	1	1
GLN356A	4	3	10	5	4235	1852.78115368785	4	3	6	2	1	1	1	1	1	1
GLN356B	3	2	5	2	3169	882.5	3	2	4	1	1	1	1	1	1	1
ASP198A	4	2	7	1	118	1	3	2	4	0	1	1	1	1	1	1
LYS201A	3	1	7	1	1417	1	3	1	5	0	1	1	1	1	1	1
THR357B	3	2	9	3	1417	701.935408140167	3	2	4	1	1	1	1	1	1	1
LYS314B	3	1	7	1	1417	1	2	1	2	0	1	1	1	1	1	1
SER149D	2	1	6	1	1417	1	2	1	6	0	1	1	1	1	1	1
LEU206C	5	3	15	6	1401	1.80829017172736	4	2	13	3	1	1	1	1	1	1
TYR84H	3	2	13	4	8887	4223	3	2	8	2	4223	4223	2	2	1	0
LYS176B	2	1	3	1	1417	1	2	1	3	0	1	1	1	1	1	1
SER241D	3	3	10	6	1	1	1	1	1	1	1	1	1	1	1	1
LYS327B	2	1	6	1	1417	1	2	1	6	0	1	1	1	1	1	1
THR86H	3	2	11	4	1	1	1	1	1	1	1	1	1	1	1	1
MET243C	2	1	5	1	1	1	1	1	1	1	1	1	1	1	1	1
ASP88A	2	1	2	1	1417	1	2	1	2	0	1	1	1	1	1	1
LYS306A	3	2	3	1	4247	1417	3	2	4	0	1	1	1	1	1	1
LYS43A	3	1	8	1	1417	1	3	1	5	0	1	1	1	1	1	1
LYS34H	3	2	8	1	1310	1310	2	2	3	0	1	1	1	1	1	1
SER106D	2	1	7	1	1417	1	2	1	6	0	1	1	1	1	1	1
GLU171C	3	1	10	1	1289	1	2	1	7	0	1	1	1	1	1	1
MET1H	2	1	5	1	1417	1	2	1	4	0	1	1	1	1	1	1
GLU275A	2	2	3	2	1417	1417	2	2	3	1	1417	1417	2	2	2	0
LYS65F	2	1	7	1	1417	1	2	1	6	0	1	1	1	1	1	1
LYS30B	2	1	4	1	1	1	1	1	1	1	1	1	1	1	1	1
ASP56H	2	1	4	1	1417	1	2	1	4	0	1	1	1	1	1	1
ARG209D	2	1	4	1	1	1	1	1	1	1	1	1	1	1	1	1
GLN326A	2	2	5	1	1	1	1	1	1	1	1	1	1	1	1	1
GLU173A	2	1	2	1	1	1	1	1	1	1	1417	1	2	1	1	0
ASP42A	1	1	1	1	1	1	1	1	1	1	1	1	1	1	1	1
ASP121A	1	1	1	1	1	1	1	1	1	1	1	1	1	1	1	1
LYS138A	1	1	1	1	1	1	1	1	1	1	1	1	1	1	1	1
LYS296A	1	1	1	1	1	1	1	1	1	1	1	1	1	1	1	1
GLU382A	1	1	1	1	1	1	1	1	1	1	1	1	1	1	1	1
LYS2B	1	1	1	1	1	1	1	1	1	1	1	1	1	1	1	1
ASP121B	1	1	1	1	1	1	1	1	1	1	1	1	1	1	1	1
GLU275B	1	1	1	1	1	1	1	1	1	1	1	1	1	1	1	1
LYS296B	1	1	1	1	1	1	1	1	1	1	1	1	1	1	1	1
GLU310B	1	1	1	1	1	1	1	1	1	1	1	1	1	1	1	1
GLU311B	1	1	1	1	1	1	1	1	1	1	1	1	1	1	1	1
SER94C	1	1	1	1	1	1	1	1	1	1	1	1	1	1	1	1
GLU180C	1	1	1	1	1	1	1	1	1	1	1	1	1	1	1	1
ARG181C	1	1	1	1	1	1	1	1	1	1	1	1	1	1	1	1
SER183C	1	1	1	1	1	1	1	1	1	1	1	1	1	1	1	1
ARG209C	1	1	1	1	1	1	1	1	1	1	1	1	1	1	1	1
GLU224C	1	1	1	1	1	1	1	1	1	1	1	1	1	1	1	1
ARG248C	1	1	1	1	1	1	1	1	1	1	1	1	1	1	1	1
GLU287C	1	1	1	1	1	1	1	1	1	1	1	1	1	1	1	1
ASN288C	1	1	1	1	1	1	1	1	1	1	1	1	1	1	1	1
GLU180D	1	1	1	1	1	1	1	1	1	1	1	1	1	1	1	1
LEU201D	1	1	1	1	1	1	1	1	1	1	1	1	1	1	1	1
GLU224D	1	1	1	1	1	1	1	1	1	1	1	1	1	1	1	1
ARG248D	1	1	1	1	1	1	1	1	1	1	1	1	1	1	1	1
GLU287D	1	1	1	1	1	1	1	1	1	1	1	1	1	1	1	1
LYS291D	1	1	1	1	1	1	1	1	1	1	1	1	1	1	1	1
MET1F	1	1	1	1	1	1	1	1	1	1	1	1	1	1	1	1
GLN20F	1	1	1	1	1	1	1	1	1	1	1	1	1	1	1	1
TYR76F	1	1	1	1	1	1	1	1	1	1	1	1	1	1	1	1
ASN93F	1	1	1	1	1	1	1	1	1	1	1	1	1	1	1	1
LYS122F	1	1	1	1	1	1	1	1	1	1	1	1	1	1	1	1
ARG141F	1	1	1	1	1	1	1	1	1	1	1	1	1	1	1	1
SER142F	1	1	1	1	1	1	1	1	1	1	1	1	1	1	1	1
GLN20H	1	1	1	1	1	1	1	1	1	1	1	1	1	1	1	1
GLN90H	1	1	1	1	1	1	1	1	1	1	1	1	1	1	1	1
ASN93H	1	1	1	1	1	1	1	1	1	1	1	1	1	1	1	1
SER142H	1	1	1	1	1	1	1	1	1	1	1	1	1	1	1	1
ARG147H	1	1	1	1	1	1	1	1	1	1	1	1	1	1	1	1
SER143F	1	1	1	1	1	1	1	1	1	1	1	1	1	1	1	1
