Degree	Degree_sidechain	SecondOrderDegree	SecondOrderDegree_sidechain	NodeEdgeBetweennessSTRIDE	NodeEdgeBetweennessSTRIDE_sidechain	IntermodularDegreeSTRIDE	IntermodularDegreeSTRIDE_sidechain	SecondOrderIntermodularDegreeSTRIDE	SecondOrderIntermodularDegreeSTRIDE_sidechain	NodeEdgeBetweennessWALKTRAP	NodeEdgeBetweennessWALKTRAP_sidechain	IntermodularDegreeWALKTRAP	IntermodularDegreeWALKTRAP_sidechain	SecondOrderIntermodularDegreeWALKTRAP	SecondOrderIntermodularDegreeWALKTRAP_sidechain
CYS229A	5	4	16	9	1218	458.370122655754	5	4	16	9	690	458.370122655754	3	3	5	3
TRP146A	7	3	19	3	1194	331.996877234318	6	3	18	3	1194	331.996877234318	5	3	6	2
ARG273A	7	3	25	7	384	220.489504660407	5	3	13	6	521	1	4	1	9	0
ASP281A	4	3	15	7	186	45.3720799297774	3	3	8	6	1	1	1	1	1	1
ARG196A	7	5	24	12	1342	636.708928653756	6	5	24	15	1	1	1	1	1	1
ASP184A	5	5	15	10	682	120.956141126011	4	4	17	13	1	1	2	2	1	0
ARG202A	4	3	9	2	672	390.253939665035	3	3	3	2	1	1	1	1	1	1
GLU221A	5	2	12	2	557	76.1424350956524	3	2	6	2	343	1	3	1	3	0
CYS242A	7	5	19	8	217	112.08047159749	5	4	22	11	55	33.3360052851524	2	2	5	3
HIS179A	7	5	20	10	3332	296.399241469863	7	5	26	11	1465	1	3	2	6	3
GLN104A	4	3	13	8	279	76.5013584301378	3	3	12	9	1	1	1	1	1	1
GLY108A	8	7	20	10	1118	825.649262252628	7	6	26	12	374	374	2	2	4	0
ARG175A	7	6	21	13	4178	3496.57353264622	7	6	29	15	1465	1465	2	2	2	1
GLY279A	8	8	26	23	263	249.177803266241	3	3	10	7	240	240	2	2	3	2
THR118A	6	4	16	9	1672	652.484025339995	6	4	12	8	1286	644.993670928732	4	3	3	2
PRO128A	5	5	14	9	780	728.632277564838	4	4	15	9	1	1	1	1	1	1
TYR126A	7	2	21	3	2624	629	6	2	22	2	649	1	3	1	3	0
ASP148A	4	3	11	8	186	60.295834330268	3	3	12	9	1	1	1	1	1	1
VAL147A	7	5	20	8	624	624	5	3	24	4	624	624	3	3	8	2
CYS176A	7	6	20	11	2840	1237.68476920145	5	4	22	11	437	90.8284769836552	2	2	5	3
ARG249A	7	6	20	11	4718	2429.22917600062	7	6	22	12	3259	1483.72917600062	5	4	7	4
GLU171A	3	2	9	5	185	53.2272469949302	2	2	6	5	186	53.2272469949302	3	2	6	3
THR230A	6	6	14	12	603	502.084620233805	5	5	10	7	338	298.287776380094	3	3	3	1
THR231A	6	6	19	17	524	524	3	3	7	5	64	40.7122236199063	2	2	2	2
ARG283A	4	4	12	9	286	199.133765910848	2	2	5	3	286	199.133765910848	2	2	3	2
TYR163A	5	3	21	9	2688	102.93030370342	5	3	24	9	1357	102.93030370342	3	3	8	5
SER241A	3	3	10	5	1	1	1	1	1	1	1	1	1	1	1	1
TYR239A	6	1	22	1	334	1	4	1	19	0	195	1	3	1	5	0
ARG213A	9	7	20	13	2010	462.146202024061	9	7	27	12	1	1	3	3	7	2
THR211A	6	5	14	9	729	729	3	2	11	6	1	1	1	1	1	1
GLN165A	4	3	7	4	918	275.5	4	3	7	4	1	1	1	1	1	1
GLN167A	4	3	5	3	369	369	2	2	3	2	1	1	1	1	1	1
GLY154A	5	5	15	12	226	226	4	4	14	9	1	1	2	2	2	0
PRO153A	3	2	6	4	1	1	1	1	1	1	1	1	1	1	1	1
ILE162A	7	3	22	5	2250	258.351156898011	6	3	24	5	1717	258.351156898011	4	2	6	1
VAL173A	8	8	21	19	2659	2339.41322803638	6	6	24	18	792	321.689809904279	3	3	3	2
THR253A	7	7	27	14	397	209.935160399403	5	5	21	11	1	1	2	2	3	1
TYR236A	8	4	32	10	2300	187.497159800301	8	4	34	8	1	1	1	1	1	1
ARG156A	8	4	27	10	126	49.5718750855913	6	3	26	5	1	1	3	1	5	0
VAL217A	7	7	23	19	2308	1324.01895752332	5	5	19	12	1	1	1	1	1	1
GLU271A	6	4	16	5	4648	2419.46651731818	5	4	12	6	3303	537.679412722793	3	2	4	1
PRO250A	5	4	13	8	3972	2004.5	5	4	16	9	1730	1730	3	3	5	3
ALA203A	7	6	20	14	178	68.9887098838687	5	4	17	11	1	1	1	1	1	1
GLU204A	5	2	19	3	186	1	5	2	19	2	1	1	1	1	1	1
THR125A	9	8	30	26	1659	1106.25057976292	7	6	32	21	557	297.877020366207	4	3	7	3
CYS124A	7	5	26	17	315	235.131821259399	6	4	20	12	254	93.6563957728139	4	2	11	2
CYS141A	9	7	29	14	996	601.28918656621	5	5	22	15	1	1	1	1	1	1
ALA129A	4	4	9	9	2	1.5	2	2	2	2	1	1	1	1	1	1
HIS233A	3	2	8	5	126	1	2	1	3	0	1	1	1	1	1	1
THR140A	6	4	16	8	382	241.429589504861	4	3	7	2	257	116.429589504861	2	2	3	2
CYS238A	10	6	32	13	2690	950.835517731192	9	5	45	15	960	368.835517731192	6	4	11	3
MET246A	9	5	26	12	946	493.531106031998	8	5	35	12	344	323.531106031998	5	3	12	6
LEU257A	9	7	28	19	2029	952.905267593635	8	7	39	22	1909	892.905267593635	5	4	16	5
LEU265A	8	5	25	15	294	251.5	6	4	26	10	102	52.2233171751402	5	2	10	1
PRO142A	7	5	22	12	678	64.6253939055617	4	3	9	5	1	1	1	1	1	1
ASP208A	4	4	7	5	1	1	1	1	1	1	1	1	1	1	1	1
LEU264A	5	5	15	12	63	63	2	2	3	0	72	20.7766828248598	2	2	4	1
ARG248A	4	3	9	2	292	95.5	4	3	9	2	197	1	2	1	2	0
MET243A	5	3	9	2	3	2.5	4	3	7	2	1	1	1	1	1	1
GLY187A	4	4	8	5	188	23.7824308225949	3	3	5	3	3	3	2	2	3	0
LEU188A	6	2	16	6	186	1	4	2	9	3	186	1	4	1	6	0
ALA189A	6	6	17	11	2049	1435.97529648197	4	4	14	8	786	234.234306705429	4	4	10	5
TYR205A	7	3	28	12	4632	930	7	3	26	9	2974	1	3	1	10	0
ARG110A	7	5	16	11	1126	817.553544986966	7	5	21	11	475	475	2	2	4	2
GLN192A	6	3	12	6	306	1	4	1	7	0	589	209.913003334881	4	3	10	5
PRO190A	7	5	20	11	1570	1570	2	2	6	2	3668	2110.34199589877	6	4	14	7
VAL143A	8	7	28	21	205	124	5	4	17	11	1	1	1	1	1	1
GLY266A	8	8	23	17	1767	1379.78043502528	5	5	18	9	1207	819.78043502528	5	5	15	7
ASN235A	5	5	14	8	528	426.654404719257	4	4	9	4	302	200.654404719257	2	2	3	2
LYS139A	5	1	16	1	411	1	4	1	10	0	1	1	1	1	1	1
ARG282A	9	7	24	14	2637	1394.84118431245	7	6	28	15	762	204.87256316042	2	2	3	2
PHE134A	7	5	27	12	690	314.596635261284	6	4	29	13	1	1	1	1	1	1
ARG158A	8	6	23	10	4389	2745.49468915065	5	5	15	9	2854	1810.08552175956	5	4	14	4
GLU258A	6	3	21	8	2884	590.844483134353	5	3	19	6	3784	479.34097918714	3	2	7	3
LYS164A	4	2	13	3	1258	497.212895404616	4	2	13	3	1	1	1	1	1	1
MET169A	8	4	18	5	1003	558	7	4	26	5	524	12	5	2	7	2
MET237A	8	5	23	10	1150	265.926301154135	7	5	26	14	1	1	2	1	3	0
PRO152A	5	4	13	10	811	273.950729194936	4	4	16	12	273	208.656547547563	3	3	5	4
LEU194A	7	7	28	23	262	214.968893968002	7	7	35	25	201	184.468893968002	4	4	10	5
PRO278A	10	9	30	24	1253	919.762527548009	9	8	33	18	621	621	3	3	4	2
ILE255A	9	5	32	14	3067	798.166312356612	6	3	27	5	2592	995.602000576222	5	3	14	6
TYR234A	7	4	27	11	1750	153.820544431373	5	3	18	5	178	26.3848562117637	2	2	5	5
LEU252A	5	5	12	10	743	622.775983737927	4	4	9	6	306	185.775983737927	2	2	2	2
VAL216A	9	9	26	19	2049	1928.13499035837	7	7	28	18	1995	1901.13499035837	6	6	18	13
GLY262A	5	5	9	6	1240	1128.49649605279	3	3	7	4	1	1	1	1	1	1
PRO98A	5	5	15	8	1556	1287.85379797594	4	4	16	9	767	767	2	2	3	1
VAL97A	6	5	14	9	544	489.5	5	4	18	4	435	435	2	2	4	1
GLN144A	8	5	23	8	2030	424.035049623374	5	4	15	7	510	86.6330001099276	2	2	2	2
PRO219A	3	3	7	7	390	207.603625239312	2	2	2	2	1	1	1	1	1	1
VAL218A	7	7	19	13	1123	578.336230475884	5	5	17	12	730	365.5	3	3	6	6
ILE232A	7	5	28	17	1141	375.497931066954	5	4	20	13	498	305.890494763461	3	3	5	5
ARG174A	4	3	14	6	187	48.1476151934168	3	3	7	4	288	48.1476151934168	3	2	5	3
GLN100A	4	3	12	5	328	132.224016262073	3	3	9	6	328	132.224016262073	3	3	5	2
ASN200A	5	2	15	6	420	140.175059640247	4	2	12	4	1	1	2	1	4	0
VAL197A	9	8	29	22	2942	1568.36500964163	7	6	27	16	849	404.365009641635	5	5	11	9
THR256A	5	5	19	17	943	388.21956497472	2	2	4	4	4155	3600.21956497472	4	4	10	7
VAL272A	8	7	31	18	858	728.068375837657	4	3	16	7	1952	1887	4	3	7	1
VAL274A	11	10	32	23	3386	3064.65444697861	9	8	38	20	400	223.809989329191	5	4	8	1
GLN136A	6	4	21	5	1198	505.763616296041	6	4	23	2	594	348.763616296041	4	3	6	3
LEU130A	7	6	14	10	1216	810.987753048666	6	6	17	12	1	1	1	1	1	1
SER127A	5	4	13	8	930	421.103043886601	5	4	16	9	1	1	1	1	1	1
LEU114A	3	3	11	7	310	187.874606094438	3	3	7	5	1	1	1	1	1	1
ALA276A	5	3	16	7	246	1	3	1	13	0	197	1	2	1	3	0
TYR103A	5	1	12	1	955	1	4	1	10	0	1	1	1	1	1	1
ALA159A	6	6	24	16	400	229.013143212014	4	4	15	10	680	509.013143212014	6	6	18	12
CYS275A	7	7	21	16	385	235.565898532615	5	5	22	18	50	23.1900106708091	2	2	4	3
LEU133A	7	7	25	18	402	367.47093355576	7	7	30	17	132	132	3	3	5	2
ALA161A	7	7	24	18	999	434.962611464922	5	5	21	19	672	493.375839501303	3	3	7	3
ASP207A	4	3	10	9	150	15.492154283622	3	3	9	9	133	12.9893930657582	2	2	4	4
LEU206A	5	3	15	7	220	38.8564310045829	4	2	13	4	220	38.8564310045829	4	2	12	3
ASN131A	4	3	11	3	1654	1026	4	3	12	2	1026	1026	3	3	2	0
PHE270A	8	3	25	7	3554	41.9993039626388	7	3	31	7	841	1	2	1	2	0
GLY244A	4	4	10	9	367	142.215037379509	3	3	6	6	1	1	1	1	1	1
GLY245A	7	7	20	15	2174	1608.80324329532	5	5	16	13	1	1	1	1	1	1
PRO223A	5	5	8	8	857	629.915379766195	4	4	10	7	1	1	1	1	1	1
LYS132A	4	3	13	5	2822	1992.10257789998	3	3	8	6	1859	1322.32058727721	2	2	2	1
GLU198A	5	3	14	6	672	242.916005775882	4	3	8	5	558	242.916005775882	4	3	6	2
ALA138A	4	4	13	7	214	139.621956906285	3	3	9	4	1	1	1	1	1	1
LEU137A	6	5	23	10	804	508	5	4	25	8	77	77	2	2	2	0
PRO191A	4	3	15	6	1619	1	2	1	6	0	1934	1725.08699666512	3	3	8	5
GLY112A	5	5	17	13	1404	1125.09795048655	3	3	9	5	1	1	1	1	1	1
PHE113A	6	3	19	4	1401	1365	5	3	21	3	518	518	2	2	2	0
HIS193A	7	7	17	12	458	389.839987564687	6	6	19	11	1034	461.025841928867	5	5	12	8
HIS214A	5	5	12	9	538	330.520242958274	5	5	12	9	521	316.023004176138	4	4	9	7
ILE251A	7	5	25	18	183	85.5	6	5	25	16	66	66	3	3	7	4
VAL172A	5	5	17	16	548	548	4	4	11	7	691	471.310190095721	2	2	2	2
SER261A	5	1	8	1	1	1	2	1	3	0	1	1	1	1	1	1
ILE195A	6	5	24	13	824	313.124160498697	6	5	24	12	702	215.624160498697	4	3	11	3
PHE109A	8	3	34	11	1420	235	8	3	37	9	1146	1	5	1	11	0
ASP259A	6	5	12	4	414	218.622913549183	3	2	8	2	1	1	1	1	1	1
LEU145A	6	6	26	20	416	246.392563696508	5	5	24	17	129	65	2	2	3	3
SER96A	3	1	9	1	186	1	3	1	12	0	1	1	1	1	1	1
ASP268A	4	4	14	11	186	123.923152642443	3	3	13	11	186	123.923152642443	2	2	1	1
SER269A	3	1	5	1	186	1	2	1	3	0	186	1	2	1	2	0
ILE254A	5	3	21	5	1058	800.648843101989	3	3	7	3	1801	693.648843101989	4	2	8	1
ASP186A	5	4	10	7	912	700.237843031621	4	3	8	4	912	700.237843031621	3	3	6	3
ASN263A	4	3	7	4	770	99.3770864508174	4	3	5	1	1	1	1	1	1	1
THR123A	4	4	15	11	306	154.236383703959	3	3	10	6	498	250.687498888151	4	4	11	7
SER185A	4	3	8	5	186	165.217569177405	3	3	5	4	1	1	2	1	1	0
TYR107A	5	2	14	3	360	65.3434524524375	4	2	10	3	257	65.3434524524375	2	2	2	2
VAL122A	9	7	23	17	333	234.136411957831	6	5	22	10	425	143.548884815807	6	5	10	4
GLY105A	7	7	17	13	513	513	6	6	18	9	1	1	2	2	4	1
VAL157A	9	8	30	24	1212	606.951099846952	7	6	28	18	649	334.109505236539	4	4	7	5
LEU111A	9	8	31	20	3803	3571.07684735756	8	8	32	18	186	63.0768473575573	2	2	1	1
GLU285A	6	4	19	7	1548	298.621374115945	5	4	16	7	1	1	1	1	1	1
THR284A	4	4	8	5	1	1	1	1	1	1	1	1	1	1	1	1
CYS135A	5	4	27	15	1158	222.263600969214	5	4	27	14	529	1	2	1	2	0
CYS220A	6	5	23	14	343	38.1584053895874	5	4	26	15	93	1	2	1	4	0
THR155A	9	8	26	19	2342	1597.65489735208	9	8	36	23	1566	1107.44907899945	5	5	11	6
GLU286A	4	3	13	7	63	32.6234275572452	3	2	9	3	1	1	1	1	1	1
SER240A	4	3	18	11	186	155	4	3	19	9	155	155	3	3	7	3
ARG209A	3	1	4	1	1	1	1	1	1	1	1	1	1	1	1	1
ASN210A	4	2	7	1	1	1	1	1	1	1	1	1	1	1	1	1
SER149A	4	2	11	2	104	104	3	2	8	1	1	1	2	1	4	0
ALA119A	4	3	11	4	369	369	2	2	5	3	1	1	2	1	5	0
LYS120A	2	1	3	1	1	1	1	1	1	1	1	1	1	1	1	1
HIS178A	5	2	12	3	3	1.26301330787248	3	2	8	2	1	1	1	1	1	1
CYS277A	7	4	16	4	253	71.7849444313607	3	2	9	1	1	1	1	1	1	1
HIS168A	4	3	9	7	186	89.1132733010266	3	2	9	5	186	89.1132733010266	2	2	4	3
ARG280A	5	2	13	3	158	87.2150555686393	2	2	2	1	1	1	1	1	1	1
PHE212A	3	1	7	1	186	1	2	1	3	0	1	1	1	1	1	1
ARG267A	5	4	12	6	396	347.449859059921	3	3	3	1	1	1	1	1	1	1
LYS101A	3	1	7	1	120	1	2	1	2	0	1	1	1	1	1	1
CYS182A	6	4	9	6	369	368.736986692128	3	3	8	5	186	1	2	1	1	0
PRO151A	6	5	14	10	554	210.449763924265	6	5	18	12	554	210.449763924265	5	4	8	5
THR150A	2	2	5	4	186	71.1958894826498	2	2	5	4	186	71.1958894826498	2	2	4	3
ASP228A	3	1	8	1	186	1	3	1	8	0	186	1	2	1	4	0
SER99A	5	4	10	5	384	49.5501409400793	3	2	4	2	1	1	1	1	1	1
PRO222A	4	2	9	2	1	1	2	1	4	0	69	69	2	2	2	0
GLY117A	4	4	11	8	322	177.976229449717	3	3	11	8	442	305.466583860979	3	3	5	2
SER116A	3	1	9	1	48	1	2	1	5	0	186	1	3	1	7	0
SER215A	6	3	19	7	928	259.717068048717	5	3	15	5	928	259.717068048717	5	3	16	4
PRO177A	5	5	12	10	245	155.48171932517	3	3	5	4	1	1	1	1	1	1
SER166A	2	2	3	2	1	1	1	1	1	1	1	1	1	1	1	1
LEU289A	3	3	8	7	186	68.1534979426506	3	3	6	6	1	1	1	1	1	1
MET160A	6	2	17	3	512	413	4	2	12	2	827	413	5	2	14	2
THR102A	2	2	4	1	1	1	1	1	1	1	1	1	1	1	1	1
ARG290A	2	2	1	1	2	1.82196707226191	2	2	1	1	1	1	1	1	1	1
GLU287A	2	2	1	1	2	1.17803292773809	2	2	1	1	1	1	1	1	1	1
GLY226A	3	3	1	1	3	2.48401449985422	2	2	1	1	1	1	1	1	1	1
SER227A	2	2	2	2	3	1.51598550014578	2	2	1	1	1	1	1	1	1	1
ASN288A	2	2	3	3	1	1	1	1	1	1	1	1	1	1	1	1
SER106A	2	1	6	1	186	1	2	1	5	0	1	1	1	1	1	1
GLY199A	3	3	6	4	264	264	3	3	6	3	1	1	1	1	1	1
SER260A	4	2	9	1	23	1	2	1	3	0	1	1	1	1	1	1
THR170A	5	4	13	8	118	55.5	3	2	12	3	69	69	3	3	6	2
ASN247A	4	1	10	1	96	1	3	1	6	0	1	1	1	1	1	1
VAL225A	2	2	2	2	1	1	1	1	1	1	1	1	1	1	1	1
SER183A	2	2	4	4	1	1	1	1	1	1	186	186	2	2	1	0
GLU180A	2	2	5	3	186	186	2	2	3	0	1	1	1	1	1	1
SER121A	2	2	8	7	1	1	1	1	1	1	186	186	2	2	5	4
HIS115A	1	1	1	1	1	1	1	1	1	1	1	1	1	1	1	1
ARG181A	1	1	1	1	1	1	1	1	1	1	1	1	1	1	1	1
LEU201A	1	1	1	1	1	1	1	1	1	1	1	1	1	1	1	1
GLU224A	1	1	1	1	1	1	1	1	1	1	1	1	1	1	1	1
