Degree	Degree_sidechain	SecondOrderDegree	SecondOrderDegree_sidechain	NodeEdgeBetweennessSTRIDE	NodeEdgeBetweennessSTRIDE_sidechain	IntermodularDegreeSTRIDE	IntermodularDegreeSTRIDE_sidechain	SecondOrderIntermodularDegreeSTRIDE	SecondOrderIntermodularDegreeSTRIDE_sidechain	NodeEdgeBetweennessWALKTRAP	NodeEdgeBetweennessWALKTRAP_sidechain	IntermodularDegreeWALKTRAP	IntermodularDegreeWALKTRAP_sidechain	SecondOrderIntermodularDegreeWALKTRAP	SecondOrderIntermodularDegreeWALKTRAP_sidechain
ARG110A	0.684838535279175	0.486222347908354	0.904313434354151	0.706383601801674	0.0204744745027391	0.136707368028731	0.913629379332207	1.04273353844655	1.13784935726124	1.51635419089474	-0.0604443234463909	0.235507890181177	0.514114105140441	0.078675639026943	1.32455275496944	0.431437276468178
TRP146A	0.684838535279175	0.00488665676289794	0.671285642898601	-0.4107069794879	-0.180562905109961	-0.223052792127778	0.425865184946178	0.478396980551027	0.0881603163139831	0.134182875191958	0.673459596200992	0.172700539241477	1.96097808674997	1.80079795995003	0.535429087442283	0.431437276468178
CYS229A	0.235127897112517	0.00488665676289794	0.205230059987502	0.227630495534714	1.24027089595026	0.671988360713955	0.913629379332207	0.478396980551027	0.279012869213485	0.652497118580502	0.832590866804146	1.38754398557706	0.514114105140441	0.939736799488486	0.535429087442283	0.876427556385618
ARG273A	0.684838535279175	-0.476449034382558	1.1373412258097	-0.251122610732247	-0.535135161135735	-0.340440482199203	0.425865184946178	-0.0859395773444958	-0.00726596013576785	-0.0385885392708899	-0.161385801067795	0.00450838608679228	1.96097808674997	0.939736799488486	1.58759397747849	0.431437276468178
ASP281A	-0.214582741054142	0.00488665676289794	0.321743955715277	-0.4107069794879	-0.573306815492576	-0.586732915004339	-0.54966320382588	-0.0859395773444958	-0.484397342384522	-0.0385885392708899	-0.280140480622387	-0.394425356215497	-0.209317885664322	0.078675639026943	0.00934664242417951	-0.0135530034492621
GLY105A	0.235127897112517	0.96755803905381	-0.260825522923597	0.0680461267790604	-0.154266876553025	0.422841681957639	0.913629379332207	1.60707009634207	0.374439145663236	0.479725704117654	-0.567526805144501	-0.475315078811535	-0.932749876469086	-0.7823855214346	-0.779777025102976	-0.458543283366702
SER106A	-1.56371465555412	-1.43912041667347	-1.30945058447357	-1.20862882326617	-0.663222267977581	-0.675327497615911	-1.03742739821191	-1.21461269313554	-0.866102448183526	-1.07521702604798	-0.567526805144501	-0.475315078811535	-0.932749876469086	-0.7823855214346	-0.779777025102976	-0.458543283366702
CYS242A	0.684838535279175	0.486222347908354	0.554771747170827	0.387214864290367	-0.734476022777019	-0.588273154239906	0.425865184946178	0.478396980551027	0.946996804361741	1.17081136196905	-0.440459298021087	-0.350584304699116	0.514114105140441	0.939736799488486	1.85063519998754	2.65638867605538
HIS179A	1.13454917344583	0.96755803905381	0.321743955715277	0.227630495534714	0.520099017084512	-0.468642128972282	0.913629379332207	1.04273353844655	1.23327563371099	1.51635419089474	1.31592241259134	-0.179177918632388	2.68441007755473	2.66185912041157	3.69192375755091	4.43634979572514
ARG175A	0.235127897112517	0.486222347908354	-0.0277977314680477	0.227630495534714	2.25478864285654	2.80557511060835	0.913629379332207	1.04273353844655	0.469865422112987	0.306954289654806	3.21243464507818	3.62093817471933	1.96097808674997	1.80079795995003	2.90280009002375	2.21139839613794
CYS141A	1.13454917344583	0.486222347908354	0.671285642898601	0.387214864290367	0.263924803400818	0.701714356010034	-0.0618990094398512	0.478396980551027	-0.102692236585519	0.306954289654806	-0.344268007581867	-0.3569541804721	-0.209317885664322	0.078675639026943	-0.516735802593924	-0.0135530034492621
TYR236A	1.13454917344583	0.00488665676289794	1.83642460017635	0.546799233046021	1.58975359806179	-0.0584544228670653	1.88915776810427	0.478396980551027	1.996685845309	0.652497118580502	-0.389394785812612	-0.475315078811535	-0.209317885664322	-0.7823855214346	-0.253694580084872	-0.903533563284142
ALA119A	0.235127897112517	0.00488665676289794	-0.0277977314680477	-0.4107069794879	-0.818453662362071	-0.664220856103157	-0.0618990094398512	-0.650276135240019	-0.579823618834273	-1.07521702604798	-0.567526805144501	-0.475315078811535	-0.932749876469086	-0.7823855214346	-0.779777025102976	-0.458543283366702
ARG283A	0.235127897112517	0.96755803905381	-0.260825522923597	0.227630495534714	-0.74465513060551	-0.543436129651958	-0.0618990094398512	0.478396980551027	-0.579823618834273	-0.902445611585129	-0.567526805144501	-0.475315078811535	-0.932749876469086	-0.7823855214346	-0.779777025102976	-0.458543283366702
PRO128A	-0.214582741054142	0.486222347908354	-0.493853314379147	-0.251122610732247	-0.094040488567786	0.521413125383331	-0.0618990094398512	0.478396980551027	-0.00726596013576785	0.134182875191958	-0.567526805144501	-0.475315078811535	-0.932749876469086	-0.7823855214346	-0.779777025102976	-0.458543283366702
TYR126A	0.684838535279175	-0.957784725528014	0.438257851443052	-1.04904445451051	1.61859440357585	-0.421037013449518	0.913629379332207	-0.650276135240019	0.279012869213485	-0.729674197122281	0.520266059575567	-0.475315078811535	0.514114105140441	-0.7823855214346	-0.516735802593924	-0.903533563284142
CYS176A	0.684838535279175	0.96755803905381	0.438257851443052	0.387214864290367	1.21312660840762	0.392876683505405	1.40139357371824	1.60707009634207	1.04242308081149	1.17081136196905	1.46436576203458	1.05519941655262	1.96097808674997	2.66185912041157	2.6397588675147	3.54636923589026
LEU188A	0.235127897112517	-0.476449034382558	-0.144311627195823	0.227630495534714	-0.425709751979455	-0.286595044669522	0.425865184946178	-0.0859395773444958	0.374439145663236	0.306954289654806	-0.567526805144501	-0.475315078811535	-0.932749876469086	-0.7823855214346	-0.779777025102976	-0.458543283366702
VAL203A	1.58425981161249	1.93022942134472	1.02082733008193	1.50430544557994	0.628676167255084	0.715842340523284	1.40139357371824	1.60707009634207	1.51955446306025	2.03466843428328	-0.567526805144501	-0.475315078811535	-0.932749876469086	-0.7823855214346	-0.779777025102976	-0.458543283366702
THR230A	0.235127897112517	0.96755803905381	-0.377339418651372	0.387214864290367	-0.706483476248668	-0.529535209894622	0.425865184946178	1.04273353844655	-0.388971065934772	-0.0385885392708899	-0.267077465871382	-0.117088310449302	0.514114105140441	0.939736799488486	-0.253694580084872	-0.458543283366702
THR231A	-0.214582741054142	0.486222347908354	-0.493853314379147	0.0680461267790604	-0.511383909535922	-0.161645327651039	-1.03742739821191	-0.650276135240019	-1.15238127753278	-0.902445611585129	-0.357331022332872	-0.330277155247489	-0.209317885664322	0.078675639026943	-0.516735802593924	-0.0135530034492621
ASN235A	0.235127897112517	0.486222347908354	0.205230059987502	0.0680461267790604	1.88834076103086	2.08024678509683	0.425865184946178	0.478396980551027	-0.00726596013576785	-0.211359953733738	2.76710459674846	2.69507723606801	1.2375460959452	0.939736799488486	1.06151153246039	0.876427556385618
GLU198A	-0.214582741054142	-0.476449034382558	-0.260825522923597	-0.4107069794879	0.255442213543743	-0.0310710478364206	-0.0618990094398512	-0.0859395773444958	-0.484397342384522	-0.211359953733738	0.836153507190784	0.447770462834902	0.514114105140441	0.939736799488486	0.00934664242417951	0.431437276468178
ARG213A	2.03397044977915	1.44889373019927	0.904313434354151	0.546799233046021	2.17335578022861	1.17230617927649	2.86468615687632	2.1714066542376	1.4241281866105	0.652497118580502	1.86100639174692	2.17195982853656	3.40784206835949	4.38398144133466	3.42888253504185	2.65638867605538
THR211A	0.684838535279175	0.96755803905381	0.205230059987502	0.0680461267790604	-0.187348976995621	0.368696804582963	-0.0618990094398512	-0.0859395773444958	0.0881603163139831	-0.0385885392708899	-0.562776617962318	-0.467358324788986	-0.209317885664322	0.078675639026943	-0.253694580084872	-0.903533563284142
GLN165A	-0.6642933792208	-1.43912041667347	-0.959908897290247	-1.20862882326617	-0.632684944492108	-0.675327497615911	-0.0618990094398512	-1.21461269313554	-0.484397342384522	-1.07521702604798	-0.567526805144501	-0.475315078811535	-0.932749876469086	-0.7823855214346	-0.779777025102976	-0.458543283366702
GLN167A	-1.11400401738746	-0.476449034382558	-1.54247837592912	-1.20862882326617	-0.81166759047641	-0.653114214590403	-1.03742739821191	-0.650276135240019	-1.05695500108303	-1.07521702604798	-0.567526805144501	-0.475315078811535	-0.932749876469086	-0.7823855214346	-0.779777025102976	-0.458543283366702
ARG156A	-0.214582741054142	-0.476449034382558	-0.144311627195823	-0.4107069794879	-0.56143118969267	-0.442273949537103	-0.0618990094398512	-0.0859395773444958	-0.484397342384522	-0.384131368196586	-0.198199751729718	-0.141397799854402	1.2375460959452	0.939736799488486	0.00934664242417951	-0.0135530034492621
VAL217A	0.684838535279175	1.44889373019927	1.02082733008193	1.82347418309125	0.397101464156911	0.747010380978231	0.425865184946178	1.04273353844655	0.374439145663236	0.998039947506197	-0.284890667804571	-0.190594732515417	0.514114105140441	0.939736799488486	0.535429087442283	0.431437276468178
ILE162A	0.684838535279175	-0.476449034382558	0.904313434354151	-0.889460085754861	4.70286407560866	2.37646215700971	0.913629379332207	-0.0859395773444958	0.851570527911991	-0.556902782659433	5.31914266037665	3.89726498196283	1.96097808674997	0.939736799488486	2.6397588675147	-0.458543283366702
VAL173A	1.13454917344583	1.93022942134472	1.02082733008193	1.9830585518469	2.37015186491277	3.97478234552674	0.913629379332207	1.60707009634207	0.75614425146224	1.86189701982044	0.487014749300281	0.132021209187951	0.514114105140441	0.939736799488486	0.00934664242417951	-0.0135530034492621
THR253A	0.684838535279175	1.44889373019927	1.48688291299303	1.18513670806863	0.797479705410895	0.68031497635958	0.425865184946178	1.04273353844655	0.75614425146224	0.998039947506197	-0.109133742063774	-0.0914016972235043	1.2375460959452	1.80079795995003	1.32455275496944	2.21139839613794
GLU271A	0.235127897112517	0.00488665676289794	-0.260825522923597	-0.570291348243554	2.43631606579797	0.183181587762271	0.425865184946178	0.478396980551027	-0.388971065934772	-0.0385885392708899	2.36096359267175	0.582534368546349	0.514114105140441	0.078675639026943	0.00934664242417951	-0.0135530034492621
PRO250A	-0.214582741054142	0.00488665676289794	-0.726881105834697	-0.729875716999207	-0.575003333463991	-0.301866676749559	0.425865184946178	0.478396980551027	-0.19811851303527	-0.556902782659433	-0.567526805144501	-0.475315078811535	-0.932749876469086	-0.7823855214346	-0.779777025102976	-0.458543283366702
ARG267A	0.684838535279175	0.00488665676289794	0.321743955715277	-0.4107069794879	-0.128819106981797	-0.220235624805431	-0.0618990094398512	-0.0859395773444958	-0.675249895284024	-0.902445611585129	-0.567526805144501	-0.475315078811535	-0.932749876469086	-0.7823855214346	-0.779777025102976	-0.458543283366702
ASN268A	-0.214582741054142	0.00488665676289794	0.438257851443052	-0.0915382419765931	0.0357431362454758	-0.285530680839277	-0.0618990094398512	-0.0859395773444958	-0.19811851303527	-0.384131368196586	0.0986869471567633	-0.475315078811535	-0.209317885664322	-0.7823855214346	0.272387864933231	-0.903533563284142
CYS124A	-0.214582741054142	0.00488665676289794	-0.0277977314680477	0.546799233046021	-0.661525750006166	-0.496929987271175	-0.0618990094398512	-0.0859395773444958	-0.293544789485021	-0.0385885392708899	-0.344268007581867	-0.219708538091127	0.514114105140441	0.939736799488486	0.00934664242417951	-0.0135530034492621
ALA129A	-1.56371465555412	-0.957784725528014	-1.42596448020135	-0.729875716999207	-0.825239734247732	-0.675327497615911	-1.52519159259794	-1.21461269313554	-1.24780755398253	-0.902445611585129	-0.567526805144501	-0.475315078811535	-0.932749876469086	-0.7823855214346	-0.779777025102976	-0.458543283366702
HIS233A	-1.11400401738746	-0.957784725528014	-1.07642279301802	-0.729875716999207	-0.688670037548809	-0.675327497615911	-1.03742739821191	-1.21461269313554	-1.05695500108303	-1.07521702604798	-0.567526805144501	-0.475315078811535	-0.932749876469086	-0.7823855214346	-0.779777025102976	-0.458543283366702
THR140A	0.235127897112517	0.00488665676289794	-0.0277977314680477	-0.251122610732247	-0.313739565866053	-0.18228037988787	-0.0618990094398512	-0.0859395773444958	-0.579823618834273	-0.729674197122281	-0.042631121513202	-0.0891404206419379	-0.209317885664322	0.078675639026943	-0.516735802593924	-0.0135530034492621
CYS238A	2.03397044977915	0.96755803905381	1.83642460017635	0.865967970557328	1.94093281814473	1.26293159487713	2.37692196249029	1.04273353844655	2.95094860980651	1.68912560535759	1.84556828340482	2.3018072066657	3.40784206835949	2.66185912041157	3.69192375755091	4.88134007564258
MET246A	2.03397044977915	0.486222347908354	1.1373412258097	0.706383601801674	-0.438433636765069	-0.298694103264532	2.37692196249029	1.04273353844655	2.28296467465825	1.34358277643189	-0.499836637798384	-0.3619313339902	-0.209317885664322	0.078675639026943	0.535429087442283	0.876427556385618
ASP208A	-0.6642933792208	0.00488665676289794	-0.959908897290247	-0.4107069794879	-0.825239734247732	-0.675327497615911	-1.52519159259794	-1.21461269313554	-1.24780755398253	-0.902445611585129	-0.567526805144501	-0.475315078811535	-0.932749876469086	-0.7823855214346	-0.779777025102976	-0.458543283366702
GLY187A	-1.56371465555412	-0.957784725528014	-1.30945058447357	-0.889460085754861	-0.663222267977581	-0.41015643149891	-1.03742739821191	-0.650276135240019	-0.961528724633277	-0.729674197122281	-0.567526805144501	-0.475315078811535	-0.932749876469086	-0.7823855214346	-0.779777025102976	-0.458543283366702
SER183A	-1.56371465555412	-0.957784725528014	-1.30945058447357	-0.729875716999207	-0.663222267977581	-0.595503239506246	-1.03742739821191	-0.650276135240019	-0.866102448183526	-0.384131368196586	-0.340705367195229	-0.360943513639149	-0.209317885664322	0.078675639026943	0.00934664242417951	0.431437276468178
ALA189A	-0.214582741054142	0.486222347908354	-0.260825522923597	0.0680461267790604	-0.525804312292951	-0.291950059007878	-0.0618990094398512	0.478396980551027	0.0881603163139831	0.306954289654806	-0.567526805144501	-0.475315078811535	-0.932749876469086	-0.7823855214346	-0.779777025102976	-0.458543283366702
TYR205A	2.03397044977915	0.00488665676289794	1.25385512153748	0.546799233046021	1.31491768669253	-0.0113316881229569	2.37692196249029	0.478396980551027	1.996685845309	0.652497118580502	-0.567526805144501	-0.475315078811535	-0.932749876469086	-0.7823855214346	-0.779777025102976	-0.458543283366702
PRO142A	0.235127897112517	0.00488665676289794	-0.0277977314680477	-0.0915382419765931	-0.351911220222894	-0.580251439706281	-0.54966320382588	-0.650276135240019	-1.05695500108303	-0.729674197122281	-0.567526805144501	-0.475315078811535	-0.932749876469086	-0.7823855214346	-0.779777025102976	-0.458543283366702
ILE254A	0.684838535279175	0.00488665676289794	1.37036901726525	-0.729875716999207	0.78136278468245	1.54992589650571	-0.0618990094398512	0.478396980551027	-0.388971065934772	-0.556902782659433	0.850404068737335	1.32057841639588	0.514114105140441	0.078675639026943	0.798470309951335	-0.0135530034492621
THR256A	1.13454917344583	1.44889373019927	1.37036901726525	1.50430544557994	0.183340199758597	0.199440226001261	0.425865184946178	0.478396980551027	0.0881603163139831	0.306954289654806	1.03209872845586	0.83826728632039	0.514114105140441	0.939736799488486	0.272387864933231	0.431437276468178
LYS139A	-0.214582741054142	-0.957784725528014	-0.144311627195823	-0.729875716999207	1.6135048496616	-0.372537447229959	0.425865184946178	-0.650276135240019	0.0881603163139831	-0.384131368196586	-0.567526805144501	-0.475315078811535	-0.209317885664322	-0.7823855214346	-0.516735802593924	-0.903533563284142
ILE195A	-0.214582741054142	0.00488665676289794	0.438257851443052	0.387214864290367	-0.0202419568112253	-0.16132368414539	0.425865184946178	0.478396980551027	0.469865422112987	0.652497118580502	0.0678107304725692	0.26114551654326	1.2375460959452	1.80079795995003	0.535429087442283	1.32141783630306
VAL216A	1.13454917344583	1.93022942134472	0.904313434354151	1.9830585518469	0.218967077158316	0.85461237076595	0.913629379332207	1.60707009634207	1.23327563371099	2.20743984874613	-0.567526805144501	-0.475315078811535	-0.932749876469086	-0.7823855214346	-0.779777025102976	-0.458543283366702
ARG282A	1.13454917344583	0.96755803905381	1.02082733008193	0.387214864290367	0.886546898910192	1.10735260144723	0.913629379332207	1.04273353844655	0.75614425146224	0.825268533043349	0.181815222844978	0.446347933189185	-0.209317885664322	0.078675639026943	-0.253694580084872	-0.0135530034492621
PHE134A	1.13454917344583	0.486222347908354	1.37036901726525	0.387214864290367	-0.288291796294825	-0.558254856632043	0.913629379332207	0.478396980551027	1.32870191016075	0.998039947506197	-0.522400026913756	-0.418968881811435	0.514114105140441	0.078675639026943	0.798470309951335	0.431437276468178
ARG158A	1.13454917344583	0.486222347908354	0.904313434354151	0.0680461267790604	1.35393760003508	1.0137302040328	0.913629379332207	1.04273353844655	0.279012869213485	0.479725704117654	0.837341053986329	1.12294301353401	1.2375460959452	0.078675639026943	0.798470309951335	-0.0135530034492621
GLU258A	-0.6642933792208	-0.476449034382558	0.321743955715277	0.0680461267790604	1.27165647842144	-0.148417893648263	-0.54966320382588	-0.650276135240019	-0.19811851303527	-0.384131368196586	2.43696658758669	1.64549138297379	0.514114105140441	0.939736799488486	0.272387864933231	0.431437276468178
LYS164A	-1.56371465555412	-0.957784725528014	-1.30945058447357	-0.889460085754861	-0.663222267977581	-0.494255635296498	-1.03742739821191	-0.650276135240019	-0.961528724633277	-0.556902782659433	-0.567526805144501	-0.475315078811535	-0.932749876469086	-0.7823855214346	-0.779777025102976	-0.458543283366702
GLU171A	-1.11400401738746	-0.957784725528014	-0.610367210106922	-0.4107069794879	-0.663222267977581	-0.619271781815377	-0.54966320382588	-0.650276135240019	-0.388971065934772	-0.0385885392708899	-0.567526805144501	-0.475315078811535	-0.209317885664322	-0.7823855214346	-0.516735802593924	-0.903533563284142
VAL172A	0.684838535279175	1.44889373019927	0.671285642898601	1.34472107682429	-0.0813166037821721	0.542238078219745	0.425865184946178	1.04273353844655	0.183586592763734	0.479725704117654	0.487014749300281	0.683748026195049	0.514114105140441	0.939736799488486	-0.253694580084872	-0.0135530034492621
GLY245A	1.13454917344583	1.44889373019927	0.554771747170827	1.18513670806863	0.476837808813424	1.05900732549995	0.913629379332207	1.04273353844655	0.75614425146224	1.68912560535759	-0.567526805144501	-0.475315078811535	-0.932749876469086	-0.7823855214346	-0.779777025102976	-0.458543283366702
LEU194A	0.235127897112517	0.96755803905381	1.1373412258097	1.6638898143356	-0.15257035858161	0.163522188584724	0.913629379332207	1.60707009634207	1.51955446306025	2.38021126320898	-0.0758824317884879	0.348208962522376	0.514114105140441	0.939736799488486	1.32455275496944	1.7664081162205
ARG202A	-0.6642933792208	-0.957784725528014	-0.959908897290247	-1.20862882326617	-0.625050613620739	-0.675327497615911	-1.03742739821191	-1.21461269313554	-1.24780755398253	-1.07521702604798	-0.287265761395663	-0.475315078811535	-0.209317885664322	-0.7823855214346	-0.516735802593924	-0.903533563284142
LEU201A	-1.56371465555412	-1.43912041667347	-1.54247837592912	-1.20862882326617	-0.825239734247732	-0.675327497615911	-1.52519159259794	-1.21461269313554	-1.24780755398253	-0.902445611585129	-0.567526805144501	-0.475315078811535	-0.932749876469086	-0.7823855214346	-0.779777025102976	-0.458543283366702
PRO278A	2.48368108794581	2.41156511249018	1.6033968087208	2.46181165811386	1.71529592794651	1.9424323150792	2.86468615687632	2.73574321213312	2.37839095110801	2.03466843428328	0.972721388678565	2.10466241300026	0.514114105140441	0.939736799488486	0.798470309951335	0.876427556385618
MET169A	0.235127897112517	-0.476449034382558	-0.377339418651372	-1.20862882326617	0.214725782229778	0.0438275403349093	0.425865184946178	-0.0859395773444958	0.183586592763734	-1.07521702604798	0.273256326102014	-0.475315078811535	-0.209317885664322	-0.7823855214346	0.535429087442283	-0.903533563284142
PRO223A	0.235127897112517	0.96755803905381	-0.0277977314680477	0.227630495534714	-0.444371449665022	-0.0547140776367383	-0.0618990094398512	0.478396980551027	-0.19811851303527	0.134182875191958	-0.567526805144501	-0.475315078811535	-0.209317885664322	0.078675639026943	-0.253694580084872	-0.0135530034492621
TYR220A	1.58425981161249	0.00488665676289794	1.95293849590412	0.546799233046021	0.627827908269376	-0.675327497615911	1.40139357371824	-0.650276135240019	2.47381722755776	-0.0385885392708899	-0.225513328027275	-0.263568085745272	1.2375460959452	0.939736799488486	0.535429087442283	0.431437276468178
LEU252A	-0.214582741054142	0.486222347908354	0.205230059987502	0.387214864290367	3.53990100620354	6.46901965546309	-0.0618990094398512	0.478396980551027	-0.00726596013576785	-0.0385885392708899	3.4250055214809	6.21233667714163	0.514114105140441	0.939736799488486	0.00934664242417951	-0.903533563284142
ASN239A	0.684838535279175	0.00488665676289794	1.1373412258097	0.865967970557328	-0.217886300481095	-0.133699463930029	0.425865184946178	0.478396980551027	1.04242308081149	1.34358277643189	0.123625429863228	0.300725280608928	1.2375460959452	1.80079795995003	1.06151153246039	1.7664081162205
VAL274A	2.48368108794581	2.89290080363563	2.18596628735967	2.62139602686952	2.12839805398611	3.61584948117126	2.37692196249029	2.73574321213312	2.66466978045726	3.07129692106037	0.0986869471567633	-0.100394933371976	1.2375460959452	0.939736799488486	1.06151153246039	1.32141783630306
PRO98A	-0.214582741054142	0.486222347908354	0.0887161642597272	0.227630495534714	1.72462677678929	2.89291489314836	-0.0618990094398512	0.478396980551027	0.279012869213485	0.652497118580502	3.84183444671752	5.52021463898407	1.96097808674997	2.66185912041157	3.69192375755091	3.9913595158077
VAL97A	0.684838535279175	0.486222347908354	-0.260825522923597	-0.251122610732247	-0.681035706677441	-0.523244682857885	-0.0618990094398512	-0.0859395773444958	0.0881603163139831	-0.556902782659433	0.72333656161392	0.0480609300222101	1.96097808674997	0.939736799488486	2.6397588675147	0.876427556385618
ASP207A	-0.6642933792208	0.00488665676289794	-0.610367210106922	0.227630495534714	-0.663222267977581	-0.636373006724723	-0.54966320382588	-0.0859395773444958	-0.579823618834273	0.306954289654806	-0.394144972994796	-0.440881404233481	0.514114105140441	0.939736799488486	-0.253694580084872	-0.0135530034492621
LEU206A	0.684838535279175	0.00488665676289794	0.671285642898601	0.546799233046021	-0.742958612634095	-0.623265115524877	0.425865184946178	-0.0859395773444958	0.183586592763734	0.306954289654806	-0.567526805144501	-0.475315078811535	-0.209317885664322	-0.7823855214346	-0.516735802593924	-0.903533563284142
GLN144A	1.13454917344583	0.486222347908354	0.787799538626376	0.0680461267790604	1.5914501160332	0.0943908722530718	0.425865184946178	0.478396980551027	0.0881603163139831	0.134182875191958	0.791026728960038	-0.136365305154791	0.514114105140441	0.078675639026943	0.272387864933231	-0.0135530034492621
PRO219A	-1.11400401738746	-0.476449034382558	-0.959908897290247	-0.0915382419765931	-0.625050613620739	-0.347681572989669	-1.03742739821191	-0.650276135240019	-1.24780755398253	-1.07521702604798	0.215066533120264	0.610973543652354	0.514114105140441	0.939736799488486	0.00934664242417951	0.431437276468178
VAL218A	1.13454917344583	1.93022942134472	0.787799538626376	1.82347418309125	0.289372572972046	0.469561980791015	0.913629379332207	1.60707009634207	0.851570527911991	1.68912560535759	0.731649389182742	0.57080637676794	1.2375460959452	1.80079795995003	1.06151153246039	0.876427556385618
GLN100A	-0.214582741054142	-1.43912041667347	-0.0277977314680477	-1.20862882326617	3.57298310664614	-0.675327497615911	-0.0618990094398512	-1.21461269313554	-0.293544789485021	-1.07521702604798	4.75862057287898	-0.475315078811535	0.514114105140441	-0.7823855214346	0.535429087442283	-0.903533563284142
ARG174A	0.235127897112517	-0.476449034382558	0.0887161642597272	-0.4107069794879	-0.393475910522566	-0.675327497615911	-0.0618990094398512	-0.650276135240019	-0.579823618834273	-1.07521702604798	-0.511712105753843	-0.475315078811535	0.514114105140441	-0.7823855214346	0.00934664242417951	-0.903533563284142
ASN200A	-0.214582741054142	-0.957784725528014	-0.0277977314680477	-0.251122610732247	-0.579244628392529	-0.569531967920874	-0.0618990094398512	-0.650276135240019	-0.102692236585519	-0.211359953733738	-0.567526805144501	-0.475315078811535	-0.932749876469086	-0.7823855214346	-0.779777025102976	-0.458543283366702
VAL197A	1.58425981161249	1.93022942134472	1.25385512153748	1.6638898143356	0.493802988527576	0.152948963784003	1.40139357371824	1.60707009634207	1.61498073951	2.03466843428328	-0.567526805144501	-0.475315078811535	-0.932749876469086	-0.7823855214346	-0.779777025102976	-0.458543283366702
PHE113A	0.684838535279175	0.00488665676289794	1.02082733008193	0.546799233046021	0.858554352381842	1.09618182366835	0.425865184946178	-0.0859395773444958	0.469865422112987	-0.384131368196586	-0.567526805144501	-0.475315078811535	-0.209317885664322	0.078675639026943	-0.516735802593924	-0.903533563284142
VAL143A	0.684838535279175	1.44889373019927	1.37036901726525	1.82347418309125	-0.413834126179549	-0.0568263983744237	0.425865184946178	1.04273353844655	0.660717975012489	1.17081136196905	-0.251639357529285	0.0538090636880308	-0.209317885664322	0.078675639026943	0.00934664242417951	-0.0135530034492621
GLN136A	0.684838535279175	0.486222347908354	0.904313434354151	-0.251122610732247	2.24460953502805	1.77030277003522	1.40139357371824	1.04273353844655	1.4241281866105	-0.211359953733738	1.53918121015397	0.649887250840645	1.96097808674997	1.80079795995003	0.535429087442283	-0.0135530034492621
ASP148A	-0.214582741054142	-0.957784725528014	-0.260825522923597	-0.729875716999207	-0.664070526963289	-0.579612121641978	-0.0618990094398512	-0.650276135240019	0.469865422112987	-0.384131368196586	-0.567526805144501	-0.475315078811535	-0.932749876469086	-0.7823855214346	-0.779777025102976	-0.458543283366702
SER149A	-0.6642933792208	-0.957784725528014	-0.377339418651372	-1.04904445451051	-0.664070526963289	-0.675327497615911	-0.54966320382588	-1.21461269313554	0.0881603163139831	-1.07521702604798	-0.567526805144501	-0.475315078811535	-0.932749876469086	-0.7823855214346	-0.779777025102976	-0.458543283366702
LEU130A	0.235127897112517	0.96755803905381	-0.144311627195823	-0.0915382419765931	0.805962295267971	1.04112524359225	0.913629379332207	1.60707009634207	0.279012869213485	0.652497118580502	0.915719142492361	1.59856147101116	1.2375460959452	1.80079795995003	1.06151153246039	1.7664081162205
SER127A	-0.214582741054142	-0.476449034382558	-0.377339418651372	-0.4107069794879	0.366564140671437	0.266021489665365	0.425865184946178	-0.0859395773444958	0.0881603163139831	-0.0385885392708899	-0.0925080869261309	-0.0818274026247677	-0.209317885664322	0.078675639026943	-0.253694580084872	-0.0135530034492621
LEU114A	-1.11400401738746	-0.476449034382558	-0.726881105834697	-0.4107069794879	-0.580092887378237	-0.439286805426564	-0.54966320382588	-0.0859395773444958	-0.770676171733775	-0.384131368196586	-0.567526805144501	-0.475315078811535	-0.932749876469086	-0.7823855214346	-0.779777025102976	-0.458543283366702
MET133A	-0.6642933792208	0.00488665676289794	-0.0277977314680477	-0.0915382419765931	0.975614092409489	1.61351943201538	-0.0618990094398512	0.478396980551027	-0.19811851303527	-0.0385885392708899	0.520266059575567	1.34678159235238	-0.209317885664322	0.078675639026943	-0.516735802593924	-0.903533563284142
ALA276A	-0.214582741054142	-0.476449034382558	0.321743955715277	0.0680461267790604	-0.4978117657646	-0.675327497615911	-0.54966320382588	-1.21461269313554	0.0881603163139831	-1.07521702604798	-0.173261269023254	-0.475315078811535	-0.209317885664322	-0.7823855214346	0.00934664242417951	-0.903533563284142
MET237A	0.235127897112517	0.00488665676289794	0.321743955715277	-0.251122610732247	1.39465403134904	0.391039361331835	0.425865184946178	0.478396980551027	0.183586592763734	0.306954289654806	2.31346172084992	0.844219350099152	1.2375460959452	0.939736799488486	1.06151153246039	1.32141783630306
ILE232A	-0.214582741054142	-0.476449034382558	0.205230059987502	0.227630495534714	-0.0635031650823126	-0.317138308829595	-0.54966320382588	-0.650276135240019	-0.293544789485021	-0.211359953733738	0.813590118075411	0.037895555642931	1.2375460959452	0.078675639026943	1.58759397747849	0.431437276468178
ARG168A	0.684838535279175	1.44889373019927	0.205230059987502	0.387214864290367	1.1215146379512	1.28660446543924	1.40139357371824	2.1714066542376	0.946996804361741	1.34358277643189	-0.567526805144501	-0.475315078811535	-0.932749876469086	-0.7823855214346	-0.779777025102976	-0.458543283366702
GLY266A	1.13454917344583	1.93022942134472	1.37036901726525	1.9830585518469	-0.20176937975265	0.345095191368361	0.425865184946178	1.04273353844655	0.469865422112987	0.652497118580502	-0.484398529456287	-0.336071883416913	-0.209317885664322	0.078675639026943	-0.253694580084872	-0.0135530034492621
TYR103A	-0.214582741054142	-1.43912041667347	-0.260825522923597	-1.20862882326617	-0.295077868180486	-0.675327497615911	-0.0618990094398512	-1.21461269313554	-0.19811851303527	-1.07521702604798	-0.567526805144501	-0.475315078811535	-0.932749876469086	-0.7823855214346	-0.779777025102976	-0.458543283366702
ALA159A	0.235127897112517	0.96755803905381	0.904313434354151	1.02555233931298	-0.633533203477815	-0.475130839728482	-0.0618990094398512	0.478396980551027	0.0881603163139831	0.479725704117654	-0.449959672385455	-0.39135858702997	0.514114105140441	0.939736799488486	1.06151153246039	0.876427556385618
TYR234A	0.684838535279175	0.00488665676289794	1.1373412258097	0.227630495534714	0.665999562626218	-0.430025559596104	0.425865184946178	-0.0859395773444958	0.469865422112987	-0.211359953733738	2.55215862675465	0.366473030353163	1.96097808674997	0.939736799488486	1.85063519998754	0.876427556385618
THR125A	1.13454917344583	1.44889373019927	1.25385512153748	2.30222728935821	1.64913172706132	2.28460393970459	0.913629379332207	1.60707009634207	1.04242308081149	2.20743984874613	-0.567526805144501	-0.475315078811535	-0.932749876469086	-0.7823855214346	-0.779777025102976	-0.458543283366702
CYS275A	1.13454917344583	0.96755803905381	1.1373412258097	1.50430544557994	-0.417227162122379	-0.383819048260654	0.913629379332207	1.04273353844655	1.23327563371099	2.03466843428328	-0.205325032502994	-0.3616933628948	1.2375460959452	0.939736799488486	1.58759397747849	0.876427556385618
PRO151A	1.13454917344583	0.96755803905381	0.787799538626376	0.546799233046021	0.865340424267502	0.967222163015718	1.88915776810427	1.60707009634207	1.996685845309	1.17081136196905	0.236442375440091	-0.475315078811535	0.514114105140441	-0.7823855214346	0.272387864933231	-0.903533563284142
CYS277A	0.684838535279175	0.486222347908354	0.321743955715277	-0.729875716999207	-0.602995879992342	-0.622087238986218	0.425865184946178	0.478396980551027	0.183586592763734	-0.729674197122281	-0.567526805144501	-0.475315078811535	-0.932749876469086	-0.7823855214346	-0.779777025102976	-0.458543283366702
VAL122A	0.684838535279175	1.44889373019927	0.787799538626376	2.14264292060256	-0.481694845036156	-0.333519721243918	0.425865184946178	1.04273353844655	0.469865422112987	1.68912560535759	-0.567526805144501	-0.475315078811535	-0.932749876469086	-0.7823855214346	-0.779777025102976	-0.458543283366702
GLN104A	0.684838535279175	0.00488665676289794	0.205230059987502	0.227630495534714	-0.180562905109961	-0.295989389634332	0.913629379332207	0.478396980551027	1.04242308081149	0.306954289654806	-0.567526805144501	-0.475315078811535	-0.932749876469086	-0.7823855214346	-0.779777025102976	-0.458543283366702
ASN131A	-1.11400401738746	-0.476449034382558	-0.493853314379147	-0.729875716999207	0.186733235701427	0.726659933807134	-0.54966320382588	-0.0859395773444958	-0.19811851303527	-0.384131368196586	0.192503144004891	0.797765564796443	-0.209317885664322	0.078675639026943	-0.516735802593924	-0.903533563284142
PHE270A	1.58425981161249	0.00488665676289794	1.25385512153748	0.546799233046021	3.17175660640645	0.00906215861280836	1.88915776810427	0.478396980551027	1.51955446306025	0.825268533043349	1.1235398317129	-0.475315078811535	0.514114105140441	-0.7823855214346	-0.253694580084872	-0.903533563284142
ARG196A	0.235127897112517	-0.476449034382558	0.438257851443052	-0.251122610732247	1.16307932825087	1.75965345644885	0.425865184946178	-0.0859395773444958	0.469865422112987	-0.0385885392708899	2.05101387903427	3.0135063581348	0.514114105140441	0.939736799488486	0.535429087442283	0.876427556385618
VAL272A	1.58425981161249	1.93022942134472	2.0694523916319	1.9830585518469	-0.514776945478752	-0.359817767718183	0.425865184946178	0.478396980551027	0.660717975012489	0.652497118580502	0.276818966488652	0.761960171694969	0.514114105140441	0.078675639026943	-0.253694580084872	-0.458543283366702
GLU221A	-1.11400401738746	-1.43912041667347	-1.07642279301802	-1.20862882326617	-0.760772051333954	-0.675327497615911	-1.03742739821191	-1.21461269313554	-0.961528724633277	-1.07521702604798	-0.286078214600117	-0.475315078811535	0.514114105140441	-0.7823855214346	0.00934664242417951	-0.903533563284142
LYS132A	-0.6642933792208	-0.476449034382558	-0.260825522923597	-0.570291348243554	1.64064913720424	2.22487511963093	-0.54966320382588	-0.0859395773444958	-0.579823618834273	-0.0385885392708899	2.88467172950751	3.68007227469035	0.514114105140441	0.939736799488486	0.535429087442283	0.876427556385618
GLY154A	-0.214582741054142	0.486222347908354	-0.493853314379147	0.227630495534714	-0.349366443265772	0.103525738465962	-0.0618990094398512	0.478396980551027	-0.293544789485021	0.306954289654806	-0.567526805144501	-0.475315078811535	-0.209317885664322	0.078675639026943	-0.253694580084872	-0.0135530034492621
SER260A	-0.6642933792208	-0.957784725528014	-0.726881105834697	-1.20862882326617	-0.666615303920412	-0.675327497615911	-1.03742739821191	-1.21461269313554	-1.05695500108303	-1.07521702604798	-0.567526805144501	-0.475315078811535	-0.932749876469086	-0.7823855214346	-0.779777025102976	-0.458543283366702
PRO153A	-1.11400401738746	-0.957784725528014	-0.959908897290247	-0.4107069794879	-0.825239734247732	-0.675327497615911	-1.52519159259794	-1.21461269313554	-1.24780755398253	-0.902445611585129	-0.567526805144501	-0.475315078811535	-0.932749876469086	-0.7823855214346	-0.779777025102976	-0.458543283366702
PRO152A	0.684838535279175	0.96755803905381	0.554771747170827	1.34472107682429	1.20718879550766	1.63334866187506	0.913629379332207	1.60707009634207	0.946996804361741	1.86189701982044	0.47276418775373	1.20853328356289	0.514114105140441	0.939736799488486	0.00934664242417951	-0.458543283366702
THR155A	1.13454917344583	1.44889373019927	0.671285642898601	1.34472107682429	1.51849984326235	2.26471539210729	1.88915776810427	2.1714066542376	1.8058332924095	2.55298267767183	-0.36089366271951	-0.244373542477315	1.2375460959452	1.80079795995003	0.535429087442283	0.431437276468178
LEU264A	0.684838535279175	0.486222347908354	0.787799538626376	0.706383601801674	-0.0219384747826405	0.238074062320308	-0.0618990094398512	-0.0859395773444958	-0.484397342384522	-0.556902782659433	-0.351393288355143	-0.475315078811535	0.514114105140441	-0.7823855214346	0.00934664242417951	-0.903533563284142
ALA138A	-0.6642933792208	0.00488665676289794	-0.610367210106922	-0.251122610732247	-0.663222267977581	-0.555570108777798	-0.54966320382588	-0.0859395773444958	-0.579823618834273	-0.384131368196586	-0.567526805144501	-0.475315078811535	-0.932749876469086	-0.7823855214346	-0.779777025102976	-0.458543283366702
LEU137A	0.235127897112517	0.00488665676289794	0.671285642898601	0.227630495534714	-0.663222267977581	-0.616473489381378	0.425865184946178	0.478396980551027	1.04242308081149	0.825268533043349	-0.465397780727552	-0.390989521670691	0.514114105140441	0.939736799488486	1.06151153246039	2.21139839613794
GLY112A	-0.214582741054142	0.486222347908354	0.205230059987502	1.02555233931298	0.632069203197914	1.24678198914563	-0.54966320382588	-0.0859395773444958	-0.579823618834273	-0.0385885392708899	-0.567526805144501	-0.475315078811535	-0.932749876469086	-0.7823855214346	-0.779777025102976	-0.458543283366702
ILE251A	0.684838535279175	0.486222347908354	1.1373412258097	1.50430544557994	-0.621657577677909	-0.530246992855562	0.913629379332207	1.04273353844655	1.04242308081149	1.51635419089474	-0.461835140340914	-0.298277301809801	-0.209317885664322	0.078675639026943	-0.516735802593924	-0.458543283366702
ARG290A	-1.11400401738746	-0.476449034382558	-1.42596448020135	-0.889460085754861	-0.825239734247732	-0.675327497615911	-1.52519159259794	-1.21461269313554	-1.24780755398253	-0.902445611585129	-0.567526805144501	-0.475315078811535	-0.932749876469086	-0.7823855214346	-0.779777025102976	-0.458543283366702
GLU287A	-1.56371465555412	-0.957784725528014	-1.6589922716569	-1.04904445451051	-0.825239734247732	-0.675327497615911	-1.52519159259794	-1.21461269313554	-1.24780755398253	-0.902445611585129	-0.567526805144501	-0.475315078811535	-0.932749876469086	-0.7823855214346	-0.779777025102976	-0.458543283366702
GLY262A	-0.214582741054142	0.486222347908354	-0.610367210106922	-0.0915382419765931	-0.664918785948996	-0.412933091877098	-0.54966320382588	-0.0859395773444958	-0.866102448183526	-0.729674197122281	-0.448772125589909	-0.276396228247789	-0.209317885664322	0.078675639026943	-0.516735802593924	-0.903533563284142
SER261A	-0.6642933792208	-1.43912041667347	-0.843395001562472	-1.20862882326617	-0.825239734247732	-0.675327497615911	-1.52519159259794	-1.21461269313554	-1.24780755398253	-0.902445611585129	-0.567526805144501	-0.475315078811535	-0.932749876469086	-0.7823855214346	-0.779777025102976	-0.458543283366702
SER96A	-0.214582741054142	-1.43912041667347	-0.144311627195823	-1.20862882326617	-0.663222267977581	-0.675327497615911	-0.54966320382588	-1.21461269313554	-0.19811851303527	-1.07521702604798	-0.340705367195229	-0.475315078811535	1.2375460959452	-0.7823855214346	1.85063519998754	-0.903533563284142
HIS193A	0.235127897112517	0.96755803905381	0.205230059987502	0.706383601801674	0.41491490285677	1.07442814613215	0.425865184946178	1.04273353844655	0.374439145663236	0.825268533043349	0.364697429359051	0.685040339082188	0.514114105140441	0.939736799488486	0.00934664242417951	0.876427556385618
HIS214A	-0.214582741054142	0.486222347908354	-0.493853314379147	0.0680461267790604	0.247807882672374	0.434795802573632	0.425865184946178	1.04273353844655	-0.293544789485021	0.306954289654806	0.332633665879311	0.128122237812957	0.514114105140441	0.939736799488486	0.00934664242417951	0.431437276468178
SER166A	-1.11400401738746	-1.43912041667347	-1.30945058447357	-1.20862882326617	-0.516473463450168	-0.675327497615911	-1.03742739821191	-1.21461269313554	-0.961528724633277	-1.07521702604798	-0.567526805144501	-0.475315078811535	-0.932749876469086	-0.7823855214346	-0.779777025102976	-0.458543283366702
ASN263A	-1.11400401738746	-1.43912041667347	-0.959908897290247	-1.20862882326617	-0.513928686493045	-0.675327497615911	-0.54966320382588	-1.21461269313554	-0.866102448183526	-1.07521702604798	-0.567526805144501	-0.475315078811535	-0.932749876469086	-0.7823855214346	-0.779777025102976	-0.458543283366702
ASP259A	0.684838535279175	0.486222347908354	-0.260825522923597	-0.729875716999207	-0.0397519134825	-0.28937170504771	-0.0618990094398512	-0.650276135240019	-0.293544789485021	-1.07521702604798	-0.567526805144501	-0.475315078811535	-0.932749876469086	-0.7823855214346	-0.779777025102976	-0.458543283366702
THR123A	-0.214582741054142	0.486222347908354	-0.144311627195823	0.546799233046021	-0.689518296534517	-0.606825861980766	-0.0618990094398512	0.478396980551027	-0.102692236585519	0.134182875191958	-0.383457051834883	-0.387112420024861	0.514114105140441	0.939736799488486	0.272387864933231	0.431437276468178
TYR107A	-0.214582741054142	-0.957784725528014	0.205230059987502	-0.570291348243554	-0.640319275363476	-0.634371961081409	-0.0618990094398512	-0.650276135240019	-0.00726596013576785	-0.211359953733738	-0.308641603715489	-0.41663431024754	0.514114105140441	0.078675639026943	0.272387864933231	-0.0135530034492621
LEU111A	2.48368108794581	2.41156511249018	2.0694523916319	2.94056476438082	0.873823014124578	1.90280166353211	1.40139357371824	2.1714066542376	1.51955446306025	2.38021126320898	0.902656127741355	1.49989600361093	2.68441007755473	3.52292028087311	1.85063519998754	2.65638867605538
PHE109A	1.13454917344583	0.00488665676289794	2.0694523916319	1.18513670806863	-0.100826560453447	-0.347208751428767	1.40139357371824	-0.0859395773444958	1.996685845309	0.306954289654806	-0.198199751729718	-0.258440428021515	-0.209317885664322	0.078675639026943	0.272387864933231	1.32141783630306
ALA161A	0.235127897112517	0.96755803905381	0.438257851443052	1.02555233931298	-0.102523078424862	-0.144510718564473	-0.0618990094398512	0.478396980551027	-0.00726596013576785	0.998039947506197	-0.0521314958775694	0.0135644453063487	0.514114105140441	0.939736799488486	0.798470309951335	0.876427556385618
LEU265A	0.684838535279175	0.96755803905381	0.787799538626376	1.34472107682429	-0.736172540748434	-0.564261082488372	0.425865184946178	1.04273353844655	0.374439145663236	1.17081136196905	-0.364456303106148	-0.274407039742151	1.2375460959452	0.939736799488486	0.272387864933231	-0.458543283366702
VAL157A	1.58425981161249	1.44889373019927	2.0694523916319	1.9830585518469	0.758459792068345	1.46200682849468	1.40139357371824	1.04273353844655	1.8058332924095	1.34358277643189	-0.383457051834883	-0.475315078811535	1.2375460959452	0.078675639026943	1.06151153246039	-0.458543283366702
GLU285A	0.235127897112517	0.00488665676289794	0.321743955715277	-0.251122610732247	0.687206037268908	-0.26453715503893	0.425865184946178	0.478396980551027	0.183586592763734	0.134182875191958	1.54986913131389	0.113262072430932	1.96097808674997	1.80079795995003	1.85063519998754	1.32141783630306
THR284A	-0.6642933792208	0.00488665676289794	-0.843395001562472	-0.4107069794879	-0.825239734247732	-0.675327497615911	-1.52519159259794	-1.21461269313554	-1.24780755398253	-0.902445611585129	-0.491523810229562	-0.348007014450738	-0.209317885664322	0.078675639026943	-0.779777025102976	-0.903533563284142
GLY108A	1.13454917344583	1.44889373019927	0.787799538626376	1.02555233931298	-0.324766932680251	-0.0748746908326489	1.40139357371824	1.60707009634207	1.71040701595975	1.68912560535759	-0.567526805144501	-0.475315078811535	-0.932749876469086	-0.7823855214346	-0.779777025102976	-0.458543283366702
TYR163A	-0.214582741054142	0.00488665676289794	0.321743955715277	0.865967970557328	1.15374847940808	-0.259274637017927	0.425865184946178	0.478396980551027	0.946996804361741	1.34358277643189	-0.567526805144501	-0.475315078811535	-0.932749876469086	-0.7823855214346	-0.779777025102976	-0.458543283366702
CYS135A	0.684838535279175	0.486222347908354	1.6033968087208	1.34472107682429	-0.663222267977581	-0.648826823457127	0.913629379332207	0.478396980551027	1.61498073951	1.17081136196905	-0.409583081336893	-0.475315078811535	1.2375460959452	0.078675639026943	0.535429087442283	-0.458543283366702
GLY279A	1.58425981161249	2.41156511249018	1.02082733008193	2.30222728935821	-0.654739678120505	-0.405506743090259	-0.0618990094398512	0.478396980551027	-0.388971065934772	-0.211359953733738	-0.567526805144501	-0.475315078811535	-0.932749876469086	-0.7823855214346	-0.779777025102976	-0.458543283366702
ARG280A	0.235127897112517	-0.476449034382558	-0.0277977314680477	-0.4107069794879	-0.692063073491639	-0.510599916557808	-1.03742739821191	-0.650276135240019	-0.961528724633277	-0.556902782659433	-0.491523810229562	-0.475315078811535	-0.209317885664322	-0.7823855214346	-0.779777025102976	-0.903533563284142
SER95A	-0.6642933792208	-0.476449034382558	-0.959908897290247	-0.570291348243554	-0.663222267977581	-0.675327497615911	-1.03742739821191	-1.21461269313554	-1.24780755398253	-1.07521702604798	-0.116259022837049	0.280576553330702	-0.209317885664322	0.078675639026943	0.00934664242417951	-0.0135530034492621
THR118A	-0.6642933792208	-1.43912041667347	-0.959908897290247	-1.20862882326617	-0.737869058719849	-0.675327497615911	-0.54966320382588	-1.21461269313554	-0.770676171733775	-1.07521702604798	-0.567526805144501	-0.475315078811535	-0.932749876469086	-0.7823855214346	-0.779777025102976	-0.458543283366702
SER215A	-0.214582741054142	-0.476449034382558	0.0887161642597272	-0.4107069794879	-0.498660024750308	-0.496232903222753	-0.0618990094398512	-0.0859395773444958	-0.19811851303527	-0.0385885392708899	-0.416708362110169	-0.475315078811535	-0.209317885664322	-0.7823855214346	0.00934664242417951	-0.903533563284142
SER94A	-1.56371465555412	-0.957784725528014	-1.54247837592912	-0.889460085754861	-0.663222267977581	-0.41015643149891	-1.03742739821191	-0.650276135240019	-1.24780755398253	-1.07521702604798	-0.567526805144501	-0.475315078811535	-0.932749876469086	-0.7823855214346	-0.779777025102976	-0.458543283366702
GLU286A	-0.214582741054142	-0.476449034382558	-0.493853314379147	-0.4107069794879	-0.485936139964694	-0.394625412217153	-0.54966320382588	-0.650276135240019	-0.484397342384522	-0.729674197122281	0.656833941063349	0.260387582313205	1.2375460959452	0.939736799488486	0.272387864933231	-0.0135530034492621
ASN210A	-0.6642933792208	-0.957784725528014	-0.959908897290247	-1.20862882326617	-0.825239734247732	-0.675327497615911	-1.52519159259794	-1.21461269313554	-1.24780755398253	-0.902445611585129	-0.567526805144501	-0.475315078811535	-0.932749876469086	-0.7823855214346	-0.779777025102976	-0.458543283366702
LYS120A	0.235127897112517	-1.43912041667347	-0.144311627195823	-1.20862882326617	-0.664070526963289	-0.675327497615911	-0.0618990094398512	-1.21461269313554	-0.388971065934772	-1.07521702604798	-0.567526805144501	-0.475315078811535	-0.932749876469086	-0.7823855214346	-0.779777025102976	-0.458543283366702
HIS178A	-0.214582741054142	-0.957784725528014	-0.610367210106922	-0.889460085754861	-0.749744684519756	-0.675327497615911	-1.03742739821191	-1.21461269313554	-0.770676171733775	-1.07521702604798	-0.461835140340914	-0.475315078811535	-0.209317885664322	-0.7823855214346	0.00934664242417951	-0.903533563284142
GLU224A	-1.56371465555412	-1.43912041667347	-1.6589922716569	-1.20862882326617	-0.825239734247732	-0.675327497615911	-1.52519159259794	-1.21461269313554	-1.24780755398253	-0.902445611585129	-0.567526805144501	-0.475315078811535	-0.932749876469086	-0.7823855214346	-0.779777025102976	-0.458543283366702
VAL225A	-1.11400401738746	-0.957784725528014	-1.6589922716569	-1.20862882326617	-0.825239734247732	-0.675327497615911	-1.52519159259794	-1.21461269313554	-1.24780755398253	-0.902445611585129	-0.567526805144501	-0.475315078811535	-0.932749876469086	-0.7823855214346	-0.779777025102976	-0.458543283366702
ILE255A	2.03397044977915	0.486222347908354	2.88504966172632	1.02555233931298	0.794086669468064	0.608339156993738	1.40139357371824	-0.0859395773444958	1.61498073951	-0.211359953733738	1.24229451126749	1.68417169248591	1.96097808674997	1.80079795995003	2.6397588675147	2.21139839613794
PHE212A	-0.6642933792208	-1.43912041667347	-0.493853314379147	-1.20862882326617	-0.663222267977581	-0.675327497615911	-0.54966320382588	-1.21461269313554	-0.675249895284024	-1.07521702604798	-0.567526805144501	-0.475315078811535	-0.932749876469086	-0.7823855214346	-0.779777025102976	-0.458543283366702
SER249A	-0.6642933792208	-0.476449034382558	-0.144311627195823	0.227630495534714	-0.313739565866053	-0.402434585272937	-0.0618990094398512	-0.0859395773444958	0.374439145663236	0.652497118580502	-0.567526805144501	-0.475315078811535	-0.932749876469086	-0.7823855214346	-0.779777025102976	-0.458543283366702
VAL147A	2.03397044977915	1.93022942134472	1.25385512153748	1.34472107682429	-0.638622757392061	-0.513587030586432	2.37692196249029	2.1714066542376	2.56924350400751	1.34358277643189	-0.229075968413912	0.0916036452951427	-0.209317885664322	0.078675639026943	0.00934664242417951	0.431437276468178
LEU145A	1.13454917344583	1.93022942134472	2.18596628735967	2.78098039562517	0.151106358301709	0.440417152854963	1.40139357371824	2.1714066542376	1.71040701595975	1.68912560535759	0.34450913383477	0.781852056751344	1.2375460959452	1.80079795995003	1.58759397747849	2.21139839613794
LEU257A	0.684838535279175	0.96755803905381	1.48688291299303	1.50430544557994	-0.305256976008977	-0.471379525118648	1.40139357371824	1.60707009634207	2.28296467465825	2.72575409213468	-0.36089366271951	-0.360137815164836	-0.209317885664322	0.078675639026943	-0.253694580084872	0.431437276468178
CYS182A	-0.214582741054142	0.00488665676289794	-0.843395001562472	-0.251122610732247	-0.825239734247732	-0.675327497615911	-1.52519159259794	-1.21461269313554	-1.24780755398253	-0.902445611585129	-0.567526805144501	-0.475315078811535	-0.932749876469086	-0.7823855214346	-0.779777025102976	-0.458543283366702
SER121A	-0.214582741054142	-0.476449034382558	0.205230059987502	-0.729875716999207	-0.664070526963289	-0.675327497615911	-0.0618990094398512	-0.650276135240019	0.469865422112987	-0.556902782659433	-0.421458549292352	-0.475315078811535	-0.209317885664322	-0.7823855214346	0.00934664242417951	-0.903533563284142
THR150A	-1.56371465555412	-0.957784725528014	-1.07642279301802	-0.570291348243554	-0.663222267977581	-0.583852752068825	-1.03742739821191	-0.650276135240019	-0.675249895284024	-0.211359953733738	-0.567526805144501	-0.475315078811535	-0.932749876469086	-0.7823855214346	-0.779777025102976	-0.458543283366702
PRO177A	-0.6642933792208	0.00488665676289794	-0.843395001562472	-0.0915382419765931	-0.249271882952276	0.00405404203310885	-0.54966320382588	-0.0859395773444958	-0.579823618834273	0.134182875191958	0.238817469031183	0.498097413568095	0.514114105140441	0.939736799488486	0.272387864933231	1.32141783630306
ASP228A	-0.6642933792208	-1.43912041667347	-0.726881105834697	-1.20862882326617	-0.663222267977581	-0.675327497615911	-0.0618990094398512	-1.21461269313554	-0.484397342384522	-1.07521702604798	-0.344268007581867	-0.475315078811535	-0.209317885664322	-0.7823855214346	0.00934664242417951	-0.903533563284142
PRO190A	0.235127897112517	0.486222347908354	-0.144311627195823	0.227630495534714	-0.419771939079502	-0.0664228301274612	-0.0618990094398512	0.478396980551027	0.0881603163139831	0.306954289654806	-0.567526805144501	-0.475315078811535	-0.932749876469086	-0.7823855214346	-0.779777025102976	-0.458543283366702
SER99A	-0.214582741054142	0.00488665676289794	-0.377339418651372	-0.889460085754861	-0.664070526963289	-0.602853898570578	-0.54966320382588	-0.650276135240019	-0.770676171733775	-0.729674197122281	-0.567526805144501	-0.475315078811535	-0.932749876469086	-0.7823855214346	-0.779777025102976	-0.458543283366702
PRO222A	-0.214582741054142	-0.476449034382558	-0.260825522923597	-0.889460085754861	-0.825239734247732	-0.675327497615911	-1.03742739821191	-1.21461269313554	-0.961528724633277	-1.07521702604798	-0.0343182939443805	0.206083567153424	0.514114105140441	0.939736799488486	0.272387864933231	-0.0135530034492621
GLY117A	-1.11400401738746	-0.476449034382558	-1.30945058447357	-1.04904445451051	-0.825239734247732	-0.675327497615911	-1.52519159259794	-1.21461269313554	-1.24780755398253	-0.902445611585129	-0.567526805144501	-0.475315078811535	-0.932749876469086	-0.7823855214346	-0.779777025102976	-0.458543283366702
SER116A	-0.6642933792208	-0.476449034382558	-0.493853314379147	-0.251122610732247	-0.421468457050917	-0.339559526052328	-0.54966320382588	-0.650276135240019	-0.484397342384522	-0.211359953733738	-0.567526805144501	-0.475315078811535	-0.932749876469086	-0.7823855214346	-0.779777025102976	-0.458543283366702
ARG248A	-1.11400401738746	-0.957784725528014	-1.1929366887458	-1.20862882326617	-0.663222267977581	-0.414321422066193	-0.54966320382588	-0.650276135240019	-0.770676171733775	-1.07521702604798	-0.567526805144501	-0.475315078811535	-0.932749876469086	-0.7823855214346	-0.779777025102976	-0.458543283366702
ASN247A	-0.6642933792208	-1.43912041667347	-0.610367210106922	-1.20862882326617	-0.665767044934704	-0.675327497615911	-0.54966320382588	-1.21461269313554	-0.579823618834273	-1.07521702604798	-0.567526805144501	-0.475315078811535	-0.932749876469086	-0.7823855214346	-0.779777025102976	-0.458543283366702
SER240A	-0.6642933792208	-0.476449034382558	0.321743955715277	0.387214864290367	-0.593665031149558	-0.40043812017525	-0.0618990094398512	-0.0859395773444958	0.565291698562738	0.479725704117654	-0.332392539626408	-0.081455754695317	0.514114105140441	0.939736799488486	0.798470309951335	0.876427556385618
PRO191A	-0.6642933792208	-0.476449034382558	-0.610367210106922	-0.4107069794879	-0.44521970865073	-0.675327497615911	-1.03742739821191	-1.21461269313554	-0.866102448183526	-1.07521702604798	-0.567526805144501	-0.475315078811535	-0.932749876469086	-0.7823855214346	-0.779777025102976	-0.458543283366702
GLN192A	-0.6642933792208	-0.957784725528014	-0.726881105834697	-0.889460085754861	-0.684428742620271	-0.610075978728482	-0.54966320382588	-0.650276135240019	-0.675249895284024	-0.902445611585129	-0.370394037083878	-0.381823219046574	0.514114105140441	0.078675639026943	0.00934664242417951	-0.903533563284142
GLY244A	-0.6642933792208	0.00488665676289794	-0.959908897290247	-0.251122610732247	-0.502901319678846	-0.456601531077918	-0.54966320382588	-0.0859395773444958	-0.675249895284024	-0.0385885392708899	-0.275390293440203	-0.295201875154138	-0.209317885664322	0.078675639026943	-0.516735802593924	-0.0135530034492621
MET160A	0.235127897112517	-0.476449034382558	0.205230059987502	0.0680461267790604	-0.670008339863242	-0.421263073011664	-0.0618990094398512	-0.0859395773444958	0.0881603163139831	0.306954289654806	-0.267077465871382	-0.222688138595577	1.96097808674997	0.078675639026943	1.32455275496944	-0.903533563284142
GLY226A	-1.11400401738746	-0.476449034382558	-1.42596448020135	-0.729875716999207	-0.825239734247732	-0.675327497615911	-1.52519159259794	-1.21461269313554	-1.24780755398253	-0.902445611585129	-0.567526805144501	-0.475315078811535	-0.932749876469086	-0.7823855214346	-0.779777025102976	-0.458543283366702
SER227A	-0.6642933792208	-0.476449034382558	-1.1929366887458	-0.729875716999207	-0.187348976995621	0.368696804582963	-0.54966320382588	-0.0859395773444958	-0.579823618834273	-0.556902782659433	-0.567526805144501	-0.475315078811535	-0.932749876469086	-0.7823855214346	-0.779777025102976	-0.458543283366702
THR102A	-0.6642933792208	0.00488665676289794	-0.610367210106922	-0.4107069794879	-0.704786958277253	-0.57675605419022	-1.03742739821191	-0.650276135240019	-1.05695500108303	-0.729674197122281	-0.567526805144501	-0.475315078811535	-0.932749876469086	-0.7823855214346	-0.779777025102976	-0.458543283366702
GLY293A	-1.11400401738746	-0.476449034382558	-1.6589922716569	-1.04904445451051	-0.340883853408696	0.117409040356904	-0.54966320382588	-0.0859395773444958	-1.05695500108303	-0.902445611585129	-0.567526805144501	-0.475315078811535	-0.932749876469086	-0.7823855214346	-0.779777025102976	-0.458543283366702
LEU289A	-1.11400401738746	-0.957784725528014	-1.1929366887458	-0.570291348243554	-0.0219384747826405	-0.388740282238166	-0.54966320382588	-0.650276135240019	-0.675249895284024	-0.211359953733738	0.105812227930039	-0.0646951850930388	-0.209317885664322	0.078675639026943	-0.253694580084872	0.431437276468178
GLY199A	-1.11400401738746	-0.476449034382558	-1.1929366887458	-0.729875716999207	-0.663222267977581	-0.41015643149891	-0.54966320382588	-0.0859395773444958	-0.770676171733775	-0.556902782659433	-0.567526805144501	-0.475315078811535	-0.932749876469086	-0.7823855214346	-0.779777025102976	-0.458543283366702
ASN288A	-1.56371465555412	-0.957784725528014	-1.54247837592912	-0.889460085754861	-0.825239734247732	-0.675327497615911	-1.52519159259794	-1.21461269313554	-1.24780755398253	-0.902445611585129	-0.567526805144501	-0.475315078811535	-0.932749876469086	-0.7823855214346	-0.779777025102976	-0.458543283366702
MET243A	-1.56371465555412	-1.43912041667347	-1.54247837592912	-1.20862882326617	-0.825239734247732	-0.675327497615911	-1.52519159259794	-1.21461269313554	-1.24780755398253	-0.902445611585129	-0.567526805144501	-0.475315078811535	-0.932749876469086	-0.7823855214346	-0.779777025102976	-0.458543283366702
ARG209A	-1.11400401738746	-1.43912041667347	-1.42596448020135	-1.20862882326617	-0.825239734247732	-0.675327497615911	-1.52519159259794	-1.21461269313554	-1.24780755398253	-0.902445611585129	-0.567526805144501	-0.475315078811535	-0.932749876469086	-0.7823855214346	-0.779777025102976	-0.458543283366702
LYS292A	-1.56371465555412	-1.43912041667347	-1.6589922716569	-1.20862882326617	-0.663222267977581	-0.675327497615911	-1.03742739821191	-1.21461269313554	-1.15238127753278	-1.07521702604798	-0.567526805144501	-0.475315078811535	-0.932749876469086	-0.7823855214346	-0.779777025102976	-0.458543283366702
THR170A	-0.6642933792208	-0.476449034382558	-0.377339418651372	-0.4107069794879	-0.681035706677441	-0.591394180227916	-0.54966320382588	-0.650276135240019	-0.19811851303527	-0.729674197122281	-0.567526805144501	-0.475315078811535	-0.209317885664322	-0.7823855214346	0.535429087442283	-0.903533563284142
LYS101A	-1.11400401738746	-1.43912041667347	-0.843395001562472	-1.20862882326617	-0.664070526963289	-0.675327497615911	-1.03742739821191	-1.21461269313554	-1.05695500108303	-1.07521702604798	-0.567526805144501	-0.475315078811535	-0.932749876469086	-0.7823855214346	-0.779777025102976	-0.458543283366702
GLU204A	-1.11400401738746	-1.43912041667347	-0.610367210106922	-1.20862882326617	-0.663222267977581	-0.675327497615911	-0.54966320382588	-1.21461269313554	-0.484397342384522	-1.07521702604798	-0.480835889069649	-0.475315078811535	-0.209317885664322	-0.7823855214346	-0.253694580084872	-0.903533563284142
SER241A	-1.11400401738746	-0.476449034382558	-0.610367210106922	-0.0915382419765931	-0.825239734247732	-0.675327497615911	-1.52519159259794	-1.21461269313554	-1.24780755398253	-0.902445611585129	-0.567526805144501	-0.475315078811535	-0.932749876469086	-0.7823855214346	-0.779777025102976	-0.458543283366702
HIS115A	-2.01342529372078	-1.43912041667347	-1.77550616738467	-1.20862882326617	-0.825239734247732	-0.675327497615911	-1.52519159259794	-1.21461269313554	-1.24780755398253	-0.902445611585129	-0.567526805144501	-0.475315078811535	-0.932749876469086	-0.7823855214346	-0.779777025102976	-0.458543283366702
GLU180A	-2.01342529372078	-1.43912041667347	-1.77550616738467	-1.20862882326617	-0.825239734247732	-0.675327497615911	-1.52519159259794	-1.21461269313554	-1.24780755398253	-0.902445611585129	-0.567526805144501	-0.475315078811535	-0.932749876469086	-0.7823855214346	-0.779777025102976	-0.458543283366702
ARG181A	-2.01342529372078	-1.43912041667347	-1.77550616738467	-1.20862882326617	-0.825239734247732	-0.675327497615911	-1.52519159259794	-1.21461269313554	-1.24780755398253	-0.902445611585129	-0.567526805144501	-0.475315078811535	-0.932749876469086	-0.7823855214346	-0.779777025102976	-0.458543283366702
SER269A	-2.01342529372078	-1.43912041667347	-1.77550616738467	-1.20862882326617	-0.825239734247732	-0.675327497615911	-1.52519159259794	-1.21461269313554	-1.24780755398253	-0.902445611585129	-0.567526805144501	-0.475315078811535	-0.932749876469086	-0.7823855214346	-0.779777025102976	-0.458543283366702
LYS291A	-2.01342529372078	-1.43912041667347	-1.77550616738467	-1.20862882326617	-0.825239734247732	-0.675327497615911	-1.52519159259794	-1.21461269313554	-1.24780755398253	-0.902445611585129	-0.567526805144501	-0.475315078811535	-0.932749876469086	-0.7823855214346	-0.779777025102976	-0.458543283366702
