Degree	Degree_sidechain	SecondOrderDegree	SecondOrderDegree_sidechain	NodeEdgeBetweennessSTRIDE	NodeEdgeBetweennessSTRIDE_sidechain	IntermodularDegreeSTRIDE	IntermodularDegreeSTRIDE_sidechain	SecondOrderIntermodularDegreeSTRIDE	SecondOrderIntermodularDegreeSTRIDE_sidechain	NodeEdgeBetweennessWALKTRAP	NodeEdgeBetweennessWALKTRAP_sidechain	IntermodularDegreeWALKTRAP	IntermodularDegreeWALKTRAP_sidechain	SecondOrderIntermodularDegreeWALKTRAP	SecondOrderIntermodularDegreeWALKTRAP_sidechain
CYS229A	5	4	15	9	1376	526.02559757578	5	4	15	9	769	526.02559757578	3	3	5	3
TRP146A	7	3	19	3	1396	325.423941740394	6	3	18	3	1396	325.423941740394	5	3	5	2
ARG273A	7	3	26	8	556	353.029985735193	5	3	13	6	689	1	4	1	8	0
ASP281A	5	4	17	7	186	46.0959761095386	3	3	8	6	1	1	1	1	1	1
ARG196A	8	6	25	12	1482	742.457046347195	7	6	25	15	205	1	2	1	4	0
ASP184A	5	5	14	9	186	39.7284951997601	4	4	18	14	1	1	1	1	1	1
ARG202A	4	3	9	2	734	448.727053404162	3	3	3	2	1	1	1	1	1	1
GLU221A	4	2	8	2	695	84.4349414744232	3	2	6	2	412	1	3	1	3	0
CYS242A	7	5	19	8	276	135.400767293103	5	4	22	11	1	1	1	1	1	1
HIS179A	7	5	20	10	3204	384.442548207726	7	5	26	11	1377	1	2	1	2	0
GLN104A	4	3	13	8	172	47.1295134238358	3	3	12	9	1	1	1	1	1	1
GLY108A	8	7	19	10	1314	761.144669930741	7	6	25	12	1	1	1	1	1	1
ARG175A	7	6	21	13	4024	3362.74674495502	7	6	30	16	1975	1377	3	2	6	0
GLY279A	8	8	26	22	275	257.572311569536	3	3	10	7	246	246	2	2	3	2
THR118A	6	4	15	8	1818	682.2909552752	6	4	11	7	1430	674.637963397879	4	3	3	2
PRO128A	4	4	9	5	592	592	3	3	9	3	1	1	1	1	1	1
TYR126A	7	2	19	3	3762	77	6	2	18	2	1876	1	3	1	6	0
ASP148A	4	3	11	8	186	46.8089599737125	3	3	12	9	1	1	1	1	1	1
VAL147A	7	5	19	8	582	582	5	3	23	4	340	340	2	2	4	2
CYS176A	7	6	20	11	2768	1041.08710243989	5	4	22	11	1	1	1	1	1	1
ARG249A	7	6	19	11	4526	1855.87969802452	7	6	21	12	2950	1029.87969802452	5	4	8	4
GLU171A	3	2	9	5	185	58.8267686838366	2	2	6	5	185	58.8267686838366	2	2	4	3
THR230A	6	6	13	12	751	625.09420776399	5	5	10	7	396	364.949623933664	3	3	3	1
THR231A	6	6	19	17	463	463	3	3	7	5	50	32.050376066336	2	2	2	2
ARG283A	4	4	12	9	353	246.013708145588	2	2	5	3	353	246.013708145588	2	2	3	2
TYR163A	4	3	16	9	1802	138.754073526737	4	3	18	9	1802	138.754073526737	4	3	10	4
SER241A	3	3	10	5	1	1	1	1	1	1	1	1	1	1	1	1
TYR239A	6	1	22	1	275	1	4	1	20	0	214	1	3	1	7	0
ARG213A	8	6	18	9	2110	499.906662989157	8	6	20	8	244	244	4	4	4	1
THR211A	6	5	13	8	729	729	3	2	10	5	1	1	1	1	1	1
GLN165A	4	4	7	5	918	338.161075120279	4	4	7	5	1	1	1	1	1	1
GLN167A	4	3	5	3	369	306.338924879721	2	2	3	3	1	1	1	1	1	1
GLY154A	5	5	15	12	200	200	4	4	14	9	1	1	2	2	2	0
PRO153A	3	2	6	4	1	1	1	1	1	1	1	1	1	1	1	1
ILE162A	6	2	21	2	2600	324.856547708102	5	2	17	2	1657	324.856547708102	4	2	7	2
VAL173A	8	8	19	18	2120	1789.98842630208	6	6	22	17	2090	1561.80380724796	4	4	7	4
THR253A	7	7	29	14	1540	781.137598122809	5	5	23	11	1	1	1	1	1	1
TYR236A	9	4	34	10	2118	364.993150039695	9	4	40	8	400	1	2	1	4	0
ARG156A	8	4	24	10	289	67.3393022883691	6	3	23	5	1	1	3	1	5	0
VAL217A	7	7	23	19	2282	1350.11028797804	5	5	19	12	1	1	1	1	1	1
GLU271A	6	4	16	5	5564	2375.34960718808	5	4	12	6	3516	2375.34960718808	4	4	5	4
PRO250A	5	4	12	8	4344	2156.5	5	4	15	9	3795	1882	4	3	8	3
ALA203A	8	7	23	18	178	64.5559491152011	6	5	25	17	3	1	2	1	1	0
GLU204A	5	2	19	3	186	1	5	2	20	2	1	1	1	1	1	1
THR125A	9	8	30	24	1716	1088.04991626376	7	6	29	20	479	240.005758418001	4	3	10	4
CYS124A	7	5	25	16	214	157.634424343444	6	4	20	11	184	74.1025446015337	5	3	14	6
CYS141A	8	7	25	14	816	556.346550336236	5	5	22	14	778	660.424705542126	5	5	8	5
ALA129A	4	4	8	8	2	1.5	2	2	2	2	1	1	1	1	1	1
HIS233A	3	2	7	5	150	1	2	1	2	0	1	1	1	1	1	1
THR140A	5	4	14	8	468	295.5815501179	3	3	4	2	319	146.5815501179	2	2	2	2
CYS238A	10	6	32	13	2420	923.069582059278	9	5	46	15	1862	599	6	3	12	1
MET246A	9	5	24	12	348	199.579970841965	8	5	34	12	77	4.57997084196497	4	2	6	2
PRO142A	7	5	21	12	501	46.9022974934706	4	3	9	5	1	1	1	1	1	1
ASP208A	4	4	7	5	1	1	1	1	1	1	1	1	1	1	1	1
LEU264A	6	6	16	14	49	49	3	3	5	2	55	14.9830157794466	2	2	4	1
LEU265A	8	5	25	16	473	345.5	6	4	25	9	308	41.0169842205534	5	2	9	1
GLY187A	3	3	6	4	3	3	2	2	3	1	1	1	1	1	1	1
LEU188A	6	2	16	7	188	3	4	2	8	4	3	3	2	2	1	0
ALA189A	6	6	17	12	1726	1249.23982304583	4	4	14	9	1	1	1	1	1	1
TYR205A	7	3	29	13	4334	995	7	3	29	11	2198	995	3	2	8	3
ARG110A	7	5	16	11	1358	1038.91685667171	7	5	21	11	700	700	2	2	4	2
GLN192A	6	3	12	6	306	1	4	1	7	0	306	1	3	1	4	0
PRO190A	7	5	20	11	1484	1484	2	2	6	2	1	1	1	1	1	1
VAL143A	7	6	20	15	399	204	5	4	14	9	74	74	2	2	3	1
GLY266A	8	8	21	17	1629	1342.09479892075	5	5	17	9	400	400	3	3	9	4
ARG282A	8	6	23	12	3078	1871.88229930295	6	5	24	11	833	266.348328456533	2	2	3	2
PHE134A	6	5	21	11	327	182	5	4	20	12	1	1	1	1	1	1
ARG158A	8	6	23	9	4028	2503.592623543	5	5	15	8	2562	1638.04221380941	5	4	12	4
GLU258A	6	2	21	5	2883	416.681180347844	5	2	19	4	2761	416.681180347844	3	2	7	3
LYS164A	3	2	9	3	186	131.638011145905	3	2	8	3	186	131.638011145905	2	2	3	3
LEU252A	6	6	16	9	6129	5978.72586928398	5	5	15	7	642	491.725869283983	2	2	3	2
SER269A	4	1	8	1	438	1	3	1	7	0	146	1	3	1	4	0
MET237A	8	5	24	10	1626	393.511849182928	7	5	28	15	1	1	2	1	5	0
PRO152A	5	4	13	9	643	221.499988368846	4	4	15	10	193	157.303778594453	3	3	3	1
LEU194A	7	7	27	23	412	328.420029158035	7	7	35	25	252	248.420029158035	3	3	8	3
ILE255A	9	5	30	14	2232	420.948532753406	6	3	24	5	2786	1	5	1	12	0
TYR234A	6	4	25	11	904	96.4606314448362	5	3	20	5	469	1	4	2	9	3
CYS220A	5	5	19	16	200	185.044146491729	5	5	25	19	88	73.0441464917292	2	2	4	4
THR155A	9	8	25	17	2252	1672.27025223708	9	8	34	20	1151	842.966462011475	5	5	10	4
VAL216A	9	9	26	19	1763	1671.12739522076	7	7	31	20	1550	1549	5	5	11	7
GLY262A	5	5	9	6	976	976	3	3	7	3	1	1	1	1	1	1
PRO98A	5	5	14	7	1725	1469.09333701084	4	4	14	7	214	136.008716937992	2	2	1	1
VAL97A	5	5	9	8	35	29.5	4	4	8	4	214	78.9912830620083	2	2	1	1
GLN144A	7	5	17	8	3055	619.481271223937	4	4	8	7	597	104.550460683826	2	2	2	2
GLN100A	4	3	11	6	919	289.774130716017	3	3	8	6	1146	289.774130716017	4	3	7	2
PRO219A	3	3	7	7	386	202.838005121415	2	2	2	2	1	1	1	1	1	1
VAL218A	7	7	19	14	909	445.76591660552	5	5	20	14	109	55	2	2	4	3
THR256A	6	6	18	16	914	287.905201079248	3	3	6	6	2875	2875	4	4	11	4
ILE232A	7	5	27	17	1614	404.606217083825	5	4	22	13	917	177.341784370663	5	4	11	5
ARG174A	4	3	14	6	158	40.4084116009887	3	3	7	4	158	40.4084116009887	2	2	3	3
MET169A	6	3	13	3	301	139.5	5	3	14	3	278	139.5	3	2	6	2
ASN200A	5	2	15	6	698	135.678134279279	4	2	13	4	1	1	1	1	1	1
VAL197A	10	8	32	23	2860	1532.87260477924	9	7	35	18	2214	1220	5	4	10	4
VAL272A	8	7	31	18	191	116.35507526435	4	3	17	7	611	611	2	2	3	0
VAL274A	11	10	32	23	3180	2925.53686909217	9	8	40	21	1510	1284.4458983178	6	5	13	3
LEU130A	7	6	13	9	936	641.610767769918	6	6	16	11	1	1	1	1	1	1
SER127A	5	3	12	6	568	295.024526389462	5	3	14	6	1	1	1	1	1	1
LEU114A	3	3	10	7	296	170.097702506529	3	3	6	5	1	1	1	1	1	1
ALA276A	5	3	15	7	25	1	3	1	13	0	7	1	2	1	3	0
GLN136A	6	4	21	6	1448	245.308260646509	6	4	23	3	702	140.147379122077	4	3	6	3
TYR103A	5	1	12	1	783	1	4	1	11	0	1	1	1	1	1	1
ALA159A	6	6	23	16	340	164.590835801758	4	4	15	10	223	222	4	4	12	8
CYS275A	7	7	21	16	766	404.335230572303	5	5	22	18	154	69.5541016822028	2	2	5	4
LEU133A	6	6	23	17	344	308.516012465171	6	6	27	15	217	181.516012465171	5	5	13	8
ALA161A	7	7	22	17	865	377.861505434833	5	5	21	19	286	286	3	3	7	2
ASP207A	4	3	10	9	150	21.5036292300424	3	3	9	9	131	18.5750673272722	2	2	3	3
HIS193A	7	7	17	12	402	335.983895534323	6	6	19	11	402	335.983895534323	4	4	7	5
ASN131A	4	3	12	3	222	146	4	3	14	2	146	146	3	3	5	0
PHE270A	9	3	23	7	7565	378.514176573147	8	3	32	7	3579	1	4	1	7	0
GLY244A	4	4	9	8	369	146.649253112445	3	3	6	6	1	1	1	1	1	1
GLY245A	7	7	20	15	2942	2115.19215536279	5	5	16	13	1	1	1	1	1	1
PRO223A	5	5	8	8	1012	733.90579223601	4	4	10	7	1	1	1	1	1	1
LYS132A	4	3	12	5	2271	1605.93269476865	3	3	8	6	1418	1011.01238166602	2	2	3	3
GLU198A	5	3	12	3	504	201.744777406532	4	3	11	3	504	201.744777406532	3	3	2	2
ASP228A	3	1	8	1	186	1	3	1	8	0	186	1	2	1	4	0
ASN235A	2	2	4	2	186	157.673672475568	2	2	3	2	186	157.673672475568	2	2	2	2
PRO191A	4	3	15	6	1544	1	2	1	6	0	1	1	1	1	1	1
ALA138A	4	4	13	9	202	135.533351567831	3	3	8	5	1	1	1	1	1	1
LEU137A	7	6	27	13	784	480	6	5	33	11	113	113	3	3	7	2
GLY112A	5	5	14	11	2299	1864.06918945989	3	3	8	5	1	1	1	1	1	1
PHE113A	5	3	16	4	3658	3626	4	3	16	3	3626	3626	3	3	5	0
HIS214A	5	5	12	9	480	303.104063634646	5	5	12	9	461	287.032625537416	4	4	6	4
ILE251A	6	5	23	18	186	84	6	5	25	16	1	1	2	2	3	1
VAL172A	5	5	16	15	634	634	4	4	10	6	777	529.196192752038	2	2	3	3
SER261A	5	1	8	1	1	1	2	1	3	0	1	1	1	1	1	1
ILE195A	6	5	25	13	774	294.150068263082	6	5	25	12	380	36	3	2	8	1
LEU257A	8	6	25	15	1861	1108.9893914968	7	6	33	21	2546	1099.9893914968	6	4	16	7
PHE109A	7	3	27	9	2064	321.753608617753	7	3	29	6	1534	321.753608617753	4	3	11	2
ASP259A	6	5	12	4	433	127.66486099533	3	2	8	2	1	1	1	1	1	1
LEU145A	6	6	23	17	1671	1073.98195866909	5	5	21	15	874	554.246391382247	3	3	6	5
SER96A	3	2	7	4	186	1	3	2	10	3	186	1	2	1	3	0
SER185A	3	1	8	1	186	1	2	1	6	0	1	1	1	1	1	1
ILE254A	6	3	22	4	1251	927.143452291898	3	3	6	2	1251	927.143452291898	3	3	7	4
ASP186A	4	4	8	6	731	573.782689701435	3	3	6	4	1	1	1	1	1	1
ASN263A	4	3	7	4	512	59.3351390046698	4	3	5	1	1	1	1	1	1	1
THR123A	6	5	19	12	273	139.852620877923	4	3	18	6	344	210.852620877923	4	4	9	5
TYR107A	5	2	14	3	178	36.6962214055468	4	2	10	3	165	36.6962214055468	2	2	2	2
VAL122A	9	7	24	18	352	244.395835202267	6	5	22	10	155	41	5	4	10	3
GLY105A	7	7	17	13	694	694	6	6	18	9	1	1	2	2	4	1
VAL157A	9	8	28	22	715	255.658215629337	7	6	27	18	463	246.658215629337	4	4	10	5
LEU111A	7	6	21	14	3679	3409.10804131366	6	6	22	13	3383	3261.10804131366	4	4	9	2
PRO278A	10	9	27	23	1073	671.092909265167	9	8	31	17	551	551	3	3	5	3
GLU285A	6	4	18	7	1298	259.079686897363	5	4	15	7	1	1	1	1	1	1
THR284A	4	4	9	6	1	1	1	1	1	1	1	1	1	1	1	1
CYS135A	5	4	26	15	352	82.4120420807803	5	4	28	14	268	53.5030128551486	3	2	6	4
HIS168A	4	3	9	7	186	96.5394597649089	3	2	9	5	186	96.5394597649089	2	2	4	3
GLU286A	4	3	13	6	136	69.4487362841463	3	2	9	2	1	1	1	1	1	1
SER240A	4	3	18	11	186	158	4	3	19	9	158	158	3	3	8	4
ARG209A	3	1	4	1	1	1	1	1	1	1	1	1	1	1	1	1
ASN210A	4	2	7	1	1	1	1	1	1	1	1	1	1	1	1	1
SER149A	4	2	10	2	14	14	3	2	7	1	1	1	1	1	1	1
ALA119A	4	3	11	4	369	369	2	2	5	3	186	186	3	2	5	0
LYS120A	2	1	3	1	1	1	1	1	1	1	186	1	2	1	2	0
HIS178A	5	2	12	3	73	1.64108359690403	3	2	8	2	1	1	1	1	1	1
CYS277A	7	4	16	5	255	49.4448773024992	3	2	9	1	1	1	1	1	1	1
ARG280A	6	3	14	5	193	144.555122697501	2	2	2	1	1	1	1	1	1	1
PHE212A	3	1	7	1	186	1	2	1	3	0	1	1	1	1	1	1
ARG267A	5	4	12	7	287	248.85342248259	3	3	3	1	193	154.85342248259	2	2	4	3
LYS101A	3	1	7	1	95	1	2	1	2	0	92	1	2	1	4	0
CYS182A	6	4	9	6	369	368.358916403096	3	3	8	5	186	1	2	1	1	0
PRO151A	5	3	12	2	554	116.356031775677	5	3	14	2	369	1	3	1	6	0
THR150A	2	2	4	2	186	70.6439682243225	2	2	4	2	1	1	1	1	1	1
LYS139A	4	2	13	3	168	27.8391184755676	3	2	7	3	153	1	2	1	4	0
ASP268A	4	4	13	9	186	122.891958686342	3	3	11	9	186	122.891958686342	3	3	5	3
SER99A	5	4	10	5	250	39.1465775174098	3	2	4	2	568	357.14657751741	5	4	7	3
PRO222A	4	2	8	2	1	1	2	1	4	0	66	66	2	2	2	0
LEU206A	5	3	15	7	220	46.7380493673562	4	2	13	4	220	46.7380493673562	4	2	11	3
GLY117A	4	4	11	8	329	183.794974240698	3	3	11	8	454	316.447966118019	3	3	5	2
SER116A	3	1	9	1	41	1	2	1	5	0	186	1	3	1	6	0
SER215A	6	3	19	7	844	243.538556475393	5	3	15	5	844	243.538556475393	5	3	15	4
PRO177A	5	5	10	8	189	120.158591524763	3	3	3	2	1	1	1	1	1	1
SER166A	2	2	3	2	1	1	1	1	1	1	1	1	1	1	1	1
LEU289A	3	3	8	7	186	68.4159695564741	3	3	6	6	1	1	1	1	1	1
MET160A	6	2	17	3	487	361	4	2	12	2	681	361	5	2	11	2
GLY226A	3	3	2	2	4	3.24774380902416	2	2	1	1	1	1	1	1	1	1
SER227A	2	2	2	2	4	1.75225619097584	2	2	1	1	1	1	1	1	1	1
THR102A	2	2	4	1	1	1	1	1	1	1	1	1	1	1	1	1
GLY199A	3	3	6	4	280	280	2	2	3	1	1	1	1	1	1	1
ASN288A	2	2	3	3	1	1	1	1	1	1	1	1	1	1	1	1
SER106A	2	1	6	1	186	1	2	1	5	0	1	1	1	1	1	1
MET243A	3	1	6	1	1	1	2	1	2	0	1	1	1	1	1	1
ARG248A	3	2	5	1	186	2	3	2	5	0	185	1	2	1	3	0
ASN247A	3	1	7	1	2	1	2	1	2	0	1	1	1	1	1	1
GLU224A	2	1	2	1	1	1	1	1	1	1	1	1	1	1	1	1
VAL225A	3	3	2	2	1	1	1	1	1	1	1	1	1	1	1	1
SER260A	4	2	9	1	10	1	2	1	3	0	1	1	1	1	1	1
THR170A	5	4	12	7	70	6.5	3	2	10	3	59	1	2	1	3	0
SER121A	3	2	10	7	1	1	1	1	1	1	186	115	3	2	7	3
SER183A	2	2	4	4	1	1	1	1	1	1	186	186	2	2	1	0
GLU180A	2	2	5	3	186	186	2	2	3	0	186	186	2	2	2	0
HIS115A	1	1	1	1	1	1	1	1	1	1	1	1	1	1	1	1
ARG181A	1	1	1	1	1	1	1	1	1	1	1	1	1	1	1	1
LEU201A	1	1	1	1	1	1	1	1	1	1	1	1	1	1	1	1
GLU287A	1	1	1	1	1	1	1	1	1	1	1	1	1	1	1	1
ARG290A	1	1	1	1	1	1	1	1	1	1	1	1	1	1	1	1
LYS291A	1	1	1	1	1	1	1	1	1	1	1	1	1	1	1	1
LYS292A	1	1	1	1	1	1	1	1	1	1	1	1	1	1	1	1
