Degree	Degree_sidechain	SecondOrderDegree	SecondOrderDegree_sidechain	NodeEdgeBetweennessSTRIDE	NodeEdgeBetweennessSTRIDE_sidechain	IntermodularDegreeSTRIDE	IntermodularDegreeSTRIDE_sidechain	SecondOrderIntermodularDegreeSTRIDE	SecondOrderIntermodularDegreeSTRIDE_sidechain	NodeEdgeBetweennessWALKTRAP	NodeEdgeBetweennessWALKTRAP_sidechain	IntermodularDegreeWALKTRAP	IntermodularDegreeWALKTRAP_sidechain	SecondOrderIntermodularDegreeWALKTRAP	SecondOrderIntermodularDegreeWALKTRAP_sidechain
CYS229A	5	4	15	9	1985	534.176396585154	5	4	14	8	1169	534.176396585154	3	3	5	3
TRP146A	7	3	19	3	1652	927.086003498473	5	3	14	3	3677	927.086003498473	5	3	5	2
ARG273A	7	3	25	7	915	602.453854811965	5	3	13	6	1231	1	4	1	7	0
ASP281A	4	3	15	7	373	85.9161730453043	3	3	8	6	1	1	1	1	1	1
GLY105A	7	7	17	13	1449	1449	6	6	18	9	1	1	2	2	3	1
SER106A	2	1	6	1	373	1	2	1	5	0	1	1	1	1	1	1
ARG196A	7	5	24	12	1097	492.186376926843	6	5	24	15	205	186.286360295041	2	2	3	3
ASP184A	5	5	15	10	373	74.5295927818677	4	4	17	13	373	74.5295927818677	4	4	4	4
CYS229B	5	4	15	8	2869	620.949888862928	5	4	14	8	1413	620.949888862928	3	3	5	3
THR230B	6	4	15	7	369	346.430224615277	5	4	11	5	271	267	3	2	5	1
ARG280B	5	1	12	1	585	1	2	1	2	0	1	1	1	1	1	1
CYS277B	7	3	14	2	1409	585	3	2	7	0	1	1	1	1	1	1
CYS242A	7	5	19	9	385	174.186208349333	5	4	23	12	53	32.3295860296372	2	2	4	3
HIS179A	8	6	22	12	5649	627.921934760368	8	6	32	16	2432	44.4260212323521	4	3	8	5
ARG202A	4	3	8	2	1743	1011.45145846479	3	3	3	2	1743	1011.45145846479	3	3	5	3
GLU221A	4	2	8	2	1008	189.041841013701	3	2	6	2	1221	189.041841013701	4	2	5	2
TRP146B	7	3	17	3	2175	1075.02991612356	5	3	13	3	2833	1075.02991612356	5	3	5	2
GLN104A	4	3	13	8	169	46.5940603256128	3	3	12	9	1	1	1	1	1	1
GLY108A	8	7	18	9	2235	1613.69406386523	7	6	26	12	1	1	1	1	1	1
ARG175A	7	6	21	14	6869	6032.63023973276	7	6	30	16	2465	2410.18404692309	3	3	6	5
GLY279A	8	8	23	20	1140	922.625860705864	3	3	9	7	1	1	1	1	1	1
THR118A	6	4	15	8	4421	1968.44827436868	6	4	11	7	1	1	1	1	1	1
CYS238B	10	6	31	12	8933	4364.40547043466	9	5	46	15	845	414.40547043466	5	4	8	3
CYS242B	7	5	20	8	332	160.605897718248	5	4	22	11	7	5.01196688250191	2	2	4	3
PRO128A	4	4	11	6	1624	1478.09451437455	3	3	10	5	1	1	1	1	1	1
TYR126A	7	2	19	3	2727	399	6	2	18	2	834	1	3	1	3	0
PRO219B	4	3	11	7	2295	1255.65556202402	3	2	5	2	2609	2129.26342260365	2	2	4	4
VAL218B	7	7	20	15	10497	5230.52183325995	5	5	19	14	16732	9464.80196654051	5	5	9	8
CYS176A	7	6	20	12	5613	2037.32191158994	5	4	23	12	345	71.6744474376553	2	2	4	3
ARG249A	7	6	19	11	18485	9885.08080474137	7	6	21	12	14801	8011.58080474137	5	4	10	5
GLU171A	3	2	12	5	373	117.799498888927	2	2	6	5	373	117.799498888927	3	2	8	3
ASN200B	5	2	16	6	16261	4145.88831569388	4	2	15	4	8144	4145.88831569388	3	2	12	4
GLY199B	4	4	8	4	39323	37809.3443257119	4	4	8	4	19650	18136.3443257119	2	2	1	1
ASP184B	5	4	19	10	17615	2870.00437728108	5	4	22	12	1	1	1	1	1	1
THR170A	8	7	19	14	18465	12658.9125522399	6	5	23	9	9122	3315.9125522399	5	4	7	4
THR253B	7	7	31	15	2567	1304.65117499335	5	5	24	11	1	1	2	2	4	1
TYR236B	10	4	37	10	3931	603.179515435438	10	4	48	8	1	1	1	1	1	1
PRO152B	5	4	13	9	1469	438.62857351402	4	4	16	11	395	271.383347049772	2	2	1	1
PRO153B	3	2	6	4	1	1	1	1	1	1	1	1	1	1	1	1
THR230A	6	5	12	9	374	356.534678555548	5	4	10	4	312	296.993654501193	3	3	4	2
THR231A	5	5	15	12	810	810	2	2	3	2	18	16.0063454988069	2	2	2	2
ARG273B	7	3	25	7	692	416.48896119124	5	3	13	6	996	1	4	1	7	0
SER240B	4	3	18	11	373	341	4	3	19	9	341	341	3	3	7	3
GLU271B	4	2	12	1	4007	734.950470447269	3	2	7	1	1940	734.950470447269	2	2	1	1
LEU252B	7	6	19	7	8159	8000.14803884297	6	5	17	4	4280	4121.14803884297	4	4	7	2
SER241A	3	3	10	5	1	1	1	1	1	1	1	1	1	1	1	1
TYR239A	6	1	22	1	727	1	4	1	21	0	268	1	3	1	6	0
ALA276B	5	3	14	7	232	1	3	1	12	0	196	1	2	1	3	0
CYS124B	8	6	27	18	3685	2331.69188317363	7	5	25	15	2801	820.050425691688	4	2	11	5
LEU133B	7	7	26	18	1845	1802.5495330372	7	7	32	17	702	702	3	3	9	5
LEU257B	9	7	27	19	4261	2172.12962278488	8	7	36	21	1502	1302	3	2	7	0
THR256B	5	5	19	17	2436	731.693965230419	2	2	4	4	3545	1840.69396523042	3	3	7	5
ARG213A	9	7	23	16	27787	5480.44925309346	9	7	34	17	1	1	2	2	4	3
THR211A	7	6	15	9	1473	1473	4	3	16	7	1	1	1	1	1	1
GLN165A	4	4	6	4	1115	208.373860159642	4	4	7	5	1	1	2	2	3	2
GLN167A	3	2	5	3	373	323.107820451228	2	2	3	3	1	1	2	1	3	0
GLY154A	5	5	15	12	1101	1101	4	4	15	9	1	1	1	1	1	1
PRO153A	3	2	6	4	1	1	1	1	1	1	1	1	1	1	1	1
ILE162A	7	3	22	7	3827	1247.95517443112	6	3	25	7	2227	462.95517443112	4	2	9	1
VAL173A	8	8	21	20	14425	12346.1087530318	6	6	24	19	23211	13530.7537748032	5	5	8	4
THR253A	7	7	28	14	880	456.517142276479	5	5	22	11	1	1	2	2	3	1
TYR236A	9	4	34	10	2137	253.619936560901	9	4	40	8	1	1	1	1	1	1
ARG156A	9	4	27	10	2174	447.306231698413	7	3	27	5	2174	447.306231698413	4	3	6	4
VAL217A	7	7	24	19	7507	4092.861106871	5	5	20	11	7135	3720.861106871	4	4	12	8
GLU271A	6	4	16	5	13655	6409.19274892237	5	4	13	6	11040	6409.19274892237	4	4	5	3
PRO250A	5	4	12	8	11397	6700.51831938913	5	4	16	9	10203	5664	3	2	7	3
LEU194B	7	7	29	21	687	586.555612321817	7	7	39	22	11	6.55561232181718	2	2	4	2
MET237B	7	3	25	9	3615	829.030423219785	6	3	27	9	1	1	1	1	1	1
CYS176B	7	6	20	11	11756	4896.13547375825	5	4	22	11	518	106.582562682838	2	2	4	3
HIS179B	7	5	20	10	12699	1181.85315808884	7	5	26	11	6225	1	3	2	5	3
THR123B	4	4	16	12	572	368.897251678767	3	3	12	7	572	368.897251678767	3	3	6	3
VAL122B	8	7	19	18	1050	972.390190675862	5	5	15	11	846	837.191934856233	4	4	7	3
ALA203A	7	6	21	15	367	130.845159597974	5	4	18	12	1	1	1	1	1	1
GLU204A	5	2	20	3	373	1	5	2	20	2	1	1	2	2	3	2
CYS220B	6	5	24	16	625	68.0895128830073	5	4	26	14	21	21	2	2	3	1
VAL157B	9	8	30	23	1846	807.294375054178	7	6	27	17	1006	267	5	4	13	6
PRO128B	5	5	14	9	1659	1659	4	4	15	8	1	1	1	1	1	1
SER127B	5	3	13	6	2381	1206.0572264755	5	3	16	6	1	1	1	1	1	1
MET246B	9	5	25	12	548	436.444387678183	8	5	35	12	438	326.444387678183	5	3	9	4
TYR239B	6	1	23	1	1146	1	4	1	20	0	1068	1	3	1	5	0
CYS124A	7	5	25	16	453	339.871034738439	6	4	19	11	417	147.465166393043	4	2	6	1
CYS141A	8	7	26	13	897	339.269376262637	5	5	22	14	1	1	1	1	1	1
ALA129A	5	4	10	8	2	1.5	3	2	7	2	1	1	1	1	1	1
CYS135B	8	6	32	20	3963	765.529333759537	7	5	39	16	1829	1	3	2	5	0
VAL274B	11	10	35	25	9011	7894.83021006903	9	8	44	22	1397	929.91001684483	5	4	8	1
HIS233A	3	2	7	4	138	1	2	1	3	0	1	1	1	1	1	1
THR140A	6	4	16	8	592	197.333598050622	4	3	7	2	1	1	1	1	1	1
VAL197B	11	9	32	24	9731	3930.97075109931	9	7	33	16	15557	10393.9707510993	9	7	18	9
ALA161A	8	8	27	21	4580	1969.47116640116	6	6	25	22	386	386	3	3	7	2
LEU252A	6	5	15	9	6000	4833.18647963871	5	4	13	5	3385	2218.18647963871	3	3	3	2
CYS238A	10	6	32	14	5791	1092.56994530036	9	5	48	16	666	386.569945300355	5	4	9	4
MET246A	9	5	25	12	1657	791.456461824983	8	5	34	12	942	139.456461824983	5	3	9	4
GLU198B	5	3	16	6	18720	3734.37871506579	4	3	9	5	13803	3734.37871506579	4	3	10	2
ARG213B	9	7	20	14	4789	609.232083671813	9	7	25	11	1	1	2	2	3	0
PRO98B	6	6	15	10	3509	3272.76791632819	4	4	15	8	1	1	1	1	1	1
GLY244B	5	5	10	8	373	153.433723518227	4	4	9	7	1	1	1	1	1	1
PRO177B	5	5	11	9	285	169.542524858563	3	3	5	4	1	1	1	1	1	1
CYS141B	8	6	29	14	4757	1609.30905680543	5	4	27	11	1	1	1	1	1	1
PRO142A	7	5	20	12	1009	68.1872619653148	4	3	8	5	1	1	1	1	1	1
GLY245B	7	7	21	16	10530	7960.52375162321	5	5	18	15	1	1	1	1	1	1
ASP208A	4	4	8	6	1	1	1	1	1	1	1	1	1	1	1	1
LEU264A	5	5	15	12	1015	1015	2	2	3	0	829	199.102980881839	2	2	3	1
LEU265A	8	5	25	15	863	818	6	4	25	10	833	630.897019118161	4	2	5	1
HIS193B	7	7	16	11	1347	1027.52039276753	6	6	17	9	1347	1027.52039276753	4	4	7	5
HIS214B	4	4	11	8	1141	597.643314253545	4	4	10	7	1141	597.643314253545	4	4	6	4
GLY187A	4	4	8	5	375	40.6610001428615	3	3	5	3	3	3	2	2	2	0
LEU188A	6	2	16	6	373	1	4	2	9	3	373	1	3	1	3	0
SER149B	4	2	10	2	389	81	4	2	12	1	5	1	2	1	2	0
VAL147B	6	4	15	6	305	305	5	3	17	3	659	659	2	2	4	2
ALA189A	6	6	17	11	3744	2462.52374757354	4	4	14	9	1477	431.738539676403	2	2	2	2
TYR205A	7	4	28	15	9341	983.709158500248	7	4	27	13	1	1	1	1	1	1
ASN247B	5	2	13	1	373	85.6209872575341	4	2	12	1	1	1	1	1	1	1
ARG110A	7	5	16	11	1367	979.998847515053	7	5	22	12	592	592	2	2	4	2
TYR163A	4	3	16	9	18561	1609.32371536744	4	3	18	9	18561	1609.32371536744	4	3	12	5
ARG156B	7	3	24	6	312	121.219809520984	6	3	26	5	312	121.219809520984	3	3	5	5
GLN192A	6	3	12	6	373	1	4	1	7	0	1115	304.87895813956	4	3	3	1
PRO190A	7	5	20	12	2598	2598	2	2	6	3	1	1	2	1	3	0
GLY266A	8	8	20	15	15839	12901.4388653097	5	5	15	7	15364	12426.4388653097	4	4	7	4
ASP207B	3	3	8	7	721	158.720555689601	2	2	5	5	721	158.720555689601	2	2	3	3
ASN235A	5	5	14	8	921	866.844719216673	4	4	9	4	1	1	1	1	1	1
LYS139A	5	1	15	1	654	1	4	1	10	0	1	1	1	1	1	1
ARG267B	6	5	14	5	723	629.061687995748	4	4	7	1	1	1	1	1	1	1
LYS101B	3	1	8	1	278	1	2	1	3	0	1	1	1	1	1	1
ARG282A	8	6	24	14	5441	1615.0031147838	6	5	25	13	1	1	1	1	1	1
PHE134A	6	5	21	11	2983	1875.79751862235	5	4	20	12	1	1	1	1	1	1
ARG158A	8	6	23	10	15676	10087.3989912944	5	5	15	9	8651	3900.26170935293	5	4	14	6
GLU258A	6	3	21	8	9034	2023.51214739427	5	3	19	6	1	1	1	1	1	1
LYS164A	4	2	11	3	955	66.1887260691238	4	2	12	3	503	66.1887260691238	3	2	5	3
THR140B	6	4	16	7	6230	3001.41914326913	4	3	8	3	5653	2563.10070759895	2	2	3	2
ARG175B	7	6	23	14	21379	14601.3751328697	7	6	31	15	6225	6225	2	2	2	1
ALA189B	7	6	18	12	10642	5710.740195913	5	4	21	10	1	1	1	1	1	1
LEU188B	5	3	13	6	847	297.511785536328	3	3	6	4	378	188.697518086458	2	2	3	3
MET237A	8	5	24	10	2129	404.517696559338	7	5	28	14	1	1	2	2	3	3
ASP259B	6	5	12	4	433	255.10655926723	3	2	8	2	1	1	1	1	1	1
SER261B	5	1	8	1	1	1	2	1	3	0	1	1	1	1	1	1
PRO152A	5	4	13	9	1377	433.62934638134	4	4	15	10	397	301.678904784548	3	3	3	1
LEU194A	7	7	28	24	3777	2806.04353817502	7	7	36	26	11	6.54353817501744	2	2	4	2
ALA119B	4	3	10	4	743	743	2	2	5	3	1	1	1	1	1	1
ARG158B	7	5	22	9	16031	9870.41341940873	5	5	15	9	15334	9525.5073191104	5	4	12	6
GLU258B	6	3	21	7	9261	1991.30009277715	5	3	19	6	7563	1778.7775970929	2	2	4	3
ILE255A	9	5	29	14	4017	537.936463684803	6	3	23	5	4442	1711.92185918117	6	3	17	6
TYR234A	7	4	26	11	2213	255.109042342804	5	3	18	5	877	125.123646846433	2	2	5	5
LEU206B	5	3	14	5	361	124.650035676813	4	2	13	4	361	124.650035676813	4	2	10	3
SER215B	6	3	18	6	1168	353.093899701672	5	3	15	5	552	1	4	2	12	1
GLY279B	8	8	24	21	408	394.808065143767	3	3	9	7	408	394.808065143767	3	3	6	5
THR118B	6	4	16	9	2863	1130.07133094347	6	4	12	8	2105	1122.70159943841	4	3	5	3
ASN263B	4	3	7	4	1075	118.89344073277	4	3	5	1	1	1	1	1	1	1
VAL216A	9	9	26	20	6654	6336.76293506365	7	7	29	20	4	2.5	2	2	5	5
GLY262A	5	5	9	6	1106	988.350570664236	3	3	7	4	1	1	1	1	1	1
PRO98A	6	6	17	10	12320	8074.55074690654	5	5	21	10	1	1	1	1	1	1
VAL97A	8	7	22	16	16158	12058.0874477601	7	6	30	10	13745	10430.0874477601	3	3	6	4
LYS101A	4	2	9	3	36265	1514.65567428809	3	2	5	3	19650	1514.65567428809	2	2	1	1
GLN144A	7	5	15	8	2931	674.523855720352	4	4	8	7	481	81.7375999163723	2	2	2	2
HIS178B	5	2	12	3	260	70.5865194981994	3	2	8	2	1	1	1	1	1	1
PRO219A	3	3	8	8	1030	544.506700521511	2	2	2	2	2401	1675.60818589613	3	3	4	4
VAL218A	8	8	22	15	2277	1189.79346389194	6	6	24	17	1372	240.89851462538	3	3	7	5
GLY112B	5	5	16	12	2213	1781.53141639666	3	3	7	5	1	1	1	1	1	1
PHE113B	6	3	20	4	2224	2128	5	3	22	3	696	696	2	2	3	0
ILE232A	7	5	26	15	1980	845.059123672897	5	4	21	12	1132	727.935819409138	2	2	5	3
ARG174A	4	3	14	6	453	163.68838940421	3	3	7	4	363	1	2	1	4	0
ASN200A	5	2	16	7	1411	432.861376510085	4	2	13	5	1	1	1	1	1	1
VAL197A	9	8	29	22	3669	1933.73706493635	8	7	31	19	1	1	1	1	1	1
GLY117B	4	4	11	8	486	268.180295823091	3	3	11	8	116	116	2	2	2	0
ALA129B	4	4	9	9	109	55	2	2	2	2	1	1	1	1	1	1
THR256A	5	5	18	16	9463	2938.56113469034	2	2	4	4	11792	5267.56113469034	3	3	8	5
VAL272A	8	7	31	18	702	594.873511161786	4	3	17	7	1153	1153	2	2	3	0
VAL274A	11	10	32	23	6097	5759.06840933863	9	8	41	22	415	218.501991046049	5	4	8	1
GLN104B	3	2	11	6	361	102.244196007309	2	2	6	5	1	1	1	1	1	1
GLY105B	7	7	18	13	1309	1309	6	6	19	9	12	12	2	2	3	1
ASP148B	4	3	11	8	373	93.1114371343046	4	3	15	9	1	1	1	1	1	1
GLN136A	6	4	22	6	3817	747.037286735663	6	4	23	2	1802	556.037286735663	4	3	5	2
LEU130A	7	6	13	10	3735	2536.47242056821	6	6	17	13	1	1	1	1	1	1
SER127A	6	5	13	10	2721	1369.06037888595	6	5	16	9	1	1	1	1	1	1
LEU114A	3	3	10	7	615	340.312738034685	3	3	6	5	1	1	1	1	1	1
VAL217B	7	7	23	19	8735	5110.8452385989	5	5	19	12	14015	5623.80168271468	5	5	14	12
PRO151B	6	4	14	5	1115	235.22509810743	6	4	19	5	377	235.22509810743	3	3	2	1
ALA276A	5	3	13	6	211	1	3	1	12	0	177	1	2	1	3	0
ASP268B	4	4	13	10	373	249.290354269498	3	3	10	9	373	249.290354269498	2	2	1	1
LEU111B	8	7	25	14	4852	4487.7096457305	6	6	21	12	373	124.709645730502	2	2	1	1
SER116B	3	1	8	1	258	1	2	1	4	0	373	1	3	1	4	0
PHE109B	6	3	29	10	2467	63	5	2	22	2	2405	1	4	1	7	0
CYS182B	6	4	10	6	669	599.413480501801	3	3	8	5	429	1	2	1	1	0
GLY187B	5	5	13	5	1616	1428.30248191354	3	3	7	3	1307	269.011587851251	4	4	4	3
SER96A	6	2	16	5	2473	1	6	2	23	2	1	1	1	1	1	1
ARG282B	9	7	25	13	5407	2700.59456039572	7	6	27	14	3744	1253.59456039572	3	3	9	7
THR125B	9	8	29	23	4593	3235.42190436381	7	6	28	18	6154	4371.11976181991	7	6	15	5
TYR103A	5	1	12	1	2385	1	4	1	10	0	1	1	1	1	1	1
ARG202B	4	3	11	4	4317	2430.35327892807	3	3	5	3	1	1	1	1	1	1
ALA159A	6	6	24	16	1082	817.454493972393	4	4	15	10	2149	1884.45449397239	6	6	15	8
THR125A	9	8	29	22	2871	2302.80196840405	7	6	27	18	417	270.534833606957	3	2	5	1
CYS275A	7	7	19	14	729	363.127981096682	5	5	21	16	40	18.4980089539507	2	2	4	3
ILE232B	7	5	27	16	2033	845.729544943859	5	4	21	12	1141	287.113432881044	4	3	6	3
THR155B	9	8	26	19	5351	3638.62515075087	9	8	36	22	1	1	1	1	1	1
LEU133A	6	6	22	17	623	587.094000791188	6	6	26	15	163	163	3	3	4	1
ARG249B	8	7	19	12	11867	6334.07461982622	8	7	22	13	6802	3801.57461982622	5	4	7	4
PRO250B	4	4	9	8	4431	4330.96175580125	4	4	10	8	2205	2205	2	2	4	3
ARG174B	4	3	13	5	316	80.1157372893244	3	3	6	3	316	80.1157372893244	2	2	3	3
ASP207A	4	3	10	9	372	50.980776174154	3	3	9	9	305	40.9739842454867	2	2	3	3
HIS193A	7	7	17	12	1874	1709.76652133535	6	6	19	12	1000	835.766521335347	4	4	5	3
ASN131A	4	3	11	3	1751	1353	4	3	12	2	1353	1353	3	3	2	0
PHE270A	8	3	22	7	4810	99.4894100008329	7	3	28	7	981	1	2	1	2	0
GLN165B	4	3	6	4	372	101.038244198745	2	2	3	3	1	1	1	1	1	1
HIS168B	4	3	10	7	741	392.111957849264	2	2	7	6	741	392.111957849264	2	2	4	3
GLY244A	4	4	9	8	743	302.506152467465	3	3	6	6	1	1	1	1	1	1
GLY245A	7	7	19	15	6917	4896.9615832751	5	5	16	13	1	1	1	1	1	1
PRO190B	7	5	20	11	2244	2244	2	2	6	2	1	1	1	1	1	1
PRO191B	4	3	15	6	2428	1	2	1	6	0	1	1	1	1	1	1
GLN167B	4	2	6	3	1	1	1	1	1	1	1	1	1	1	1	1
TYR234B	7	3	28	8	4378	268.465315302441	5	2	20	3	2077	1	3	2	11	2
PRO223A	5	5	8	7	896	834.465321444452	4	4	10	6	1	1	1	1	1	1
ASP281B	4	3	15	7	373	85.4767608795106	3	3	8	6	1	1	1	1	1	1
CYS275B	7	7	19	14	648	336.12426108442	5	5	20	15	286	128.08998315517	2	2	4	3
CYS220A	5	4	13	11	2057	1627.07788016973	3	3	14	9	2057	1627.07788016973	3	3	5	4
THR155A	9	8	25	17	5549	3402.50195487815	9	8	33	19	1744	1111.92211983027	3	3	4	2
ASN235B	5	5	14	7	2832	2188.52057733526	4	4	9	4	1512	868.520577335265	2	2	3	2
LYS132A	4	3	12	5	9261	6529.12189577761	3	3	8	6	6412	4566.6185250085	2	2	3	3
PHE270B	9	3	28	7	8106	583.626904597736	8	3	36	7	1	1	2	1	2	0
GLU198A	5	3	14	6	284	124.821682732705	4	3	13	5	1	1	1	1	1	1
SER260A	4	2	9	1	367	1	2	1	3	0	1	1	1	1	1	1
PRO278B	8	6	23	17	4289	3336	7	5	26	8	3341	2476	4	3	11	3
PRO142B	7	5	23	12	986	237.013876738945	4	3	10	6	1	1	1	1	1	1
LEU130B	7	6	14	9	1667	798.291309575524	6	6	16	11	1	1	1	1	1	1
ARG196B	9	7	29	14	3522	2359.40141605822	8	7	33	16	664	1	2	1	8	0
HIS233B	4	3	15	7	578	139.681564329816	3	2	11	2	1	1	2	1	8	0
PRO191A	4	3	15	6	2824	1	2	1	6	0	743	439.12104186044	2	2	3	2
TYR126B	7	2	21	3	5823	1852	6	2	22	2	1283	1	4	1	9	0
ALA138A	4	4	15	9	389	241.641727601809	3	3	9	4	1	1	1	1	1	1
LEU137A	8	7	29	15	1135	832	7	6	40	16	150	150	3	3	5	2
GLY112A	5	5	14	11	2036	1650.71374419602	3	3	7	5	1	1	1	1	1	1
PHE113A	5	3	14	4	1752	1731	4	3	14	3	672	672	2	2	2	0
HIS214A	5	5	12	9	1105	471.564313086288	5	5	12	9	586	125.259494419166	2	2	3	3
VAL172A	5	5	17	16	13451	13451	4	4	12	8	13037	9681.24622519684	2	2	4	4
SER261A	5	1	8	1	1	1	2	1	3	0	1	1	1	1	1	1
ILE195A	6	5	26	14	4475	1580.92008056703	6	5	26	13	57	57	2	2	4	1
LEU257A	8	6	27	16	12485	4525.46972335533	7	6	34	17	9127	3230	3	2	5	1
PHE109A	6	2	25	5	6639	228	6	2	26	2	3457	228	3	2	7	2
ASP259A	6	5	12	4	1018	241.802557506805	3	2	8	2	1	1	1	1	1	1
THR170B	7	6	13	9	1097	620.140950398841	5	4	16	5	1	1	3	3	5	1
VAL97B	6	6	14	13	1475	1218.85904960116	4	4	14	9	742	742	2	2	3	0
LEU145A	5	5	19	16	575	319.876695736241	4	4	15	12	290	145.5	2	2	5	3
LEU137B	7	6	27	13	2385	1997	6	5	33	9	697	697	2	2	2	0
GLU285B	6	4	17	6	511	104.806797092533	5	4	14	6	1	1	1	1	1	1
LYS132B	3	2	9	3	15	10.7505779787993	2	2	4	3	1	1	1	1	1	1
ARG110B	6	5	16	11	2519	1781.4714523877	6	5	19	11	933	933	2	2	4	2
ASP148A	4	3	11	8	373	93.7130282940994	4	3	17	9	1	1	1	1	1	1
ALA159B	6	6	23	14	3533	2186.31040633231	4	4	15	9	7	4	3	3	9	6
GLU221B	6	4	14	4	2289	632.991159047912	4	3	8	3	1877	206.977270019768	4	2	4	1
GLY262B	5	5	9	6	2116	1903.47750431574	3	3	7	4	1	1	1	1	1	1
SER96B	5	2	14	5	373	1	3	2	12	2	1	1	1	1	1	1
THR211B	8	6	15	9	2219	1840	5	3	16	7	1	1	1	1	1	1
GLU286B	4	3	13	7	955	486.65146394898	3	2	9	2	1	1	1	1	1	1
ILE254A	5	3	21	5	1867	1405.04482556888	3	3	7	3	3357	1323.04482556888	4	2	9	1
ASP186A	5	4	10	7	1847	1416.2614603236	4	3	8	4	1847	1416.2614603236	3	3	3	1
GLU171B	3	2	12	6	373	102.178036435447	2	2	7	6	373	102.178036435447	3	2	6	3
ASN263A	4	3	7	4	649	111.197442493195	4	3	5	1	1	1	1	1	1	1
MET169A	5	2	15	1	1319	476	4	2	16	0	476	476	3	2	5	0
SER166A	3	1	7	1	669	1	3	1	6	0	476	1	2	1	2	0
TYR163B	4	3	17	10	7063	411.135385889071	4	3	19	10	7063	411.135385889071	4	3	11	5
VAL173B	8	8	21	20	8584	7376.72949797518	6	6	22	17	8301	6559.92133203966	4	4	7	4
PHE134B	7	5	25	11	729	221.442624928667	5	4	21	13	506	1	3	1	8	0
THR123A	6	5	19	12	780	400.962713264337	4	3	17	6	780	400.962713264337	3	3	6	3
SER185A	4	3	8	5	373	335.338999857138	3	3	5	4	1	1	1	1	1	1
ILE195B	6	5	26	13	5879	1764.58015673294	6	5	26	12	3123	122	3	2	9	1
MET160B	6	2	18	3	592	471	4	2	12	2	977	471	5	2	9	1
TYR107A	5	2	14	3	383	96.3210952154517	4	2	11	3	381	96.3210952154517	2	2	2	2
TYR205B	7	3	30	15	14233	3745	7	3	31	12	7143	3745	3	2	13	6
GLU204B	5	2	18	2	373	1	5	2	19	2	1	1	2	2	2	2
VAL122A	8	7	19	18	422	272.374139294136	5	5	14	10	49	49	3	3	5	1
LEU265B	8	5	25	15	392	363.5	6	4	26	10	103	5	4	2	6	0
SER99B	5	4	12	5	538	94.9383120042522	3	2	6	3	1	1	1	1	1	1
GLY266B	8	8	21	17	3814	3083.30603476958	5	5	16	8	2723	1992.30603476958	5	5	10	4
MET169B	5	2	13	2	742	1	3	1	11	0	742	1	4	1	4	0
SER166B	3	2	6	2	1	1	1	1	1	1	1	1	1	1	1	1
VAL157A	9	7	31	20	2974	1298.56418059086	7	5	27	13	1698	660.564180590862	6	4	12	4
LEU111A	7	6	19	13	5859	5475.560729848	6	6	19	12	373	123.560729847995	2	2	1	1
ILE162B	6	2	22	3	6887	484.035706105786	5	2	19	3	4082	484.035706105786	4	2	9	1
ILE254B	7	4	24	5	1909	1425.96429389421	4	4	8	3	3603	1333.96429389421	5	2	10	1
VAL272B	8	7	29	16	537	386.542404973476	4	3	18	7	596	596	2	2	3	0
GLN192B	6	3	11	6	572	1	4	1	6	0	572	1	3	1	4	0
GLU180B	2	2	5	3	373	373	2	2	3	0	373	373	2	2	2	0
SER185B	7	4	19	9	998	129	5	2	20	3	930	851.290894062291	2	2	3	3
VAL143A	6	6	18	15	415	326	4	4	12	9	1	1	1	1	1	1
PRO278A	9	7	23	18	1956	1321	8	6	25	8	975	975	3	3	4	2
GLU285A	6	4	18	7	4771	889.699110608548	5	4	15	7	1	1	1	1	1	1
THR284A	4	4	7	4	1	1	1	1	1	1	1	1	1	1	1	1
PRO222B	4	2	10	3	1	1	2	1	4	0	1591	1385.02272998023	2	2	3	1
PRO223B	5	5	8	6	1559	1479.56977538472	4	4	10	6	1	1	1	1	1	1
CYS135A	5	4	25	15	833	251.199169915151	5	4	27	14	129	1	2	1	2	0
THR150B	2	2	5	3	373	142.77490189257	2	2	5	3	373	142.77490189257	2	2	2	2
GLN100A	3	2	8	4	2972	1167.81352036129	2	2	4	3	2972	1167.81352036129	2	2	2	2
ALA203B	7	7	20	19	363	127.089851046168	5	5	22	17	329	110.089851046168	3	3	12	10
GLY108B	8	7	18	9	2973	2008.17291447069	7	6	22	10	1104	1104	2	2	3	0
VAL172B	5	5	18	16	2247	2247	4	4	13	8	2565	1742.07866796034	2	2	3	3
ASP186B	7	4	18	8	10281	5084.90897545112	5	3	19	5	4624	1	3	2	5	3
VAL147A	7	5	18	7	2682	2682	6	4	23	4	2026	2026	2	2	4	2
SER106B	2	1	6	1	373	1	2	1	5	0	1	1	1	1	1	1
HIS168A	4	3	8	6	373	199.295981002268	3	2	9	5	373	199.295981002268	4	3	6	3
GLU286A	4	3	13	8	325	165.633433869797	3	2	10	4	1	1	1	1	1	1
ARG283B	4	4	12	8	412	195.533652654278	2	2	5	3	412	195.533652654278	2	2	3	2
SER240A	4	3	18	11	373	180	4	3	19	9	180	180	3	3	7	3
ARG209A	3	1	4	1	1	1	1	1	1	1	1	1	1	1	1	1
ASN210A	4	2	8	1	1	1	1	1	1	1	1	1	1	1	1	1
GLN100B	4	2	13	5	637	159.851961157033	3	2	8	4	637	159.851961157033	2	2	3	3
GLY154B	5	5	14	11	1103	1103	4	4	14	9	1	1	1	1	1	1
SER269A	3	1	5	1	373	1	2	1	3	0	373	1	2	1	2	0
SER149A	4	2	10	2	563	3	4	2	12	1	1	1	1	1	1	1
ALA119A	4	3	10	4	743	743	2	2	5	3	1	1	1	1	1	1
LYS120A	2	1	3	1	1	1	1	1	1	1	1	1	1	1	1	1
HIS178A	5	2	13	3	111	1.63006864451301	3	2	9	2	1	1	1	1	1	1
CYS277A	6	3	12	3	313	1	2	1	7	0	1	1	1	1	1	1
VAL216B	9	9	26	20	8874	7839.02924890069	7	7	30	20	8921	7903.02924890069	6	6	17	11
ILE251B	6	5	24	18	413	175	6	5	25	16	1	1	2	2	4	2
ARG280A	4	1	10	1	1	1	1	1	1	1	1	1	1	1	1	1
ARG283A	4	4	11	8	663	319.891335229444	2	2	5	3	1	1	1	1	1	1
PHE212B	3	1	9	1	373	1	2	1	3	0	1	1	1	1	1	1
TYR107B	5	2	14	3	475	124.616652950228	4	2	11	3	395	124.616652950228	2	2	1	1
PHE212A	3	1	8	1	369	1	2	1	3	0	1	1	1	1	1	1
THR231B	6	6	19	16	302	302	3	3	7	5	347	347	3	3	5	3
ALA161B	7	7	24	18	5058	2171.69034529188	5	5	20	17	386	386	3	3	7	2
ILE255B	9	5	32	15	4030	1077.22427836525	6	3	22	4	1689	413	4	2	10	1
ARG267A	5	4	13	7	16919	16887.738454443	3	3	4	2	1	1	1	1	1	1
GLN136B	7	4	22	5	3127	1480.10274832123	7	4	27	2	1414	399.102748321233	4	3	6	2
LYS139B	5	1	16	1	2415	1	4	1	12	0	1	1	1	1	1	1
LYS164B	3	2	5	1	3795	1206.04952955273	3	2	5	1	1940	1206.04952955273	2	2	1	1
CYS182A	6	4	10	7	743	742.369931355487	3	3	9	6	1	1	1	1	1	1
PRO151A	5	3	12	2	1217	387.67419331552	5	3	15	2	698	1	3	1	4	0
THR150A	2	2	4	2	373	133.32580668448	2	2	4	2	1	1	1	1	1	1
GLN144B	7	5	17	8	2981	635.488778616851	4	4	8	7	543	91.0201950135133	2	2	2	2
LEU114B	4	3	10	7	911	561.986123261055	3	3	6	5	373	1	2	1	1	0
ASP228A	3	1	8	1	373	1	3	1	7	0	373	1	2	1	4	0
ALA138B	5	5	14	6	471	365.725211757246	4	4	10	2	1	1	1	1	1	1
ASP268A	4	4	12	9	373	250.439270152005	3	3	11	9	373	250.439270152005	2	2	1	1
SER99A	5	4	10	5	386	32.2615455570227	3	2	4	2	1	1	1	1	1	1
LEU145B	5	5	21	18	1135	680.886567118956	4	4	15	13	997	611.886567118956	3	3	7	5
PRO222A	4	2	8	2	1	1	2	1	4	0	214	214	2	2	3	1
LEU206A	5	3	15	7	372	92.4332397991969	4	2	13	4	372	92.4332397991969	4	2	10	3
GLY117A	4	4	11	8	695	382.855307214029	3	3	11	8	325	325	2	2	2	0
SER116A	3	1	8	1	49	1	2	1	4	0	373	1	3	1	3	0
LEU264B	5	4	15	9	15	15	2	2	4	0	5	1	2	1	3	0
SER121B	2	2	7	7	1	1	1	1	1	1	1	1	1	1	1	1
SER215A	6	3	19	7	2877	772.137712278458	5	3	15	5	2188	772.137712278458	4	3	11	4
THR102B	2	2	5	1	1	1	1	1	1	1	1	1	1	1	1	1
TYR103B	6	1	14	1	1823	1	5	1	13	0	1	1	1	1	1	1
SER94B	3	1	8	1	373	1	3	1	7	0	1	1	1	1	1	1
ARG209B	3	1	4	1	1	1	1	1	1	1	1	1	1	1	1	1
ASP208B	4	4	9	6	1	1	1	1	1	1	1	1	1	1	1	1
ILE251A	7	5	26	19	318	92.5	6	5	26	17	1	1	2	2	4	2
PRO177A	5	5	10	9	251	159.032264257436	3	3	3	2	1	1	1	1	1	1
VAL143B	7	6	23	16	567	520	5	4	15	8	1	1	1	1	1	1
MET160A	6	2	19	3	1002	655	4	2	13	2	1096	655	5	2	11	2
THR102A	2	2	4	1	1	1	1	1	1	1	1	1	1	1	1	1
SER269B	4	1	9	1	4221	1	3	1	8	0	4221	1	3	1	5	0
SER95B	4	3	12	6	389	389	4	3	10	2	1	1	1	1	1	1
MET243B	4	2	8	1	373	288.379012742466	3	2	5	1	1	1	1	1	1	1
ASN210B	4	2	9	1	1	1	1	1	1	1	1	1	1	1	1	1
GLY199A	3	3	6	4	552	552	2	2	3	1	1	1	1	1	1	1
GLY226A	3	3	1	1	3	3	2	2	1	0	1	1	1	1	1	1
SER227A	2	1	2	1	3	1	2	1	1	0	1	1	1	1	1	1
GLY226B	3	3	1	1	3	3	2	2	1	0	1	1	1	1	1	1
SER227B	2	1	2	1	3	1	2	1	1	0	1	1	1	1	1	1
ASN288A	2	2	3	3	1	1	1	1	1	1	1	1	1	1	1	1
MET243A	3	2	6	3	1	1	2	1	2	0	1	1	1	1	1	1
LEU289A	3	3	8	7	373	137.239252301497	3	3	7	6	1	1	1	1	1	1
ASP228B	3	1	8	1	373	1	3	1	7	0	373	1	2	1	4	0
LEU289B	3	3	8	7	373	187	3	3	6	6	1	1	1	1	1	1
VAL225B	2	2	2	2	1	1	1	1	1	1	1	1	1	1	1	1
SER241B	4	3	10	5	373	1	2	1	1	0	1	1	1	1	1	1
SER183B	3	2	10	4	589	1	2	1	5	0	429	429	2	2	1	0
SER260B	4	2	9	1	368	1	2	1	3	0	1	1	1	1	1	1
THR284B	3	3	8	4	1	1	1	1	1	1	1	1	1	1	1	1
ASN131B	4	3	12	3	3803	1952	4	3	14	2	1952	1952	3	3	3	0
ASN247A	2	1	6	1	1	1	1	1	1	1	1	1	1	1	1	1
SER121A	3	2	10	7	1	1	1	1	1	1	1	1	1	1	1	1
VAL225A	2	2	2	2	1	1	1	1	1	1	1	1	1	1	1	1
SER183A	2	2	4	4	1	1	1	1	1	1	1	1	1	1	1	1
ARG248B	2	2	3	3	373	373	2	2	1	0	1	1	1	1	1	1
GLU180A	2	2	5	3	373	373	2	2	3	0	373	373	2	2	3	2
HIS115B	2	2	3	3	1	1	1	1	1	1	373	373	2	2	1	0
LYS120B	2	1	3	1	1	1	1	1	1	1	1	1	1	1	1	1
ARG290A	2	1	1	1	2	1	2	1	1	0	1	1	1	1	1	1
GLU287A	2	2	1	1	2	2	2	2	1	0	1	1	1	1	1	1
HIS115A	1	1	1	1	1	1	1	1	1	1	1	1	1	1	1	1
ARG181A	1	1	1	1	1	1	1	1	1	1	1	1	1	1	1	1
LEU201A	1	1	1	1	1	1	1	1	1	1	1	1	1	1	1	1
GLU224A	1	1	1	1	1	1	1	1	1	1	1	1	1	1	1	1
ARG248A	1	1	1	1	1	1	1	1	1	1	1	1	1	1	1	1
ARG181B	1	1	1	1	1	1	1	1	1	1	1	1	1	1	1	1
LEU201B	1	1	1	1	1	1	1	1	1	1	1	1	1	1	1	1
GLU224B	1	1	1	1	1	1	1	1	1	1	1	1	1	1	1	1
GLU287B	1	1	1	1	1	1	1	1	1	1	1	1	1	1	1	1
ASN288B	1	1	1	1	1	1	1	1	1	1	1	1	1	1	1	1
