Degree	Degree_sidechain	SecondOrderDegree	SecondOrderDegree_sidechain	NodeEdgeBetweennessSTRIDE	NodeEdgeBetweennessSTRIDE_sidechain	IntermodularDegreeSTRIDE	IntermodularDegreeSTRIDE_sidechain	SecondOrderIntermodularDegreeSTRIDE	SecondOrderIntermodularDegreeSTRIDE_sidechain	NodeEdgeBetweennessWALKTRAP	NodeEdgeBetweennessWALKTRAP_sidechain	IntermodularDegreeWALKTRAP	IntermodularDegreeWALKTRAP_sidechain	SecondOrderIntermodularDegreeWALKTRAP	SecondOrderIntermodularDegreeWALKTRAP_sidechain
ILE105O	-0.121404555620989	-0.424180362990528	-0.559168283951557	-0.475300595418322	-0.437670259063805	-0.405726411386239	-0.0474986089029657	-0.0868351103572166	-0.176424123385272	-0.045872379161422	-0.361686468436996	-0.289182171617005	-0.577611324158722	-0.505988712231128	-0.497285186962948	-0.317704651867235
ILE14O	-1.07707631397082	-0.424180362990528	-0.825728319934676	-0.1224172029312	-0.503724660780956	-0.400021022597689	-0.550328710048156	-0.0868351103572166	-0.501397358660944	0.110603403089206	-0.361686468436996	-0.289182171617005	-0.577611324158722	-0.505988712231128	-0.497285186962948	-0.317704651867235
GLY85N	-0.121404555620989	0.577537878840949	-0.825728319934676	0.0540244933123607	-0.337398487087769	-0.120277088092542	-0.0474986089029657	0.492694865287685	-0.501397358660944	-0.045872379161422	-0.361686468436996	-0.289182171617005	-0.577611324158722	-0.505988712231128	-0.497285186962948	-0.317704651867235
VAL84N	0.834267202728845	0.577537878840949	0.107231806006238	0.230466189555922	-0.340373910588542	-0.0781607106289948	0.958161593387416	0.492694865287685	0.581846758924628	-0.20234816141205	-0.361686468436996	-0.289182171617005	-0.577611324158722	-0.505988712231128	-0.497285186962948	-0.317704651867235
ILE57M	0.834267202728845	0.577537878840949	1.83987203989651	1.11267467077373	0.812602695960831	-0.0689599406617214	0.455331492242225	0.492694865287685	0.798495582441742	0.423554967590463	2.78007309598702	0.657034463724007	3.52717285446923	3.52877842166384	3.7688460177611	3.49652605686287
LEU78M	1.31210308190376	-0.424180362990528	1.17347194993871	-0.1224172029312	-0.00980435965270865	-0.0578080577716833	0.455331492242225	-0.0868351103572166	0.581846758924628	0.110603403089206	0.563365281188478	0.671937666402979	1.06430234729246	0.502703071242614	1.63578041539908	1.31696565187424
PHE44O	2.2677748402536	-0.424180362990528	0.507071859980915	-0.475300595418322	0.594801695704279	-0.143639110986339	2.46665189682299	-0.0868351103572166	1.12346881771741	-0.20234816141205	-0.361686468436996	-0.289182171617005	-0.577611324158722	-0.505988712231128	-0.497285186962948	-0.317704651867235
VAL49O	0.356431323553928	1.07839699975669	1.44003198592183	1.99488315199153	-0.420710345109401	-0.311025929143655	0.455331492242225	1.07222484093259	1.01514440595886	1.2059338788436	-0.361686468436996	-0.289182171617005	-0.577611324158722	-0.505988712231128	-0.497285186962948	-0.317704651867235
GLU20O	-0.599240434795906	-1.425898604822	-0.559168283951557	-1.18106738039257	0.674245503174906	-0.566542331428425	-1.05315881119335	-1.24589506164702	-0.934695005695172	-0.984727072665192	2.47456949969736	-0.289182171617005	0.243345511566869	-0.505988712231128	-0.192561529482658	-0.862594753114392
GLY21O	0.356431323553928	0.577537878840949	0.773631895964034	0.406907885799482	-0.19517324375084	-0.14671016284653	0.455331492242225	0.492694865287685	0.581846758924628	0.423554967590463	-0.361686468436996	-0.289182171617005	0.243345511566869	-0.505988712231128	-0.192561529482658	-0.862594753114392
GLY54N	1.31210308190376	2.08011524158816	1.30675196793027	2.17132484823509	1.43952442757361	2.43867494902564	-0.550328710048156	-0.0868351103572166	-0.284748535143829	0.110603403089206	5.27337663989943	7.19901663837545	2.70621601874364	3.52877842166384	3.46412236028081	4.04141615811002
PHE19Q	0.834267202728845	-0.424180362990528	1.17347194993871	0.230466189555922	0.266910025919141	-0.474065225039559	0.958161593387416	-0.666365086002119	0.581846758924628	-0.515299725913307	-0.221089114445624	-0.113325111405298	1.06430234729246	0.502703071242614	1.94050407287937	1.31696565187424
PHE87O	1.31210308190376	0.0766787579252108	1.44003198592183	1.11267467077373	-0.0812145236712505	-0.295577767969078	1.46099169453261	0.492694865287685	1.77341528826876	1.2059338788436	-0.361686468436996	-0.289182171617005	-0.577611324158722	-0.505988712231128	-0.497285186962948	-0.317704651867235
VAL71O	1.31210308190376	2.08011524158816	1.70659202190495	1.81844145574797	0.199070370101526	0.490851948483154	0.958161593387416	1.65175481657749	1.44844205299309	1.67536122559549	-0.361686468436996	-0.289182171617005	-0.577611324158722	-0.505988712231128	-0.497285186962948	-0.317704651867235
GLN23M	1.31210308190376	0.0766787579252108	1.70659202190495	0.759791278286604	0.139859442436152	-0.477169034154336	1.46099169453261	0.492694865287685	1.99006411178587	0.892982314342348	-0.361686468436996	-0.289182171617005	-0.577611324158722	-0.505988712231128	-0.497285186962948	-0.317704651867235
VAL24M	0.834267202728845	1.07839699975669	1.30675196793027	0.936232974530165	0.539756360939986	1.30798124252233	0.455331492242225	0.492694865287685	1.01514440595886	0.423554967590463	-0.361686468436996	-0.289182171617005	-0.577611324158722	-0.505988712231128	-0.497285186962948	-0.317704651867235
GLU42O	0.356431323553928	-0.424180362990528	-0.559168283951557	-1.004625684149	-0.53913220044015	-0.536216748756997	0.455331492242225	-0.0868351103572166	-0.284748535143829	-0.515299725913307	-0.361686468436996	-0.289182171617005	-0.577611324158722	-0.505988712231128	-0.497285186962948	-0.317704651867235
VAL43O	-0.121404555620989	0.577537878840949	0.107231806006238	0.230466189555922	-0.379054416098585	-0.253851130690192	-0.0474986089029657	0.492694865287685	0.365197935407513	0.267079185339835	-0.361686468436996	-0.289182171617005	-0.577611324158722	-0.505988712231128	-0.497285186962948	-0.317704651867235
GLY21M	0.356431323553928	0.577537878840949	0.107231806006238	0.759791278286604	-0.434397293212955	-0.241967442039663	-0.0474986089029657	0.492694865287685	0.473522347166071	1.04945809659298	-0.361686468436996	-0.289182171617005	-0.577611324158722	-0.505988712231128	-0.497285186962948	-0.317704651867235
THR45M	1.31210308190376	1.57925612067243	1.04019193194715	0.583349582043043	-0.256764510216832	-0.0343923627205027	1.46099169453261	1.65175481657749	0.365197935407513	0.423554967590463	-0.361686468436996	-0.289182171617005	-0.577611324158722	-0.505988712231128	-0.497285186962948	-0.317704651867235
ASP76M	0.834267202728845	0.577537878840949	0.373791841989356	-0.475300595418322	0.0633910584662967	0.199560129079684	1.46099169453261	1.07222484093259	0.690171170683185	-0.20234816141205	0.541684380806631	0.459406348576087	1.06430234729246	1.51139485471636	1.0263331004385	0.227185449379922
ARG101N	0.356431323553928	0.577537878840949	-0.292608247968439	0.230466189555922	0.0190572483047853	0.0068059023397687	-0.0474986089029657	-0.0868351103572166	-0.176424123385272	-0.20234816141205	0.525916453256197	0.801112916597269	1.06430234729246	1.51139485471636	1.0263331004385	1.86185575312139
GLU97N	-1.55491219314574	-1.425898604822	-1.35884839190091	-1.18106738039257	-0.610244822108614	-0.566542331428425	-1.55598891233854	-1.24589506164702	-1.3679926527294	-0.828251290414564	-0.361686468436996	-0.289182171617005	-0.577611324158722	-0.505988712231128	-0.497285186962948	-0.317704651867235
LEU17O	0.356431323553928	0.0766787579252108	0.240511823997797	0.230466189555922	1.57074060395768	1.28917103491632	0.455331492242225	0.492694865287685	0.365197935407513	0.110603403089206	0.30779345547519	0.781367462642469	0.243345511566869	0.502703071242614	-0.192561529482658	-0.862594753114392
LEU99O	1.31210308190376	1.57925612067243	1.97315205788807	1.81844145574797	2.13547598440432	0.786201613078291	1.46099169453261	1.65175481657749	1.6650908765102	1.98831279009675	-0.361686468436996	-0.289182171617005	-0.577611324158722	-0.505988712231128	-0.497285186962948	-0.317704651867235
ASP64O	-0.121404555620989	0.577537878840949	-1.22556837390935	-0.828183987905444	-0.436777632013573	-0.518843580076373	-1.05315881119335	-0.666365086002119	-1.25966824097084	-0.828251290414564	-0.361686468436996	-0.289182171617005	-0.577611324158722	-0.505988712231128	-0.497285186962948	-0.317704651867235
GLN66O	-1.55491219314574	-1.425898604822	-1.49212840989247	-1.18106738039257	-0.610244822108614	-0.566542331428425	-1.55598891233854	-1.24589506164702	-1.3679926527294	-0.828251290414564	-0.361686468436996	-0.289182171617005	-0.577611324158722	-0.505988712231128	-0.497285186962948	-0.317704651867235
PHE44N	2.2677748402536	-0.424180362990528	0.906911913955593	-0.298858899174761	2.0676363285867	0.379602402042408	2.46665189682299	-0.0868351103572166	1.34011764123453	-0.358823943662679	-0.361686468436996	-0.289182171617005	-0.577611324158722	-0.505988712231128	-0.497285186962948	-0.317704651867235
PRO26N	0.834267202728845	1.07839699975669	1.17347194993871	0.759791278286604	-0.0101019020027859	0.105190544623933	0.958161593387416	1.07222484093259	1.88173970002731	1.04945809659298	-0.361686468436996	-0.289182171617005	-0.577611324158722	-0.505988712231128	-0.497285186962948	-0.317704651867235
ALA37N	0.834267202728845	1.57925612067243	0.773631895964034	1.64199975950441	0.863482437824042	2.12352689580158	0.455331492242225	1.07222484093259	0.256873523648956	0.423554967590463	1.67106219160648	2.96133850394611	1.06430234729246	1.51139485471636	0.72160944295821	0.227185449379922
TYR52N	-0.121404555620989	-0.925039483906266	-0.026048211985321	-1.004625684149	1.36008062010299	0.309671752947023	0.455331492242225	-0.666365086002119	0.365197935407513	-0.828251290414564	-0.361686468436996	-0.289182171617005	-0.577611324158722	-0.505988712231128	-0.497285186962948	-0.317704651867235
CYS73N	0.356431323553928	1.07839699975669	0.240511823997797	1.28911636701729	-0.275807220621777	-0.450070567627832	0.958161593387416	1.65175481657749	0.906819994200299	1.51888544334486	-0.361686468436996	-0.289182171617005	-0.577611324158722	-0.505988712231128	-0.497285186962948	-0.317704651867235
GLY79N	1.78993896107868	2.5809743625039	1.04019193194715	2.34776654447865	-0.238911969212197	0.0706809333540611	0.455331492242225	1.07222484093259	0.581846758924628	1.04945809659298	-0.361686468436996	-0.289182171617005	-0.577611324158722	-0.505988712231128	-0.497285186962948	-0.317704651867235
ALA39O	0.356431323553928	1.07839699975669	-0.026048211985321	0.230466189555922	0.451981367667195	0.992830612388567	0.455331492242225	1.07222484093259	0.581846758924628	0.423554967590463	-0.361686468436996	-0.289182171617005	-0.577611324158722	-0.505988712231128	-0.497285186962948	-0.317704651867235
TYR52O	-0.599240434795906	-1.425898604822	-0.425888265959998	-1.18106738039257	0.234775452110797	-0.566542331428425	-0.0474986089029657	-1.24589506164702	-0.284748535143829	-0.984727072665192	-0.361686468436996	-0.289182171617005	-0.577611324158722	-0.505988712231128	-0.497285186962948	-0.317704651867235
ARG15N	-1.55491219314574	-0.925039483906266	-1.75868844587559	-1.18106738039257	-0.610244822108614	-0.566542331428425	-1.55598891233854	-1.24589506164702	-1.3679926527294	-0.828251290414564	-0.361686468436996	-0.289182171617005	-0.577611324158722	-0.505988712231128	-0.497285186962948	-0.317704651867235
THR16N	-1.07707631397082	-0.925039483906266	-1.22556837390935	-1.18106738039257	-0.433504666162723	-0.566542331428425	-1.05315881119335	-1.24589506164702	-0.826370593936615	-0.984727072665192	-0.361686468436996	-0.289182171617005	-0.577611324158722	-0.505988712231128	-0.497285186962948	-0.317704651867235
LEU26R	0.834267202728845	1.57925612067243	0.773631895964034	1.81844145574797	0.228229520409097	0.430234484470149	0.958161593387416	1.65175481657749	1.23179322947597	2.61421591909926	-0.361686468436996	-0.289182171617005	0.243345511566869	0.502703071242614	0.41688578547792	1.31696565187424
PRO92O	0.834267202728845	1.07839699975669	-0.026048211985321	0.0540244933123607	0.0616058043658332	0.221147100716011	-0.0474986089029657	0.492694865287685	-0.284748535143829	-0.045872379161422	-0.361686468436996	-0.289182171617005	-0.577611324158722	-0.505988712231128	-0.497285186962948	-0.317704651867235
GLN55O	-0.121404555620989	-0.424180362990528	-0.15932822997688	-0.651742291661883	2.42498469102949	2.20778562662235	-1.05315881119335	-0.666365086002119	-1.15134382921229	-0.671775508163935	-0.165901368019104	-0.289182171617005	0.243345511566869	-0.505988712231128	-0.192561529482658	-0.862594753114392
HIS51O	-1.07707631397082	-0.925039483906266	-0.692448301943117	-0.828183987905444	-0.610244822108614	-0.566542331428425	-1.55598891233854	-1.24589506164702	-1.3679926527294	-0.828251290414564	-0.165901368019104	0.0238931875678066	1.06430234729246	0.502703071242614	0.112162127997631	-0.862594753114392
ALA39N	0.356431323553928	1.07839699975669	0.240511823997797	0.583349582043043	2.09858073299474	3.60537640248719	0.455331492242225	1.07222484093259	0.906819994200299	0.892982314342348	-0.361686468436996	-0.289182171617005	-0.577611324158722	-0.505988712231128	-0.497285186962948	-0.317704651867235
GLN40N	-0.599240434795906	0.0766787579252108	-0.559168283951557	0.230466189555922	-0.57275448599888	-0.53464978007008	-0.550328710048156	-0.0868351103572166	-0.501397358660944	-0.045872379161422	-0.361686468436996	-0.289182171617005	-0.577611324158722	-0.505988712231128	-0.497285186962948	-0.317704651867235
ASP76N	0.834267202728845	0.577537878840949	0.640351877972475	-0.475300595418322	0.0479188562622793	0.140961215072906	1.46099169453261	1.07222484093259	0.473522347166071	-0.20234816141205	0.485182640417575	0.315014766945034	1.88525918301805	1.51139485471636	1.33105675791879	0.227185449379922
TYR56N	0.356431323553928	-0.424180362990528	0.240511823997797	-0.475300595418322	0.139561900086075	-0.324449853327977	0.455331492242225	-0.666365086002119	0.256873523648956	-0.358823943662679	1.14874959149835	0.17118767731717	1.88525918301805	0.502703071242614	1.33105675791879	0.227185449379922
LEU26P	0.356431323553928	1.07839699975669	0.773631895964034	1.64199975950441	0.616224744909841	0.871793847568918	0.455331492242225	1.07222484093259	0.798495582441742	1.83183700784612	-0.361686468436996	-0.289182171617005	0.243345511566869	0.502703071242614	0.112162127997631	0.77207555062708
TRP23P	1.31210308190376	2.08011524158816	1.44003198592183	2.17132484823509	3.901984916813	4.05976542647676	1.46099169453261	2.23128479222239	1.12346881771741	2.14478857234737	7.9795472057427	7.4471695271542	2.70621601874364	3.52877842166384	4.37829333272168	6.22097656309865
HIS25N	-0.599240434795906	-0.424180362990528	-0.559168283951557	-0.475300595418322	-0.555199487344322	-0.464335770514517	-1.05315881119335	-0.666365086002119	-1.25966824097084	-0.984727072665192	-0.361686468436996	-0.289182171617005	-0.577611324158722	-0.505988712231128	-0.497285186962948	-0.317704651867235
VAL24N	0.834267202728845	1.57925612067243	1.30675196793027	2.17132484823509	0.812900238310908	1.66708537546309	0.455331492242225	1.07222484093259	1.55676646475164	1.83183700784612	-0.361686468436996	-0.289182171617005	-0.577611324158722	-0.505988712231128	-0.497285186962948	-0.317704651867235
PRO94O	0.834267202728845	1.07839699975669	0.640351877972475	0.936232974530165	-0.605781686857455	-0.558255312975946	-0.0474986089029657	-0.0868351103572166	0.040224700131842	-0.515299725913307	-0.361686468436996	-0.289182171617005	-0.577611324158722	-0.505988712231128	-0.497285186962948	-0.317704651867235
VAL36N	-0.121404555620989	0.577537878840949	-0.425888265959998	0.230466189555922	-0.540322369840459	-0.43671237567292	-0.550328710048156	-0.0868351103572166	-0.718046182178058	-0.671775508163935	-0.207292177838994	-0.0422938850115328	1.06430234729246	1.51139485471636	0.41688578547792	-0.317704651867235
LEU25Q	-1.55491219314574	-1.425898604822	-1.62540842788403	-1.18106738039257	-0.521577201785592	-0.566542331428425	-1.05315881119335	-1.24589506164702	-1.25966824097084	-0.984727072665192	-0.361686468436996	-0.289182171617005	-0.577611324158722	-0.505988712231128	-0.497285186962948	-0.317704651867235
PRO27Q	-0.599240434795906	0.0766787579252108	-0.825728319934676	-0.1224172029312	0.163662830442332	-0.0298169606565265	-0.550328710048156	-0.0868351103572166	-1.04301941745373	-0.671775508163935	-0.361686468436996	-0.289182171617005	-0.577611324158722	-0.505988712231128	-0.497285186962948	-0.317704651867235
HIS72M	-0.121404555620989	0.0766787579252108	0.107231806006238	-0.1224172029312	-0.582870925901507	-0.520911888164995	-0.550328710048156	-0.0868351103572166	-0.934695005695172	-0.828251290414564	-0.361686468436996	-0.289182171617005	-0.577611324158722	-0.505988712231128	-0.497285186962948	-0.317704651867235
SER86M	0.356431323553928	-0.925039483906266	-0.559168283951557	-1.004625684149	-0.515031270083892	-0.566542331428425	0.455331492242225	-1.24589506164702	0.040224700131842	-0.984727072665192	-0.361686468436996	-0.289182171617005	-0.577611324158722	-0.505988712231128	-0.497285186962948	-0.317704651867235
ILE57O	1.31210308190376	1.07839699975669	1.97315205788807	1.64199975950441	1.38269383870886	-0.0594748946004541	0.958161593387416	1.07222484093259	1.34011764123453	1.36240966109423	-0.361686468436996	-0.289182171617005	0.243345511566869	0.502703071242614	0.112162127997631	-0.862594753114392
PRO18O	0.834267202728845	0.577537878840949	0.240511823997797	0.230466189555922	1.68678212048781	1.63214835703381	1.46099169453261	1.07222484093259	0.256873523648956	0.267079185339835	-0.361686468436996	-0.289182171617005	-0.577611324158722	-0.505988712231128	-0.497285186962948	-0.317704651867235
THR16O	-0.599240434795906	-0.424180362990528	-0.692448301943117	-0.651742291661883	-0.544785505091618	-0.566542331428425	-1.05315881119335	-1.24589506164702	-0.826370593936615	-0.984727072665192	-0.361686468436996	-0.289182171617005	-0.577611324158722	-0.505988712231128	-0.497285186962948	-0.317704651867235
LEU17N	0.356431323553928	0.577537878840949	-0.026048211985321	0.406907885799482	2.15808920301019	1.98698769230961	0.958161593387416	1.07222484093259	0.581846758924628	0.423554967590463	1.51141192515834	2.70604550971151	0.243345511566869	0.502703071242614	-0.497285186962948	-0.862594753114392
PRO18N	0.834267202728845	0.577537878840949	-0.026048211985321	0.0540244933123607	2.31519156385098	2.48514531878477	1.46099169453261	1.07222484093259	0.473522347166071	0.423554967590463	-0.361686468436996	-0.289182171617005	-0.577611324158722	-0.505988712231128	-0.497285186962948	-0.317704651867235
HIS72O	-0.121404555620989	-0.424180362990528	-0.026048211985321	-0.298858899174761	-0.427851361511255	-0.292152298927459	-0.550328710048156	-0.666365086002119	-1.15134382921229	-0.828251290414564	-0.361686468436996	-0.289182171617005	-0.577611324158722	-0.505988712231128	-0.497285186962948	-0.317704651867235
ALA28N	-1.07707631397082	-0.424180362990528	-0.959008337926235	-0.475300595418322	-0.610244822108614	-0.566542331428425	-1.05315881119335	-0.666365086002119	-1.04301941745373	-0.671775508163935	-0.361686468436996	-0.289182171617005	-0.577611324158722	-0.505988712231128	-0.497285186962948	-0.317704651867235
PRO29N	0.356431323553928	0.0766787579252108	0.240511823997797	0.759791278286604	-0.41981771805917	-0.31958918154455	-0.550328710048156	-0.666365086002119	-0.501397358660944	-0.671775508163935	-0.234886051052254	-0.289182171617005	0.243345511566869	-0.505988712231128	0.72160944295821	-0.862594753114392
ASP64N	-0.599240434795906	0.0766787579252108	-1.22556837390935	-0.828183987905444	-0.575729909499653	-0.559708251169138	-1.05315881119335	-0.666365086002119	-1.15134382921229	-0.828251290414564	-0.361686468436996	-0.289182171617005	-0.577611324158722	-0.505988712231128	-0.497285186962948	-0.317704651867235
HIS72N	0.356431323553928	-0.424180362990528	-0.15932822997688	-0.475300595418322	-0.55103389444324	-0.509290135655207	-0.0474986089029657	-0.666365086002119	-0.718046182178058	-0.828251290414564	-0.359715477493192	-0.289182171617005	0.243345511566869	-0.505988712231128	0.112162127997631	-0.862594753114392
LEU34N	0.834267202728845	0.577537878840949	1.44003198592183	1.28911636701729	0.241321383812497	0.0408425266784461	0.958161593387416	1.07222484093259	1.55676646475164	1.98831279009675	-0.361686468436996	-0.289182171617005	-0.577611324158722	-0.505988712231128	-0.497285186962948	-0.317704651867235
VAL49N	1.78993896107868	2.5809743625039	2.37299211186274	3.22997502569646	-0.523362455886055	-0.463507068669269	1.9638217956778	2.81081476786729	3.18163264113	4.17897374160554	-0.361686468436996	-0.289182171617005	-0.577611324158722	-0.505988712231128	-0.497285186962948	-0.317704651867235
PHE44M	3.22344659860343	0.0766787579252108	2.37299211186274	0.230466189555922	6.28202617508098	5.71722715056533	3.47231209911337	0.492694865287685	2.96498381761289	0.580030749841091	-0.361686468436996	-0.289182171617005	-0.577611324158722	-0.505988712231128	-0.497285186962948	-0.317704651867235
VAL49M	0.356431323553928	1.07839699975669	1.57331200391339	2.17132484823509	-0.560257707295635	-0.479804871625811	-0.0474986089029657	0.492694865287685	0.798495582441742	1.04945809659298	-0.361686468436996	-0.289182171617005	-0.577611324158722	-0.505988712231128	-0.497285186962948	-0.317704651867235
ASN102M	-0.599240434795906	-1.425898604822	-0.292608247968439	-1.18106738039257	-0.521577201785592	-0.566542331428425	-0.0474986089029657	-1.24589506164702	0.256873523648956	-0.984727072665192	-0.361686468436996	-0.289182171617005	0.243345511566869	-0.505988712231128	0.72160944295821	-0.862594753114392
LEU81M	0.834267202728845	0.577537878840949	0.507071859980915	0.583349582043043	-0.257359594916987	-0.0752134698762215	0.958161593387416	1.07222484093259	0.473522347166071	0.580030749841091	0.417511951346962	0.645142577109544	3.52717285446923	3.52877842166384	2.24522773035966	1.86185575312139
ASP76O	0.834267202728845	0.577537878840949	0.507071859980915	-0.475300595418322	0.410920523356534	0.718183185332745	1.46099169453261	1.07222484093259	0.581846758924628	-0.358823943662679	-0.361686468436996	-0.289182171617005	-0.577611324158722	-0.505988712231128	-0.497285186962948	-0.317704651867235
PRO77O	-0.121404555620989	-0.424180362990528	-0.292608247968439	-0.298858899174761	-0.424280853310328	-0.333871193853672	-0.550328710048156	-0.666365086002119	-0.393072946902387	-0.358823943662679	-0.307155718991744	-0.289182171617005	0.243345511566869	-0.505988712231128	0.112162127997631	-0.862594753114392
LEU95O	0.834267202728845	1.07839699975669	1.44003198592183	1.81844145574797	-0.341861622338928	-0.360088894862715	0.958161593387416	1.65175481657749	1.55676646475164	2.61421591909926	-0.336720583148808	-0.265028739676918	0.243345511566869	0.502703071242614	0.41688578547792	1.31696565187424
SER20P	-1.07707631397082	-0.925039483906266	-0.692448301943117	-0.828183987905444	-0.417437379258551	-0.477257854867469	-0.550328710048156	-0.666365086002119	-0.284748535143829	-0.515299725913307	0.0640475754247279	-0.119396305864168	1.06430234729246	0.502703071242614	1.63578041539908	0.77207555062708
THR18P	0.834267202728845	0.577537878840949	0.507071859980915	-0.1224172029312	-0.141318078386856	-0.203431794028644	1.46099169453261	1.07222484093259	1.12346881771741	-0.045872379161422	0.673740774041518	0.401319014379303	3.52717285446923	2.5200866381901	2.24522773035966	0.77207555062708
GLY79M	1.31210308190376	2.08011524158816	0.906911913955593	2.34776654447865	-0.222249597607871	0.0959958955723428	-0.0474986089029657	0.492694865287685	0.040224700131842	0.580030749841091	-0.361686468436996	-0.289182171617005	-0.577611324158722	-0.505988712231128	-0.497285186962948	-0.317704651867235
ARG101O	0.356431323553928	0.577537878840949	-0.292608247968439	0.230466189555922	-0.29931306627788	-0.303903638976406	-0.0474986089029657	-0.0868351103572166	-0.176424123385272	-0.20234816141205	0.0601055935371193	0.210258935009355	1.06430234729246	1.51139485471636	1.0263331004385	1.86185575312139
GLU83O	-0.599240434795906	-0.925039483906266	-0.15932822997688	-0.651742291661883	-0.294849931026721	-0.474496634114342	-0.0474986089029657	-0.666365086002119	-0.176424123385272	-0.671775508163935	0.0601055935371193	-0.114145491006288	0.243345511566869	0.502703071242614	-0.192561529482658	0.227185449379922
HIS69M	0.834267202728845	-0.424180362990528	-0.15932822997688	-1.004625684149	-0.377864246698276	-0.518092404681886	0.958161593387416	-0.666365086002119	0.906819994200299	-0.671775508163935	-0.361686468436996	-0.289182171617005	-0.577611324158722	-0.505988712231128	-0.497285186962948	-0.317704651867235
VAL89M	1.78993896107868	1.57925612067243	1.30675196793027	0.936232974530165	-0.496583644379102	-0.385825409552686	1.9638217956778	1.65175481657749	2.09838852354443	1.2059338788436	-0.361686468436996	-0.289182171617005	-0.577611324158722	-0.505988712231128	-0.497285186962948	-0.317704651867235
ALA37M	1.31210308190376	2.08011524158816	0.906911913955593	1.64199975950441	2.96413142936948	4.05508745572545	0.455331492242225	1.07222484093259	0.040224700131842	0.110603403089206	3.92521883433731	6.56590748838601	1.06430234729246	1.51139485471636	1.0263331004385	-0.317704651867235
GLN55M	0.356431323553928	-0.424180362990528	0.507071859980915	-0.651742291661883	3.95613762452706	2.29485472610336	-0.0474986089029657	-0.0868351103572166	-0.718046182178058	-0.515299725913307	3.2150050975865	-0.289182171617005	1.06430234729246	-0.505988712231128	0.41688578547792	-0.862594753114392
MET59O	0.356431323553928	0.0766787579252108	-0.559168283951557	-0.651742291661883	0.472809332172603	0.434360107851593	0.958161593387416	0.492694865287685	-0.176424123385272	-0.515299725913307	0.981872358256253	1.61416199002194	1.88525918301805	2.5200866381901	0.72160944295821	0.77207555062708
PHE87N	0.834267202728845	-0.424180362990528	1.17347194993871	0.583349582043043	-0.467126951721453	-0.407431577140828	0.958161593387416	-0.0868351103572166	1.23179322947597	0.267079185339835	-0.361686468436996	-0.289182171617005	-0.577611324158722	-0.505988712231128	-0.497285186962948	-0.317704651867235
PRO92N	1.78993896107868	1.57925612067243	0.640351877972475	0.759791278286604	0.0342319081587255	0.0825429197564738	0.958161593387416	1.07222484093259	1.01514440595886	0.580030749841091	-0.361686468436996	-0.289182171617005	-0.577611324158722	-0.505988712231128	-0.497285186962948	-0.317704651867235
ASP21P	-1.55491219314574	-0.925039483906266	-1.22556837390935	-0.651742291661883	-0.521577201785592	-0.538505597871196	-1.05315881119335	-0.666365086002119	-0.826370593936615	-0.358823943662679	-0.165901368019104	-0.235866732435975	0.243345511566869	0.502703071242614	0.72160944295821	0.77207555062708
TYR56M	0.834267202728845	-0.424180362990528	0.906911913955593	-0.475300595418322	0.214542572305544	-0.325936277856722	0.455331492242225	-0.666365086002119	0.256873523648956	-0.358823943662679	1.45950916363816	0.168361050727532	2.70621601874364	0.502703071242614	1.33105675791879	0.227185449379922
GLN61N	-0.599240434795906	0.0766787579252108	-0.692448301943117	0.0540244933123607	-0.46861466347184	-0.305849552401624	-0.0474986089029657	0.492694865287685	-0.284748535143829	0.267079185339835	-0.342633555980221	-0.263054507335275	0.243345511566869	0.502703071242614	-0.192561529482658	0.227185449379922
MET58N	-0.121404555620989	-0.424180362990528	0.240511823997797	-0.475300595418322	-0.0115896137531722	0.410082003548318	-0.0474986089029657	-0.0868351103572166	-0.176424123385272	-0.20234816141205	-0.180355301607002	-0.0310015607515192	0.243345511566869	0.502703071242614	-0.192561529482658	0.227185449379922
TYR63N	-0.599240434795906	-0.424180362990528	-0.692448301943117	-0.651742291661883	-0.508485338382192	-0.54754744803615	-0.0474986089029657	-0.0868351103572166	-0.393072946902387	-0.20234816141205	-0.161302389150228	-0.253060968403928	1.06430234729246	1.51139485471636	-0.192561529482658	0.227185449379922
ILE57N	0.834267202728845	0.577537878840949	1.70659202190495	1.11267467077373	0.963159125099924	0.37394871700475	0.455331492242225	0.492694865287685	0.581846758924628	0.423554967590463	3.11251356850868	1.49928199417785	3.52717285446923	3.52877842166384	4.07356967524139	4.04141615811002
HIS69O	0.356431323553928	-0.424180362990528	-0.292608247968439	-1.004625684149	-0.422198056859788	-0.514193842566362	0.455331492242225	-0.666365086002119	0.365197935407513	-0.671775508163935	-0.361686468436996	-0.289182171617005	-0.577611324158722	-0.505988712231128	-0.497285186962948	-0.317704651867235
ILE70O	-0.121404555620989	-0.424180362990528	-0.292608247968439	-0.651742291661883	-0.543297793341231	-0.494585543503302	-0.550328710048156	-0.0868351103572166	-0.718046182178058	-0.515299725913307	-0.361686468436996	-0.289182171617005	-0.577611324158722	-0.505988712231128	-0.497285186962948	-0.317704651867235
TRP23Q	1.31210308190376	2.08011524158816	1.70659202190495	1.81844145574797	3.65889281679988	2.24778851313966	1.46099169453261	2.23128479222239	1.77341528826876	2.77069170134989	6.30486190049034	3.4082342842989	2.70621601874364	3.52877842166384	4.37829333272168	6.22097656309865
LEU53N	2.74561071942851	2.08011524158816	2.5062721298543	1.99488315199153	0.544219496191145	0.108350799011624	2.46665189682299	2.81081476786729	2.96498381761289	3.3965948303524	1.39906544136149	-0.231399806666788	3.52717285446923	1.51139485471636	4.98774064768226	1.86185575312139
LEU99N	1.31210308190376	1.57925612067243	1.97315205788807	2.70064993696577	0.289523244525012	-0.216024855469396	1.46099169453261	1.65175481657749	2.85665940585433	3.55307061260303	-0.361686468436996	-0.289182171617005	-0.577611324158722	-0.505988712231128	-0.497285186962948	-0.317704651867235
LYS60M	-0.599240434795906	-0.925039483906266	-0.559168283951557	-0.651742291661883	-0.521577201785592	-0.441161671292559	-0.550328710048156	-0.666365086002119	-0.284748535143829	-0.358823943662679	-0.165901368019104	-0.0507547903992114	1.06430234729246	0.502703071242614	0.41688578547792	0.227185449379922
MET58O	-0.121404555620989	0.0766787579252108	-0.026048211985321	-0.651742291661883	-0.435289920263187	-0.241691208091247	-0.550328710048156	-0.0868351103572166	-0.826370593936615	-0.515299725913307	-0.361686468436996	-0.289182171617005	-0.577611324158722	-0.505988712231128	-0.497285186962948	-0.317704651867235
LEU22R	0.356431323553928	0.577537878840949	0.373791841989356	0.583349582043043	-0.331150097736147	-0.0637965453113645	0.958161593387416	1.07222484093259	1.23179322947597	0.580030749841091	-0.361686468436996	-0.289182171617005	-0.577611324158722	-0.505988712231128	-0.497285186962948	-0.317704651867235
VAL89O	1.31210308190376	1.57925612067243	0.773631895964034	1.11267467077373	-0.509675507782501	-0.419609415295605	1.46099169453261	1.65175481657749	1.55676646475164	1.2059338788436	-0.361686468436996	-0.289182171617005	-0.577611324158722	-0.505988712231128	-0.497285186962948	-0.317704651867235
GLY54O	1.78993896107868	2.5809743625039	1.57331200391339	2.17132484823509	2.37023689861527	3.72609730744851	-0.550328710048156	-0.0868351103572166	-0.176424123385272	0.267079185339835	-0.361686468436996	-0.289182171617005	1.06430234729246	1.51139485471636	0.72160944295821	-0.317704651867235
LYS90O	0.356431323553928	-0.925039483906266	0.107231806006238	-0.828183987905444	-0.237126715111733	-0.481462275316307	0.455331492242225	-0.666365086002119	0.148549111890399	-0.828251290414564	-0.361686468436996	-0.289182171617005	-0.577611324158722	-0.505988712231128	-0.497285186962948	-0.317704651867235
CYS73O	0.834267202728845	1.57925612067243	0.373791841989356	1.64199975950441	-0.218679089406943	-0.406865204764374	1.46099169453261	2.23128479222239	1.44844205299309	1.83183700784612	-0.361686468436996	-0.289182171617005	-0.577611324158722	-0.505988712231128	-0.497285186962948	-0.317704651867235
SER86O	-0.121404555620989	-0.925039483906266	-0.292608247968439	-0.651742291661883	-0.566803638997335	-0.566542331428425	-0.0474986089029657	-1.24589506164702	0.040224700131842	-0.984727072665192	-0.361686468436996	-0.289182171617005	-0.577611324158722	-0.505988712231128	-0.497285186962948	-0.317704651867235
HIS25M	-0.121404555620989	-0.925039483906266	0.107231806006238	-0.828183987905444	-0.338588656488078	-0.160944673973205	-0.550328710048156	-0.666365086002119	-0.393072946902387	-0.515299725913307	-0.361686468436996	-0.289182171617005	-0.577611324158722	-0.505988712231128	-0.497285186962948	-0.317704651867235
PRO26M	0.834267202728845	1.07839699975669	1.70659202190495	1.28911636701729	1.56211187580544	1.97580554849364	0.958161593387416	1.07222484093259	1.88173970002731	1.36240966109423	-0.361686468436996	-0.289182171617005	-0.577611324158722	-0.505988712231128	-0.497285186962948	-0.317704651867235
GLN55N	0.356431323553928	0.0766787579252108	0.640351877972475	-0.1224172029312	2.5517377321624	1.84299491041439	-0.0474986089029657	-0.0868351103572166	-0.0680997116267152	-0.045872379161422	0.979901367312448	-0.260761825329541	1.06430234729246	0.502703071242614	0.72160944295821	0.227185449379922
VAL43M	0.356431323553928	1.07839699975669	0.906911913955593	0.759791278286604	-0.511460761882965	-0.480486938371913	0.455331492242225	1.07222484093259	1.12346881771741	0.892982314342348	-0.361686468436996	-0.289182171617005	-0.577611324158722	-0.505988712231128	-0.497285186962948	-0.317704651867235
GLY85M	-0.121404555620989	0.577537878840949	-0.692448301943117	0.0540244933123607	-0.279972813522858	-0.0422762966542567	-0.0474986089029657	0.492694865287685	-0.393072946902387	-0.20234816141205	-0.361686468436996	-0.289182171617005	-0.577611324158722	-0.505988712231128	-0.497285186962948	-0.317704651867235
ASN91M	-1.07707631397082	-1.425898604822	-0.559168283951557	-1.18106738039257	-0.521577201785592	-0.566542331428425	-0.550328710048156	-1.24589506164702	-0.826370593936615	-0.984727072665192	-0.361686468436996	-0.289182171617005	-0.577611324158722	-0.505988712231128	-0.497285186962948	-0.317704651867235
PRO92M	1.31210308190376	1.57925612067243	0.373791841989356	0.936232974530165	0.177944863246041	0.228435836736457	0.455331492242225	1.07222484093259	0.365197935407513	0.580030749841091	-0.361686468436996	-0.289182171617005	-0.577611324158722	-0.505988712231128	-0.497285186962948	-0.317704651867235
ILE70M	-0.121404555620989	-0.424180362990528	-0.026048211985321	-0.475300595418322	-0.561745419046021	-0.524939990991358	-0.550328710048156	-0.0868351103572166	-0.501397358660944	-0.358823943662679	-0.361686468436996	-0.289182171617005	-0.577611324158722	-0.505988712231128	-0.497285186962948	-0.317704651867235
GLY85O	-0.121404555620989	0.577537878840949	-0.692448301943117	0.230466189555922	-0.238019342161965	0.0298052122202247	-0.0474986089029657	0.492694865287685	-0.284748535143829	0.110603403089206	-0.361686468436996	-0.289182171617005	-0.577611324158722	-0.505988712231128	-0.497285186962948	-0.317704651867235
VAL84O	0.834267202728845	0.577537878840949	0.240511823997797	0.406907885799482	-0.378459331398431	-0.13672230769318	0.958161593387416	0.492694865287685	0.906819994200299	-0.045872379161422	-0.361686468436996	-0.289182171617005	-0.577611324158722	-0.505988712231128	-0.497285186962948	-0.317704651867235
LEU22Q	0.356431323553928	0.577537878840949	0.107231806006238	0.406907885799482	0.146107831787774	0.678827854180764	0.958161593387416	1.07222484093259	0.906819994200299	0.423554967590463	-0.361686468436996	-0.289182171617005	-0.577611324158722	-0.505988712231128	-0.497285186962948	-0.317704651867235
VAL89N	0.834267202728845	0.577537878840949	0.640351877972475	0.230466189555922	-0.51741160888451	-0.39963516653069	0.958161593387416	0.492694865287685	1.12346881771741	0.267079185339835	-0.361686468436996	-0.289182171617005	-0.577611324158722	-0.505988712231128	-0.497285186962948	-0.317704651867235
ASP64M	-0.121404555620989	0.577537878840949	-0.959008337926235	-0.475300595418322	-0.588226688202897	-0.561345728183316	-1.05315881119335	-0.666365086002119	-1.25966824097084	-0.671775508163935	-0.361686468436996	-0.289182171617005	-0.577611324158722	-0.505988712231128	-0.497285186962948	-0.317704651867235
LYS65M	-0.599240434795906	-1.425898604822	-0.692448301943117	-1.18106738039257	-0.610244822108614	-0.566542331428425	-1.55598891233854	-1.24589506164702	-1.3679926527294	-0.828251290414564	-0.361686468436996	-0.289182171617005	-0.577611324158722	-0.505988712231128	-0.497285186962948	-0.317704651867235
LYS60N	-1.07707631397082	-0.925039483906266	-0.825728319934676	-0.651742291661883	-0.521577201785592	-0.431908801132257	-1.05315881119335	-0.666365086002119	-0.826370593936615	-0.358823943662679	-0.165901368019104	-0.0331592728873519	0.243345511566869	0.502703071242614	0.112162127997631	0.227185449379922
LEU106M	0.356431323553928	0.577537878840949	-0.292608247968439	0.0540244933123607	-0.350192808141091	-0.258265244996205	0.958161593387416	1.07222484093259	0.256873523648956	0.423554967590463	-0.361686468436996	-0.289182171617005	-0.577611324158722	-0.505988712231128	-0.497285186962948	-0.317704651867235
MET59N	-0.599240434795906	-0.925039483906266	-0.559168283951557	-0.651742291661883	-0.51086567718281	-0.432845100395097	-0.0474986089029657	-0.666365086002119	-0.176424123385272	-0.515299725913307	-0.309783706916817	-0.289182171617005	0.243345511566869	-0.505988712231128	-0.192561529482658	-0.862594753114392
THR22M	0.834267202728845	1.07839699975669	-0.15932822997688	0.0540244933123607	-0.0788341848706324	0.0975240805635602	1.46099169453261	1.65175481657749	0.581846758924628	-0.045872379161422	-0.361686468436996	-0.289182171617005	-0.577611324158722	-0.505988712231128	-0.497285186962948	-0.317704651867235
ALA39M	0.356431323553928	1.07839699975669	0.773631895964034	0.583349582043043	4.75741917328511	6.11204928322432	0.455331492242225	1.07222484093259	0.906819994200299	0.73650653209172	0.744696448018471	1.48000878431327	0.243345511566869	0.502703071242614	-0.192561529482658	-0.862594753114392
GLN32O	-1.55491219314574	-1.425898604822	-1.49212840989247	-1.18106738039257	-0.610244822108614	-0.566542331428425	-1.55598891233854	-1.24589506164702	-1.3679926527294	-0.828251290414564	-0.361686468436996	-0.289182171617005	-0.577611324158722	-0.505988712231128	-0.497285186962948	-0.317704651867235
VAL36O	-0.121404555620989	0.0766787579252108	-0.026048211985321	0.0540244933123607	-0.0544357121642973	-0.36820635646576	-0.550328710048156	-0.666365086002119	-0.501397358660944	-0.828251290414564	0.8655838925718	0.0879790832398654	1.06430234729246	0.502703071242614	0.72160944295821	-0.862594753114392
LEU103M	0.834267202728845	1.07839699975669	0.507071859980915	1.46555806326085	1.05777759242449	1.76687493609791	0.958161593387416	1.65175481657749	1.01514440595886	1.83183700784612	-0.361686468436996	-0.289182171617005	-0.577611324158722	-0.505988712231128	-0.497285186962948	-0.317704651867235
GLN61M	-0.599240434795906	0.0766787579252108	-0.692448301943117	0.0540244933123607	-0.347217384640319	-0.298552138554191	-0.0474986089029657	0.492694865287685	0.040224700131842	0.580030749841091	-0.361686468436996	-0.289182171617005	-0.577611324158722	-0.505988712231128	-0.497285186962948	-0.317704651867235
GLN68O	0.834267202728845	1.07839699975669	0.240511823997797	0.583349582043043	0.714711262785413	1.43708809881659	0.958161593387416	1.07222484093259	1.01514440595886	0.73650653209172	-0.361686468436996	-0.289182171617005	-0.577611324158722	-0.505988712231128	-0.497285186962948	-0.317704651867235
THR22O	-0.121404555620989	0.0766787579252108	0.373791841989356	0.0540244933123607	-0.372806026746963	-0.439619408176631	0.455331492242225	0.492694865287685	0.473522347166071	0.267079185339835	-0.361686468436996	-0.289182171617005	-0.577611324158722	-0.505988712231128	-0.497285186962948	-0.317704651867235
LEU62M	0.356431323553928	0.577537878840949	0.373791841989356	-0.1224172029312	-0.521577201785592	-0.43947471515708	0.958161593387416	1.07222484093259	0.798495582441742	0.267079185339835	-0.215833138595479	-0.0559515349088568	1.06430234729246	1.51139485471636	1.0263331004385	0.227185449379922
LEU103N	2.2677748402536	2.08011524158816	1.04019193194715	2.34776654447865	0.634374828264554	0.929056351790896	2.46665189682299	2.81081476786729	2.64001058233721	3.70954639485366	-0.361686468436996	-0.289182171617005	-0.577611324158722	-0.505988712231128	-0.497285186962948	-0.317704651867235
GLY19M	-0.121404555620989	0.0766787579252108	-0.825728319934676	-0.298858899174761	-0.521874744135669	-0.40245936606934	-0.550328710048156	-0.666365086002119	-0.393072946902387	-0.828251290414564	-0.361686468436996	-0.289182171617005	-0.577611324158722	-0.505988712231128	-0.497285186962948	-0.317704651867235
PRO18M	-0.121404555620989	-0.925039483906266	-0.559168283951557	-1.18106738039257	-0.236531630411579	-0.40107819632726	0.455331492242225	-0.666365086002119	-0.0680997116267152	-0.828251290414564	-0.361686468436996	-0.289182171617005	-0.577611324158722	-0.505988712231128	-0.497285186962948	-0.317704651867235
GLN68M	0.834267202728845	1.07839699975669	0.507071859980915	0.406907885799482	0.871218538926051	1.65256366660544	0.958161593387416	1.07222484093259	0.906819994200299	0.423554967590463	0.508834531743226	0.793674934870138	1.88525918301805	2.5200866381901	1.33105675791879	1.31696565187424
LEU34M	0.834267202728845	0.577537878840949	1.97315205788807	0.759791278286604	1.95546286260758	1.06978335516379	0.958161593387416	1.07222484093259	1.55676646475164	0.892982314342348	-0.361686468436996	-0.289182171617005	-0.577611324158722	-0.505988712231128	-0.497285186962948	-0.317704651867235
LYS60O	-0.599240434795906	-0.925039483906266	-0.559168283951557	-0.651742291661883	-0.488847543277093	-0.431015981131823	-0.550328710048156	-0.666365086002119	-0.393072946902387	-0.358823943662679	-0.361686468436996	-0.289182171617005	-0.577611324158722	-0.505988712231128	-0.497285186962948	-0.317704651867235
TYR56O	0.834267202728845	-0.424180362990528	1.04019193194715	-0.475300595418322	0.0693419054678419	-0.32339551413375	0.455331492242225	-0.666365086002119	0.148549111890399	-0.358823943662679	0.433936875878664	-0.289182171617005	1.06430234729246	-0.505988712231128	0.112162127997631	-0.862594753114392
LEU53M	2.2677748402536	1.57925612067243	1.97315205788807	1.28911636701729	2.80702906852869	0.721897027807617	1.46099169453261	1.65175481657749	1.44844205299309	1.67536122559549	3.89105499131137	0.146286742416903	3.52717285446923	1.51139485471636	4.98774064768226	1.86185575312139
LEU95M	0.356431323553928	0.0766787579252108	1.17347194993871	0.936232974530165	-0.521577201785592	-0.495273972737105	0.455331492242225	0.492694865287685	0.906819994200299	1.2059338788436	-0.278247851815948	-0.222469804810846	1.06430234729246	1.51139485471636	1.63578041539908	1.86185575312139
GLN23N	0.834267202728845	0.0766787579252108	0.507071859980915	-0.1224172029312	0.798023120807046	1.85836332864989	0.958161593387416	0.492694865287685	0.040224700131842	-0.20234816141205	2.47456949969736	4.24620818274821	1.06430234729246	1.51139485471636	-0.192561529482658	-0.862594753114392
ASN91N	-0.599240434795906	-1.425898604822	-0.559168283951557	-1.18106738039257	-0.521577201785592	-0.566542331428425	-0.0474986089029657	-1.24589506164702	-0.393072946902387	-0.984727072665192	-0.361686468436996	-0.289182171617005	-0.577611324158722	-0.505988712231128	-0.497285186962948	-0.317704651867235
PHE19R	1.31210308190376	0.0766787579252108	1.97315205788807	1.28911636701729	1.1086573342877	1.18422843363197	1.46099169453261	-0.0868351103572166	1.6650908765102	-0.045872379161422	-0.361686468436996	-0.289182171617005	-0.577611324158722	-0.505988712231128	-0.497285186962948	-0.317704651867235
LYS47N	-1.07707631397082	-1.425898604822	-1.09228835591779	-1.18106738039257	-0.534371522838914	-0.566542331428425	-1.05315881119335	-1.24589506164702	-1.04301941745373	-0.984727072665192	-0.361686468436996	-0.289182171617005	-0.577611324158722	-0.505988712231128	-0.497285186962948	-0.317704651867235
THR45N	0.356431323553928	0.577537878840949	0.507071859980915	-0.1224172029312	-0.313892641431666	-0.159487390986792	0.455331492242225	0.492694865287685	-0.0680997116267152	-0.20234816141205	-0.361686468436996	-0.289182171617005	-0.577611324158722	-0.505988712231128	-0.497285186962948	-0.317704651867235
LEU78N	1.31210308190376	-0.424180362990528	1.57331200391339	0.406907885799482	0.104749445127036	0.0225352588480935	0.455331492242225	-0.0868351103572166	0.798495582441742	0.580030749841091	0.806454164257672	0.831024302264381	1.88525918301805	1.51139485471636	2.85467504532024	2.40674585436855
LEU53O	0.834267202728845	0.0766787579252108	1.44003198592183	0.583349582043043	2.06585107448624	0.819875855671314	0.455331492242225	0.492694865287685	0.581846758924628	0.73650653209172	2.62239382048268	-0.289182171617005	1.88525918301805	-0.505988712231128	0.72160944295821	-0.862594753114392
TRP23R	1.31210308190376	2.08011524158816	1.57331200391339	2.70064993696577	4.36555589823336	3.70158395614848	1.46099169453261	2.23128479222239	1.34011764123453	2.61421591909926	2.73539730126079	4.59236675689007	1.06430234729246	1.51139485471636	1.33105675791879	1.31696565187424
LEU82M	1.78993896107868	1.57925612067243	1.70659202190495	1.64199975950441	0.613249321409069	1.17925622256049	1.46099169453261	1.65175481657749	0.690171170683185	0.892982314342348	-0.361686468436996	-0.289182171617005	-0.577611324158722	-0.505988712231128	-0.497285186962948	-0.317704651867235
PRO94M	0.834267202728845	0.577537878840949	0.640351877972475	0.583349582043043	-0.474267968123308	-0.566542331428425	-0.550328710048156	-0.666365086002119	-0.609721770419501	-0.984727072665192	-0.361686468436996	-0.289182171617005	-0.577611324158722	-0.505988712231128	-0.497285186962948	-0.317704651867235
LEU30N	2.2677748402536	2.5809743625039	2.23971209387118	2.52420824072221	-0.194280616700608	-0.244883672193869	2.46665189682299	3.3903447435122	3.39828146464711	4.80487687060806	0.00820283201694005	-0.142392430923352	0.243345511566869	0.502703071242614	0.72160944295821	1.31696565187424
ARG27M	-0.121404555620989	-0.424180362990528	-0.825728319934676	-0.298858899174761	-0.288899084025176	-0.199151180035188	0.455331492242225	-0.0868351103572166	-0.718046182178058	-0.515299725913307	-0.361686468436996	-0.289182171617005	-0.577611324158722	-0.505988712231128	-0.497285186962948	-0.317704651867235
VAL104M	-0.599240434795906	0.0766787579252108	-0.559168283951557	0.0540244933123607	-0.534669065188991	-0.496378908530769	-1.05315881119335	-0.666365086002119	-1.04301941745373	-0.671775508163935	-0.361686468436996	-0.289182171617005	-0.577611324158722	-0.505988712231128	-0.497285186962948	-0.317704651867235
ASP21Q	-1.07707631397082	-0.925039483906266	-1.22556837390935	-0.828183987905444	-0.521577201785592	-0.533726511133193	-1.05315881119335	-0.666365086002119	-0.934695005695172	-0.515299725913307	-0.361686468436996	-0.289182171617005	-0.577611324158722	-0.505988712231128	-0.497285186962948	-0.317704651867235
THR18Q	0.356431323553928	0.0766787579252108	-0.026048211985321	-0.651742291661883	-0.168691974593964	-0.324824053482189	0.958161593387416	0.492694865287685	0.256873523648956	-0.515299725913307	-0.361686468436996	-0.289182171617005	-0.577611324158722	-0.505988712231128	-0.497285186962948	-0.317704651867235
VAL84M	0.356431323553928	0.577537878840949	-0.15932822997688	0.406907885799482	-0.222844682308025	0.14890359496893	0.455331492242225	0.492694865287685	0.473522347166071	-0.045872379161422	-0.361686468436996	-0.289182171617005	-0.577611324158722	-0.505988712231128	-0.497285186962948	-0.317704651867235
VAL104O	-0.599240434795906	0.0766787579252108	-0.425888265959998	0.230466189555922	-0.454332630668131	-0.421795742458458	-1.05315881119335	-0.666365086002119	-1.04301941745373	-0.671775508163935	-0.361686468436996	-0.289182171617005	-0.577611324158722	-0.505988712231128	-0.497285186962948	-0.317704651867235
MET98N	0.834267202728845	1.07839699975669	1.83987203989651	1.99488315199153	-0.233853749260884	-0.275386947472679	-0.0474986089029657	0.492694865287685	0.798495582441742	1.98831279009675	-0.0384439536530945	-0.141565361643978	1.06430234729246	1.51139485471636	0.41688578547792	1.31696565187424
LEU81O	0.834267202728845	0.577537878840949	0.773631895964034	0.583349582043043	-0.211538073005089	0.00332830415371546	0.958161593387416	1.07222484093259	0.365197935407513	0.423554967590463	0.518689486462248	0.794499818312973	3.52717285446923	3.52877842166384	1.63578041539908	0.77207555062708
GLU42M	0.834267202728845	0.0766787579252108	0.107231806006238	-0.651742291661883	-0.199636379001999	-0.49279145622804	0.958161593387416	0.492694865287685	0.256873523648956	-0.045872379161422	-0.361686468436996	-0.289182171617005	-0.577611324158722	-0.505988712231128	-0.497285186962948	-0.317704651867235
LYS35M	-0.121404555620989	-0.424180362990528	-0.15932822997688	-0.475300595418322	-0.521874744135669	-0.420522035310703	-0.0474986089029657	-0.0868351103572166	0.040224700131842	-0.20234816141205	-0.361686468436996	-0.289182171617005	-0.577611324158722	-0.505988712231128	-0.497285186962948	-0.317704651867235
ALA37O	0.834267202728845	1.57925612067243	0.640351877972475	1.11267467077373	0.192821980749904	0.770989413966167	-0.0474986089029657	0.492694865287685	-0.284748535143829	-0.20234816141205	0.198074959603419	0.605919190884537	0.243345511566869	0.502703071242614	-0.192561529482658	-0.862594753114392
GLY79O	1.78993896107868	2.5809743625039	1.04019193194715	2.34776654447865	-0.268368661869845	0.00390841855234916	0.455331492242225	1.07222484093259	0.690171170683185	1.2059338788436	-0.361686468436996	-0.289182171617005	-0.577611324158722	-0.505988712231128	-0.497285186962948	-0.317704651867235
LEU78O	0.834267202728845	-0.424180362990528	1.17347194993871	0.230466189555922	0.511787380032724	0.223941075822201	-0.0474986089029657	-0.666365086002119	0.148549111890399	-0.358823943662679	-0.267735900115659	-0.289182171617005	0.243345511566869	-0.505988712231128	0.112162127997631	-0.862594753114392
SER20Q	-1.07707631397082	-0.424180362990528	-1.22556837390935	-0.651742291661883	-0.521577201785592	-0.511805563158058	-1.05315881119335	-0.666365086002119	-0.934695005695172	-0.515299725913307	-0.361686468436996	-0.289182171617005	-0.577611324158722	-0.505988712231128	-0.497285186962948	-0.317704651867235
GLN40M	0.356431323553928	-0.925039483906266	-0.15932822997688	-0.828183987905444	-0.100852318776349	-0.528823927785945	0.455331492242225	-0.666365086002119	0.148549111890399	-0.671775508163935	0.744696448018471	-0.289182171617005	1.06430234729246	-0.505988712231128	-0.192561529482658	-0.862594753114392
ARG101M	-0.121404555620989	0.0766787579252108	-0.425888265959998	-0.1224172029312	-0.278485101772472	-0.317425660200714	-0.0474986089029657	-0.0868351103572166	-0.176424123385272	-0.20234816141205	0.735498490280718	1.33283825988012	1.88525918301805	2.5200866381901	2.24522773035966	3.49652605686287
MET98M	0.356431323553928	0.0766787579252108	1.30675196793027	0.936232974530165	0.147298001188083	-0.33425776926733	-0.0474986089029657	-0.0868351103572166	0.473522347166071	0.73650653209172	2.3398851185374	1.42570942868786	2.70621601874364	2.5200866381901	2.54995138783995	1.86185575312139
LEU82O	1.78993896107868	1.57925612067243	1.70659202190495	1.81844145574797	0.588553306352656	0.896989595754187	1.46099169453261	1.65175481657749	1.55676646475164	1.98831279009675	1.00749524052571	1.3532417252878	0.243345511566869	0.502703071242614	-0.497285186962948	-0.317704651867235
ASN102N	-0.599240434795906	-1.425898604822	0.240511823997797	-1.18106738039257	-0.521577201785592	-0.566542331428425	-0.0474986089029657	-1.24589506164702	0.798495582441742	-0.984727072665192	-0.290073797478774	-0.289182171617005	0.243345511566869	-0.505988712231128	0.72160944295821	-0.862594753114392
GLY38O	-0.121404555620989	0.577537878840949	-0.692448301943117	0.230466189555922	-0.283543321723786	-0.156618732959893	0.455331492242225	1.07222484093259	-0.393072946902387	0.423554967590463	-0.361686468436996	-0.289182171617005	-0.577611324158722	-0.505988712231128	-0.497285186962948	-0.317704651867235
GLU20M	-0.599240434795906	-1.425898604822	-0.959008337926235	-1.18106738039257	-0.610244822108614	-0.566542331428425	-1.05315881119335	-1.24589506164702	-0.826370593936615	-0.984727072665192	-0.361686468436996	-0.289182171617005	-0.577611324158722	-0.505988712231128	-0.497285186962948	-0.317704651867235
LEU34O	0.356431323553928	0.0766787579252108	0.240511823997797	-0.1224172029312	-0.559960164945558	-0.551901932162378	0.455331492242225	0.492694865287685	0.256873523648956	0.110603403089206	-0.361686468436996	-0.289182171617005	-0.577611324158722	-0.505988712231128	-0.497285186962948	-0.317704651867235
PRO26O	0.834267202728845	0.577537878840949	1.30675196793027	0.0540244933123607	-0.379947043148817	-0.428701591168857	0.958161593387416	0.492694865287685	1.55676646475164	0.110603403089206	-0.361686468436996	-0.289182171617005	-0.577611324158722	-0.505988712231128	-0.497285186962948	-0.317704651867235
TYR63O	-0.599240434795906	-0.424180362990528	-0.825728319934676	-0.651742291661883	-0.515031270083892	-0.50205245279384	-0.0474986089029657	-0.0868351103572166	-0.284748535143829	-0.20234816141205	-0.361686468436996	-0.289182171617005	-0.577611324158722	-0.505988712231128	-0.497285186962948	-0.317704651867235
GLU83M	-0.599240434795906	-0.925039483906266	-0.559168283951557	-0.828183987905444	-0.271046543020541	-0.49688502618411	-0.0474986089029657	-0.666365086002119	-0.393072946902387	-0.671775508163935	-0.00953608647729844	-0.156719885534818	0.243345511566869	0.502703071242614	0.112162127997631	0.77207555062708
HIS74N	-1.07707631397082	-0.925039483906266	-0.959008337926235	-0.828183987905444	-0.479921272774776	-0.52234489968187	-0.550328710048156	-0.666365086002119	-0.826370593936615	-0.828251290414564	-0.361686468436996	-0.289182171617005	-0.577611324158722	-0.505988712231128	-0.497285186962948	-0.317704651867235
GLU41O	-1.55491219314574	-0.925039483906266	-0.825728319934676	-1.004625684149	-0.521577201785592	-0.49941952346848	-1.05315881119335	-0.666365086002119	-0.609721770419501	-0.671775508163935	-0.361686468436996	-0.289182171617005	-0.577611324158722	-0.505988712231128	-0.497285186962948	-0.317704651867235
GLU83N	-0.599240434795906	-0.925039483906266	-0.15932822997688	-0.651742291661883	0.12706512138283	-0.393506436576675	-0.0474986089029657	-0.666365086002119	-0.176424123385272	-0.671775508163935	0.525916453256197	0.0398677410367772	0.243345511566869	0.502703071242614	-0.192561529482658	0.227185449379922
GLN32N	-1.55491219314574	-1.425898604822	-1.49212840989247	-1.18106738039257	-0.610244822108614	-0.566542331428425	-1.55598891233854	-1.24589506164702	-1.3679926527294	-0.828251290414564	-0.361686468436996	-0.289182171617005	-0.577611324158722	-0.505988712231128	-0.497285186962948	-0.317704651867235
VAL36M	-0.599240434795906	0.0766787579252108	-0.425888265959998	0.230466189555922	-0.582275841201352	-0.514610349126223	-1.05315881119335	-0.666365086002119	-1.04301941745373	-0.828251290414564	-0.299928752197795	-0.190426856974816	0.243345511566869	0.502703071242614	0.41688578547792	-0.317704651867235
ALA28M	-1.07707631397082	-0.424180362990528	-1.09228835591779	-0.475300595418322	-0.610244822108614	-0.566542331428425	-1.05315881119335	-0.666365086002119	-1.04301941745373	-0.671775508163935	-0.361686468436996	-0.289182171617005	-0.577611324158722	-0.505988712231128	-0.497285186962948	-0.317704651867235
LYS90N	0.356431323553928	-0.424180362990528	0.107231806006238	-0.298858899174761	-0.386492974850517	-0.436819921822929	0.455331492242225	-0.0868351103572166	0.473522347166071	-0.20234816141205	-0.361686468436996	-0.289182171617005	-0.577611324158722	-0.505988712231128	-0.497285186962948	-0.317704651867235
PRO29M	-0.121404555620989	0.0766787579252108	-0.15932822997688	0.406907885799482	-0.433504666162723	-0.407431577140828	-0.550328710048156	-0.666365086002119	-0.501397358660944	-0.671775508163935	-0.16064539216896	-0.289182171617005	0.243345511566869	-0.505988712231128	0.72160944295821	-0.862594753114392
GLY38M	-0.121404555620989	0.577537878840949	0.107231806006238	0.759791278286604	2.67462272274431	3.29406066819956	0.455331492242225	1.07222484093259	0.148549111890399	0.73650653209172	-0.361686468436996	-0.289182171617005	0.243345511566869	0.502703071242614	-0.192561529482658	-0.862594753114392
HIS69N	0.356431323553928	-0.424180362990528	-0.425888265959998	-1.004625684149	-0.266880950119459	-0.540104446225819	0.455331492242225	-0.666365086002119	0.256873523648956	-0.671775508163935	-0.361686468436996	-0.289182171617005	-0.577611324158722	-0.505988712231128	-0.497285186962948	-0.317704651867235
LEU22P	0.356431323553928	0.577537878840949	0.507071859980915	0.759791278286604	-0.203801971903081	0.188128815643997	0.958161593387416	1.07222484093259	1.44844205299309	0.580030749841091	-0.272334878984535	-0.146302141921923	0.243345511566869	0.502703071242614	0.72160944295821	0.77207555062708
LEU31M	-0.121404555620989	0.577537878840949	0.507071859980915	0.230466189555922	-0.521874744135669	-0.403539471422581	-0.0474986089029657	0.492694865287685	0.690171170683185	0.267079185339835	-0.361686468436996	-0.289182171617005	-0.577611324158722	-0.505988712231128	-0.497285186962948	-0.317704651867235
GLY21N	-0.121404555620989	0.577537878840949	-0.026048211985321	0.583349582043043	-0.380839670199049	-0.360232788357561	-0.0474986089029657	0.492694865287685	-0.0680997116267152	0.423554967590463	-0.361686468436996	-0.289182171617005	-0.577611324158722	-0.505988712231128	-0.497285186962948	-0.317704651867235
LEU26Q	1.31210308190376	1.07839699975669	1.44003198592183	1.64199975950441	1.13424597639435	1.42486397035249	1.46099169453261	1.65175481657749	1.6650908765102	2.14478857234737	-0.226345090295769	-0.217029031512141	0.243345511566869	0.502703071242614	0.112162127997631	0.77207555062708
MET50N	0.356431323553928	0.0766787579252108	1.30675196793027	0.583349582043043	-0.520387032385283	-0.487805698852853	0.455331492242225	0.492694865287685	1.12346881771741	1.36240966109423	-0.217804129539284	-0.1394543819359	1.88525918301805	2.5200866381901	1.63578041539908	3.49652605686287
LEU62N	-0.121404555620989	0.0766787579252108	0.240511823997797	0.0540244933123607	-0.521577201785592	-0.42511054983945	0.455331492242225	0.492694865287685	0.365197935407513	-0.045872379161422	-0.311097700879353	-0.252411575739594	1.88525918301805	1.51139485471636	1.0263331004385	0.227185449379922
LYS100O	-0.599240434795906	-0.424180362990528	-1.22556837390935	-1.18106738039257	-0.490632797377557	-0.479252403728979	-0.550328710048156	-0.666365086002119	-0.934695005695172	-0.984727072665192	-0.361686468436996	-0.289182171617005	-0.577611324158722	-0.505988712231128	-0.497285186962948	-0.317704651867235
PHE87M	-0.599240434795906	-0.925039483906266	-0.026048211985321	-0.1224172029312	-0.00742402085209059	-0.342706997243294	-0.550328710048156	-0.666365086002119	-0.284748535143829	-0.20234816141205	-0.361686468436996	-0.289182171617005	-0.577611324158722	-0.505988712231128	-0.497285186962948	-0.317704651867235
VAL71M	1.31210308190376	2.08011524158816	1.17347194993871	1.46555806326085	0.0619033467159104	0.437482235095418	0.958161593387416	1.65175481657749	1.12346881771741	1.2059338788436	0.351155256238884	0.850706300582729	0.243345511566869	0.502703071242614	0.72160944295821	1.31696565187424
LEU30M	1.31210308190376	1.57925612067243	1.04019193194715	1.46555806326085	-0.194280616700608	-0.0802510610797865	1.46099169453261	2.23128479222239	1.34011764123453	2.14478857234737	0.113322349019835	-0.0662301346985247	1.06430234729246	1.51139485471636	1.94050407287937	2.95163595561571
LEU103O	1.31210308190376	1.07839699975669	1.04019193194715	1.64199975950441	1.59037839906278	2.48793670555514	1.46099169453261	1.65175481657749	1.23179322947597	1.67536122559549	-0.361686468436996	-0.289182171617005	-0.577611324158722	-0.505988712231128	-0.497285186962948	-0.317704651867235
VAL24O	0.356431323553928	0.577537878840949	0.773631895964034	0.406907885799482	0.70638007698325	0.775518154576539	-0.0474986089029657	-0.0868351103572166	0.473522347166071	0.110603403089206	-0.361686468436996	-0.289182171617005	-0.577611324158722	-0.505988712231128	-0.497285186962948	-0.317704651867235
HIS51N	-0.599240434795906	-0.424180362990528	-0.15932822997688	-0.651742291661883	-0.56085279199579	-0.486397862928648	-1.05315881119335	-0.666365086002119	-0.934695005695172	-0.671775508163935	-0.165901368019104	-0.026519872048618	1.88525918301805	1.51139485471636	1.33105675791879	0.227185449379922
PRO27P	-1.07707631397082	-0.424180362990528	-1.35884839190091	-0.475300595418322	-0.610244822108614	-0.566542331428425	-1.05315881119335	-0.666365086002119	-1.3679926527294	-0.828251290414564	-0.361686468436996	-0.289182171617005	-0.577611324158722	-0.505988712231128	-0.497285186962948	-0.317704651867235
GLY54M	1.78993896107868	2.5809743625039	1.70659202190495	2.17132484823509	1.40114146441365	2.30784925460927	-0.550328710048156	-0.0868351103572166	-0.176424123385272	0.110603403089206	4.07961312493531	5.17684151744941	2.70621601874364	3.52877842166384	3.46412236028081	3.49652605686287
VAL71N	0.834267202728845	1.57925612067243	1.04019193194715	1.28911636701729	-0.241589850362892	0.117965392746342	0.455331492242225	1.07222484093259	0.473522347166071	0.423554967590463	0.439192851728809	0.991485153370531	1.06430234729246	1.51139485471636	1.63578041539908	2.40674585436855
MET50O	0.834267202728845	0.577537878840949	1.04019193194715	0.936232974530165	-0.524850167636441	-0.491119723331591	0.958161593387416	1.07222484093259	1.23179322947597	1.67536122559549	-0.18823926538222	-0.145756423868848	2.70621601874364	3.52877842166384	1.0263331004385	1.31696565187424
GLN68N	0.356431323553928	0.577537878840949	-0.026048211985321	0.0540244933123607	0.876871843577519	1.43836366617466	0.455331492242225	0.492694865287685	0.473522347166071	-0.045872379161422	-0.361686468436996	-0.289182171617005	-0.577611324158722	-0.505988712231128	-0.497285186962948	-0.317704651867235
LEU62O	-0.121404555620989	0.0766787579252108	0.107231806006238	-0.298858899174761	-0.521577201785592	-0.498036312221265	0.455331492242225	0.492694865287685	0.365197935407513	-0.045872379161422	-0.361686468436996	-0.289182171617005	-0.577611324158722	-0.505988712231128	-0.497285186962948	-0.317704651867235
MET59M	-0.599240434795906	-0.925039483906266	-1.22556837390935	-1.18106738039257	-0.344837045839701	-0.484224614800466	-0.0474986089029657	-0.666365086002119	-0.934695005695172	-0.828251290414564	-0.361686468436996	-0.289182171617005	-0.577611324158722	-0.505988712231128	-0.497285186962948	-0.317704651867235
LYS47O	-1.07707631397082	-1.425898604822	-0.825728319934676	-1.18106738039257	-0.567398723697489	-0.566542331428425	-1.05315881119335	-1.24589506164702	-0.934695005695172	-0.984727072665192	-0.361686468436996	-0.289182171617005	-0.577611324158722	-0.505988712231128	-0.497285186962948	-0.317704651867235
THR45O	0.834267202728845	1.07839699975669	0.773631895964034	0.406907885799482	-0.176428075695973	-0.0145432448416549	0.958161593387416	1.07222484093259	0.040224700131842	0.110603403089206	-0.361686468436996	-0.289182171617005	-0.577611324158722	-0.505988712231128	-0.497285186962948	-0.317704651867235
GLU41M	0.356431323553928	-0.424180362990528	0.507071859980915	-0.651742291661883	4.59198562664216	1.81225266396125	0.958161593387416	-0.0868351103572166	0.690171170683185	-0.515299725913307	-0.252624969546493	-0.267189458288045	0.243345511566869	0.502703071242614	0.112162127997631	0.227185449379922
GLY38N	0.356431323553928	1.07839699975669	-0.292608247968439	0.406907885799482	-0.487657373876784	-0.412507696903042	0.958161593387416	1.65175481657749	0.148549111890399	0.73650653209172	-0.361686468436996	-0.289182171617005	-0.577611324158722	-0.505988712231128	-0.497285186962948	-0.317704651867235
ALA28O	-1.07707631397082	-0.424180362990528	-1.09228835591779	-0.475300595418322	-0.610244822108614	-0.566542331428425	-1.05315881119335	-0.666365086002119	-1.04301941745373	-0.671775508163935	-0.361686468436996	-0.289182171617005	-0.577611324158722	-0.505988712231128	-0.497285186962948	-0.317704651867235
PRO29O	-0.121404555620989	0.0766787579252108	-0.15932822997688	0.230466189555922	-0.416247209858242	-0.389200136545374	-0.550328710048156	-0.666365086002119	-0.501397358660944	-0.671775508163935	-0.144220467637257	-0.289182171617005	0.243345511566869	-0.505988712231128	0.72160944295821	-0.862594753114392
LEU81N	0.834267202728845	0.577537878840949	0.773631895964034	0.936232974530165	-0.313297556731511	-0.129110100415903	0.958161593387416	1.07222484093259	0.581846758924628	0.73650653209172	0.29399651886856	0.542651232255289	3.52717285446923	3.52877842166384	1.33105675791879	0.77207555062708
SER93M	-0.599240434795906	-0.424180362990528	-0.559168283951557	-0.475300595418322	-0.610244822108614	-0.566542331428425	-1.55598891233854	-1.24589506164702	-1.3679926527294	-0.828251290414564	-0.361686468436996	-0.289182171617005	-0.577611324158722	-0.505988712231128	-0.497285186962948	-0.317704651867235
LEU99M	0.834267202728845	1.57925612067243	1.17347194993871	1.81844145574797	0.30826841257988	-0.0438674249835878	0.958161593387416	1.65175481657749	1.12346881771741	2.45774013684863	1.05020004430813	0.695359655746674	0.243345511566869	0.502703071242614	0.41688578547792	0.77207555062708
ARG27N	-0.121404555620989	-0.424180362990528	-0.559168283951557	-0.1224172029312	-0.239507053912351	-0.134788670054268	0.455331492242225	-0.0868351103572166	-0.609721770419501	-0.358823943662679	-0.361686468436996	-0.289182171617005	-0.577611324158722	-0.505988712231128	-0.497285186962948	-0.317704651867235
VAL43N	-0.121404555620989	0.0766787579252108	-0.026048211985321	-0.475300595418322	-0.488847543277093	-0.381037178975853	-0.550328710048156	-0.0868351103572166	-0.0680997116267152	-0.20234816141205	-0.361686468436996	-0.289182171617005	-0.577611324158722	-0.505988712231128	-0.497285186962948	-0.317704651867235
MET50M	0.356431323553928	0.0766787579252108	0.640351877972475	0.583349582043043	-0.521874744135669	-0.494803321663524	0.455331492242225	0.492694865287685	0.581846758924628	1.04945809659298	-0.169186352925445	-0.152761257810457	1.88525918301805	2.5200866381901	1.33105675791879	2.95163595561571
GLN61O	-1.07707631397082	-0.424180362990528	-0.959008337926235	-0.298858899174761	-0.344837045839701	-0.297686885483392	-0.550328710048156	-0.0868351103572166	-0.609721770419501	-0.045872379161422	0.0279127414549828	0.0199904229692599	0.243345511566869	0.502703071242614	0.112162127997631	0.77207555062708
GLU41N	-1.07707631397082	-0.925039483906266	-0.425888265959998	-0.651742291661883	-0.521874744135669	-0.566542331428425	-1.05315881119335	-1.24589506164702	-0.609721770419501	-0.984727072665192	-0.361686468436996	-0.289182171617005	-0.577611324158722	-0.505988712231128	-0.497285186962948	-0.317704651867235
ARG27O	-0.121404555620989	-0.424180362990528	-0.692448301943117	-0.1224172029312	-0.238911969212197	-0.199151180035188	0.455331492242225	-0.0868351103572166	-0.718046182178058	-0.515299725913307	-0.361686468436996	-0.289182171617005	-0.577611324158722	-0.505988712231128	-0.497285186962948	-0.317704651867235
SER88M	-0.121404555620989	0.0766787579252108	-0.425888265959998	0.0540244933123607	-0.519196862984974	-0.415502281256587	0.455331492242225	0.492694865287685	0.473522347166071	0.110603403089206	-0.361686468436996	-0.289182171617005	-0.577611324158722	-0.505988712231128	-0.497285186962948	-0.317704651867235
ASP75O	-1.55491219314574	-0.925039483906266	-1.62540842788403	-1.004625684149	-0.610244822108614	-0.566542331428425	-1.55598891233854	-1.24589506164702	-1.3679926527294	-0.828251290414564	-0.361686468436996	-0.289182171617005	-0.577611324158722	-0.505988712231128	-0.497285186962948	-0.317704651867235
HIS74O	-0.599240434795906	-0.424180362990528	-1.09228835591779	-0.828183987905444	-0.426363649760869	-0.549968294523467	-0.550328710048156	-0.666365086002119	-0.934695005695172	-0.828251290414564	-0.361686468436996	-0.289182171617005	-0.577611324158722	-0.505988712231128	-0.497285186962948	-0.317704651867235
LEU95N	1.78993896107868	1.07839699975669	1.83987203989651	1.64199975950441	-0.398394668853607	-0.438202276492572	1.46099169453261	1.07222484093259	2.20671293530298	2.301264354598	-0.253281966527761	-0.201139507579084	1.88525918301805	2.5200866381901	2.24522773035966	2.95163595561571
LYS90M	0.356431323553928	-0.925039483906266	0.240511823997797	-0.828183987905444	-0.352573146941709	-0.54223374396782	0.455331492242225	-0.666365086002119	0.473522347166071	-0.828251290414564	-0.361686468436996	-0.289182171617005	-0.577611324158722	-0.505988712231128	-0.497285186962948	-0.317704651867235
HIS25O	-0.121404555620989	-0.925039483906266	-0.292608247968439	-0.828183987905444	-0.57275448599888	-0.566542331428425	-0.550328710048156	-0.666365086002119	-0.609721770419501	-0.671775508163935	-0.361686468436996	-0.289182171617005	-0.577611324158722	-0.505988712231128	-0.497285186962948	-0.317704651867235
GLN23O	0.834267202728845	-0.424180362990528	0.240511823997797	-0.475300595418322	0.990830563657108	1.94332495274769	0.958161593387416	-0.0868351103572166	0.256873523648956	-0.515299725913307	2.48442445441638	4.26196700955281	0.243345511566869	0.502703071242614	-0.497285186962948	-0.862594753114392
LYS47M	-1.07707631397082	-1.425898604822	-0.825728319934676	-1.18106738039257	-0.523064913535978	-0.566542331428425	-1.05315881119335	-1.24589506164702	-0.826370593936615	-0.984727072665192	-0.361686468436996	-0.289182171617005	-0.577611324158722	-0.505988712231128	-0.497285186962948	-0.317704651867235
VAL46M	-0.599240434795906	-0.424180362990528	-0.559168283951557	-1.004625684149	-0.519494405335051	-0.460468495236693	-0.550328710048156	-0.666365086002119	-0.393072946902387	-0.828251290414564	-0.361686468436996	-0.289182171617005	-0.577611324158722	-0.505988712231128	-0.497285186962948	-0.317704651867235
SER93O	-1.07707631397082	-0.925039483906266	-0.692448301943117	-0.475300595418322	-0.610244822108614	-0.566542331428425	-1.55598891233854	-1.24589506164702	-1.3679926527294	-0.828251290414564	-0.361686468436996	-0.289182171617005	-0.577611324158722	-0.505988712231128	-0.497285186962948	-0.317704651867235
GLU20N	-0.599240434795906	-0.925039483906266	-0.692448301943117	-1.004625684149	0.678708638426065	-0.566542331428425	-1.05315881119335	-1.24589506164702	-0.934695005695172	-0.984727072665192	2.48442445441638	-0.289182171617005	0.243345511566869	-0.505988712231128	-0.497285186962948	-0.862594753114392
GLY19N	-1.07707631397082	-0.424180362990528	-0.959008337926235	-0.475300595418322	0.511787380032724	1.5168141075248	-1.05315881119335	-0.666365086002119	-0.826370593936615	-0.358823943662679	-0.361686468436996	-0.289182171617005	-0.577611324158722	-0.505988712231128	-0.497285186962948	-0.317704651867235
THR22N	-0.121404555620989	0.0766787579252108	0.240511823997797	0.230466189555922	-0.435289920263187	-0.433171574506996	0.455331492242225	0.492694865287685	0.581846758924628	0.423554967590463	-0.361686468436996	-0.289182171617005	-0.577611324158722	-0.505988712231128	-0.497285186962948	-0.317704651867235
LEU106O	-0.121404555620989	0.577537878840949	-0.425888265959998	0.0540244933123607	-0.447786698966432	-0.264894859758189	0.455331492242225	1.07222484093259	-0.0680997116267152	0.267079185339835	-0.361686468436996	-0.289182171617005	-0.577611324158722	-0.505988712231128	-0.497285186962948	-0.317704651867235
CYS73M	0.356431323553928	1.07839699975669	0.240511823997797	1.28911636701729	-0.234151291610961	-0.415821814973247	0.958161593387416	1.65175481657749	0.690171170683185	1.2059338788436	-0.361686468436996	-0.289182171617005	-0.577611324158722	-0.505988712231128	-0.497285186962948	-0.317704651867235
ILE70N	-0.121404555620989	-0.424180362990528	-0.15932822997688	-0.475300595418322	-0.504914830181265	-0.397406581152526	-0.550328710048156	-0.0868351103572166	-0.609721770419501	-0.358823943662679	-0.361686468436996	-0.289182171617005	-0.577611324158722	-0.505988712231128	-0.497285186962948	-0.317704651867235
GLU48O	-1.07707631397082	-0.424180362990528	-0.292608247968439	-0.1224172029312	-0.521577201785592	-0.522385124323162	-0.550328710048156	-0.0868351103572166	-0.0680997116267152	-0.045872379161422	-0.361686468436996	-0.289182171617005	-0.577611324158722	-0.505988712231128	-0.497285186962948	-0.317704651867235
TYR96N	-0.121404555620989	-0.424180362990528	0.373791841989356	0.0540244933123607	0.923288450189571	0.333701297459538	-0.0474986089029657	-0.0868351103572166	-0.0680997116267152	0.110603403089206	1.51141192515834	-0.289182171617005	0.243345511566869	-0.505988712231128	-0.497285186962948	-0.862594753114392
PHE19P	1.31210308190376	-0.424180362990528	2.23971209387118	0.230466189555922	1.06343089707596	0.472929626116783	1.46099169453261	-0.666365086002119	1.6650908765102	-0.515299725913307	1.21050730773755	1.68750686813022	1.88525918301805	0.502703071242614	3.46412236028081	1.31696565187424
ARG67N	-1.07707631397082	-0.925039483906266	-1.09228835591779	-1.004625684149	-0.610244822108614	-0.566542331428425	-1.55598891233854	-1.24589506164702	-1.3679926527294	-0.828251290414564	-0.361686468436996	-0.289182171617005	-0.577611324158722	-0.505988712231128	-0.497285186962948	-0.317704651867235
VAL46O	-0.121404555620989	0.0766787579252108	0.373791841989356	0.230466189555922	-0.476350764573848	-0.425939251684697	-0.0474986089029657	-0.0868351103572166	0.365197935407513	0.423554967590463	-0.361686468436996	-0.289182171617005	-0.577611324158722	-0.505988712231128	-0.497285186962948	-0.317704651867235
PRO77M	-0.121404555620989	-0.424180362990528	-0.292608247968439	-0.298858899174761	-0.521577201785592	-0.448949123010267	-0.550328710048156	-0.666365086002119	-0.393072946902387	-0.358823943662679	-0.355773495605583	-0.289182171617005	0.243345511566869	-0.505988712231128	0.112162127997631	-0.862594753114392
PRO77N	-1.07707631397082	-0.424180362990528	-0.559168283951557	-0.298858899174761	-0.521577201785592	-0.446391871232754	-1.05315881119335	-0.666365086002119	-0.826370593936615	-0.358823943662679	-0.361686468436996	-0.289182171617005	-0.577611324158722	-0.505988712231128	-0.497285186962948	-0.317704651867235
GLN32M	-1.55491219314574	-1.425898604822	-1.62540842788403	-1.18106738039257	-0.610244822108614	-0.566542331428425	-1.55598891233854	-1.24589506164702	-1.3679926527294	-0.828251290414564	-0.361686468436996	-0.289182171617005	-0.577611324158722	-0.505988712231128	-0.497285186962948	-0.317704651867235
ILE33N	-0.121404555620989	0.0766787579252108	0.773631895964034	0.0540244933123607	-0.485277035076166	-0.402183132120924	-0.0474986089029657	-0.0868351103572166	0.365197935407513	-0.045872379161422	-0.12253956725541	0.0233678933409865	1.06430234729246	1.51139485471636	1.63578041539908	2.40674585436855
LYS100N	-1.55491219314574	-1.425898604822	-1.35884839190091	-1.18106738039257	-0.521577201785592	-0.566542331428425	-1.05315881119335	-1.24589506164702	-0.934695005695172	-0.984727072665192	-0.361686468436996	-0.289182171617005	-0.577611324158722	-0.505988712231128	-0.497285186962948	-0.317704651867235
ASN91O	-1.07707631397082	-1.425898604822	-0.692448301943117	-1.18106738039257	-0.521577201785592	-0.566542331428425	-0.550328710048156	-1.24589506164702	-0.826370593936615	-0.984727072665192	-0.361686468436996	-0.289182171617005	-0.577611324158722	-0.505988712231128	-0.497285186962948	-0.317704651867235
HIS74M	-1.07707631397082	-0.925039483906266	-1.49212840989247	-1.18106738039257	-0.433504666162723	-0.566542331428425	-1.05315881119335	-1.24589506164702	-1.15134382921229	-0.984727072665192	-0.361686468436996	-0.289182171617005	-0.577611324158722	-0.505988712231128	-0.497285186962948	-0.317704651867235
ILE105M	-0.121404555620989	-0.925039483906266	-0.292608247968439	-1.18106738039257	0.109212580378194	-0.40107819632726	-0.0474986089029657	-0.666365086002119	0.040224700131842	-0.828251290414564	-0.361686468436996	-0.289182171617005	-0.577611324158722	-0.505988712231128	-0.497285186962948	-0.317704651867235
ASN102O	-1.07707631397082	-1.425898604822	-0.559168283951557	-1.18106738039257	-0.521577201785592	-0.566542331428425	-0.550328710048156	-1.24589506164702	-0.284748535143829	-0.984727072665192	-0.26050893332171	-0.289182171617005	0.243345511566869	-0.505988712231128	0.72160944295821	-0.862594753114392
GLN66M	-1.07707631397082	-0.925039483906266	-1.22556837390935	-1.18106738039257	-0.610244822108614	-0.566542331428425	-1.55598891233854	-1.24589506164702	-1.3679926527294	-0.828251290414564	-0.361686468436996	-0.289182171617005	-0.577611324158722	-0.505988712231128	-0.497285186962948	-0.317704651867235
LYS24R	-1.55491219314574	-0.925039483906266	-1.62540842788403	-1.18106738039257	-0.521577201785592	-0.484224614800466	-1.05315881119335	-0.666365086002119	-1.15134382921229	-0.828251290414564	-0.361686468436996	-0.289182171617005	-0.577611324158722	-0.505988712231128	-0.497285186962948	-0.317704651867235
LEU82N	1.31210308190376	1.07839699975669	1.57331200391339	1.28911636701729	-0.326686962484988	-0.174018693054652	0.958161593387416	1.07222484093259	1.12346881771741	1.2059338788436	-0.0831197483793248	0.0443705301772284	0.243345511566869	0.502703071242614	-0.192561529482658	0.227185449379922
LEU30O	1.31210308190376	1.07839699975669	1.44003198592183	1.28911636701729	-0.304966370929348	-0.28947968116721	1.46099169453261	1.65175481657749	1.44844205299309	1.51888544334486	-0.20532118689519	-0.289182171617005	0.243345511566869	-0.505988712231128	0.72160944295821	-0.862594753114392
GLY19O	-1.07707631397082	-0.424180362990528	-0.959008337926235	-0.475300595418322	0.348436629840309	1.21350923216407	-1.05315881119335	-0.666365086002119	-0.826370593936615	-0.358823943662679	-0.361686468436996	-0.289182171617005	-0.577611324158722	-0.505988712231128	-0.497285186962948	-0.317704651867235
SER86N	-0.599240434795906	-0.925039483906266	-0.559168283951557	-0.828183987905444	-0.524255082936287	-0.566542331428425	-0.550328710048156	-1.24589506164702	-0.609721770419501	-0.984727072665192	-0.361686468436996	-0.289182171617005	-0.577611324158722	-0.505988712231128	-0.497285186962948	-0.317704651867235
ILE105N	0.356431323553928	-0.424180362990528	-0.15932822997688	-0.475300595418322	-0.154409941790256	-0.359484661690438	0.958161593387416	-0.0868351103572166	0.581846758924628	-0.045872379161422	-0.361686468436996	-0.289182171617005	-0.577611324158722	-0.505988712231128	-0.497285186962948	-0.317704651867235
SER88O	-0.599240434795906	-0.424180362990528	-0.692448301943117	-0.298858899174761	-0.501344321980338	-0.407684266664769	-0.0474986089029657	-0.0868351103572166	-0.176424123385272	-0.045872379161422	-0.361686468436996	-0.289182171617005	-0.577611324158722	-0.505988712231128	-0.497285186962948	-0.317704651867235
SER20R	-0.599240434795906	0.0766787579252108	-0.825728319934676	-0.298858899174761	-0.519196862984974	-0.542451638105475	-0.550328710048156	-0.0868351103572166	-0.501397358660944	-0.20234816141205	-0.361686468436996	-0.289182171617005	-0.577611324158722	-0.505988712231128	-0.497285186962948	-0.317704651867235
MET58M	-1.07707631397082	-0.925039483906266	-0.425888265959998	-0.651742291661883	-0.135664773735389	0.31464396401851	-1.05315881119335	-0.666365086002119	-0.934695005695172	-0.515299725913307	-0.361686468436996	-0.289182171617005	-0.577611324158722	-0.505988712231128	-0.497285186962948	-0.317704651867235
LYS65O	-1.07707631397082	-1.425898604822	-0.825728319934676	-1.18106738039257	-0.610244822108614	-0.566542331428425	-1.55598891233854	-1.24589506164702	-1.3679926527294	-0.828251290414564	-0.361686468436996	-0.289182171617005	-0.577611324158722	-0.505988712231128	-0.497285186962948	-0.317704651867235
PRO27R	-1.07707631397082	-0.925039483906266	-1.09228835591779	-0.298858899174761	-0.610244822108614	-0.566542331428425	-1.05315881119335	-1.24589506164702	-1.15134382921229	-0.984727072665192	-0.361686468436996	-0.289182171617005	-0.577611324158722	-0.505988712231128	-0.497285186962948	-0.317704651867235
TYR96O	-0.121404555620989	-0.925039483906266	-0.292608247968439	-1.004625684149	-0.290981880475717	-0.566542331428425	-0.0474986089029657	-0.666365086002119	-0.393072946902387	-0.984727072665192	0.343271292463667	-0.289182171617005	1.06430234729246	-0.505988712231128	0.72160944295821	-0.862594753114392
GLU97O	-1.07707631397082	-0.925039483906266	-1.09228835591779	-1.004625684149	-0.610244822108614	-0.566542331428425	-1.55598891233854	-1.24589506164702	-1.3679926527294	-0.828251290414564	-0.361686468436996	-0.289182171617005	-0.577611324158722	-0.505988712231128	-0.497285186962948	-0.317704651867235
LYS35O	-1.07707631397082	-0.925039483906266	-0.959008337926235	-1.004625684149	-0.508485338382192	-0.466485490447515	-0.550328710048156	-0.666365086002119	-0.609721770419501	-0.671775508163935	-0.361686468436996	-0.289182171617005	-0.577611324158722	-0.505988712231128	-0.497285186962948	-0.317704651867235
ILE33M	0.356431323553928	0.0766787579252108	1.30675196793027	0.0540244933123607	-0.416247209858242	-0.425939251684697	0.455331492242225	0.492694865287685	0.365197935407513	0.110603403089206	-0.101515663854831	-0.0218074101655468	1.88525918301805	2.5200866381901	1.63578041539908	1.86185575312139
THR18R	0.834267202728845	0.577537878840949	0.240511823997797	0.0540244933123607	-0.169882143994273	-0.296598484539262	1.46099169453261	1.07222484093259	0.906819994200299	0.267079185339835	-0.361686468436996	-0.289182171617005	-0.577611324158722	-0.505988712231128	-0.497285186962948	-0.317704651867235
MET98O	0.356431323553928	0.577537878840949	1.44003198592183	1.46555806326085	0.274348584671072	-0.0333208089680675	-0.0474986089029657	0.492694865287685	0.256873523648956	1.04945809659298	1.00749524052571	0.257820268864588	0.243345511566869	0.502703071242614	-0.497285186962948	-0.317704651867235
ASP21R	-1.07707631397082	-0.925039483906266	-0.959008337926235	-0.651742291661883	-0.521577201785592	-0.526886261954049	-1.05315881119335	-0.666365086002119	-0.826370593936615	-0.358823943662679	-0.361686468436996	-0.289182171617005	-0.577611324158722	-0.505988712231128	-0.497285186962948	-0.317704651867235
HIS51M	-1.07707631397082	-0.925039483906266	-0.425888265959998	-0.828183987905444	-0.610244822108614	-0.566542331428425	-1.55598891233854	-1.24589506164702	-1.3679926527294	-0.828251290414564	-0.165901368019104	0.0238931875678066	1.06430234729246	0.502703071242614	1.0263331004385	-0.862594753114392
ILE33O	0.356431323553928	0.0766787579252108	0.773631895964034	0.0540244933123607	-0.190710108499681	-0.271248240571756	0.455331492242225	0.492694865287685	0.040224700131842	-0.045872379161422	0.192161986772006	0.27235735685374	1.88525918301805	2.5200866381901	1.33105675791879	1.31696565187424
GLN66N	-1.55491219314574	-1.425898604822	-1.62540842788403	-1.18106738039257	-0.610244822108614	-0.566542331428425	-1.55598891233854	-1.24589506164702	-1.3679926527294	-0.828251290414564	-0.361686468436996	-0.289182171617005	-0.577611324158722	-0.505988712231128	-0.497285186962948	-0.317704651867235
TYR52M	-0.599240434795906	-1.425898604822	-0.292608247968439	-1.18106738039257	-0.521577201785592	-0.566542331428425	-0.0474986089029657	-1.24589506164702	-0.0680997116267152	-0.984727072665192	-0.361686468436996	-0.289182171617005	-0.577611324158722	-0.505988712231128	-0.497285186962948	-0.317704651867235
GLU48N	-1.07707631397082	-0.424180362990528	-0.425888265959998	-0.298858899174761	-0.521577201785592	-0.44843931953544	-0.550328710048156	-0.0868351103572166	-0.176424123385272	-0.20234816141205	-0.361686468436996	-0.289182171617005	-0.577611324158722	-0.505988712231128	-0.497285186962948	-0.317704651867235
ARG67O	-1.07707631397082	-0.925039483906266	-0.959008337926235	-1.004625684149	-0.610244822108614	-0.566542331428425	-1.55598891233854	-1.24589506164702	-1.3679926527294	-0.828251290414564	-0.361686468436996	-0.289182171617005	-0.577611324158722	-0.505988712231128	-0.497285186962948	-0.317704651867235
PRO94N	-0.121404555620989	0.577537878840949	-0.026048211985321	0.583349582043043	-0.610244822108614	-0.566542331428425	-1.05315881119335	-0.666365086002119	-1.15134382921229	-0.984727072665192	-0.361686468436996	-0.289182171617005	-0.577611324158722	-0.505988712231128	-0.497285186962948	-0.317704651867235
ILE14N	-0.599240434795906	-0.424180362990528	-0.292608247968439	0.230466189555922	-0.472185171672767	-0.388610858973074	-0.0474986089029657	-0.0868351103572166	0.473522347166071	0.423554967590463	-0.361686468436996	-0.289182171617005	-0.577611324158722	-0.505988712231128	-0.497285186962948	-0.317704651867235
SER93N	-1.07707631397082	-0.925039483906266	-0.692448301943117	-0.651742291661883	-0.610244822108614	-0.566542331428425	-1.55598891233854	-1.24589506164702	-1.3679926527294	-0.828251290414564	-0.361686468436996	-0.289182171617005	-0.577611324158722	-0.505988712231128	-0.497285186962948	-0.317704651867235
TYR96M	-1.07707631397082	-0.925039483906266	-1.09228835591779	-1.004625684149	-0.610244822108614	-0.566542331428425	-1.05315881119335	-0.666365086002119	-1.3679926527294	-0.828251290414564	-0.361686468436996	-0.289182171617005	-0.577611324158722	-0.505988712231128	-0.497285186962948	-0.317704651867235
ASP75M	-1.55491219314574	-0.925039483906266	-1.75868844587559	-1.18106738039257	-0.610244822108614	-0.566542331428425	-1.55598891233854	-1.24589506164702	-1.3679926527294	-0.828251290414564	-0.361686468436996	-0.289182171617005	-0.577611324158722	-0.505988712231128	-0.497285186962948	-0.317704651867235
VAL46N	-0.599240434795906	0.0766787579252108	-0.026048211985321	0.583349582043043	-0.509377965432424	-0.467650577895508	-0.550328710048156	-0.0868351103572166	0.040224700131842	0.73650653209172	-0.361686468436996	-0.289182171617005	-0.577611324158722	-0.505988712231128	-0.497285186962948	-0.317704651867235
LEU31O	-1.07707631397082	-0.424180362990528	-0.559168283951557	-0.651742291661883	-0.521577201785592	-0.40245936606934	-0.550328710048156	-0.0868351103572166	-0.176424123385272	-0.358823943662679	-0.361686468436996	-0.289182171617005	-0.577611324158722	-0.505988712231128	-0.497285186962948	-0.317704651867235
TYR63M	-0.599240434795906	-0.424180362990528	-0.825728319934676	-0.828183987905444	-0.513841100683583	-0.500720922301706	-0.0474986089029657	-0.0868351103572166	-0.393072946902387	-0.358823943662679	-0.361686468436996	-0.289182171617005	0.243345511566869	-0.505988712231128	0.112162127997631	-0.862594753114392
LYS65N	-1.55491219314574	-1.425898604822	-1.35884839190091	-1.18106738039257	-0.610244822108614	-0.566542331428425	-1.55598891233854	-1.24589506164702	-1.3679926527294	-0.828251290414564	-0.361686468436996	-0.289182171617005	-0.577611324158722	-0.505988712231128	-0.497285186962948	-0.317704651867235
LYS24P	-1.55491219314574	-0.925039483906266	-1.35884839190091	-0.828183987905444	-0.521577201785592	-0.526932398248093	-1.05315881119335	-0.666365086002119	-0.934695005695172	-0.515299725913307	-0.165901368019104	-0.213858811314353	0.243345511566869	0.502703071242614	0.112162127997631	0.77207555062708
LYS35N	-1.07707631397082	-1.425898604822	-1.22556837390935	-1.18106738039257	-0.592987365804133	-0.566542331428425	-1.05315881119335	-1.24589506164702	-0.934695005695172	-0.984727072665192	-0.361686468436996	-0.289182171617005	-0.577611324158722	-0.505988712231128	-0.497285186962948	-0.317704651867235
GLU80M	-1.07707631397082	-0.925039483906266	-0.959008337926235	-0.828183987905444	-0.610244822108614	-0.566542331428425	-1.55598891233854	-1.24589506164702	-1.3679926527294	-0.828251290414564	-0.361686468436996	-0.289182171617005	-0.577611324158722	-0.505988712231128	-0.497285186962948	-0.317704651867235
SER88N	-0.121404555620989	0.0766787579252108	-0.692448301943117	-0.651742291661883	-0.521577201785592	-0.564394319895587	0.455331492242225	0.492694865287685	0.040224700131842	-0.20234816141205	-0.361686468436996	-0.289182171617005	-0.577611324158722	-0.505988712231128	-0.497285186962948	-0.317704651867235
ARG67M	-1.07707631397082	-0.925039483906266	-0.825728319934676	-1.004625684149	-0.610244822108614	-0.566542331428425	-1.55598891233854	-1.24589506164702	-1.3679926527294	-0.828251290414564	-0.361686468436996	-0.289182171617005	-0.577611324158722	-0.505988712231128	-0.497285186962948	-0.317704651867235
GLU48M	-1.07707631397082	-0.424180362990528	-0.026048211985321	0.230466189555922	-0.521577201785592	-0.532562437819345	-0.550328710048156	-0.0868351103572166	0.256873523648956	0.267079185339835	-0.361686468436996	-0.289182171617005	-0.577611324158722	-0.505988712231128	-0.497285186962948	-0.317704651867235
LEU31N	-1.07707631397082	-0.424180362990528	-0.692448301943117	-0.828183987905444	-0.450762122467204	-0.270419538726508	-1.05315881119335	-0.666365086002119	-0.609721770419501	-0.671775508163935	-0.361686468436996	-0.289182171617005	-0.577611324158722	-0.505988712231128	-0.497285186962948	-0.317704651867235
GLU97M	-1.07707631397082	-0.424180362990528	-1.09228835591779	-0.298858899174761	-0.610244822108614	-0.566542331428425	-1.55598891233854	-1.24589506164702	-1.3679926527294	-0.828251290414564	-0.361686468436996	-0.289182171617005	-0.577611324158722	-0.505988712231128	-0.497285186962948	-0.317704651867235
GLN40O	-1.07707631397082	-0.925039483906266	-0.959008337926235	-0.651742291661883	-0.521577201785592	-0.511590470798325	-1.05315881119335	-0.666365086002119	-1.04301941745373	-0.358823943662679	-0.361686468436996	-0.289182171617005	-0.577611324158722	-0.505988712231128	-0.497285186962948	-0.317704651867235
GLU80O	-1.07707631397082	-0.925039483906266	-0.825728319934676	-0.828183987905444	-0.610244822108614	-0.566542331428425	-1.55598891233854	-1.24589506164702	-1.3679926527294	-0.828251290414564	-0.361686468436996	-0.289182171617005	-0.577611324158722	-0.505988712231128	-0.497285186962948	-0.317704651867235
GLU80N	-1.55491219314574	-1.425898604822	-0.959008337926235	-1.18106738039257	-0.610244822108614	-0.566542331428425	-1.55598891233854	-1.24589506164702	-1.3679926527294	-0.828251290414564	-0.361686468436996	-0.289182171617005	-0.577611324158722	-0.505988712231128	-0.497285186962948	-0.317704651867235
GLU42N	-0.599240434795906	-1.425898604822	-0.692448301943117	-1.18106738039257	-0.555199487344322	-0.566542331428425	-0.550328710048156	-1.24589506164702	-0.826370593936615	-0.984727072665192	-0.361686468436996	-0.289182171617005	-0.577611324158722	-0.505988712231128	-0.497285186962948	-0.317704651867235
ARG15O	-1.07707631397082	-1.425898604822	-1.49212840989247	-1.18106738039257	-0.563233130796408	-0.566542331428425	-1.05315881119335	-1.24589506164702	-1.25966824097084	-0.984727072665192	-0.361686468436996	-0.289182171617005	-0.577611324158722	-0.505988712231128	-0.497285186962948	-0.317704651867235
VAL104N	-0.599240434795906	0.0766787579252108	-0.15932822997688	0.583349582043043	-0.59983083985591	-0.556874143233866	-0.550328710048156	-0.0868351103572166	-0.501397358660944	-0.358823943662679	-0.361686468436996	-0.289182171617005	-0.577611324158722	-0.505988712231128	-0.497285186962948	-0.317704651867235
LYS100M	-2.03274807232066	-1.425898604822	-1.89196846386715	-1.18106738039257	-0.610244822108614	-0.566542331428425	-1.55598891233854	-1.24589506164702	-1.3679926527294	-0.828251290414564	-0.361686468436996	-0.289182171617005	-0.577611324158722	-0.505988712231128	-0.497285186962948	-0.317704651867235
GLU17P	-2.03274807232066	-1.425898604822	-1.89196846386715	-1.18106738039257	-0.610244822108614	-0.566542331428425	-1.55598891233854	-1.24589506164702	-1.3679926527294	-0.828251290414564	-0.361686468436996	-0.289182171617005	-0.577611324158722	-0.505988712231128	-0.497285186962948	-0.317704651867235
LEU25P	-2.03274807232066	-1.425898604822	-1.89196846386715	-1.18106738039257	-0.610244822108614	-0.566542331428425	-1.55598891233854	-1.24589506164702	-1.3679926527294	-0.828251290414564	-0.361686468436996	-0.289182171617005	-0.577611324158722	-0.505988712231128	-0.497285186962948	-0.317704651867235
ASP75N	-2.03274807232066	-1.425898604822	-1.89196846386715	-1.18106738039257	-0.610244822108614	-0.566542331428425	-1.55598891233854	-1.24589506164702	-1.3679926527294	-0.828251290414564	-0.361686468436996	-0.289182171617005	-0.577611324158722	-0.505988712231128	-0.497285186962948	-0.317704651867235
GLU17Q	-2.03274807232066	-1.425898604822	-1.89196846386715	-1.18106738039257	-0.610244822108614	-0.566542331428425	-1.55598891233854	-1.24589506164702	-1.3679926527294	-0.828251290414564	-0.361686468436996	-0.289182171617005	-0.577611324158722	-0.505988712231128	-0.497285186962948	-0.317704651867235
LYS24Q	-2.03274807232066	-1.425898604822	-1.89196846386715	-1.18106738039257	-0.610244822108614	-0.566542331428425	-1.55598891233854	-1.24589506164702	-1.3679926527294	-0.828251290414564	-0.361686468436996	-0.289182171617005	-0.577611324158722	-0.505988712231128	-0.497285186962948	-0.317704651867235
GLU17R	-2.03274807232066	-1.425898604822	-1.89196846386715	-1.18106738039257	-0.610244822108614	-0.566542331428425	-1.55598891233854	-1.24589506164702	-1.3679926527294	-0.828251290414564	-0.361686468436996	-0.289182171617005	-0.577611324158722	-0.505988712231128	-0.497285186962948	-0.317704651867235
LEU25R	-2.03274807232066	-1.425898604822	-1.89196846386715	-1.18106738039257	-0.610244822108614	-0.566542331428425	-1.55598891233854	-1.24589506164702	-1.3679926527294	-0.828251290414564	-0.361686468436996	-0.289182171617005	-0.577611324158722	-0.505988712231128	-0.497285186962948	-0.317704651867235
