Degree	Degree_sidechain	SecondOrderDegree	SecondOrderDegree_sidechain	NodeEdgeBetweennessSTRIDE	NodeEdgeBetweennessSTRIDE_sidechain	IntermodularDegreeSTRIDE	IntermodularDegreeSTRIDE_sidechain	SecondOrderIntermodularDegreeSTRIDE	SecondOrderIntermodularDegreeSTRIDE_sidechain	NodeEdgeBetweennessWALKTRAP	NodeEdgeBetweennessWALKTRAP_sidechain	IntermodularDegreeWALKTRAP	IntermodularDegreeWALKTRAP_sidechain	SecondOrderIntermodularDegreeWALKTRAP	SecondOrderIntermodularDegreeWALKTRAP_sidechain
ARG1597A	9	6	25	6	210	137.63867531783	6	4	23	5	193	137.63867531783	5	4	14	5
LYS1494A	7	4	19	6	796	280.201927678352	6	4	18	6	744	280.201927678352	6	4	14	6
SER1497A	3	2	4	3	1	1	1	1	1	1	213	34.1205498186784	2	2	3	2
TRP1495A	5	4	8	3	1	1	2	2	3	1	528	404.037619582313	4	3	4	3
GLY1522A	6	6	10	6	172	75.7688428530906	5	5	13	3	1	1	1	1	1	1
LEU1518A	4	2	14	5	302	97.2311571469095	4	2	13	4	102	1	2	1	2	0
ILE1587A	6	4	16	6	468	206.21639831355	5	4	17	6	357	206.21639831355	5	4	9	4
LEU1547A	5	3	8	3	108	34.3028813177652	4	3	9	3	99	33.3028813177652	2	2	4	3
ARG1583A	6	4	13	8	1806	1090.68154429582	6	4	17	8	902	574.607013436721	3	3	4	4
ASP1536A	4	4	11	6	265	116.355794709565	3	3	9	5	520	157.167287024157	4	4	4	3
VAL1544A	11	10	34	28	3096	763.392019670584	8	7	37	25	1705	608.057623515556	9	9	18	13
VAL1586A	7	7	25	17	2034	1627.9738401404	6	6	26	13	1399	1136.76334700132	5	5	16	12
ARG1578A	4	3	9	2	320	294.902993001478	4	3	8	2	1	1	1	1	1	1
SER1571A	5	3	11	6	473	1	4	2	11	2	1	1	1	1	1	1
VAL1491A	8	8	27	20	1745	1182.22020090681	6	6	25	17	2131	1316.93334734518	6	6	14	9
VAL1492A	7	7	25	18	1559	1340	5	5	23	11	1637	1396.20307580035	5	5	14	11
ASP1509A	3	3	10	10	108	50.468115648557	3	3	12	12	28	25.1680153135852	2	2	2	2
VAL1510A	8	8	16	10	622	528.31864148857	8	8	23	11	142	73.6187418235415	3	3	3	2
GLY1504A	8	8	17	11	496	418.293402805268	6	6	21	12	102	102	2	2	1	0
LYS1505A	3	1	9	1	7	1	2	1	4	0	102	1	2	1	1	0
TYR1570A	10	4	26	8	2039	369.915834486822	8	3	34	3	732	1	2	1	4	0
SER1485A	3	3	10	5	108	99.6541547991436	3	3	8	3	108	99.6541547991436	3	3	2	1
VAL1487A	5	5	12	9	280	181.345845200856	3	3	6	5	108	9.34584520085637	2	2	2	2
ALA1555A	3	3	8	7	1	1	1	1	1	1	213	213	2	2	2	1
GLY1556A	7	7	18	16	735	583.149060067347	5	5	15	9	729	577.149060067347	2	2	8	8
GLY1593A	10	10	25	23	666	540.661163098201	5	5	23	16	1	1	1	1	1	1
LEU1588A	9	8	30	27	2050	1218.53441016255	9	8	39	26	1	1	1	1	1	1
ILE1506A	7	4	24	10	449	143.572965793398	6	4	22	10	332	112.072965793398	2	2	5	5
PHE1486A	8	2	16	5	320	69.4697052960978	7	2	22	4	1	1	2	1	2	0
GLU1551A	2	1	4	1	5	1	2	1	4	0	1	1	1	1	1	1
SER1548A	5	5	3	2	17	15.4763472938498	5	5	6	2	5	5	2	2	2	0
ILE1532A	9	3	28	8	1611	500.481571541607	8	3	27	6	1239	409	7	2	19	0
ASP1521A	5	4	11	6	506	146	4	3	9	0	361	1	2	1	2	0
TYR1523A	4	1	9	1	206	1	4	1	9	0	52	1	2	1	2	0
SER1496A	2	2	2	2	1	1	1	1	1	1	1	1	1	1	1	1
GLN1592A	8	6	26	21	1155	901.384732599684	6	6	25	19	441	253.795428046297	3	3	6	3
GLU1543A	6	1	20	1	39	1	4	1	10	0	85	1	4	1	11	0
GLU1575A	2	1	2	1	3	1	2	1	2	0	1	1	1	1	1	1
GLY1576A	3	3	1	1	5	5	3	3	2	0	1	1	1	1	1	1
ILE1538A	9	3	30	8	661	110.084165513178	8	3	38	7	274	1	4	2	16	4
ARG1562A	4	3	8	5	516	111.229804733377	3	2	9	5	417	276.62429330415	2	2	1	1
GLU1564A	3	2	4	2	316	1	2	1	2	0	417	141.37570669585	2	2	1	1
ASN1594A	4	2	15	3	1	1	1	1	1	1	1	1	1	1	1	1
TRP1580A	6	6	13	10	1730	1619.77019526662	6	6	19	8	1	1	1	1	1	1
ASP1531A	7	4	22	6	629	81.07200376239	5	3	15	6	629	81.07200376239	5	3	16	6
VAL1527A	7	7	21	15	496	408.078143721679	4	4	15	8	336	336	4	4	11	3
LEU1590A	5	4	13	6	49	38.0873932414275	3	2	8	3	49	38.0873932414275	2	2	5	3
SER1565A	3	2	3	2	528	316	3	2	3	0	1	1	1	1	1	1
ALA1512A	3	3	8	7	204	59.4775901138901	3	3	10	9	1	1	1	1	1	1
GLY1511A	6	6	12	12	172	123.502902578572	6	6	20	15	109	72.2132428628733	3	3	3	3
GLU1573A	3	2	8	2	108	26.0970069985224	3	2	7	2	1	1	1	1	1	1
HIS1561A	9	6	22	12	367	204.875443709976	7	5	30	8	1	1	1	1	1	1
PRO1537A	6	3	17	7	321	116.228867824525	4	2	17	4	256	215.188507685408	2	2	3	3
THR1542A	7	6	22	12	197	166.611364656805	5	4	14	6	95	32.5299694157761	3	3	9	9
PHE1553A	3	1	7	1	108	1	3	1	7	0	1	1	1	1	1	1
THR1545A	7	7	19	15	718	412.685292322388	5	5	13	9	612	306.685292322388	4	4	14	13
LEU1568A	7	7	17	11	644	219.037191853714	5	5	16	9	638	213.037191853714	2	2	2	2
SER1503A	4	4	12	11	53	48.450470607206	3	3	10	7	1	1	1	1	1	1
ASP1550A	3	3	5	4	5	2.5236527061502	3	3	6	4	1	1	2	2	2	0
LEU1528A	6	3	16	2	101	37	5	3	17	0	16	1	2	1	3	0
LYS1514A	5	1	14	1	126	1	5	1	21	0	61	1	2	1	2	0
ARG1595A	5	4	15	6	39	39	2	2	3	0	39	39	2	2	3	0
LEU1489A	4	3	9	4	288	109.070797228022	4	3	12	4	1	1	1	1	1	1
LEU1534A	5	4	17	9	382	228.429202771978	5	4	19	8	222	111.5	2	2	5	5
ASN1498A	4	3	8	3	474	237.5	2	2	3	1	789	328.341830599008	3	3	5	3
ASP1520A	6	5	13	11	398	94.4933549230369	6	5	18	12	158	1	2	1	2	0
ALA1493A	5	5	18	13	52	52	3	3	11	4	108	84.790611061072	5	5	19	10
PRO1539A	5	5	15	9	417	197.04128570409	3	3	6	4	229	170.652650360895	2	2	2	1
GLY1601A	6	6	25	18	444	338.582337689257	5	5	21	12	810	570.576963608793	5	5	12	8
LEU1602A	8	6	25	10	524	142.030294703902	6	5	27	9	684	135.005374080464	5	3	12	5
ARG1508A	4	2	13	2	108	62	3	2	12	1	1	1	1	1	1	1
LYS1516A	6	2	16	2	296	94.8119799301905	6	2	18	1	9	1	2	1	2	0
LYS1559A	7	2	15	1	526	145.210803620343	4	2	9	1	1	1	1	1	1	1
LYS1579A	2	1	3	1	1	1	1	1	1	1	108	1	2	1	1	0
TYR1581A	4	2	8	1	303	1	3	1	6	0	108	108	2	2	1	0
ARG1490A	6	3	18	6	1080	479.39507410518	5	3	17	7	1	1	2	1	3	0
LEU1533A	9	8	27	23	629	340.417662310743	8	7	30	21	199	123.417662310743	3	3	10	5
LEU1596A	6	4	20	10	37	5	4	3	19	10	9	5	2	2	2	2
VAL1557A	6	6	17	15	278	278	3	3	6	4	1	1	1	1	1	1
GLY1560A	7	6	16	12	216	199.786772028462	4	4	14	6	1	1	1	1	1	1
GLY1603A	4	4	13	11	92	77.9828312385775	3	3	8	5	17	17	2	2	4	2
PHE1519A	6	2	15	5	95	1	5	1	14	0	27	12.5	3	2	4	2
LEU1517A	6	6	18	14	375	226.421856278321	5	5	14	11	147	74	3	3	7	6
ILE1572A	6	5	23	18	60	29.3573225304186	4	3	16	11	42	21.5	2	2	8	8
VAL1558A	10	9	25	19	185	109.142677469581	6	6	28	15	137	69	2	2	8	8
MET1584A	4	3	11	8	518	518	3	3	8	6	518	518	3	3	2	0
PHE1501A	6	2	23	4	1004	349	6	2	28	3	349	349	2	2	5	3
GLU1524A	4	3	12	6	108	60.4799881552315	4	3	13	4	108	60.4799881552315	3	3	3	2
ALA1585A	5	5	10	9	544	259.78950686092	4	4	9	7	1	1	1	1	1	1
ALA1546A	4	4	9	7	96	96	2	2	2	0	1	1	1	1	1	1
LYS1530A	6	2	18	3	203	1	4	1	11	0	129	1	2	1	4	0
ASP1526A	5	3	18	4	162	56.1880200698095	3	2	12	1	1	1	1	1	1	1
TYR1569A	3	1	7	1	108	1	2	1	5	0	1	1	1	1	1	1
GLY1529A	8	8	22	15	1088	699.257088716266	6	6	23	14	302	302	2	2	4	2
GLY1513A	6	5	14	9	486	417.511258673961	6	5	20	9	1	1	1	1	1	1
LEU1540A	5	4	16	9	312	175.108916437036	5	4	17	8	1	1	1	1	1	1
GLY1499A	5	5	11	8	133	133	3	3	7	3	1	1	2	2	3	2
TYR1552A	3	1	5	1	5	1	3	1	6	0	5	1	3	1	2	0
LYS1574A	2	2	3	1	108	26.1539362531561	2	2	2	1	108	26.1539362531561	2	2	2	1
SER1554A	4	2	7	1	108	82.8460637468439	3	2	5	1	320	82.8460637468439	3	2	2	1
THR1507A	7	6	14	7	425	201.520011844769	5	4	13	4	201	149.520011844769	3	3	3	2
CYS1525A	5	5	12	7	55	55	3	3	7	0	55	55	3	3	3	1
TYR1515A	4	2	19	2	726	1	4	2	20	1	409	1	2	1	6	0
GLU1549A	2	1	4	1	5	1	2	1	4	0	1	1	1	1	1	1
ASP1541A	3	2	9	1	480	58.7891963796568	3	2	5	1	1	1	1	1	1	1
GLN1577A	2	1	2	1	3	1	2	1	2	0	1	1	1	1	1	1
CYS1535A	2	2	8	8	108	108	2	2	7	6	1	1	1	1	1	1
LYS1582A	2	1	4	1	108	1	2	1	3	0	1	1	1	1	1	1
GLU1567A	2	1	2	1	108	1	2	1	2	0	1	1	1	1	1	1
GLY1566A	3	3	2	2	320	320	3	3	3	1	1	1	1	1	1	1
SER1589A	4	3	14	8	108	67.4106954466129	4	3	11	6	1	1	1	1	1	1
TYR1502A	4	2	10	2	1042	237.5	4	2	6	1	1042	237.5	3	2	6	2
TYR1600A	4	2	10	4	440	59.3473496391048	3	2	6	2	440	59.3473496391048	3	2	5	1
GLY1488A	4	4	8	7	104	104	3	3	8	5	1	1	1	1	1	1
TYR1500A	3	1	8	1	168	1	3	1	6	0	88	1	2	1	4	0
GLU1591A	2	2	4	3	1	1	1	1	1	1	1	1	1	1	1	1
ASN1484A	1	1	1	1	1	1	1	1	1	1	1	1	1	1	1	1
LYS1563A	1	1	1	1	1	1	1	1	1	1	1	1	1	1	1	1
GLU1598A	1	1	1	1	1	1	1	1	1	1	1	1	1	1	1	1
GLN1599A	1	1	1	1	1	1	1	1	1	1	1	1	1	1	1	1
