Degree	Degree_sidechain	SecondOrderDegree	SecondOrderDegree_sidechain	NodeEdgeBetweennessSTRIDE	NodeEdgeBetweennessSTRIDE_sidechain	IntermodularDegreeSTRIDE	IntermodularDegreeSTRIDE_sidechain	SecondOrderIntermodularDegreeSTRIDE	SecondOrderIntermodularDegreeSTRIDE_sidechain	NodeEdgeBetweennessWALKTRAP	NodeEdgeBetweennessWALKTRAP_sidechain	IntermodularDegreeWALKTRAP	IntermodularDegreeWALKTRAP_sidechain	SecondOrderIntermodularDegreeWALKTRAP	SecondOrderIntermodularDegreeWALKTRAP_sidechain
GLY58A	8	8	15	8	1	1	1	1	1	1	41	41	2	2	1	0
MET62A	2	2	7	7	1	1	1	1	1	1	1	1	1	1	1	1
LEU35A	4	4	13	9	160	44.4816285106169	3	3	10	5	1	1	1	1	1	1
PRO30A	8	6	22	10	1133	443.772235440851	7	5	25	8	276	276	2	2	7	2
GLU69A	5	2	5	1	82	29.9082386415691	2	2	1	1	82	29.9082386415691	2	2	1	1
LYS70A	3	2	7	2	1	1	1	1	1	1	1	1	1	1	1	1
LEU107A	6	5	15	13	428	306.077415094899	5	5	16	12	233	165.577415094899	4	3	6	3
VAL28A	8	7	21	16	148	58.9225849051006	6	5	22	11	148	58.9225849051006	4	4	8	5
LYS98A	3	2	6	3	82	1	2	1	1	0	161	21.0144231468134	2	2	4	3
MET102A	7	4	16	6	11	1	3	2	11	2	609	441.217865294338	5	4	10	4
VAL109A	4	3	11	7	82	41.5404788408331	4	3	12	6	1	1	1	1	1	1
LEU38A	8	5	25	11	346	115.746136048532	6	4	25	6	10	10	3	3	10	2
VAL41A	6	5	17	9	992	968.269328665092	5	5	16	7	737	737	3	3	9	2
TYR56A	4	1	12	1	498	1	4	1	13	0	498	1	4	1	6	0
ILE61A	5	2	21	4	158	1	3	1	10	0	158	1	3	1	7	0
LEU57A	6	4	20	10	563	327.478105727619	4	4	12	9	563	327.478105727619	4	4	9	8
ALA43A	6	6	17	9	626	452.50784388155	5	5	19	8	463	384.468258717917	3	3	10	2
TYR48A	10	3	25	7	761	227.531741282083	9	3	34	5	882	227.531741282083	8	3	14	4
LEU37A	6	5	17	10	680	483.741321858911	4	4	12	7	680	483.741321858911	4	4	11	7
TYR60A	9	4	23	8	1146	51.023543273977	7	3	25	8	1146	51.023543273977	7	3	14	5
ASN106A	3	2	10	5	82	42.1118499659012	3	2	7	3	82	42.1118499659012	3	2	5	3
LEU34A	6	5	21	14	1296	709.645123419384	5	5	15	12	661	153.145123419384	3	3	5	4
HIS73A	6	4	8	3	547	312.243498643783	5	3	12	4	236	107.5	4	2	4	1
VAL93A	7	4	14	10	242	73	6	3	17	7	123	73	3	3	7	5
LEU81A	4	3	11	6	138	102.214883092922	4	3	12	5	138	102.214883092922	3	3	6	5
ASP68A	5	5	8	4	66	41.3704738914625	2	2	2	1	66	41.3704738914625	2	2	2	1
GLN71A	3	2	8	3	1	1	1	1	1	1	1	1	1	1	1	1
GLU52A	4	4	13	5	94	33.0578722874241	4	4	14	4	82	26.9811674723839	3	3	10	4
LYS45A	6	3	17	7	230	56.0188325276161	5	2	16	3	230	56.0188325276161	4	3	12	4
LEU85A	7	6	22	12	938	676.797860766213	4	4	9	7	938	676.797860766213	4	4	7	5
ARG65A	2	2	4	1	82	53.0917613584309	2	2	1	1	82	53.0917613584309	2	2	1	1
GLY83A	8	8	22	20	104	88.6111281884858	5	5	21	18	1	1	1	1	1	1
GLN44A	4	1	10	1	82	1	3	1	6	0	1	1	1	1	1	1
LEU66A	6	5	21	11	440	204.573720515861	6	5	24	12	413	185	4	3	12	3
LEU82A	9	7	26	11	158	101	6	5	22	9	108	99	4	4	11	5
ARG29A	6	3	14	5	313	103.859597417318	4	3	8	5	232	47.32816684707	4	2	8	2
VAL108A	4	4	8	8	224	190.459521159167	3	3	6	4	174	174	3	3	6	3
LYS64A	5	3	13	7	122	76.606927516678	3	2	11	5	122	76.606927516678	3	2	5	2
ASP80A	7	6	21	11	266	135.339603741652	7	6	25	13	197	83.9133242575124	3	3	8	3
GLY42A	5	5	11	8	240	175.960414836367	4	4	9	6	1	1	1	1	1	1
LEU54A	5	3	15	4	311	156	2	2	4	2	41	1	2	1	1	0
LYS39A	5	3	11	3	2	2	4	3	9	1	1	1	1	1	1	1
ASP84A	3	1	8	1	122	1	2	1	3	0	122	1	2	1	3	0
THR47A	7	6	20	13	102	46.17183315293	5	5	21	12	83	36.67183315293	4	3	7	1
GLN72A	2	2	4	2	1	1	1	1	1	1	1	1	1	1	1	1
LYS94A	4	2	9	4	82	1	3	2	8	2	1	1	2	2	3	1
SER92A	5	4	12	6	600	188.5	5	4	14	5	214	107.5	2	2	3	1
CYS77A	7	7	16	14	246	164.710783161166	7	7	22	12	59	59	2	2	5	1
PRO89A	4	3	10	6	74	60	3	2	9	0	1	1	1	1	1	1
LEU33A	4	3	8	5	366	189.945165848502	4	3	7	3	366	189.945165848502	4	3	6	3
PHE86A	8	3	23	8	982	100	6	2	20	2	738	100	4	2	10	2
PHE91A	7	3	22	9	1294	725.126047746759	6	3	21	6	866	495	6	2	12	1
LYS31A	3	2	3	3	242	161	3	2	3	1	161	161	2	2	2	1
PRO32A	2	2	2	2	82	82	2	2	2	1	1	1	1	1	1	1
ARG97A	2	1	2	1	1	1	1	1	1	1	82	1	2	1	1	0
THR101A	3	3	6	4	1	1	1	1	1	1	82	82	2	2	1	0
ILE99A	6	5	19	8	635	635	4	4	14	7	1203	429.767711558849	4	3	12	4
HIS96A	2	2	6	4	82	82	2	2	5	2	1	1	1	1	1	1
LEU27A	7	5	16	9	236	219.5	6	5	15	8	77	77	2	2	2	1
THR49A	4	3	13	4	89	6.9232951849598	3	2	8	3	198	122	3	2	8	2
SER40A	4	4	14	9	82	24.7306713349077	3	3	10	6	1	1	2	2	6	2
VAL75A	8	8	17	10	1002	721.873952253241	6	6	18	8	493	443	5	5	9	5
SER90A	5	2	12	3	60	1	4	1	14	0	23	23	2	2	5	1
ARG105A	4	3	11	6	305	145	3	2	7	1	305	145	3	2	4	1
ILE103A	6	4	18	8	839	252.021894272381	5	3	12	4	856	570.021894272381	4	3	9	5
THR63A	3	3	5	3	1	1	1	1	1	1	1	1	1	1	1	1
MET50A	4	3	7	3	273	71	3	2	4	0	203	1	2	1	1	0
THR26A	4	3	10	4	496	363	4	3	10	2	203	203	2	2	1	0
GLN59A	3	1	8	1	1	1	1	1	1	1	1	1	1	1	1	1
GLY87A	4	4	15	12	94	79.4465612585837	4	4	15	9	1	1	1	1	1	1
VAL88A	8	6	18	9	216	194.231527391765	7	5	23	5	11	11	2	2	4	3
TYR100A	3	2	4	1	71	1	2	1	2	0	1	1	1	1	1	1
TYR104A	3	2	6	1	91	1	2	1	4	0	91	1	2	1	3	0
VAL53A	5	5	21	13	286	271.5	4	4	17	8	140	125.5	3	3	10	5
GLU95A	2	2	2	2	82	82	2	2	1	0	1	1	1	1	1	1
GLU25A	4	2	8	1	242	19.0898616283802	4	2	9	1	82	19.0898616283802	2	2	1	1
TYR76A	4	2	14	4	130	25.6295261085375	3	2	7	1	88	25.6295261085375	3	2	5	1
ILE74A	3	2	10	3	312	107.256501356217	2	2	4	2	1	1	1	1	1	1
ASP46A	4	2	13	2	82	25.4685694297523	3	2	9	2	1	1	2	1	3	0
ASN79A	2	1	1	1	1	1	1	1	1	1	1	1	1	1	1	1
SER78A	2	2	1	1	1	1	1	1	1	1	1	1	1	1	1	1
LYS51A	2	2	3	1	82	63.9101383716198	2	2	3	1	82	63.9101383716198	2	2	1	1
TYR67A	2	1	7	1	82	1	2	1	5	0	1	1	1	1	1	1
PHE55A	2	1	7	1	1	1	1	1	1	1	1	1	1	1	1	1
LYS36A	1	1	1	1	1	1	1	1	1	1	1	1	1	1	1	1
