Degree	Degree_sidechain	SecondOrderDegree	SecondOrderDegree_sidechain	NodeEdgeBetweennessSTRIDE	NodeEdgeBetweennessSTRIDE_sidechain	IntermodularDegreeSTRIDE	IntermodularDegreeSTRIDE_sidechain	SecondOrderIntermodularDegreeSTRIDE	SecondOrderIntermodularDegreeSTRIDE_sidechain	NodeEdgeBetweennessWALKTRAP	NodeEdgeBetweennessWALKTRAP_sidechain	IntermodularDegreeWALKTRAP	IntermodularDegreeWALKTRAP_sidechain	SecondOrderIntermodularDegreeWALKTRAP	SecondOrderIntermodularDegreeWALKTRAP_sidechain
CYS229A	-0.207839586235647	-0.0298349520646523	-0.0727271319584595	0.0663937902998975	0.0244301193490066	-0.153157941252262	0.447999152457277	0.457795798304064	0.128897859365054	0.288070840246268	-0.20090327487077	-0.573270112423946	-0.59565993152929	-1.03749757955787	-1.00368837464804	-0.99250391426126
TRP146A	0.760503940544072	-0.539515383169128	0.424241603091014	-0.941808210550399	0.533735997302874	-0.286188774287502	0.947128642966744	-0.117959653550741	0.230139473042587	-0.612150535523319	-0.0412085413095167	-0.573270112423946	0.0573362500937285	-1.03749757955787	-0.426262415425828	-0.99250391426126
ARG273A	0.760503940544072	-0.539515383169128	1.29393688942759	-0.101639876508485	2.23585100391391	1.20530601196717	0.447999152457277	-0.117959653550741	-0.0735853679900116	-0.072017710061567	1.4191445567915	-0.573270112423946	0.710332431716747	-1.03749757955787	0.536114183277859	-0.99250391426126
ASP281A	0.276332177154212	-0.0298349520646523	0.299999419328645	-0.101639876508485	0.442208564163338	-0.262362660341087	-0.550259828561656	-0.117959653550741	-0.579793436377676	-0.072017710061567	-0.727192837047477	-0.573270112423946	-1.24865611315231	-1.03749757955787	-1.00368837464804	-0.662741673704439
GLY105A	0.760503940544072	1.49920634124877	0.175757235566277	0.570494790725046	-0.31289275923783	0.131565272163241	0.947128642966744	1.60930670201367	0.533864314075185	0.648159390554102	-0.481122335648062	-0.185299118171016	0.0573362500937285	0.481695304794725	-0.0413117759443534	-0.00321719259079825
SER106A	-1.66035487640523	-1.55887624537808	-1.19090678581977	-1.27787554416716	-0.648739388903061	-0.624899561310409	-1.04938931907112	-1.26947055726035	-0.883518277410274	-1.15228336098507	-0.727192837047477	-0.573270112423946	-1.24865611315231	-1.03749757955787	-1.00368837464804	-0.662741673704439
ARG196A	1.24467570393393	0.989525910144299	1.41817907318996	1.07459579115019	0.124076921557372	0.397759354444456	1.44625813347621	1.60930670201367	1.74876367820558	1.90846931663152	-0.147671697017019	-0.141812538986631	0.710332431716747	0.481695304794725	0.728589503018596	-0.332979433147619
ASP184A	0.276332177154212	0.989525910144299	0.175757235566277	0.570494790725046	0.206008736706472	-0.311325990494345	0.947128642966744	1.60930670201367	0.938830768785316	1.72842504147761	-0.582563644388229	-0.519692458433794	0.0573362500937285	0.481695304794725	-0.426262415425828	-0.332979433147619
CYS242A	1.24467570393393	0.989525910144299	0.548483786853382	0.23442745710828	-0.368252093798033	-0.4325891302564	0.447999152457277	0.457795798304064	1.04007238246285	1.00824794086194	-0.403785892351103	-0.318317744772021	-0.59565993152929	-0.277901137381572	-0.426262415425828	-0.00321719259079825
HIS179A	0.760503940544072	0.479845479039823	0.548483786853382	0.0663937902998975	1.49994091649362	-0.148083560138319	0.947128642966744	0.457795798304064	1.34379722349545	1.00824794086194	2.14731236705507	0.075526551236059	1.36332861333977	1.24129174697102	1.30601546224081	1.31583176963648
ARG202A	-1.17618311301537	-0.539515383169128	-1.43939115334451	-1.10984187735878	-0.648739388903061	-0.545727700690222	-0.550259828561656	-0.117959653550741	-1.08600150476534	-0.792194810677236	-0.531340805321412	-0.465542102248396	0.0573362500937285	0.481695304794725	-0.618737735166565	-0.332979433147619
GLU221A	-0.692011349625507	-1.0491958142736	-1.06666460205741	-1.10984187735878	-0.791935534298786	-0.62431766528466	-0.550259828561656	-0.693715105405546	-0.782276663732741	-0.792194810677236	-0.72618846765401	-0.572478334884654	0.0573362500937285	-0.277901137381572	-0.426262415425828	-0.332979433147619
ARG213A	2.21301923071365	2.00888677235325	0.796968154378118	0.906562124341811	0.671027147012177	-0.0690236660005089	2.94364660500461	2.76081760572328	1.44503883717298	1.36833649116977	1.26447167019758	0.183102210232058	2.01632479496278	1.24129174697102	1.30601546224081	0.656307288522843
SER94A	-0.207839586235647	0.479845479039823	-0.196969315720828	0.570494790725046	-0.681954989639183	-0.570948421635397	-0.550259828561656	-0.117959653550741	-0.174826981667544	0.468115115400185	-0.606668509831437	-0.547366226259757	-0.59565993152929	-0.277901137381572	-0.233787095685091	-0.00321719259079825
ARG175A	0.760503940544072	0.989525910144299	0.67272597061575	0.906562124341811	3.5142825700242	4.32632540811318	1.44625813347621	1.60930670201367	1.74876367820558	1.72842504147761	4.14198998248053	4.92641667549616	0.710332431716747	0.481695304794725	1.11354014250007	0.326545047966022
GLY279A	1.24467570393393	2.00888677235325	1.04545252190285	2.41886512561726	0.685051511767428	0.794700795220553	-0.550259828561656	-0.117959653550741	-0.579793436377676	0.10802656509235	1.28355468867345	1.35835964157718	0.0573362500937285	0.481695304794725	0.151163543796384	1.31583176963648
THR118A	0.276332177154212	0.479845479039823	0.0515150518039087	0.906562124341811	0.617882185834382	0.403156736353379	0.447999152457277	0.457795798304064	-0.37731020902261	0.468115115400185	1.17508279417902	0.825591281361774	0.710332431716747	1.24129174697102	0.343638863537121	1.6455940101933
PRO128A	-0.207839586235647	0.479845479039823	-0.445453683245564	-0.269673543316868	-0.0405248332016315	0.533410409226156	-0.0511303380521893	0.457795798304064	-0.0735853679900116	-0.252061985215484	-0.0321692167683137	0.485003066874834	0.0573362500937285	0.481695304794725	-0.0413117759443534	-0.332979433147619
TYR126A	0.760503940544072	-1.0491958142736	0.299999419328645	-0.941808210550399	1.34862540202906	-0.316494667663459	0.947128642966744	-0.693715105405546	0.533864314075185	-0.792194810677236	0.936042878533873	-0.153628016599348	0.710332431716747	-0.277901137381572	0.728589503018596	-0.332979433147619
ARG267A	0.760503940544072	-0.0298349520646523	0.299999419328645	-0.269673543316868	0.141053784155834	-0.153353050454203	-0.0511303380521893	-0.117959653550741	-0.681035050055208	-0.972239085831154	-0.727192837047477	-0.573270112423946	-1.24865611315231	-1.03749757955787	-1.00368837464804	-0.662741673704439
LEU264A	0.276332177154212	0.989525910144299	0.548483786853382	1.24262945795858	-0.603713796794096	-0.428540383609886	-0.550259828561656	-0.117959653550741	-0.681035050055208	-0.612150535523319	-0.50522720109127	-0.45749038589903	-0.59565993152929	-0.277901137381572	-0.233787095685091	-0.00321719259079825
CYS176A	1.24467570393393	0.989525910144299	0.424241603091014	0.0663937902998975	1.06813810692403	0.531711363049064	1.94538762398568	1.60930670201367	1.54628045085051	1.00824794086194	0.568443680524952	0.99972925707833	0.710332431716747	1.24129174697102	0.151163543796384	0.656307288522843
ARG249A	0.760503940544072	0.989525910144299	0.548483786853382	0.402461123916663	3.87596355581753	4.73885384738395	1.44625813347621	1.60930670201367	1.14131399614038	1.36833649116977	2.70975922739659	2.96575212260814	1.36332861333977	1.24129174697102	0.151163543796384	0.656307288522843
GLU171A	0.276332177154212	-0.539515383169128	-0.0727271319584595	-0.605740876933634	0.864415755742486	-0.0961068145731189	0.447999152457277	-0.117959653550741	0.128897859365054	-0.072017710061567	1.52761645128594	0.146250560136163	0.710332431716747	0.481695304794725	0.536114183277859	0.326545047966022
TYR205A	1.24467570393393	-0.0298349520646523	1.54242125695233	1.24262945795858	3.66633620894956	0.0622142319266442	1.94538762398568	0.457795798304064	2.05248851923818	1.36833649116977	4.68535382434618	0.361675727294374	2.6693209765858	1.24129174697102	3.23076865964818	1.6455940101933
VAL203A	1.24467570393393	2.00888677235325	0.796968154378118	1.57869679157534	0.239962461903397	0.389658519653839	1.44625813347621	2.18506215386848	1.54628045085051	2.62864641724719	0.483072282080257	0.50001476711234	1.36332861333977	2.00088818914732	2.26839206094449	3.29440521297741
THR230A	0.276332177154212	0.479845479039823	0.424241603091014	0.738528457533429	-0.701884350080856	-0.525300583358362	0.447999152457277	0.457795798304064	0.533864314075185	0.288070840246268	-0.714136034932406	-0.552683896402362	0.0573362500937285	0.481695304794725	-0.0413117759443534	-0.332979433147619
THR231A	0.760503940544072	1.49920634124877	0.67272597061575	1.74673045838373	0.186079376264799	0.918288698975836	-0.0511303380521893	0.457795798304064	-0.174826981667544	0.288070840246268	2.01172249893703	3.67224105325812	1.36332861333977	2.00088818914732	0.728589503018596	1.31583176963648
TYR163A	-0.692011349625507	-0.539515383169128	0.0515150518039087	0.0663937902998975	1.13161681055307	-0.47640238923263	-0.0511303380521893	-0.117959653550741	0.432622700397652	0.468115115400185	0.604600978689764	-0.37121214966645	0.0573362500937285	0.481695304794725	0.151163543796384	0.326545047966022
THR125A	1.72884746732379	2.00888677235325	1.04545252190285	1.57869679157534	0.0628125913107473	-0.0550377719137184	1.44625813347621	1.60930670201367	0.837589155107784	1.54838076632369	0.436871289980775	0.20213261483154	2.01632479496278	2.76048463132361	2.26839206094449	3.29440521297741
VAL122A	1.24467570393393	1.49920634124877	0.67272597061575	1.57869679157534	1.494774045268	2.23276058479103	0.447999152457277	1.03355125015887	0.230139473042587	1.00824794086194	2.38534791330675	3.31510688018379	1.36332861333977	2.00088818914732	1.49849078198155	2.63488073186377
HIS93A	-0.207839586235647	-0.0298349520646523	-0.569695867007933	-0.437707210125251	0.0613363423891418	0.395885842494238	-0.0511303380521893	-0.117959653550741	-0.276068595345077	-0.252061985215484	0.434862551193841	0.815697880834022	0.710332431716747	0.481695304794725	0.151163543796384	-0.00321719259079825
VAL172A	0.276332177154212	0.989525910144299	-0.321211499483196	0.402461123916663	-0.322488377228265	0.116435975493768	-0.0511303380521893	0.457795798304064	-0.681035050055208	-0.432106260369402	-0.0874095334089986	0.435454472633672	0.710332431716747	1.24129174697102	0.151163543796384	-0.00321719259079825
THR211A	0.760503940544072	0.989525910144299	0.0515150518039087	0.402461123916663	-0.233175317471138	0.222341052180079	-0.0511303380521893	-0.117959653550741	-0.0735853679900116	0.288070840246268	0.679928683199788	1.36120431126301	1.36332861333977	2.00088818914732	0.921064822759333	0.656307288522843
GLY154A	-0.207839586235647	0.479845479039823	-0.445453683245564	0.23442745710828	-0.372680840562849	0.037298115991909	-0.0511303380521893	0.457795798304064	-0.174826981667544	0.288070840246268	-0.53535828289528	-0.270811092414519	-0.59565993152929	-0.277901137381572	-1.00368837464804	-0.99250391426126
PRO153A	-1.17618311301537	-1.0491958142736	-1.19090678581977	-0.941808210550399	-0.792673658759589	-0.624899561310409	-1.54851880958059	-1.26947055726035	-1.28848473212041	-0.972239085831154	-0.727192837047477	-0.573270112423946	-1.24865611315231	-1.03749757955787	-1.00368837464804	-0.662741673704439
ILE162A	0.276332177154212	-1.0491958142736	0.921210338140487	-0.773774543742016	1.86531252459095	-0.279754053873909	0.447999152457277	-0.693715105405546	0.736347541430251	-0.432106260369402	1.67425438273212	-0.103635592710709	0.710332431716747	-0.277901137381572	1.11354014250007	-0.332979433147619
VAL173A	0.760503940544072	1.49920634124877	0.796968154378118	1.91476412519211	1.32943416604819	2.52207263314372	0.447999152457277	1.03355125015887	0.230139473042587	1.00824794086194	-0.341514989956149	-0.235866084278257	0.0573362500937285	0.481695304794725	0.343638863537121	1.6455940101933
THR253A	0.760503940544072	1.49920634124877	1.41817907318996	1.41066312476696	1.1404743040827	0.93192534083637	0.447999152457277	1.03355125015887	0.432622700397652	0.648159390554102	1.86508456749085	1.51499155741117	1.36332861333977	2.00088818914732	1.11354014250007	0.986069529079664
TYR236A	0.760503940544072	-0.539515383169128	1.41817907318996	0.402461123916663	2.59900823862884	0.232315363350921	1.44625813347621	-0.117959653550741	1.54628045085051	0.10802656509235	0.790409316481158	0.480120460476088	0.0573362500937285	-0.277901137381572	0.151163543796384	0.326545047966022
ALA138A	-0.692011349625507	-0.0298349520646523	-0.196969315720828	-0.605740876933634	-0.598546925568477	-0.410874689243168	-0.550259828561656	-0.117959653550741	-0.37731020902261	-0.612150535523319	-0.727192837047477	-0.573270112423946	-1.24865611315231	-1.03749757955787	-1.00368837464804	-0.662741673704439
LEU137A	0.276332177154212	-0.0298349520646523	0.921210338140487	0.0663937902998975	-0.648739388903061	-0.467787634358189	0.447999152457277	-0.117959653550741	1.14131399614038	0.10802656509235	-0.65588261011132	-0.464004812001692	0.0573362500937285	-0.277901137381572	0.343638863537121	-0.00321719259079825
PRO222A	-0.692011349625507	-0.539515383169128	-0.445453683245564	-0.773774543742016	-0.792673658759589	-0.624899561310409	-1.54851880958059	-1.26947055726035	-1.28848473212041	-0.972239085831154	-0.727192837047477	-0.573270112423946	-1.24865611315231	-1.03749757955787	-1.00368837464804	-0.662741673704439
TYR220A	2.21301923071365	-0.539515383169128	1.91514780823943	-0.437707210125251	1.39143662075562	-0.624899561310409	1.94538762398568	-0.693715105405546	2.45745497394831	-0.792194810677236	0.496129084195328	-0.573270112423946	1.36332861333977	-0.277901137381572	0.728589503018596	-0.332979433147619
CYS238A	2.21301923071365	0.989525910144299	2.16363217576417	0.738528457533429	1.39734161644204	0.982226258608808	2.44451711449514	1.03355125015887	3.46987111072364	1.72842504147761	0.727134044692737	1.60836051568686	2.6693209765858	1.24129174697102	2.46086738068523	0.656307288522843
CYS124A	0.760503940544072	-0.0298349520646523	1.04545252190285	1.24262945795858	1.12423556594504	0.36973110518361	0.947128642966744	-0.117959653550741	0.533864314075185	0.468115115400185	0.587526699000825	-0.573270112423946	1.36332861333977	-0.277901137381572	1.69096610172228	0.656307288522843
CYS141A	1.24467570393393	1.49920634124877	1.41817907318996	1.07459579115019	0.344038010876578	0.355245095657117	0.447999152457277	1.03355125015887	0.837589155107784	1.36833649116977	-0.727192837047477	-0.573270112423946	-1.24865611315231	-1.03749757955787	-1.00368837464804	-0.662741673704439
CYS182A	-0.692011349625507	-0.0298349520646523	-0.818180234532669	0.0663937902998975	-0.506281367968139	-0.212723729450313	-0.550259828561656	-0.117959653550741	-0.37731020902261	0.288070840246268	-0.386711612662164	-0.237013589394121	0.0573362500937285	0.481695304794725	-0.618737735166565	-0.00321719259079825
MET246A	1.72884746732379	0.479845479039823	0.921210338140487	0.738528457533429	5.37730870909023	5.8779970386863	2.44451711449514	1.03355125015887	2.25497174659324	1.18829221601585	-0.352563053284286	-0.447093764059052	0.710332431716747	-0.277901137381572	0.343638863537121	0.326545047966022
VAL216A	1.24467570393393	2.00888677235325	0.921210338140487	1.91476412519211	0.943395073048375	2.07142770393275	0.947128642966744	1.60930670201367	1.44503883717298	2.62864641724719	1.6350839763869	3.09558355340322	2.01632479496278	2.76048463132361	2.26839206094449	2.63488073186377
ASP208A	-0.692011349625507	-0.0298349520646523	-1.06666460205741	-0.605740876933634	-0.792673658759589	-0.624899561310409	-1.54851880958059	-1.26947055726035	-1.28848473212041	-0.972239085831154	0.0501890734959802	0.0196093693081842	0.0573362500937285	0.481695304794725	-0.0413117759443534	0.326545047966022
LEU265A	1.24467570393393	0.989525910144299	1.16969470566522	1.07459579115019	0.222985599304934	0.964258485010004	0.947128642966744	1.03355125015887	0.736347541430251	0.468115115400185	0.418792640898369	0.911924345498943	2.01632479496278	1.24129174697102	0.728589503018596	-0.00321719259079825
ASP259A	0.276332177154212	0.479845479039823	-0.445453683245564	-0.941808210550399	0.0561694711635229	-0.323279238314188	-0.550259828561656	-0.693715105405546	-0.579793436377676	-0.792194810677236	0.427831965439572	-0.162859684143512	0.0573362500937285	-0.277901137381572	0.343638863537121	-0.332979433147619
GLY187A	-0.692011349625507	-0.539515383169128	-0.818180234532669	-0.773774543742016	-0.791197409837983	-0.623603949029781	-1.04938931907112	-0.693715105405546	-1.08600150476534	-0.792194810677236	-0.727192837047477	-0.573270112423946	-1.24865611315231	-1.03749757955787	-1.00368837464804	-0.662741673704439
LEU188A	0.276332177154212	-0.539515383169128	0.0515150518039087	-0.101639876508485	-0.648739388903061	-0.568587467041889	-0.0511303380521893	-0.117959653550741	-0.478551822700143	0.10802656509235	-0.631777744668112	-0.498051246191235	-0.59565993152929	-0.277901137381572	-0.426262415425828	0.326545047966022
ALA189A	0.760503940544072	0.989525910144299	0.175757235566277	0.570494790725046	0.365443620239857	0.404246897073366	0.447999152457277	0.457795798304064	0.432622700397652	0.648159390554102	0.327395026092872	0.782457654505262	0.0573362500937285	0.481695304794725	0.536114183277859	0.656307288522843
HIS178A	-0.692011349625507	-1.0491958142736	-0.693938050770301	-0.773774543742016	-0.792673658759589	-0.624899561310409	-1.04938931907112	-1.26947055726035	-0.681035050055208	-1.15228336098507	-0.727192837047477	-0.573270112423946	-0.59565993152929	-1.03749757955787	-0.618737735166565	-0.99250391426126
PRO142A	0.760503940544072	0.479845479039823	0.299999419328645	0.738528457533429	0.410469212348822	-0.458091334333419	-0.0511303380521893	-0.117959653550741	-0.681035050055208	-0.612150535523319	0.812505443137432	-0.440805685165314	0.0573362500937285	-0.277901137381572	-0.0413117759443534	-0.332979433147619
GLY226A	-1.17618311301537	-0.539515383169128	-1.81211770463162	-1.27787554416716	-0.791197409837983	-0.622571977207413	-1.04938931907112	-0.693715105405546	-1.28848473212041	-1.15228336098507	-0.727192837047477	-0.573270112423946	-1.24865611315231	-1.03749757955787	-1.00368837464804	-0.662741673704439
SER227A	-1.66035487640523	-1.55887624537808	-1.68787552086925	-1.27787554416716	-0.791197409837983	-0.624899561310409	-1.04938931907112	-1.26947055726035	-1.28848473212041	-1.15228336098507	-0.727192837047477	-0.573270112423946	-1.24865611315231	-1.03749757955787	-1.00368837464804	-0.662741673704439
ARG158A	1.24467570393393	0.479845479039823	0.921210338140487	-0.269673543316868	1.97898369155457	1.41708135833675	0.947128642966744	1.03355125015887	0.128897859365054	-0.072017710061567	2.34416876817461	1.64403598571308	1.36332861333977	0.481695304794725	1.49849078198155	0.986069529079664
VAL217A	0.276332177154212	0.989525910144299	0.796968154378118	1.74673045838373	2.40119088313372	3.75792526173202	-0.0511303380521893	0.457795798304064	0.128897859365054	0.82820366570802	4.3288026896654	6.0838473098718	1.36332861333977	2.00088818914732	1.88344142146302	3.29440521297741
VAL143A	0.760503940544072	0.989525910144299	0.921210338140487	1.57869679157534	-0.456827029094358	-0.245503352522086	0.447999152457277	0.457795798304064	0.533864314075185	1.36833649116977	-0.649856393750518	-0.550308563784487	0.710332431716747	0.481695304794725	0.728589503018596	0.656307288522843
GLU258A	-0.207839586235647	-0.539515383169128	0.921210338140487	0.0663937902998975	0.522664130390833	-0.247795549907692	-0.0511303380521893	-0.693715105405546	0.33138108672012	-0.432106260369402	1.04652351181524	0.371455771282041	0.0573362500937285	0.481695304794725	0.151163543796384	0.656307288522843
THR256A	1.24467570393393	1.49920634124877	1.41817907318996	1.91476412519211	-0.0198573482991558	0.401886707113385	0.447999152457277	0.457795798304064	0.0276562456875212	0.288070840246268	0.0371322713809092	0.200209414329605	0.710332431716747	1.24129174697102	1.11354014250007	0.986069529079664
ASN235A	-0.692011349625507	-0.0298349520646523	-0.569695867007933	-0.605740876933634	-0.483399509683255	-0.25234787486302	-0.0511303380521893	0.457795798304064	-0.37731020902261	-0.432106260369402	-0.509244678665138	-0.386222525624953	-0.59565993152929	-0.277901137381572	-0.618737735166565	-0.332979433147619
LYS139A	0.276332177154212	-1.55887624537808	0.0515150518039087	-1.27787554416716	-0.341679613209135	-0.624899561310409	0.447999152457277	-1.26947055726035	0.0276562456875212	-1.15228336098507	-0.405794631138037	-0.573270112423946	-0.59565993152929	-1.03749757955787	-0.618737735166565	-0.99250391426126
GLU271A	-0.207839586235647	-0.539515383169128	-0.321211499483196	-1.10984187735878	0.0694557114579716	-0.378044619272024	-0.0511303380521893	-0.117959653550741	-0.579793436377676	-0.792194810677236	0.0301016856266402	-0.237378149048571	0.0573362500937285	0.481695304794725	-0.618737735166565	-0.662741673704439
LYS164A	-0.692011349625507	-1.55887624537808	-0.942422418295037	-1.27787554416716	-0.487828256448071	-0.624899561310409	-0.0511303380521893	-1.26947055726035	-0.478551822700143	-1.15228336098507	-0.490161660189265	-0.573270112423946	0.0573362500937285	-1.03749757955787	-0.426262415425828	-0.99250391426126
ASN268A	0.276332177154212	0.479845479039823	0.548483786853382	1.07459579115019	0.821604537015929	0.91929241726082	0.447999152457277	0.457795798304064	0.635105927752718	1.18829221601585	1.27351099473878	1.52788966678818	0.710332431716747	1.24129174697102	0.921064822759333	0.986069529079664
PHE109A	1.24467570393393	-0.539515383169128	2.16363217576417	0.402461123916663	0.219294977000921	-0.499210019748633	1.94538762398568	-0.117959653550741	2.45745497394831	0.468115115400185	0.608618456263632	-0.40224616393694	2.01632479496278	-0.277901137381572	1.69096610172228	-0.332979433147619
GLY245A	0.276332177154212	0.989525910144299	0.424241603091014	1.07459579115019	1.84316879076687	2.69047300904094	0.947128642966744	1.60930670201367	1.34379722349545	2.08851359178544	-0.727192837047477	-0.573270112423946	-1.24865611315231	-1.03749757955787	-1.00368837464804	-0.662741673704439
MET237A	1.24467570393393	-0.0298349520646523	1.04545252190285	0.23442745710828	-0.272295913893681	-0.499406464399873	1.44625813347621	0.457795798304064	1.54628045085051	1.00824794086194	-0.727192837047477	-0.573270112423946	-0.59565993152929	-1.03749757955787	-0.0413117759443534	-0.99250391426126
PRO152A	-0.207839586235647	-0.539515383169128	-0.445453683245564	-0.605740876933634	-0.284844029727327	0.119594144138952	-0.0511303380521893	-0.117959653550741	0.230139473042587	-0.252061985215484	-0.0361866943421817	0.439751747211779	0.0573362500937285	0.481695304794725	-0.233787095685091	-0.00321719259079825
LEU194A	0.760503940544072	1.49920634124877	1.29393688942759	1.91476412519211	-0.648739388903061	-0.500582324052204	1.44625813347621	2.18506215386848	1.74876367820558	2.44860214209328	-0.531340805321412	-0.404113438633038	1.36332861333977	2.00088818914732	1.30601546224081	1.6455940101933
PHE134A	0.760503940544072	-0.0298349520646523	1.6666634407147	0.23442745710828	-0.345370235513149	-0.251657912882248	0.447999152457277	-0.117959653550741	0.837589155107784	0.468115115400185	-0.727192837047477	-0.573270112423946	0.0573362500937285	-1.03749757955787	0.151163543796384	-0.99250391426126
PRO278A	1.24467570393393	2.00888677235325	0.921210338140487	2.08279779200049	-0.363085222572414	-0.100233636399819	1.44625813347621	2.18506215386848	0.938830768785316	1.54838076632369	-0.372650441153626	-0.0665012981504772	0.0573362500937285	0.481695304794725	-0.233787095685091	0.326545047966022
PRO223A	-0.692011349625507	-0.0298349520646523	-0.321211499483196	-0.269673543316868	-0.405896441298971	-0.0150725263254975	-1.04938931907112	-0.693715105405546	-0.984759891087807	-0.612150535523319	-0.20090327487077	0.256512748753749	-0.59565993152929	-0.277901137381572	-1.00368837464804	-0.99250391426126
LEU111A	1.72884746732379	2.00888677235325	2.0393899920018	1.91476412519211	0.9773487982453	1.80991348418976	1.94538762398568	2.76081760572328	2.25497174659324	2.62864641724719	1.60997474155023	2.68352871675082	1.36332861333977	2.00088818914732	1.88344142146302	1.6455940101933
LEU252A	-0.692011349625507	-0.0298349520646523	-0.818180234532669	-0.941808210550399	-0.016904850455945	0.413216894289153	-0.0511303380521893	0.457795798304064	-0.478551822700143	-0.612150535523319	-0.0874095334089986	0.183688190802217	0.0573362500937285	0.481695304794725	-0.618737735166565	-0.662741673704439
ASN239A	0.276332177154212	-1.0491958142736	0.796968154378118	-0.773774543742016	2.19968290533458	-0.622571977207413	-0.0511303380521893	-0.693715105405546	0.635105927752718	-0.792194810677236	1.4070921240699	-0.570103002266779	0.0573362500937285	-0.277901137381572	0.151163543796384	-0.662741673704439
VAL274A	2.69719099410351	3.0282476345622	2.16363217576417	2.9229661260424	2.68905942284677	4.69749833976831	2.44451711449514	2.76081760572328	2.65993820130337	2.80869069240111	1.5195814961382	2.78861731940859	2.01632479496278	2.00088818914732	1.49849078198155	0.656307288522843
PRO98A	0.276332177154212	0.989525910144299	0.548483786853382	0.570494790725046	0.572856593725417	1.20923671185032	0.447999152457277	1.03355125015887	0.635105927752718	1.36833649116977	1.72246411361853	2.54020921732898	1.36332861333977	2.00088818914732	1.49849078198155	1.6455940101933
VAL97A	0.276332177154212	0.479845479039823	-0.0727271319584595	0.23442745710828	-0.698931852237645	-0.550998766040291	-0.0511303380521893	-0.117959653550741	0.230139473042587	-0.432106260369402	0.249054213402446	0.348148898053597	0.0573362500937285	0.481695304794725	-0.0413117759443534	0.326545047966022
GLN192A	1.24467570393393	0.479845479039823	0.299999419328645	0.23442745710828	-0.0789073051633722	-0.573110815018751	0.947128642966744	-0.117959653550741	0.432622700397652	-0.072017710061567	0.540321337507876	0.623288430712573	1.36332861333977	0.481695304794725	1.11354014250007	-0.00321719259079825
PRO190A	0.760503940544072	0.479845479039823	0.796968154378118	0.570494790725046	0.49461540088033	1.40475377650197	-1.04938931907112	-0.693715105405546	-0.681035050055208	-0.612150535523319	1.60294415579596	2.39431210484132	0.710332431716747	0.481695304794725	0.921064822759333	-0.00321719259079825
GLN144A	1.72884746732379	0.479845479039823	1.16969470566522	-0.101639876508485	0.203794363324064	-0.247644372905249	0.947128642966744	0.457795798304064	0.432622700397652	0.10802656509235	-0.552432562584219	-0.475000246610408	0.0573362500937285	-0.277901137381572	-0.233787095685091	-0.332979433147619
GLN282A	1.24467570393393	1.49920634124877	1.04545252190285	1.24262945795858	1.32352917036177	1.30005129026728	1.44625813347621	2.18506215386848	1.34379722349545	1.54838076632369	1.64010582335424	1.6515043727827	2.01632479496278	2.76048463132361	1.88344142146302	2.63488073186377
PRO219A	-1.17618311301537	-0.539515383169128	-1.06666460205741	-0.269673543316868	-0.649477513363864	-0.477713867914249	-1.04938931907112	-0.693715105405546	-1.18724311844287	-0.792194810677236	-0.532345174714879	-0.372996659815027	-0.59565993152929	-0.277901137381572	-0.811213054907303	-0.332979433147619
VAL218A	0.760503940544072	1.49920634124877	0.548483786853382	1.24262945795858	0.325584899356511	0.486056797920714	0.447999152457277	1.03355125015887	0.736347541430251	1.72842504147761	1.50451595523619	1.36449481572323	2.01632479496278	2.76048463132361	2.65334270042597	4.28369193464787
GLN100A	-0.207839586235647	-1.0491958142736	-0.321211499483196	-0.941808210550399	-0.0951460433010318	-0.439870570785654	-0.0511303380521893	-0.693715105405546	-0.478551822700143	-0.612150535523319	-0.32444071026721	-0.321503830592492	-0.59565993152929	-0.277901137381572	-0.811213054907303	-0.332979433147619
ILE254A	1.24467570393393	0.479845479039823	1.79090562447706	0.0663937902998975	0.267273066953097	0.701160317204107	0.447999152457277	1.03355125015887	-0.0735853679900116	0.10802656509235	0.663858772904316	0.681586848440126	1.36332861333977	0.481695304794725	2.07591674120376	0.656307288522843
ILE232A	1.24467570393393	0.479845479039823	1.6666634407147	1.57869679157534	0.273178062639518	0.0480064761065543	0.447999152457277	0.457795798304064	1.04007238246285	1.54838076632369	1.66019321122358	0.342343438630589	1.36332861333977	1.24129174697102	2.07591674120376	2.96464297242059
TYR234A	0.276332177154212	-0.0298349520646523	1.29393688942759	0.402461123916663	-0.0508585756528694	-0.555237084850313	0.447999152457277	-0.117959653550741	0.635105927752718	-0.252061985215484	-0.351558683890819	-0.47848138428038	0.0573362500937285	0.481695304794725	0.343638863537121	0.326545047966022
ARG174A	0.276332177154212	0.479845479039823	0.299999419328645	0.0663937902998975	-0.222103450559097	-0.00405444321631522	0.447999152457277	1.03355125015887	0.128897859365054	0.468115115400185	0.0491847041025132	0.271504895711053	1.36332861333977	2.00088818914732	1.11354014250007	1.6455940101933
ASN247A	-1.17618311301537	-1.55887624537808	-1.06666460205741	-1.27787554416716	-0.648739388903061	-0.624899561310409	-0.550259828561656	-1.26947055726035	-0.478551822700143	-1.15228336098507	-0.727192837047477	-0.573270112423946	-1.24865611315231	-1.03749757955787	-1.00368837464804	-0.662741673704439
MET243A	-0.207839586235647	-0.0298349520646523	-0.942422418295037	-0.437707210125251	-0.352013355660373	-0.142990369624366	0.447999152457277	0.457795798304064	-0.276068595345077	-0.432106260369402	-0.727192837047477	-0.573270112423946	-1.24865611315231	-1.03749757955787	-1.00368837464804	-0.662741673704439
ASN200A	-0.207839586235647	-1.0491958142736	-0.196969315720828	-0.437707210125251	-0.256057175756022	-0.348711581707256	-0.0511303380521893	-0.693715105405546	-0.0735853679900116	-0.432106260369402	-0.272213501806926	-0.197465107413531	0.0573362500937285	-0.277901137381572	0.921064822759333	0.656307288522843
VAL197A	2.21301923071365	2.00888677235325	2.0393899920018	2.25083145880887	0.332228019503735	0.38126262172662	2.44451711449514	2.18506215386848	2.25497174659324	1.90846931663152	0.0381366407743762	-0.41086869487911	2.6693209765858	2.00088818914732	3.61571929912966	3.29440521297741
ARG290A	-1.17618311301537	-0.539515383169128	-1.81211770463162	-1.27787554416716	-0.792673658759589	-0.624899561310409	-1.54851880958059	-1.26947055726035	-1.28848473212041	-0.972239085831154	-0.727192837047477	-0.573270112423946	-1.24865611315231	-1.03749757955787	-1.00368837464804	-0.662741673704439
LYS291A	-1.66035487640523	-1.55887624537808	-1.68787552086925	-1.27787554416716	-0.792673658759589	-0.624899561310409	-1.54851880958059	-1.26947055726035	-1.28848473212041	-0.972239085831154	-0.727192837047477	-0.573270112423946	-1.24865611315231	-1.03749757955787	-1.00368837464804	-0.662741673704439
GLU180A	-1.17618311301537	-0.539515383169128	-1.19090678581977	-0.941808210550399	-0.506281367968139	-0.399123903319812	-1.04938931907112	-0.693715105405546	-0.984759891087807	-0.612150535523319	-0.337497512382281	-0.266060427178769	-0.59565993152929	-0.277901137381572	-0.618737735166565	-0.332979433147619
HIS90A	0.760503940544072	-0.0298349520646523	-0.445453683245564	0.0663937902998975	0.225938097148145	0.5441808038066	0.447999152457277	0.457795798304064	-0.0735853679900116	0.10802656509235	-0.0964488579502016	-0.167018500464258	0.710332431716747	0.481695304794725	0.151163543796384	0.656307288522843
LEU130A	0.276332177154212	0.479845479039823	-0.321211499483196	-0.101639876508485	-0.0700498116337398	0.0910628371424929	0.447999152457277	1.03355125015887	-0.0735853679900116	0.468115115400185	-0.0422129107029837	0.210991165622643	0.710332431716747	1.24129174697102	-0.0413117759443534	-0.00321719259079825
SER127A	-0.207839586235647	-0.539515383169128	-0.445453683245564	-0.773774543742016	0.0613363423891418	-0.305077602024363	0.447999152457277	-0.117959653550741	0.128897859365054	-0.252061985215484	-0.191863950329567	-0.418470395012247	0.0573362500937285	-0.277901137381572	0.151163543796384	-0.662741673704439
LEU114A	-1.17618311301537	-0.539515383169128	-0.569695867007933	-0.269673543316868	-0.476018265075228	-0.295204856153173	-0.550259828561656	-0.117959653550741	-0.579793436377676	-0.252061985215484	-0.296318367250134	-0.124659276783842	0.0573362500937285	0.481695304794725	-0.426262415425828	-0.332979433147619
SER269A	-1.17618311301537	-1.0491958142736	-1.19090678581977	-1.10984187735878	-0.445017037721514	-0.395632527165318	-0.550259828561656	-0.693715105405546	-0.782276663732741	-0.972239085831154	-0.451995623237519	-0.573270112423946	-0.59565993152929	-1.03749757955787	-0.618737735166565	-0.99250391426126
ALA276A	-0.207839586235647	-0.539515383169128	-0.321211499483196	-0.437707210125251	-0.69745560331604	-0.624899561310409	-0.550259828561656	-1.26947055726035	-0.174826981667544	-1.15228336098507	-0.597629185290234	-0.573270112423946	-0.59565993152929	-1.03749757955787	-0.618737735166565	-0.99250391426126
GLN136A	0.760503940544072	0.479845479039823	0.921210338140487	0.23442745710828	-0.428778299583855	-0.407293369306666	1.44625813347621	1.03355125015887	1.54628045085051	0.468115115400185	-0.425882019007377	-0.312014713584472	0.710332431716747	1.24129174697102	-0.0413117759443534	0.656307288522843
GLY266A	1.24467570393393	2.00888677235325	1.29393688942759	1.91476412519211	-0.0980985411442426	0.470228759149136	0.447999152457277	1.03355125015887	0.635105927752718	0.648159390554102	-0.0311648473748467	0.524133557034342	0.710332431716747	1.24129174697102	1.11354014250007	0.656307288522843
TYR103A	-0.207839586235647	-1.55887624537808	-0.321211499483196	-1.27787554416716	-0.329869621836292	-0.624899561310409	-0.0511303380521893	-1.26947055726035	-0.276068595345077	-1.15228336098507	-0.481122335648062	-0.573270112423946	-0.59565993152929	-1.03749757955787	-0.811213054907303	-0.99250391426126
ALA159A	0.276332177154212	0.989525910144299	0.796968154378118	1.07459579115019	-0.659811255815102	-0.52295465523321	-0.0511303380521893	0.457795798304064	0.0276562456875212	0.468115115400185	-0.65588261011132	-0.492593214185215	0.0573362500937285	0.481695304794725	0.151163543796384	1.31583176963648
LEU145A	1.24467570393393	2.00888677235325	2.16363217576417	2.58689879242564	-0.315845257081041	-0.235170940176777	1.44625813347621	2.18506215386848	2.15373013291571	2.62864641724719	-0.297322736643601	-0.217034115591294	0.710332431716747	1.24129174697102	1.30601546224081	1.6455940101933
CYS275A	0.760503940544072	1.49920634124877	0.548483786853382	1.07459579115019	-0.420658930515025	-0.317589496998429	0.447999152457277	1.03355125015887	0.635105927752718	1.90846931663152	-0.727192837047477	-0.573270112423946	-0.59565993152929	-0.277901137381572	-0.233787095685091	0.326545047966022
PRO151A	0.276332177154212	0.479845479039823	0.0515150518039087	0.0663937902998975	0.967753180254865	1.12736738199628	0.947128642966744	1.03355125015887	0.635105927752718	0.468115115400185	1.4070921240699	1.51641043010321	0.710332431716747	0.481695304794725	0.151163543796384	-0.332979433147619
ALA161A	0.276332177154212	0.989525910144299	0.424241603091014	1.24262945795858	-0.377847711788468	-0.340719540152748	-0.0511303380521893	0.457795798304064	0.0276562456875212	1.18829221601585	-0.0371910637356487	0.0113539332171902	1.36332861333977	2.00088818914732	0.728589503018596	0.986069529079664
ASP207A	-0.207839586235647	-0.0298349520646523	-0.693938050770301	-0.269673543316868	-0.488566380908874	-0.517119970429053	-0.0511303380521893	0.457795798304064	-0.174826981667544	0.288070840246268	-0.396755306596834	-0.444892157625273	0.0573362500937285	-0.277901137381572	-0.426262415425828	-0.00321719259079825
LEU206A	-0.692011349625507	-0.539515383169128	-0.445453683245564	-0.269673543316868	-0.662763753658313	-0.624899561310409	-0.550259828561656	-0.693715105405546	-0.478551822700143	-0.432106260369402	-0.708109818571604	-0.543182565930862	-0.59565993152929	-0.277901137381572	-0.811213054907303	-0.662741673704439
ASN131A	-0.692011349625507	-0.539515383169128	-0.569695867007933	-0.773774543742016	-0.282629656344919	-0.129124147372294	-0.0511303380521893	-0.117959653550741	-0.174826981667544	-0.612150535523319	-0.0331735861617807	0.101324351052577	0.710332431716747	0.481695304794725	0.343638863537121	-0.662741673704439
PHE270A	0.760503940544072	-0.539515383169128	0.921210338140487	0.23442745710828	1.68521015615509	0.192925393332735	0.947128642966744	-0.117959653550741	0.837589155107784	0.468115115400185	2.30700710061633	0.372233302664623	1.36332861333977	-0.277901137381572	1.49849078198155	0.326545047966022
ARG280A	-0.207839586235647	-0.539515383169128	-0.321211499483196	-0.437707210125251	-0.792673658759589	-0.624899561310409	-1.54851880958059	-1.26947055726035	-1.28848473212041	-0.972239085831154	-0.727192837047477	-0.573270112423946	-1.24865611315231	-1.03749757955787	-1.00368837464804	-0.662741673704439
GLY244A	-0.207839586235647	0.479845479039823	-0.445453683245564	0.402461123916663	-0.242770935461573	-0.172435893141028	0.447999152457277	1.03355125015887	0.432622700397652	1.54838076632369	-0.592607338322899	-0.501137433932071	-0.59565993152929	-0.277901137381572	-0.811213054907303	-0.332979433147619
ARG283A	-0.207839586235647	-0.0298349520646523	-0.321211499483196	0.23442745710828	-0.792673658759589	-0.624899561310409	-1.04938931907112	-0.693715105405546	-0.984759891087807	-0.612150535523319	-0.727192837047477	-0.573270112423946	-0.59565993152929	-0.277901137381572	-0.618737735166565	-0.00321719259079825
VAL272A	1.24467570393393	2.00888677235325	1.54242125695233	2.08279779200049	-0.364561471494019	-0.0329534692395514	-0.0511303380521893	0.457795798304064	0.230139473042587	0.82820366570802	-0.642825807996249	-0.440251485822941	0.0573362500937285	0.481695304794725	0.151163543796384	0.326545047966022
LYS101A	-1.17618311301537	-1.55887624537808	-0.818180234532669	-1.27787554416716	-0.664978127040721	-0.624899561310409	-1.04938931907112	-1.26947055726035	-1.08600150476534	-1.15228336098507	-0.727192837047477	-0.573270112423946	-1.24865611315231	-1.03749757955787	-1.00368837464804	-0.662741673704439
LYS132A	-0.692011349625507	-0.539515383169128	-0.196969315720828	-0.773774543742016	0.0753607071443933	0.368962494851459	-0.550259828561656	-0.117959653550741	-0.681035050055208	-0.252061985215484	0.0301016856266402	0.284838453452553	-0.59565993152929	-0.277901137381572	-0.811213054907303	-0.332979433147619
GLU198A	-0.207839586235647	-0.539515383169128	-0.0727271319584595	-0.605740876933634	-0.513662612576166	-0.427257178841037	-0.0511303380521893	-0.117959653550741	0.0276562456875212	-0.252061985215484	-0.347541206316951	-0.304340969885244	0.710332431716747	0.481695304794725	0.343638863537121	-0.332979433147619
THR140A	0.276332177154212	-0.0298349520646523	0.175757235566277	0.23442745710828	-0.669406873805537	-0.513111488049386	-0.0511303380521893	-0.117959653550741	-0.579793436377676	-0.612150535523319	-0.56548936469929	-0.430663022057121	-0.59565993152929	-0.277901137381572	-0.618737735166565	-0.332979433147619
SER260A	-0.692011349625507	-1.0491958142736	-0.818180234532669	-1.27787554416716	-0.651691886746272	-0.624899561310409	-1.04938931907112	-1.26947055726035	-1.08600150476534	-1.15228336098507	-0.53535828289528	-0.573270112423946	-0.59565993152929	-1.03749757955787	-1.00368837464804	-0.99250391426126
ARG156A	0.276332177154212	-0.539515383169128	0.175757235566277	-0.605740876933634	-0.648739388903061	-0.561531472525626	0.447999152457277	-0.117959653550741	0.0276562456875212	-0.432106260369402	-0.533349544108346	-0.487046066911598	0.0573362500937285	0.481695304794725	-0.233787095685091	0.656307288522843
VAL157A	1.72884746732379	2.00888677235325	2.16363217576417	2.25083145880887	3.39765890521737	2.33084241844023	1.44625813347621	1.60930670201367	1.74876367820558	1.90846931663152	2.87146269974478	0.436643658772352	2.01632479496278	2.00088818914732	2.84581802016671	2.30511849130695
PRO191A	-0.692011349625507	-0.539515383169128	0.175757235566277	-0.101639876508485	0.806103923339072	-0.624899561310409	-1.04938931907112	-1.26947055726035	-0.782276663732741	-1.15228336098507	2.1372686731204	0.0227556933959296	0.0573362500937285	-0.277901137381572	0.151163543796384	-0.332979433147619
GLY112A	-0.207839586235647	0.479845479039823	0.299999419328645	0.738528457533429	0.326323023817313	0.929352656143293	-0.550259828561656	-0.117959653550741	-0.37731020902261	-0.252061985215484	0.534295121147074	1.41567506627679	-0.59565993152929	-0.277901137381572	-0.618737735166565	-0.662741673704439
PHE113A	-0.207839586235647	-0.539515383169128	0.0515150518039087	-0.773774543742016	0.570642220343009	1.30815903622764	-0.0511303380521893	-0.117959653550741	0.128897859365054	-0.612150535523319	1.34582559106841	0.411701146454921	0.710332431716747	-0.277901137381572	-0.0413117759443534	-0.662741673704439
GLN167A	-1.17618311301537	-1.0491958142736	-1.43939115334451	-1.10984187735878	-0.792673658759589	-0.624899561310409	-1.54851880958059	-1.26947055726035	-1.28848473212041	-0.972239085831154	-0.727192837047477	-0.573270112423946	-1.24865611315231	-1.03749757955787	-1.00368837464804	-0.662741673704439
HIS168A	-0.692011349625507	-0.539515383169128	-1.06666460205741	-0.605740876933634	-0.507757616889744	-0.429200286143748	-0.550259828561656	-0.693715105405546	-0.579793436377676	-0.252061985215484	-0.339506251169215	-0.306984927999135	-0.59565993152929	-0.277901137381572	-0.426262415425828	-0.00321719259079825
MET133A	0.276332177154212	0.989525910144299	0.921210338140487	1.07459579115019	-0.0567635713392911	0.0386897651816314	0.947128642966744	1.60930670201367	0.736347541430251	1.18829221601585	-0.540380129862615	-0.278728867807436	-0.59565993152929	-0.277901137381572	-0.618737735166565	-0.662741673704439
GLY262A	-0.692011349625507	-0.0298349520646523	-1.19090678581977	-0.605740876933634	-0.650215637824667	-0.40028769537131	-1.04938931907112	-0.693715105405546	-1.08600150476534	-0.792194810677236	-0.533349544108346	-0.267643982257352	-0.59565993152929	-0.277901137381572	-0.618737735166565	-0.332979433147619
SER261A	-0.207839586235647	-1.55887624537808	-1.06666460205741	-1.27787554416716	-0.792673658759589	-0.624899561310409	-1.04938931907112	-1.26947055726035	-1.08600150476534	-1.15228336098507	-0.727192837047477	-0.573270112423946	-0.59565993152929	-1.03749757955787	-0.618737735166565	-0.99250391426126
GLU204A	-1.17618311301537	-1.0491958142736	-0.569695867007933	-1.10984187735878	-0.648739388903061	-0.624520212226041	-0.550259828561656	-0.693715105405546	-0.37731020902261	-0.792194810677236	-0.72618846765401	-0.572753937589848	-0.59565993152929	-0.277901137381572	-0.811213054907303	-0.332979433147619
ILE195A	-0.207839586235647	-0.0298349520646523	0.548483786853382	0.402461123916663	-0.403682067916563	-0.404654215347465	0.447999152457277	0.457795798304064	0.432622700397652	0.468115115400185	-0.236056203642114	-0.303672989576772	0.710332431716747	0.481695304794725	0.921064822759333	0.656307288522843
LEU257A	0.760503940544072	0.989525910144299	1.6666634407147	1.24262945795858	0.179436256117575	0.114696486683092	1.44625813347621	1.60930670201367	2.15373013291571	1.72842504147761	-0.0633046679657907	-0.0506969364914281	0.0573362500937285	-0.277901137381572	0.343638863537121	-0.662741673704439
ARG110A	0.276332177154212	0.479845479039823	0.299999419328645	0.570494790725046	0.473209791517052	0.371919790050972	0.947128642966744	1.03355125015887	0.736347541430251	0.82820366570802	0.297263944288862	0.136162562781412	0.0573362500937285	-0.277901137381572	-0.233787095685091	-0.99250391426126
ASP148A	-0.692011349625507	-0.539515383169128	-0.445453683245564	-0.101639876508485	-0.648739388903061	-0.538915405165675	-0.550259828561656	-0.117959653550741	-0.276068595345077	0.468115115400185	-0.727192837047477	-0.573270112423946	-1.24865611315231	-1.03749757955787	-1.00368837464804	-0.662741673704439
SER185A	0.276332177154212	-0.0298349520646523	-0.321211499483196	-0.101639876508485	-0.508495741350547	-0.358391181517384	-0.0511303380521893	-0.693715105405546	0.128897859365054	-0.612150535523319	-0.570511211666625	-0.573270112423946	0.0573362500937285	-1.03749757955787	-0.233787095685091	-0.99250391426126
SER215A	-0.207839586235647	-1.0491958142736	0.0515150518039087	-0.773774543742016	0.135148788469412	-0.226166767821837	-0.0511303380521893	-0.693715105405546	-0.174826981667544	-0.432106260369402	-0.727192837047477	-0.573270112423946	-0.59565993152929	-1.03749757955787	-0.233787095685091	-0.99250391426126
ASN263A	-0.692011349625507	-0.539515383169128	-1.19090678581977	-0.773774543742016	-0.365299595954822	-0.477296152428432	-0.0511303380521893	-0.117959653550741	-0.984759891087807	-0.972239085831154	-0.145662958230085	-0.372428280371193	0.710332431716747	0.481695304794725	-0.426262415425828	-0.662741673704439
THR284A	0.276332177154212	0.479845479039823	-0.321211499483196	0.0663937902998975	-0.792673658759589	-0.624899561310409	-1.54851880958059	-1.26947055726035	-1.28848473212041	-0.972239085831154	-0.579550536207828	-0.573270112423946	-0.59565993152929	-1.03749757955787	-0.811213054907303	-0.99250391426126
THR123A	-0.207839586235647	0.479845479039823	0.299999419328645	0.402461123916663	-0.552045084537907	-0.24899472867658	-0.0511303380521893	0.457795798304064	0.128897859365054	-0.072017710061567	-0.399768414777235	-0.0617818220415118	0.710332431716747	1.24129174697102	0.343638863537121	0.326545047966022
TYR107A	0.276332177154212	-1.0491958142736	0.299999419328645	-1.10984187735878	-0.631024401843796	-0.568704335329199	0.447999152457277	-0.693715105405546	0.128897859365054	-0.792194810677236	-0.51527089502594	-0.4968060779943	0.0573362500937285	-0.277901137381572	0.151163543796384	-0.332979433147619
HIS89A	-1.66035487640523	-1.0491958142736	-1.19090678581977	-0.773774543742016	-0.792673658759589	-0.624899561310409	-1.54851880958059	-1.26947055726035	-1.28848473212041	-0.972239085831154	-0.727192837047477	-0.573270112423946	-1.24865611315231	-1.03749757955787	-1.00368837464804	-0.662741673704439
HIS233A	-0.207839586235647	-0.0298349520646523	0.175757235566277	0.738528457533429	-0.71664683929691	-0.581468721160409	-0.550259828561656	-0.693715105405546	-0.782276663732741	-0.792194810677236	-0.634790852848513	-0.50042657880911	-0.59565993152929	-0.277901137381572	-0.426262415425828	0.326545047966022
HIS92A	-0.692011349625507	-1.0491958142736	-0.942422418295037	-1.10984187735878	-0.270819664972076	-0.204751629418381	-0.550259828561656	-0.693715105405546	-0.681035050055208	-0.792194810677236	-0.0171036758663087	-0.0015808742584325	0.0573362500937285	-0.277901137381572	-0.0413117759443534	-0.332979433147619
HIS91A	-0.692011349625507	-0.539515383169128	-0.569695867007933	-0.773774543742016	-0.368252093798033	-0.465772340745622	-0.550259828561656	-0.693715105405546	-0.782276663732741	-0.972239085831154	-0.459026208991788	-0.573270112423946	0.0573362500937285	-0.277901137381572	0.151163543796384	-0.332979433147619
PHE212A	-0.692011349625507	-1.0491958142736	-0.445453683245564	-1.10984187735878	-0.329869621836292	-0.425578830013835	-0.550259828561656	-0.693715105405546	-0.883518277410274	-0.972239085831154	-0.312388277545606	-0.573270112423946	0.0573362500937285	-1.03749757955787	0.151163543796384	-0.99250391426126
HIS115A	0.276332177154212	0.479845479039823	0.175757235566277	1.07459579115019	-0.676049993952761	-0.532959989242073	-0.0511303380521893	0.457795798304064	0.128897859365054	0.82820366570802	-0.531340805321412	-0.408097864769841	0.710332431716747	1.24129174697102	0.921064822759333	1.6455940101933
SER116A	0.760503940544072	-0.0298349520646523	0.0515150518039087	0.0663937902998975	-0.601499423411688	-0.357564268762019	0.447999152457277	-0.117959653550741	0.635105927752718	-0.432106260369402	-0.557454409551554	-0.535723177343022	0.710332431716747	-0.277901137381572	0.728589503018596	-0.332979433147619
HIS193A	0.276332177154212	0.479845479039823	-0.0727271319584595	-0.101639876508485	0.139577535234229	0.844969799731467	0.447999152457277	1.03355125015887	0.230139473042587	0.288070840246268	-0.596624815896767	-0.573270112423946	-0.59565993152929	-1.03749757955787	-0.618737735166565	-0.99250391426126
GLY108A	1.24467570393393	1.49920634124877	0.548483786853382	0.23442745710828	-0.0641448159473181	0.0263470879153811	1.44625813347621	1.60930670201367	1.04007238246285	0.648159390554102	-0.56548936469929	-0.318317744772021	-0.59565993152929	-0.277901137381572	-0.233787095685091	-0.662741673704439
ALA129A	-0.692011349625507	-0.0298349520646523	-0.818180234532669	0.0663937902998975	-0.788983036455575	-0.621990081181664	-1.04938931907112	-0.693715105405546	-1.08600150476534	-0.612150535523319	-0.722170990080142	-0.569311224727488	-0.59565993152929	-0.277901137381572	-0.811213054907303	-0.332979433147619
CYS135A	1.24467570393393	1.49920634124877	1.91514780823943	2.41886512561726	-0.434683295270276	-0.502134610963835	1.44625813347621	1.60930670201367	1.95124690556064	2.44860214209328	-0.538371391075681	-0.573270112423946	0.0573362500937285	-0.277901137381572	-0.426262415425828	-0.99250391426126
HIS214A	-0.207839586235647	-0.0298349520646523	-0.321211499483196	-0.101639876508485	0.0495263510162986	-0.00120116648852041	0.447999152457277	0.457795798304064	0.230139473042587	0.468115115400185	-0.0181080452597757	0.27538730824952	0.710332431716747	1.24129174697102	0.728589503018596	1.31583176963648
ASP186A	-0.207839586235647	-0.0298349520646523	-0.693938050770301	-0.269673543316868	-0.506281367968139	-0.206138327805503	-0.550259828561656	-0.117959653550741	-0.681035050055208	-0.252061985215484	-0.727192837047477	-0.573270112423946	-1.24865611315231	-1.03749757955787	-1.00368837464804	-0.662741673704439
SER95A	-1.17618311301537	-1.0491958142736	-1.19090678581977	-1.10984187735878	-0.792673658759589	-0.624899561310409	-1.54851880958059	-1.26947055726035	-1.28848473212041	-0.972239085831154	-0.727192837047477	-0.573270112423946	-1.24865611315231	-1.03749757955787	-1.00368837464804	-0.662741673704439
ARG248A	-1.66035487640523	-1.0491958142736	-1.43939115334451	-0.941808210550399	-0.648739388903061	-0.58659370597688	-1.04938931907112	-0.693715105405546	-0.984759891087807	-0.612150535523319	-0.727192837047477	-0.573270112423946	-1.24865611315231	-1.03749757955787	-1.00368837464804	-0.662741673704439
ALA119A	-0.692011349625507	-0.539515383169128	-0.569695867007933	-0.437707210125251	-0.780125542925943	-0.605115096434944	-1.04938931907112	-0.693715105405546	-0.984759891087807	-0.612150535523319	-0.727192837047477	-0.573270112423946	-1.24865611315231	-1.03749757955787	-1.00368837464804	-0.662741673704439
SER121A	-1.17618311301537	-1.0491958142736	-0.818180234532669	-0.269673543316868	-0.792673658759589	-0.624899561310409	-1.54851880958059	-1.26947055726035	-1.28848473212041	-0.972239085831154	-0.727192837047477	-0.573270112423946	-1.24865611315231	-1.03749757955787	-1.00368837464804	-0.662741673704439
GLY117A	-0.207839586235647	0.479845479039823	-0.321211499483196	0.570494790725046	-0.693764981012026	-0.544865738533798	-1.04938931907112	-0.693715105405546	-0.782276663732741	-0.252061985215484	-0.438938821122448	-0.262156712182559	0.710332431716747	1.24129174697102	0.921064822759333	1.97535625075013
SER240A	-0.692011349625507	-0.539515383169128	0.299999419328645	0.402461123916663	2.33328343273987	1.89703781428559	-0.0511303380521893	-0.117959653550741	0.635105927752718	0.468115115400185	1.44927563859551	2.85829374286625	0.0573362500937285	0.481695304794725	0.343638863537121	0.326545047966022
ASN210A	-1.17618311301537	-1.55887624537808	-0.942422418295037	-1.27787554416716	-0.792673658759589	-0.624899561310409	-1.54851880958059	-1.26947055726035	-1.28848473212041	-0.972239085831154	-0.531340805321412	-0.573270112423946	0.0573362500937285	-1.03749757955787	-0.0413117759443534	-0.99250391426126
CYS277A	0.276332177154212	-0.539515383169128	-0.569695867007933	-0.941808210550399	-0.717384963757713	-0.624899561310409	-1.04938931907112	-1.26947055726035	-0.782276663732741	-1.15228336098507	-0.727192837047477	-0.573270112423946	-1.24865611315231	-1.03749757955787	-1.00368837464804	-0.662741673704439
ILE255A	1.72884746732379	0.479845479039823	2.41211654328891	1.24262945795858	-0.0803835540849777	-0.218684190278984	0.947128642966744	-0.117959653550741	1.34379722349545	-0.252061985215484	0.64276701564151	0.333624157405502	2.6693209765858	0.481695304794725	3.23076865964818	0.326545047966022
THR155A	1.24467570393393	1.49920634124877	1.29393688942759	1.24262945795858	-0.0139523526127341	-0.0763098125861969	1.94538762398568	2.18506215386848	1.85000529188311	1.90846931663152	-0.308370799971738	-0.0944243174888491	-0.59565993152929	-0.277901137381572	-0.618737735166565	-0.332979433147619
THR150A	-1.66035487640523	-1.0491958142736	-1.31514896958214	-0.773774543742016	-0.648739388903061	-0.538824954985643	-1.04938931907112	-0.693715105405546	-0.883518277410274	-0.432106260369402	-0.727192837047477	-0.573270112423946	-1.24865611315231	-1.03749757955787	-1.00368837464804	-0.662741673704439
MET169A	-0.207839586235647	-1.0491958142736	-0.321211499483196	-1.10984187735878	-0.650215637824667	-0.40028769537131	-0.0511303380521893	-0.693715105405546	-0.0735853679900116	-1.15228336098507	-0.727192837047477	-0.573270112423946	-1.24865611315231	-1.03749757955787	-1.00368837464804	-0.662741673704439
SER166A	-1.17618311301537	-1.0491958142736	-1.31514896958214	-1.10984187735878	-0.650215637824667	-0.624899561310409	-1.04938931907112	-1.26947055726035	-1.08600150476534	-1.15228336098507	-0.727192837047477	-0.573270112423946	-1.24865611315231	-1.03749757955787	-1.00368837464804	-0.662741673704439
PRO177A	-0.692011349625507	-0.0298349520646523	-0.818180234532669	-0.101639876508485	-0.648739388903061	-0.464614250611566	-0.550259828561656	-0.117959653550741	-0.276068595345077	0.468115115400185	-0.531340805321412	-0.355172199267748	0.0573362500937285	0.481695304794725	-0.426262415425828	0.326545047966022
ASP228A	-1.66035487640523	-1.55887624537808	-1.19090678581977	-1.27787554416716	-0.648739388903061	-0.624899561310409	-1.04938931907112	-1.26947055726035	-0.883518277410274	-1.15228336098507	-0.727192837047477	-0.573270112423946	-1.24865611315231	-1.03749757955787	-1.00368837464804	-0.662741673704439
SER99A	-0.207839586235647	-0.0298349520646523	-0.0727271319584595	-0.773774543742016	-0.573450693901185	-0.549463807962591	-0.550259828561656	-0.693715105405546	-0.681035050055208	-0.792194810677236	-0.727192837047477	-0.573270112423946	-1.24865611315231	-1.03749757955787	-1.00368837464804	-0.662741673704439
GLU286A	-1.17618311301537	-1.0491958142736	-0.942422418295037	-1.10984187735878	-0.648739388903061	-0.511726081984673	-0.550259828561656	-0.693715105405546	-0.579793436377676	-0.792194810677236	-0.531340805321412	-0.419276589511884	0.0573362500937285	-0.277901137381572	-0.233787095685091	-0.662741673704439
VAL147A	0.760503940544072	0.479845479039823	0.796968154378118	-0.269673543316868	-0.560164453606736	-0.351408429208397	0.447999152457277	-0.117959653550741	0.938830768785316	-0.612150535523319	-0.491166029582732	-0.20113466895685	0.0573362500937285	0.481695304794725	-0.0413117759443534	-0.662741673704439
SER149A	-0.692011349625507	-1.0491958142736	-0.569695867007933	-1.10984187735878	-0.738790573120991	-0.615589224898425	-0.550259828561656	-0.693715105405546	-0.478551822700143	-0.972239085831154	-0.727192837047477	-0.573270112423946	-1.24865611315231	-1.03749757955787	-1.00368837464804	-0.662741673704439
GLU285A	0.760503940544072	-0.0298349520646523	0.67272597061575	-0.437707210125251	-0.194054721048594	-0.454892276347251	0.447999152457277	0.457795798304064	0.0276562456875212	-0.072017710061567	-0.358589269645088	-0.573270112423946	0.0573362500937285	-1.03749757955787	-0.233787095685091	-0.99250391426126
LEU289A	-0.692011349625507	-0.0298349520646523	-1.06666460205741	-0.437707210125251	-0.357918351346795	-0.177716599745692	-0.0511303380521893	0.457795798304064	-0.782276663732741	-0.252061985215484	-0.331471296021479	-0.273587939180207	0.0573362500937285	0.481695304794725	-0.426262415425828	0.326545047966022
ASN288A	-1.17618311301537	-0.539515383169128	-0.693938050770301	-0.101639876508485	-0.792673658759589	-0.624899561310409	-1.54851880958059	-1.26947055726035	-1.28848473212041	-0.972239085831154	-0.50522720109127	-0.223304440057017	0.0573362500937285	0.481695304794725	-0.618737735166565	-0.99250391426126
SER183A	-1.66035487640523	-1.0491958142736	-1.56363333710688	-0.941808210550399	-0.792673658759589	-0.624899561310409	-1.54851880958059	-1.26947055726035	-1.28848473212041	-0.972239085831154	-0.531340805321412	-0.426279117804154	-0.59565993152929	-0.277901137381572	-0.811213054907303	-0.332979433147619
GLN104A	-1.17618311301537	-1.55887624537808	-0.569695867007933	-1.27787554416716	-0.662763753658313	-0.624899561310409	-1.04938931907112	-1.26947055726035	-0.782276663732741	-1.15228336098507	-0.727192837047477	-0.573270112423946	-1.24865611315231	-1.03749757955787	-1.00368837464804	-0.662741673704439
SER96A	0.276332177154212	-1.0491958142736	-0.196969315720828	-0.605740876933634	-0.718861212679318	-0.624899561310409	-0.550259828561656	-0.693715105405546	-0.174826981667544	-0.792194810677236	-0.242082420002916	-0.573270112423946	0.0573362500937285	-1.03749757955787	0.151163543796384	-0.99250391426126
GLU287A	-1.66035487640523	-1.0491958142736	-1.68787552086925	-1.10984187735878	-0.792673658759589	-0.624899561310409	-1.54851880958059	-1.26947055726035	-1.28848473212041	-0.972239085831154	-0.727192837047477	-0.573270112423946	-1.24865611315231	-1.03749757955787	-1.00368837464804	-0.662741673704439
MET160A	0.276332177154212	-0.539515383169128	0.424241603091014	0.0663937902998975	-0.0198573482991558	0.593590716607916	-0.0511303380521893	-0.117959653550741	0.230139473042587	0.288070840246268	-0.112518768245674	0.197921210846164	0.0573362500937285	-0.277901137381572	0.536114183277859	-0.00321719259079825
THR102A	-1.17618311301537	-0.539515383169128	-0.942422418295037	-0.605740876933634	-0.648739388903061	-0.397960111268314	-1.04938931907112	-0.693715105405546	-0.984759891087807	-0.612150535523319	-0.727192837047477	-0.573270112423946	-1.24865611315231	-1.03749757955787	-1.00368837464804	-0.662741673704439
PRO250A	-0.692011349625507	-0.0298349520646523	-0.942422418295037	-0.437707210125251	-0.136481013105983	0.363991539428225	-0.0511303380521893	0.457795798304064	-0.276068595345077	0.10802656509235	-0.207933860625038	0.245427863203665	-0.59565993152929	-0.277901137381572	-0.426262415425828	-0.00321719259079825
HIS88A	-0.692011349625507	-0.0298349520646523	-0.445453683245564	-0.101639876508485	-0.648739388903061	-0.463180455496295	-0.0511303380521893	0.457795798304064	-0.174826981667544	0.288070840246268	-0.727192837047477	-0.573270112423946	-1.24865611315231	-1.03749757955787	-1.00368837464804	-0.662741673704439
ILE251A	-1.17618311301537	-0.539515383169128	-0.445453683245564	0.0663937902998975	-0.648739388903061	-0.397960111268314	-0.550259828561656	-0.117959653550741	0.0276562456875212	0.648159390554102	-0.531340805321412	-0.264476872100185	0.0573362500937285	0.481695304794725	0.151163543796384	0.656307288522843
GLY199A	-1.17618311301537	-0.539515383169128	-1.19090678581977	-0.773774543742016	-0.590427556499647	-0.306020539199978	-1.04938931907112	-0.693715105405546	-1.08600150476534	-0.972239085831154	-0.727192837047477	-0.573270112423946	-1.24865611315231	-1.03749757955787	-1.00368837464804	-0.662741673704439
THR170A	0.276332177154212	0.479845479039823	0.0515150518039087	-0.101639876508485	-0.334298368601108	-0.285793952939733	0.447999152457277	0.457795798304064	0.533864314075185	-0.072017710061567	-0.231034356674779	-0.21240974384727	-0.59565993152929	-0.277901137381572	-0.618737735166565	-0.332979433147619
GLN165A	-1.17618311301537	-0.539515383169128	-1.43939115334451	-0.773774543742016	-0.648739388903061	-0.579179528267389	-0.550259828561656	-0.117959653550741	-0.883518277410274	-0.432106260369402	-0.727192837047477	-0.573270112423946	-1.24865611315231	-1.03749757955787	-1.00368837464804	-0.662741673704439
VAL225A	-1.66035487640523	-1.0491958142736	-1.68787552086925	-1.10984187735878	-0.792673658759589	-0.624899561310409	-1.54851880958059	-1.26947055726035	-1.28848473212041	-0.972239085831154	-0.727192837047477	-0.573270112423946	-1.24865611315231	-1.03749757955787	-1.00368837464804	-0.662741673704439
ARG181A	-1.66035487640523	-1.0491958142736	-1.68787552086925	-1.10984187735878	-0.792673658759589	-0.624899561310409	-1.54851880958059	-1.26947055726035	-1.28848473212041	-0.972239085831154	-0.727192837047477	-0.573270112423946	-1.24865611315231	-1.03749757955787	-1.00368837464804	-0.662741673704439
SER241A	-1.66035487640523	-1.0491958142736	-1.31514896958214	-1.10984187735878	-0.792673658759589	-0.624899561310409	-1.54851880958059	-1.26947055726035	-1.28848473212041	-0.972239085831154	-0.727192837047477	-0.573270112423946	-1.24865611315231	-1.03749757955787	-1.00368837464804	-0.662741673704439
LYS292A	-1.66035487640523	-1.55887624537808	-1.56363333710688	-1.27787554416716	-0.648739388903061	-0.624899561310409	-1.04938931907112	-1.26947055726035	-1.08600150476534	-1.15228336098507	-0.727192837047477	-0.573270112423946	-1.24865611315231	-1.03749757955787	-1.00368837464804	-0.662741673704439
ARG209A	-1.66035487640523	-1.55887624537808	-1.56363333710688	-1.27787554416716	-0.792673658759589	-0.624899561310409	-1.54851880958059	-1.26947055726035	-1.28848473212041	-0.972239085831154	-0.727192837047477	-0.573270112423946	-1.24865611315231	-1.03749757955787	-1.00368837464804	-0.662741673704439
LYS120A	-2.14452663979509	-1.55887624537808	-1.81211770463162	-1.27787554416716	-0.792673658759589	-0.624899561310409	-1.54851880958059	-1.26947055726035	-1.28848473212041	-0.972239085831154	-0.727192837047477	-0.573270112423946	-1.24865611315231	-1.03749757955787	-1.00368837464804	-0.662741673704439
LEU201A	-2.14452663979509	-1.55887624537808	-1.81211770463162	-1.27787554416716	-0.792673658759589	-0.624899561310409	-1.54851880958059	-1.26947055726035	-1.28848473212041	-0.972239085831154	-0.727192837047477	-0.573270112423946	-1.24865611315231	-1.03749757955787	-1.00368837464804	-0.662741673704439
GLU224A	-2.14452663979509	-1.55887624537808	-1.81211770463162	-1.27787554416716	-0.792673658759589	-0.624899561310409	-1.54851880958059	-1.26947055726035	-1.28848473212041	-0.972239085831154	-0.727192837047477	-0.573270112423946	-1.24865611315231	-1.03749757955787	-1.00368837464804	-0.662741673704439
