Degree	Degree_sidechain	SecondOrderDegree	SecondOrderDegree_sidechain	NodeEdgeBetweennessSTRIDE	NodeEdgeBetweennessSTRIDE_sidechain	IntermodularDegreeSTRIDE	IntermodularDegreeSTRIDE_sidechain	SecondOrderIntermodularDegreeSTRIDE	SecondOrderIntermodularDegreeSTRIDE_sidechain	NodeEdgeBetweennessWALKTRAP	NodeEdgeBetweennessWALKTRAP_sidechain	IntermodularDegreeWALKTRAP	IntermodularDegreeWALKTRAP_sidechain	SecondOrderIntermodularDegreeWALKTRAP	SecondOrderIntermodularDegreeWALKTRAP_sidechain
ILE46X	8	4	17	9	707	519.529918791391	6	3	14	3	494	375.146655614095	3	3	4	2
VAL160X	6	6	19	10	1243	1039.47008120861	4	4	15	7	1912	1912	4	4	13	5
LEU133X	7	6	18	9	1136	783.176761109372	4	4	12	8	1136	783.176761109372	4	4	9	6
TYR137X	8	4	16	9	891	55.7924740911942	6	3	16	5	852	55.7924740911942	5	3	12	5
ARG68X	7	6	24	15	767	340.734122897162	6	5	22	14	461	340.734122897162	5	5	14	10
GLN61X	6	3	16	3	104	23.8609748410173	4	2	13	3	444	108.514148163373	4	2	9	1
GLY115X	8	8	27	21	1606	1391.43598567402	6	6	29	14	70	70	2	2	5	3
THR144X	10	7	25	18	1030	506.001039796976	8	5	28	13	469	224.501039796976	4	3	7	3
ILE84X	6	4	16	6	279	159.310799960931	6	4	20	6	279	159.310799960931	6	4	14	5
SER118X	4	3	15	10	161	125	4	3	16	6	37	1	2	1	5	0
ARG128X	4	2	4	1	316	200.17109522235	2	2	1	1	166	1	3	1	3	0
GLN131X	3	2	10	2	1	1	1	1	1	1	161	161	3	2	7	0
VAL114X	7	7	29	25	3115	1745.3103418692	4	4	20	14	2804	1589.8103418692	3	3	12	10
PHE78X	9	4	30	11	3469	1456.11006594429	8	4	35	9	4369	1456.11006594429	9	4	32	9
VAL7X	9	8	31	25	1888	1563	6	5	29	12	1238	1238	3	3	14	3
GLN43X	4	2	9	4	171	39.81954800206	3	2	6	3	1	1	1	1	1	1
LEU52X	5	4	8	4	154	154	4	4	7	4	1	1	1	1	1	1
LYS104X	8	4	24	10	349	121.777935182748	7	4	26	6	250	121.777935182748	5	4	19	6
VAL103X	7	7	16	11	1221	1221	5	5	11	2	1060	1060	4	4	8	2
CYS80X	9	5	31	17	361	50.4234556770103	5	3	23	9	413	50.4234556770103	6	4	23	10
ILE93X	6	4	26	14	379	204.889076219496	6	4	27	14	379	204.889076219496	6	4	22	12
ASP33X	4	1	5	1	475	1	3	1	3	0	1	1	1	1	1	1
PRO34X	3	3	4	3	161	131.518172525372	2	2	2	2	1	1	1	1	1	1
ALA59X	5	5	18	17	146	90.2171014435384	4	4	17	14	1	1	2	2	4	3
GLU37X	7	6	17	11	587	529.847100275079	7	6	24	9	265	220	5	4	13	1
ARG149X	6	4	13	7	890	622.950222344739	5	4	14	8	792	622.950222344739	4	4	9	8
GLN22X	4	4	11	7	309	208.679305541852	4	4	10	5	309	208.679305541852	4	4	8	5
ASP69X	4	2	9	2	160	1	2	1	4	0	160	1	2	1	3	0
GLY75X	7	7	24	12	530	243.111998872958	5	5	24	10	685	361.036165068648	5	5	19	7
LYS147X	6	1	12	1	291	1	3	1	4	0	291	1	3	1	5	0
SER145X	5	5	12	7	431	255.513943521044	2	2	1	1	431	255.513943521044	2	2	1	1
ALA83X	7	6	23	16	369	284.122737721315	6	5	27	13	369	284.122737721315	6	5	17	8
ASN86X	5	2	15	4	205	69.1514636802787	5	2	18	3	3	1	2	1	5	0
THR20X	5	5	17	9	799	799	3	3	6	3	1060	1060	4	4	8	5
TYR40X	3	1	4	1	319	1	2	1	2	0	319	1	2	1	3	0
GLU31X	4	3	8	5	475	475	2	2	2	0	1	1	1	1	1	1
VAL29X	6	6	10	7	1058	737.676985086013	2	2	2	1	1379	1017.88190995156	4	4	6	4
THR148X	5	5	11	8	173	173	2	2	1	0	1	1	1	1	1	1
ASN26X	2	2	5	3	161	57.3704721134093	2	2	4	3	161	57.3704721134093	2	2	3	3
MET67X	4	1	9	1	189	1	3	1	9	0	169	1	2	1	4	0
SER106X	4	3	13	4	173	173	3	3	7	3	1	1	1	1	1	1
ASP105X	2	1	3	1	161	1	2	1	2	0	1	1	1	1	1	1
LEU19X	6	6	27	20	1561	502.707217390824	6	6	30	21	865	398.819019446142	5	5	15	12
GLY60X	7	7	22	14	1449	883.794522886237	5	5	24	17	1291	831.516768912279	5	5	15	9
ARG135X	5	3	8	4	1	1	2	1	3	0	1	1	1	1	1	1
ASP132X	3	2	6	2	1	1	1	1	1	1	6	6	2	2	2	0
TYR71X	8	1	29	1	369	1	7	1	31	0	369	1	7	1	15	0
TYR96X	7	4	21	9	180	61.4867423888253	6	4	24	8	122	26.3477172298426	5	3	15	6
GLU143X	7	4	21	6	843	149.398155755825	5	3	14	5	433	149.398155755825	3	3	7	6
SER127X	4	3	17	6	161	14.0460907165557	3	3	8	5	161	14.0460907165557	3	3	7	6
LEU23X	6	5	20	8	2525	1557.0173889819	6	5	19	8	2525	1557.0173889819	6	5	15	6
ILE24X	3	3	8	3	2525	1669.22236691331	3	3	7	3	2525	1669.22236691331	3	3	5	3
LYS42X	4	1	9	1	1342	1	3	1	5	0	1202	1	2	1	2	0
ARG97X	4	3	12	5	1207	630	3	2	9	2	1207	630	3	2	7	2
LYS101X	3	3	5	3	115	115	2	2	1	0	1	1	1	1	1	1
GLY13X	5	5	15	13	429	299.02431828948	4	4	20	15	146	107.716264244091	2	2	2	1
GLY15X	7	6	22	16	1555	1331.33942997727	7	6	33	21	50	25.5	2	2	3	2
VAL109X	9	9	24	14	1394	853.227213905916	6	6	26	15	1307	766.227213905916	4	4	14	7
LEU53X	5	5	16	12	166	135.463603052967	4	4	13	7	122	122	3	3	9	5
GLN129X	4	2	17	7	126	13	3	2	10	4	1	1	1	1	1	1
PHE90X	7	4	25	12	4487	541.394561882521	6	4	22	8	2823	328.753631865481	3	2	9	3
ALA134X	7	7	22	16	133	89.5	4	4	16	9	133	89.5	5	5	13	9
ASN116X	7	4	28	13	229	76.5	6	4	35	15	58	31.5	4	3	14	6
VAL14X	12	10	34	27	4189	3003.50655260812	12	10	60	38	2095	1654.33061479138	7	6	29	18
GLU162X	2	2	4	4	161	22.924406062327	2	2	3	3	161	22.924406062327	2	2	2	2
PRO140X	5	5	10	8	570	271.52773634444	4	4	7	5	570	271.52773634444	3	3	4	4
ARG41X	4	4	6	4	277	169.161082270943	4	4	6	5	179	105.94269478562	2	2	1	1
GLU3X	3	2	4	3	281	35.7816125146772	3	2	5	3	1	1	1	1	1	1
LEU159X	9	7	27	21	4809	2628.64198092928	7	7	30	22	4809	2628.64198092928	8	7	29	19
LEU6X	7	5	20	8	527	236.181629447403	5	4	20	10	527	236.181629447403	4	4	15	10
TYR4X	8	3	21	6	2205	249.545376129749	8	3	23	6	1816	249.545376129749	7	3	11	3
ASP57X	6	4	21	11	2298	1660.82575596047	4	3	14	5	2298	1660.82575596047	4	3	10	3
LEU56X	6	5	16	10	267	267	4	3	12	0	107	107	2	2	6	0
THR124X	6	6	16	12	44	38.3206837672149	4	4	8	2	27	27	2	2	5	4
THR87X	4	3	12	6	629	6.67931623278513	3	2	8	3	1	1	1	1	1	1
ILE55X	7	4	19	6	3755	2187.77763308669	6	4	18	7	3135	2187.77763308669	5	4	15	7
SER17X	5	3	15	6	1155	336.174244039531	3	3	8	6	2231	336.174244039531	3	2	6	2
GLN95X	2	2	5	3	1	1	1	1	1	1	1	1	1	1	1	1
GLN99X	6	4	13	3	333	41	4	3	10	1	293	1	2	1	5	0
LYS16X	9	4	28	12	3760	349.627432507831	8	4	41	14	3321	349.627432507831	5	3	12	8
LEU79X	7	5	28	14	6479	3785.13911582559	6	5	24	14	6478	3785.13911582559	6	5	22	12
VAL112X	8	8	28	23	1229	899.935139118789	5	5	16	13	1107	777.935139118789	4	4	15	13
ARG164X	5	5	15	8	383	191.053762189835	5	5	20	8	231	90.0277310615416	2	2	6	2
GLU49X	6	4	14	8	491	155.451333093694	5	3	17	6	258	145.995415779984	3	3	8	4
THR58X	9	8	26	22	1584	860.509107346414	7	6	32	17	85	85	2	2	6	0
GLY138X	4	4	12	8	161	161	4	4	10	4	122	122	2	2	3	1
PHE82X	11	5	40	14	4425	2044.56401432598	9	5	47	13	3184	1830	7	3	26	5
VAL81X	11	9	39	31	1597	881.006101643055	9	7	48	30	1599	972.006101643055	8	7	31	18
VAL44X	8	7	16	10	174	134.916959281332	4	3	8	5	467	190.835764844949	3	3	4	4
VAL45X	6	6	16	13	191	152.065261364982	4	4	10	8	289	218.017579540956	3	3	3	3
ILE139X	6	3	20	9	460	312	5	3	18	8	300	152	4	2	9	2
VAL152X	8	6	22	15	1529	1014.9826110181	6	5	22	14	744	582.982611018101	3	3	9	8
PHE156X	6	2	23	4	5007	508.751712696182	5	2	19	4	6067	508.751712696182	6	2	20	4
ILE163X	6	5	18	14	161	72.028686635441	5	4	20	11	144	72.028686635441	4	4	9	7
PRO110X	6	5	17	14	747	458.779935762713	6	5	22	12	507	279.262951947914	4	3	9	3
THR35X	6	5	14	9	457	388.25988509614	6	5	16	10	457	388.25988509614	5	4	10	6
MET72X	6	3	19	7	2049	293	6	3	24	5	2049	293	6	3	19	3
ARG123X	7	5	20	12	900	482.244953566688	5	4	12	7	867	623.244953566688	6	5	12	8
VAL125X	9	7	24	15	2076	2064	6	5	21	9	142	1	3	2	11	2
TYR64X	3	1	9	1	181	1	3	1	7	0	1	1	1	1	1	1
TYR141X	7	3	28	8	218	11.8896299151478	6	2	27	4	163	11.8896299151478	3	2	9	4
ASP92X	2	2	3	2	1	1	1	1	1	1	1	1	1	1	1	1
LYS88X	4	2	3	1	1	1	1	1	1	1	1	1	1	1	1	1
VAL8X	8	7	33	24	2142	1713	6	5	29	14	1004	1004	2	2	4	2
ASP154X	5	3	10	4	196	14.1563095525342	3	2	7	1	53	14.1563095525342	2	2	2	1
THR158X	5	5	16	13	872	430.76847976203	3	3	7	7	872	430.76847976203	4	4	12	11
VAL9X	10	9	36	26	375	206.722474023948	8	7	41	22	199	149.57654432299	4	4	15	7
ILE36X	3	2	9	4	161	69.7401149038604	3	2	11	4	161	69.7401149038604	3	2	8	3
ALA11X	7	4	23	15	3109	1015.25529524414	6	4	35	19	1668	736.466915028226	4	3	12	6
LYS117X	4	2	10	4	257	39.2837357559091	4	2	13	3	212	39.2837357559091	3	2	6	1
HIS94X	3	3	10	6	161	42.2771329339523	3	3	8	5	161	42.2771329339523	3	3	7	5
GLU62X	2	2	5	2	1	1	1	1	1	1	161	53.4858518366268	2	2	3	1
SER136X	4	3	11	6	1	1	1	1	1	1	1	1	1	1	1	1
ILE21X	6	3	13	7	1058	321.323014913987	3	2	3	1	2395	1397.32301491399	4	3	8	4
GLU76X	7	3	19	3	603	390	6	3	23	3	132	1	3	1	6	0
HIS27X	4	4	9	7	1	1	3	3	3	2	161	41.795075134458	2	2	3	3
ASP54X	3	3	8	6	179	74.0573052143802	2	2	3	3	179	74.0573052143802	2	2	1	1
PHE28X	3	2	9	1	208	208	2	2	2	0	369	208	3	2	5	0
GLY10X	8	8	30	25	2891	1849.31005068471	8	8	47	34	2415	1704.30704342466	5	5	17	11
MET111X	6	3	22	10	1539	955.50983414617	5	3	16	6	1539	955.50983414617	4	3	12	4
CYS51X	7	6	15	11	156	52.6194376657013	3	3	10	4	33	31.4314770287252	3	3	8	4
SER89X	7	5	25	12	401	77.8485363197213	6	4	33	9	258	3	5	3	20	6
ALA146X	7	5	18	9	1344	637.151196604488	5	3	15	6	1010	637.151196604488	4	3	8	5
HIS166X	3	3	6	4	289	126.483016185201	3	3	6	4	66	66	2	2	1	0
THR50X	5	5	12	11	158	119.18045199794	4	4	8	6	1	1	2	2	2	2
ALA130X	9	8	23	14	390	232.194524090248	5	5	25	14	223	164.835454107288	6	5	17	7
CYS32X	5	4	4	3	161	30.4818274746276	3	3	3	1	1	1	1	1	1	1
GLU126X	3	2	10	1	316	116.82890477765	2	2	1	1	1	1	1	1	1	1
ASP119X	3	3	5	4	431	176.486056478956	2	2	1	1	431	176.486056478956	2	2	1	1
GLY48X	4	4	10	8	249	191.934738635018	4	4	11	7	1	1	1	1	1	1
ARG73X	6	3	12	2	348	1	4	1	11	0	343	1	3	1	7	0
GLN70X	3	2	6	2	1	1	1	1	1	1	1	1	1	1	1	1
ASP38X	2	1	5	1	161	1	2	1	3	0	1	1	1	1	1	1
LEU113X	10	7	34	18	786	510.885839758069	8	7	33	17	328	212.885839758069	4	4	14	11
ASP47X	5	3	10	7	165	40.9495285867218	5	3	14	6	1	1	1	1	1	1
GLY77X	8	8	25	21	1561	622.331317153565	7	7	29	22	2379	1440.33131715357	5	5	21	14
ARG161X	5	4	12	6	6	6	3	3	9	4	160	160	2	2	2	0
TYR157X	3	1	8	1	316	1	2	1	5	0	475	1	3	1	3	0
ALA66X	3	3	5	3	161	111.557026545533	2	2	3	3	1	1	1	1	1	1
SER65X	4	4	9	7	487	376.442973454467	4	4	8	5	1	1	1	1	1	1
ALA155X	6	6	19	16	151	55.0042221594195	4	4	14	9	68	35.5	3	3	5	3
ILE142X	5	2	17	2	177	39.8436904474658	4	2	9	1	55	39.8436904474658	3	2	3	1
GLY151X	6	6	18	15	875	664.494738043605	5	5	17	12	296	104.998960203024	2	2	3	2
ASN85X	3	1	9	1	163	1	3	1	8	0	128	1	2	1	5	0
GLU153X	3	1	10	1	161	1	2	1	5	0	161	1	2	1	5	0
ALA18X	4	3	13	6	333	117.52978394937	3	2	10	2	333	117.52978394937	2	2	3	2
ILE100X	6	5	27	11	228	228	5	4	21	7	228	228	4	4	18	8
THR2X	3	3	8	4	519	519	3	3	9	3	337	337	2	2	6	2
LYS5X	3	2	9	2	1	1	2	2	5	2	1	1	1	1	1	1
THR74X	3	3	9	8	6	6	2	2	3	0	156	38.0758338043098	2	2	4	4
GLY12X	4	4	14	12	1	1	2	2	11	9	1	1	1	1	1	1
ASP30X	3	2	7	3	1	1	1	1	1	1	1	1	1	1	1	1
GLU91X	2	2	3	1	1	1	1	1	1	1	1	1	1	1	1	1
ASP108X	4	1	10	1	66	1	2	1	2	0	66	1	2	1	1	0
GLN25X	3	3	6	4	1	1	2	2	2	2	1	1	1	1	1	1
LEU120X	3	2	3	2	127	1	2	1	1	0	127	1	2	1	1	0
ASP107X	4	2	11	1	115	1	2	1	1	0	1	1	1	1	1	1
GLN150X	3	2	8	5	173	1	2	1	1	0	1	1	1	1	1	1
ALA122X	3	3	7	6	201	201	2	2	4	3	1	1	1	1	1	1
SER39X	2	2	2	1	1	1	1	1	1	1	1	1	1	1	1	1
ALA121X	3	2	3	2	127	127	2	2	1	0	127	127	2	2	1	0
MET1X	1	1	1	1	1	1	1	1	1	1	1	1	1	1	1	1
GLU63X	1	1	1	1	1	1	1	1	1	1	1	1	1	1	1	1
GLU98X	1	1	1	1	1	1	1	1	1	1	1	1	1	1	1	1
ARG102X	1	1	1	1	1	1	1	1	1	1	1	1	1	1	1	1
GLN165X	1	1	1	1	1	1	1	1	1	1	1	1	1	1	1	1
