Degree	Degree_sidechain	SecondOrderDegree	SecondOrderDegree_sidechain	NodeEdgeBetweennessSTRIDE	NodeEdgeBetweennessSTRIDE_sidechain	IntermodularDegreeSTRIDE	IntermodularDegreeSTRIDE_sidechain	SecondOrderIntermodularDegreeSTRIDE	SecondOrderIntermodularDegreeSTRIDE_sidechain	NodeEdgeBetweennessWALKTRAP	NodeEdgeBetweennessWALKTRAP_sidechain	IntermodularDegreeWALKTRAP	IntermodularDegreeWALKTRAP_sidechain	SecondOrderIntermodularDegreeWALKTRAP	SecondOrderIntermodularDegreeWALKTRAP_sidechain
ILE142A	6	2	22	3	159	1	5	1	25	0	11	11	2	2	3	1
VAL112A	9	8	30	27	1025	835.616908344826	6	5	24	12	2052	1868.61690834483	3	3	8	6
GLN150A	5	3	15	4	236	62	4	3	10	3	1	1	1	1	1	1
GLU143A	7	2	23	4	231	16	6	2	26	2	53	16	3	2	5	2
GLU3A	5	3	14	6	273	27.2177127885832	5	3	15	5	64	1	3	2	5	2
LEU52A	7	5	15	7	699	699	5	5	12	7	1	1	1	1	1	1
ASP57A	5	3	19	4	359	295.195497094027	4	3	16	4	359	295.195497094027	4	3	13	4
SER17A	6	3	19	3	136	42.8045029059732	4	3	13	3	136	42.8045029059732	3	3	6	3
TYR96A	5	3	19	10	167	13.109704491921	4	3	18	9	167	13.109704491921	4	3	10	5
VAL9A	10	9	36	25	300	181.551708172836	8	7	38	24	224	143	4	4	10	9
GLY138A	5	5	15	13	503	503	5	5	15	8	1	1	1	1	1	1
ILE139A	7	4	22	10	1034	367.162903668109	6	4	25	9	606	367.162903668109	3	2	6	2
ARG97A	4	4	10	4	3431	1993.93899260701	3	3	9	3	3431	1993.93899260701	3	3	5	3
MET111A	7	3	23	4	5313	1635.89810372488	6	3	24	5	4851	1635.89810372488	4	3	8	3
ALA155A	8	7	27	22	167	20.4478432018427	6	5	30	18	1	1	1	1	1	1
LEU79A	9	6	36	21	2441	1434.77313973106	7	6	34	21	1243	545.735628628714	2	2	4	3
ALA59A	8	6	18	15	1409	1002.06616846338	6	5	11	4	1251	514.066168463384	5	3	14	8
GLY60A	3	3	7	6	167	167	2	2	1	0	331	331	2	2	4	2
ARG41A	4	3	12	5	937	574.026533546802	4	3	12	5	511	458.244246335385	2	2	3	2
ASP54A	6	5	12	3	1301	264.697305820774	5	4	11	3	1186	149.697305820774	4	3	4	2
LEU133A	5	4	17	8	1227	662.630751918225	3	3	10	7	1227	662.630751918225	3	3	9	7
PHE90A	7	4	23	8	2433	680.369248081775	6	4	19	4	1395	680.369248081775	5	4	12	2
ILE21A	6	4	15	8	871	676.321032954972	3	3	7	4	485	485	2	2	3	1
VAL29A	7	6	15	7	770	578.678967045028	5	4	13	4	1	1	1	1	1	1
ALA83A	7	5	26	10	322	267	6	4	28	4	214	159	5	4	18	5
SER89A	7	5	27	11	487	377	6	4	31	7	246	214	4	3	18	5
ALA146A	6	5	19	14	2302	896.938057786495	4	3	17	10	2302	896.938057786495	4	3	10	7
LEU19A	9	8	37	30	2559	959.738880185003	8	8	43	34	1716	907.321881810542	7	7	14	11
TYR32A	5	2	14	2	1067	254.039745033363	4	2	8	1	1067	254.039745033363	4	2	6	1
GLY151A	8	8	24	18	1276	803.009517167724	7	7	29	17	1	1	1	1	1	1
THR144A	10	8	26	22	2633	1155.47656872429	10	8	47	26	428	91.4444689578927	2	2	6	6
ASP154A	4	1	13	1	217	1	2	1	6	0	1	1	1	1	1	1
ILE93A	6	5	26	17	221	100.662060746555	6	5	31	19	221	100.662060746555	6	5	20	8
LEU113A	10	8	36	24	776	728.809659401074	8	7	38	18	1771	211.681559568009	5	4	12	7
ASP30A	4	2	9	1	166	1	2	1	5	0	1	1	1	1	1	1
GLU31A	3	1	7	1	1	1	1	1	1	1	1	1	1	1	1	1
ASP132A	4	3	4	1	1	1	1	1	1	1	1	1	1	1	1	1
LYS128A	3	2	7	2	1	1	1	1	1	1	1	1	1	1	1	1
LEU120A	5	4	12	5	640	341	4	3	11	2	413	333.866378765467	3	3	4	2
PRO121A	3	3	5	4	263	263	2	2	3	2	1	1	1	1	1	1
ASP108A	5	3	8	1	325	60.8520982743131	3	3	3	2	325	60.8520982743131	3	3	3	2
SER106A	4	3	10	3	1	1	1	1	1	1	1	1	1	1	1	1
TYR137A	6	2	14	4	1962	387	5	2	12	0	1927	387	3	2	4	1
ALA11A	8	6	20	13	1057	441.217489016438	7	5	29	17	724	235.717489016438	5	3	17	9
VAL14A	10	9	36	27	3189	1852.20064996239	10	9	55	31	2023	1325.93142692538	7	7	26	13
VAL114A	9	9	36	32	635	369.415748350198	6	6	35	29	512	393.656379685436	3	3	10	9
GLY77A	8	8	25	22	2771	1989.39395269749	7	7	33	25	1	1	1	1	1	1
PHE78A	8	3	30	10	3713	1	7	3	31	7	1898	1	3	1	5	0
GLN22A	7	6	18	9	2329	2117.72693183469	7	6	20	7	1442	1230.72693183469	4	3	8	4
HIS27A	4	2	13	3	807	1	3	1	10	0	1	1	1	1	1	1
ARG123A	5	4	17	11	923	541.937621088759	3	3	6	4	1625	1243.93762108876	4	4	11	8
ILE84A	6	4	20	5	467	150.896451505918	5	3	19	3	467	150.896451505918	6	4	15	4
LEU56A	7	6	20	14	1235	862.349681946826	6	5	21	10	893	520.349681946826	4	3	14	5
TYR71A	5	2	13	5	383	33.6658541563543	3	2	10	4	827	33.6658541563543	5	2	12	2
GLN43A	4	2	10	2	750	199.803370593037	3	2	7	2	1	1	1	1	1	1
VAL44A	7	7	16	14	942	575.264091434961	3	3	7	7	1	1	1	1	1	1
ARG68A	5	4	16	8	1406	456.224172408452	4	3	13	8	827	492.724172408452	4	4	11	9
GLU37A	6	5	18	12	3343	2255.70965912816	6	5	22	13	3224	2255.70965912816	5	5	17	10
ARG161A	4	3	8	1	111	86.2672898922019	2	2	2	1	157	132.267289892202	3	3	3	1
TYR157A	3	1	7	1	209	1	2	1	4	0	255	1	3	1	5	0
ARG102A	5	5	10	9	6	4.59429753096303	3	3	5	3	6	4.59429753096303	2	2	3	2
GLN99A	5	3	11	6	409	409	2	2	3	1	1	1	1	1	1	1
LEU159A	9	8	32	25	8205	6045.52495512849	8	8	39	27	4552	3277.64746302646	5	4	7	5
ALA130A	9	6	28	9	337	194.945298080767	5	3	26	5	21	1	2	1	4	0
THR127A	6	5	17	4	707	247.165927405324	3	3	7	3	707	247.165927405324	3	3	5	4
ILE100A	7	5	28	13	1331	1301.5	5	4	22	11	1331	1301.5	4	4	8	4
VAL103A	7	6	16	11	378	142.570628910074	3	2	4	2	378	142.570628910074	3	2	7	2
LYS101A	3	3	4	3	163	163	2	2	1	0	1	1	1	1	1	1
VAL152A	9	8	30	22	1290	1033.51247846334	6	6	27	23	323	305.5	4	4	14	11
GLY15A	8	7	28	22	1781	1679.30723902518	8	7	38	25	148	98.7242373996441	4	3	11	7
PHE141A	8	3	32	5	331	39.0547019192328	6	2	31	2	57	23	4	2	6	1
ARG135A	4	2	13	2	173	1	2	1	4	0	1	1	1	1	1	1
SER65A	5	4	6	4	985	819	4	3	5	2	167	98.0695913708447	2	2	1	1
PRO140A	7	5	21	9	808	652.240152185356	6	4	18	4	208	208	4	3	4	1
LEU53A	7	7	21	16	1971	882.235908565039	5	5	17	10	1046	523.5	4	4	11	6
TYR4A	8	2	24	4	1074	145.282973141749	7	2	23	3	463	1	4	1	6	0
ASP69A	4	3	10	7	167	21.8350735589626	3	3	4	3	167	21.8350735589626	4	3	7	2
GLU98A	2	2	4	3	1	1	1	1	1	1	1	1	1	1	1	1
HIS94A	5	4	10	6	387	1	2	1	4	0	403	17	3	2	3	0
VAL109A	7	7	20	14	889	847.876622649539	5	5	19	11	691	649.876622649539	3	3	4	2
SER145A	5	5	13	9	249	141.925210053865	2	2	4	3	1	1	1	1	1	1
THR148A	6	6	14	11	175	175	3	3	7	5	1	1	1	1	1	1
ASP33A	4	3	6	5	1	1	1	1	1	1	1	1	1	1	1	1
THR35A	5	4	10	4	346	1	2	1	5	0	1	1	1	1	1	1
GLY13A	5	5	16	13	1327	1002.8739133486	4	4	22	15	1327	1002.8739133486	4	4	12	9
ILE55A	5	2	20	2	205	121	4	2	12	1	205	121	4	2	9	0
ASN85A	6	2	16	3	303	38	5	2	12	2	74	1	3	1	9	0
MET72A	7	4	21	8	139	56.5518439173149	5	2	25	6	287	168.051843917315	4	4	13	8
THR58A	9	7	30	24	3515	1891.44358597908	8	7	35	22	1722	116.448156082685	7	5	21	11
ASN116A	8	4	33	13	818	441	7	4	46	15	71	1	3	2	9	2
GLY115A	9	9	30	22	1113	1030.16688112484	7	7	35	17	649	566.166881124836	4	4	16	6
CYS51A	7	6	19	15	166	158	4	4	12	6	150	150	2	2	3	0
PHE82A	12	5	43	13	2295	248.833118875164	10	5	49	12	2013	164.833118875164	9	3	32	6
ARG164A	5	5	15	11	411	266.717026858251	4	4	13	4	126	126	3	3	4	2
VAL160A	8	8	26	16	1045	590.662858051684	5	5	19	12	400	201.662858051684	4	4	10	5
LYS169A	2	2	4	2	167	129.888455942558	2	2	2	2	167	129.888455942558	2	2	2	2
CYS80A	8	5	31	17	191	77.96396786019	6	4	28	11	66	5	4	2	12	3
THR2A	5	4	11	4	543	460	5	4	13	4	377	377	3	3	5	1
LYS147A	6	1	15	1	172	1	3	1	9	0	172	1	2	1	1	0
ARG73A	6	4	12	7	218	217	3	2	5	1	280	279	5	4	9	3
GLN70A	3	1	8	1	1	1	1	1	1	1	167	1	3	1	6	0
GLY10A	6	6	24	18	1033	770.232875206003	6	6	30	20	961	722.243981135426	4	4	12	6
LEU6A	9	7	31	15	1788	889.729414514119	6	5	26	15	1	1	2	2	4	0
VAL7A	10	9	35	30	2319	912.98446389682	7	6	34	19	2597	1035.42565828983	5	5	15	12
ASP12A	3	1	9	1	1	1	1	1	1	1	1	1	1	1	1	1
VAL8A	8	7	34	21	4208	2146.5	6	5	29	10	3610	2965.05880560699	4	4	12	7
ALA134A	10	9	25	19	239	212.528279852371	6	5	26	13	1	1	2	2	3	2
SER136A	2	2	3	3	1	1	1	1	1	1	1	1	1	1	1	1
LYS104A	5	3	17	10	327	17.1456854271792	4	3	12	7	129	17.1456854271792	3	3	5	4
ALA18A	7	6	24	18	240	44.7955914450695	5	4	19	7	240	44.7955914450695	2	2	3	2
PRO110A	7	5	19	11	855	497.123377350461	7	5	28	10	381	358.123377350461	3	3	4	3
ASP119A	6	5	16	7	304	163.074789946135	5	4	11	2	110	80.1336212345334	2	2	2	2
TYR64A	5	3	8	4	409	1	4	2	5	2	253	134.113410027656	2	2	2	2
ILE24A	4	3	11	4	651	476.859090898245	3	3	6	3	651	476.859090898245	3	3	5	3
THR20A	6	6	17	10	464	464	3	3	6	2	464	464	3	3	6	2
GLU49A	4	1	9	1	171	1	4	1	9	0	126	1	2	1	2	0
GLY48A	4	4	8	6	367	184.2035780261	4	4	8	4	1	1	1	1	1	1
ILE163A	5	4	15	11	167	86.9991406863632	5	4	22	12	1	1	1	1	1	1
PRO34A	5	4	12	5	1	1	2	1	5	0	1	1	1	1	1	1
LYS16A	8	3	26	10	3270	68.1736782149449	7	3	35	9	2480	68.1736782149449	6	3	19	5
VAL81A	12	10	40	36	1518	649.813090013496	9	7	49	33	290	276	4	3	19	8
GLN25A	2	2	5	4	1	1	1	1	1	1	1	1	1	1	1	1
ILE46A	7	5	17	13	525	397.837141948316	5	4	11	7	525	397.837141948316	4	3	7	3
THR158A	5	5	18	15	247	162.759847814644	3	3	10	7	1	1	2	2	4	3
ARG149A	5	3	17	5	1353	343.34860907795	4	3	13	6	729	343.34860907795	3	3	4	3
ASN26A	3	2	8	2	167	35.9244590873608	3	2	9	2	167	35.9244590873608	2	2	2	2
ASP47A	3	2	5	2	173	25.7327101077981	3	2	4	1	111	25.7327101077981	2	2	2	2
HIS95A	5	4	9	4	131	114.668885029388	3	3	4	2	131	114.668885029388	2	2	2	2
ASP38A	4	2	10	1	224	1	2	1	5	0	1	1	1	1	1	1
ASP153A	3	2	11	3	87	44	2	2	5	3	87	44	2	2	5	3
LYS117A	7	2	20	4	1181	51.2255694676442	7	2	25	3	832	51.2255694676442	4	2	10	3
ASP92A	3	3	9	5	256	128.5	2	2	6	4	1	1	1	1	1	1
GLU162A	2	1	6	1	167	1	2	1	5	0	167	1	2	1	3	0
LYS42A	5	3	13	5	538	206.140909101756	4	3	11	5	449	206.140909101756	3	3	7	5
GLU63A	2	2	4	3	1	1	1	1	1	1	167	69.9304086291553	2	2	1	1
ALA66A	3	3	5	4	167	167	2	2	3	2	1	1	1	1	1	1
SER122A	4	2	10	2	1	1	2	2	4	1	1	1	1	1	1	1
PHE28A	7	3	18	2	801	337	6	3	17	0	172	172	2	2	1	0
GLY75A	8	8	24	15	418	321.129522256099	7	7	23	12	128	112.854314572821	2	2	2	2
GLU107A	3	1	4	1	163	1	2	1	1	0	1	1	1	1	1	1
GLN61A	2	1	2	1	167	1	2	1	1	0	1	1	1	1	1	1
LYS88A	4	2	7	2	1	1	1	1	1	1	1	1	1	1	1	1
THR87A	5	4	14	8	382	194.958758819301	3	2	6	3	382	194.958758819301	2	2	3	3
THR124A	7	7	17	12	540	346.041241180699	4	4	8	2	990	360.20037084347	4	4	6	4
MET67A	3	1	5	1	167	1	2	1	3	0	1	1	1	1	1	1
LEU23A	6	4	19	7	2357	1483	6	4	18	6	2357	1483	6	4	13	4
LYS5A	5	2	19	4	1097	580.058447843841	4	2	15	3	676	580.058447843841	2	2	3	2
GLN131A	4	2	17	4	1	1	1	1	1	1	1	1	1	1	1	1
SER39A	3	1	7	1	116	1	2	1	4	0	1	1	1	1	1	1
TYR40A	5	3	11	2	1243	324.960254966637	4	2	7	1	1243	324.960254966637	4	2	7	1
VAL125A	7	6	24	15	1574	1574	4	4	16	8	2009	1137.84087033723	5	4	15	5
THR74A	5	5	13	11	243	58.7247923167221	2	2	6	6	474	474	3	3	6	1
GLU91A	4	3	9	4	1	1	1	1	1	1	17	1	2	1	2	0
THR50A	4	4	10	9	166	96.3177619755981	3	3	6	5	1	1	1	1	1	1
SER118A	4	3	14	12	167	158	4	3	18	13	1	1	1	1	1	1
PHE156A	8	2	33	5	2380	275.46248889765	6	2	24	5	1111	1	5	1	12	0
GLU76A	7	3	21	3	968	551	6	3	25	2	1	1	1	1	1	1
HIS166A	3	2	8	2	475	136.259445783128	3	2	8	2	475	136.259445783128	3	2	4	2
LYS167A	2	2	4	3	167	84	2	2	4	3	1	1	1	1	1	1
ILE36A	4	2	9	3	144	1	2	1	5	0	1	1	1	1	1	1
GLU62A	3	3	6	4	131	17.3311149706119	2	2	2	2	383	136.217704942956	3	3	2	2
MET1A	4	3	6	3	823	362.878867431365	4	3	6	3	167	1	2	1	1	0
GLY0A	3	3	6	6	167	167	3	3	7	5	167	167	2	2	1	0
VAL45A	6	6	14	12	260	183.7964219739	4	4	8	5	1	1	1	1	1	1
GLN129A	3	1	12	1	96	1	2	1	5	0	96	1	2	1	4	0
ASN86A	3	1	11	1	167	1	3	1	8	0	4	1	2	1	3	0
GLU168A	2	2	1	1	1	1	1	1	1	1	1	1	1	1	1	1
LYS165A	2	1	1	1	1	1	1	1	1	1	1	1	1	1	1	1
ASP126A	2	1	6	1	1	1	1	1	1	1	167	1	2	1	4	0
ASP105A	1	1	1	1	1	1	1	1	1	1	1	1	1	1	1	1
