Degree	Degree_sidechain	SecondOrderDegree	SecondOrderDegree_sidechain	NodeEdgeBetweennessSTRIDE	NodeEdgeBetweennessSTRIDE_sidechain	IntermodularDegreeSTRIDE	IntermodularDegreeSTRIDE_sidechain	SecondOrderIntermodularDegreeSTRIDE	SecondOrderIntermodularDegreeSTRIDE_sidechain	NodeEdgeBetweennessWALKTRAP	NodeEdgeBetweennessWALKTRAP_sidechain	IntermodularDegreeWALKTRAP	IntermodularDegreeWALKTRAP_sidechain	SecondOrderIntermodularDegreeWALKTRAP	SecondOrderIntermodularDegreeWALKTRAP_sidechain
ASN51A	0.81926006469972	0.0704469953676346	0.46618890600187	-0.347965900170282	0.500525470887843	0.0531735678965061	0.889823504484982	0.440870565270089	0.947661527206242	-0.246437648346819	1.43103394271398	0.451703191833814	2.07790777510596	0.53406795782103	2.39878670359575	0.382770470377661
TYR118A	0.358426278306127	-0.387458474521991	0.46618890600187	-0.347965900170282	-0.169846557893695	-0.49440826017332	0.889823504484982	-0.113773049101958	0.258376633083762	-0.403996144830852	0.179318357249253	-0.332568772854714	1.41905896836505	0.53406795782103	1.60596736935648	0.382770470377661
ARG92A	1.7409276374869	0.986257935146886	0.727165470605787	1.03470614843088	1.32888326441407	0.275658849266982	1.87664198813183	1.55015779401418	0.75072298602839	1.3291473164935	1.51199067212215	0.552826367717608	2.73675658184687	2.07693094708178	1.80417220291629	1.38540058308332
MET14A	0.358426278306127	0.52835246525726	0.857653752907746	1.18833637605323	-0.609644767858652	-0.492908998182471	0.396414262661556	0.440870565270089	0.553784444850539	0.856471827041405	-0.515041283443869	-0.411344631970498	0.760210161624132	0.53406795782103	1.60596736935648	1.71961062065188
CYS77A	0.358426278306127	0.0704469953676346	0.857653752907746	0.112924782696771	-0.6993123640651	-0.670401043000204	-0.0969949791618702	-0.113773049101958	0.258376633083762	0.383796337589309	-0.823299599267273	-0.648391408503954	-1.21633625859861	-1.00879503143972	-0.970695466921161	-0.619859642328003
LEU99A	1.7409276374869	1.90206887492614	1.6405834467195	1.80285728654263	0.81863194314405	0.33656609254386	1.38323274630841	1.55015779401418	1.44000788015087	1.95938130242963	1.13523050833799	0.43090523154301	0.760210161624132	1.30549945245141	0.218533534437748	1.05119054551477
ASN29A	-1.02407508087465	-1.30326941430124	-0.708205634715759	-1.11611703828204	-0.878647556477995	-0.714916889782851	-1.08381346280872	-1.22306027784605	-1.1201931551612	-1.03423013076698	-0.823299599267273	-0.648391408503954	-1.21633625859861	-1.00879503143972	-0.970695466921161	-0.619859642328003
SER73A	-0.102407508087465	-0.845363944411616	-0.447229070111841	-1.11611703828204	-0.302213009436546	-0.694371114344706	-0.0969949791618702	-0.668416663474006	-0.332438990449792	-1.03423013076698	-0.823299599267273	-0.648391408503954	-1.21633625859861	-1.00879503143972	-0.970695466921161	-0.619859642328003
ILE30A	-0.102407508087465	0.0704469953676346	0.205212341397952	0.881075920808525	-0.517842228885384	-0.290304197394526	-0.0969949791618702	-0.113773049101958	-0.13550044927194	0.0686793446212448	-0.222351569429728	0.0829779597679001	0.760210161624132	1.30549945245141	0.614943201557385	1.38540058308332
LEU44A	-0.102407508087465	0.52835246525726	-0.186252505507924	0.112924782696771	-0.782575131971087	-0.540277798558621	-1.08381346280872	-0.668416663474006	-1.1201931551612	-0.719113137798916	-0.748570310582811	-0.530684977479963	-0.557487451857697	-0.237363536809346	-0.772490633361343	-0.619859642328003
PRO117A	-1.02407508087465	-0.845363944411616	-1.23015876392359	-0.655226355414984	-0.891457213078916	-0.714916889782851	-1.08381346280872	-1.22306027784605	-1.02172388457227	-1.03423013076698	-0.823299599267273	-0.648391408503954	-1.21633625859861	-1.00879503143972	-0.970695466921161	-0.619859642328003
VAL116A	-0.102407508087465	0.52835246525726	-0.316740787809883	0.112924782696771	-0.426039689912116	-0.301625259768886	-0.0969949791618702	0.440870565270089	-0.0370311786830148	0.383796337589309	-0.144508560383414	-0.056456062871842	0.101361354883217	0.53406795782103	0.416738367997567	0.382770470377661
LEU25A	1.7409276374869	1.90206887492614	2.03204829362537	1.49559683129793	3.78833733179092	4.46611702542865	1.87664198813183	2.10480140838623	2.12929277427335	1.48670581297753	2.97855296255471	4.46685160882963	0.760210161624132	1.30549945245141	1.80417220291629	1.05119054551477
LEU5A	1.28009385109331	1.90206887492614	2.03204829362537	2.87826887989909	2.09746266046934	3.70801952609452	1.87664198813183	2.65944502275828	2.42470058604013	3.53496626726995	2.26862472005232	4.04090442478387	2.07790777510596	2.84836244171216	2.00237703647611	2.38803069578899
LEU87A	-0.563241294481058	-0.845363944411616	-0.969182199319676	-0.347965900170282	-0.603239939558192	-0.532873564287838	-0.590404220985296	-0.668416663474006	-0.923254613983346	-0.561554641314884	-0.402947350417177	-0.387660556555009	0.101361354883217	-0.237363536809346	-0.177876132681888	0.382770470377661
VAL93A	0.81926006469972	1.44416340503651	0.857653752907746	1.34196660367558	0.00735369175238066	0.544668361298625	-0.0969949791618702	0.440870565270089	-0.430908261038717	-0.0888791518627873	0.864336836856817	0.750806413991872	1.41905896836505	2.07693094708178	1.60596736935648	2.38803069578899
ALA59A	0.81926006469972	0.986257935146886	0.335700623699911	0.881075920808525	-0.374801063508432	0.0136111393853958	1.38323274630841	1.55015779401418	1.14460006838409	1.01403032352544	-0.595998012852036	-0.433809395852762	-0.557487451857697	-0.237363536809346	-0.772490633361343	-0.619859642328003
LEU96A	1.28009385109331	0.52835246525726	1.90156001132342	1.03470614843088	1.12179381603252	0.57195865591215	1.38323274630841	0.440870565270089	1.83388496250657	0.226237841105277	0.854995675771259	1.32960308868187	1.41905896836505	2.07693094708178	1.01135286867702	1.38540058308332
PHE82A	1.28009385109331	0.52835246525726	0.988142035209704	-0.0407054449255803	0.953133337453722	-0.0808623480606254	1.38323274630841	0.995514179642136	0.849192256617316	0.0686793446212448	-0.518155003805722	-0.648391408503954	-0.557487451857697	-1.00879503143972	-0.376080966241707	-0.954069679896557
VAL84A	1.28009385109331	1.90206887492614	0.596677188303828	1.03470614843088	-0.0524247057185845	0.457636468966328	0.396414262661556	0.995514179642136	0.553784444850539	1.3291473164935	0.509372715605625	1.22717100947231	0.101361354883217	0.53406795782103	0.218533534437748	0.382770470377661
GLN15A	-0.102407508087465	-0.387458474521991	0.0747240590959934	-0.501596127792633	-0.270188867934243	-0.397811062094262	-0.590404220985296	-0.668416663474006	-0.233969719860866	-0.719113137798916	0.0827930260318233	-0.194217807871249	0.760210161624132	0.53406795782103	1.40776253579666	0.382770470377661
ILE79A	0.81926006469972	0.52835246525726	1.51009516441754	0.727445693186174	0.833576542511791	-0.132126870606681	0.396414262661556	-0.113773049101958	0.849192256617316	0.226237841105277	0.229137883038894	-0.117767594490956	-0.557487451857697	-0.237363536809346	-0.376080966241707	0.382770470377661
CYS75A	0.81926006469972	0.986257935146886	1.37960688211558	2.26374796940968	-0.285133467301984	-0.147923760386525	0.889823504484982	0.995514179642136	1.14460006838409	1.48670581297753	0.210455560867778	0.0412139613978441	0.760210161624132	1.30549945245141	1.01135286867702	2.38803069578899
VAL76A	1.28009385109331	1.44416340503651	2.16253657592733	2.11011774178733	-0.289403352835625	-0.144771621374335	0.889823504484982	0.995514179642136	1.44000788015087	2.11693979891366	-0.0697792716989523	0.0683661235033061	0.760210161624132	1.30549945245141	0.813148035117203	2.05382065822043
PRO39A	-0.102407508087465	-0.845363944411616	-0.969182199319676	-1.11611703828204	-0.648073737661415	-0.338244340083531	-0.0969949791618702	-0.668416663474006	-0.529377531627643	-1.03423013076698	0.198000679420368	-0.108903599643992	0.760210161624132	-0.237363536809346	0.02032870087793	-0.954069679896557
SER38A	-1.48490886726824	-1.30326941430124	-1.49113532852751	-1.11611703828204	-0.656613508728696	-0.714916889782851	-1.08381346280872	-1.22306027784605	-1.1201931551612	-1.03423013076698	-0.480790359463491	-0.648391408503954	-0.557487451857697	-1.00879503143972	-0.574285799801525	-0.954069679896557
LYS22A	-0.563241294481058	-0.845363944411616	-0.708205634715759	-0.808856583037335	-0.601104996791371	-0.714916889782851	-0.590404220985296	-0.668416663474006	-1.02172388457227	-0.876671634282948	-0.823299599267273	-0.648391408503954	-1.21633625859861	-1.00879503143972	-0.970695466921161	-0.619859642328003
PRO23A	0.81926006469972	0.0704469953676346	0.596677188303828	-0.194335672547931	-0.058829534019045	-0.201272503829233	0.396414262661556	-0.668416663474006	0.356845903672688	-0.719113137798916	0.263388807019272	0.410966470711971	0.760210161624132	-0.237363536809346	0.02032870087793	-0.954069679896557
ALA9A	0.81926006469972	0.0704469953676346	1.11863031751166	0.420185237941472	-0.178386328960975	0.0935871472156682	0.396414262661556	0.440870565270089	0.553784444850539	0.226237841105277	-0.409174791140882	0.00389839675399973	0.760210161624132	-0.237363536809346	0.218533534437748	-0.619859642328003
GLY8A	0.81926006469972	1.44416340503651	0.596677188303828	0.727445693186174	0.23792751056896	0.156874883677555	0.889823504484982	1.55015779401418	0.553784444850539	1.01403032352544	-0.44342571512126	-0.123180655495818	-0.557487451857697	-0.237363536809346	-0.574285799801525	0.0485604328091062
ASN114A	-0.563241294481058	-0.845363944411616	-0.447229070111841	-0.655226355414984	-0.786845017504727	-0.656915280914929	-0.590404220985296	-0.668416663474006	-0.82478534339442	-0.561554641314884	-0.480790359463491	-0.56531882754873	0.101361354883217	-0.237363536809346	-0.376080966241707	-0.619859642328003
GLY113A	-0.102407508087465	0.52835246525726	0.205212341397952	0.727445693186174	-0.613914653392293	-0.525269976673728	-0.0969949791618702	0.440870565270089	-0.13550044927194	0.541354834073341	-0.670727301536497	-0.491146692785195	-0.557487451857697	-0.237363536809346	-0.772490633361343	-0.619859642328003
LEU58A	1.28009385109331	0.986257935146886	1.51009516441754	1.95648751416498	1.96936609446013	1.42571124259006	1.87664198813183	1.55015779401418	2.42470058604013	2.43205679188173	0.605898046823054	0.477176338162967	0.760210161624132	1.30549945245141	1.01135286867702	2.38803069578899
LEU62A	1.28009385109331	1.44416340503651	0.857653752907746	1.34196660367558	4.42455027630334	4.00546600024468	1.38323274630841	1.55015779401418	1.14460006838409	1.3291473164935	2.46167538248718	1.01483377376858	0.760210161624132	0.53406795782103	0.02032870087793	0.382770470377661
PRO64A	0.358426278306127	0.52835246525726	-0.186252505507924	0.573815465563823	0.357484305510891	1.28829621543626	-0.590404220985296	-0.113773049101958	-0.627846802216569	-0.0888791518627873	0.845654514685702	1.98038555103186	-0.557487451857697	-0.237363536809346	-0.574285799801525	-0.285649604759448
ASN74A	-1.02407508087465	-1.30326941430124	-0.316740787809883	-1.11611703828204	-0.656613508728696	-0.714916889782851	-0.590404220985296	-1.22306027784605	-0.0370311786830148	-1.03423013076698	-0.480790359463491	-0.648391408503954	-0.557487451857697	-1.00879503143972	-0.376080966241707	-0.954069679896557
GLN26A	1.28009385109331	1.44416340503651	1.11863031751166	0.881075920808525	0.641431693497975	1.5633279834798	1.38323274630841	1.55015779401418	1.63694642132872	1.17158882000947	-0.0324146273567216	0.244215693427983	1.41905896836505	1.30549945245141	1.60596736935648	1.38540058308332
ALA105A	0.358426278306127	0.52835246525726	-0.316740787809883	0.112924782696771	-0.562676026988608	-0.267968034432402	0.889823504484982	0.995514179642136	0.356845903672688	0.226237841105277	-0.823299599267273	-0.648391408503954	-1.21633625859861	-1.00879503143972	-0.970695466921161	-0.619859642328003
SER104A	-0.563241294481058	-0.387458474521991	-0.186252505507924	-0.194335672547931	-0.481548201849441	-0.315943563121058	-0.0969949791618702	-0.113773049101958	0.0614380919059108	-0.0888791518627873	-0.823299599267273	-0.648391408503954	-1.21633625859861	-1.00879503143972	-0.970695466921161	-0.619859642328003
ILE10A	0.81926006469972	0.0704469953676346	1.11863031751166	0.420185237941472	0.833576542511791	0.354504914525199	0.889823504484982	0.440870565270089	1.14460006838409	0.698913330557373	0.294526010637798	0.220051690072895	0.760210161624132	0.53406795782103	1.60596736935648	1.05119054551477
PHE56A	0.358426278306127	-0.387458474521991	1.37960688211558	0.112924782696771	1.54024259832927	-0.0642432070720042	0.396414262661556	-0.113773049101958	0.75072298602839	0.383796337589309	2.86957274988987	0.28353346802004	2.07790777510596	0.53406795782103	2.39878670359575	0.716980507946215
PRO115A	1.7409276374869	1.44416340503651	0.857653752907746	0.881075920808525	-0.0182656214494615	0.0148546806260581	1.87664198813183	1.55015779401418	1.63694642132872	1.01403032352544	-0.150736001107119	-0.187288410349004	0.760210161624132	0.53406795782103	0.218533534437748	0.382770470377661
ARG41A	-0.102407508087465	0.0704469953676346	0.205212341397952	0.573815465563823	0.368159019344992	0.286689662826705	0.396414262661556	0.440870565270089	0.75072298602839	1.01403032352544	-0.823299599267273	-0.648391408503954	-1.21633625859861	-1.00879503143972	-0.970695466921161	-0.619859642328003
MET57A	0.358426278306127	0.52835246525726	0.46618890600187	-0.0407054449255803	1.50394857129333	1.89926381897108	0.889823504484982	0.995514179642136	0.455315174261613	0.226237841105277	0.901701481199048	1.71270828069362	0.760210161624132	1.30549945245141	0.614943201557385	0.0485604328091062
ILE28A	0.358426278306127	0.52835246525726	0.857653752907746	1.18833637605323	0.257141995470342	-0.098543626638509	-0.0969949791618702	-0.113773049101958	-0.13550044927194	-0.561554641314884	1.30025768751618	0.587526117247959	1.41905896836505	1.30549945245141	1.01135286867702	0.382770470377661
LYS103A	-0.563241294481058	-1.30326941430124	0.205212341397952	-1.11611703828204	1.08763473176339	-0.714916889782851	-0.590404220985296	-1.22306027784605	-0.430908261038717	-1.03423013076698	0.87990543866608	-0.648391408503954	-0.557487451857697	-1.00879503143972	-0.574285799801525	-0.954069679896557
VAL101A	1.7409276374869	2.35997434481576	1.24911859981362	1.80285728654263	0.082076688591087	0.787171175773072	0.396414262661556	0.995514179642136	0.553784444850539	1.3291473164935	1.7517471399848	3.32251368556819	0.760210161624132	1.30549945245141	0.02032870087793	0.382770470377661
ARG43A	0.358426278306127	-0.387458474521991	-0.186252505507924	-0.808856583037335	1.16022278583528	0.759376262296967	0.396414262661556	-0.113773049101958	0.0614380919059108	-0.403996144830852	0.166863475801843	-0.648391408503954	0.101361354883217	-1.00879503143972	-0.177876132681888	-0.954069679896557
ARG91A	0.358426278306127	0.0704469953676346	-0.5777173524138	-0.655226355414984	0.398048218080474	0.30706180063997	0.889823504484982	0.440870565270089	-0.332438990449792	-0.403996144830852	0.0174048984329195	-0.256285330243592	0.760210161624132	-0.237363536809346	-0.376080966241707	-0.619859642328003
LEU53A	0.81926006469972	0.986257935146886	0.596677188303828	0.266555010319121	0.410857874681395	0.0507583304169614	0.396414262661556	0.440870565270089	0.356845903672688	0.226237841105277	1.45282998524695	1.06225790481981	1.41905896836505	2.07693094708178	1.40776253579666	1.38540058308332
SER55A	-0.102407508087465	-0.387458474521991	0.596677188303828	0.112924782696771	-0.035345163584023	0.305523290311671	-0.0969949791618702	-0.668416663474006	0.0614380919059108	-0.246437648346819	0.0454283816895925	0.257969397990181	0.101361354883217	-0.237363536809346	0.416738367997567	0.382770470377661
VAL66A	-0.102407508087465	0.52835246525726	0.46618890600187	0.420185237941472	-0.246704497499221	0.0367160616626105	-0.0969949791618702	0.440870565270089	0.553784444850539	0.856471827041405	0.117043950012202	0.42813199190297	0.760210161624132	1.30549945245141	1.40776253579666	1.71961062065188
VAL94A	1.28009385109331	1.90206887492614	1.37960688211558	1.34196660367558	1.11538898773206	2.44742037973826	0.396414262661556	0.995514179642136	0.455315174261613	0.698913330557373	1.93234292097225	3.13805456922389	1.41905896836505	2.07693094708178	1.60596736935648	2.38803069578899
THR60A	-0.102407508087465	0.0704469953676346	-0.186252505507924	-0.194335672547931	-0.639533966594135	-0.554467605923116	0.396414262661556	0.440870565270089	0.258376633083762	0.226237841105277	-0.5524059277861	-0.494607276238304	0.101361354883217	0.53406795782103	0.02032870087793	0.382770470377661
ALA12A	-0.563241294481058	0.0704469953676346	-0.447229070111841	0.266555010319121	-0.630994195526854	-0.663857041307268	-1.08381346280872	-0.668416663474006	-0.923254613983346	-0.246437648346819	-0.350014104265683	-0.469730083176385	0.760210161624132	1.30549945245141	0.218533534437748	0.382770470377661
MET97A	-0.563241294481058	-0.845363944411616	-0.5777173524138	-1.11611703828204	0.342539706143149	-0.141319594519653	-0.0969949791618702	-0.668416663474006	-0.0370311786830148	-0.876671634282948	-0.029300906994869	0.173141108894942	-0.557487451857697	-0.237363536809346	-0.970695466921161	-0.619859642328003
SER47A	0.81926006469972	0.0704469953676346	1.51009516441754	1.18833637605323	0.244332338869421	0.312236560246714	1.38323274630841	0.440870565270089	1.9323542330955	1.3291473164935	-0.415402231864587	-0.648391408503954	1.41905896836505	-0.237363536809346	2.00237703647611	0.0485604328091062
LYS111A	-0.102407508087465	-1.30326941430124	0.335700623699911	-1.11611703828204	-0.598970054024551	-0.714916889782851	-0.0969949791618702	-1.22306027784605	0.159907362494837	-1.03423013076698	-0.670727301536497	-0.648391408503954	-0.557487451857697	-1.00879503143972	-0.376080966241707	-0.954069679896557
THR86A	-1.02407508087465	-0.387458474521991	-0.838693917017717	-0.347965900170282	-0.656613508728696	-0.490125014884057	-0.590404220985296	-0.113773049101958	-0.529377531627643	-0.0888791518627873	-0.823299599267273	-0.648391408503954	-0.557487451857697	-0.237363536809346	-0.772490633361343	-0.619859642328003
LEU45A	-0.102407508087465	0.52835246525726	-0.186252505507924	0.881075920808525	1.43136051722144	3.01071705633406	0.396414262661556	0.995514179642136	-0.13550044927194	0.383796337589309	1.6925864531096	3.31439176930377	0.101361354883217	0.53406795782103	-0.177876132681888	0.0485604328091062
ASN63A	0.358426278306127	0.52835246525726	0.0747240590959934	-0.347965900170282	-0.101528389355449	0.31113618769646	0.396414262661556	0.995514179642136	-0.0370311786830148	0.0686793446212448	0.328776934618176	0.821169160709814	0.760210161624132	1.30549945245141	0.813148035117203	1.05119054551477
SER54A	-1.02407508087465	-0.845363944411616	-0.969182199319676	-0.962486810659685	0.948863451920081	-0.382893951259111	-0.590404220985296	-0.668416663474006	-0.627846802216569	-0.719113137798916	0.577874563566381	-0.648391408503954	-0.557487451857697	-1.00879503143972	-0.772490633361343	-0.954069679896557
GLY49A	0.81926006469972	1.44416340503651	0.988142035209704	1.80285728654263	0.12050565839385	-0.264668374551914	0.889823504484982	1.55015779401418	1.24306933897302	1.95938130242963	0.254047645933714	0.384475716574046	0.101361354883217	0.53406795782103	1.01135286867702	1.71961062065188
ASP48A	2.2017614238805	1.44416340503651	2.03204829362537	1.49559683129793	3.57911294064255	2.53528658908013	2.37005122995526	1.55015779401418	2.7201083978069	1.17158882000947	4.34547620140798	1.93265345494763	2.73675658184687	1.30549945245141	2.79519637071539	0.382770470377661
LEU50A	-0.563241294481058	-1.30326941430124	-0.0557642232059653	-1.11611703828204	-0.656613508728696	-0.714916889782851	-0.0969949791618702	-1.22306027784605	0.356845903672688	-1.03423013076698	-0.56486080923351	-0.648391408503954	-0.557487451857697	-1.00879503143972	0.02032870087793	-0.954069679896557
GLU120A	-1.48490886726824	-0.845363944411616	-1.36064704622555	-0.808856583037335	-0.656613508728696	-0.612014374967248	-1.08381346280872	-0.668416663474006	-0.923254613983346	-0.561554641314884	-0.480790359463491	-0.501009677904355	-0.557487451857697	-0.237363536809346	-0.574285799801525	-0.619859642328003
ILE112A	1.7409276374869	0.52835246525726	1.90156001132342	1.18833637605323	2.75502503264996	0.351963718265884	1.87664198813183	0.995514179642136	2.42470058604013	1.95938130242963	2.62358884130352	0.438547968398384	0.760210161624132	0.53406795782103	1.20955770223684	1.38540058308332
ILE83A	-0.563241294481058	-0.845363944411616	-0.5777173524138	-1.11611703828204	-0.270188867934243	-0.415318728924898	-0.590404220985296	-0.668416663474006	-0.82478534339442	-0.876671634282948	-0.029300906994869	-0.219293096272939	-0.557487451857697	-0.237363536809346	-0.970695466921161	-0.619859642328003
THR52A	0.358426278306127	0.52835246525726	0.205212341397952	0.573815465563823	-0.485818087383082	-0.488973505568136	0.396414262661556	0.440870565270089	0.356845903672688	0.226237841105277	-0.290853417390484	0.0283344265730149	0.760210161624132	1.30549945245141	1.20955770223684	0.716980507946215
ILE24A	-0.102407508087465	-0.845363944411616	0.0747240590959934	-0.808856583037335	-0.178386328960975	-0.570702678987967	-0.0969949791618702	-0.668416663474006	-0.430908261038717	-0.719113137798916	-0.446539435483113	-0.648391408503954	-0.557487451857697	-1.00879503143972	-0.772490633361343	-0.954069679896557
GLU67A	-1.02407508087465	-0.845363944411616	-0.838693917017717	-1.11611703828204	-0.656613508728696	-0.553706892834086	-1.08381346280872	-0.668416663474006	-0.923254613983346	-0.876671634282948	-0.480790359463491	-0.417499011142811	-0.557487451857697	-0.237363536809346	-0.177876132681888	-0.619859642328003
TYR42A	0.81926006469972	-0.845363944411616	0.0747240590959934	-1.11611703828204	0.240062453335781	-0.499454337032296	0.889823504484982	-0.668416663474006	0.0614380919059108	-0.876671634282948	0.826972192514586	-0.339795997005135	2.07790777510596	-0.237363536809346	1.40776253579666	-0.619859642328003
LEU65A	-1.02407508087465	-0.845363944411616	-0.5777173524138	-0.194335672547931	-0.656613508728696	-0.475874489426077	-1.08381346280872	-0.668416663474006	-0.82478534339442	-0.246437648346819	-0.480790359463491	-0.306023851069667	-0.557487451857697	-0.237363536809346	-0.574285799801525	0.0485604328091062
GLY90A	-0.563241294481058	0.0704469953676346	-0.316740787809883	0.420185237941472	-0.660883394262337	-0.345092931896246	-0.590404220985296	-0.113773049101958	-0.233969719860866	0.226237841105277	-0.487017800187196	-0.118712468895992	0.101361354883217	0.53406795782103	0.614943201557385	0.716980507946215
VAL108A	2.2017614238805	2.81787981470539	0.988142035209704	1.64922705892028	1.74733204671083	2.72280401057411	2.37005122995526	3.21408863713033	1.73541569191765	2.11693979891366	1.05116005856797	1.30051424808749	1.41905896836505	2.07693094708178	1.20955770223684	2.05382065822043
GLN78A	-0.102407508087465	-0.845363944411616	-0.5777173524138	-0.962486810659685	-0.57975556912317	-0.249212646518237	-0.590404220985296	-0.668416663474006	-1.02172388457227	-0.876671634282948	-0.823299599267273	-0.648391408503954	-1.21633625859861	-1.00879503143972	-0.970695466921161	-0.619859642328003
LEU102A	-0.102407508087465	0.0704469953676346	-0.186252505507924	-0.808856583037335	-0.524247057185845	-0.270152204684252	-0.590404220985296	-0.113773049101958	-0.923254613983346	-0.719113137798916	-0.823299599267273	-0.648391408503954	-1.21633625859861	-1.00879503143972	-0.970695466921161	-0.619859642328003
VAL2A	0.358426278306127	0.986257935146886	-0.0557642232059653	0.727445693186174	-0.419634861611656	-0.125937993889369	0.396414262661556	0.995514179642136	0.159907362494837	0.856471827041405	-0.695637064431318	-0.447309588837969	-0.557487451857697	-0.237363536809346	-0.970695466921161	-0.954069679896557
GLY109A	-0.563241294481058	0.0704469953676346	-0.0557642232059653	0.881075920808525	-0.626724309993214	-0.423297289776631	-0.0969949791618702	0.440870565270089	0.258376633083762	1.17158882000947	-0.589770572128331	-0.409514958479106	-0.557487451857697	-0.237363536809346	-0.772490633361343	-0.619859642328003
ASP89A	-0.563241294481058	0.0704469953676346	-0.838693917017717	-0.194335672547931	-0.650208680428236	-0.327971452364458	-1.08381346280872	-0.668416663474006	-0.923254613983346	-0.561554641314884	-0.471449198377933	-0.0941902957659934	-0.557487451857697	-0.237363536809346	-0.574285799801525	-0.619859642328003
HIS80A	-0.563241294481058	-0.387458474521991	-0.969182199319676	-0.962486810659685	-0.417499918844836	-0.050634058811111	-0.590404220985296	-0.668416663474006	-1.1201931551612	-0.876671634282948	-0.823299599267273	-0.648391408503954	-1.21633625859861	-1.00879503143972	-0.970695466921161	-0.619859642328003
PRO40A	-0.563241294481058	0.0704469953676346	-0.5777173524138	-0.347965900170282	-0.208275527696458	-0.372471128933293	-0.590404220985296	-0.113773049101958	-0.529377531627643	-0.246437648346819	0.839427073961996	0.891624223786404	0.760210161624132	1.30549945245141	1.01135286867702	0.716980507946215
GLU7A	-1.02407508087465	-1.30326941430124	-0.708205634715759	-1.11611703828204	-0.803924559639289	-0.714916889782851	-1.08381346280872	-1.22306027784605	-1.02172388457227	-1.03423013076698	-0.695637064431318	-0.648391408503954	-0.557487451857697	-1.00879503143972	-0.970695466921161	-0.954069679896557
ALA107A	-0.102407508087465	0.52835246525726	-0.447229070111841	0.266555010319121	0.124775543927491	0.558800094240172	-0.590404220985296	-0.113773049101958	-0.923254613983346	-0.719113137798916	-0.823299599267273	-0.648391408503954	-1.21633625859861	-1.00879503143972	-0.970695466921161	-0.619859642328003
ALA11A	0.358426278306127	0.0704469953676346	-0.0557642232059653	-0.0407054449255803	-0.810329387939749	-0.584793645341268	-0.590404220985296	-0.668416663474006	-0.430908261038717	-0.719113137798916	-0.611566614661298	-0.420420907899726	0.760210161624132	0.53406795782103	0.813148035117203	0.716980507946215
ASP18A	-0.102407508087465	-0.845363944411616	-0.316740787809883	-0.962486810659685	-0.848758357742513	-0.714916889782851	-0.0969949791618702	-0.668416663474006	-0.13550044927194	-1.03423013076698	-0.823299599267273	-0.648391408503954	-1.21633625859861	-1.00879503143972	-0.970695466921161	-0.619859642328003
GLY17A	0.358426278306127	0.986257935146886	0.46618890600187	0.881075920808525	-0.152767015759133	0.290615562331603	0.889823504484982	1.55015779401418	0.652253715439465	0.856471827041405	-0.580429411042773	-0.52260990571847	-0.557487451857697	-0.237363536809346	0.02032870087793	0.382770470377661
ILE21A	-0.563241294481058	-0.845363944411616	-0.0557642232059653	-0.808856583037335	-0.524247057185845	-0.301485510395589	-0.590404220985296	-0.668416663474006	-0.332438990449792	-0.719113137798916	-0.150736001107119	-0.648391408503954	-0.557487451857697	-1.00879503143972	-0.574285799801525	-0.954069679896557
LEU71A	1.7409276374869	1.44416340503651	1.77107172902146	2.11011774178733	1.50821845682697	0.696203425188296	2.37005122995526	2.10480140838623	2.12929277427335	2.74717378484979	1.98527616712374	1.25987823243733	2.07790777510596	2.07693094708178	1.80417220291629	3.0564507709261
SER6A	-0.563241294481058	-0.387458474521991	-0.316740787809883	-0.501596127792633	-0.562676026988608	-0.300577085113599	-0.0969949791618702	-0.113773049101958	-0.332438990449792	-0.719113137798916	-0.446539435483113	-0.0549548187579961	0.101361354883217	0.53406795782103	-0.376080966241707	-0.619859642328003
ILE13A	1.28009385109331	0.0704469953676346	1.11863031751166	-0.194335672547931	0.338269820609509	-0.221022245950899	0.889823504484982	-0.113773049101958	0.652253715439465	-0.246437648346819	-0.823299599267273	-0.648391408503954	-0.557487451857697	-0.237363536809346	-0.574285799801525	-0.619859642328003
VAL110A	0.358426278306127	0.0704469953676346	-0.0557642232059653	-0.655226355414984	-0.385475777342533	-0.624879191314125	0.396414262661556	-0.113773049101958	0.455315174261613	-0.246437648346819	-0.589770572128331	-0.519435261578829	0.101361354883217	-0.237363536809346	-0.177876132681888	-0.619859642328003
SER72A	0.358426278306127	-0.387458474521991	-0.0557642232059653	-0.501596127792633	-0.656613508728696	-0.708068297970136	0.396414262661556	-0.668416663474006	0.356845903672688	-0.403996144830852	-0.717433106964286	-0.648391408503954	-0.557487451857697	-1.00879503143972	-0.574285799801525	-0.954069679896557
GLN61A	-0.563241294481058	-0.845363944411616	-0.316740787809883	-0.501596127792633	-0.630994195526854	-0.614765309612593	-0.590404220985296	-0.668416663474006	-0.627846802216569	-0.246437648346819	-0.595998012852036	-0.504949693457172	0.101361354883217	-0.237363536809346	-0.376080966241707	-0.619859642328003
GLY3A	-1.02407508087465	-0.387458474521991	-1.23015876392359	-0.501596127792633	-0.891457213078916	-0.714916889782851	-1.57722270463215	-1.22306027784605	-1.31713169633905	-0.876671634282948	-0.823299599267273	-0.648391408503954	-1.21633625859861	-1.00879503143972	-0.970695466921161	-0.619859642328003
GLU100A	-0.102407508087465	-0.845363944411616	0.205212341397952	-0.962486810659685	-0.417499918844836	-0.619006029543236	-1.08381346280872	-0.668416663474006	-1.21866242575012	-0.876671634282948	-0.823299599267273	-0.648391408503954	-1.21633625859861	-1.00879503143972	-0.970695466921161	-0.619859642328003
ASN85A	-1.48490886726824	-1.30326941430124	-1.09967048162163	-1.11611703828204	-0.891457213078916	-0.714916889782851	-1.57722270463215	-1.22306027784605	-1.31713169633905	-0.876671634282948	-0.480790359463491	-0.648391408503954	-0.557487451857697	-1.00879503143972	-0.772490633361343	-0.954069679896557
VAL27A	1.7409276374869	2.35997434481576	0.596677188303828	1.34196660367558	0.793012629942208	1.07805294260961	0.889823504484982	1.55015779401418	0.849192256617316	1.3291473164935	0.914156362646458	0.902903567303929	0.760210161624132	1.30549945245141	0.813148035117203	1.71961062065188
MET46A	-0.102407508087465	0.0704469953676346	0.46618890600187	0.881075920808525	0.504795356421483	0.535063800116641	-0.0969949791618702	0.440870565270089	0.0614380919059108	1.01403032352544	0.141953712907022	-0.0840314521908923	0.101361354883217	-0.237363536809346	-0.376080966241707	0.0485604328091062
GLN4A	-1.02407508087465	-1.30326941430124	-0.969182199319676	-1.11611703828204	-0.564810969755428	-0.714916889782851	-1.08381346280872	-1.22306027784605	-0.726316072805494	-1.03423013076698	-0.346900383903831	-0.648391408503954	-0.557487451857697	-1.00879503143972	-0.177876132681888	-0.954069679896557
THR19A	-0.102407508087465	0.52835246525726	-0.186252505507924	0.420185237941472	-0.34918175030659	-0.15720406412717	-0.0969949791618702	0.440870565270089	-0.233969719860866	0.383796337589309	-0.823299599267273	-0.648391408503954	-1.21633625859861	-1.00879503143972	-0.970695466921161	-0.619859642328003
MET1A	-1.02407508087465	-0.387458474521991	-0.708205634715759	-0.347965900170282	-0.656613508728696	-0.465819932662248	-0.590404220985296	-0.113773049101958	-0.332438990449792	-0.0888791518627873	-0.823299599267273	-0.648391408503954	-1.21633625859861	-1.00879503143972	-0.970695466921161	-0.619859642328003
ARG81A	-1.48490886726824	-1.30326941430124	-1.75211189313143	-1.11611703828204	-0.656613508728696	-0.714916889782851	-1.08381346280872	-1.22306027784605	-1.21866242575012	-1.03423013076698	-0.480790359463491	-0.648391408503954	-0.557487451857697	-1.00879503143972	-0.970695466921161	-0.954069679896557
GLU98A	-1.02407508087465	-0.845363944411616	-1.09967048162163	-1.11611703828204	-0.191195985561896	-0.338244340083531	-0.590404220985296	-0.668416663474006	-0.726316072805494	-1.03423013076698	-0.480790359463491	-0.108903599643992	-0.557487451857697	-0.237363536809346	-0.970695466921161	-0.954069679896557
GLN70A	-1.02407508087465	-0.845363944411616	-0.838693917017717	-0.962486810659685	-0.221085184297379	-0.493124409811158	-0.590404220985296	-0.668416663474006	-0.923254613983346	-0.876671634282948	0.154408594354432	-0.330729983117209	0.101361354883217	-0.237363536809346	-0.376080966241707	-0.619859642328003
GLU68A	-1.02407508087465	-0.387458474521991	-1.23015876392359	-0.501596127792633	-0.671558108096437	-0.584006891399726	-1.08381346280872	-0.668416663474006	-1.21866242575012	-0.876671634282948	-0.502586401996459	-0.460896067412735	-0.557487451857697	-0.237363536809346	-0.772490633361343	-0.619859642328003
ILE33A	-0.563241294481058	-0.387458474521991	-0.838693917017717	-0.347965900170282	-0.191195985561896	-0.151350997437059	-0.0969949791618702	-0.113773049101958	-0.430908261038717	-0.0888791518627873	-0.144508560383414	0.158773670694247	0.101361354883217	0.53406795782103	-0.177876132681888	0.0485604328091062
LYS16A	-0.563241294481058	-0.845363944411616	-0.708205634715759	-0.808856583037335	-0.675827993630078	-0.714916889782851	-0.590404220985296	-1.22306027784605	-0.627846802216569	-1.03423013076698	-0.823299599267273	-0.648391408503954	-1.21633625859861	-1.00879503143972	-0.970695466921161	-0.619859642328003
ARG31A	-1.48490886726824	-1.30326941430124	-1.88260017543339	-1.11611703828204	-0.891457213078916	-0.714916889782851	-1.57722270463215	-1.22306027784605	-1.31713169633905	-0.876671634282948	-0.82018587890542	-0.648391408503954	-0.557487451857697	-1.00879503143972	-0.970695466921161	-0.954069679896557
PRO32A	-1.48490886726824	-0.845363944411616	-1.88260017543339	-1.11611703828204	-0.891457213078916	-0.714916889782851	-1.57722270463215	-1.22306027784605	-1.31713169633905	-0.876671634282948	-0.82018587890542	-0.643486973877955	-0.557487451857697	-0.237363536809346	-0.970695466921161	-0.954069679896557
ILE95A	-1.02407508087465	-1.30326941430124	-0.447229070111841	-1.11611703828204	-0.891457213078916	-0.714916889782851	-1.57722270463215	-1.22306027784605	-1.31713169633905	-0.876671634282948	-0.823299599267273	-0.648391408503954	-0.557487451857697	-1.00879503143972	-0.376080966241707	-0.954069679896557
THR34A	-1.48490886726824	-0.845363944411616	-1.62162361082947	-0.808856583037335	-0.656613508728696	-0.338244340083531	-1.08381346280872	-0.668416663474006	-1.1201931551612	-0.719113137798916	-0.823299599267273	-0.648391408503954	-1.21633625859861	-1.00879503143972	-0.970695466921161	-0.619859642328003
GLU106A	-1.48490886726824	-1.30326941430124	-1.49113532852751	-1.11611703828204	-0.891457213078916	-0.714916889782851	-1.57722270463215	-1.22306027784605	-1.31713169633905	-0.876671634282948	-0.823299599267273	-0.648391408503954	-1.21633625859861	-1.00879503143972	-0.970695466921161	-0.619859642328003
ASN20A	-1.94574265366183	-1.30326941430124	-1.88260017543339	-1.11611703828204	-0.891457213078916	-0.714916889782851	-1.57722270463215	-1.22306027784605	-1.31713169633905	-0.876671634282948	-0.823299599267273	-0.648391408503954	-1.21633625859861	-1.00879503143972	-0.970695466921161	-0.619859642328003
GLU69A	-1.94574265366183	-1.30326941430124	-1.88260017543339	-1.11611703828204	-0.891457213078916	-0.714916889782851	-1.57722270463215	-1.22306027784605	-1.31713169633905	-0.876671634282948	-0.823299599267273	-0.648391408503954	-1.21633625859861	-1.00879503143972	-0.970695466921161	-0.619859642328003
LYS88A	-1.94574265366183	-1.30326941430124	-1.88260017543339	-1.11611703828204	-0.891457213078916	-0.714916889782851	-1.57722270463215	-1.22306027784605	-1.31713169633905	-0.876671634282948	-0.823299599267273	-0.648391408503954	-1.21633625859861	-1.00879503143972	-0.970695466921161	-0.619859642328003
ASN119A	-1.94574265366183	-1.30326941430124	-1.88260017543339	-1.11611703828204	-0.891457213078916	-0.714916889782851	-1.57722270463215	-1.22306027784605	-1.31713169633905	-0.876671634282948	-0.823299599267273	-0.648391408503954	-1.21633625859861	-1.00879503143972	-0.970695466921161	-0.619859642328003
