Degree	Degree_sidechain	SecondOrderDegree	SecondOrderDegree_sidechain	NodeEdgeBetweennessSTRIDE	NodeEdgeBetweennessSTRIDE_sidechain	IntermodularDegreeSTRIDE	IntermodularDegreeSTRIDE_sidechain	SecondOrderIntermodularDegreeSTRIDE	SecondOrderIntermodularDegreeSTRIDE_sidechain	NodeEdgeBetweennessWALKTRAP	NodeEdgeBetweennessWALKTRAP_sidechain	IntermodularDegreeWALKTRAP	IntermodularDegreeWALKTRAP_sidechain	SecondOrderIntermodularDegreeWALKTRAP	SecondOrderIntermodularDegreeWALKTRAP_sidechain
ARG213D	11	8	20	12	8229	908	11	8	27	10	1	1	1	1	1	1
PRO98D	5	5	16	10	2603	2491	4	4	17	10	1	1	1	1	1	1
CYS176B	8	6	25	16	87995	53339.8930790192	8	6	32	18	34763	9654.04334055839	3	3	9	5
HIS179B	7	5	23	12	72113	475.105149008263	7	5	34	18	71934	417.282544216414	5	3	9	4
ARG282C	9	7	27	14	104033	55163.3735209823	7	6	31	17	52557	9829.83798979268	2	2	6	4
THR118C	9	7	28	20	203919	94594.7460718597	9	7	32	23	142011	62846.6982192071	7	5	10	8
CYS242A	6	5	15	9	1131	563.507683537602	4	4	20	13	1	1	1	1	1	1
HIS179A	7	5	21	11	12023	1368.79376536457	7	5	30	17	1	1	1	1	1	1
TRP146C	8	3	24	4	9777	5106.093026227	6	3	21	4	5756	5106.093026227	3	3	3	2
VAL147C	7	6	22	11	5579	3111	6	5	25	9	1	1	1	1	1	1
ALA276C	5	3	15	8	772	10.8754691366894	4	2	15	4	133	1	2	1	3	0
PRO278C	8	6	26	18	6016	4204.9346243061	7	5	27	11	3405	3171.9346243061	3	3	4	3
PRO128A	5	5	13	8	2465	2465	4	4	15	8	1	1	1	1	1	1
TYR126A	7	2	23	3	8485	475	6	2	22	2	1	1	2	1	3	0
THR253D	7	7	27	15	17219	8346.3110435423	5	5	23	12	353	177	3	3	3	2
TYR236D	10	3	36	8	11757	269.532038586852	10	3	50	7	1	1	1	1	1	1
ASN235C	5	5	15	9	11287	9937.36483498197	4	4	10	4	1	1	2	2	4	3
GLU198C	5	3	15	7	6841	2069.37611644542	4	3	8	5	1315	719.740951427383	2	2	4	3
VAL203D	8	8	23	19	3549	2370.05346484261	7	7	30	21	1475	381.665079003808	2	2	5	5
VAL218D	8	8	23	19	9170	5461.21386506495	6	6	27	20	10912	7087.50318430063	6	6	10	10
ASP207D	4	4	11	11	757	137.268344395279	3	3	9	9	1	1	1	1	1	1
LEU206D	6	5	18	8	1061	108.504759715645	5	4	15	7	1	1	2	2	3	3
GLY105A	7	7	22	17	14741	14494.8500192166	6	6	24	17	1	1	1	1	1	1
SER241B	3	3	9	8	761	428.149980783432	3	3	9	7	1	1	1	1	1	1
PRO151D	7	5	17	6	6639	4809.76213113395	7	5	21	6	1	1	1	1	1	1
THR150D	2	2	6	4	761	260.737868866048	2	2	6	4	1	1	1	1	1	1
ARG213A	8	5	21	8	227111	18280.5292429806	8	5	20	6	4764	3333.5292429806	4	4	5	3
THR211A	6	5	15	8	110176	110176	3	2	10	4	1	1	1	1	1	1
THR253A	7	7	28	16	919	414.075646571389	5	5	23	14	1	1	1	1	1	1
TYR236A	9	4	33	12	41535	1145.73777596553	9	4	41	11	1	1	1	1	1	1
TYR205D	8	4	28	16	5883	506.650721200626	8	4	34	14	1	1	1	1	1	1
VAL216D	8	8	24	21	26773	23825.2284091115	6	6	27	20	635	318	2	2	3	3
CYS141B	10	7	28	15	11955	11103.1340904505	5	4	22	9	4987	2777	3	2	6	0
TYR234B	6	2	22	5	7158	177.679027833001	5	2	17	3	3369	1	4	1	6	0
GLY112D	5	5	19	13	14556	13143.6374699042	4	4	13	7	7607	7607	2	2	3	1
PHE113D	6	3	13	5	16629	7548	5	3	16	4	16502	7421	4	2	5	0
CYS124A	9	6	22	16	9788	6631.15650602221	6	4	15	8	11557	7616.41602200939	4	3	11	5
CYS141A	8	5	24	11	18262	13557.0778911471	4	4	18	9	2091	2091	2	2	4	2
GLU198B	5	3	16	7	1101	495.301848092465	4	3	9	5	915	495.301848092465	3	3	5	5
VAL197B	10	8	31	21	5145	4061.66568369556	8	6	34	15	2045	1382.35440305016	3	3	5	4
CYS135B	7	6	28	18	3073	588.32446010622	7	6	36	18	1	1	1	1	1	1
LEU252C	5	5	14	11	2653	2456	4	4	10	6	1	1	1	1	1	1
LYS164C	3	1	8	1	761	1	3	1	7	0	1	1	1	1	1	1
GLY244B	5	5	14	12	908	383.008737628424	4	4	12	10	1	1	1	1	1	1
GLY245B	6	6	20	15	17430	13237.0384725603	4	4	16	13	1	1	1	1	1	1
ARG196D	9	7	26	14	7422	3884.9511427276	8	7	29	16	1	1	1	1	1	1
ASP184D	5	4	15	8	761	161.769964412342	4	3	19	10	1	1	1	1	1	1
ASP259A	8	7	19	10	49788	11469.6735623853	5	4	22	12	1	1	1	1	1	1
LEU265A	9	7	31	18	75132	64080.2047379589	7	6	32	17	1	1	1	1	1	1
GLY187A	4	4	11	9	172	93.5943496514727	3	3	10	7	1	1	2	2	2	0
LEU188A	8	5	23	15	4597	2114.93539191775	6	5	17	13	2016	1818.02974156922	3	3	3	1
ALA161D	6	6	19	16	64042	27776.7303444969	4	4	16	15	1	1	1	1	1	1
ILE162D	6	2	22	3	16201	1498.26639820993	5	2	21	3	5749	1498.26639820993	2	2	2	1
ALA189A	6	6	20	15	10032	5843.58639764844	4	4	15	10	1	1	1	1	1	1
TYR205A	8	4	31	17	27495	338.737294422026	8	4	36	15	1	1	1	1	1	1
THR253C	8	8	30	19	3038	1226.85582547246	6	6	26	16	1	1	1	1	1	1
VAL272C	8	8	26	24	1309	1035.87737655705	5	5	21	15	30	30	2	2	3	1
TRP146D	8	3	23	3	1571	890.584455975807	6	3	22	2	1023	890.584455975807	3	3	3	2
VAL147D	6	5	18	7	173	173	5	4	18	4	1	1	1	1	1	1
ARG249A	7	6	19	10	16939	11214.2008423555	7	6	21	11	1315	629.664759431861	2	2	1	1
TYR163A	4	3	16	9	16871	1695.07064621166	4	3	18	9	1	1	1	1	1	1
ARG267C	8	5	14	5	1691	1510.08870523091	5	4	6	1	391	10.8543915774789	4	3	5	2
LEU264C	5	4	17	11	5269	3306.98461690845	3	2	5	2	16	6.14560842252106	2	2	3	2
ARG175B	7	6	21	14	72885	69600.3260854166	7	6	31	16	44213	40928.3260854166	5	4	17	8
CYS238B	10	6	32	14	71691	27062.9906258719	9	5	49	18	39111	26941.8132306637	6	4	15	7
ASN235A	5	5	12	8	2811	2271.34094521686	4	4	9	5	1	1	1	1	1	1
LYS139A	4	2	10	2	2311	195.9046050877	4	2	10	2	1	1	1	1	1	1
THR140B	7	5	17	10	1667	967.265517779196	5	3	11	3	1732	990.637255376818	4	4	6	6
PRO151C	9	7	21	9	10663	4585.60557112961	9	7	32	10	1	1	1	1	1	1
TYR220C	6	2	26	5	2239	1	6	2	33	4	1	1	1	1	1	1
MET169C	6	2	15	1	1517	1	4	1	13	0	1	1	1	1	1	1
VAL97C	8	7	15	11	873	554	4	4	11	4	1521	761	3	2	2	0
ALA189D	6	6	16	13	4897	2944.91484636423	4	4	17	11	1	1	1	1	1	1
ASP186D	5	4	13	7	2658	2123.73320477034	4	3	13	5	1	1	1	1	1	1
ASN268A	6	4	22	11	24311	23133	5	3	19	4	36373	36373	5	4	14	4
PHE109A	8	3	32	10	12824	310	7	2	30	1	12326	310	4	2	9	0
ARG283D	4	3	11	5	596	321.429544534953	3	3	7	4	1	1	1	1	1	1
THR118D	6	4	16	8	5239	2406.01196575083	6	4	14	9	1	1	1	1	1	1
ARG175A	7	7	20	15	14725	13522.314621165	7	7	31	17	1	1	1	1	1	1
CYS238A	10	6	31	13	7409	2256.94751865703	9	5	48	18	1	1	1	1	1	1
ASP184A	6	4	15	8	821	118.667722598228	4	2	18	5	1	1	1	1	1	1
MET237A	8	4	25	9	4853	1109.0916933064	7	4	29	8	1	1	1	1	1	1
ARG181D	3	3	6	4	2	1.72917194780493	2	2	3	3	1	1	1	1	1	1
HIS178D	5	3	10	4	3034	222.596170520889	3	2	9	3	1	1	1	1	1	1
CYS238C	10	6	33	13	13143	4609.25651551243	9	5	44	17	1	1	1	1	1	1
LEU137C	6	5	22	10	25957	12514	5	4	23	7	1	1	1	1	1	1
GLN100C	7	5	20	11	6458	1584.84149845772	5	4	15	6	1	1	1	1	1	1
SER99C	3	3	12	8	822	181.911294769087	2	2	4	3	1	1	1	1	1	1
HIS273B	6	4	20	7	2082	1648.01659516032	4	4	10	8	1221	787.01659516032	2	2	2	2
SER240B	4	3	17	11	3191	2309.98340483968	4	3	18	10	3096	2309.98340483968	3	3	3	2
ILE254C	6	4	24	11	17773	13346	4	3	12	3	1	1	1	1	1	1
ARG213C	7	5	19	10	7073	1236.16843426007	7	5	19	7	1	1	1	1	1	1
THR211C	6	5	13	7	3029	3029	3	2	9	4	1	1	1	1	1	1
CYS229A	7	5	21	13	10165	2798.73389304656	7	5	25	13	5379	2279.21982987598	3	3	8	6
GLU224A	4	4	12	10	5061	3004.74452694139	4	4	12	9	2462	1453.34784262817	2	2	2	2
ARG248B	4	3	10	2	2141	2125	4	3	9	0	1	1	1	1	1	1
TYR103A	7	2	16	1	1716	1	5	1	16	0	2286	1312.23960492268	3	2	4	1
VAL216A	8	8	24	21	27297	26608.5484477351	6	6	30	23	1	1	1	1	1	1
VAL217A	6	6	20	18	118477	103499.227372358	4	4	16	12	1	1	1	1	1	1
ARG158D	9	6	25	13	26102	9443.80593064679	6	5	20	11	12961	6635.93645005306	4	4	6	6
VAL217D	7	7	23	20	8074	7044.10673297808	5	5	19	13	9062	6405.8174137424	5	5	12	11
GLY279D	7	7	20	16	5007	3097.07358026101	3	3	9	6	1	1	1	1	1	1
VAL122D	8	6	19	14	7953	6645.92641973899	5	4	15	6	4736	4736	3	3	5	1
CYS176D	7	6	19	12	33167	13039.1364868248	7	6	26	14	1552	422.133794369499	2	2	4	3
PRO177D	4	4	10	9	761	650.322722438303	3	3	8	7	1	1	1	1	1	1
HIS233C	4	4	13	10	765	183.445755239201	2	2	3	2	783	192.945755239201	4	4	9	6
THR140C	6	5	17	12	2079	1177.81329333342	4	3	7	3	2079	1177.81329333342	5	4	9	7
ASN268C	6	4	20	10	6675	1058	5	3	18	4	5270	1058	4	3	6	1
PHE109C	7	3	30	11	2039	633	6	2	26	2	1595	633	3	2	7	0
MET133C	6	6	20	16	1321	1124.04023639997	6	6	23	17	387	190.040236399966	5	5	16	10
PHE113C	5	3	15	5	38678	37744	4	3	16	4	36255	2182	3	2	6	1
ARG110D	6	4	16	10	1705	620.65181240097	6	4	22	10	1	1	1	1	1	1
ASP148D	4	3	12	8	761	114.985721699217	4	3	16	9	1	1	1	1	1	1
ALA138D	4	4	15	10	664	394.052794117126	3	3	9	5	761	441.996247384769	4	4	6	5
LYS139D	5	2	15	3	2155	303.1209360078	4	2	11	3	1427	303.1209360078	3	2	6	1
GLN144B	9	6	26	9	17228	3491.88625130054	6	5	20	9	1	1	1	1	1	1
GLY112B	5	5	19	15	23487	21013.811239776	4	4	15	8	1	1	1	1	1	1
ASP148B	5	3	14	8	760	204.885124911913	4	3	19	10	1	1	1	1	1	1
VAL147B	9	7	25	11	269	233.5	8	6	34	8	1	1	1	1	1	1
LEU252A	5	4	11	5	1509	1249.5	4	3	10	3	1	1	1	1	1	1
LYS164A	4	2	11	3	2787	1214.75245068217	4	2	11	3	1	1	1	1	1	1
PHE270D	7	4	25	11	16027	4415.15691787085	7	4	29	9	7770	1	4	1	7	0
GLN104B	4	3	13	8	809	457.05794229615	3	3	12	10	1	1	1	1	1	1
GLY105B	7	7	17	14	2315	2315	6	6	18	10	1555	1555	2	2	3	0
ILE251C	6	5	23	18	1081	411.622623442946	5	5	19	16	1	1	1	1	1	1
LEU194C	7	7	28	23	1145	734.524035267067	7	7	31	21	1	1	1	1	1	1
LEU257B	7	5	26	15	7481	2371.0977073073	6	5	30	16	1	1	1	1	1	1
VAL157B	10	8	30	21	11651	6001.46529001378	8	6	32	14	5737	694	4	3	10	2
MET133A	6	4	22	8	15449	11728.7656028306	6	4	22	6	10960	7239.76560283065	5	3	9	3
GLU221D	4	3	7	2	3651	1495.5	3	2	5	2	2990	1495.5	2	2	2	2
PRO222D	5	2	14	2	1	1	2	1	3	0	1083	1	2	1	2	0
CYS124C	6	5	23	18	172	129.977014224435	5	4	16	12	761	718.977014224435	5	4	12	7
THR125C	9	7	34	24	4122	2886.75150848465	7	6	27	19	590	1	2	1	4	0
PRO152B	5	3	14	5	2693	2579.73131847617	4	3	16	5	1	1	1	1	1	1
PRO153B	3	2	5	3	1	1	1	1	1	1	7	1	2	1	2	0
ASP186C	4	4	8	7	3031	2797.45256121651	3	3	6	5	1	1	1	1	1	1
LEU188C	6	3	13	7	763	2.87814497526037	4	3	8	6	1	1	1	1	1	1
GLY266A	8	8	27	18	9494	9494	6	6	20	8	9452	9452	3	3	5	3
ARG202B	3	3	4	3	923	412.083393802139	3	3	3	2	923	412.083393802139	3	3	2	2
PRO219B	3	3	8	8	838	469.416606197861	2	2	2	2	838	469.416606197861	2	2	2	2
PHE134A	5	4	19	10	123	75.4828979006665	4	3	15	7	1	1	1	1	1	1
THR125A	9	9	30	26	8458	4800.68884984513	7	7	22	18	12514	4099.2650639335	4	4	9	8
CYS141D	10	7	30	15	9427	7488.00603761642	5	4	26	8	1	1	1	1	1	1
THR140D	6	5	16	10	2239	1826.48372352363	4	3	7	2	1	1	1	1	1	1
GLU258B	5	2	21	5	7249	85.3124719372215	5	2	22	4	7249	85.3124719372215	5	2	12	2
THR155B	9	8	25	16	3973	1678.9022926927	9	8	34	18	1509	1	3	2	6	1
ASN263B	4	3	6	4	761	253.856467459851	4	3	4	1	1	1	1	1	1	1
ASP259B	6	5	12	3	3784	507.143532540149	3	2	8	2	3025	1	2	1	2	0
ARG181B	7	6	15	11	84897	57860.1380084443	6	5	17	8	1	1	1	1	1	1
SER261A	6	2	12	5	1	1	3	2	10	4	1	1	1	1	1	1
ASP207A	5	5	13	13	1988	334.072123141498	4	4	12	10	1	1	2	2	3	1
HIS193A	7	7	21	16	9931	7784.01128015495	6	6	24	17	1	1	1	1	1	1
ASP259D	6	5	11	4	126	17.9098538396261	3	2	6	1	126	17.9098538396261	3	2	3	1
SER260D	4	2	8	1	761	1	2	1	1	0	1	1	1	1	1	1
PRO190B	5	4	16	11	15787	15787	2	2	7	3	1	1	1	1	1	1
PRO191B	4	3	10	5	28673	1	2	1	6	0	1	1	1	1	1	1
HIS193B	7	7	17	12	11847	11369.8140893446	6	6	20	13	1	1	1	1	1	1
HIS214B	5	5	10	8	2479	1195.34958206487	5	5	9	8	1	1	1	1	1	1
CYS242C	7	5	17	8	211	105.53194069697	4	4	20	12	1	1	1	1	1	1
HIS179C	6	4	21	9	5211	853.86435677374	6	4	28	12	1	1	1	1	1	1
LEU145B	7	7	29	22	980	492	6	6	28	16	1	1	1	1	1	1
ASN239B	6	2	24	2	29211	8833.57162309505	5	2	25	2	12289	1	3	1	3	0
MET246B	9	5	23	12	5925	3563.75465046163	8	5	32	12	992	882.754650461632	4	3	11	7
ASN200B	5	2	15	7	2005	716.927143666287	4	2	14	5	1377	716.927143666287	2	2	4	4
VAL218B	8	8	23	19	15180	10792.4628675675	6	6	27	20	25716	18325.798539252	5	5	7	7
GLU271A	5	4	15	6	4996	1089.86149347075	4	4	10	7	3463	770.613944152914	2	2	1	1
LYS132A	4	3	11	4	5443	4104.8797552757	3	3	6	5	3463	2693.38605584709	2	2	1	1
ARG156D	7	5	24	11	1371	724.536112342337	5	4	18	7	1022	375.536112342337	3	3	5	5
GLU204D	4	2	13	4	761	3.20979387440453	4	2	14	3	7	3.20979387440453	2	2	2	2
ARG202C	3	3	4	3	1333	572.396263415769	3	3	3	2	1333	572.396263415769	3	3	4	3
PRO219C	3	3	6	6	1031	610.603736584232	2	2	2	2	1031	610.603736584232	2	2	2	2
GLN100B	4	2	12	5	1007	239.703216842549	3	2	7	4	1	1	1	1	1	1
ILE254B	7	4	22	5	869	585.285953491186	4	4	8	3	1	1	1	1	1	1
ARG202A	4	4	4	3	3599	2077.50445768225	4	4	4	2	761	761	2	2	1	0
PRO219A	3	3	9	9	2171	1188.49554231775	2	2	3	3	1	1	1	1	1	1
ARG280B	4	3	10	3	689	226.107684949651	2	2	4	2	1	1	1	1	1	1
CYS277B	7	3	16	2	3615	1222.89231505035	5	3	13	1	1	1	1	1	1	1
ARG158A	8	5	24	11	161588	79140.7788253559	6	5	20	11	35316	27618.5436181126	2	2	2	1
GLY154A	4	4	12	10	1623	1623	3	3	11	8	1	1	1	1	1	1
SER260A	6	3	14	6	87547	18815.1670973147	4	2	10	4	43750	1	2	1	3	0
PRO142B	7	5	20	12	1549	280.429775290463	4	3	7	6	2276	2252.62826240238	4	4	6	5
PRO151A	7	5	18	5	4867	2739.86307439449	7	5	24	5	1	1	1	1	1	1
TYR220A	6	3	25	6	2885	126.688870485444	6	3	30	7	1712	1	2	1	2	0
TYR107A	7	3	29	6	2682	350.17604699283	6	3	26	6	1	1	1	1	1	1
MET169D	4	2	11	4	760	250.118129962835	3	2	13	2	1	1	1	1	1	1
ARG249D	7	6	20	11	176067	71855.9613426033	7	6	22	13	142044	47255.9613426033	5	4	6	5
HIS168D	4	3	10	6	761	386.749108720153	3	3	7	6	761	386.749108720153	3	3	5	4
ALA276A	5	3	13	6	262	1	3	1	11	0	767	363.257614374427	4	3	6	3
PRO278A	8	6	23	15	3619	2421	7	5	24	6	1665	1665	4	4	5	2
ARG156C	6	4	18	5	2279	998.884873852076	5	4	18	5	2277	996.884873852076	3	3	4	4
GLU204C	4	2	14	3	761	250.917336346702	4	2	15	3	761	250.917336346702	2	2	2	2
MET169B	6	3	14	4	13341	7020	5	3	14	3	1	1	1	1	1	1
TYR163B	5	3	20	9	10495	537.608440679758	5	3	21	9	5546	537.608440679758	3	3	6	5
CYS176A	7	6	19	10	7689	3856.08544055688	7	6	23	13	1	1	1	1	1	1
LEU257D	6	4	23	13	3154	1025.95734363356	5	4	23	15	1	1	1	1	1	1
THR256D	5	5	17	16	15228	11603.536746327	4	4	11	10	1	1	1	1	1	1
GLU258D	6	3	23	8	6689	978.329887123436	6	3	21	6	2930	378.199367717174	2	2	2	2
LEU257A	5	4	22	12	17623	9976.5	5	4	25	13	13153	7741.5	4	3	7	3
CYS238D	10	6	31	14	3999	1704.04018078555	9	5	50	17	2384	1337.04018078555	5	4	9	4
VAL274D	11	10	34	29	21199	11653.1872794043	9	8	46	24	18680	9347.79690637417	6	5	11	4
PRO152C	5	4	15	11	1525	1517.17061770015	4	4	20	14	1	1	1	1	1	1
PRO128D	5	5	12	9	1529	1529	4	4	14	8	1	1	1	1	1	1
TYR126D	6	2	17	3	3813	1227	5	2	16	2	1	1	1	1	1	1
ARG156A	8	6	26	11	18444	8440.42185986515	7	6	31	16	11346	4891.42185986515	4	3	7	4
GLU204A	6	4	23	13	124917	30372.4641827431	6	4	28	16	555	212.512035395779	2	2	3	3
ARG196B	9	7	26	14	9843	6878.02998129148	8	7	29	16	6383	5672.62597322383	3	3	8	6
VAL217C	6	6	22	19	7283	5974.54725562125	4	4	15	12	6424	4530.05757083805	4	4	8	7
ILE255D	7	4	29	13	4984	202.13058118672	5	2	21	3	353	177	2	2	2	2
PHE109D	7	3	29	10	7438	3776	6	2	24	1	1	1	1	1	1	1
MET246D	9	5	26	14	30359	15175.624529079	8	5	34	14	139	132.624529078999	5	3	8	4
SER240D	4	3	17	11	27425	10566.906327239	4	3	18	10	13578	10566.906327239	3	3	8	5
ALA189B	6	6	16	13	5142	3181.79052407392	4	4	17	11	1	1	1	1	1	1
ASP186B	5	4	13	7	2872	2186.63509076759	4	3	13	5	1	1	1	1	1	1
MET237B	8	4	24	9	3761	513.670782797305	7	4	29	11	2094	209.185963702251	5	3	14	6
GLU171B	3	2	9	5	760	251.88071264205	2	2	6	5	760	251.88071264205	2	2	3	3
THR170B	5	4	12	7	760	380.5	3	2	8	2	1	1	1	1	1	1
TYR234D	6	2	22	5	7016	171.95892013527	5	2	17	3	1227	171.95892013527	2	2	3	3
VAL143D	6	6	24	17	850	811.5	4	4	16	10	53	27	3	3	5	4
SER261D	4	1	8	1	1	1	1	1	1	1	1	1	1	1	1	1
HIS178B	9	6	25	14	127171	35746.0056767526	7	5	30	13	1	1	1	1	1	1
GLY108D	9	8	23	11	2324	2138.36246589981	8	7	31	12	1	1	1	1	1	1
ASP281D	6	3	15	6	3046	4.12230536005117	3	2	7	4	1	1	1	1	1	1
CYS275D	7	7	20	16	762	426.136802495533	5	5	19	15	69	30.2030936258312	2	2	5	4
PRO128C	7	5	20	10	3597	2283	6	4	21	8	1315	1	3	1	3	0
TYR126C	6	2	20	3	91543	9953	5	2	17	2	1	1	1	1	1	1
MET160D	6	3	20	10	12382	12382	4	3	17	9	43	1	2	1	3	0
MET160B	7	3	20	7	1002	897	5	3	18	6	1	1	1	1	1	1
SER215B	6	3	20	7	18101	4320.4009368502	5	3	17	6	1	1	1	1	1	1
VAL157C	9	8	29	21	9847	3937.98328310658	7	6	27	15	3418	79	4	3	10	1
ILE195D	5	4	21	11	51257	19492.0744559764	5	4	21	9	1	1	1	1	1	1
TRP146A	8	4	24	8	24358	3759.56705152557	6	3	23	5	17688	5821.68555333884	4	4	8	5
CYS242D	6	5	18	9	693	495.823151924802	5	4	24	13	692	495.323151924802	2	2	4	3
GLY245D	7	7	19	16	36541	26483.7550785797	5	5	18	15	1	1	1	1	1	1
PRO151B	7	5	21	7	7659	5424.5	7	5	26	6	1	1	1	1	1	1
ILE251B	3	3	11	8	761	381	3	3	12	9	761	381	2	2	4	4
ARG267B	5	4	12	7	1299	1169.50583368311	3	3	3	1	2029	906	3	2	4	2
SER99B	5	4	11	4	704	130.49416631689	3	2	5	2	1	1	1	1	1	1
ILE255C	9	5	33	15	8811	108.197044560931	6	3	26	6	16733	1	5	1	10	0
TYR234C	8	4	32	11	4559	105.936606263425	6	3	25	6	624	1	3	2	6	1
ASN235D	5	5	12	8	778	758.196586271098	4	4	9	5	1	1	1	1	1	1
ARG282B	8	7	22	14	6629	2579.71336225036	7	6	28	16	1	1	1	1	1	1
TYR126B	7	2	20	3	2971	53	6	2	20	2	1359	1	2	1	3	0
MET160C	5	2	15	3	123	123	3	2	7	2	1	1	1	1	1	1
SER215C	6	3	19	6	949	378.900282874797	5	3	15	5	1	1	1	1	1	1
PRO278B	10	8	30	22	27721	18953	9	7	36	14	1	1	1	1	1	1
ASN200D	5	2	15	7	2219	766.163574855912	4	2	14	5	1484	766.163574855912	2	2	5	5
GLN192A	4	3	12	7	1	1	2	1	4	0	1	1	1	1	1	1
PRO191A	5	3	14	7	7125	1	3	1	8	0	1	1	1	1	1	1
ASN263A	6	5	13	10	2277	493.993394575794	6	5	19	12	1	1	1	1	1	1
GLU198A	5	3	15	7	6135	1378.39672965478	4	3	15	5	1	1	1	1	1	1
VAL197A	11	9	29	20	12684	8848.66489321379	10	8	38	18	1	1	1	1	1	1
ILE232A	6	4	26	17	1536	532.601448176262	5	4	26	16	1	1	2	2	4	4
VAL157A	9	8	29	22	8888	4973.89855182374	7	6	28	15	3249	2480.5	3	3	5	4
GLY112A	5	5	19	14	12038	9426.75429547865	3	3	10	6	23929	21317.7542954787	3	3	8	4
LEU111A	9	8	32	23	2328	2299.5	7	7	29	20	2287	2279	6	6	14	7
PRO98A	4	4	13	7	2212	1431.4707570194	3	3	11	6	2212	1431.4707570194	3	3	4	3
VAL97A	5	5	7	6	824	824	4	4	6	2	1	1	1	1	1	1
GLU285B	4	3	9	4	1639	427.383553260462	4	3	8	4	1	1	1	1	1	1
LYS132B	4	3	11	4	4084	2396.25501896992	3	3	7	5	2889	1627.63857223038	2	2	4	2
GLU171D	4	2	16	5	1400	422.865273380083	3	2	16	5	1400	422.865273380083	2	2	4	3
VAL197D	10	8	31	21	17944	8762.7290719638	8	6	34	15	6213	2563.95748107533	2	2	5	5
GLN144A	9	6	28	11	12706	2811.4588231198	6	5	21	10	25075	12632.3403213065	6	4	16	7
ARG158C	8	5	22	7	7923	1903.10781151968	6	5	17	7	4640	617.357560214505	4	2	6	1
LEU206C	5	3	15	6	759	16	4	2	14	4	1	1	1	1	1	1
GLU285D	5	3	8	4	6763	899.858282782305	5	3	8	4	1	1	1	1	1	1
LYS132D	4	3	11	4	14659	12370.230403811	3	3	8	5	10905	9515.08868659332	2	2	1	1
HIS273C	5	3	19	6	756	464.605933017824	2	2	2	2	785	464.605933017824	4	2	4	1
SER240C	4	3	16	10	13124	12660.3940669822	3	3	8	7	756	292.394066982176	2	2	3	1
CYS135A	6	5	23	15	1649	573.503678934587	6	5	31	16	489	1	2	1	3	0
MET246C	9	5	25	12	10296	791.975964732933	6	3	28	10	1	1	1	1	1	1
PRO190D	5	4	16	11	1624	1624	2	2	7	3	1	1	1	1	1	1
SER127D	5	3	11	3	3481	1797.64148568841	5	3	13	3	1	1	1	1	1	1
PRO223A	5	4	11	6	1602	1600	4	3	14	5	1	1	1	1	1	1
THR230A	7	6	18	15	551	282.5	6	5	18	9	773	397.598951040887	4	4	8	7
LEU257C	6	4	24	15	514	155.231098244173	5	4	26	18	1	1	1	1	1	1
THR256C	6	5	20	14	9453	5104.01538309155	4	3	11	5	11963	11963	3	3	7	1
GLY279C	8	8	26	23	4367	3488.12853319786	3	3	14	11	4367	3488.12853319786	2	2	6	4
ARG181C	3	3	5	4	1	1	1	1	1	1	1	1	1	1	1	1
HIS178C	4	1	9	1	759	1	2	1	7	0	1	1	1	1	1	1
LYS101A	4	2	13	1	2588	1	2	1	5	0	4441	542.760395077322	3	2	7	1
LEU145C	8	8	32	24	5256	2785.44349149319	7	7	31	20	857	557.943491493194	2	2	3	3
THR230C	7	6	16	14	940	383.056508506806	6	5	16	10	1063	444.71610534961	4	4	6	5
ARG209B	3	2	4	1	1	1	1	1	1	1	1	1	1	1	1	1
ASP208B	4	4	6	5	1	1	1	1	1	1	1	1	1	1	1	1
SER260B	4	2	8	1	757	1	2	1	2	0	1	1	1	1	1	1
CYS176C	8	6	21	9	8687	2617.48912369212	8	6	23	12	1	1	1	1	1	1
GLY245C	7	7	21	15	795	597	3	3	14	10	1	1	1	1	1	1
ARG156B	7	5	23	10	7735	5096.34207495643	5	4	19	6	7735	5096.34207495643	5	5	12	7
VAL217B	7	7	23	20	10468	8534.8663085929	5	5	19	13	19746	10682.7387331329	4	4	11	10
LEU130D	3	3	7	4	4367	2576.16569499834	3	3	8	4	1	1	1	1	1	1
ARG284C	2	2	4	3	1	1	1	1	1	1	1	1	1	1	1	1
ASP281C	5	4	12	6	321	193.219060743824	2	2	4	4	1	1	1	1	1	1
LEU114B	4	3	14	8	935	589.570224709537	3	3	8	6	23	1	2	1	1	0
GLU221C	4	3	8	2	386	152	3	2	7	2	1281	258.157651547206	4	3	6	3
PRO222C	4	2	9	2	1	1	2	1	5	0	896	789.842348452794	2	2	3	2
LEU188D	5	3	12	8	961	129.280683721488	4	3	10	7	1	1	1	1	1	1
PRO98B	6	6	15	9	3903	2321.36746879599	4	4	14	7	1	1	1	1	1	1
VAL97B	5	5	11	9	7081	6701.5	3	3	6	3	1	1	1	1	1	1
THR150B	3	2	8	2	1332	1	2	1	6	0	1	1	1	1	1	1
THR231A	6	6	15	13	5116	3663.65215737183	3	3	6	5	2686	1116.55320633094	3	3	4	4
LEU194A	7	7	27	22	2587	1943.55948042384	7	7	33	22	1	1	1	1	1	1
THR102C	4	4	11	8	1406	1406	3	3	8	5	650	650	2	2	3	1
TYR103C	5	2	12	1	1	1	3	1	8	0	763	114	4	2	5	0
ARG110B	7	5	21	13	5837	4636.9979278698	6	5	24	15	1	1	1	1	1	1
ARG249B	7	6	19	10	19913	11842.0664677426	7	6	21	11	7063	5778.06646774261	4	4	4	4
THR211D	7	6	16	10	2874	2874	4	3	15	8	1	1	1	1	1	1
LYS101D	3	1	8	1	155	1	2	1	2	0	1	1	1	1	1	1
SER99D	5	4	12	4	960	170.296506857342	3	2	5	2	1	1	1	1	1	1
ASP184C	6	5	15	8	1855	173.136369164556	5	4	21	10	1	1	1	1	1	1
CYS182C	5	5	11	10	1519	1473.75775929607	4	4	16	12	1	1	1	1	1	1
CYS229D	6	3	17	5	7607	2932.47503564343	5	3	17	5	3960	2932.47503564343	3	3	5	4
GLN144D	8	5	24	7	10715	2345.30303847653	5	4	15	7	3766	932.940508380768	4	3	5	3
ARG213B	7	5	20	10	7061	1582.63253120401	7	5	18	7	1	1	1	1	1	1
THR211B	5	5	10	7	3018	3018	2	2	6	4	1	1	1	1	1	1
MET237C	8	4	24	9	25145	3894.52189770955	7	4	28	9	1	1	1	1	1	1
CYS242B	6	6	19	11	1993	1222.8608845615	5	5	25	15	1993	1222.8608845615	3	3	9	5
ASN288A	3	2	7	3	1	1	1	1	1	1	1	1	1	1	1	1
LEU289A	5	5	9	6	25	13	2	2	3	2	1	1	1	1	1	1
CYS275A	7	7	18	14	1262	636.328850122489	5	5	19	16	585	179.695809536441	3	3	5	4
VAL274A	10	9	28	23	9679	8922.82286287181	9	8	42	23	84	45.8265418063956	3	3	5	3
HIS168B	4	3	9	6	759	498.444378935583	3	2	9	5	759	498.444378935583	2	2	3	3
PRO177C	5	4	10	8	1517	1302.85806332474	3	3	9	7	1	1	1	1	1	1
GLY105D	7	7	17	13	3837	3837	7	7	21	11	1	1	1	1	1	1
TYR107D	5	2	15	2	756	139.809264072408	4	2	11	2	1	1	1	1	1	1
LEU137D	8	7	28	13	2072	1052.49387412816	7	6	40	15	864	450.550420860516	4	4	8	6
GLN167A	4	2	6	3	3	3	2	2	3	2	1	1	1	1	1	1
HIS168A	4	3	9	6	1315	686.335240568139	3	2	9	5	1315	686.335240568139	2	2	1	1
GLN165B	4	3	7	4	3789	601.263842292209	4	3	7	4	2273	601.263842292209	2	2	1	1
GLN167B	4	3	5	4	1517	1517	2	2	3	2	1	1	1	1	1	1
LEU137B	8	7	28	15	2491	1447	7	6	40	15	1	1	2	2	2	0
ASN263C	4	3	7	4	785	256.609111619012	4	3	5	1	1	1	1	1	1	1
ASP259C	6	5	12	4	3037	516.390888380988	3	2	8	2	1	1	1	1	1	1
ALA189C	6	6	15	11	13039	8469.59681617626	4	4	14	9	1	1	1	1	1	1
PHE212B	3	1	6	1	764	1	2	1	1	0	1	1	1	1	1	1
VAL172B	4	4	9	6	764	764	2	2	1	0	1	1	1	1	1	1
GLY226B	3	3	3	3	1519	1519	2	2	3	2	1	1	1	1	1	1
VAL225B	2	2	2	2	1	1	1	1	1	1	1	1	1	1	1	1
ARG110A	6	4	18	11	64317	26408.0858844683	6	4	22	10	18021	1	2	1	4	0
GLN104A	4	2	13	4	15549	15549	3	2	12	3	1	1	1	1	1	1
VAL172D	5	5	19	17	4766	4766	4	4	14	9	1	1	1	1	1	1
VAL173D	8	8	21	19	100521	83035.6951995267	6	6	21	16	1	1	1	1	1	1
LEU145A	8	8	30	26	2129	1071.5	7	7	32	21	2679	1642	5	5	11	9
GLY279B	7	7	21	20	1485	1474.21109361441	4	4	15	13	1	1	1	1	1	1
THR118B	6	4	14	7	2597	250.897190075366	6	4	13	8	1	1	1	1	1	1
CYS135D	8	6	31	20	1115	336.603589353406	8	6	43	19	203	1	3	2	4	1
GLN136D	7	4	25	7	17981	7290.8790639922	7	4	30	5	10460	1121.8790639922	4	2	9	1
LEU114D	4	3	14	7	759	380	3	3	8	5	69	35	2	2	3	2
PRO142D	8	5	22	12	852	346	5	3	12	6	1	1	1	1	1	1
THR150A	2	2	6	4	761	327.448055120064	2	2	6	4	1	1	1	1	1	1
ASN268B	2	2	9	8	761	223.161517735853	2	2	6	6	761	223.161517735853	2	2	3	3
LEU111B	10	9	30	23	4579	4263.83848226415	7	7	25	17	4393	4170.83848226415	4	4	9	3
ALA159B	6	6	22	13	2468	1603.4625031892	4	4	13	7	1	1	1	1	1	1
ARG174D	4	3	13	4	192	79.7277245419709	3	3	7	5	1	1	1	1	1	1
THR150C	2	2	8	6	761	269.394428870393	2	2	8	6	1	1	1	1	1	1
CYS275C	7	7	19	16	938	735.905470119486	5	5	14	8	446	204.807714394156	2	2	2	2
VAL274C	11	10	31	27	70239	57797.750574425	8	7	33	17	446	242.192285605844	3	3	4	2
ASP207B	4	4	10	10	760	133.64951130505	3	3	9	9	1	1	1	1	1	1
LEU206B	5	4	16	8	760	13.682491681288	4	3	14	6	1	1	1	1	1	1
LEU265B	8	5	25	16	6291	6265.5	6	4	24	9	6240	6240	3	3	5	1
THR155A	9	8	26	18	3199	1948	9	8	36	22	1674	837.5	3	3	6	4
VAL272D	8	8	27	23	5474	5388.46554936728	5	5	24	14	26	26	2	2	3	1
VAL143B	6	6	26	19	726	628	4	4	17	10	718	624	3	3	8	2
ALA138B	4	4	16	9	761	456.515180904947	3	3	10	4	1	1	1	1	1	1
ARG181A	3	3	5	4	1	1	1	1	1	1	1	1	1	1	1	1
PRO177A	5	4	9	7	2695	2206.87740573285	3	3	8	7	1	1	1	1	1	1
HIS179D	7	5	20	11	24363	2504.67745802656	7	5	33	17	11957	331.502872920155	4	3	8	6
ASN239A	5	2	20	6	1205	268.986845678185	4	2	21	5	1	1	1	1	1	1
PHE109B	8	3	33	11	1991	37	7	2	32	1	37	37	2	2	3	0
ARG174A	4	3	14	8	10880	2541.55696449559	2	2	4	4	1	1	1	1	1	1
VAL172A	6	6	18	15	15789	15789	4	4	10	5	1	1	1	1	1	1
PHE270B	9	4	27	11	20488	119.373163247772	8	4	33	10	19763	119.373163247772	6	3	13	5
VAL272B	8	8	27	22	10328	9131.75488003056	4	4	18	12	12189	11776.3151821762	3	3	7	5
VAL218A	8	8	23	20	7741	4766.11159374643	6	6	28	22	1	1	1	1	1	1
LEU130C	7	6	12	8	1665	691.588168254381	6	6	15	10	1	1	1	1	1	1
PHE134C	6	5	19	11	5462	5041.30746511698	5	4	20	12	1	1	1	1	1	1
ILE232B	6	4	25	16	1207	187.034709986218	5	4	24	15	918	1	2	1	2	0
VAL218C	6	6	19	12	3029	1772.31318636919	4	4	14	9	4522	3132.10994597024	4	4	6	6
ARG283C	5	4	21	11	95047	71441.5544978261	4	4	17	12	95047	71441.5544978261	4	4	10	6
PRO190C	6	5	17	13	1711	1711	2	2	7	3	1	1	1	1	1	1
GLN136C	7	5	24	10	69617	11419.6840110915	6	5	23	8	35061	11370.6840110915	4	4	6	5
LYS139C	6	1	18	1	16009	1	5	1	13	0	8184	1	2	1	3	0
ARG209D	4	2	8	4	156	78.5	2	2	4	3	1	1	1	1	1	1
ASP148A	6	3	16	8	23013	4117.56385858246	5	3	18	9	11194	1	2	1	1	0
ASP228B	4	2	10	2	761	2.57287707746275	4	2	11	2	9	2.57287707746275	2	2	2	2
SER227B	4	3	5	3	3803	2283.42712292254	4	3	8	3	2285	2283.42712292254	3	3	2	1
THR140A	6	5	15	7	2253	1214.87327927106	4	3	8	3	1	1	1	1	1	1
PHE212C	3	1	8	1	761	1	2	1	3	0	1	1	1	1	1	1
VAL172C	6	6	15	13	1498	1498	4	4	9	5	1	1	1	1	1	1
GLY117A	4	4	11	10	767	397.796474115426	3	3	11	10	760	398.144686130149	3	3	5	3
SER116A	4	2	8	3	752	1	2	1	3	0	760	1	3	1	6	0
GLU258A	5	2	24	4	70317	7698.45638188742	5	2	25	4	35347	7698.45638188742	3	2	4	1
TYR107C	6	2	23	3	847	8.82938229984818	5	2	20	3	1	1	1	1	1	1
TYR220B	6	2	26	6	8851	1	6	2	33	5	1	1	1	1	1	1
GLN104C	4	2	12	4	2046	2036	3	2	12	3	1	1	1	1	1	1
GLY105C	6	6	17	13	998	998	5	5	17	11	1	1	1	1	1	1
GLY262B	4	4	6	5	2	2	2	2	3	2	1	1	1	1	1	1
TRP146B	8	3	22	3	4235	882.981186588218	6	3	22	3	1	1	1	1	1	1
ASP148C	5	3	13	8	760	255.770595675839	4	3	17	9	1	1	1	1	1	1
ARG282A	9	7	25	14	7382	3180.3438767128	7	6	26	16	2270	408.586037784395	2	2	3	3
GLY279A	8	8	24	23	838	715.879501751212	3	3	11	10	838	715.879501751212	2	2	3	3
SER121B	2	2	5	5	1	1	1	1	1	1	1	1	1	1	1	1
VAL122B	6	6	14	14	1517	1000.02427836429	4	4	11	10	1	1	1	1	1	1
GLY117D	4	4	11	8	760	410.162274334456	3	3	9	7	4	4	2	2	2	0
SER116D	4	2	11	3	758	1	2	1	4	0	761	1	3	1	3	0
PRO152A	5	3	15	6	1095	966.571336064609	4	3	19	6	1	1	1	1	1	1
ARG267A	9	6	20	7	19838	5647.99755714855	6	5	12	3	33078	5647.99755714855	6	4	11	3
SER127A	5	3	12	4	1333	576.208548100626	5	3	13	3	1	1	1	1	1	1
GLY226A	3	3	4	4	1519	1519	2	2	4	3	1	1	1	1	1	1
SER227A	5	4	9	6	7325	3729.2743353402	5	4	13	8	1	1	1	1	1	1
SER261C	5	1	8	1	1	1	2	1	3	0	1	1	1	1	1	1
THR256B	5	5	16	15	17371	11522.3251432002	4	4	11	10	8977	8977	2	2	4	2
ASP186A	4	4	10	9	5078	4729.48353120216	3	3	8	7	1	1	1	1	1	1
ASP228A	4	2	11	3	761	7.81491717600184	4	2	12	3	741	1	2	1	3	0
LEU111D	9	8	28	21	931	898	7	7	26	17	110	84	3	3	5	2
ASN131D	4	3	9	4	2279	1053	4	3	11	3	1053	1053	3	3	4	0
SER269D	2	1	3	1	761	1	2	1	3	0	761	1	2	1	2	0
PRO278D	8	6	24	16	2496	2329	7	5	25	10	203	203	2	2	2	1
GLY187D	3	3	6	4	102	59.3309304397136	2	2	3	2	1	1	1	1	1	1
CYS277C	6	4	11	3	2356	779.702159938047	5	3	12	2	1	1	1	1	1	1
LEU137A	8	7	27	14	3550	1934.51315432182	7	6	39	15	1	1	1	1	1	1
HIS233B	3	3	8	5	769	212.783774572129	2	2	4	2	769	212.783774572129	2	2	3	3
THR231B	5	4	13	8	747	747	2	2	3	2	1	1	1	1	1	1
CYS229B	5	3	16	6	11111	4830.32132233529	5	3	16	6	2277	1	2	1	2	0
GLY108A	9	8	27	13	1198	937.350256949196	8	7	31	12	1	1	1	1	1	1
ASN268D	6	4	18	9	3583	2688	5	3	17	4	1	1	1	1	1	1
LEU289C	3	3	9	8	761	381	3	3	7	7	1	1	1	1	1	1
GLY266C	7	7	22	15	1150	1150	5	5	14	6	376	376	2	2	3	2
SER106A	5	3	15	5	28659	5504.42837690495	5	3	15	5	1	1	1	1	1	1
PHE270A	8	4	26	12	9169	121.061951265057	7	4	30	11	2753	1	3	1	7	0
CYS141C	9	8	28	18	2181	1281.55536660216	6	6	26	16	1585	59.4827493755991	5	4	13	10
PRO142C	7	5	20	13	1654	342.186013602987	4	3	7	5	1389	1389	2	2	4	3
THR155C	9	8	24	15	3825	2173.76890175583	9	8	35	21	1	1	1	1	1	1
GLY262C	5	4	8	6	760	760	3	3	5	3	1	1	1	1	1	1
PRO191C	4	3	13	6	2999	1	2	1	7	0	1	1	1	1	1	1
ASN131C	4	3	11	4	19517	9565	4	3	13	3	9565	9565	3	3	6	1
SER269C	3	1	7	1	18329	1	3	1	6	0	9418	1	2	1	2	0
GLU271C	6	4	15	5	5077	569.910521948996	5	4	11	5	3503	493.910521948996	2	2	1	1
PRO250C	5	4	13	8	2379	2298.9904489417	5	4	14	7	1	1	1	1	1	1
CYS277D	6	3	13	2	2297	1355.285646707	4	3	8	1	1	1	1	1	1	1
LYS120D	3	1	8	1	761	1	2	1	3	0	1	1	1	1	1	1
PHE134D	5	4	16	10	6071	4884	4	3	14	7	1	1	1	1	1	1
VAL216C	9	9	24	21	5523	5460.37450099599	7	7	30	21	1	1	1	1	1	1
GLY199C	3	3	7	4	3413	3413	3	3	6	3	1	1	1	1	1	1
VAL197C	10	8	33	22	5913	4278.79839114539	8	6	33	15	2378	1021.17289214138	3	3	6	4
ARG283A	3	2	10	4	736	390.417880668697	2	2	5	4	736	390.417880668697	2	2	3	3
THR118A	6	5	15	12	3877	2337.46479181042	6	5	12	10	3842	2330.1165797957	4	4	3	3
ALA159C	7	7	27	18	780	616.366349175645	5	5	21	15	1	1	1	1	1	1
ARG280C	4	3	12	5	1188	861.665010712418	2	2	4	2	1	1	1	1	1	1
HIS233A	4	2	15	4	761	201.389045857299	3	2	12	2	1	1	1	1	1	1
ILE232D	6	4	25	16	1261	206.677655078915	5	4	24	15	319	206.677655078915	4	4	8	7
VAL157D	10	8	30	22	10865	5036.32234492109	8	6	31	13	5488	113.322344921085	3	2	7	3
ALA129D	3	3	6	6	3	2	2	2	2	2	1	1	1	1	1	1
LEU289D	4	4	5	5	919	918	3	3	3	2	1	1	1	1	1	1
GLU224D	2	1	3	1	1	1	1	1	1	1	1	1	1	1	1	1
GLY226D	4	4	4	4	2275	2275	2	2	4	3	1	1	1	1	1	1
HIS193C	7	7	17	11	2243	1935.14861498153	6	6	19	11	1	1	1	1	1	1
TYR205C	8	4	27	15	8783	484.747227614459	8	4	32	12	1	1	1	1	1	1
GLY244D	4	4	7	7	1519	635.244921420256	3	3	6	6	1	1	1	1	1	1
ARG284B	3	3	5	3	1	1	1	1	1	1	1	1	1	1	1	1
ARG249C	8	6	21	11	19823	15678.2380228407	8	6	18	8	1	1	1	1	1	1
HIS168C	4	3	9	6	1519	802.061655533092	2	2	7	5	1	1	1	1	1	1
ALA119D	5	3	12	4	22	22	3	2	7	3	1	1	1	1	1	1
TYR163C	4	3	17	9	10943	652.218098328067	4	3	16	7	1	1	1	1	1	1
HIS193D	7	7	18	13	2846	2470.97585570045	6	6	21	14	1	1	1	1	1	1
ARG174B	4	2	11	3	777	1	2	1	4	0	1	1	1	1	1	1
PRO191D	4	3	12	5	5830	1	2	1	6	0	1	1	1	1	1	1
VAL173A	8	7	20	16	16906	15278.8272527232	6	6	20	16	1	1	1	1	1	1
LEU264B	6	6	16	14	2522	1264	3	3	6	3	1816	911	3	3	5	1
ILE255B	7	4	32	13	1383	291.858468977794	5	2	22	3	926	1	4	1	7	0
ARG267D	6	4	15	7	1064	894.703493142658	3	3	3	1	1	1	1	1	1	1
THR123C	6	6	19	14	42050	31045.3813646024	4	4	13	7	42050	31045.3813646024	4	4	8	6
HIS233D	3	2	7	3	1481	1	2	1	3	0	1	1	1	1	1	1
THR231D	5	4	14	8	29	29	2	2	4	2	9	1	2	1	2	0
CYS277A	5	2	12	2	757	1	3	1	7	0	5	3.22003428273641	2	2	3	2
ASP184B	5	5	15	10	12035	2309.86197765733	4	4	19	14	12035	2309.86197765733	5	5	11	7
LEU206A	8	7	23	15	2090	1796.97334856772	7	6	24	12	2087	1796.03244391167	4	4	8	5
PRO177B	4	4	15	13	761	648.103051350478	3	3	10	8	1	1	1	1	1	1
GLY199D	3	3	6	4	847	847	3	3	6	3	1	1	1	1	1	1
GLY199A	3	3	6	4	701	701	2	2	3	1	1	1	1	1	1	1
LEU194B	6	6	23	18	2279	1795.24534953837	6	6	27	17	2245	1778.24534953837	5	5	13	8
PRO190A	8	6	21	15	11382	11034.8031634096	3	3	10	4	761	413.803163409638	2	2	3	1
VAL216B	8	8	24	21	4422	3981.68871935459	6	6	28	21	1	1	1	1	1	1
ILE162A	6	3	21	4	39223	5708.11276619251	5	3	18	5	1	1	1	1	1	1
GLY187C	3	3	6	4	3	2.12185502473963	2	2	3	2	1	1	1	1	1	1
ARG158B	9	6	23	11	18704	5251.81219575583	6	5	18	9	9449	388.687528062779	5	3	12	5
GLY154D	4	4	10	9	761	761	2	2	1	0	3087	3087	3	3	2	0
THR155D	9	8	26	17	3011	2012.54265636644	7	7	28	16	2233	1	2	1	2	0
VAL173B	7	7	18	13	8388	7601.44095307973	5	5	15	10	1	1	1	1	1	1
ILE162B	6	2	21	3	2673	284.714046508814	5	2	16	3	1	1	1	1	1	1
ASN200C	6	2	14	5	2127	284.857380851548	4	2	12	3	651	284.857380851548	2	2	3	3
ASN247C	2	1	6	1	1	1	1	1	1	1	1	1	1	1	1	1
CYS229C	5	4	17	10	4731	650.906973773001	5	4	17	8	2728	650.906973773001	3	3	3	2
GLN144C	8	4	25	7	21522	4589.62532580801	5	3	14	4	1	1	2	1	2	0
ASN263D	3	2	7	4	761	10.0901461603739	3	2	4	1	761	10.0901461603739	3	2	4	1
GLY262D	5	5	9	6	3664	3286.80063228283	3	3	7	3	3664	3286.80063228283	3	3	3	2
GLU271B	6	4	16	5	10795	3545.77135220796	5	4	12	6	21333	3509.77135220796	5	3	6	2
LEU252B	6	6	16	10	4176	3937.29678315745	5	5	15	7	2449	2449	3	3	9	4
GLN192C	4	3	5	2	763	122.930446075313	3	2	4	1	1	1	1	1	1	1
GLU285A	6	3	12	4	2515	575.023402670717	4	3	8	4	1	1	1	1	1	1
TYR220D	7	3	27	5	7769	1	6	2	28	3	1	1	1	1	1	1
ASP281B	5	4	11	7	1554	288.73937482653	4	3	11	6	1	1	1	1	1	1
VAL225A	2	2	2	2	1	1	1	1	1	1	1	1	1	1	1	1
PRO98C	5	5	16	8	7613	3495.71967676258	4	4	14	8	1	1	1	1	1	1
CYS275B	7	6	23	19	1078	593.964475477081	5	5	22	18	1	1	1	1	1	1
ALA276D	4	3	13	8	758	1	2	1	6	0	1	1	1	1	1	1
PRO222B	4	2	8	2	1	1	2	1	3	0	1	1	1	1	1	1
PRO223B	5	5	8	7	3645	3099.41020348456	4	4	10	6	1	1	1	1	1	1
GLY266B	8	8	22	17	12424	11136.6748567998	5	5	17	8	3186	3186	3	3	5	1
PHE270C	8	4	25	13	4159	1206.50939160788	8	4	33	11	2477	37.5	6	2	14	3
MET169A	5	2	12	2	3574	959	4	2	11	0	2553	1	2	1	3	0
ILE195A	6	5	25	14	40191	26889.6001042481	6	5	25	13	1	1	1	1	1	1
THR125D	7	7	24	19	1974	1608.01055259023	5	5	17	13	108	67.6394332765618	2	2	3	1
SER106C	2	1	5	1	761	1	2	1	4	0	1	1	1	1	1	1
LYS164B	3	2	9	3	14737	5484.59007556166	3	2	8	3	7732	5484.59007556166	2	2	4	2
HIS214C	4	4	9	9	761	174.610016371472	4	4	9	8	1	1	1	1	1	1
VAL203A	8	8	28	24	2223	1125.13422174778	7	7	36	27	1	1	1	1	1	1
TYR236B	9	4	35	12	16899	772.470173436819	9	4	43	10	670	13.409871291141	3	2	4	3
ASN210B	4	2	6	1	1	1	1	1	1	1	1	1	1	1	1	1
SER261B	5	1	7	1	1	1	2	1	3	0	1	1	1	1	1	1
ASN131A	4	3	11	4	2279	1805	4	3	12	3	1805	1805	3	3	3	0
CYS182D	4	4	9	7	761	538.674657531306	4	4	9	6	1	1	1	1	1	1
GLU271D	6	4	15	5	27519	6061.76571314066	5	4	12	6	10905	1390.91131340668	2	2	1	1
LYS164D	4	2	10	3	38889	11610.145600266	4	2	11	3	1	1	1	1	1	1
LEU264D	6	6	17	14	1456	728.5	3	3	6	3	1	1	1	1	1	1
TYR103D	5	1	13	1	5083	1	4	1	12	0	1	1	1	1	1	1
LYS101C	3	1	8	1	870	1	2	1	4	0	114	1	2	1	3	0
GLU171A	3	2	9	5	704	205.893270864678	2	2	6	5	348	1	2	1	2	0
CYS135C	7	6	29	22	4515	849.176808348432	6	5	29	17	2343	1	2	1	2	0
ASN288B	2	1	3	1	1	1	1	1	1	1	1	1	1	1	1	1
LEU289B	4	4	5	5	1519	1518	3	3	3	2	1	1	1	1	1	1
SER116C	5	2	17	3	1371	1	3	1	10	0	2882	1512	3	2	4	0
VAL122C	8	7	21	15	43561	43561	5	5	21	16	43293	43293	2	2	6	4
SER121C	3	2	11	6	1	1	1	1	1	1	1	1	1	1	1	1
PHE212D	3	1	8	1	761	1	2	1	3	0	1	1	1	1	1	1
GLU285C	4	3	11	5	1073	299.733237256771	4	3	11	5	1	1	1	1	1	1
ALA129B	4	4	7	7	3	2	2	2	2	2	1	1	1	1	1	1
GLY108B	9	8	25	14	3109	1747.05900492214	8	7	33	16	1	1	1	1	1	1
TYR107B	4	2	15	2	627	114.268681523825	3	2	8	2	1	1	1	1	1	1
HIS214D	5	5	12	9	1379	521.215771695523	5	5	12	10	1	1	1	1	1	1
ASN239C	5	1	21	1	1955	1	3	1	11	0	1	1	1	1	1	1
ILE254A	7	4	23	6	19005	14040.1750397777	4	4	9	5	1	1	1	1	1	1
SER99A	5	4	15	7	755	149.697674033152	3	2	8	4	755	149.697674033152	2	2	5	3
VAL274B	11	10	31	26	53044	50920.3375991397	9	8	44	24	14164	12289	3	2	4	0
GLN192D	5	2	8	2	1004	17.8123036667738	4	2	7	2	761	1	2	1	1	0
THR125B	9	9	29	27	17297	13712.127800664	8	8	30	25	1	1	1	1	1	1
PRO152D	5	3	13	5	2257	2118.19073592759	3	3	9	5	1	1	1	1	1	1
PRO153D	3	2	5	3	1	1	1	1	1	1	855	1	2	1	2	0
CYS124B	6	5	20	16	760	497.785854896804	5	5	17	14	1	1	2	2	3	3
THR123B	6	4	19	8	760	119	5	3	21	3	1	1	1	1	1	1
ILE251D	6	4	23	15	1050	169.534450632717	5	4	23	15	1	1	2	2	4	2
LEU252D	5	5	11	8	6006	4930.13398827846	4	4	9	5	2729	1653.13398827846	2	2	1	1
HIS273A	6	4	21	8	6303	4592.24068267348	4	4	9	8	5648	1424.59445191166	4	2	5	1
THR253B	7	7	27	16	1714	462.901783284846	5	5	23	13	1688	449.901783284846	4	4	9	5
ARG196A	8	6	27	13	8140	4267.74744073492	7	6	27	14	1	1	1	1	1	1
GLU204B	4	2	13	4	761	3.58352022613311	4	2	14	3	8	3.58352022613311	2	2	4	4
ARG283B	3	2	10	3	70	37.7281480303405	2	2	5	3	1	1	1	1	1	1
ARG175D	7	6	21	14	23219	22382.7096863278	7	6	31	16	11291	11291	2	2	3	2
HIS273D	6	4	22	8	7908	6345.03765853121	4	4	9	7	4300	3012.09367276096	4	2	8	2
GLY117B	4	4	11	10	1497	818.512272104481	3	3	12	10	1	1	1	1	1	1
ARG110C	6	4	17	10	7391	4646.27316582519	6	4	21	10	96	1	2	1	3	0
PRO250D	5	4	12	7	214221	191682.536245351	5	4	14	7	87402	87402	2	2	4	3
THR256A	6	5	25	14	24399	17068.3047688183	4	3	15	8	21373	14042.3047688183	3	2	7	3
MET133B	4	3	13	4	761	760	4	3	14	3	735	735	2	2	3	2
ARG175C	8	7	21	15	7459	6876	8	7	32	16	1	1	1	1	1	1
SER149D	4	2	10	2	939	1	4	2	13	1	1	1	1	1	1	1
GLY245A	6	6	17	14	3589	2229.59970513553	4	4	14	12	1	1	1	1	1	1
MET246A	9	5	23	13	5607	2875.44051957616	8	5	32	13	1	1	1	1	1	1
ASN247A	2	1	5	1	1	1	1	1	1	1	1	1	1	1	1	1
ASN210D	4	2	9	2	1	1	1	1	1	1	1	1	1	1	1	1
ASP208D	4	4	9	7	1	1	1	1	1	1	1	1	1	1	1	1
LYS101B	3	1	7	1	632	1	2	1	2	0	1	1	1	1	1	1
GLN165C	5	5	11	9	761	753.009551058296	3	3	11	8	1	1	1	1	1	1
PHE113B	6	3	20	5	27917	15142	6	3	23	4	15876	15142	4	3	7	2
ILE195B	6	5	23	12	2611	1059.57136290922	6	5	23	11	643	643	2	2	2	1
PRO223C	5	5	10	9	2004	2004	4	4	12	8	1	1	1	1	1	1
ALA276B	5	4	19	10	20932	11194	3	2	12	2	11194	11194	2	2	1	0
SER95C	2	2	7	7	1	1	1	1	1	1	761	761	2	2	2	1
ALA138C	4	4	14	6	175	137.121002061717	3	3	10	3	1	1	1	1	1	1
VAL272A	8	8	25	19	11968	10283.124626198	5	5	22	14	3425	3425	3	3	7	3
TYR103B	5	1	12	1	4527	1	4	1	11	0	4527	1	4	1	5	0
GLU286B	4	3	11	7	3397	1036.88944850894	3	2	6	2	1	1	1	1	1	1
SER127B	5	3	11	3	3297	1278.51438394037	5	3	13	3	1	1	1	1	1	1
LEU201C	2	2	5	2	1	1	1	1	1	1	1	1	1	1	1	1
GLY266D	8	8	22	17	7313	6170.96325367302	5	5	15	7	1	1	1	1	1	1
VAL122A	6	6	15	14	3751	2792.40862509631	4	4	12	9	4511	3163.82859891553	5	5	9	6
VAL225D	2	2	3	3	1	1	1	1	1	1	1	1	1	1	1	1
GLN167C	3	2	5	4	1	1	1	1	1	1	1	1	1	1	1	1
GLN104D	4	2	13	4	1191	306	4	2	18	3	1	1	1	1	1	1
MET237D	8	5	25	11	11731	2685.21764007994	7	5	31	15	661	270.947205882874	2	2	3	3
PRO223D	6	5	12	7	717	668.254813077182	5	4	14	5	1180	1131.25481307718	3	3	3	2
GLU221B	4	3	6	2	121	43.5	3	2	5	2	86	43.5	2	2	2	2
TYR163D	4	3	16	9	105587	6865.42427529645	4	3	18	9	53054	6865.42427529645	3	3	8	5
HIS115C	4	2	14	5	761	348.196836590362	4	2	11	2	761	348.196836590362	4	2	5	1
ARG282D	8	7	20	12	10111	3101.38566278954	7	6	23	13	1	1	1	1	1	1
LEU130B	4	3	7	4	925	491.596167550696	3	3	7	4	1	1	1	1	1	1
THR123D	4	3	16	10	6170	1	3	2	12	4	1	1	2	2	3	1
HIS214A	5	5	11	10	21977	11730.359632208	5	5	10	9	1	1	1	1	1	1
ASN131B	4	3	12	4	811	759	4	3	14	3	34	34	2	2	1	0
PRO153C	3	2	5	4	1	1	1	1	1	1	1	1	1	1	1	1
ASN239D	6	2	20	6	1583	40.5061258718409	4	2	21	5	387	40.5061258718409	3	2	8	3
LYS132C	4	3	10	4	3788	3224.54877567725	3	3	7	5	3503	3010.089478051	2	2	1	1
ASP228D	5	2	13	3	761	1	4	1	13	0	761	1	2	1	2	0
HIS178A	4	1	9	1	757	1	2	1	6	0	1	1	1	1	1	1
VAL147A	6	5	19	8	211	211	5	4	18	4	1	1	1	1	1	1
TYR205B	8	4	28	16	31659	371.170377090851	8	4	34	14	1	1	1	1	1	1
GLN165D	4	3	7	4	107155	22539.4637546489	2	2	4	3	1	1	1	1	1	1
THR102A	4	4	14	9	1179	1179	3	3	9	6	433	433	3	3	7	4
THR170A	5	4	12	6	1	1	3	2	10	3	348	348	3	2	4	0
ILE162C	8	4	25	9	10347	7671.27039051963	7	4	23	8	1	1	1	1	1	1
VAL173C	7	7	20	19	9494	8072.63558153768	5	5	19	15	1	1	1	1	1	1
ARG280D	5	3	12	3	1520	925.714353292995	2	2	3	2	1	1	1	1	1	1
ARG202D	3	3	4	3	6701	3165.60370119582	3	3	3	2	6701	3165.60370119582	3	3	2	2
PRO219D	3	3	8	8	3712	2041.89629880418	2	2	2	2	3712	2041.89629880418	2	2	2	2
ILE232C	8	5	31	17	759	426.173257531307	5	4	22	14	76	1	4	2	7	1
SER227D	5	4	10	7	5303	3029	5	4	12	5	1	1	1	1	1	1
GLY244A	4	4	7	6	1519	546.873859850543	3	3	5	5	1	1	1	1	1	1
ALA159A	6	6	20	12	1122	536.591902103021	4	4	12	7	1	1	1	1	1	1
TYR234A	5	2	20	5	5305	37.5639541202746	4	2	16	3	1	1	1	1	1	1
TYR236C	8	3	33	9	4021	417.134782919653	8	3	37	8	1	1	1	1	1	1
MET243D	2	1	3	1	1	1	1	1	1	1	1	1	1	1	1	1
CYS182B	6	5	16	13	71875	52087.570139511	4	4	17	12	35740	35740	2	2	4	2
THR231C	5	5	17	13	666	666	2	2	3	2	141	70.8404031571962	3	3	6	6
PHE113A	7	3	23	5	12412	6187	6	3	25	4	17968	1	4	2	7	0
ASN288D	3	2	6	3	601	601	2	2	4	2	1	1	1	1	1	1
PHE134B	6	4	23	10	330	312	5	3	24	7	1	1	1	1	1	1
ILE254D	6	4	20	5	5970	4472.73360179007	4	4	8	3	5749	4251.73360179007	3	2	3	1
PRO128B	5	5	13	9	1639	1639	4	4	15	8	1	1	1	1	1	1
PRO142A	7	5	21	9	3768	474.722215713764	4	3	9	5	1	1	1	1	1	1
THR170D	5	4	12	6	119	60	3	2	13	2	1	1	1	1	1	1
THR230B	5	5	10	9	757	581.589796515445	4	4	6	4	1	1	1	1	1	1
ALA161C	7	7	23	18	5038	2212.64517244835	5	5	18	17	1	1	1	1	1	1
ILE195C	5	4	22	13	5141	2127.21924601397	5	4	22	11	1	1	1	1	1	1
ARG280A	5	4	12	4	1	1	2	2	2	0	1	1	1	1	1	1
ARG284A	3	2	4	3	1	1	1	1	1	1	1	1	1	1	1	1
GLN167D	4	3	5	3	108301	1	2	1	1	0	108301	1	2	1	1	0
LEU265D	7	5	24	16	143	122.5	5	4	19	9	100	100	2	2	2	1
LYS139B	6	2	15	2	822	1	5	2	14	2	1	1	1	1	1	1
GLU198D	5	3	15	7	919	433.319690205272	4	3	8	5	1	1	1	1	1	1
SER166C	2	1	5	1	1	1	1	1	1	1	1	1	1	1	1	1
VAL203B	8	8	23	19	25867	16345.7555857161	7	7	30	21	12677	3208.25558571609	2	2	4	4
GLU286A	4	3	12	7	544	270.791451899374	2	2	4	2	1	1	1	1	1	1
PRO250A	6	5	13	8	3951	3725.25748148523	6	5	17	9	759	533.257481485225	2	2	1	1
LEU194D	8	8	32	25	1697	1154.375470921	8	8	42	25	12	7.37547092100056	2	2	4	2
CYS182A	4	4	9	7	1455	1455	2	2	6	4	1	1	1	1	1	1
PRO250B	5	4	13	8	5299	4662.73615770779	5	4	16	9	2273	1672.73615770779	2	2	1	1
ASN210A	5	3	10	3	571	286	2	2	2	2	571	286	2	2	2	2
ASP208A	4	4	9	7	1	1	1	1	1	1	1	1	1	1	1	1
CYS124D	8	6	27	18	7740	3080.74610200657	7	5	24	13	4086	41.3605667234382	4	2	4	1
ALA129C	5	5	16	12	1103	399.470258430779	3	3	7	6	702	198.970258430779	2	2	2	2
ASP281A	5	4	16	9	2959	362.198377309294	3	3	7	7	1	1	1	1	1	1
ILE255A	8	4	30	13	1717	522.344143776705	5	2	21	3	872	1	3	1	8	0
GLY154B	4	4	10	9	2265	2265	3	3	9	7	1515	1515	3	3	3	1
VAL97D	6	5	11	7	843	534.881870037165	4	3	14	2	1	1	1	1	1	1
ALA159D	6	6	22	13	2176	1486.91049867801	4	4	13	7	1903	1415.04107986473	4	4	3	2
ARG209A	4	3	7	4	108301	108301	2	2	1	0	108301	108301	2	2	1	0
LEU114C	4	3	14	6	1268	787.313986397013	3	3	7	4	1512	1	2	1	2	0
GLU287C	2	1	3	1	761	1	2	1	3	0	761	1	2	1	1	0
GLU221A	4	3	9	3	680	335	3	2	8	3	563	77.45337487492	3	2	4	1
SER149C	4	2	13	3	760	1	3	1	13	0	1	1	1	1	1	1
MET160A	7	3	22	7	164118	155974	5	3	18	6	1	1	2	1	2	0
GLY108C	9	8	23	12	1197	853.956238498971	8	7	29	13	1	1	1	1	1	1
LEU111C	9	8	31	22	12264	12249.5	7	7	30	19	12235	12235	4	4	12	3
GLY154C	4	4	10	9	2267	2267	3	3	9	7	1	1	1	1	1	1
ALA138A	4	4	14	9	544	323.685920087826	3	3	9	4	1	1	1	1	1	1
ASP208C	4	4	7	5	1	1	1	1	1	1	1	1	1	1	1	1
SER127C	5	3	15	6	4235	1883.09847731591	5	3	18	6	1	1	1	1	1	1
GLY199B	3	3	6	4	815	815	3	3	6	3	1	1	1	1	1	1
SER185A	4	2	11	3	761	3	3	2	8	0	1	1	1	1	1	1
ASP228C	4	2	10	2	5303	2275	4	2	9	0	3029	1	2	1	2	0
LEU188B	5	3	12	8	857	76.5724931247511	4	3	10	7	1	1	1	1	1	1
PRO153A	3	2	5	3	1	1	1	1	1	1	1	1	1	1	1	1
ASN247B	3	1	7	1	782	1	2	1	3	0	1	1	1	1	1	1
SER185B	3	1	9	1	761	1	2	1	7	0	1	1	2	1	4	0
SER149A	4	2	12	3	771	1	3	1	10	0	1	1	1	1	1	1
SER149B	5	2	12	3	187	1	3	1	13	0	1	1	1	1	1	1
THR230D	5	5	12	9	759	710.745186922818	4	4	7	4	106	57.7451869228179	3	3	3	2
GLU286D	4	3	11	7	929	7.19281931324949	3	2	6	2	1	1	1	1	1	1
GLN100D	4	2	11	4	2900	1076.86601172154	3	2	6	3	2729	1076.86601172154	2	2	1	1
GLN100A	5	3	14	4	1691	689.212194029775	4	3	10	4	1	1	1	1	1	1
PRO222A	4	2	9	2	1	1	2	1	5	0	552	475.54662512508	2	2	2	1
ARG196C	7	5	26	12	19477	9782.66636676086	6	5	27	15	1	1	1	1	1	1
ALA161A	7	7	23	18	4828	2064.57264302872	5	5	19	17	1	1	1	1	1	1
VAL143A	7	7	26	19	2521	2484	5	5	20	12	17	9	2	2	5	5
GLN136A	6	3	18	3	2865	1027.0953949123	6	3	24	1	916	1	2	1	3	0
SER215D	6	3	21	8	24194	5916.20615103648	5	3	17	7	11826	5850.21091075212	2	2	3	3
ALA129A	3	3	6	6	1	1	1	1	1	1	1	1	1	1	1	1
LEU130A	5	3	9	6	845	531	4	3	8	3	1	1	1	1	1	1
GLN192B	3	2	6	4	100	35.1868172855212	2	2	4	4	1	1	1	1	1	1
GLU286C	4	3	13	7	2201	1109.31335442971	3	2	9	2	1	1	1	1	1	1
SER166D	2	2	3	2	1	1	1	1	1	1	1	1	1	1	1	1
ASN200A	5	2	16	7	2079	721.540843556926	4	2	15	5	1	1	1	1	1	1
GLY112C	5	5	18	13	21243	16793.874674192	3	3	9	4	34074	34074	2	2	2	1
ASN210C	4	2	7	1	1	1	1	1	1	1	1	1	1	1	1	1
MET243B	5	3	15	3	624	582	4	3	11	0	1	1	1	1	1	1
VAL203C	7	7	23	18	761	760	6	6	26	17	1	1	1	1	1	1
GLU258C	5	2	21	4	761	136.642439785495	5	2	22	4	753	136.642439785495	2	2	3	1
ARG290C	2	1	1	1	2	1	2	1	1	0	1	1	1	1	1	1
LEU201A	2	2	1	1	2	2	2	2	1	0	1	1	1	1	1	1
LYS120B	3	1	8	1	760	1	2	1	4	0	1	1	1	1	1	1
SER185D	3	1	9	1	761	1	2	1	7	0	1	1	1	1	1	1
GLY262A	5	5	10	8	760	760	3	3	7	4	1	1	1	1	1	1
SER241C	2	2	6	5	1	1	1	1	1	1	1	1	1	1	1	1
SER96B	3	2	8	4	1	1	1	1	1	1	1	1	1	1	1	1
GLU180C	2	2	3	2	761	639.069553924687	2	2	2	1	1	1	1	1	1	1
SER183A	2	1	3	1	1	1	1	1	1	1	1	1	1	1	1	1
SER240A	4	3	17	10	5121	1500.40554808834	4	3	18	10	2224	800.405548088344	2	2	3	1
ASN235B	5	5	13	8	708	701.648859556211	4	4	11	5	80	73.6488595562106	3	3	5	2
ASP207C	4	3	9	8	761	139.241368646997	3	3	8	8	1	1	1	1	1	1
SER166A	3	2	6	2	959	1	2	1	3	0	1	1	1	1	1	1
ARG174C	3	2	10	5	1	1	1	1	1	1	1	1	1	1	1	1
SER183C	2	2	4	4	1	1	1	1	1	1	1	1	1	1	1	1
SER116B	4	2	8	3	1	1	2	1	3	0	23	23	2	2	1	0
SER121D	2	2	7	6	1	1	1	1	1	1	1	1	1	1	1	1
GLY117C	7	7	26	19	2924	1561.52738112948	6	6	29	23	2401	1270.81442080374	4	4	10	8
ARG248C	2	1	4	1	761	1	2	1	4	0	1	1	1	1	1	1
THR102B	2	2	4	1	1	1	1	1	1	1	1	1	1	1	1	1
ALA161B	5	5	17	12	2302	982.987684011048	3	3	9	8	1	1	1	1	1	1
GLY244C	5	5	12	10	1431	1431	3	3	9	7	1	1	1	1	1	1
ILE251A	5	3	17	9	599	30.5	4	3	18	10	1	1	1	1	1	1
GLU180D	2	2	4	2	761	761	2	2	3	1	761	761	2	2	1	0
GLN165A	4	3	8	5	761	226.742518514775	4	3	8	5	759	226.742518514775	2	2	1	1
ARG248D	2	2	2	1	761	654.188791318042	2	2	1	1	1	1	1	1	1	1
ASN247D	3	2	6	1	761	107.811208681958	2	2	1	1	1	1	1	1	1	1
MET243C	2	1	4	1	1	1	1	1	1	1	1	1	1	1	1	1
LEU264A	5	2	17	5	210	1	3	1	5	0	1	1	1	1	1	1
GLY187B	3	3	6	4	50	26.9275068752489	2	2	3	2	1	1	1	1	1	1
VAL143C	7	7	25	18	840	732	5	5	23	16	816	720	4	4	11	6
SER96C	2	1	7	1	1	1	1	1	1	1	761	1	2	1	2	0
GLU171C	3	2	10	5	760	217.482223298135	2	2	7	5	1	1	1	1	1	1
GLU287A	2	2	2	2	1	1	1	1	1	1	1	1	1	1	1	1
HIS115D	2	2	5	3	1	1	1	1	1	1	1	1	1	1	1	1
LEU265C	8	6	23	14	2458	2308.5	6	5	22	10	1	1	1	1	1	1
PHE212A	3	1	8	1	566	1	2	1	3	0	1	1	1	1	1	1
LYS120C	2	2	5	3	761	308.632829349535	2	2	4	2	1	1	1	1	1	1
SER215A	6	3	22	9	148297	34231.5965157424	5	3	20	9	1	1	1	1	1	1
SER95A	2	1	4	1	761	1	2	1	3	0	1	1	1	1	1	1
SER241A	3	2	6	5	65	1	2	1	2	0	1	1	1	1	1	1
THR170C	5	4	13	8	758	320	3	2	9	3	1	1	1	1	1	1
ARG248A	3	2	6	2	819	65	3	2	6	0	1	1	1	1	1	1
ARG209C	3	1	4	1	1	1	1	1	1	1	1	1	1	1	1	1
SER96D	4	2	14	5	761	1	3	2	13	2	1	1	1	1	1	1
SER106B	2	1	6	1	761	1	2	1	5	0	1	1	1	1	1	1
MET133D	4	4	16	10	3553	2290.25389799343	4	4	14	8	1476	1476	2	2	3	1
THR123A	3	3	9	8	1	1	2	2	5	3	761	389.580026180783	2	2	4	4
GLY226C	3	3	2	1	1	1	1	1	1	1	1	1	1	1	1	1
VAL225C	2	2	2	2	1	1	1	1	1	1	1	1	1	1	1	1
SER260C	4	2	8	1	770	1	2	1	2	0	1	1	1	1	1	1
ALA119A	3	2	9	5	21	21	2	2	5	4	1	1	1	1	1	1
LEU145D	7	7	28	21	925	471.5	6	6	27	16	1	1	2	2	3	3
GLN136B	6	3	24	4	11489	642	6	3	30	3	1	1	1	1	1	1
SER106D	2	1	6	1	761	1	2	1	6	0	1	1	1	1	1	1
SER227C	3	2	4	2	2275	1	2	1	3	0	1	1	1	1	1	1
LEU114A	4	3	14	8	760	463.277784286236	3	3	8	6	1	1	1	1	1	1
THR102D	3	3	8	4	761	761	2	2	4	2	1	1	1	1	1	1
ALA119B	4	3	9	4	758	758	2	2	5	3	1	1	1	1	1	1
SER166B	2	2	3	3	1	1	1	1	1	1	1	1	1	1	1	1
ARG284D	3	3	7	5	1	1	1	1	1	1	1	1	1	1	1	1
SER241D	2	2	5	2	1	1	1	1	1	1	1	1	1	1	1	1
SER269B	3	1	6	1	775	1	3	1	7	0	34	1	2	1	1	0
MET243A	2	1	3	1	1	1	1	1	1	1	1	1	1	1	1	1
SER269A	2	1	3	1	761	1	2	1	3	0	761	1	2	1	2	0
ALA119C	3	2	13	7	684	684	2	2	8	6	684	684	2	2	6	4
SER185C	2	1	5	1	1	1	1	1	1	1	1	1	1	1	1	1
SER96A	1	1	1	1	1	1	1	1	1	1	1	1	1	1	1	1
HIS115A	1	1	1	1	1	1	1	1	1	1	1	1	1	1	1	1
LYS120A	1	1	1	1	1	1	1	1	1	1	1	1	1	1	1	1
SER121A	1	1	1	1	1	1	1	1	1	1	1	1	1	1	1	1
GLU180A	1	1	1	1	1	1	1	1	1	1	1	1	1	1	1	1
SER95B	1	1	1	1	1	1	1	1	1	1	1	1	1	1	1	1
HIS115B	1	1	1	1	1	1	1	1	1	1	1	1	1	1	1	1
GLU180B	1	1	1	1	1	1	1	1	1	1	1	1	1	1	1	1
SER183B	1	1	1	1	1	1	1	1	1	1	1	1	1	1	1	1
LEU201B	1	1	1	1	1	1	1	1	1	1	1	1	1	1	1	1
GLU224B	1	1	1	1	1	1	1	1	1	1	1	1	1	1	1	1
GLU287B	1	1	1	1	1	1	1	1	1	1	1	1	1	1	1	1
SER94C	1	1	1	1	1	1	1	1	1	1	1	1	1	1	1	1
GLU224C	1	1	1	1	1	1	1	1	1	1	1	1	1	1	1	1
ASN288C	1	1	1	1	1	1	1	1	1	1	1	1	1	1	1	1
SER95D	1	1	1	1	1	1	1	1	1	1	1	1	1	1	1	1
SER183D	1	1	1	1	1	1	1	1	1	1	1	1	1	1	1	1
LEU201D	1	1	1	1	1	1	1	1	1	1	1	1	1	1	1	1
GLU287D	1	1	1	1	1	1	1	1	1	1	1	1	1	1	1	1
ARG290A	1	1	1	1	1	1	1	1	1	1	1	1	1	1	1	1
