Degree	Degree_sidechain	SecondOrderDegree	SecondOrderDegree_sidechain	NodeEdgeBetweennessSTRIDE	NodeEdgeBetweennessSTRIDE_sidechain	IntermodularDegreeSTRIDE	IntermodularDegreeSTRIDE_sidechain	SecondOrderIntermodularDegreeSTRIDE	SecondOrderIntermodularDegreeSTRIDE_sidechain	NodeEdgeBetweennessWALKTRAP	NodeEdgeBetweennessWALKTRAP_sidechain	IntermodularDegreeWALKTRAP	IntermodularDegreeWALKTRAP_sidechain	SecondOrderIntermodularDegreeWALKTRAP	SecondOrderIntermodularDegreeWALKTRAP_sidechain
CYS229A	6	4	17	9	2568	886.770812665326	6	4	18	9	741	1	2	1	2	0
TRP146A	7	3	21	3	1087	443.513728247828	5	3	16	3	1443	1	3	1	7	0
ARG273A	7	3	25	7	439	286.64928775332	5	3	13	6	1020	286.64928775332	6	3	13	2
ASP281A	4	3	16	7	190	45.4451030186108	3	3	8	6	168	35.6758346376487	3	2	10	2
CYS242A	7	5	20	8	214	110.413392365901	5	4	22	11	95	48	2	2	4	3
HIS179A	7	5	20	10	2564	299.752611309775	7	5	26	11	2116	225.752611309775	5	4	14	7
ARG202A	4	3	9	2	702	382.484084243646	3	3	3	2	702	382.484084243646	3	3	6	3
GLU221A	5	2	11	2	388	81.8286952625551	3	2	6	2	620	81.8286952625551	5	2	7	2
GLN104A	4	3	13	8	176	49.4540788922748	3	3	12	9	190	49.4540788922748	3	2	6	3
GLY108A	8	7	18	10	1158	679.082635749068	7	6	27	13	950	679.082635749068	4	4	9	5
GLN167A	4	3	5	4	377	377	2	2	4	3	1	1	1	1	1	1
SER166A	2	2	3	2	1	1	1	1	1	1	1	1	1	1	1	1
ARG175A	7	6	20	12	3460	2767.09513142403	7	6	29	15	1790	1121.60871489819	4	3	14	6
GLY279A	9	9	25	21	297	282.633362836937	4	4	11	8	420	325.253170473278	6	6	16	10
THR118A	6	4	16	8	1750	635.720345027262	6	4	13	7	1086	628.292533211855	3	3	9	7
PRO128A	4	4	9	5	608	608	3	3	9	3	1	1	1	1	1	1
TYR126A	7	2	19	3	4316	552	6	2	18	2	3289	1	5	1	13	0
ASP148A	4	3	11	8	190	60.9435699672797	4	3	18	9	190	60.9435699672797	2	2	4	4
VAL147A	8	6	20	8	860	860	7	5	26	5	1334	1334	4	3	9	0
CYS176A	7	6	19	10	2610	977.507810455066	5	4	22	11	1574	1025.91076563794	4	4	7	5
ARG249A	8	6	21	11	3620	2042.70602679897	8	6	25	12	888	444.5	2	2	2	2
GLU171A	3	2	10	5	189	56.4481608792973	2	2	7	5	1	1	1	1	1	1
THR230A	6	6	15	12	217	179.607619991716	5	5	11	7	158	123.284626363512	3	3	6	3
THR231A	6	6	19	17	363	363	3	3	7	5	64	35.7153736364881	3	3	5	4
ARG283A	4	4	11	9	297	206.196315736313	2	2	5	3	510	377.988265355367	4	4	10	7
SER241A	4	3	11	5	62	1	2	1	2	0	62	1	2	1	1	0
TYR239A	6	1	23	1	348	1	4	1	19	0	348	1	4	1	13	0
ARG213A	9	7	17	10	2540	531.288213170924	9	7	24	11	1598	75	5	3	7	2
THR211A	6	5	14	9	745	745	3	2	11	6	745	745	2	2	4	2
GLN165A	5	4	12	9	938	199.072564613217	5	4	14	9	1	1	1	1	1	1
GLY154A	5	5	15	12	225	225	4	4	14	9	106	106	2	2	2	0
PRO153A	3	2	6	4	1	1	1	1	1	1	1	1	1	1	1	1
ILE162A	7	3	21	6	3644	624.986893563373	6	3	23	6	1053	1	3	1	5	0
VAL173A	8	8	20	19	4097	3525.80207433785	6	6	21	16	3801	3055.25317539534	4	4	5	2
THR253A	7	7	28	14	2665	1350.26825993334	5	5	22	11	444	222.5	4	4	10	5
TYR236A	8	4	32	10	2868	523.388186633255	8	4	35	8	111	1	2	1	4	0
ARG156A	8	4	27	10	319	83.6662073067301	6	3	26	5	106	1	3	1	5	0
VAL217A	7	7	24	20	1957	1231.58275775523	5	5	20	12	1	1	1	1	1	1
GLU271A	6	4	15	5	2850	457.970135764207	5	4	11	6	2596	341.694258160627	4	2	6	1
PRO250A	5	4	14	8	1652	1391.92743538678	5	4	17	9	1	1	1	1	1	1
ALA203A	7	6	21	15	180	65.6792473838831	5	4	18	12	2	1	2	1	3	0
GLU204A	5	2	19	3	190	1	5	2	19	2	1	1	1	1	1	1
THR125A	9	8	29	22	1904	1236.37850769801	7	6	27	18	617	278.280701456606	5	5	11	6
CYS124A	7	5	25	16	224	168.04375102441	6	4	19	11	1	1	3	1	6	0
CYS141A	8	7	25	13	689	372.93757567786	5	5	21	14	1	1	1	1	1	1
ALA129A	4	4	8	8	2	1.5	2	2	2	2	1	1	1	1	1	1
HIS233A	3	2	8	5	101	1	2	1	3	0	1	1	1	1	1	1
THR140A	6	4	16	8	304	192.520165719173	4	3	7	2	204	92.5201657191728	3	2	7	2
CYS238A	10	6	32	13	3556	1317.32618586926	9	5	45	15	2668	639	8	4	26	7
MET246A	9	5	25	12	306	225.57341277977	8	5	34	12	236	225.57341277977	7	5	19	7
PRO142A	7	5	22	12	527	56.4034705552354	4	3	9	5	70	1	2	1	3	0
ASP208A	4	4	6	4	1	1	1	1	1	1	1	1	1	1	1	1
LEU264A	6	6	16	14	1660	1069	3	3	5	2	1514	680.266270590525	3	3	8	5
LEU265A	8	5	25	16	400	382	6	4	26	10	337	243.733729409475	5	2	12	2
GLY187A	4	4	7	5	192	20.469209543227	3	3	5	3	3	3	2	2	3	1
LEU188A	6	2	16	6	190	2	4	2	9	3	190	2	4	2	4	0
ALA189A	6	6	17	11	2137	1436.85586502602	4	4	14	9	744	216.85398522213	2	2	2	2
TYR205A	7	4	28	15	4562	1046.24200725729	7	4	27	13	2319	961	3	2	11	5
ARG110A	7	5	16	11	1250	936.519715391377	7	5	23	13	1250	936.519715391377	5	5	9	6
TYR163A	4	3	17	9	3182	191.856977499439	4	3	19	9	1634	1	2	1	3	0
GLN192A	6	3	12	6	359	1	4	1	7	0	359	1	3	1	4	0
PRO190A	7	5	20	12	1384	1384	2	2	6	3	1	1	1	1	1	1
GLY266A	8	8	21	17	302	263.887918674232	5	5	17	9	242	203.887918674232	4	4	12	8
ASN235A	5	5	14	8	395	341.499560222842	4	4	9	4	786	732.499560222842	5	5	10	5
LYS139A	5	1	15	1	425	1	4	1	10	0	228	1	2	1	4	0
ARG282A	8	6	23	12	3436	2283.41334481042	6	5	24	11	2695	2083.24124241872	7	5	15	3
PHE134A	6	5	21	11	92	33.1233438453418	5	4	20	12	86	31	3	2	10	4
ARG158A	8	6	23	10	4704	2916.48468201256	5	5	15	9	3637	2273.73364707453	5	4	12	4
GLU258A	6	3	21	8	2967	625.545254446312	5	3	19	6	4091	531.860950371087	3	2	8	3
LYS164A	2	2	5	3	190	138.72412239642	2	2	4	3	1	1	1	1	1	1
LEU252A	6	6	15	8	4928	4846.73803103274	5	5	14	6	3787	3787	3	3	7	1
SER269A	4	1	8	1	1486	1	3	1	7	0	671	1	2	1	2	0
MET237A	8	5	22	9	1582	378.612006027204	7	5	26	14	662	74.5534632605775	5	3	14	4
PRO152A	5	4	14	9	790	349.528888423043	4	4	14	8	389	295.072102921538	3	3	3	1
LEU194A	7	7	27	23	490	388.42658722023	7	7	33	23	294	290.42658722023	3	3	13	7
ALA159A	6	6	24	16	440	257.158501738101	4	4	15	10	521	488.704309460066	4	4	13	10
VAL216A	9	9	26	20	2789	2597.43806748043	7	7	29	20	2770	2594.93806748043	6	6	19	14
ILE255A	9	5	33	14	2296	326.780523178925	6	3	25	5	2889	262.73471545696	6	3	17	5
TYR234A	7	4	26	11	897	86.0609750829746	5	3	19	5	895	86.0609750829746	5	3	15	5
GLY262A	5	5	9	6	979	885.315695924775	3	3	7	4	1	1	1	1	1	1
PRO98A	5	5	15	8	1519	1251.71178682908	4	4	16	9	1	1	1	1	1	1
VAL97A	7	6	14	7	557	345.048199177682	6	5	19	4	302	217.548199177682	3	3	4	2
ASP184A	4	4	13	8	190	40.2101361384678	4	4	17	13	190	40.2101361384678	4	4	9	5
GLN144A	8	5	22	8	3528	716.774228142995	5	4	15	7	194	97.5	2	2	1	1
GLN100A	3	2	7	5	327	82.2619689672638	2	2	4	4	1	1	1	1	1	1
PRO219A	3	3	8	8	409	239.687220493799	2	2	2	2	982	723.721651872125	3	3	5	5
VAL218A	8	8	23	16	1337	743.942686459069	6	6	25	18	1359	482.465568621674	4	4	11	10
THR256A	6	6	19	18	1305	630.112081325768	3	3	6	6	3956	3281.11208132577	5	5	12	8
ILE232A	7	5	27	16	1549	435.986412625065	5	4	22	13	901	435.986412625065	4	4	8	8
ARG174A	4	3	14	6	148	37.9257716569652	3	3	7	4	148	37.9257716569652	2	2	3	3
ASN200A	5	2	16	7	442	153.378066157048	4	2	13	5	1	1	2	1	6	0
VAL197A	9	8	29	22	3197	1668.06193251957	8	7	31	19	2337	808.061932519566	7	6	16	11
VAL272A	8	7	30	18	335	156.59969440564	4	3	15	7	654	490	4	3	10	3
VAL274A	11	10	32	23	4482	4137.24532688777	9	8	38	20	1976	1818	5	4	18	5
GLN136A	6	4	22	6	1224	491.413758295143	6	4	23	2	331	164.413758295143	2	2	3	2
LEU130A	7	6	13	9	876	607.987649236422	6	6	16	11	1	1	1	1	1	1
SER127A	5	3	12	6	498	207.220956883884	5	3	14	6	81	1	2	1	6	0
LEU114A	3	3	11	7	358	206.096529444765	3	3	7	5	194	97.5	2	2	1	1
ALA276A	5	3	13	6	178	1	3	1	12	0	1	1	1	1	1	1
TYR103A	5	1	12	1	865	1	4	1	11	0	323	1	2	1	3	0
CYS275A	7	7	19	14	392	202.895629430086	5	5	21	16	272	118.674877609031	2	2	5	2
LEU133A	6	6	23	17	398	363.636327967111	6	6	27	15	112	112	2	2	4	0
ALA161A	6	6	22	17	1755	762.393534450511	4	4	16	15	412	412	3	3	5	1
ASP207A	4	3	10	9	189	30.5688234552906	3	3	9	9	185	29.9443375887618	2	2	3	3
HIS193A	7	7	17	12	784	681.928938818622	6	6	19	12	555	452.928938818622	4	4	7	5
ASN131A	4	3	12	3	1222	671	4	3	14	2	671	671	3	3	5	0
PHE270A	9	3	23	7	7188	672.743859027769	8	3	32	7	5770	1	5	1	9	0
PRO223A	5	5	9	8	636	551.392380008284	4	4	12	7	1	1	1	1	1	1
GLY245A	7	7	20	15	1741	1265.5	5	5	17	13	894	450.5	3	3	7	5
LYS132A	4	3	12	5	2040	1439.8102300498	3	3	8	6	1191	850.305741839373	2	2	3	1
GLU198A	5	3	14	6	499	165.980274057985	4	3	13	5	499	165.980274057985	4	3	12	5
ARG196A	7	5	23	11	1261	527.392302609699	6	5	24	15	278	88.1811489633443	3	2	9	3
ASP228A	4	1	9	1	190	1	4	1	10	0	5	1	2	1	2	0
PRO191A	4	3	15	6	1382	1	2	1	6	0	1	1	1	1	1	1
ALA138A	4	4	13	7	200	126.446536739422	3	3	9	4	185	111.446536739422	2	2	4	2
LEU137A	6	5	23	10	1006	654	5	4	25	8	654	654	4	4	14	5
GLY112A	5	5	15	12	2338	1889.44123094385	3	3	8	5	1	1	1	1	1	1
PHE113A	5	3	16	4	3524	3486	4	3	16	3	3486	3486	3	3	8	0
HIS214A	5	5	12	9	600	356.576466069122	5	5	12	9	596	353.200951935651	4	4	6	4
ILE251A	5	4	21	15	362	184	5	4	21	12	165	165	3	3	9	6
VAL172A	5	5	17	16	969	969	4	4	11	7	1895	1525.74682460466	3	3	7	5
SER261A	5	1	8	1	1	1	2	1	3	0	1	1	1	1	1	1
ILE195A	6	5	23	12	2070	689.804391211644	6	5	23	11	1410	299	5	4	12	4
LEU257A	9	7	28	18	1756	1004.0148458336	8	7	37	20	1655	953.514845833603	5	4	14	5
PHE109A	6	2	26	5	1628	170	6	2	28	2	1459	1	4	1	10	0
ASP259A	6	5	12	4	486	143.789967778826	3	2	8	2	1	1	1	1	1	1
LEU145A	5	5	22	18	573	351.207156622256	4	4	17	14	486	307.707156622256	3	3	6	6
SER96A	3	1	9	1	190	1	3	1	13	0	1	1	1	1	1	1
TYR107A	6	2	16	3	638	94.9278970784616	5	2	16	3	297	94.9278970784616	2	2	2	2
ILE254A	6	3	23	5	1931	1434.51310643663	3	3	7	3	1	1	2	1	3	0
ASP186A	5	4	9	7	930	714.14601477787	4	3	8	4	930	714.14601477787	3	3	4	2
ASN263A	4	3	7	4	558	65.2100322211736	4	3	5	1	1	1	1	1	1	1
THR123A	6	5	19	12	331	167.586241704857	4	3	17	6	331	167.586241704857	4	3	5	1
VAL122A	8	7	21	19	344	246.234892012527	5	5	15	11	320	231.868254849464	4	4	8	4
GLY105A	7	7	17	13	720	720	6	6	19	9	337	337	4	4	7	2
VAL157A	10	8	32	23	1349	737.109577389433	8	6	31	16	749	503.806430752679	4	4	10	7
LEU111A	8	7	26	17	3166	2938.32155964391	7	7	25	15	2963	2836.82155964391	4	4	10	3
VAL143A	7	6	23	16	219	161	5	4	15	10	134	134	4	3	7	2
PRO278A	9	7	24	19	1177	754	8	6	25	8	300	86.9548799076676	3	3	8	7
GLU285A	6	4	18	7	1260	260.495511789578	5	4	15	7	1	1	1	1	1	1
THR284A	4	4	7	4	1	1	1	1	1	1	49	49	2	2	3	0
CYS135A	5	4	25	15	1146	212.146998240828	5	4	26	14	1	1	1	1	1	1
CYS220A	5	4	22	12	303	31.1968533632462	4	3	22	11	95	6	3	2	8	1
THR155A	9	8	26	19	1766	1326.02836866489	9	8	32	18	1229	961.485154166397	5	5	10	4
SER185A	3	3	5	5	190	172.530790456773	3	3	5	4	1	1	1	1	1	1
HIS168A	4	3	10	7	190	99.4888348222977	3	2	11	5	1	1	1	1	1	1
GLU286A	4	3	13	6	16	8.55716254003792	3	2	9	2	175	46.269908633113	2	2	6	4
CYS182A	6	4	9	6	377	376.78036928956	3	3	8	5	1	1	1	1	1	1
HIS178A	5	2	11	3	77	1.21963071044008	3	2	8	2	114	1	2	1	3	0
SER240A	4	3	18	11	190	159	4	3	19	9	190	159	4	3	15	5
ALA119A	5	3	15	4	377	377	3	2	8	3	1	1	1	1	1	1
LYS120A	2	1	4	1	1	1	1	1	1	1	1	1	1	1	1	1
CYS277A	6	3	12	3	74	1	2	1	7	0	1	1	1	1	1	1
ARG280A	4	1	11	1	1	1	1	1	1	1	282	1	4	1	9	0
PHE212A	3	1	7	1	190	1	2	1	3	0	1	1	1	1	1	1
ARG267A	5	4	12	7	276	239.196520138581	3	3	3	1	1	1	1	1	1	1
LYS101A	3	1	7	1	106	1	2	1	2	0	1	1	1	1	1	1
PRO151A	5	3	12	2	377	1	3	1	11	0	377	1	3	1	6	0
THR150A	2	2	4	2	1	1	1	1	1	1	1	1	1	1	1	1
ASP268A	4	4	14	10	190	127.178440356087	3	3	12	10	190	127.178440356087	2	2	3	3
SER99A	5	4	9	4	265	37.803479861419	3	2	4	2	1	1	1	1	1	1
SER149A	4	2	12	2	190	74	3	2	10	1	1	1	1	1	1	1
PRO222A	4	2	9	2	1	1	2	1	4	0	228	228	2	2	4	1
LEU206A	5	3	15	7	189	34.731765979828	4	2	13	4	189	34.731765979828	4	2	11	3
GLY117A	4	4	11	8	318	176.423231878523	3	3	11	8	432	297.85104369393	3	3	6	4
SER116A	3	1	8	1	60	1	2	1	4	0	190	1	3	1	5	0
SER215A	6	3	19	7	1902	493.67363657456	5	3	15	5	1687	493.67363657456	5	3	15	4
SER227A	4	3	6	4	1306	745	4	3	9	3	745	745	3	3	2	0
ASN210A	3	1	7	1	1	1	1	1	1	1	1	1	1	1	1	1
GLY244A	4	4	7	7	377	147.706279639793	3	3	5	5	313	115.706279639793	2	2	2	2
PRO177A	4	4	9	8	313	198.293720360207	2	2	2	2	810	568.630343412496	3	3	4	4
LEU289A	3	3	8	7	190	68.6108874943144	3	3	6	6	1	1	1	1	1	1
MET160A	6	2	16	3	1011	693	4	2	12	2	1157	693	4	2	10	2
GLY226A	3	3	4	4	562	562	2	2	3	2	1	1	1	1	1	1
THR102A	2	2	4	1	1	1	1	1	1	1	1	1	1	1	1	1
ARG248A	3	2	6	3	246	62	3	2	5	0	62	62	2	2	1	0
GLY199A	3	3	6	4	141	141	2	2	3	1	1	1	1	1	1	1
MET169A	4	2	10	5	189	28.9518008223182	3	2	13	4	189	28.9518008223182	3	2	6	2
ASN288A	2	2	3	3	1	1	1	1	1	1	1	1	1	1	1	1
SER106A	2	1	6	1	190	1	2	1	5	0	1	1	1	1	1	1
GLU224A	2	1	2	1	1	1	1	1	1	1	1	1	1	1	1	1
VAL225A	3	3	2	2	1	1	1	1	1	1	1	1	1	1	1	1
MET243A	2	1	3	1	1	1	1	1	1	1	1	1	1	1	1	1
SER260A	4	2	9	1	20	1	2	1	3	0	1	1	1	1	1	1
THR170A	5	4	10	7	188	57.5	3	2	13	4	188	57.5	3	2	6	2
ASN247A	2	1	6	1	1	1	1	1	1	1	1	1	1	1	1	1
SER121A	3	2	10	7	1	1	1	1	1	1	1	1	1	1	1	1
SER183A	2	2	4	4	1	1	1	1	1	1	1	1	1	1	1	1
GLU180A	2	2	5	3	190	190	2	2	3	0	190	190	2	2	2	0
ARG209A	2	1	3	1	1	1	1	1	1	1	1	1	1	1	1	1
HIS115A	1	1	1	1	1	1	1	1	1	1	1	1	1	1	1	1
ARG181A	1	1	1	1	1	1	1	1	1	1	1	1	1	1	1	1
LEU201A	1	1	1	1	1	1	1	1	1	1	1	1	1	1	1	1
GLU287A	1	1	1	1	1	1	1	1	1	1	1	1	1	1	1	1
ARG290A	1	1	1	1	1	1	1	1	1	1	1	1	1	1	1	1
LYS291A	1	1	1	1	1	1	1	1	1	1	1	1	1	1	1	1
LYS292A	1	1	1	1	1	1	1	1	1	1	1	1	1	1	1	1
