Degree	Degree_sidechain	SecondOrderDegree	SecondOrderDegree_sidechain	NodeEdgeBetweennessSTRIDE	NodeEdgeBetweennessSTRIDE_sidechain	IntermodularDegreeSTRIDE	IntermodularDegreeSTRIDE_sidechain	SecondOrderIntermodularDegreeSTRIDE	SecondOrderIntermodularDegreeSTRIDE_sidechain	NodeEdgeBetweennessWALKTRAP	NodeEdgeBetweennessWALKTRAP_sidechain	IntermodularDegreeWALKTRAP	IntermodularDegreeWALKTRAP_sidechain	SecondOrderIntermodularDegreeWALKTRAP	SecondOrderIntermodularDegreeWALKTRAP_sidechain
CYS229A	0.814371614438665	0.531858875050011	0.76418263859241	0.855879359407825	1.00910680973553	0.31570160544778	1.44917405881782	1.0605377879302	1.1410203414297	1.17475528480418	0.950001563967564	0.837221905053367	0.443715962620695	0.842861718351434	-0.321575616129468	0.33226227180872
TRP146A	1.29514521814342	0.025818391992719	1.14955089887743	-0.0224052188326655	1.62958864423865	0.1077141632298	0.957758634028386	-0.0878898719279169	0.942052381536261	-0.224953139643353	0.548238512291133	0.730441266387063	0.443715962620695	0.842861718351434	-0.321575616129468	-0.126353258293457
ARG196A	1.29514521814342	1.0378993581073	1.53491915916246	0.855879359407825	0.63899483827753	0.825275575410722	1.44917405881782	1.63475161785926	1.33998830132313	1.34971883786012	0.000798018212941962	-0.45861898114191	-0.235724105142245	-0.817448802220235	0.38661338118936	-1.04358431849781
ASP184A	0.333598010733911	0.025818391992719	-0.00655388197763656	-0.0224052188326655	-0.625554397537308	-0.650897511191892	-0.0250722155504813	-0.662103701856975	0.444632481802675	-0.224953139643353	-0.548175922627373	-0.408959149171546	-0.235724105142245	0.0127064580655996	-0.557638615235744	-0.126353258293457
GLY108A	1.77591882184817	2.04998032422189	1.14955089887743	0.680222443759727	-0.410562884705087	-0.238393860721146	1.94058948360725	2.20896544778831	1.53895626121656	0.999791731748236	-0.634048941306304	-0.45861898114191	-0.915164172905184	-0.817448802220235	-0.79370161434202	-0.584968788395635
TYR107A	0.333598010733911	-0.986262574121866	0.892638725354084	-1.07634671272125	-0.546633462446999	-0.658784146555677	0.466343209238952	-0.662103701856975	0.444632481802675	-0.749843798811177	-0.354961630599776	-0.393788254248731	0.443715962620695	0.0127064580655996	0.38661338118936	-0.126353258293457
CYS242A	0.333598010733911	0.531858875050011	-0.00655388197763656	0.153251696815433	-0.68996113766848	-0.57895224121699	-0.0250722155504813	0.486323958001141	0.643600441696109	1.17475528480418	-0.634048941306304	-0.45861898114191	-0.235724105142245	0.0127064580655996	-0.0855126170231919	0.33226227180872
HIS179A	0.814371614438665	0.531858875050011	0.76418263859241	0.504565528111629	0.84037929333556	-0.314194482337806	1.44917405881782	1.0605377879302	1.63844024116328	1.87460949702794	0.828859269759785	-0.246745377058067	1.12315603038364	0.842861718351434	0.622676380295637	1.24949333201308
GLU224A	-0.627949196675597	0.025818391992719	-0.39192214226266	0.328908612463531	0.297911256737803	0.426069319801297	-0.0250722155504813	0.486323958001141	-0.152271397877628	0.474901072580412	0.367291794360526	0.396251170096741	-0.235724105142245	0.0127064580655996	-0.557638615235744	-0.126353258293457
SER227A	-0.147175592970843	0.025818391992719	-0.777290402547683	-0.373719050128862	0.557352491632383	0.374896221421842	0.466343209238952	0.486323958001141	-0.0527874179309112	0.299937519524471	-0.634048941306304	-0.45861898114191	-0.915164172905184	-0.817448802220235	-0.79370161434202	-0.584968788395635
ARG175A	0.814371614438665	1.5439398411646	0.635726551830735	1.20719319070402	1.33930474505591	2.23937909479974	1.44917405881782	2.20896544778831	1.73792422111	1.87460949702794	0.394893836078754	1.02988658199472	-0.235724105142245	0.0127064580655996	-0.321575616129468	-0.126353258293457
GLY279A	1.29514521814342	2.04998032422189	1.14955089887743	2.61244851588881	-0.601061693543764	-0.358078023286924	-0.516487640339915	-0.0878898719279169	-0.251755377824346	0.649864625636353	-0.224618655819254	0.0472599470307897	-0.235724105142245	0.0127064580655996	-0.321575616129468	0.33226227180872
THR118A	0.333598010733911	0.531858875050011	-0.00655388197763656	0.680222443759727	0.0820126067206356	0.17159108412737	0.957758634028386	1.0605377879302	-0.152271397877628	0.649864625636353	0.876396119385622	0.807829257434233	1.12315603038364	1.67301697863727	-0.321575616129468	0.33226227180872
PRO128A	-0.147175592970843	0.531858875050011	-0.263466055500985	-0.0224052188326655	-0.324384852135209	0.162141982645938	-0.0250722155504813	0.486323958001141	0.146180541962523	0.299937519524471	-0.634048941306304	-0.45861898114191	-0.915164172905184	-0.817448802220235	-0.79370161434202	-0.584968788395635
TYR126A	0.814371614438665	-0.986262574121866	1.02109481211576	-0.900689797073156	0.960121401748443	-0.473091598708222	0.957758634028386	-0.662103701856975	0.842568401589544	-0.749843798811177	-0.634048941306304	-0.45861898114191	-0.235724105142245	-0.817448802220235	-0.557638615235744	-1.04358431849781
CYS176A	0.814371614438665	1.0378993581073	0.507270465069061	0.328908612463531	1.06897786394197	0.486010795778986	1.44917405881782	1.63475161785926	0.942052381536261	1.17475528480418	0.252283287201242	-0.124456981789384	-0.235724105142245	0.0127064580655996	-0.0855126170231919	0.33226227180872
ARG249A	0.814371614438665	1.0378993581073	0.507270465069061	0.328908612463531	2.10129998041061	2.44963095721507	1.44917405881782	1.63475161785926	0.743084421642827	0.824828178692295	1.05734283731623	1.52124870156963	0.443715962620695	0.842861718351434	0.38661338118936	0.33226227180872
GLU171A	-1.10872280038035	-0.986262574121866	-0.777290402547683	-0.54937596577696	-0.55116914837173	-0.56104317290632	-1.00790306512935	-0.662103701856975	-0.749175277557932	-0.224953139643353	-0.394831246414994	-0.45861898114191	-0.235724105142245	-0.817448802220235	-0.321575616129468	-1.04358431849781
TYR205A	1.29514521814342	0.025818391992719	1.92028741944748	1.55850702200022	2.41516944640196	-0.620462849323618	1.94058948360725	0.486323958001141	2.13586014089687	1.52468239091606	2.23042961034092	-0.45861898114191	1.12315603038364	0.0127064580655996	2.03905437493329	1.24949333201308
VAL203A	1.29514521814342	2.04998032422189	1.14955089887743	2.08547776894451	0.0112559062948412	0.129076438441522	1.44917405881782	2.20896544778831	1.83740820105672	2.92439081536359	0.8104579086143	0.76177349519222	1.12315603038364	1.67301697863727	0.858739379401913	1.70810886211525
THR230A	0.814371614438665	1.0378993581073	0.378814378307387	1.20719319070402	-0.743482231580299	-0.610725541334956	0.957758634028386	1.0605377879302	0.444632481802675	0.474901072580412	-0.327359588881548	-0.221047698886604	1.12315603038364	1.67301697863727	0.38661338118936	1.24949333201308
THR231A	0.333598010733911	1.0378993581073	-0.00655388197763656	0.855879359407825	0.45847453847326	0.884546324493605	-0.516487640339915	-0.0878898719279169	-0.749175277557932	-0.224953139643353	0.508368896475914	0.232484254159739	0.443715962620695	0.842861718351434	-0.0855126170231919	0.790877801910898
ARG267A	1.77591882184817	1.0378993581073	0.378814378307387	-0.198062134480764	0.748758437656006	0.278931637204042	0.957758634028386	1.0605377879302	-0.351239357771063	-0.574880245755236	-0.634048941306304	-0.45861898114191	-0.915164172905184	-0.817448802220235	-0.79370161434202	-0.584968788395635
GLY266A	0.814371614438665	1.5439398411646	1.02109481211576	1.55850702200022	0.994592614776394	2.36126014285772	0.466343209238952	1.0605377879302	0.146180541962523	-0.0499895865874118	0.246149500152747	0.814707685386297	-0.235724105142245	0.0127064580655996	-0.0855126170231919	-0.126353258293457
GLN165A	-0.627949196675597	-0.480222091064573	-0.905746489309357	-0.54937596577696	-0.672725531154505	-0.619205481759773	-0.0250722155504813	-0.0878898719279169	-0.550207317664497	-0.224953139643353	-0.634048941306304	-0.45861898114191	-0.915164172905184	-0.817448802220235	-0.79370161434202	-0.584968788395635
GLN167A	-0.627949196675597	-0.986262574121866	-1.16265866283271	-0.900689797073156	-0.841453047554476	-0.699960734906136	-1.00790306512935	-0.662103701856975	-1.04762721739808	-0.749843798811177	-0.634048941306304	-0.45861898114191	-0.915164172905184	-0.817448802220235	-0.79370161434202	-0.584968788395635
GLY154A	-0.627949196675597	0.025818391992719	-0.648834315786008	0.153251696815433	-0.339806184279293	0.136430147210174	-0.516487640339915	-0.0878898719279169	-0.45072333771778	0.124973966468529	-0.634048941306304	-0.45861898114191	-0.915164172905184	-0.817448802220235	-0.79370161434202	-0.584968788395635
PRO153A	-1.10872280038035	-0.986262574121866	-1.29111474959438	-0.900689797073156	-0.843267321924368	-0.702985656722108	-1.49931848991878	-1.23631753178603	-1.24659517729152	-0.924807351867118	-0.634048941306304	-0.45861898114191	-0.915164172905184	-0.817448802220235	-0.79370161434202	-0.584968788395635
ILE162A	0.333598010733911	-0.480222091064573	0.76418263859241	-0.725032881425058	2.04687174931385	0.083651114181518	0.466343209238952	-0.0878898719279169	0.444632481802675	-0.224953139643353	2.65979470373558	0.695147789870257	1.80259609814658	0.842861718351434	1.33086537761447	-0.126353258293457
VAL173A	1.29514521814342	1.5439398411646	0.635726551830735	1.38285010635212	1.60146739150532	3.02015480752033	0.957758634028386	1.63475161785926	0.643600441696109	1.699645943972	1.0941455596072	0.150634766177857	1.80259609814658	1.67301697863727	1.09480237850819	2.16672439221743
THR253A	0.814371614438665	1.5439398411646	1.66337524592413	1.38285010635212	-0.514883660973886	-0.483081358419605	0.466343209238952	1.0605377879302	0.942052381536261	1.34971883786012	-0.14181253066457	-0.178882738882647	1.12315603038364	1.67301697863727	1.33086537761447	3.08395545242179
TYR236A	1.77591882184817	0.025818391992719	2.3056556797325	0.680222443759727	5.67179194035839	-0.334711433512699	2.43200490839669	0.486323958001141	2.73276402057717	0.824828178692295	-0.448501883089327	-0.334874174642199	0.443715962620695	0.842861718351434	0.38661338118936	0.790877801910898
ALA138A	-0.627949196675597	0.025818391992719	-0.135009968739311	0.153251696815433	-0.780674856163089	-0.639352307035589	-0.516487640339915	-0.0878898719279169	-0.45072333771778	-0.399916692699294	-0.634048941306304	-0.45861898114191	-0.915164172905184	-0.817448802220235	-0.79370161434202	-0.584968788395635
LEU137A	1.29514521814342	1.5439398411646	1.53491915916246	1.03153627505592	0.514717043939917	0.284060792317468	1.44917405881782	1.63475161785926	2.53379606068374	1.52468239091606	-0.0605398522720094	0.115064729857078	0.443715962620695	0.842861718351434	0.150550382083084	0.33226227180872
GLU271A	-0.147175592970843	0.025818391992719	-0.00655388197763656	-0.373719050128862	0.48841006557648	-0.223839299529676	-0.0250722155504813	0.486323958001141	-0.351239357771063	0.124973966468529	2.49878279371259	-0.0695283179136481	0.443715962620695	0.0127064580655996	0.38661338118936	-0.584968788395635
PRO250A	0.333598010733911	0.531858875050011	-0.263466055500985	-0.0224052188326655	0.149140758406646	0.867866401652344	0.957758634028386	1.0605377879302	0.345148501855958	0.474901072580412	-0.351894737075528	-0.0504445793279903	-0.235724105142245	0.0127064580655996	-0.79370161434202	-1.04358431849781
ASN268A	0.333598010733911	0.025818391992719	0.892638725354084	0.504565528111629	1.57243900158705	2.95716974060424	0.466343209238952	-0.0878898719279169	0.544116461749392	-0.399916692699294	-0.634048941306304	-0.45861898114191	-0.915164172905184	-0.817448802220235	-0.79370161434202	-0.584968788395635
CYS124A	1.77591882184817	1.0378993581073	0.892638725354084	1.38285010635212	1.20232703012905	1.45081862654711	0.957758634028386	0.486323958001141	0.146180541962523	0.299937519524471	4.73301472612694	4.81813443206009	2.48203616590951	1.67301697863727	2.74724337225212	2.16672439221743
CYS141A	1.29514521814342	0.531858875050011	1.14955089887743	0.504565528111629	2.15482107432243	3.15117998525528	-0.0250722155504813	0.486323958001141	0.444632481802675	0.474901072580412	2.28870058730163	0.970600473571461	1.12315603038364	0.842861718351434	1.56692837672074	1.24949333201308
HIS233A	-0.627949196675597	-0.986262574121866	-0.00655388197763656	-0.725032881425058	-0.672725531154505	-0.628013087681864	-0.516487640339915	-0.662103701856975	-0.152271397877628	-0.749843798811177	-0.345760950027033	-0.348656083276503	0.443715962620695	0.0127064580655996	1.09480237850819	0.33226227180872
THR140A	0.333598010733911	0.531858875050011	-0.00655388197763656	-0.198062134480764	-0.332549086799724	-0.244902558055756	-0.0250722155504813	-0.0878898719279169	-0.550207317664497	-0.574880245755236	1.00980598769039	0.607322254767141	1.12315603038364	1.67301697863727	0.38661338118936	1.24949333201308
CYS182A	-0.627949196675597	0.025818391992719	-0.777290402547683	-0.198062134480764	-0.554797697111514	-0.22202308798253	-1.00790306512935	-0.662103701856975	-0.749175277557932	-0.399916692699294	-0.259887931348101	0.0329959371192276	0.443715962620695	0.842861718351434	-0.557638615235744	-0.584968788395635
ALA161A	0.814371614438665	1.5439398411646	1.02109481211576	1.73416393764832	-0.164728707584699	-0.215986876728557	0.466343209238952	1.0605377879302	0.544116461749392	1.87460949702794	0.0376007405039128	0.0390785025445514	1.80259609814658	2.5031722389231	2.74724337225212	2.62533992231961
LEU252A	-0.147175592970843	0.025818391992719	-0.520378229024334	-0.54937596577696	-0.427798491219063	-0.110857211245552	-0.0250722155504813	-0.0878898719279169	-0.351239357771063	-0.574880245755236	-0.0252705767431624	0.422061657554428	1.12315603038364	0.842861718351434	0.858739379401913	-0.126353258293457
CYS238A	2.25669242555293	1.0378993581073	2.04874350620915	0.855879359407825	1.93620101275043	0.90466721136601	2.43200490839669	1.0605377879302	3.42915188020419	2.04957305008388	0.861061651764385	0.877606175960367	1.80259609814658	1.67301697863727	1.33086537761447	0.790877801910898
MET246A	1.77591882184817	0.531858875050011	1.02109481211576	0.855879359407825	0.550095394152814	0.549998243728517	1.94058948360725	1.0605377879302	1.83740820105672	1.17475528480418	0.695449401455016	-0.104925836017464	2.48203616590951	0.842861718351434	2.03905437493329	1.70810886211525
VAL216A	1.29514521814342	2.04998032422189	1.14955089887743	2.26113468459261	1.8727014098042	3.61115917237332	0.957758634028386	1.63475161785926	1.63844024116328	2.92439081536359	3.45258667975358	5.39890551880187	1.80259609814658	2.5031722389231	2.27511737403957	3.08395545242179
PRO142A	0.814371614438665	0.531858875050011	0.76418263859241	0.153251696815433	0.508367083645294	-0.200609574576109	-0.0250722155504813	-0.0878898719279169	-0.45072333771778	-0.224953139643353	0.920866075487212	1.39671000654447	0.443715962620695	0.842861718351434	0.38661338118936	1.24949333201308
ASP208A	-0.627949196675597	0.025818391992719	-1.03420257607103	-0.54937596577696	-0.843267321924368	-0.702985656722108	-1.49931848991878	-1.23631753178603	-1.24659517729152	-0.924807351867118	-0.634048941306304	-0.45861898114191	-0.915164172905184	-0.817448802220235	-0.79370161434202	-0.584968788395635
THR211A	0.333598010733911	0.531858875050011	-0.135009968739311	-0.198062134480764	-0.175614353804052	0.410185571555657	-0.516487640339915	-0.662103701856975	-0.351239357771063	-0.399916692699294	-0.634048941306304	-0.45861898114191	-0.915164172905184	-0.817448802220235	-0.79370161434202	-0.584968788395635
GLY187A	-1.10872280038035	-0.480222091064573	-1.16265866283271	-0.725032881425058	-0.806074697341579	-0.669407535669019	-1.00790306512935	-0.662103701856975	-1.04762721739808	-0.749843798811177	-0.634048941306304	-0.45861898114191	-0.915164172905184	-0.817448802220235	-0.79370161434202	-0.584968788395635
LEU188A	0.333598010733911	-0.480222091064573	-0.00655388197763656	-0.0224052188326655	-0.600154556358818	-0.592123761062525	-0.0250722155504813	-0.0878898719279169	-0.45072333771778	0.124973966468529	-0.466903244234812	-0.33771949799594	-0.235724105142245	0.0127064580655996	-0.321575616129468	0.33226227180872
ALA189A	0.333598010733911	1.0378993581073	0.250358291545712	0.680222443759727	0.417653365150686	0.520812543568479	-0.0250722155504813	0.486323958001141	0.146180541962523	0.649864625636353	-0.634048941306304	-0.45861898114191	-0.915164172905184	-0.817448802220235	-0.79370161434202	-0.584968788395635
TYR163A	-0.627949196675597	-0.480222091064573	0.121902204784038	0.153251696815433	1.04539229713337	-0.386974849154042	-0.0250722155504813	-0.0878898719279169	0.444632481802675	0.474901072580412	-0.634048941306304	-0.45861898114191	-0.235724105142245	0.0127064580655996	0.150550382083084	-0.126353258293457
GLU204A	-0.627949196675597	-0.986262574121866	-0.263466055500985	-0.900689797073156	-0.672725531154505	-0.702985656722108	-0.0250722155504813	-0.662103701856975	-0.0527874179309112	-0.574880245755236	-0.634048941306304	-0.45861898114191	-0.235724105142245	0.0127064580655996	-0.0855126170231919	0.33226227180872
VAL217A	0.333598010733911	1.0378993581073	0.250358291545712	1.20719319070402	0.74785130047106	1.29061302069354	-0.0250722155504813	0.486323958001141	-0.152271397877628	0.299937519524471	0.627977743921569	0.390250975549627	0.443715962620695	0.842861718351434	0.858739379401913	2.16672439221743
ARG158A	1.29514521814342	0.531858875050011	0.76418263859241	-0.0224052188326655	1.8509301173655	0.911932953569936	0.957758634028386	1.0605377879302	0.345148501855958	0.299937519524471	2.01421361688147	1.23476843335703	3.16147623367245	1.67301697863727	2.51118037314585	1.24949333201308
PRO191A	-0.147175592970843	-0.480222091064573	-0.263466055500985	-0.373719050128862	-0.057686519761061	-0.702985656722108	-0.516487640339915	-1.23631753178603	-0.550207317664497	-1.09977090492306	-0.634048941306304	-0.45861898114191	-0.915164172905184	-0.817448802220235	-0.79370161434202	-0.584968788395635
SER185A	-0.627949196675597	-0.986262574121866	-0.520378229024334	-0.900689797073156	-0.672725531154505	-0.699960734906136	-0.516487640339915	-0.662103701856975	-0.550207317664497	-1.09977090492306	-0.634048941306304	-0.45861898114191	-0.915164172905184	-0.817448802220235	-0.79370161434202	-0.584968788395635
ASN235A	-0.147175592970843	0.531858875050011	-0.39192214226266	-0.0224052188326655	-0.386070180711543	-0.0765830825820728	-0.0250722155504813	0.486323958001141	-0.45072333771778	-0.224953139643353	-0.193949720576779	-0.0212486482515824	-0.235724105142245	0.0127064580655996	-0.557638615235744	-0.126353258293457
LYS139A	-0.627949196675597	-0.986262574121866	-0.648834315786008	-1.07634671272125	-0.380627357601866	-0.632971059805918	-0.0250722155504813	-0.662103701856975	-0.351239357771063	-0.749843798811177	-0.634048941306304	-0.45861898114191	-0.915164172905184	-0.817448802220235	-0.79370161434202	-0.584968788395635
ASP259A	0.333598010733911	0.531858875050011	-0.39192214226266	-0.725032881425058	0.15276930714643	-0.323195000688358	-0.516487640339915	-0.662103701856975	-0.550207317664497	-0.749843798811177	-0.634048941306304	-0.45861898114191	-0.915164172905184	-0.817448802220235	-0.79370161434202	-0.584968788395635
GLY262A	-0.147175592970843	0.531858875050011	-1.03420257607103	-0.373719050128862	-0.673632668339451	-0.420155466928708	-0.516487640339915	-0.0878898719279169	-0.948143237451366	-0.749843798811177	-0.632515494544181	-0.456400642001617	-0.235724105142245	0.0127064580655996	-0.557638615235744	-1.04358431849781
ILE195A	0.333598010733911	0.531858875050011	1.27800698563911	1.03153627505592	2.35711266656541	2.68472247031005	0.957758634028386	1.0605377879302	1.1410203414297	1.17475528480418	1.92680715144041	0.701572389231352	1.12315603038364	0.842861718351434	1.80299137582702	0.790877801910898
ARG282A	1.77591882184817	1.5439398411646	1.27800698563911	1.03153627505592	0.836750744595776	0.515846519213564	1.44917405881782	1.63475161785926	1.24050432137641	1.699645943972	0.217014011672395	-0.237459415843093	-0.235724105142245	0.0127064580655996	-0.321575616129468	0.33226227180872
PHE134A	-0.147175592970843	0.025818391992719	0.507270465069061	0.328908612463531	-0.732596585360946	-0.590333185333831	-0.0250722155504813	-0.0878898719279169	0.146180541962523	0.124973966468529	-0.634048941306304	-0.45861898114191	-0.915164172905184	-0.817448802220235	-0.79370161434202	-0.584968788395635
GLU258A	-0.147175592970843	-0.986262574121866	0.76418263859241	-0.725032881425058	0.130998014707724	-0.503538633347838	0.466343209238952	-0.662103701856975	0.842568401589544	-0.399916692699294	0.318221497972565	-0.16608835371881	0.443715962620695	0.0127064580655996	1.33086537761447	0.33226227180872
LYS164A	-0.627949196675597	-0.986262574121866	-0.520378229024334	-0.900689797073156	0.306982628587264	0.110110480090781	-0.0250722155504813	-0.662103701856975	-0.251755377824346	-0.574880245755236	-0.135678743616075	-0.45861898114191	-0.235724105142245	-0.817448802220235	-0.321575616129468	-1.04358431849781
PHE109A	1.29514521814342	-0.480222091064573	2.04874350620915	0.328908612463531	1.25494098685592	-0.653074446758567	1.44917405881782	-0.662103701856975	1.53895626121656	-0.924807351867118	-0.634048941306304	-0.45861898114191	-0.915164172905184	-0.817448802220235	-0.79370161434202	-0.584968788395635
MET237A	1.29514521814342	0.025818391992719	1.27800698563911	0.153251696815433	0.555538217262491	-0.276851052279327	1.44917405881782	0.486323958001141	1.53895626121656	0.299937519524471	-0.634048941306304	-0.45861898114191	-0.915164172905184	-0.817448802220235	-0.79370161434202	-0.584968788395635
PRO152A	-0.147175592970843	-0.480222091064573	-0.135009968739311	-0.54937596577696	-0.512162249419048	-0.195138935473615	-0.0250722155504813	-0.0878898719279169	0.444632481802675	-0.224953139643353	-0.0743408731311234	0.286244078171872	0.443715962620695	0.842861718351434	-0.0855126170231919	-0.584968788395635
LEU194A	0.814371614438665	1.5439398411646	1.53491915916246	2.43679160024071	-0.415098570629817	-0.166728303025183	1.44917405881782	2.20896544778831	1.93689218100343	2.74942726230765	-0.292090313352701	-0.205596371396209	1.12315603038364	1.67301697863727	1.80299137582702	2.16672439221743
HIS193A	0.814371614438665	1.5439398411646	0.378814378307387	0.855879359407825	0.119205231303425	0.56778370080334	0.957758634028386	1.63475161785926	0.643600441696109	1.17475528480418	0.99293807330703	1.40522912838534	1.12315603038364	1.67301697863727	0.38661338118936	1.24949333201308
HIS214A	-0.147175592970843	0.531858875050011	-0.648834315786008	0.153251696815433	0.644437661387207	0.540714738642804	0.466343209238952	1.0605377879302	-0.45072333771778	0.299937519524471	0.592708468392722	-0.072011342335473	0.443715962620695	0.842861718351434	-0.0855126170231919	0.33226227180872
PRO98A	-0.627949196675597	0.025818391992719	-0.263466055500985	-0.198062134480764	-0.394234415376058	-0.218613022391708	-0.516487640339915	-0.0878898719279169	-0.251755377824346	-0.0499895865874118	0.125007205944968	0.251814437367216	0.443715962620695	0.842861718351434	1.09480237850819	1.24949333201308
VAL97A	-0.147175592970843	0.531858875050011	-1.03420257607103	-0.373719050128862	-0.615575888502902	-0.323357968817598	-0.0250722155504813	0.486323958001141	-0.749175277557932	-0.749843798811177	-0.537441795292506	-0.318863615303449	-0.235724105142245	0.0127064580655996	-0.321575616129468	-1.04358431849781
GLN192A	-0.627949196675597	-0.480222091064573	-0.520378229024334	-0.373719050128862	-0.843267321924368	-0.702985656722108	-1.00790306512935	-1.23631753178603	-0.948143237451366	-1.09977090492306	-0.634048941306304	-0.45861898114191	-0.235724105142245	-0.817448802220235	-0.557638615235744	-1.04358431849781
PRO190A	0.814371614438665	0.531858875050011	0.507270465069061	0.855879359407825	0.286118473333504	1.18002817372058	-1.00790306512935	-0.662103701856975	-0.649691297611215	-0.574880245755236	-0.634048941306304	-0.45861898114191	-0.915164172905184	-0.817448802220235	-0.79370161434202	-0.584968788395635
ASP207A	-0.627949196675597	0.025818391992719	-0.648834315786008	0.328908612463531	-0.55116914837173	-0.617412192709097	-0.516487640339915	-0.0878898719279169	-0.45072333771778	0.474901072580412	-0.233819336391997	-0.355416901624676	-0.235724105142245	0.0127064580655996	-0.321575616129468	0.33226227180872
LEU206A	-0.147175592970843	0.025818391992719	-0.00655388197763656	-0.198062134480764	-0.796096188307172	-0.678318910541615	-0.0250722155504813	-0.0878898719279169	0.046696562015806	-0.0499895865874118	-0.554309709675868	-0.422440056961502	1.12315603038364	0.842861718351434	2.03905437493329	1.24949333201308
GLN144A	1.77591882184817	1.0378993581073	1.66337524592413	0.504565528111629	1.36379744904945	0.0974509704843001	0.957758634028386	1.0605377879302	0.743084421642827	0.649864625636353	0.0253331664069225	-0.279294807374215	-0.235724105142245	0.0127064580655996	-0.557638615235744	-0.126353258293457
PRO219A	-1.10872280038035	-0.480222091064573	-0.905746489309357	-0.0224052188326655	-0.60196883072871	-0.482825842934344	-1.00790306512935	-0.662103701856975	-1.1471111973448	-0.749843798811177	-0.226152102581378	-0.135708729732281	-0.235724105142245	0.0127064580655996	-0.557638615235744	-0.126353258293457
VAL218A	1.29514521814342	2.04998032422189	1.02109481211576	2.08547776894451	0.433981834479716	0.786050410473853	0.957758634028386	1.63475161785926	1.43947228126985	2.74942726230765	1.92680715144041	1.76604678662271	1.80259609814658	2.5031722389231	1.80299137582702	4.00118651262614
GLN100A	-0.147175592970843	-0.480222091064573	-0.135009968739311	-0.725032881425058	-0.529397855933024	-0.484463861597559	-0.0250722155504813	-0.0878898719279169	-0.351239357771063	-0.399916692699294	-0.307424780973939	-0.285630778318158	-0.235724105142245	0.0127064580655996	-0.0855126170231919	-0.126353258293457
ILE254A	0.814371614438665	0.025818391992719	1.02109481211576	-0.373719050128862	0.493852888686157	0.943955979403333	-0.0250722155504813	0.486323958001141	-0.45072333771778	-0.224953139643353	1.62625158606415	1.95696417469654	-0.235724105142245	0.0127064580655996	-0.0855126170231919	-0.126353258293457
ARG174A	-0.627949196675597	-0.480222091064573	-0.135009968739311	-0.0224052188326655	-0.13660745485137	-0.427840687543914	-1.00790306512935	-0.662103701856975	-0.948143237451366	-0.399916692699294	-0.634048941306304	-0.45861898114191	-0.235724105142245	-0.817448802220235	-0.0855126170231919	-1.04358431849781
ARG156A	0.333598010733911	0.025818391992719	0.378814378307387	-0.54937596577696	-0.590176047324411	-0.479897672794159	0.466343209238952	0.486323958001141	0.444632481802675	-0.224953139643353	-0.206217294673769	-0.131413957948686	1.80259609814658	1.67301697863727	1.09480237850819	0.790877801910898
ASN200A	-0.147175592970843	-0.986262574121866	0.121902204784038	-0.198062134480764	-0.46771252735669	-0.49736492870566	-0.0250722155504813	-0.662103701856975	0.146180541962523	-0.224953139643353	-0.235352783154121	-0.157033329171704	-0.235724105142245	0.0127064580655996	-0.0855126170231919	0.790877801910898
VAL197A	2.73746602925768	2.55602080727918	1.7918313326858	2.08547776894451	0.887550426952757	1.51049784946518	2.92342033318612	2.78317927771737	2.43431208073702	2.04957305008388	1.93754127877528	2.74554758336794	3.16147623367245	3.33332749920894	2.27511737403957	1.70810886211525
GLN136A	0.333598010733911	-0.480222091064573	0.378814378307387	-0.900689797073156	-0.0449865991718159	-0.334386590322331	0.957758634028386	-0.0878898719279169	1.04153636148298	-0.924807351867118	-0.236886229916245	-0.45861898114191	-0.235724105142245	-0.817448802220235	-0.321575616129468	-1.04358431849781
ASP148A	-0.147175592970843	-0.480222091064573	-0.263466055500985	-0.0224052188326655	-0.672725531154505	-0.604592605363397	-0.0250722155504813	-0.0878898719279169	0.24566452190924	0.474901072580412	-0.634048941306304	-0.45861898114191	-0.915164172905184	-0.817448802220235	-0.79370161434202	-0.584968788395635
SER149A	-0.627949196675597	-0.986262574121866	-0.520378229024334	-0.900689797073156	-0.663654159305044	-0.702985656722108	-0.516487640339915	-1.23631753178603	-0.351239357771063	-1.09977090492306	-0.634048941306304	-0.45861898114191	-0.915164172905184	-0.817448802220235	-0.79370161434202	-0.584968788395635
LEU114A	-0.627949196675597	-0.480222091064573	-0.135009968739311	-0.0224052188326655	-0.673632668339451	-0.52853548254433	-0.516487640339915	-0.0878898719279169	-0.550207317664497	-0.0499895865874118	-0.634048941306304	-0.45861898114191	-0.915164172905184	-0.817448802220235	-0.79370161434202	-0.584968788395635
THR256A	0.333598010733911	0.531858875050011	1.14955089887743	1.03153627505592	1.54068920011394	1.70651629161021	-0.0250722155504813	-0.0878898719279169	0.046696562015806	0.299937519524471	0.169477162046558	0.703790728371645	-0.235724105142245	0.0127064580655996	0.38661338118936	0.33226227180872
ARG209A	-1.10872280038035	-0.986262574121866	-1.41957083635605	-1.25200362836935	-0.843267321924368	-0.702985656722108	-1.49931848991878	-1.23631753178603	-1.24659517729152	-0.924807351867118	-0.634048941306304	-0.45861898114191	-0.915164172905184	-0.817448802220235	-0.79370161434202	-0.584968788395635
ASN210A	-0.627949196675597	-0.986262574121866	-1.03420257607103	-1.25200362836935	-0.843267321924368	-0.702985656722108	-1.49931848991878	-1.23631753178603	-1.24659517729152	-0.924807351867118	-0.634048941306304	-0.45861898114191	-0.915164172905184	-0.817448802220235	-0.79370161434202	-0.584968788395635
MET133A	0.333598010733911	0.025818391992719	0.892638725354084	-0.0224052188326655	2.03235755435471	2.95215715915443	0.957758634028386	0.486323958001141	0.842568401589544	-0.0499895865874118	2.76253563679788	2.78389586399678	1.80259609814658	0.842861718351434	2.51118037314585	0.790877801910898
ARG181A	-1.10872280038035	-0.480222091064573	-1.29111474959438	-0.725032881425058	-0.843267321924368	-0.702985656722108	-1.49931848991878	-1.23631753178603	-1.24659517729152	-0.924807351867118	-0.634048941306304	-0.45861898114191	-0.915164172905184	-0.817448802220235	-0.79370161434202	-0.584968788395635
PRO177A	-0.147175592970843	0.025818391992719	-0.777290402547683	-0.198062134480764	-0.159285884475022	0.226376181158865	-0.516487640339915	-0.0878898719279169	-0.550207317664497	0.124973966468529	-0.634048941306304	-0.45861898114191	-0.915164172905184	-0.817448802220235	-0.79370161434202	-0.584968788395635
ALA276A	-0.147175592970843	-0.480222091064573	-0.263466055500985	-0.373719050128862	-0.772510621498574	-0.702985656722108	-0.516487640339915	-1.23631753178603	-0.251755377824346	-1.09977090492306	-0.33656026945429	-0.275903731190983	1.12315603038364	0.842861718351434	0.38661338118936	0.33226227180872
PRO151A	0.814371614438665	0.531858875050011	0.250358291545712	-0.725032881425058	0.339639567245323	0.254555345160654	1.44917405881782	1.0605377879302	0.942052381536261	-0.399916692699294	0.217014011672395	-0.45861898114191	0.443715962620695	-0.817448802220235	0.38661338118936	-1.04358431849781
ILE232A	0.333598010733911	0.025818391992719	1.40646307240078	1.55850702200022	-0.145678826700831	-0.326051594930535	0.466343209238952	0.486323958001141	1.24050432137641	1.699645943972	-0.0452053846507715	-0.45861898114191	-0.235724105142245	-0.817448802220235	0.38661338118936	-1.04358431849781
TYR103A	-0.147175592970843	-0.986262574121866	-0.39192214226266	-1.25200362836935	-0.843267321924368	-0.702985656722108	-0.516487640339915	-1.23631753178603	-0.45072333771778	-1.09977090492306	-0.634048941306304	-0.45861898114191	-0.915164172905184	-0.817448802220235	-0.79370161434202	-0.584968788395635
ALA159A	0.333598010733911	1.0378993581073	0.635726551830735	0.680222443759727	-0.444126960548092	-0.336578986633817	-0.0250722155504813	0.486323958001141	-0.152271397877628	0.124973966468529	-0.227685549343502	0.024878320890559	1.80259609814658	2.5031722389231	3.21936937046467	3.08395545242179
TYR234A	-0.147175592970843	-0.986262574121866	0.635726551830735	-0.54937596577696	0.196311892023842	-0.668886676505757	-0.0250722155504813	-0.662103701856975	0.24566452190924	-0.574880245755236	1.12328104808755	-0.408605719933903	1.12315603038364	0.0127064580655996	1.56692837672074	0.790877801910898
LEU145A	1.29514521814342	2.04998032422189	1.92028741944748	3.1394192628331	-0.481319585130881	-0.394443631492945	1.44917405881782	2.20896544778831	1.83740820105672	2.57446370925171	-0.483771158618174	-0.349920363267551	-0.235724105142245	0.0127064580655996	-0.321575616129468	0.33226227180872
THR125A	1.77591882184817	2.55602080727918	1.92028741944748	3.1394192628331	1.04448515994843	1.14273911977669	1.44917405881782	2.20896544778831	0.842568401589544	2.04957305008388	3.51392455023853	1.51316022583913	1.12315603038364	1.67301697863727	1.56692837672074	3.08395545242179
CYS275A	0.814371614438665	1.5439398411646	0.378814378307387	1.03153627505592	-0.571126166440544	-0.45507419830904	0.466343209238952	1.0605377879302	0.544116461749392	1.699645943972	-0.353428183837652	-0.316493137271681	0.443715962620695	0.842861718351434	0.622676380295637	1.24949333201308
VAL274A	2.25669242555293	2.55602080727918	1.66337524592413	2.61244851588881	3.48921987337812	5.71855124831099	2.43200490839669	2.78317927771737	2.83224800052389	2.92439081536359	0.212413671386024	-0.373555444670455	1.80259609814658	1.67301697863727	1.09480237850819	0.790877801910898
TYR220A	0.333598010733911	-0.480222091064573	1.27800698563911	-0.373719050128862	-0.108486202118042	-0.649829103403748	0.957758634028386	-0.0878898719279169	1.63844024116328	0.124973966468529	-0.634048941306304	-0.45861898114191	-0.235724105142245	-0.817448802220235	-0.0855126170231919	-1.04358431849781
CYS277A	-0.147175592970843	-0.986262574121866	-0.39192214226266	-1.07634671272125	-0.676354079894289	-0.702985656722108	-0.516487640339915	-1.23631753178603	-0.649691297611215	-1.09977090492306	-0.627915154257809	-0.453694192199724	-0.235724105142245	0.0127064580655996	-0.321575616129468	-0.126353258293457
PRO278A	1.29514521814342	1.0378993581073	1.02109481211576	1.20719319070402	0.0656841373916061	0.245327332585173	1.44917405881782	1.0605377879302	1.04153636148298	-0.0499895865874118	0.0452679743145317	0.524105258007908	1.12315603038364	1.67301697863727	0.150550382083084	-0.126353258293457
ARG110A	0.333598010733911	0.025818391992719	0.250358291545712	0.504565528111629	3.35133502126632	2.68760230939387	0.957758634028386	0.486323958001141	0.743084421642827	0.649864625636353	-0.634048941306304	-0.45861898114191	-0.915164172905184	-0.817448802220235	-0.79370161434202	-0.584968788395635
GLN104A	-0.627949196675597	-0.986262574121866	-0.39192214226266	-0.725032881425058	-0.347970418943807	0.122817999038299	-0.516487640339915	-0.662103701856975	-0.152271397877628	-0.574880245755236	-0.634048941306304	-0.45861898114191	-0.915164172905184	-0.817448802220235	-0.79370161434202	-0.584968788395635
ASN131A	-0.627949196675597	-0.480222091064573	-0.520378229024334	-0.725032881425058	-0.33345622398467	-0.0828766844478094	-0.0250722155504813	-0.0878898719279169	-0.152271397877628	-0.574880245755236	-0.00533576883555317	0.450900066378238	0.443715962620695	0.842861718351434	-0.0855126170231919	-0.584968788395635
PHE270A	1.29514521814342	0.025818391992719	1.40646307240078	0.680222443759727	1.13429174125809	-0.627050094674582	1.44917405881782	0.486323958001141	1.63844024116328	0.824828178692295	2.48498177285347	-0.45861898114191	1.12315603038364	0.0127064580655996	1.09480237850819	-0.126353258293457
ARG280A	-0.147175592970843	0.025818391992719	-0.39192214226266	-0.725032881425058	-0.843267321924368	-0.702985656722108	-1.00790306512935	-0.662103701856975	-1.1471111973448	-1.09977090492306	-0.634048941306304	-0.45861898114191	-0.915164172905184	-0.817448802220235	-0.79370161434202	-0.584968788395635
ASP281A	-0.147175592970843	0.025818391992719	0.121902204784038	0.153251696815433	-0.237299682380385	-0.57506830335483	-0.516487640339915	-0.0878898719279169	-0.649691297611215	0.124973966468529	-0.634048941306304	-0.45861898114191	-0.915164172905184	-0.817448802220235	-0.79370161434202	-0.584968788395635
GLY244A	-0.627949196675597	0.025818391992719	-1.03420257607103	-0.373719050128862	-0.503998014754534	-0.512166463727597	-0.516487640339915	-0.0878898719279169	-0.848659257504649	-0.224953139643353	-0.634048941306304	-0.45861898114191	-0.915164172905184	-0.817448802220235	-0.79370161434202	-0.584968788395635
GLY245A	0.333598010733911	1.0378993581073	0.250358291545712	1.03153627505592	-0.00144401429440395	0.267729018853227	-0.0250722155504813	0.486323958001141	0.046696562015806	0.999791731748236	0.0115321455478084	0.00834140788977537	-0.235724105142245	0.0127064580655996	-0.557638615235744	-0.126353258293457
VAL272A	1.29514521814342	2.04998032422189	1.27800698563911	1.90982085329641	1.12159182066885	2.1085354262705	0.466343209238952	1.0605377879302	0.842568401589544	1.34971883786012	5.36786168564618	8.1354835231277	2.48203616590951	3.33332749920894	2.51118037314585	2.62533992231961
GLU221A	-0.627949196675597	-0.480222091064573	-0.905746489309357	-1.07634671272125	-0.756182152169544	-0.637949837678706	-0.516487640339915	-0.662103701856975	-0.649691297611215	-0.749843798811177	-0.226152102581378	-0.31090386932214	1.12315603038364	0.842861718351434	0.38661338118936	0.33226227180872
LYS132A	-0.627949196675597	-0.480222091064573	-0.520378229024334	-0.725032881425058	0.281582787408774	0.711331077376339	-0.516487640339915	-0.0878898719279169	-0.749175277557932	-0.224953139643353	0.575840554009361	0.902559937321039	-0.235724105142245	0.0127064580655996	-0.557638615235744	-0.584968788395635
ARG213A	1.29514521814342	0.531858875050011	0.76418263859241	-0.0224052188326655	2.30449870983854	0.945211589207884	1.94058948360725	1.0605377879302	0.643600441696109	-0.0499895865874118	1.52811099328823	1.95880578816216	1.80259609814658	2.5031722389231	1.80299137582702	1.70810886211525
ARG202A	-1.10872280038035	-0.480222091064573	-1.41957083635605	-0.900689797073156	-0.523955032823347	-0.455795049942169	-0.516487640339915	-0.0878898719279169	-1.04762721739808	-0.749843798811177	-0.0942756810387326	-0.0960624382009888	0.443715962620695	0.842861718351434	-0.0855126170231919	0.33226227180872
GLU198A	-0.147175592970843	-0.480222091064573	-0.00655388197763656	-0.198062134480764	0.0439128449529002	-0.248648109747577	-0.0250722155504813	-0.0878898719279169	0.146180541962523	-0.224953139643353	0.38109281521964	0.207761722013161	0.443715962620695	0.842861718351434	-0.0855126170231919	0.790877801910898
SER260A	-0.627949196675597	-0.986262574121866	-0.905746489309357	-1.25200362836935	-0.668189845229774	-0.702985656722108	-1.00790306512935	-1.23631753178603	-1.1471111973448	-1.09977090492306	-0.634048941306304	-0.45861898114191	-0.915164172905184	-0.817448802220235	-0.79370161434202	-0.584968788395635
GLY112A	-0.147175592970843	0.531858875050011	0.507270465069061	1.03153627505592	0.929278737460276	1.61124462449232	-0.516487640339915	-0.0878898719279169	-0.351239357771063	-0.0499895865874118	-0.634048941306304	-0.45861898114191	-0.915164172905184	-0.817448802220235	-0.79370161434202	-0.584968788395635
PHE113A	0.814371614438665	-0.480222091064573	1.02109481211576	-0.54937596577696	1.25766239841076	0.960721342062596	0.957758634028386	-0.0878898719279169	1.1410203414297	-0.399916692699294	1.18921925885887	-0.45861898114191	0.443715962620695	0.0127064580655996	0.150550382083084	-1.04358431849781
SER261A	-0.147175592970843	-1.49230305717916	-0.905746489309357	-1.25200362836935	-0.843267321924368	-0.702985656722108	-1.00790306512935	-1.23631753178603	-1.04762721739808	-1.09977090492306	-0.634048941306304	-0.45861898114191	-0.915164172905184	-0.817448802220235	-0.79370161434202	-0.584968788395635
LEU257A	-0.147175592970843	0.025818391992719	0.76418263859241	0.680222443759727	2.58933978591161	2.26673133610859	0.466343209238952	0.486323958001141	1.04153636148298	1.17475528480418	0.589641574868475	0.426498335835014	-0.235724105142245	0.0127064580655996	-0.0855126170231919	0.790877801910898
ASP186A	-0.627949196675597	0.025818391992719	-0.905746489309357	-0.198062134480764	-0.32892053805994	0.0783310398502427	-0.516487640339915	-0.0878898719279169	-0.749175277557932	-0.224953139643353	-0.634048941306304	-0.45861898114191	-0.915164172905184	-0.817448802220235	-0.79370161434202	-0.584968788395635
PRO222A	-0.627949196675597	-0.986262574121866	-0.777290402547683	-1.07634671272125	-0.843267321924368	-0.702985656722108	-1.00790306512935	-1.23631753178603	-0.848659257504649	-1.09977090492306	-0.373362991745261	-0.133827856079262	-0.235724105142245	0.0127064580655996	-0.321575616129468	-0.126353258293457
THR123A	-1.10872280038035	-0.480222091064573	-0.777290402547683	-0.0224052188326655	-0.843267321924368	-0.702985656722108	-1.00790306512935	-0.662103701856975	-0.848659257504649	-0.574880245755236	-0.345760950027033	-0.245386837894502	0.443715962620695	0.842861718351434	1.09480237850819	2.16672439221743
VAL122A	0.333598010733911	1.0378993581073	-0.00655388197763656	1.03153627505592	-0.0359152273223551	0.299379796905307	-0.0250722155504813	0.486323958001141	-0.152271397877628	0.474901072580412	1.01900666826313	1.21537447919044	1.80259609814658	2.5031722389231	1.80299137582702	2.62533992231961
HIS273A	0.333598010733911	0.025818391992719	0.76418263859241	-0.0224052188326655	0.446681755068961	0.875834566433095	-0.0250722155504813	0.486323958001141	-0.45072333771778	0.299937519524471	1.31649534011515	0.368175845795272	1.12315603038364	0.0127064580655996	1.56692837672074	-0.126353258293457
ARG284A	-1.10872280038035	-0.986262574121866	-1.41957083635605	-0.900689797073156	-0.843267321924368	-0.702985656722108	-1.49931848991878	-1.23631753178603	-1.24659517729152	-0.924807351867118	-0.634048941306304	-0.45861898114191	-0.915164172905184	-0.817448802220235	-0.79370161434202	-0.584968788395635
ASN263A	-0.627949196675597	-0.480222091064573	-1.03420257607103	-0.725032881425058	-0.337084772724454	-0.520140854985031	-0.0250722155504813	-0.0878898719279169	-0.848659257504649	-0.924807351867118	-0.634048941306304	-0.45861898114191	-0.915164172905184	-0.817448802220235	-0.79370161434202	-0.584968788395635
VAL157A	1.77591882184817	2.04998032422189	1.53491915916246	2.08547776894451	0.884829015397918	0.826537256002791	1.44917405881782	1.63475161785926	1.43947228126985	1.52468239091606	-0.634048941306304	-0.45861898114191	-0.235724105142245	0.0127064580655996	0.38661338118936	0.33226227180872
LEU111A	1.77591882184817	2.04998032422189	2.17719959297083	2.61244851588881	0.0557056283571992	0.752757967214508	1.44917405881782	2.20896544778831	1.53895626121656	2.39950015619577	-0.634048941306304	-0.45861898114191	-0.915164172905184	-0.817448802220235	-0.79370161434202	-0.584968788395635
GLU285A	0.333598010733911	-0.480222091064573	-0.39192214226266	-0.725032881425058	-0.298985010956719	-0.498788001149951	-0.0250722155504813	-0.0878898719279169	-0.550207317664497	-0.399916692699294	-0.634048941306304	-0.45861898114191	-0.915164172905184	-0.817448802220235	-0.79370161434202	-0.584968788395635
LEU289A	-0.147175592970843	0.531858875050011	-0.777290402547683	-0.373719050128862	-0.821496029485662	-0.684836125826275	-1.00790306512935	-0.662103701856975	-1.04762721739808	-0.749843798811177	-0.634048941306304	-0.45861898114191	-0.915164172905184	-0.817448802220235	-0.79370161434202	-0.584968788395635
VAL143A	0.814371614438665	1.5439398411646	1.40646307240078	1.90982085329641	-0.293542187847042	0.158360830375973	0.466343209238952	1.0605377879302	0.643600441696109	0.999791731748236	0.14187512032833	0.66386062384637	-0.235724105142245	0.0127064580655996	-0.321575616129468	-0.584968788395635
ALA129A	-1.10872280038035	-0.480222091064573	-1.16265866283271	-0.373719050128862	-0.843267321924368	-0.702985656722108	-1.49931848991878	-1.23631753178603	-1.24659517729152	-0.924807351867118	-0.634048941306304	-0.45861898114191	-0.915164172905184	-0.817448802220235	-0.79370161434202	-0.584968788395635
LEU130A	-0.147175592970843	-0.480222091064573	-0.777290402547683	-0.373719050128862	-0.596526007619034	-0.483678825064124	-0.0250722155504813	-0.0878898719279169	-0.550207317664497	-0.574880245755236	-0.634048941306304	-0.45861898114191	-0.915164172905184	-0.817448802220235	-0.79370161434202	-0.584968788395635
CYS135A	0.333598010733911	0.531858875050011	1.02109481211576	1.20719319070402	-0.560240520221191	-0.557650829288992	0.957758634028386	1.0605377879302	1.73792422111	1.699645943972	-0.471503584521183	-0.45861898114191	-0.235724105142245	-0.817448802220235	-0.321575616129468	-1.04358431849781
PRO223A	-0.147175592970843	0.025818391992719	-0.520378229024334	-0.373719050128862	-0.420541393739494	-0.00120379541656034	-0.0250722155504813	-0.0878898719279169	0.046696562015806	-0.224953139643353	-0.634048941306304	-0.45861898114191	-0.915164172905184	-0.817448802220235	-0.79370161434202	-0.584968788395635
LYS101A	-0.627949196675597	-0.986262574121866	-0.520378229024334	-1.25200362836935	-0.559333383036244	-0.702985656722108	-1.00790306512935	-1.23631753178603	-0.848659257504649	-1.09977090492306	-0.634048941306304	-0.45861898114191	-0.915164172905184	-0.817448802220235	-0.79370161434202	-0.584968788395635
ARG283A	-1.10872280038035	-0.986262574121866	-0.648834315786008	-0.725032881425058	-0.695403960778157	-0.572368473884967	-1.00790306512935	-0.662103701856975	-0.848659257504649	-0.399916692699294	-0.384097119080128	-0.267041660000923	-0.235724105142245	0.0127064580655996	-0.321575616129468	0.33226227180872
SER215A	0.333598010733911	-0.480222091064573	0.507270465069061	-0.373719050128862	-0.0105153861438648	-0.274258105733746	0.466343209238952	-0.0878898719279169	0.345148501855958	-0.0499895865874118	0.773655186323329	0.170199325405824	1.80259609814658	0.842861718351434	3.21936937046467	1.24949333201308
MET169A	-0.147175592970843	-0.986262574121866	-0.39192214226266	-1.07634671272125	-0.197385646242758	-0.40805577966482	-0.0250722155504813	-0.662103701856975	-0.251755377824346	-1.09977090492306	0.557439192863875	-0.45861898114191	1.12315603038364	-0.817448802220235	0.858739379401913	-1.04358431849781
HIS168A	-0.627949196675597	-0.480222091064573	-0.777290402547683	-0.373719050128862	-0.515790798158833	-0.418212493524951	-0.516487640339915	-0.662103701856975	-0.45072333771778	-0.224953139643353	-0.634048941306304	-0.45861898114191	-0.915164172905184	-0.817448802220235	-0.79370161434202	-0.584968788395635
SER269A	-1.5894964040851	-1.49230305717916	-1.54802692311773	-1.25200362836935	-0.672725531154505	-0.702985656722108	-1.00790306512935	-1.23631753178603	-1.04762721739808	-1.09977090492306	-0.345760950027033	-0.45861898114191	-0.235724105142245	-0.817448802220235	-0.557638615235744	-1.04358431849781
ASN288A	-1.10872280038035	-0.986262574121866	-1.03420257607103	-0.900689797073156	-0.843267321924368	-0.702985656722108	-1.49931848991878	-1.23631753178603	-1.24659517729152	-0.924807351867118	-0.634048941306304	-0.45861898114191	-0.915164172905184	-0.817448802220235	-0.79370161434202	-0.584968788395635
SER127A	-0.147175592970843	-0.480222091064573	-0.39192214226266	-0.725032881425058	-0.493112368535181	-0.408816325785634	0.466343209238952	-0.0878898719279169	-0.0527874179309112	-0.574880245755236	-0.634048941306304	-0.45861898114191	-0.915164172905184	-0.817448802220235	-0.79370161434202	-0.584968788395635
ILE255A	1.29514521814342	0.025818391992719	1.92028741944748	0.855879359407825	-0.413284296259925	-0.475063799758528	0.466343209238952	-0.662103701856975	0.743084421642827	-0.574880245755236	-0.634048941306304	-0.45861898114191	-0.915164172905184	-0.817448802220235	-0.79370161434202	-0.584968788395635
PHE212A	-1.10872280038035	-1.49230305717916	-0.905746489309357	-1.25200362836935	-0.676354079894289	-0.702985656722108	-1.00790306512935	-1.23631753178603	-1.04762721739808	-1.09977090492306	-0.634048941306304	-0.45861898114191	-0.915164172905184	-0.817448802220235	-0.79370161434202	-0.584968788395635
VAL172A	0.333598010733911	1.0378993581073	0.378814378307387	1.20719319070402	-0.124814671447071	0.494883382402879	-0.0250722155504813	0.486323958001141	-0.351239357771063	-0.224953139643353	0.315154604448318	0.914532946699484	-0.235724105142245	0.0127064580655996	-0.0855126170231919	0.33226227180872
THR150A	-1.5894964040851	-0.986262574121866	-1.16265866283271	-0.725032881425058	-0.672725531154505	-0.580849991841646	-1.00790306512935	-0.662103701856975	-0.749175277557932	-0.399916692699294	-0.634048941306304	-0.45861898114191	-0.915164172905184	-0.817448802220235	-0.79370161434202	-0.584968788395635
SER95A	-1.5894964040851	-1.49230305717916	-1.41957083635605	-1.25200362836935	-0.672725531154505	-0.702985656722108	-1.00790306512935	-1.23631753178603	-1.04762721739808	-1.09977090492306	-0.634048941306304	-0.45861898114191	-0.915164172905184	-0.817448802220235	-0.79370161434202	-0.584968788395635
ILE251A	-0.147175592970843	-0.480222091064573	0.250358291545712	0.153251696815433	-0.732596585360946	-0.661392981752491	-0.0250722155504813	-0.0878898719279169	0.444632481802675	0.649864625636353	-0.439301202516584	-0.397614654783852	1.12315603038364	0.842861718351434	1.56692837672074	1.24949333201308
THR155A	1.77591882184817	2.04998032422189	1.02109481211576	1.20719319070402	0.492038614316265	0.364811744316074	2.43200490839669	2.78317927771737	1.93689218100343	2.22453660313982	1.04814215674349	1.08978173878263	1.80259609814658	2.5031722389231	0.858739379401913	0.790877801910898
ASN239A	-0.147175592970843	-0.986262574121866	0.635726551830735	-0.373719050128862	-0.437777000253469	-0.547367889778189	-0.0250722155504813	-0.662103701856975	0.743084421642827	-0.224953139643353	-0.098876021325104	-0.230373092924964	0.443715962620695	0.0127064580655996	0.38661338118936	-0.126353258293457
SER99A	-0.147175592970843	0.025818391992719	-0.00655388197763656	-0.198062134480764	-0.674539805524397	-0.647506489680265	-0.516487640339915	-0.662103701856975	-0.550207317664497	-0.399916692699294	-0.634048941306304	-0.45861898114191	-0.915164172905184	-0.817448802220235	-0.79370161434202	-0.584968788395635
GLY199A	-1.10872280038035	-0.480222091064573	-1.16265866283271	-0.725032881425058	-0.703568195442672	-0.47006667689225	-1.00790306512935	-0.662103701856975	-1.04762721739808	-0.924807351867118	-0.634048941306304	-0.45861898114191	-0.915164172905184	-0.817448802220235	-0.79370161434202	-0.584968788395635
GLU286A	-0.627949196675597	-0.480222091064573	-0.39192214226266	-0.198062134480764	-0.699939646702887	-0.584253159778379	-1.00790306512935	-0.662103701856975	-0.948143237451366	-0.749843798811177	-0.634048941306304	-0.45861898114191	-0.915164172905184	-0.817448802220235	-0.79370161434202	-0.584968788395635
ALA119A	-1.10872280038035	-0.986262574121866	-0.777290402547683	-0.54937596577696	-0.825124578225447	-0.672736438562386	-1.00790306512935	-0.662103701856975	-0.848659257504649	-0.399916692699294	-0.634048941306304	-0.45861898114191	-0.915164172905184	-0.817448802220235	-0.79370161434202	-0.584968788395635
VAL147A	0.333598010733911	0.531858875050011	0.378814378307387	-0.0224052188326655	-0.743482231580299	-0.536614956843638	0.466343209238952	0.486323958001141	0.345148501855958	-0.399916692699294	-0.634048941306304	-0.45861898114191	-0.915164172905184	-0.817448802220235	-0.79370161434202	-0.584968788395635
GLY117A	-0.627949196675597	0.025818391992719	-0.520378229024334	0.328908612463531	-0.667282708044828	-0.551128556700996	-0.516487640339915	-0.0878898719279169	-0.251755377824346	0.649864625636353	-0.347294396789157	-0.235116442403266	0.443715962620695	0.842861718351434	0.150550382083084	0.33226227180872
SER116A	-0.627949196675597	-0.986262574121866	-0.905746489309357	-0.900689797073156	-0.680889765819019	-0.702985656722108	-1.00790306512935	-1.23631753178603	-1.04762721739808	-1.09977090492306	-0.347294396789157	-0.45861898114191	0.443715962620695	-0.817448802220235	0.38661338118936	-1.04358431849781
GLY105A	0.333598010733911	1.0378993581073	0.250358291545712	0.855879359407825	-0.661839884935152	-0.400493475124889	0.466343209238952	1.0605377879302	0.345148501855958	0.824828178692295	-0.615647580160819	-0.431998911458394	-0.235724105142245	0.0127064580655996	-0.0855126170231919	-0.126353258293457
SER240A	-0.627949196675597	-0.480222091064573	0.250358291545712	0.328908612463531	0.63899483827753	0.341052588434182	-0.0250722155504813	-0.0878898719279169	0.444632481802675	0.649864625636353	0.996004966831277	1.07268069805241	0.443715962620695	0.842861718351434	0.622676380295637	0.790877801910898
GLY226A	-1.10872280038035	-0.480222091064573	-1.41957083635605	-0.725032881425058	-0.503998014754534	-0.137325277135309	-1.00790306512935	-0.662103701856975	-0.948143237451366	-0.574880245755236	-0.634048941306304	-0.45861898114191	-0.915164172905184	-0.817448802220235	-0.79370161434202	-0.584968788395635
VAL225A	-1.5894964040851	-0.986262574121866	-1.6764830098794	-1.07634671272125	-0.843267321924368	-0.702985656722108	-1.49931848991878	-1.23631753178603	-1.24659517729152	-0.924807351867118	-0.634048941306304	-0.45861898114191	-0.915164172905184	-0.817448802220235	-0.79370161434202	-0.584968788395635
SER183A	-1.5894964040851	-1.49230305717916	-1.54802692311773	-1.25200362836935	-0.843267321924368	-0.702985656722108	-1.49931848991878	-1.23631753178603	-1.24659517729152	-0.924807351867118	-0.345760950027033	-0.45861898114191	-0.235724105142245	-0.817448802220235	-0.557638615235744	-1.04358431849781
ASP228A	-0.627949196675597	-0.986262574121866	-0.520378229024334	-0.900689797073156	-0.672725531154505	-0.692678360902242	-0.0250722155504813	-0.662103701856975	-0.152271397877628	-0.574880245755236	-0.376429885269509	-0.45861898114191	-0.235724105142245	-0.817448802220235	-0.557638615235744	-1.04358431849781
SER166A	-1.10872280038035	-0.986262574121866	-1.16265866283271	-1.07634671272125	-0.666375570859882	-0.702985656722108	-1.00790306512935	-1.23631753178603	-1.04762721739808	-1.09977090492306	-0.634048941306304	-0.45861898114191	-0.915164172905184	-0.817448802220235	-0.79370161434202	-0.584968788395635
THR102A	-0.627949196675597	0.025818391992719	-0.39192214226266	0.153251696815433	-0.62283298598247	-0.335457656081487	-0.516487640339915	-0.0878898719279169	-0.45072333771778	-0.0499895865874118	-0.634048941306304	-0.45861898114191	-0.915164172905184	-0.817448802220235	-0.79370161434202	-0.584968788395635
ARG248A	-1.10872280038035	-0.986262574121866	-1.16265866283271	-1.07634671272125	-0.625554397537308	-0.618287845874887	-0.516487640339915	-0.662103701856975	-0.749175277557932	-1.09977090492306	-0.351894737075528	-0.45861898114191	-0.235724105142245	-0.817448802220235	-0.79370161434202	-1.04358431849781
SER241A	-1.10872280038035	-0.986262574121866	-1.16265866283271	-0.54937596577696	-0.792467639567388	-0.702985656722108	-1.00790306512935	-1.23631753178603	-1.1471111973448	-1.09977090492306	-0.634048941306304	-0.45861898114191	-0.915164172905184	-0.817448802220235	-0.79370161434202	-0.584968788395635
LEU265A	1.29514521814342	1.0378993581073	1.02109481211576	0.855879359407825	0.309704040142102	1.19364032189245	0.957758634028386	1.0605377879302	0.842568401589544	0.649864625636353	0.623377403635198	0.0604723776866619	1.80259609814658	0.842861718351434	0.38661338118936	-0.584968788395635
MET160A	0.814371614438665	-0.480222091064573	0.892638725354084	-0.198062134480764	0.559166766002275	0.876023531215374	0.466343209238952	-0.0878898719279169	0.444632481802675	-0.0499895865874118	0.718451102886873	0.268996256874208	2.48203616590951	0.0127064580655996	2.9833063713584	-0.126353258293457
SER106A	-1.5894964040851	-1.49230305717916	-1.29111474959438	-1.25200362836935	-0.672725531154505	-0.702985656722108	-1.00790306512935	-1.23631753178603	-0.948143237451366	-1.09977090492306	-0.634048941306304	-0.45861898114191	-0.915164172905184	-0.817448802220235	-0.79370161434202	-0.584968788395635
MET243A	-1.5894964040851	-1.49230305717916	-1.54802692311773	-1.25200362836935	-0.843267321924368	-0.702985656722108	-1.49931848991878	-1.23631753178603	-1.24659517729152	-0.924807351867118	-0.634048941306304	-0.45861898114191	-0.915164172905184	-0.817448802220235	-0.79370161434202	-0.584968788395635
THR170A	-0.147175592970843	0.025818391992719	-0.39192214226266	-0.373719050128862	-0.843267321924368	-0.702985656722108	-0.516487640339915	-0.662103701856975	-0.351239357771063	-0.574880245755236	0.00386491173718953	0.464210101219996	1.12315603038364	0.842861718351434	0.858739379401913	-1.04358431849781
ASN247A	-1.5894964040851	-1.49230305717916	-1.29111474959438	-1.25200362836935	-0.843267321924368	-0.702985656722108	-1.49931848991878	-1.23631753178603	-1.24659517729152	-0.924807351867118	-0.634048941306304	-0.45861898114191	-0.915164172905184	-0.817448802220235	-0.79370161434202	-0.584968788395635
HIS178A	-0.627949196675597	-1.49230305717916	-0.777290402547683	-1.25200362836935	-0.676354079894289	-0.702985656722108	-1.00790306512935	-1.23631753178603	-0.749175277557932	-1.09977090492306	-0.634048941306304	-0.45861898114191	-0.915164172905184	-0.817448802220235	-0.79370161434202	-0.584968788395635
LEU264A	-0.627949196675597	-0.986262574121866	-0.00655388197763656	-0.54937596577696	-0.842360184739422	-0.702985656722108	-1.00790306512935	-1.23631753178603	-1.1471111973448	-1.09977090492306	-0.385630565842251	-0.45861898114191	0.443715962620695	-0.817448802220235	0.150550382083084	-1.04358431849781
GLU287A	-1.5894964040851	-0.986262574121866	-1.6764830098794	-1.07634671272125	-0.843267321924368	-0.702985656722108	-1.49931848991878	-1.23631753178603	-1.24659517729152	-0.924807351867118	-0.634048941306304	-0.45861898114191	-0.915164172905184	-0.817448802220235	-0.79370161434202	-0.584968788395635
SER96A	-2.07027000778986	-1.49230305717916	-1.80493909664108	-1.25200362836935	-0.843267321924368	-0.702985656722108	-1.49931848991878	-1.23631753178603	-1.24659517729152	-0.924807351867118	-0.634048941306304	-0.45861898114191	-0.915164172905184	-0.817448802220235	-0.79370161434202	-0.584968788395635
HIS115A	-2.07027000778986	-1.49230305717916	-1.80493909664108	-1.25200362836935	-0.843267321924368	-0.702985656722108	-1.49931848991878	-1.23631753178603	-1.24659517729152	-0.924807351867118	-0.634048941306304	-0.45861898114191	-0.915164172905184	-0.817448802220235	-0.79370161434202	-0.584968788395635
LYS120A	-2.07027000778986	-1.49230305717916	-1.80493909664108	-1.25200362836935	-0.843267321924368	-0.702985656722108	-1.49931848991878	-1.23631753178603	-1.24659517729152	-0.924807351867118	-0.634048941306304	-0.45861898114191	-0.915164172905184	-0.817448802220235	-0.79370161434202	-0.584968788395635
SER121A	-2.07027000778986	-1.49230305717916	-1.80493909664108	-1.25200362836935	-0.843267321924368	-0.702985656722108	-1.49931848991878	-1.23631753178603	-1.24659517729152	-0.924807351867118	-0.634048941306304	-0.45861898114191	-0.915164172905184	-0.817448802220235	-0.79370161434202	-0.584968788395635
GLU180A	-2.07027000778986	-1.49230305717916	-1.80493909664108	-1.25200362836935	-0.843267321924368	-0.702985656722108	-1.49931848991878	-1.23631753178603	-1.24659517729152	-0.924807351867118	-0.634048941306304	-0.45861898114191	-0.915164172905184	-0.817448802220235	-0.79370161434202	-0.584968788395635
LEU201A	-2.07027000778986	-1.49230305717916	-1.80493909664108	-1.25200362836935	-0.843267321924368	-0.702985656722108	-1.49931848991878	-1.23631753178603	-1.24659517729152	-0.924807351867118	-0.634048941306304	-0.45861898114191	-0.915164172905184	-0.817448802220235	-0.79370161434202	-0.584968788395635
ARG290A	-2.07027000778986	-1.49230305717916	-1.80493909664108	-1.25200362836935	-0.843267321924368	-0.702985656722108	-1.49931848991878	-1.23631753178603	-1.24659517729152	-0.924807351867118	-0.634048941306304	-0.45861898114191	-0.915164172905184	-0.817448802220235	-0.79370161434202	-0.584968788395635
