Degree	Degree_sidechain	SecondOrderDegree	SecondOrderDegree_sidechain	NodeEdgeBetweennessSTRIDE	NodeEdgeBetweennessSTRIDE_sidechain	IntermodularDegreeSTRIDE	IntermodularDegreeSTRIDE_sidechain	SecondOrderIntermodularDegreeSTRIDE	SecondOrderIntermodularDegreeSTRIDE_sidechain	NodeEdgeBetweennessWALKTRAP	NodeEdgeBetweennessWALKTRAP_sidechain	IntermodularDegreeWALKTRAP	IntermodularDegreeWALKTRAP_sidechain	SecondOrderIntermodularDegreeWALKTRAP	SecondOrderIntermodularDegreeWALKTRAP_sidechain
ARG3A	7	6	19	10	1430	1077.3137126826	5	5	16	10	859	602.197672497015	2	2	3	3
GLU35A	4	2	13	1	39	2	3	2	6	0	2	2	2	2	1	0
ALA147A	7	7	23	16	1785	1153.92451730794	5	5	12	7	558	558	3	3	7	3
PHE179A	6	3	19	5	1918	1151	5	3	12	1	1708	1151	4	3	8	2
ALA184A	6	5	15	7	643	518	5	4	16	4	1	1	1	1	1	1
ASN185A	4	1	10	1	119	1	3	1	6	0	1	1	1	1	1	1
HIS106A	3	3	3	2	225	203.105341790332	2	2	2	2	1	1	1	1	1	1
LYS109A	3	3	3	2	225	22.8946582096681	3	3	3	1	1	1	1	1	1	1
ARG82A	5	2	14	4	1527	1	2	1	3	0	1	1	1	1	1	1
GLU66A	6	3	13	5	5173	2373.65283318857	4	3	6	1	1101	1	3	1	2	0
GLY125A	10	10	30	17	1823	1088.71666826872	4	4	12	10	6953	6953	2	2	5	1
TYR151A	7	4	24	11	1607	472.040688753258	6	4	17	7	575	1	4	1	12	0
GLU182A	3	2	9	4	1	1	1	1	1	1	1	1	1	1	1	1
VAL178A	6	5	16	7	65	33	2	2	2	2	1	1	1	1	1	1
ALA194A	6	6	20	17	2194	923.684137069407	3	3	7	6	1178	395.411474080197	2	2	4	3
LEU223A	6	5	20	13	2692	1639.43245865722	4	4	8	8	2692	1639.43245865722	5	4	6	4
ARG148A	4	3	8	2	657	1	2	1	4	0	881	153.610425315348	3	2	5	1
GLU76A	3	3	5	4	1	1	1	1	1	1	1	1	1	1	1	1
GLY78A	5	5	7	5	667	383.925166204258	3	3	3	3	667	383.925166204258	2	2	2	2
ALA150A	7	6	23	16	2143	1803.37397734005	4	4	11	6	1	1	3	2	6	1
SER149A	4	3	9	3	1	1	1	1	1	1	1	1	2	2	2	1
ALA13A	9	8	22	13	2667	2667	4	4	10	5	89	89	2	2	3	0
ASP21A	4	2	12	1	228	50.8344057117895	3	2	6	1	1	1	1	1	1	1
LEU100A	8	6	27	10	1654	1487.5	5	5	16	5	872	1	2	1	3	0
LYS124A	6	1	25	1	2925	1	5	1	16	0	1005	1	3	1	4	0
LYS87A	2	1	5	1	1	1	1	1	1	1	225	1	2	1	2	0
THR90A	6	4	12	2	1	1	1	1	1	1	3704	3704	3	3	2	0
ILE7A	6	3	18	7	4196	1109.3282786697	4	2	11	4	2960	1109.3282786697	4	2	7	3
LEU43A	6	4	15	6	3843	2499.15889661253	5	4	14	5	1620	1620	2	2	3	1
ILE157A	6	4	18	6	3931	1705.95930942504	5	3	17	7	1	1	2	2	4	1
VAL118A	8	8	25	19	3579	2950.42212585322	6	6	24	15	1	1	3	3	9	6
ASP139A	4	3	8	2	5	1	2	1	2	0	1	1	1	1	1	1
ILE143A	4	3	13	6	334	1	3	2	9	5	334	1	2	1	4	0
LYS27A	6	2	20	1	841	1	4	1	12	0	841	1	4	1	12	0
TYR48A	9	3	32	5	4891	382	7	3	20	2	4987	382	7	3	17	2
ASP204A	6	5	17	11	8535	1894.01558475299	6	5	19	9	1	1	1	1	1	1
THR165A	10	7	29	18	7459	4332.39385750676	8	5	34	20	218	1	3	1	8	0
ARG18A	4	2	12	1	1983	178.16559428821	4	2	7	1	1	1	1	1	1	1
ARG41A	7	6	17	9	5591	4504.39559310304	6	5	20	10	3438	2351.39559310304	5	4	10	5
CYS38A	5	2	11	2	1	1	2	1	4	0	1	1	1	1	1	1
LEU227A	6	5	14	13	1879	1114.72733701079	5	4	9	4	1	1	2	2	4	3
ARG85A	7	5	13	4	3798	2316.34716681143	4	2	7	2	109	56.9087030433868	2	2	3	2
ALA111A	8	8	17	14	7473	5312.77936515529	7	7	24	16	1	1	1	1	1	1
SER116A	3	2	11	5	5503	596.684580345276	3	2	11	4	2744	596.684580345276	2	2	4	3
GLU133A	5	2	20	3	1862	344.839731870353	3	2	7	2	1862	344.839731870353	3	2	6	2
VAL134A	7	7	22	16	1844	895.309320864557	5	5	12	8	1725	835.809320864557	3	3	5	4
LEU205A	7	7	20	15	683	551.650537033492	7	7	24	17	1	1	1	1	1	1
SER216A	6	4	20	12	225	85.9322044081018	5	3	24	10	134	1	2	1	4	0
ALA201A	8	8	24	19	3713	1401.29115150623	5	5	21	15	1	1	4	4	10	8
MET220A	6	5	19	12	3500	2516.58073692689	5	5	14	12	1	1	2	2	4	3
ARG129A	8	5	27	7	869	458.552215119522	4	3	12	6	97	72.5522151195215	2	2	3	3
GLU188A	3	1	6	1	1	1	1	1	1	1	1	1	1	1	1	1
PRO187A	6	4	14	3	250	250	3	3	6	2	1	1	1	1	1	1
GLN55A	8	5	20	11	4859	3715.1983723135	4	4	6	6	4859	3715.1983723135	4	4	6	6
GLU91A	5	2	19	4	3495	470.91086613202	2	2	3	3	3495	470.91086613202	2	2	3	3
ARG117A	6	5	17	11	6709	3779.38748430752	5	5	16	11	1325	1184.12615888785	2	2	4	1
ILE108A	5	3	19	6	309	146	5	3	19	4	76	76	2	2	2	0
ASP126A	6	5	17	8	227	102.897792741379	3	3	8	6	95	44.9536444113572	3	3	8	4
ALA135A	7	7	17	15	1615	1362.63249539519	6	6	16	11	935	682.632495395188	4	4	7	5
LYS140A	5	1	12	1	1121	1	3	1	7	0	1	1	1	1	1	1
SER146A	4	2	10	1	1	1	1	1	1	1	225	225	2	2	1	0
ALA23A	8	8	21	15	7382	4863.09663799146	4	4	12	8	133	67	2	2	5	5
ALA47A	7	6	22	18	6514	5501.90336200854	3	3	8	6	1	1	2	1	5	0
GLU14A	4	2	15	5	225	1	3	2	7	2	1	1	1	1	1	1
MET22A	7	4	24	8	6599	1543.84110338747	6	4	13	6	1	1	1	1	1	1
THR217A	5	5	8	8	155	78	2	2	6	6	1	1	1	1	1	1
TYR213A	3	1	8	1	741	1	2	1	6	0	1	1	1	1	1	1
TYR128A	6	1	25	1	801	1	3	1	8	0	1	1	1	1	1	1
LYS11A	4	2	11	1	671	176.280719446799	3	2	6	1	1	1	1	1	1	1
GLU34A	3	2	8	5	849	96.8839598144185	3	2	7	4	1	1	1	1	1	1
GLY53A	7	7	18	15	1	1	1	1	1	1	1	1	1	1	1	1
LYS49A	6	1	19	1	1	1	3	1	10	0	1	1	3	1	6	0
ASP156A	2	2	2	2	1	1	1	1	1	1	225	83.1397829165175	2	2	2	2
GLN152A	3	3	5	3	1	1	1	1	1	1	671	588.860217083482	3	3	5	3
LEU208A	7	7	16	14	2991	2475.77507345226	7	7	22	15	1	1	1	1	1	1
LEU121A	6	5	17	10	2659	1868.380601907	5	4	11	5	1291	1291	3	2	6	1
GLU31A	5	2	17	1	119	1	2	1	4	0	119	1	2	1	3	0
GLU40A	6	5	17	11	4389	1074.65790369713	6	5	22	12	2250	540.474048833282	4	4	9	4
LEU62A	5	4	12	8	318	305.374427849669	4	4	7	4	1	1	1	1	1	1
ALA190A	9	8	21	14	1246	1170.84458675298	6	6	18	8	1	1	1	1	1	1
ASN42A	3	2	8	2	1	1	1	1	1	1	1	1	1	1	1	1
VAL46A	6	6	11	8	1	1	3	3	7	4	290	60.6220544762476	2	2	2	2
VAL99A	8	7	27	17	3757	3757	4	4	15	5	726	726	3	3	9	5
ALA173A	8	7	30	22	1613	730.624967879335	4	3	10	5	890	283.173814472525	2	2	4	2
MET155A	6	3	19	8	4289	1621.82618552748	4	3	12	3	4735	1621.82618552748	5	3	11	2
ALA154A	7	7	22	18	2875	1278.20604938557	3	3	10	9	1511	489.586651292563	5	5	15	8
LEU172A	9	7	29	19	14987	14498.4133487074	7	7	22	15	14987	14498.4133487074	7	7	20	10
THR98A	6	5	21	13	408	408	3	3	9	2	418	408	4	3	12	2
SER69A	4	3	8	4	667	1	2	1	3	0	881	881	2	2	2	0
SER74A	4	3	3	3	1115	891	4	3	3	0	1	1	1	1	1	1
ILE168A	5	1	14	1	225	1	4	1	14	0	225	1	4	1	8	0
LEU92A	5	5	18	11	294	135.971573587233	3	3	6	5	294	135.971573587233	3	3	6	5
TYR127A	8	3	30	3	3153	1	7	3	20	2	1471	1	4	3	11	2
SER212A	4	2	10	3	1113	33.9694126828539	3	2	9	3	1	1	1	1	1	1
ARG60A	4	3	15	7	1	1	1	1	1	1	1	1	1	1	1	1
TRP59A	6	4	14	9	1498	365.558183740254	4	2	9	4	1064	365.558183740254	3	2	5	2
ALA57A	7	5	16	9	1	1	1	1	1	1	1	1	1	1	1	1
SER186A	5	3	15	5	257	126	5	3	13	3	1	1	1	1	1	1
TYR84A	3	1	8	1	49	1	2	1	3	0	1	1	1	1	1	1
VAL88A	6	6	13	10	487	456.125572150331	4	4	7	5	1	1	2	2	3	2
LEU107A	8	7	29	16	1003	805.069273238707	8	7	36	22	181	74.4397934941063	4	4	12	9
GLY171A	7	7	25	18	2240	1080.79457272409	3	3	5	2	2240	1080.79457272409	3	3	7	2
LYS122A	6	2	21	6	8409	1160.20542727591	4	2	11	2	15361	1160.20542727591	6	2	14	2
ASN175A	5	4	14	7	359	243.494140469121	4	4	8	5	359	243.494140469121	4	4	8	4
SER209A	4	4	4	1	671	638.030587317146	4	4	4	1	1	1	1	1	1	1
TYR181A	3	2	12	5	225	1.92130997545742	3	2	10	4	1	1	1	1	1	1
PHE198A	7	4	18	5	1101	551	3	3	5	5	2373	1823	5	4	7	2
LEU36A	9	6	27	17	457	149.340892686471	8	5	35	16	424	132.840892686471	6	3	15	6
TYR120A	6	4	24	13	3145	148.370520255399	6	4	30	14	57	57	3	3	9	5
VAL52A	8	7	26	12	7755	7755	3	3	10	3	11635	11635	4	4	12	5
GLU161A	3	2	6	1	447	1	2	1	4	0	1	1	1	1	1	1
LYS160A	2	1	2	1	1	1	1	1	1	1	1	1	1	1	1	1
GLY101A	8	8	20	16	885	885	2	2	2	1	887	887	4	4	5	2
SER105A	4	2	9	1	1109	225	3	2	3	0	1	1	1	1	1	1
ALA24A	5	5	15	9	1	1	1	1	1	1	1	1	1	1	1	1
ALA16A	6	6	9	8	888	888	3	3	4	1	1	1	1	1	1	1
GLU17A	2	1	5	1	225	1	2	1	2	0	1	1	1	1	1	1
GLY73A	2	2	3	3	225	225	2	2	3	2	1	1	1	1	1	1
ALA4A	4	4	9	8	1	1	1	1	1	1	1	1	1	1	1	1
SER5A	4	2	4	1	225	225	2	2	1	0	1	1	1	1	1	1
GLU20A	4	1	12	1	225	1	2	1	4	0	225	1	2	1	5	0
ASP104A	4	1	9	1	225	1	3	1	4	0	1	1	1	1	1	1
ALA203A	5	4	9	7	177	1	3	2	6	4	3	3	2	2	1	0
ASP199A	4	3	10	4	1	1	1	1	1	1	3	1	2	1	1	0
LEU44A	7	6	29	16	383	315.5	5	5	23	16	136	68.5	4	4	12	9
VAL30A	10	7	27	16	270	148.060206505894	6	5	25	17	246	150.560206505894	5	5	11	9
ARG56A	8	4	19	2	2993	2629.16026812965	4	3	8	2	2993	2629.16026812965	4	3	7	2
GLU39A	4	2	8	1	225	49.7192805532007	3	2	6	1	1	1	1	1	1	1
ILE144A	6	3	19	3	920	79	4	2	12	1	920	79	5	2	12	1
THR231A	4	4	12	11	295	294.738673617955	4	4	12	9	1	1	1	1	1	1
TRP230A	7	6	15	10	222	98.7231492063302	6	5	16	8	1	1	1	1	1	1
LYS195A	4	2	10	2	433	1	2	1	4	0	1	1	1	1	1	1
PHE119A	4	3	13	5	921	845.578933865215	3	3	7	4	921	845.578933865215	3	3	6	3
GLY28A	8	8	21	15	170	52.1021978117722	2	2	5	5	1	1	2	2	4	1
LYS32A	5	2	12	3	120	1	4	2	11	2	1	1	1	1	1	1
GLU189A	3	1	12	1	212	1	2	1	4	0	1	1	1	1	1	1
HIS180A	6	3	19	2	1018	212	5	2	14	0	1	1	1	1	1	1
ASN166A	6	2	19	2	2319	171.731305807627	4	2	13	2	2319	171.731305807627	4	2	10	2
PRO163A	6	3	20	7	198	198	4	2	17	5	198	198	3	2	9	3
GLU86A	3	1	10	1	1	1	1	1	1	1	3480	1	2	1	2	0
GLY54A	5	5	14	13	1	1	1	1	1	1	1	1	1	1	1	1
ILE191A	5	4	14	10	225	14.7722804472812	4	3	12	7	1	1	1	1	1	1
ASP145A	3	2	5	2	1	1	1	1	1	1	225	72.3895746846524	3	2	3	1
LEU170A	8	6	27	17	519	435	6	6	23	15	351	351	5	5	8	3
LEU193A	8	6	23	15	708	708	5	5	13	4	1	1	1	1	1	1
SER177A	6	3	23	7	576	1	4	1	14	0	1	1	1	1	1	1
ARG169A	7	5	19	10	9379	4864.07227478302	6	5	20	8	9379	4864.07227478302	6	5	11	4
PRO164A	8	5	23	10	8672	3826.81765387222	6	3	20	4	4409	1	3	1	9	0
GLU80A	4	4	7	6	1	1	3	3	3	2	225	63.0902336461697	2	2	2	2
LYS77A	4	1	5	1	1	1	2	1	2	0	1	1	1	1	1	1
ALA29A	7	6	21	16	1845	1237	3	2	8	1	157	157	3	3	6	1
LEU174A	8	4	20	5	1950	954.885303966829	4	4	6	6	1641	800.385303966829	3	3	5	4
LEU222A	2	2	7	3	225	47.7977875311702	2	2	3	3	225	47.7977875311702	2	2	2	2
LEU102A	6	4	20	7	441	189	5	4	16	4	207	189	4	4	8	4
ARG224A	4	3	8	4	1101	551	2	2	2	2	1547	551	3	2	5	3
TYR130A	6	2	22	1	7849	1	5	2	10	0	7849	1	4	2	8	0
CYS96A	7	5	22	8	154	56.8256515895921	4	4	14	6	1	1	1	1	1	1
ALA132A	9	8	25	16	911	758	5	4	14	3	911	758	5	4	11	2
LEU131A	8	5	28	9	1015	788.674348410408	5	4	14	8	5	1	2	1	3	0
ILE65A	3	2	5	3	265	1	2	1	2	0	1	1	1	1	1	1
VAL61A	4	4	10	8	1	1	1	1	1	1	1	1	1	1	1	1
PHE176A	5	3	17	5	1940	575	4	2	12	3	1589	575	3	2	7	0
ILE183A	6	3	18	3	793	454	5	2	13	1	609	454	4	2	10	1
ASP113A	3	1	7	1	91	1	2	1	4	0	1	1	1	1	1	1
GLY112A	3	3	8	7	1	1	1	1	1	1	1	1	1	1	1	1
THR197A	8	6	26	18	990	396.521822357768	4	4	11	10	99	36.9729757645793	3	2	7	3
PRO79A	5	4	8	5	667	284.074833795742	2	2	2	2	891	445.984600149572	3	3	2	2
THR207A	4	4	9	9	619	564.543200541053	3	3	11	10	1	1	1	1	1	1
LYS159A	2	1	6	1	225	1	2	1	5	0	225	1	2	1	5	0
VAL95A	8	6	27	14	1555	791.419187967251	4	4	13	9	1555	791.419187967251	4	4	14	10
LYS9A	5	2	18	2	147	61.653635429837	3	2	6	2	103	1	4	1	8	0
MET1A	4	3	9	5	497	169.88877920257	4	3	10	6	1	1	1	1	1	1
LYS214A	3	2	5	1	1	1	1	1	1	1	1	1	1	1	1	1
VAL51A	7	7	21	18	985	687.5	5	5	9	6	985	687.5	6	6	8	4
GLY137A	5	5	6	4	445	445	3	3	3	0	1	1	1	1	1	1
THR136A	3	3	8	8	1	1	1	1	1	1	1	1	1	1	1	1
ASN50A	3	3	7	5	80	80	2	2	2	0	369	309.377945523752	3	3	3	1
MET162A	8	6	20	12	7013	4047.10163766306	8	6	27	12	3247	2818.92772521698	5	4	13	5
LEU6A	7	6	17	12	1359	1216.35538755582	6	6	12	6	215	215	3	2	7	1
PHE25A	7	2	18	2	229	9	4	2	9	1	223	9	5	2	8	0
ALA58A	5	5	16	14	18	9.5	2	2	3	3	1	1	1	1	1	1
GLN93A	6	3	21	9	644	60.5	3	2	8	4	1	1	1	1	1	1
SER37A	5	4	13	6	4293	1605.81614513615	5	4	13	5	1	1	1	1	1	1
PRO167A	6	5	16	8	1451	1057	5	4	13	5	1451	1057	5	4	8	1
GLY33A	4	4	12	9	435	435	4	4	10	6	1	1	1	1	1	1
MET202A	5	1	15	1	2245	1	3	1	10	0	1273	1	2	1	4	0
GLU2A	2	1	3	1	225	1	2	1	1	0	1	1	1	1	1	1
HIS206A	3	3	5	5	177	177	2	2	2	1	1	1	1	1	1	1
TYR19A	4	1	11	1	245	1	3	1	5	0	245	1	3	1	7	0
GLY94A	7	7	17	12	1	1	1	1	1	1	1	1	1	1	1	1
ASP138A	2	1	4	1	1	1	1	1	1	1	1	1	1	1	1	1
ASP225A	2	2	2	2	1	1	1	1	1	1	225	102.421980886883	2	2	1	1
GLN221A	3	3	3	2	1	1	1	1	1	1	225	123.578019113117	2	2	1	1
LEU103A	8	6	25	14	3577	3507	6	5	23	10	2251	2251	4	4	6	3
ILE219A	4	2	11	5	429	395	3	2	6	3	429	395	3	2	6	3
GLU153A	5	2	13	4	2615	141.87384111215	3	2	8	4	2615	141.87384111215	5	2	8	1
GLU89A	5	3	16	7	117	117	3	2	7	1	225	169.091296956613	4	3	4	2
GLN15A	2	1	5	1	1	1	1	1	1	1	1	1	1	1	1	1
LEU12A	3	1	11	1	1	1	1	1	1	1	1	1	1	1	1	1
MET26A	7	3	21	7	492	26	5	3	15	7	176	1	3	1	6	0
SER158A	5	3	19	9	10059	4191.4039617007	5	3	23	9	8240	3184	3	2	11	4
SER63A	3	3	9	7	402	402	2	2	3	1	1	1	1	1	1	1
ASP211A	2	1	3	1	225	1	2	1	3	0	1	1	1	1	1	1
GLN8A	3	3	5	4	1	1	1	1	1	1	1	1	1	1	1	1
THR196A	4	4	13	11	1	1	1	1	1	1	1	1	1	1	1	1
MET123A	4	2	14	1	3411	466	4	2	10	0	1787	466	3	2	5	0
VAL81A	4	4	8	5	749	749	3	3	4	2	1	1	1	1	1	1
SER192A	3	2	4	1	1	1	1	1	1	1	1	1	1	1	1	1
ALA114A	7	6	16	10	1281	1281	5	5	13	7	1	1	1	1	1	1
LEU229A	2	1	2	1	1	1	1	1	1	1	1	1	1	1	1	1
THR228A	3	3	3	3	1	1	1	1	1	1	447	447	2	2	2	1
GLU115A	4	3	9	1	225	54.2686941923725	3	3	6	1	225	54.2686941923725	3	3	6	1
ALA10A	8	7	22	11	226	226	3	3	7	3	7	7	4	4	8	2
ASP97A	3	1	11	1	1	1	1	1	1	1	6	1	2	1	3	0
GLU200A	3	1	11	1	1	1	2	1	5	0	1	1	1	1	1	1
ASN226A	4	3	14	6	374	187.5	3	3	4	4	1	1	1	1	1	1
GLU110A	3	1	9	1	225	1	3	1	8	0	2	1	2	1	1	0
GLU83A	2	2	4	3	1	1	1	1	1	1	1	1	1	1	1	1
LEU218A	3	2	6	2	1	1	1	1	1	1	1	1	1	1	1	1
SER45A	3	1	5	1	897	1	3	1	5	0	897	1	3	1	4	0
GLU71A	2	1	3	1	225	1	2	1	3	0	1	1	1	1	1	1
GLU210A	3	1	4	1	1	1	2	1	3	0	1	1	1	1	1	1
ASP215A	2	1	5	1	225	1	2	1	4	0	225	1	2	1	4	0
ASN70A	3	2	7	3	1	1	1	1	1	1	221	221	2	2	2	0
ARG142A	2	1	3	1	1	1	1	1	1	1	225	1	2	1	1	0
SER0A	1	1	1	1	1	1	1	1	1	1	1	1	1	1	1	1
SER64A	1	1	1	1	1	1	1	1	1	1	1	1	1	1	1	1
GLN67A	1	1	1	1	1	1	1	1	1	1	1	1	1	1	1	1
LYS68A	1	1	1	1	1	1	1	1	1	1	1	1	1	1	1	1
GLU75A	1	1	1	1	1	1	1	1	1	1	1	1	1	1	1	1
LYS141A	1	1	1	1	1	1	1	1	1	1	1	1	1	1	1	1
