Degree	Degree_sidechain	SecondOrderDegree	SecondOrderDegree_sidechain	NodeEdgeBetweennessSTRIDE	NodeEdgeBetweennessSTRIDE_sidechain	IntermodularDegreeSTRIDE	IntermodularDegreeSTRIDE_sidechain	SecondOrderIntermodularDegreeSTRIDE	SecondOrderIntermodularDegreeSTRIDE_sidechain	NodeEdgeBetweennessWALKTRAP	NodeEdgeBetweennessWALKTRAP_sidechain	IntermodularDegreeWALKTRAP	IntermodularDegreeWALKTRAP_sidechain	SecondOrderIntermodularDegreeWALKTRAP	SecondOrderIntermodularDegreeWALKTRAP_sidechain
MET1A	4	2	8	2	1924	600	4	2	7	0	1325	1	3	1	3	0
MET3A	5	4	15	7	1252	1252	5	4	13	4	1252	1252	3	3	7	3
VAL213A	5	5	17	13	869	688.27572326777	3	3	7	6	869	688.27572326777	3	3	7	6
VAL232A	7	6	25	19	638	490.987520046431	5	5	23	15	638	490.987520046431	5	5	15	11
ILE96A	7	3	25	10	2516	719.104217711045	6	3	25	7	1265	76.662563270217	5	2	11	3
LEU19A	6	5	27	17	1924	1089.5	5	4	23	11	2152	791.020506755486	4	4	12	6
ASN229A	3	2	6	4	600	1	2	1	3	0	1	1	1	1	1	1
LYS227A	5	5	9	5	1368	464.812982170351	4	4	9	5	1	1	1	1	1	1
ASN46A	4	2	8	1	402	1	3	1	7	0	1	1	1	1	1	1
GLN45A	3	2	8	1	238	1	2	1	5	0	1	1	1	1	1	1
GLY244A	5	5	11	9	268	184.790972065709	5	5	12	7	1	1	1	1	1	1
ILE245A	4	2	10	3	466	171.5	4	2	9	2	342	171.5	2	2	1	1
PHE235A	6	4	21	10	1455	326.092042681515	4	3	11	4	1455	326.092042681515	4	3	10	4
ASN77A	8	5	30	16	6476	2793.30251163705	8	5	41	19	3689	2313.90445638273	5	4	19	10
ILE24A	13	5	36	13	3795	559.32104075339	12	5	65	19	3714	559.32104075339	8	5	20	7
MET13D	5	4	17	7	356	183.147922031823	5	4	20	8	219	140.592482969141	2	2	2	2
PHE162A	5	3	14	7	1484	233.879460693841	5	3	17	7	877	233.879460693841	3	3	3	3
ALA236A	7	7	19	16	2089	1581.44411682803	4	4	11	8	2089	1581.44411682803	4	4	10	7
LEU78A	6	3	17	4	882	305.754987793736	5	3	12	2	882	305.754987793736	5	3	10	1
GLU120A	5	3	22	9	2378	236.316921136849	4	3	17	9	1110	1.5	3	2	8	3
VAL133A	9	7	24	14	2367	2115	7	6	24	11	2215	2115	6	6	14	6
ALA79A	7	6	27	16	2336	904.691439200179	5	4	25	12	2336	904.691439200179	4	3	14	8
HIS80A	10	7	33	18	8194	4036.7569548996	9	7	53	25	128	84.4916089815252	4	4	15	10
LEU210A	9	8	34	29	3201	2848.23149100883	7	6	30	22	1002	649.313357444876	4	4	7	6
PRO200A	10	7	34	20	6055	2623	7	5	28	12	1868	1868	3	3	4	1
THR20A	9	8	31	21	2902	1454.47507235401	8	7	43	26	2082	1496.55013703693	5	4	16	10
LEU191A	9	6	31	18	4578	1738.40312817917	8	6	38	16	2125	323	5	3	11	6
THR218A	8	7	25	10	1268	431.124028610758	6	5	25	9	1	1	1	1	1	1
ARG126A	5	1	11	1	238	1	4	1	14	0	1	1	1	1	1	1
VAL125A	5	4	14	6	238	233	4	3	15	5	3	3	2	2	1	0
GLY21A	8	8	29	20	1276	839.965544594275	8	8	44	27	153	153	3	3	8	4
GLY23A	7	6	24	20	1357	401.835725423463	5	4	25	15	1	1	1	1	1	1
ASP101A	7	6	26	18	4339	1817.14606053225	5	4	25	15	2414	485.708748713641	5	5	11	8
SER25A	6	4	25	14	618	176.019243037891	6	4	30	17	399	176.019243037891	4	4	10	10
VAL204A	8	5	23	15	303	219.022385304261	5	3	19	8	100	36.0223853042612	2	2	2	2
ALA181A	10	8	27	19	618	324.741111598272	9	7	36	18	385	193	2	2	3	3
LEU177A	7	5	24	3	275	161.5	5	4	20	4	289	181.5	5	5	8	2
VAL192A	7	6	23	14	1178	909.675160833094	7	6	31	16	713	667.896507232302	3	3	6	4
VAL193A	9	6	24	7	1448	562.249402736225	8	5	34	12	738	544.028056337017	3	3	6	4
ASN158A	3	2	6	3	238	119.5	3	2	6	2	1	1	1	1	1	1
GLU121A	4	4	9	6	238	119.5	3	3	7	5	1	1	1	1	1	1
SER13A	6	6	18	16	1564	720.111748668609	4	4	16	13	1564	720.111748668609	6	6	13	10
SER182A	6	4	17	8	1732	905.778325748469	5	4	15	7	717	392.778325748469	2	2	5	5
ARG238A	5	3	10	2	726	726	3	2	7	1	726	726	2	2	2	0
MET184A	9	6	34	17	1257	601.302269766882	7	6	30	19	147	59.7752059850631	2	2	3	3
MET230A	4	3	9	4	1314	916	4	3	7	2	916	916	3	3	5	2
ILE155A	9	6	30	17	5546	3963.19578466173	9	6	43	17	1976	1346.19578466173	5	3	14	4
PRO146A	7	6	25	22	4822	3356.54832748651	6	5	34	21	4759	3333.80421533827	4	3	11	3
VAL239A	8	7	25	15	2226	1403.53148122715	5	5	16	11	2226	1403.53148122715	4	4	12	8
TYR122A	6	3	25	10	344	1	5	2	23	3	344	1	4	1	11	0
VAL119A	9	7	29	13	6058	5581.23632375541	6	5	21	6	3626	3626	3	2	7	0
THR97A	8	8	27	21	1948	1399.8996191539	8	8	36	28	1014	974.931494205877	5	5	10	4
GLY207A	4	4	12	11	1178	826.56617857449	4	4	11	8	1	1	1	1	1	1
GLY208A	7	7	21	19	2530	1552.71744622483	7	7	26	19	1	1	1	1	1	1
TYR228A	6	4	18	9	2486	576	5	3	19	4	2544	591.060777931147	6	4	18	6
LEU82A	6	5	20	13	1927	1180.52440194481	4	4	11	9	1927	1180.52440194481	4	4	8	7
GLY188A	8	7	27	19	3128	2293.30739287254	8	7	39	20	1577	1241	4	3	9	4
PHE6A	8	3	27	5	3352	612.542356124477	7	3	27	5	3352	612.542356124477	7	3	24	5
PRO219A	5	4	12	10	272	35	3	2	5	2	1	1	1	1	1	1
LEU72A	5	3	19	9	252	101	3	2	12	5	252	101	3	2	8	5
PHE69A	9	4	26	16	1697	193.230882463813	7	4	25	14	1697	193.230882463813	6	4	14	8
ARG106A	9	7	24	17	160	143.5	7	6	24	13	53	52.5	4	4	7	3
GLY67A	4	4	10	6	1	1	1	1	1	1	1	1	1	1	1	1
PHE63A	6	4	19	8	1379	257.060734625599	3	3	8	6	1	1	1	1	1	1
ARG205A	3	2	7	1	1	1	1	1	1	1	1	1	1	1	1	1
LEU201A	3	2	9	1	1	1	1	1	1	1	1	1	1	1	1	1
ASP150A	3	2	10	3	1	1	1	1	1	1	1	1	1	1	1	1
CYS148A	9	7	22	13	2397	465.641039190676	6	4	26	10	1	1	1	1	1	1
LYS10D	6	3	15	5	990	160.004528144305	6	3	19	5	761	40.0045281443046	3	2	2	1
PRO195A	7	7	19	14	4460	3279.43907562644	7	7	21	14	1662	1362.43907562644	3	3	3	2
SER178A	7	4	25	12	962	11.576676009241	5	3	24	10	1091	1091	2	2	2	1
ARG34A	7	4	16	7	521	273.444560937319	4	3	14	8	1098	236	5	2	7	0
ASP32A	5	3	16	5	780	1	3	1	8	0	501	501	3	3	6	1
GLY35A	3	3	6	4	238	114.218242220102	2	2	1	1	473	473	2	2	4	1
PRO36A	2	2	2	2	238	124.781757779898	2	2	1	1	1	1	1	1	1	1
GLY243A	6	6	15	13	328	168.592972792976	4	4	10	8	189	85.3839448586854	2	2	3	3
GLU242A	4	2	10	2	246	1	2	1	3	0	246	1	2	1	3	0
ARG14A	3	1	8	1	238	1	2	1	4	0	1	1	2	1	5	0
PHE48A	5	2	18	3	1697	128.296535083827	4	2	8	2	1048	1	2	1	5	0
PRO27A	9	9	30	21	839	452.602819486643	7	7	35	21	620	233.602819486643	4	4	12	10
ALA107A	9	8	31	26	1944	1603.15357270047	6	5	22	15	1	1	1	1	1	1
VAL81A	6	4	20	9	407	1	3	2	12	4	1	1	1	1	1	1
HIS116A	6	3	24	8	6610	3136.5	6	3	29	7	5843	3136.5	5	3	10	3
LEU166A	8	6	26	20	4541	2321.54930404959	7	6	34	22	1	1	2	2	4	2
GLN105A	5	4	15	11	7362	5131.09342227419	5	4	19	12	3672	3650.37906574418	3	3	4	1
GLY108A	6	6	15	14	498	403.41170651112	6	6	18	11	1	1	1	1	1	1
ALA22A	6	4	18	11	636	419.422156856027	5	3	20	7	1	1	1	1	1	1
THR26A	6	5	21	16	515	515	5	4	16	6	1	1	1	1	1	1
LEU187A	5	4	22	16	326	90.429356207585	3	2	14	6	646	373.899270556407	5	4	14	9
VAL233A	8	5	23	12	2102	1428.09602039537	5	4	20	12	2102	1428.09602039537	5	4	13	8
ASP135A	3	3	10	7	238	42.8317204866025	3	3	9	6	1	1	2	2	2	0
TYR131A	7	4	19	8	1464	416.538988475985	6	4	20	5	319	1	3	1	2	0
GLY216A	5	5	11	8	2414	2203.20469325982	3	3	6	5	1	1	1	1	1	1
ILE30A	8	5	24	15	4557	3235.08553691257	7	5	31	18	4469	3235.08553691257	5	5	14	12
PRO31A	3	3	9	8	1	1	2	2	4	4	1	1	1	1	1	1
GLU87A	5	4	6	2	1030	814	5	4	11	1	1	1	1	1	1	1
SER109A	5	2	13	5	468	15.5231758757944	5	2	17	3	1	1	1	1	1	1
ASP144A	5	3	14	6	142	1	3	2	10	1	1	1	2	2	2	0
LEU140A	9	9	22	18	854	734.580083160488	8	8	27	15	713	593.580083160488	4	4	11	4
SER189A	9	4	33	10	7606	2501.45958313547	9	4	43	10	4594	1384.86271131464	5	2	11	1
ILE212A	7	5	27	16	401	102.068717039336	4	4	14	10	611	195.918133563956	3	2	7	3
VAL211A	9	9	31	23	2091	1773.89644877427	7	7	32	21	1511	1404	5	5	18	10
CYS124A	7	7	17	13	1620	989.175477913546	7	7	23	15	1	1	1	1	1	1
ASP149A	5	3	12	4	246	61.3089077801842	3	3	8	5	6	1.84789625616944	2	2	3	2
ASN214A	5	3	19	10	3108	1694	4	3	17	9	337	337	2	2	3	2
GLU114A	5	4	16	7	238	77.0032744213062	5	4	18	8	132	22.6209342558226	3	2	6	2
VAL186A	9	9	35	27	519	261.5	6	6	31	20	575	268.530085651178	4	4	12	6
PHE33A	4	2	12	2	405	405	2	2	3	1	346	1	3	1	6	0
VAL112A	7	7	21	16	8334	6694.78564346999	6	6	24	17	239	239	2	2	3	1
GLN98A	6	4	27	12	7534	2130.04915766936	6	4	31	11	6670	1882.13728868536	4	2	12	1
HIS9D	4	3	12	5	1743	145.625812746821	3	2	8	2	1	1	1	1	1	1
LEU226A	8	7	19	13	1556	1250.03558558261	7	6	26	15	1088	1033.43922206885	6	5	20	9
THR225A	4	3	14	8	238	65.06796564312	3	3	11	9	7	4	3	2	8	4
GLU164A	6	4	19	12	8834	4539.27386022434	6	4	28	15	3972	978.673135213648	2	2	4	4
GLY163A	5	5	14	9	1582	1542.9954718557	5	5	17	9	524	484.995471855695	2	2	2	1
ARG62A	2	2	2	1	1	1	1	1	1	1	1	1	1	1	1	1
GLU59A	3	2	3	1	473	1	2	1	3	0	1	1	1	1	1	1
ALA64A	7	7	20	13	206	137.189034375698	2	2	6	3	206	137.189034375698	2	2	5	3
TYR61A	8	4	29	16	3012	5	7	4	37	14	3008	1	5	2	14	2
ARG156A	9	7	23	10	776	454.143138910583	7	5	28	9	276	155.743863921277	3	3	6	3
PHE161A	9	5	25	11	7658	3589.54801265817	9	5	38	12	569	277.064576487657	3	2	9	2
SER190A	6	4	20	12	238	46.1034927676977	5	3	19	7	125	46.1034927676977	3	3	6	3
PRO57A	8	7	19	10	1635	727.192269384433	7	6	24	10	984	76.1922693844334	3	2	7	4
VAL145A	9	6	22	12	2007	966.224123557706	6	5	29	15	2007	966.224123557706	5	5	10	6
ASP222A	2	2	4	4	238	238	2	2	2	1	1	1	1	1	1	1
SER28A	8	4	24	8	850	413.396703735259	7	4	35	10	701	413.396703735259	6	4	15	6
PHE220A	7	2	24	7	524	1	5	2	20	4	1	1	2	2	3	1
ALA174A	8	7	25	14	1496	719.623384795948	4	4	19	12	1293	69.0650392367752	3	2	5	4
GLU173A	5	1	19	1	162	1	2	1	5	0	21	1	3	1	7	0
ALA84A	6	6	21	18	192	174.969391602693	4	4	14	10	1	1	1	1	1	1
LYS65A	4	1	13	1	238	1	3	1	10	0	238	1	3	1	6	0
PRO70A	6	6	17	8	775	775	4	4	6	0	775	775	4	4	5	0
VAL47A	7	7	14	9	2781	2350.96682910171	6	6	10	6	1	1	1	1	1	1
GLU58A	5	3	13	6	335	29.9268497599208	4	2	10	2	222	1	3	1	5	0
GLY29A	5	5	14	12	238	238	5	5	17	11	1	1	1	1	1	1
LEU147A	8	6	21	13	1612	1242.70518406134	8	6	32	14	903	682.705184061337	4	3	10	6
LYS139A	4	3	13	7	238	5.15210374383056	4	3	17	7	238	5.15210374383056	4	3	8	3
ALA197A	9	7	29	18	4322	2692	7	5	32	14	2523	893	4	2	7	2
ASN99A	5	4	24	14	1236	264.537686047815	4	4	25	18	681	40.0685057941231	3	2	8	4
ILE175A	4	2	15	3	989	1	2	1	6	0	1853	1	3	1	7	0
LEU171A	6	4	19	7	707	562.374187253179	3	3	8	7	1	1	1	1	1	1
LEU183A	9	7	26	19	678	265.457804040952	8	6	31	16	437	144.957804040952	5	4	15	8
THR16A	7	7	22	19	2186	1441.15212154197	6	6	23	18	1750	1005.15212154197	5	5	16	13
LEU83A	7	5	28	14	282	141.5	6	5	34	21	55	28	2	2	7	4
ASN118A	6	4	16	9	2829	256.568053036408	3	2	9	4	1	1	1	1	1	1
GLY117A	6	6	14	9	1135	1135	5	5	15	7	1	1	1	1	1	1
PHE53A	6	4	22	14	5744	956.20724841432	6	4	31	13	2785	888.538484011431	2	2	3	3
ILE50A	5	4	14	8	412	412	4	3	17	7	1	1	1	1	1	1
CYS127A	6	6	13	11	489	189.683482895778	5	5	18	13	1	1	1	1	1	1
CYS151A	7	7	14	11	135	82.5709648951835	5	5	17	12	1	1	1	1	1	1
PRO76A	6	5	21	16	313	103.13737823912	5	4	27	17	1	1	1	1	1	1
LYS110A	3	1	7	1	330	1	3	1	9	0	1	1	1	1	1	1
VAL160A	8	8	28	21	9800	7975.27756073677	8	8	40	24	7455	6477.32686478635	5	5	12	6
LEU103A	11	10	29	19	5088	1876.19680812837	9	9	41	27	1	1	4	4	12	10
LEU154A	7	5	26	16	5486	4099.33993898509	7	5	34	17	4303	3146.33993898509	4	4	7	6
ARG8D	5	4	8	7	367	238	4	3	9	5	1	1	1	1	1	1
ILE113A	7	3	26	4	500	200	6	3	22	3	322	39	4	2	9	4
LEU199A	8	6	28	11	1390	1161.93496076322	7	6	27	12	1269	1161.93496076322	5	5	10	4
ILE100A	4	3	15	7	4468	1196.21356540773	4	3	14	6	1	1	1	1	1	1
PRO157A	8	8	25	15	236	180.897073497469	6	6	25	13	72	72	3	3	8	2
LEU86A	4	4	9	5	843	422	3	3	6	3	342	171.5	2	2	1	1
ILE185A	7	4	28	10	3088	1582.61987180043	5	4	22	12	3252	1582.61987180043	5	4	15	7
THR18A	7	7	20	15	2366	1590.10368405804	6	6	21	16	1059	725.970006125809	2	2	4	3
PHE60A	5	4	19	10	743	241.950725929126	3	3	13	9	1	1	1	1	1	1
ILE68A	7	4	20	11	3975	1	3	1	8	0	3975	1	3	1	5	0
GLU5A	3	2	8	2	520	25.6187454270121	3	2	9	2	362	1	2	1	5	0
TYR194A	4	1	17	1	2244	1	3	1	12	0	1082	1	2	1	2	0
VAL17A	7	6	24	17	810	483.56223074472	5	5	23	15	810	483.56223074472	4	4	6	3
THR132A	6	5	18	11	392	350.168279513397	5	4	15	7	319	319	2	2	2	0
VAL136A	9	9	26	21	308	281.255887851761	7	7	33	19	245	241	5	5	16	6
HIS104A	9	7	37	23	9868	3712.43904219669	8	7	47	31	148	74.5	2	2	7	4
SER153A	5	3	13	6	458	48.9290351048165	5	3	20	4	1	1	1	1	1	1
ALA94A	6	3	19	4	253	183.5	5	3	16	3	140	70.5	2	2	4	4
ASP51A	2	1	3	1	1	1	1	1	1	1	1	1	1	1	1	1
SER55A	4	2	8	1	473	1	3	1	9	0	1	1	1	1	1	1
ARG102A	7	5	17	7	7761	3658.23268566126	6	5	15	8	3602	1	3	1	6	0
ASP231A	4	3	11	5	1118	1118	4	3	8	3	1118	1118	3	3	6	3
MET71A	7	3	27	5	4378	2276.43823710583	6	3	26	6	2208	824.888126268964	4	2	11	4
ILE223A	5	4	20	10	520	354.401360529285	5	4	19	8	290	126.401360529285	3	3	4	4
TYR54A	5	2	16	6	62	1	4	2	15	4	3	1	2	1	1	0
GLU134A	3	1	12	1	3	1	2	1	4	0	1	1	1	1	1	1
ALA74A	8	7	22	14	968	532.313990036835	7	6	32	17	470	415.806736085409	5	5	13	8
ILE92A	5	4	15	11	1060	299.680476716858	5	4	19	13	1	1	1	1	1	1
VAL95A	7	7	23	17	4553	2639.3742496446	5	5	23	20	729	729	2	2	4	1
LEU9A	6	5	19	11	412	227.990015975281	6	5	24	14	412	227.990015975281	6	5	16	10
LYS209A	4	2	15	4	284	22.5099840247191	4	2	18	4	100	22.5099840247191	2	2	5	4
PRO167A	5	5	18	17	677	339	4	4	17	14	1	1	1	1	1	1
THR203A	6	6	22	19	2442	1867.61263540962	5	5	24	19	1	1	1	1	1	1
GLU234A	5	1	11	1	988	1	3	1	6	0	988	1	3	1	4	0
LEU215A	4	3	7	4	399	399	3	3	6	4	1	1	1	1	1	1
GLY90A	4	4	7	6	456	456	4	4	9	5	1	1	1	1	1	1
LEU91A	4	3	6	3	818	408.5	4	3	7	2	1	1	1	1	1	1
SER143A	4	3	13	7	1	1	2	1	7	0	1	1	1	1	1	1
ALA196A	6	6	25	18	1528	980.649055389559	5	5	26	18	709	364.560924373561	3	3	4	4
LEU10A	3	2	13	3	42	1	2	1	7	0	42	1	2	1	4	0
LYS75A	5	1	16	1	165	1	3	1	14	0	165	1	2	1	5	0
GLY176A	8	8	15	10	1	1	1	1	1	1	1102	1102	4	4	5	0
SER179A	3	3	10	7	1	1	1	1	1	1	1	1	1	1	1	1
LEU15A	7	5	18	10	624	282.258888401728	6	5	22	11	74	74	4	3	11	4
SER206A	3	2	3	1	473	1	2	1	3	0	1	1	1	1	1	1
GLN73A	3	2	9	3	308	1	2	1	6	0	308	1	2	1	4	0
ARG180A	5	1	18	1	168	1	3	1	13	0	1	1	1	1	1	1
ILE159A	8	3	27	5	2934	1339.93542351234	6	3	27	5	2470	1339.93542351234	6	3	11	1
ASN165A	3	2	7	4	250	130	3	2	8	2	1	1	1	1	1	1
LYS129A	4	1	12	1	254	1	4	1	14	0	1	1	1	1	1	1
LYS89A	3	1	5	1	238	1	3	1	6	0	1	1	1	1	1	1
GLU93A	4	1	14	1	240	1	4	1	13	0	127	1	3	1	7	0
GLU217A	5	1	14	1	41	1	4	1	12	0	1	1	1	1	1	1
LYS111A	3	1	8	1	1366	1	3	1	9	0	1	1	1	1	1	1
TYR123A	2	2	8	6	238	121.256136078723	2	2	6	4	238	121.256136078723	2	2	2	2
ASP221A	5	4	15	8	648	281.451221753577	5	4	16	7	1	1	1	1	1	1
ASN11A	2	2	4	4	1	1	1	1	1	1	1	1	1	1	1	1
LEU7A	5	4	12	11	979	622.116055141315	4	4	8	7	979	622.116055141315	4	4	5	4
ASN152A	3	1	11	1	229	1	2	1	7	0	1	1	1	1	1	1
LEU115A	9	6	30	15	1570	824	9	6	39	16	207	104	3	3	6	6
ALA224A	7	7	20	19	238	121.683120323783	6	6	23	19	202	97.344763157622	4	4	10	8
ARG172A	2	1	7	1	1	1	1	1	1	1	238	1	2	1	3	0
HIS56A	4	3	10	3	242	89.0731502400792	4	3	11	1	1	1	1	1	1	1
ALA170A	6	5	16	9	579	400.5	3	3	8	5	1	1	1	1	1	1
ARG237A	4	3	10	3	96	1	2	1	4	0	96	1	2	1	4	0
LYS2A	4	3	6	2	1206	606.381254572988	4	3	7	1	576	1	2	1	5	0
MET240A	6	3	17	2	706	311.391559195689	5	3	13	3	469	137.245012206264	3	2	7	2
TYR43A	3	2	8	1	238	2	3	2	7	0	1	1	1	1	1	1
LEU12D	2	2	5	3	238	238	2	2	5	2	238	238	2	2	2	1
PHE52A	4	4	7	7	1646	883.175901188861	4	4	7	6	1	1	1	1	1	1
GLU66A	4	1	7	1	222	1	3	1	5	0	221	1	2	1	3	0
ILE137A	4	3	16	10	238	238	2	2	6	3	238	238	2	2	5	3
ASP49A	3	3	6	4	398	398	3	3	6	2	1	1	1	1	1	1
GLU198A	3	1	16	1	238	1	2	1	6	0	238	1	2	1	2	0
ASP8A	2	2	2	1	1	1	1	1	1	1	1	1	1	1	1	1
LYS4A	3	2	3	1	473	1	2	1	3	0	1	1	1	1	1	1
GLN168A	2	1	4	1	238	1	2	1	3	0	1	1	1	1	1	1
SER246A	3	2	8	2	238	61.8534530105747	3	2	8	2	1	1	1	1	1	1
GLU128A	2	1	5	1	1	1	1	1	1	1	1	1	1	1	1	1
SER44A	2	2	3	3	238	119.5	2	2	3	3	1	1	1	1	1	1
ASP169A	2	1	5	1	1	1	1	1	1	1	1	1	1	1	1	1
LYS85A	2	1	5	1	1	1	1	1	1	1	1	1	1	1	1	1
ILE202A	2	1	2	1	1	1	1	1	1	1	1	1	1	1	1	1
GLU12A	1	1	1	1	1	1	1	1	1	1	1	1	1	1	1	1
GLU88A	1	1	1	1	1	1	1	1	1	1	1	1	1	1	1	1
LYS130A	1	1	1	1	1	1	1	1	1	1	1	1	1	1	1	1
LYS138A	1	1	1	1	1	1	1	1	1	1	1	1	1	1	1	1
GLU141A	1	1	1	1	1	1	1	1	1	1	1	1	1	1	1	1
SER142A	1	1	1	1	1	1	1	1	1	1	1	1	1	1	1	1
GLU241A	1	1	1	1	1	1	1	1	1	1	1	1	1	1	1	1
SER7D	1	1	1	1	1	1	1	1	1	1	1	1	1	1	1	1
PHE14D	1	1	1	1	1	1	1	1	1	1	1	1	1	1	1	1
