Degree	Degree_sidechain	SecondOrderDegree	SecondOrderDegree_sidechain	NodeEdgeBetweennessSTRIDE	NodeEdgeBetweennessSTRIDE_sidechain	IntermodularDegreeSTRIDE	IntermodularDegreeSTRIDE_sidechain	SecondOrderIntermodularDegreeSTRIDE	SecondOrderIntermodularDegreeSTRIDE_sidechain	NodeEdgeBetweennessWALKTRAP	NodeEdgeBetweennessWALKTRAP_sidechain	IntermodularDegreeWALKTRAP	IntermodularDegreeWALKTRAP_sidechain	SecondOrderIntermodularDegreeWALKTRAP	SecondOrderIntermodularDegreeWALKTRAP_sidechain
MET1A	-0.671181917890092	-0.950100493962267	-1.01309404362307	-1.06836182601353	0.225376831592857	-0.116731893691542	-0.194048090206333	-0.719723866252191	-0.786095732696794	-1.0740024761996	0.487694197847794	-0.476340285666522	0.303473184510657	-0.820740396132	-0.438216056725935	-0.918017764032035
MET3A	-0.236058732276305	-0.0351889071837876	-0.198756711487186	-0.303476692606742	-0.112404530000555	0.433540947910798	0.271290533880699	0.319877273889863	-0.282858637294354	-0.510778247704268	0.427956595055794	1.16067945864011	0.303473184510657	0.703491768113143	0.372565711149016	0.160034792462003
VAL213A	-0.236058732276305	0.422266886205452	0.0339110976944961	0.614385467481404	-0.304919800075372	-0.0422292355825587	-0.659386714293365	-0.199923296181164	-0.786095732696794	-0.229166133456602	0.114538761229273	0.42300737921914	0.303473184510657	0.703491768113143	0.372565711149016	1.23808734895604
VAL232A	0.634187638951268	0.879722679594692	0.964582334421223	1.53224762756955	-0.421032143123107	-0.208735892332905	0.271290533880699	0.839677843960889	0.555869855043046	1.03808838065789	-0.0744939270577406	0.164842164197468	1.57394566881799	2.22772393235829	1.99412924689892	3.03484160977944
ILE96A	0.634187638951268	-0.492644700573027	0.964582334421223	0.155454387437331	0.52294612632991	-0.0162107030064499	0.736629157967731	-0.199923296181164	0.723615553510526	-0.0883600763327695	0.438594798292726	-0.377330605428157	1.57394566881799	-0.0586243140094287	1.18334747902397	0.160034792462003
LEU19A	0.199064453337482	0.422266886205452	1.1972501436029	1.22629357420684	0.225376831592857	0.296394725885674	0.271290533880699	0.319877273889863	0.555869855043046	0.474864152162562	1.16444758838182	0.557456011668303	0.938709426664321	1.46560785023571	1.3860429209927	1.23808734895604
ASN229A	-1.10630510350388	-0.950100493962267	-1.24576185280475	-0.762407772650815	-0.440132874879877	-0.622273967494919	-1.1247253383804	-1.23952443632322	-1.12158712963175	-1.0740024761996	-0.595765885667385	-0.476340285666522	-0.966999299796671	-0.820740396132	-0.843606940663411	-0.558666911867355
LYS227A	-0.236058732276305	0.422266886205452	-0.896760139032231	-0.609430745969457	-0.054097033058835	-0.230826593766492	-0.194048090206333	0.319877273889863	-0.618350034229314	-0.369972190580435	-0.595765885667385	-0.476340285666522	-0.966999299796671	-0.820740396132	-0.843606940663411	-0.558666911867355
ASN46A	-0.671181917890092	-0.950100493962267	-1.01309404362307	-1.22133885269489	-0.539657740349365	-0.622273967494919	-0.659386714293365	-1.23952443632322	-0.786095732696794	-1.0740024761996	-0.595765885667385	-0.476340285666522	-0.966999299796671	-0.820740396132	-0.843606940663411	-0.558666911867355
GLN45A	-1.10630510350388	-0.950100493962267	-1.01309404362307	-1.22133885269489	-0.6220924774049	-0.622273967494919	-1.1247253383804	-1.23952443632322	-0.953841431164275	-1.0740024761996	-0.595765885667385	-0.476340285666522	-0.966999299796671	-0.820740396132	-0.843606940663411	-0.558666911867355
GLY244A	-0.236058732276305	0.422266886205452	-0.664092329850549	0.0024773607559735	-0.607012952333765	-0.467158660041768	0.271290533880699	0.839677843960889	-0.366731486528094	-0.0883600763327695	-0.595765885667385	-0.476340285666522	-0.966999299796671	-0.820740396132	-0.843606940663411	-0.558666911867355
ILE245A	-0.671181917890092	-0.950100493962267	-0.78042623444139	-0.915384799332173	-0.507488086864278	-0.478375931462405	-0.194048090206333	-0.719723866252191	-0.618350034229314	-0.792390361951933	-0.316717631529412	-0.253229281346553	-0.331763057643007	-0.0586243140094287	-0.843606940663411	-0.558666911867355
PHE235A	0.199064453337482	-0.0351889071837876	0.499246716057859	0.155454387437331	-0.0103664103525451	-0.347903841561381	-0.194048090206333	-0.199923296181164	-0.450604335761834	-0.510778247704268	0.594076230217109	-0.0509349358770604	0.938709426664321	0.703491768113143	0.980652037055229	0.519385644626682
ASN77A	1.06931082456505	0.422266886205452	1.54625185737543	1.07331654752548	2.51344343571966	1.73436443387298	1.6673064061418	0.839677843960889	2.06558114125037	1.60131260915322	2.42221054031749	2.55025464782136	1.57394566881799	1.46560785023571	2.80491101477387	2.67549075761476
ILE24A	3.24492675263399	0.422266886205452	2.24425528492047	0.614385467481404	1.16583654519594	-0.15106398954746	3.52866090248992	0.839677843960889	4.07852952286013	1.60131260915322	2.44266862346544	0.254261286975468	3.47965439527898	2.22772393235829	3.00760645674261	1.59743820112072
MET13D	-0.236058732276305	-0.0351889071837876	0.0339110976944961	-0.303476692606742	-0.562779678791771	-0.468545356070973	0.271290533880699	0.319877273889863	0.304251307341826	0.0524459807910633	-0.417371400617302	-0.293673898154714	-0.331763057643007	-0.0586243140094287	-0.640911498694673	-0.199316059702676
PHE162A	-0.236058732276305	-0.492644700573027	-0.315090616078026	-0.303476692606742	0.0042104638828849	-0.425729116901636	0.271290533880699	-0.199923296181164	0.052632759640606	-0.0883600763327695	0.121085347836616	-0.171601456570359	0.303473184510657	0.703491768113143	-0.438216056725935	0.160034792462003
ALA236A	0.634187638951268	1.33717847298393	0.266578906876178	1.07331654752548	0.308314219484096	0.711584123242293	-0.194048090206333	0.319877273889863	-0.450604335761834	0.0524459807910633	1.112893218849	1.59177979748356	0.938709426664321	1.46560785023571	0.980652037055229	1.59743820112072
LEU78A	0.199064453337482	-0.492644700573027	0.0339110976944961	-0.762407772650815	-0.298385339211213	-0.365067843068929	0.271290533880699	-0.199923296181164	-0.366731486528094	-0.792390361951933	0.125176964466205	-0.0775473742402439	1.57394566881799	0.703491768113143	0.980652037055229	-0.558666911867355
GLU120A	-0.236058732276305	-0.492644700573027	0.6155806206487	0.0024773607559735	0.453580311002692	-0.423671956956441	-0.194048090206333	-0.199923296181164	0.052632759640606	0.193252037914896	0.311754682775465	-0.475686001196376	0.303473184510657	-0.0586243140094287	0.575261153117754	0.160034792462003
VAL133A	1.50443401017884	1.33717847298393	0.848248429830382	0.767362494162762	0.448051151809942	1.16189288395807	1.20196778205476	1.35947841403192	0.639742704276786	0.474864152162562	1.21600195791464	2.28997445411304	2.20918191097165	2.98984001448086	1.79143380493018	1.23808734895604
ALA79A	0.634187638951268	0.879722679594692	1.1972501436029	1.07331654752548	0.432468975903104	0.140420597198932	0.271290533880699	0.319877273889863	0.723615553510526	0.615670209286394	1.3150190803507	0.70620226327958	0.938709426664321	0.703491768113143	1.79143380493018	1.9567890532854
HIS80A	1.93955719579263	1.33717847298393	1.89525357114795	1.37927060088819	3.37699757145996	2.78381107481951	2.13264503022883	1.87927898410294	3.07205533205525	2.44614895189622	-0.491838823275823	-0.367085759378204	0.938709426664321	1.46560785023571	1.99412924689892	2.67549075761476
LEU210A	1.50443401017884	1.79463426637317	2.01158747573879	3.06201789438313	0.86726194878748	1.78072321541474	1.20196778205476	1.35947841403192	1.14297979967923	2.02373078052472	0.223375763576342	0.372022437462964	0.938709426664321	1.46560785023571	0.372565711149016	1.23808734895604
PRO200A	1.93955719579263	1.33717847298393	2.01158747573879	1.68522465425091	2.30182743388807	1.59063307342737	1.20196778205476	0.839677843960889	0.975234101211746	0.615670209286394	0.932043763821164	1.96675792586065	0.303473184510657	0.703491768113143	-0.235520614757197	-0.558666911867355
THR20A	1.50443401017884	1.79463426637317	1.66258576196627	1.83820168093227	0.71696934891184	0.604425201619207	1.6673064061418	1.87927898410294	2.23332683971785	2.58695500902005	1.10716495556758	1.48069017231106	1.57394566881799	1.46560785023571	2.19682468886766	2.67549075761476
LEU191A	1.50443401017884	0.879722679594692	1.66258576196627	1.37927060088819	1.55941214955255	0.844053879670641	1.6673064061418	1.35947841403192	1.81396259354915	1.17889443778173	1.14235285858204	-0.0549810868921519	1.57394566881799	0.703491768113143	1.18334747902397	1.23808734895604
THR218A	1.06931082456505	1.33717847298393	0.964582334421223	0.155454387437331	-0.104362116629283	-0.259259287333741	0.736629157967731	0.839677843960889	0.723615553510526	0.193252037914896	-0.595765885667385	-0.476340285666522	-0.966999299796671	-0.820740396132	-0.843606940663411	-0.558666911867355
ARG126A	-0.236058732276305	-1.40755628735151	-0.664092329850549	-1.22133885269489	-0.6220924774049	-0.622273967494919	-0.194048090206333	-1.23952443632322	-0.198985788060614	-1.0740024761996	-0.595765885667385	-0.476340285666522	-0.966999299796671	-0.820740396132	-0.843606940663411	-0.558666911867355
VAL125A	-0.236058732276305	-0.0351889071837876	-0.315090616078026	-0.4564537192881	-0.6220924774049	-0.426471361280589	-0.194048090206333	-0.199923296181164	-0.115112938826874	-0.369972190580435	-0.594129239015549	-0.473723147785936	-0.331763057643007	-0.0586243140094287	-0.843606940663411	-0.918017764032035
GLY21A	1.06931082456505	1.79463426637317	1.42991795278459	1.68522465425091	-0.100340909943647	0.0857934469688023	1.6673064061418	2.39907955417397	2.31719968895159	2.72776106614389	-0.471380740127878	-0.277437806741975	0.303473184510657	0.703491768113143	0.575261153117754	0.519385644626682
GLY23A	0.634187638951268	0.879722679594692	0.848248429830382	1.68522465425091	-0.0596261922515843	-0.283977934297827	0.271290533880699	0.319877273889863	0.723615553510526	1.03808838065789	-0.595765885667385	-0.476340285666522	-0.966999299796671	-0.820740396132	-0.843606940663411	-0.558666911867355
ASP101A	0.634187638951268	0.879722679594692	1.08091623901206	1.37927060088819	1.43927859981918	0.910511083876209	0.271290533880699	0.319877273889863	0.723615553510526	1.03808838065789	1.37884829977229	0.157934527988469	1.57394566881799	2.22772393235829	1.18334747902397	1.9567890532854
SER25A	0.199064453337482	-0.0351889071837876	0.964582334421223	0.767362494162762	-0.431085159837196	-0.474561795406651	0.736629157967731	0.319877273889863	1.14297979967923	1.31970049490556	-0.270073201952097	-0.247315540273533	0.938709426664321	1.46560785023571	0.980652037055229	2.67549075761476
VAL204A	1.06931082456505	0.422266886205452	0.731914525239541	0.92033952084412	-0.589420173084108	-0.438268143117164	0.271290533880699	-0.199923296181164	0.220378458108086	0.0524459807910633	-0.514751876401522	-0.430511080042389	-0.331763057643007	-0.0586243140094287	-0.640911498694673	-0.199316059702676
ALA181A	1.93955719579263	1.79463426637317	1.1972501436029	1.53224762756955	-0.431085159837196	-0.349043995987739	2.13264503022883	1.87927898410294	1.64621689508167	1.46050655202939	-0.281529728514946	-0.225095049130252	-0.331763057643007	-0.0586243140094287	-0.438216056725935	0.160034792462003
LEU177A	0.634187638951268	0.422266886205452	0.848248429830382	-0.915384799332173	-0.603494396483834	-0.486815698971643	0.271290533880699	0.319877273889863	0.304251307341826	-0.510778247704268	-0.360088767803056	-0.240143591943622	1.57394566881799	2.22772393235829	0.575261153117754	-0.199316059702676
VAL192A	0.634187638951268	0.879722679594692	0.731914525239541	0.767362494162762	-0.149600691842687	0.144626742390188	1.20196778205476	1.35947841403192	1.22685264891297	1.17889443778173	-0.0131196776139049	0.396339770087605	0.303473184510657	0.703491768113143	0.169870269180278	0.519385644626682
VAL193A	1.50443401017884	0.879722679594692	0.848248429830382	-0.303476692606742	-0.0138849662024764	-0.148592520115657	1.6673064061418	0.839677843960889	1.47847119661419	0.615670209286394	0.00733840553404028	0.234249362563817	0.303473184510657	0.703491768113143	0.169870269180278	0.519385644626682
ASN158A	-1.10630510350388	-0.950100493962267	-1.24576185280475	-0.915384799332173	-0.6220924774049	-0.522262722510444	-0.659386714293365	-0.719723866252191	-0.869968581930535	-0.792390361951933	-0.595765885667385	-0.476340285666522	-0.966999299796671	-0.820740396132	-0.843606940663411	-0.558666911867355
GLU121A	-0.671181917890092	-0.0351889071837876	-0.896760139032231	-0.4564537192881	-0.6220924774049	-0.522262722510444	-0.659386714293365	-0.199923296181164	-0.786095732696794	-0.369972190580435	-0.595765885667385	-0.476340285666522	-0.966999299796671	-0.820740396132	-0.843606940663411	-0.558666911867355
SER13A	0.199064453337482	0.879722679594692	0.150245002285337	1.07331654752548	0.0444225307392435	-0.0153603703024291	-0.194048090206333	0.319877273889863	-0.0312400895931341	0.756476266410227	0.68327347274215	0.46466701324106	2.20918191097165	2.98984001448086	1.58873836296144	2.67549075761476
SER182A	0.199064453337482	-0.0351889071837876	0.0339110976944961	-0.150499665925384	0.128867871137596	0.141337904176581	0.271290533880699	0.319877273889863	-0.115112938826874	-0.0883600763327695	-0.0098463843102337	0.0363286628879477	-0.331763057643007	-0.0586243140094287	-0.0328251727884595	0.878736496791361
ARG238A	-0.236058732276305	-0.492644700573027	-0.78042623444139	-1.06836182601353	-0.376798869581112	-0.0103908230751392	-0.659386714293365	-0.719723866252191	-0.786095732696794	-0.933196419075766	-0.00248147437697342	0.472372196045957	-0.331763057643007	-0.0586243140094287	-0.640911498694673	-0.918017764032035
MET184A	1.50443401017884	0.879722679594692	2.01158747573879	1.22629357420684	-0.109891275822033	-0.115632808284863	1.20196778205476	1.35947841403192	1.14297979967923	1.60131260915322	-0.476290680083385	-0.399428876655141	-0.331763057643007	-0.0586243140094287	-0.438216056725935	0.160034792462003
MET230A	-0.671181917890092	-0.492644700573027	-0.896760139032231	-0.762407772650815	-0.081240178186877	0.149964759600389	-0.194048090206333	-0.199923296181164	-0.786095732696794	-0.792390361951933	0.15299995754741	0.721000294701642	0.303473184510657	0.703491768113143	-0.0328251727884595	-0.199316059702676
ILE155A	1.50443401017884	0.879722679594692	1.54625185737543	1.22629357420684	2.04597815851449	2.721727157368	2.13264503022883	1.35947841403192	2.23332683971785	1.31970049490556	1.02042268302029	1.28394113675499	1.57394566881799	0.703491768113143	1.79143380493018	0.519385644626682
PRO146A	0.634187638951268	0.879722679594692	0.964582334421223	1.99117870761362	1.68205895346445	2.20973080750505	0.736629157967731	0.839677843960889	1.47847119661419	1.88292472340089	3.29781649904955	3.88486379460297	0.938709426664321	0.703491768113143	1.18334747902397	0.160034792462003
VAL239A	1.06931082456505	1.33717847298393	0.964582334421223	0.92033952084412	0.377177383975611	0.561429995099566	0.271290533880699	0.839677843960889	-0.0312400895931341	0.474864152162562	1.22500351449974	1.35896884845057	0.938709426664321	1.46560785023571	1.3860429209927	1.9567890532854
TYR122A	0.199064453337482	-0.492644700573027	0.964582334421223	0.155454387437331	-0.568811488820225	-0.622273967494919	0.271290533880699	-0.719723866252191	0.555869855043046	-0.651584304828101	-0.315080984877576	-0.476340285666522	0.938709426664321	-0.820740396132	1.18334747902397	-0.918017764032035
VAL119A	1.50443401017884	1.33717847298393	1.42991795278459	0.614385467481404	2.30333538639519	4.08731575441533	0.736629157967731	0.839677843960889	0.388124156575566	-0.229166133456602	2.37065617078467	4.26722212289588	0.303473184510657	-0.0586243140094287	0.372565711149016	-0.918017764032035
THR97A	1.06931082456505	1.79463426637317	1.1972501436029	1.83820168093227	0.237440451649765	0.558364787947178	1.6673064061418	2.39907955417397	1.64621689508167	2.86856712326772	0.233195643487356	0.798116217624513	1.57394566881799	2.22772393235829	0.980652037055229	0.519385644626682
GLY207A	-0.671181917890092	-0.0351889071837876	-0.547758425259708	0.308431414118689	-0.149600691842687	0.0744846935709848	-0.194048090206333	0.319877273889863	-0.450604335761834	0.0524459807910633	-0.595765885667385	-0.476340285666522	-0.966999299796671	-0.820740396132	-0.843606940663411	-0.558666911867355
GLY208A	0.634187638951268	1.33717847298393	0.499246716057859	1.53224762756955	0.529983238029773	0.687339481121744	1.20196778205476	1.87927898410294	0.807488402744266	1.60131260915322	-0.595765885667385	-0.476340285666522	-0.966999299796671	-0.820740396132	-0.843606940663411	-0.558666911867355
TYR228A	0.199064453337482	-0.0351889071837876	0.150245002285337	0.0024773607559735	0.507866601258776	-0.136987335713714	0.271290533880699	-0.199923296181164	0.220378458108086	-0.510778247704268	1.4852303321416	0.295794921219347	2.20918191097165	1.46560785023571	2.60221557280513	1.23808734895604
LEU82A	0.199064453337482	0.422266886205452	0.382912811467019	0.614385467481404	0.22688478409997	0.373217204893844	-0.194048090206333	0.319877273889863	-0.450604335761834	0.193252037914896	0.980324840050315	1.06714871103623	0.938709426664321	1.46560785023571	0.575261153117754	1.59743820112072
GLY188A	1.06931082456505	1.33717847298393	1.1972501436029	1.53224762756955	0.830568437781053	1.31238017806034	1.6673064061418	1.87927898410294	1.89783544278289	1.74211866627706	0.693911675979082	1.14628520029689	0.938709426664321	0.703491768113143	0.777956595086492	0.519385644626682
PHE6A	1.06931082456505	-0.492644700573027	1.1972501436029	-0.609430745969457	0.943162224978857	-0.106146436720676	1.20196778205476	-0.199923296181164	0.891361251978006	-0.369972190580435	2.14643557948319	0.323905047231616	2.84441815312531	0.703491768113143	3.81838822461756	0.878736496791361
PRO219A	-0.236058732276305	-0.0351889071837876	-0.547758425259708	0.155454387437331	-0.605002348990947	-0.593578757963508	-0.659386714293365	-0.719723866252191	-0.953841431164275	-0.792390361951933	-0.595765885667385	-0.476340285666522	-0.966999299796671	-0.820740396132	-0.843606940663411	-0.558666911867355
LEU72A	-0.236058732276305	-0.492644700573027	0.266578906876178	0.0024773607559735	-0.615055365705037	-0.537876292402535	-0.659386714293365	-0.719723866252191	-0.366731486528094	-0.369972190580435	-0.390366730862015	-0.345483391637215	0.303473184510657	-0.0586243140094287	0.575261153117754	0.878736496791361
PHE69A	1.50443401017884	-0.0351889071837876	1.08091623901206	1.07331654752548	0.11127509188794	-0.460035571885888	1.20196778205476	0.319877273889863	0.723615553510526	0.89728232353406	0.792110475089219	-0.224792923509247	2.20918191097165	1.46560785023571	1.79143380493018	1.9567890532854
ARG106A	1.50443401017884	1.33717847298393	0.848248429830382	1.22629357420684	-0.661299242589849	-0.502007280488272	1.20196778205476	1.35947841403192	0.639742704276786	0.756476266410227	-0.553213072719659	-0.408948985241429	0.938709426664321	1.46560785023571	0.372565711149016	0.160034792462003
GLY67A	-0.671181917890092	-0.0351889071837876	-0.78042623444139	-0.4564537192881	-0.741220725466862	-0.622273967494919	-1.59006396246743	-1.23952443632322	-1.28933282809923	-0.933196419075766	-0.595765885667385	-0.476340285666522	-0.966999299796671	-0.820740396132	-0.843606940663411	-0.558666911867355
PHE63A	0.199064453337482	-0.0351889071837876	0.266578906876178	-0.150499665925384	-0.0485678738660857	-0.406164660646436	-0.659386714293365	-0.199923296181164	-0.702222883463054	-0.229166133456602	-0.595765885667385	-0.476340285666522	-0.966999299796671	-0.820740396132	-0.843606940663411	-0.558666911867355
ARG205A	-1.10630510350388	-0.950100493962267	-1.12942794821391	-1.22133885269489	-0.741220725466862	-0.622273967494919	-1.59006396246743	-1.23952443632322	-1.28933282809923	-0.933196419075766	-0.595765885667385	-0.476340285666522	-0.966999299796671	-0.820740396132	-0.843606940663411	-0.558666911867355
LEU201A	-1.10630510350388	-0.950100493962267	-0.896760139032231	-1.22133885269489	-0.741220725466862	-0.622273967494919	-1.59006396246743	-1.23952443632322	-1.28933282809923	-0.933196419075766	-0.595765885667385	-0.476340285666522	-0.966999299796671	-0.820740396132	-0.843606940663411	-0.558666911867355
ASP150A	-1.10630510350388	-0.950100493962267	-0.78042623444139	-0.915384799332173	-0.741220725466862	-0.622273967494919	-1.59006396246743	-1.23952443632322	-1.28933282809923	-0.933196419075766	-0.595765885667385	-0.476340285666522	-0.966999299796671	-0.820740396132	-0.843606940663411	-0.558666911867355
CYS148A	1.50443401017884	1.33717847298393	0.6155806206487	0.614385467481404	0.463130676881077	-0.230127732892898	0.736629157967731	0.319877273889863	0.807488402744266	0.334058095038729	-0.595765885667385	-0.476340285666522	-0.966999299796671	-0.820740396132	-0.843606940663411	-0.558666911867355
LYS10D	0.199064453337482	-0.492644700573027	-0.198756711487186	-0.609430745969457	-0.244099048955129	-0.488077842449511	0.736629157967731	-0.199923296181164	0.220378458108086	-0.369972190580435	0.0261598420301499	-0.425300171606098	0.303473184510657	-0.0586243140094287	-0.640911498694673	-0.558666911867355
PRO195A	0.634187638951268	1.33717847298393	0.266578906876178	0.767362494162762	1.50009935093942	2.14465239165402	1.20196778205476	1.87927898410294	0.388124156575566	0.89728232353406	0.763469158682096	1.30519660279955	0.303473184510657	0.703491768113143	-0.438216056725935	-0.199316059702676
SER178A	0.634187638951268	-0.0351889071837876	0.964582334421223	0.461408440800047	-0.258173272354855	-0.613347498841066	0.271290533880699	-0.199923296181164	0.639742704276786	0.334058095038729	0.296206539583027	0.94999985925293	-0.331763057643007	-0.0586243140094287	-0.640911498694673	-0.558666911867355
ARG34A	0.634187638951268	-0.0351889071837876	-0.0824228068963447	-0.303476692606742	-0.479842290900531	-0.39233709214817	-0.194048090206333	-0.199923296181164	-0.198985788060614	0.0524459807910633	0.301934802864451	-0.168826584697649	1.57394566881799	-0.0586243140094287	0.372565711149016	-0.918017764032035
ASP32A	-0.236058732276305	-0.492644700573027	-0.0824228068963447	-0.609430745969457	-0.34965572445307	-0.622273967494919	-0.659386714293365	-1.23952443632322	-0.702222883463054	-1.0740024761996	-0.18660422270848	0.177944184480015	0.303473184510657	0.703491768113143	0.169870269180278	-0.558666911867355
GLY35A	-1.10630510350388	-0.492644700573027	-1.24576185280475	-0.762407772650815	-0.6220924774049	-0.526720403280689	-1.1247253383804	-0.719723866252191	-1.28933282809923	-0.933196419075766	-0.209517275834179	0.141304254151809	-0.331763057643007	-0.0586243140094287	-0.235520614757197	-0.558666911867355
PRO36A	-1.54142828911766	-0.950100493962267	-1.71109747116812	-1.06836182601353	-0.6220924774049	-0.5178050417402	-1.1247253383804	-0.719723866252191	-1.28933282809923	-0.933196419075766	-0.595765885667385	-0.476340285666522	-0.966999299796671	-0.820740396132	-0.843606940663411	-0.558666911867355
GLY243A	0.199064453337482	0.879722679594692	-0.198756711487186	0.614385467481404	-0.576853902191496	-0.480829394839436	-0.194048090206333	0.319877273889863	-0.534477184995574	0.0524459807910633	-0.441921100394837	-0.365918076365043	-0.331763057643007	-0.0586243140094287	-0.438216056725935	0.160034792462003
GLU242A	-0.671181917890092	-0.950100493962267	-0.78042623444139	-1.06836182601353	-0.618071270719264	-0.622273967494919	-1.1247253383804	-1.23952443632322	-1.12158712963175	-1.0740024761996	-0.395276670817522	-0.476340285666522	-0.331763057643007	-0.820740396132	-0.438216056725935	-0.918017764032035
ARG14A	-1.10630510350388	-1.40755628735151	-1.01309404362307	-1.22133885269489	-0.6220924774049	-0.622273967494919	-1.1247253383804	-1.23952443632322	-1.03771428039801	-1.0740024761996	-0.595765885667385	-0.476340285666522	-0.331763057643007	-0.820740396132	-0.0328251727884595	-0.918017764032035
PHE48A	-0.236058732276305	-0.950100493962267	0.150245002285337	-0.915384799332173	0.11127509188794	-0.514838651411009	-0.194048090206333	-0.719723866252191	-0.702222883463054	-0.792390361951933	0.261018636568561	-0.476340285666522	-0.331763057643007	-0.820740396132	-0.0328251727884595	-0.918017764032035
PRO27A	1.50443401017884	2.25209005976241	1.54625185737543	1.83820168093227	-0.319999325146506	-0.241131687196539	1.20196778205476	1.87927898410294	1.56234404584793	1.88292472340089	-0.0892237469242612	-0.171963460661704	0.938709426664321	1.46560785023571	1.3860429209927	2.67549075761476
ALA107A	1.50443401017884	1.79463426637317	1.66258576196627	2.60308681433905	0.235429848306947	0.729906399273836	0.736629157967731	0.839677843960889	0.471997005809306	1.03808838065789	-0.595765885667385	-0.476340285666522	-0.966999299796671	-0.820740396132	-0.843606940663411	-0.558666911867355
VAL81A	0.199064453337482	-0.0351889071837876	0.382912811467019	0.0024773607559735	-0.537144486170842	-0.622273967494919	-0.659386714293365	-0.719723866252191	-0.366731486528094	-0.510778247704268	-0.595765885667385	-0.476340285666522	-0.966999299796671	-0.820740396132	-0.843606940663411	-0.558666911867355
HIS116A	0.199064453337482	-0.492644700573027	0.848248429830382	-0.150499665925384	2.58079864770406	2.02401513502676	0.736629157967731	-0.199923296181164	1.05910695044549	-0.0883600763327695	4.18487898434446	3.62667762662242	1.57394566881799	0.703491768113143	0.980652037055229	0.160034792462003
LEU166A	1.06931082456505	0.879722679594692	1.08091623901206	1.68522465425091	1.54081406863149	1.33621569449541	1.20196778205476	1.35947841403192	1.47847119661419	2.02373078052472	-0.595765885667385	-0.476340285666522	-0.331763057643007	-0.0586243140094287	-0.235520614757197	-0.199316059702676
GLN105A	-0.236058732276305	-0.0351889071837876	-0.198756711487186	0.308431414118689	2.95879207615383	3.70740561097178	0.271290533880699	0.319877273889863	0.220378458108086	0.615670209286394	2.40829904377689	4.29912381112207	0.303473184510657	0.703491768113143	-0.235520614757197	-0.558666911867355
GLY108A	0.199064453337482	0.879722679594692	-0.198756711487186	0.767362494162762	-0.491403260121734	-0.282647842899948	0.736629157967731	1.35947841403192	0.136505608874346	0.474864152162562	-0.595765885667385	-0.476340285666522	-0.966999299796671	-0.820740396132	-0.843606940663411	-0.558666911867355
ALA22A	0.199064453337482	-0.0351889071837876	0.150245002285337	0.308431414118689	-0.422037444794516	-0.269135395037026	0.271290533880699	-0.199923296181164	0.304251307341826	-0.0883600763327695	-0.595765885667385	-0.476340285666522	-0.966999299796671	-0.820740396132	-0.843606940663411	-0.558666911867355
THR26A	0.199064453337482	0.422266886205452	0.499246716057859	1.07331654752548	-0.482858195914758	-0.188469917520068	0.271290533880699	0.319877273889863	-0.0312400895931341	-0.229166133456602	-0.595765885667385	-0.476340285666522	-0.966999299796671	-0.820740396132	-0.843606940663411	-0.558666911867355
LEU187A	-0.236058732276305	-0.0351889071837876	0.6155806206487	1.07331654752548	-0.577859203862905	-0.546797670005631	-0.659386714293365	-0.719723866252191	-0.198985788060614	-0.229166133456602	-0.0679473404503981	0.0116241176415361	1.57394566881799	1.46560785023571	1.79143380493018	2.31613990545008
VAL233A	1.06931082456505	0.422266886205452	0.731914525239541	0.461408440800047	0.314848680348255	0.582161895054698	0.271290533880699	0.319877273889863	0.304251307341826	0.615670209286394	1.12353142208593	1.39111324143871	1.57394566881799	1.46560785023571	1.58873836296144	1.9567890532854
ASP135A	-1.10630510350388	-0.492644700573027	-0.78042623444139	-0.303476692606742	-0.6220924774049	-0.586968967953082	-0.659386714293365	-0.199923296181164	-0.618350034229314	-0.229166133456602	-0.595765885667385	-0.476340285666522	-0.331763057643007	-0.0586243140094287	-0.640911498694673	-0.918017764032035
TYR131A	0.634187638951268	-0.0351889071837876	0.266578906876178	-0.150499665925384	-0.00584255283120474	-0.27156872211878	0.736629157967731	0.319877273889863	0.304251307341826	-0.369972190580435	-0.335539068025522	-0.476340285666522	0.303473184510657	-0.820740396132	-0.640911498694673	-0.918017764032035
GLY216A	-0.236058732276305	0.422266886205452	-0.664092329850549	-0.150499665925384	0.471675741088053	1.23633559439172	-0.659386714293365	-0.199923296181164	-0.869968581930535	-0.369972190580435	-0.595765885667385	-0.476340285666522	-0.966999299796671	-0.820740396132	-0.843606940663411	-0.558666911867355
ILE30A	1.06931082456505	0.422266886205452	0.848248429830382	0.92033952084412	1.54885648200276	2.10721903615832	1.20196778205476	0.839677843960889	1.22685264891297	1.46050655202939	3.06050273453339	3.75568359818832	1.57394566881799	2.22772393235829	1.79143380493018	3.39419246194411
PRO31A	-1.10630510350388	-0.492644700573027	-0.896760139032231	-0.150499665925384	-0.741220725466862	-0.622273967494919	-1.1247253383804	-0.719723866252191	-1.03771428039801	-0.510778247704268	-0.595765885667385	-0.476340285666522	-0.966999299796671	-0.820740396132	-0.843606940663411	-0.558666911867355
GLU87A	-0.236058732276305	-0.0351889071837876	-1.24576185280475	-1.06836182601353	-0.22399301552695	0.0638791310061582	0.271290533880699	0.319877273889863	-0.450604335761834	-0.933196419075766	-0.595765885667385	-0.476340285666522	-0.966999299796671	-0.820740396132	-0.843606940663411	-0.558666911867355
SER109A	-0.236058732276305	-0.950100493962267	-0.431424520668867	-0.609430745969457	-0.506482785192869	-0.61001674470617	0.271290533880699	-0.719723866252191	0.052632759640606	-0.651584304828101	-0.595765885667385	-0.476340285666522	-0.966999299796671	-0.820740396132	-0.843606940663411	-0.558666911867355
ASP144A	-0.236058732276305	-0.492644700573027	-0.315090616078026	-0.4564537192881	-0.67034695763253	-0.622273967494919	-0.659386714293365	-0.719723866252191	-0.534477184995574	-0.933196419075766	-0.595765885667385	-0.476340285666522	-0.331763057643007	-0.0586243140094287	-0.640911498694673	-0.918017764032035
LEU140A	1.50443401017884	2.25209005976241	0.6155806206487	1.37927060088819	-0.312459562610939	-0.00314943236669403	1.6673064061418	2.39907955417397	0.891361251978006	1.03808838065789	-0.0131196776139049	0.29909160579358	0.938709426664321	1.46560785023571	1.18334747902397	0.519385644626682
SER189A	1.50443401017884	-0.0351889071837876	1.89525357114795	0.155454387437331	3.08143888006572	1.48805578729612	2.13264503022883	0.319877273889863	2.23332683971785	0.334058095038729	3.16279315027311	1.33453947598958	1.57394566881799	-0.0586243140094287	1.18334747902397	-0.558666911867355
ILE212A	0.634187638951268	0.422266886205452	1.1972501436029	1.07331654752548	-0.540160391185069	-0.53697432006802	-0.194048090206333	0.319877273889863	-0.198985788060614	0.334058095038729	-0.0965886568575214	-0.221276470184832	0.303473184510657	-0.0586243140094287	0.372565711149016	0.160034792462003
VAL211A	1.50443401017884	2.25209005976241	1.66258576196627	2.14415573429498	0.309319521155505	0.874009417065992	1.20196778205476	1.87927898410294	1.31072549814671	1.88292472340089	0.639902336468507	1.35958193756466	1.57394566881799	2.22772393235829	2.60221557280513	2.67549075761476
CYS124A	0.634187638951268	1.33717847298393	0.0339110976944961	0.614385467481404	0.0725709775386944	0.211723161697163	1.20196778205476	1.87927898410294	0.555869855043046	1.03808838065789	-0.595765885667385	-0.476340285666522	-0.966999299796671	-0.820740396132	-0.843606940663411	-0.558666911867355
ASP149A	-0.236058732276305	-0.492644700573027	-0.547758425259708	-0.762407772650815	-0.618071270719264	-0.571374651454834	-0.659386714293365	-0.199923296181164	-0.702222883463054	-0.369972190580435	-0.591674269037796	-0.475230754961108	-0.331763057643007	-0.0586243140094287	-0.438216056725935	-0.199316059702676
ASN214A	-0.236058732276305	-0.492644700573027	0.266578906876178	0.155454387437331	0.820515421066964	0.806578671819132	-0.194048090206333	-0.199923296181164	0.052632759640606	0.193252037914896	-0.320809248159001	-0.0366611217280489	-0.331763057643007	-0.0586243140094287	-0.438216056725935	-0.199316059702676
GLU114A	-0.236058732276305	-0.0351889071837876	-0.0824228068963447	-0.303476692606742	-0.6220924774049	-0.558128970889252	0.271290533880699	0.319877273889863	0.136505608874346	0.0524459807910633	-0.488565529972152	-0.448047802639234	0.303473184510657	-0.0586243140094287	0.169870269180278	-0.199316059702676
VAL186A	1.50443401017884	2.25209005976241	2.12792138032963	2.75606384102041	-0.48084759257194	-0.40241802387926	0.736629157967731	1.35947841403192	1.22685264891297	1.74211866627706	-0.126048296590563	-0.126258724989445	0.938709426664321	1.46560785023571	1.3860429209927	1.23808734895604
PHE33A	-0.671181917890092	-0.950100493962267	-0.547758425259708	-1.06836182601353	-0.538149787842251	-0.28130736012169	-1.1247253383804	-0.719723866252191	-1.12158712963175	-0.933196419075766	-0.313444338225741	-0.476340285666522	0.303473184510657	-0.820740396132	0.169870269180278	-0.918017764032035
VAL112A	0.634187638951268	1.33717847298393	0.499246716057859	1.07331654752548	3.44736868845859	5.02712549126149	0.736629157967731	1.35947841403192	0.639742704276786	1.31970049490556	-0.401004934098946	-0.16490087787677	-0.331763057643007	-0.0586243140094287	-0.438216056725935	-0.558666911867355
GLN98A	0.199064453337482	-0.0351889071837876	1.1972501436029	0.461408440800047	3.045248019895	1.17459402315199	0.736629157967731	0.319877273889863	1.22685264891297	0.474864152162562	4.86163237487848	1.98525754273426	0.938709426664321	-0.0586243140094287	1.3860429209927	-0.558666911867355
HIS9D	-0.671181917890092	-0.492644700573027	-0.547758425259708	-0.609430745969457	0.134397030330346	-0.500213143953138	-0.659386714293365	-0.719723866252191	-0.702222883463054	-0.792390361951933	-0.595765885667385	-0.476340285666522	-0.966999299796671	-0.820740396132	-0.843606940663411	-0.558666911867355
LEU226A	1.06931082456505	1.33717847298393	0.266578906876178	0.614385467481404	0.0404013240536076	0.431883027813342	1.20196778205476	1.35947841403192	0.807488402744266	1.03808838065789	0.293751569605273	0.874677613073123	2.20918191097165	2.22772393235829	3.00760645674261	2.31613990545008
THR225A	-0.671181917890092	-0.492644700573027	-0.315090616078026	-0.150499665925384	-0.6220924774049	-0.568202094013139	-0.659386714293365	-0.199923296181164	-0.450604335761834	0.193252037914896	-0.590855945711878	-0.472414578845643	0.303473184510657	-0.0586243140094287	0.575261153117754	0.519385644626682
GLU164A	0.199064453337482	-0.0351889071837876	0.266578906876178	0.461408440800047	3.69869410631083	3.20792365985979	0.736629157967731	0.319877273889863	0.975234101211746	1.03808838065789	2.65379604155223	0.80301241283301	-0.331763057643007	-0.0586243140094287	-0.235520614757197	0.519385644626682
GLY163A	-0.236058732276305	0.422266886205452	-0.315090616078026	0.0024773607559735	0.0534702457819241	0.679134360781115	0.271290533880699	0.839677843960889	0.052632759640606	0.193252037914896	-0.167782786212371	0.157001156046332	-0.331763057643007	-0.0586243140094287	-0.640911498694673	-0.558666911867355
ARG62A	-1.54142828911766	-0.950100493962267	-1.71109747116812	-1.22133885269489	-0.741220725466862	-0.622273967494919	-1.59006396246743	-1.23952443632322	-1.28933282809923	-0.933196419075766	-0.595765885667385	-0.476340285666522	-0.966999299796671	-0.820740396132	-0.843606940663411	-0.558666911867355
GLU59A	-1.10630510350388	-0.950100493962267	-1.59476356657728	-1.22133885269489	-0.503969531014346	-0.622273967494919	-1.1247253383804	-1.23952443632322	-1.12158712963175	-1.0740024761996	-0.595765885667385	-0.476340285666522	-0.966999299796671	-0.820740396132	-0.843606940663411	-0.558666911867355
ALA64A	0.634187638951268	1.33717847298393	0.382912811467019	0.614385467481404	-0.638177304147443	-0.507333588751063	-1.1247253383804	-0.719723866252191	-0.869968581930535	-0.651584304828101	-0.428009603854234	-0.298127545273977	-0.331763057643007	-0.0586243140094287	-0.0328251727884595	0.160034792462003
TYR61A	1.06931082456505	-0.0351889071837876	1.42991795278459	1.07331654752548	0.772260940839333	-0.618898060491224	1.20196778205476	0.319877273889863	1.73008974431541	0.89728232353406	1.86493235536747	-0.476340285666522	1.57394566881799	-0.0586243140094287	1.79143380493018	-0.199316059702676
ARG156A	1.50443401017884	1.33717847298393	0.731914525239541	0.155454387437331	-0.351666327795888	-0.239831693413737	1.20196778205476	0.839677843960889	0.975234101211746	0.193252037914896	-0.370726971039987	-0.273847271638201	0.303473184510657	0.703491768113143	0.169870269180278	0.160034792462003
PHE161A	1.50443401017884	0.422266886205452	0.964582334421223	0.308431414118689	3.10757672352236	2.40637712476251	2.13264503022883	0.839677843960889	1.81396259354915	0.615670209286394	-0.130958236546069	-0.115090755359612	0.303473184510657	-0.0586243140094287	0.777956595086492	-0.199316059702676
SER190A	0.199064453337482	-0.0351889071837876	0.382912811467019	0.461408440800047	-0.6220924774049	-0.584207668213521	0.271290533880699	-0.199923296181164	0.220378458108086	-0.0883600763327695	-0.494293793253577	-0.41731925593198	0.303473184510657	0.703491768113143	0.169870269180278	0.160034792462003
PRO57A	1.06931082456505	1.33717847298393	0.266578906876178	0.155454387437331	0.0801107400742617	-0.00938457543383912	1.20196778205476	1.35947841403192	0.639742704276786	0.334058095038729	0.208645943709821	-0.377946017399903	0.303473184510657	-0.0586243140094287	0.372565711149016	0.519385644626682
VAL145A	1.50443401017884	0.879722679594692	0.6155806206487	0.461408440800047	0.267096850956329	0.192352752218619	0.736629157967731	0.839677843960889	1.05910695044549	1.03808838065789	1.04579070612374	0.786722022842698	1.57394566881799	2.22772393235829	0.980652037055229	1.23808734895604
ASP222A	-1.54142828911766	-0.950100493962267	-1.47842966198643	-0.762407772650815	-0.6220924774049	-0.42225147752597	-1.1247253383804	-0.719723866252191	-1.20545997886549	-0.933196419075766	-0.595765885667385	-0.476340285666522	-0.966999299796671	-0.820740396132	-0.843606940663411	-0.558666911867355
SER28A	1.06931082456505	-0.0351889071837876	0.848248429830382	-0.150499665925384	-0.314470165953757	-0.274220737384736	1.20196778205476	0.319877273889863	1.56234404584793	0.334058095038729	-0.0229395575249186	0.0633092319206834	2.20918191097165	1.46560785023571	1.99412924689892	1.23808734895604
PHE220A	0.634187638951268	-0.950100493962267	0.848248429830382	-0.303476692606742	-0.478334338393418	-0.622273967494919	0.271290533880699	-0.719723866252191	0.304251307341826	-0.510778247704268	-0.595765885667385	-0.476340285666522	-0.331763057643007	-0.0586243140094287	-0.438216056725935	-0.558666911867355
ALA174A	1.06931082456505	1.33717847298393	0.964582334421223	0.767362494162762	0.0102422739113387	-0.0157725380569469	-0.194048090206333	0.319877273889863	0.220378458108086	0.615670209286394	0.461507851418424	-0.387272489401449	0.303473184510657	-0.0586243140094287	-0.0328251727884595	0.519385644626682
GLU173A	-0.236058732276305	-1.40755628735151	0.266578906876178	-1.22133885269489	-0.66029394091844	-0.622273967494919	-1.1247253383804	-1.23952443632322	-0.953841431164275	-1.0740024761996	-0.579399419149029	-0.476340285666522	0.303473184510657	-0.820740396132	0.372565711149016	-0.918017764032035
ALA84A	0.199064453337482	0.879722679594692	0.499246716057859	1.37927060088819	-0.645214415847306	-0.475447845609882	-0.194048090206333	0.319877273889863	-0.198985788060614	0.334058095038729	-0.595765885667385	-0.476340285666522	-0.966999299796671	-0.820740396132	-0.843606940663411	-0.558666911867355
LYS65A	-0.671181917890092	-1.40755628735151	-0.431424520668867	-1.22133885269489	-0.6220924774049	-0.622273967494919	-0.659386714293365	-1.23952443632322	-0.534477184995574	-1.0740024761996	-0.401823257424864	-0.476340285666522	0.303473184510657	-0.820740396132	0.169870269180278	-0.918017764032035
PRO70A	0.199064453337482	0.879722679594692	0.0339110976944961	-0.150499665925384	-0.352168978631593	0.0309640377201287	-0.194048090206333	0.319877273889863	-0.869968581930535	-1.0740024761996	0.0376163685929992	0.536492074120318	0.938709426664321	1.46560785023571	-0.0328251727884595	-0.918017764032035
VAL47A	0.634187638951268	1.33717847298393	-0.315090616078026	0.0024773607559735	0.656148597791598	1.36104340170913	0.736629157967731	1.35947841403192	-0.534477184995574	-0.229166133456602	-0.595765885667385	-0.476340285666522	-0.966999299796671	-0.820740396132	-0.843606940663411	-0.558666911867355
GLU58A	-0.236058732276305	-0.492644700573027	-0.431424520668867	-0.4564537192881	-0.573335346341565	-0.597860378820079	-0.194048090206333	-0.719723866252191	-0.534477184995574	-0.792390361951933	-0.414916430639549	-0.476340285666522	0.303473184510657	-0.820740396132	-0.0328251727884595	-0.918017764032035
GLY29A	-0.236058732276305	0.422266886205452	-0.315090616078026	0.461408440800047	-0.6220924774049	-0.42225147752597	0.271290533880699	0.839677843960889	0.052632759640606	0.474864152162562	-0.595765885667385	-0.476340285666522	-0.966999299796671	-0.820740396132	-0.843606940663411	-0.558666911867355
LEU147A	1.06931082456505	0.879722679594692	0.499246716057859	0.614385467481404	0.0685497708530586	0.42569633935445	1.6673064061418	1.35947841403192	1.31072549814671	0.89728232353406	0.142361754310479	0.415717944632918	0.938709426664321	0.703491768113143	0.980652037055229	1.23808734895604
LYS139A	-0.671181917890092	-0.492644700573027	-0.431424520668867	-0.303476692606742	-0.6220924774049	-0.618769688467702	-0.194048090206333	-0.199923296181164	0.052632759640606	-0.0883600763327695	-0.401823257424864	-0.470906971670471	0.938709426664321	0.703491768113143	0.575261153117754	0.160034792462003
ALA197A	1.50443401017884	1.33717847298393	1.42991795278459	1.37927060088819	1.4307335356122	1.64886746924112	1.20196778205476	0.839677843960889	1.31072549814671	0.89728232353406	1.46804554229733	0.690903209074901	0.938709426664321	-0.0586243140094287	0.372565711149016	-0.199316059702676
ASN99A	-0.236058732276305	-0.0351889071837876	0.848248429830382	0.767362494162762	-0.120446943371827	-0.399854287478299	-0.194048090206333	0.319877273889863	0.723615553510526	1.46050655202939	-0.0393060240432748	-0.425216452440673	0.303473184510657	-0.0586243140094287	0.575261153117754	0.519385644626682
ILE175A	-0.671181917890092	-0.950100493962267	-0.198756711487186	-0.915384799332173	-0.244601699790834	-0.622273967494919	-1.1247253383804	-1.23952443632322	-0.869968581930535	-1.0740024761996	0.919768913932397	-0.476340285666522	0.303473184510657	-0.820740396132	0.372565711149016	-0.918017764032035
LEU171A	0.199064453337482	-0.0351889071837876	0.266578906876178	-0.303476692606742	-0.386349235459498	-0.148487204884473	-0.659386714293365	-0.199923296181164	-0.702222883463054	-0.0883600763327695	-0.595765885667385	-0.476340285666522	-0.966999299796671	-0.820740396132	-0.843606940663411	-0.558666911867355
LEU183A	1.50443401017884	1.33717847298393	1.08091623901206	1.53224762756955	-0.400926109694928	-0.399077729283984	1.6673064061418	1.35947841403192	1.22685264891297	1.17889443778173	-0.23897691556722	-0.287961574585735	1.57394566881799	1.46560785023571	1.99412924689892	1.9567890532854
THR16A	0.634187638951268	1.33717847298393	0.6155806206487	1.53224762756955	0.357071350547431	0.593180940880138	0.736629157967731	1.35947841403192	0.555869855043046	1.46050655202939	0.835481611362863	0.837661991912695	1.57394566881799	2.22772393235829	2.19682468886766	3.75354331410879
LEU83A	0.634187638951268	0.422266886205452	1.31358404819375	0.767362494162762	-0.599975840633902	-0.50369523399012	0.736629157967731	0.839677843960889	1.47847119661419	1.88292472340089	-0.551576426067823	-0.441008924278609	-0.331763057643007	-0.0586243140094287	0.372565711149016	0.519385644626682
ASN118A	0.199064453337482	-0.0351889071837876	-0.0824228068963447	0.0024773607559735	0.680275837905413	-0.406580472453321	-0.659386714293365	-0.719723866252191	-0.618350034229314	-0.510778247704268	-0.595765885667385	-0.476340285666522	-0.966999299796671	-0.820740396132	-0.843606940663411	-0.558666911867355
GLY117A	0.199064453337482	0.879722679594692	-0.315090616078026	0.0024773607559735	-0.171214677777979	0.334795668052709	0.271290533880699	0.839677843960889	-0.115112938826874	-0.0883600763327695	-0.595765885667385	-0.476340285666522	-0.966999299796671	-0.820740396132	-0.843606940663411	-0.558666911867355
PHE53A	0.199064453337482	-0.0351889071837876	0.6155806206487	0.767362494162762	2.14550302398398	0.183898742480694	0.736629157967731	0.319877273889863	1.22685264891297	0.756476266410227	1.6824462536878	0.685065007825639	-0.331763057643007	-0.0586243140094287	-0.438216056725935	0.160034792462003
ILE50A	-0.236058732276305	-0.0351889071837876	-0.315090616078026	-0.150499665925384	-0.53463123199232	-0.275399522865223	-0.194048090206333	-0.199923296181164	0.052632759640606	-0.0883600763327695	-0.595765885667385	-0.476340285666522	-0.966999299796671	-0.820740396132	-0.843606940663411	-0.558666911867355
CYS127A	0.199064453337482	0.879722679594692	-0.431424520668867	0.308431414118689	-0.495927117643075	-0.463029494647547	0.271290533880699	0.839677843960889	0.136505608874346	0.756476266410227	-0.595765885667385	-0.476340285666522	-0.966999299796671	-0.820740396132	-0.843606940663411	-0.558666911867355
CYS151A	0.634187638951268	1.33717847298393	-0.315090616078026	0.308431414118689	-0.673865513482461	-0.55342996957296	0.271290533880699	0.839677843960889	0.052632759640606	0.615670209286394	-0.595765885667385	-0.476340285666522	-0.966999299796671	-0.820740396132	-0.843606940663411	-0.558666911867355
PRO76A	0.199064453337482	0.422266886205452	0.499246716057859	1.07331654752548	-0.584393664727063	-0.536072394860788	0.271290533880699	0.319877273889863	0.891361251978006	1.31970049490556	-0.595765885667385	-0.476340285666522	-0.966999299796671	-0.820740396132	-0.843606940663411	-0.558666911867355
LYS110A	-1.10630510350388	-1.40755628735151	-1.12942794821391	-1.22133885269489	-0.575848600520087	-0.622273967494919	-0.659386714293365	-1.23952443632322	-0.618350034229314	-1.0740024761996	-0.595765885667385	-0.476340285666522	-0.966999299796671	-0.820740396132	-0.843606940663411	-0.558666911867355
VAL160A	1.06931082456505	1.79463426637317	1.31358404819375	1.83820168093227	4.18425481360136	6.10783089918053	1.6673064061418	2.39907955417397	1.98170829201663	2.30534289477239	5.50401618572396	7.99837989677853	1.57394566881799	2.22772393235829	1.3860429209927	1.23808734895604
LEU103A	2.37468038140641	2.70954585315165	1.42991795278459	1.53224762756955	1.81576407576184	0.960348541972009	2.13264503022883	2.918880124245	2.06558114125037	2.72776106614389	-0.595765885667385	-0.476340285666522	0.938709426664321	1.46560785023571	1.3860429209927	2.67549075761476
LEU154A	0.634187638951268	0.422266886205452	1.08091623901206	1.07331654752548	2.01581910837222	2.8366296583911	1.20196778205476	0.839677843960889	1.47847119661419	1.31970049490556	2.92466106243103	3.63955386515268	0.938709426664321	1.46560785023571	0.372565711149016	1.23808734895604
ARG8D	-0.236058732276305	-0.0351889071837876	-1.01309404362307	-0.303476692606742	-0.557250519599021	-0.42225147752597	-0.194048090206333	-0.199923296181164	-0.618350034229314	-0.369972190580435	-0.595765885667385	-0.476340285666522	-0.966999299796671	-0.820740396132	-0.843606940663411	-0.558666911867355
ILE113A	0.634187638951268	-0.492644700573027	1.08091623901206	-0.762407772650815	-0.490397958450325	-0.454322594061076	0.736629157967731	-0.199923296181164	0.471997005809306	-0.651584304828101	-0.333084098047768	-0.426614665935385	0.938709426664321	-0.0586243140094287	0.777956595086492	0.519385644626682
LEU199A	1.06931082456505	0.879722679594692	1.31358404819375	0.308431414118689	-0.0430387146733364	0.357528148723916	1.20196778205476	1.35947841403192	0.891361251978006	0.615670209286394	0.441868091596397	1.04282314568859	1.57394566881799	2.22772393235829	0.980652037055229	0.519385644626682
ILE100A	-0.671181917890092	-0.492644700573027	-0.198756711487186	-0.303476692606742	1.50412055762506	0.386458494097986	-0.194048090206333	-0.199923296181164	-0.198985788060614	-0.229166133456602	-0.595765885667385	-0.476340285666522	-0.966999299796671	-0.820740396132	-0.843606940663411	-0.558666911867355
PRO157A	1.06931082456505	1.79463426637317	0.964582334421223	0.92033952084412	-0.623097779076309	-0.470445019903819	0.736629157967731	1.35947841403192	0.723615553510526	0.756476266410227	-0.53766492952722	-0.383431890905714	0.303473184510657	0.703491768113143	0.575261153117754	-0.199316059702676
LEU86A	-0.671181917890092	-0.0351889071837876	-0.896760139032231	-0.609430745969457	-0.317988721803688	-0.266959755355985	-0.659386714293365	-0.199923296181164	-0.869968581930535	-0.651584304828101	-0.316717631529412	-0.253229281346553	-0.331763057643007	-0.0586243140094287	-0.843606940663411	-0.558666911867355
ILE185A	0.634187638951268	-0.0351889071837876	1.31358404819375	0.155454387437331	0.810462404352874	0.712576433103778	0.271290533880699	0.319877273889863	0.471997005809306	0.615670209286394	2.06460324689141	1.59331835392183	1.57394566881799	1.46560785023571	1.99412924689892	1.59743820112072
THR18A	0.634187638951268	1.33717847298393	0.382912811467019	0.92033952084412	0.447548500974238	0.71889259665748	0.736629157967731	1.35947841403192	0.388124156575566	1.17889443778173	0.270020193153657	0.472332946993792	-0.331763057643007	-0.0586243140094287	-0.235520614757197	0.160034792462003
PHE60A	-0.236058732276305	-0.0351889071837876	0.266578906876178	0.155454387437331	-0.368253805374136	-0.418917156692516	-0.659386714293365	-0.199923296181164	-0.282858637294354	0.193252037914896	-0.595765885667385	-0.476340285666522	-0.966999299796671	-0.820740396132	-0.843606940663411	-0.558666911867355
ILE68A	0.634187638951268	-0.0351889071837876	0.382912811467019	0.308431414118689	1.25631369562275	-0.622273967494919	-0.659386714293365	-1.23952443632322	-0.702222883463054	-1.0740024761996	2.65625101152999	-0.476340285666522	0.303473184510657	-0.820740396132	-0.0328251727884595	-0.918017764032035
GLU5A	-1.10630510350388	-0.950100493962267	-1.01309404362307	-1.06836182601353	-0.480344941736236	-0.601496318717608	-0.659386714293365	-0.719723866252191	-0.618350034229314	-0.792390361951933	-0.300351165011056	-0.476340285666522	-0.331763057643007	-0.820740396132	-0.0328251727884595	-0.918017764032035
TYR194A	-0.671181917890092	-1.40755628735151	0.0339110976944961	-1.22133885269489	0.386225099018291	-0.622273967494919	-0.659386714293365	-1.23952443632322	-0.366731486528094	-1.0740024761996	0.288841629649767	-0.476340285666522	-0.331763057643007	-0.820740396132	-0.640911498694673	-0.918017764032035
VAL17A	0.634187638951268	0.879722679594692	0.848248429830382	1.22629357420684	-0.334576199381936	-0.215002663872433	0.271290533880699	0.839677843960889	0.555869855043046	1.03808838065789	0.0662576850001225	0.155125661244558	0.938709426664321	1.46560785023571	0.169870269180278	0.160034792462003
THR132A	0.199064453337482	0.422266886205452	0.150245002285337	0.308431414118689	-0.544684248706409	-0.327584057425537	0.271290533880699	0.319877273889863	-0.115112938826874	-0.0883600763327695	-0.335539068025522	-0.0602153626533242	-0.331763057643007	-0.0586243140094287	-0.640911498694673	-0.918017764032035
VAL136A	1.50443401017884	2.25209005976241	1.08091623901206	1.83820168093227	-0.586906918905586	-0.385744513838515	1.20196778205476	1.87927898410294	1.39459834738045	1.60131260915322	-0.396094994143439	-0.162283739996184	1.57394566881799	2.22772393235829	2.19682468886766	1.23808734895604
HIS104A	1.50443401017884	1.33717847298393	2.36058918951131	2.14415573429498	4.21843507042926	2.51009429659011	1.6673064061418	1.87927898410294	2.56881823665281	3.29098529463922	-0.475472356757467	-0.380160468554981	-0.331763057643007	-0.0586243140094287	0.372565711149016	0.519385644626682
SER153A	-0.236058732276305	-0.492644700573027	-0.431424520668867	-0.4564537192881	-0.511509293549914	-0.581822976172241	0.271290533880699	-0.199923296181164	0.304251307341826	-0.510778247704268	-0.595765885667385	-0.476340285666522	-0.966999299796671	-0.820740396132	-0.843606940663411	-0.558666911867355
ALA94A	0.199064453337482	-0.492644700573027	0.266578906876178	-0.762407772650815	-0.614552714869332	-0.468248210451319	0.271290533880699	-0.199923296181164	-0.0312400895931341	-0.651584304828101	-0.482018943364809	-0.385394744316153	-0.331763057643007	-0.0586243140094287	-0.235520614757197	0.519385644626682
ASP51A	-1.54142828911766	-1.40755628735151	-1.59476356657728	-1.22133885269489	-0.741220725466862	-0.622273967494919	-1.59006396246743	-1.23952443632322	-1.28933282809923	-0.933196419075766	-0.595765885667385	-0.476340285666522	-0.966999299796671	-0.820740396132	-0.843606940663411	-0.558666911867355
SER55A	-0.671181917890092	-0.950100493962267	-1.01309404362307	-1.22133885269489	-0.503969531014346	-0.622273967494919	-0.659386714293365	-1.23952443632322	-0.618350034229314	-1.0740024761996	-0.595765885667385	-0.476340285666522	-0.966999299796671	-0.820740396132	-0.843606940663411	-0.558666911867355
ARG102A	0.634187638951268	0.422266886205452	0.0339110976944961	-0.303476692606742	3.15934975959992	2.46434539192192	0.736629157967731	0.839677843960889	-0.115112938826874	0.0524459807910633	2.35101641096264	-0.476340285666522	0.303473184510657	-0.820740396132	0.169870269180278	-0.918017764032035
ASP231A	-0.671181917890092	-0.492644700573027	-0.664092329850549	-0.609430745969457	-0.179759741984956	0.320448063287004	-0.194048090206333	-0.199923296181164	-0.702222883463054	-0.651584304828101	0.318301269382808	0.985331220640843	0.303473184510657	0.703491768113143	0.169870269180278	0.160034792462003
MET71A	0.634187638951268	-0.492644700573027	1.1972501436029	-0.609430745969457	1.45888198241166	1.29814300278551	0.736629157967731	-0.199923296181164	0.807488402744266	-0.229166133456602	1.21027369463322	0.601774126645303	0.938709426664321	-0.0586243140094287	1.18334747902397	0.519385644626682
ILE223A	-0.236058732276305	-0.0351889071837876	0.382912811467019	0.155454387437331	-0.480344941736236	-0.324011435463351	0.271290533880699	0.319877273889863	0.220378458108086	0.0524459807910633	-0.359270444477138	-0.312243960207406	0.303473184510657	0.703491768113143	-0.235520614757197	0.519385644626682
TYR54A	-0.236058732276305	-0.950100493962267	-0.0824228068963447	-0.4564537192881	-0.710559024488888	-0.622273967494919	-0.194048090206333	-0.719723866252191	-0.115112938826874	-0.510778247704268	-0.594129239015549	-0.476340285666522	-0.331763057643007	-0.820740396132	-0.843606940663411	-0.918017764032035
GLU134A	-1.10630510350388	-1.40755628735151	-0.547758425259708	-1.22133885269489	-0.740215423795453	-0.622273967494919	-1.1247253383804	-1.23952443632322	-1.03771428039801	-1.0740024761996	-0.595765885667385	-0.476340285666522	-0.966999299796671	-0.820740396132	-0.843606940663411	-0.558666911867355
ALA74A	1.06931082456505	1.33717847298393	0.6155806206487	0.767362494162762	-0.255157367340628	-0.173857312463252	1.20196778205476	1.35947841403192	1.31072549814671	1.31970049490556	-0.211972245811932	0.0664629253991902	1.57394566881799	2.22772393235829	1.58873836296144	1.9567890532854
ILE92A	-0.236058732276305	-0.0351889071837876	-0.198756711487186	0.308431414118689	-0.208913490455815	-0.370194589191043	0.271290533880699	0.319877273889863	0.220378458108086	0.756476266410227	-0.595765885667385	-0.476340285666522	-0.966999299796671	-0.820740396132	-0.843606940663411	-0.558666911867355
VAL95A	0.634187638951268	1.33717847298393	0.731914525239541	1.22629357420684	1.54684587865994	1.60445255944124	0.271290533880699	0.839677843960889	0.555869855043046	1.74211866627706	-2.65043992199964e-05	0.476297902866837	-0.331763057643007	-0.0586243140094287	-0.235520614757197	-0.558666911867355
LEU9A	0.199064453337482	0.422266886205452	0.266578906876178	0.308431414118689	-0.53463123199232	-0.430699671319952	0.736629157967731	0.839677843960889	0.639742704276786	0.89728232353406	-0.259434998715165	-0.179308201004641	2.20918191097165	2.22772393235829	2.19682468886766	2.67549075761476
LYS209A	-0.671181917890092	-0.950100493962267	-0.198756711487186	-0.762407772650815	-0.598970538962493	-0.604120041065313	-0.194048090206333	-0.719723866252191	0.136505608874346	-0.510778247704268	-0.514751876401522	-0.448192988665574	-0.331763057643007	-0.0586243140094287	-0.0328251727884595	0.519385644626682
PRO167A	-0.236058732276305	0.422266886205452	0.150245002285337	1.22629357420684	-0.401428760530632	-0.337009825682663	-0.194048090206333	0.319877273889863	0.052632759640606	0.89728232353406	-0.595765885667385	-0.476340285666522	-0.966999299796671	-0.820740396132	-0.843606940663411	-0.558666911867355
THR203A	0.199064453337482	0.879722679594692	0.6155806206487	1.53224762756955	0.485749964487779	0.953103699771466	0.271290533880699	0.839677843960889	0.639742704276786	1.60131260915322	-0.595765885667385	-0.476340285666522	-0.966999299796671	-0.820740396132	-0.843606940663411	-0.558666911867355
GLU234A	-0.236058732276305	-1.40755628735151	-0.664092329850549	-1.22133885269489	-0.245104350626538	-0.622273967494919	-0.659386714293365	-1.23952443632322	-0.869968581930535	-1.0740024761996	0.211919237013492	-0.476340285666522	0.303473184510657	-0.820740396132	-0.235520614757197	-0.918017764032035
LEU215A	-0.671181917890092	-0.492644700573027	-1.12942794821391	-0.762407772650815	-0.541165692856478	-0.286371220627233	-0.659386714293365	-0.199923296181164	-0.869968581930535	-0.510778247704268	-0.595765885667385	-0.476340285666522	-0.966999299796671	-0.820740396132	-0.843606940663411	-0.558666911867355
GLY90A	-0.671181917890092	-0.0351889071837876	-1.12942794821391	-0.4564537192881	-0.512514595221323	-0.238264545824574	-0.194048090206333	0.319877273889863	-0.618350034229314	-0.369972190580435	-0.595765885667385	-0.476340285666522	-0.966999299796671	-0.820740396132	-0.843606940663411	-0.558666911867355
LEU91A	-0.671181917890092	-0.492644700573027	-1.24576185280475	-0.915384799332173	-0.3305549926963	-0.278353441493456	-0.194048090206333	-0.199923296181164	-0.786095732696794	-0.792390361951933	-0.595765885667385	-0.476340285666522	-0.966999299796671	-0.820740396132	-0.843606940663411	-0.558666911867355
SER143A	-0.671181917890092	-0.492644700573027	-0.431424520668867	-0.303476692606742	-0.741220725466862	-0.622273967494919	-1.1247253383804	-1.23952443632322	-0.786095732696794	-1.0740024761996	-0.595765885667385	-0.476340285666522	-0.966999299796671	-0.820740396132	-0.843606940663411	-0.558666911867355
ALA196A	0.199064453337482	0.879722679594692	0.964582334421223	1.37927060088819	0.0263271006538821	0.204527059318365	0.271290533880699	0.839677843960889	0.807488402744266	1.46050655202939	-0.0163929709175762	-0.000595752127040563	0.303473184510657	0.703491768113143	-0.235520614757197	0.519385644626682
LEU10A	-1.10630510350388	-0.950100493962267	-0.431424520668867	-0.915384799332173	-0.720612041202978	-0.622273967494919	-1.1247253383804	-1.23952443632322	-0.786095732696794	-1.0740024761996	-0.562214629304755	-0.476340285666522	-0.331763057643007	-0.820740396132	-0.235520614757197	-0.918017764032035
LYS75A	-0.236058732276305	-1.40755628735151	-0.0824228068963447	-1.22133885269489	-0.658785988411327	-0.622273967494919	-0.659386714293365	-1.23952443632322	-0.198985788060614	-1.0740024761996	-0.461560860216864	-0.476340285666522	-0.331763057643007	-0.820740396132	-0.0328251727884595	-0.918017764032035
GLY176A	1.06931082456505	1.79463426637317	-0.198756711487186	0.155454387437331	-0.741220725466862	-0.622273967494919	-1.59006396246743	-1.23952443632322	-1.28933282809923	-0.933196419075766	0.305208096168123	0.964394117596154	0.938709426664321	1.46560785023571	-0.0328251727884595	-0.918017764032035
SER179A	-1.10630510350388	-0.492644700573027	-0.78042623444139	-0.303476692606742	-0.741220725466862	-0.622273967494919	-1.59006396246743	-1.23952443632322	-1.28933282809923	-0.933196419075766	-0.595765885667385	-0.476340285666522	-0.966999299796671	-0.820740396132	-0.843606940663411	-0.558666911867355
LEU15A	0.634187638951268	0.422266886205452	0.150245002285337	0.155454387437331	-0.42806925482297	-0.384898004693179	0.736629157967731	0.839677843960889	0.471997005809306	0.474864152162562	-0.536028282875385	-0.380814753025128	0.938709426664321	0.703491768113143	1.18334747902397	0.519385644626682
SER206A	-1.10630510350388	-0.950100493962267	-1.59476356657728	-1.22133885269489	-0.503969531014346	-0.622273967494919	-1.1247253383804	-1.23952443632322	-1.12158712963175	-1.0740024761996	-0.595765885667385	-0.476340285666522	-0.966999299796671	-0.820740396132	-0.843606940663411	-0.558666911867355
GLN73A	-1.10630510350388	-0.950100493962267	-0.896760139032231	-0.915384799332173	-0.586906918905586	-0.622273967494919	-1.1247253383804	-1.23952443632322	-0.869968581930535	-1.0740024761996	-0.344540624610618	-0.476340285666522	-0.331763057643007	-0.820740396132	-0.235520614757197	-0.918017764032035
ARG180A	-0.236058732276305	-1.40755628735151	0.150245002285337	-1.22133885269489	-0.657278035904213	-0.622273967494919	-0.659386714293365	-1.23952443632322	-0.282858637294354	-1.0740024761996	-0.595765885667385	-0.476340285666522	-0.966999299796671	-0.820740396132	-0.843606940663411	-0.558666911867355
ILE159A	1.06931082456505	-0.492644700573027	1.1972501436029	-0.609430745969457	0.733054175654384	0.507756400937856	0.736629157967731	-0.199923296181164	0.891361251978006	-0.369972190580435	1.42467440602369	1.27574902259988	2.20918191097165	0.703491768113143	1.18334747902397	-0.558666911867355
ASN165A	-1.10630510350388	-0.950100493962267	-1.12942794821391	-0.762407772650815	-0.616060667376446	-0.513400966625744	-0.659386714293365	-0.719723866252191	-0.702222883463054	-0.792390361951933	-0.595765885667385	-0.476340285666522	-0.966999299796671	-0.820740396132	-0.843606940663411	-0.558666911867355
LYS129A	-0.671181917890092	-1.40755628735151	-0.547758425259708	-1.22133885269489	-0.614050064033628	-0.622273967494919	-0.194048090206333	-1.23952443632322	-0.198985788060614	-1.0740024761996	-0.595765885667385	-0.476340285666522	-0.966999299796671	-0.820740396132	-0.843606940663411	-0.558666911867355
LYS89A	-1.10630510350388	-1.40755628735151	-1.36209575739559	-1.22133885269489	-0.6220924774049	-0.622273967494919	-0.659386714293365	-1.23952443632322	-0.869968581930535	-1.0740024761996	-0.595765885667385	-0.476340285666522	-0.966999299796671	-0.820740396132	-0.843606940663411	-0.558666911867355
GLU93A	-0.671181917890092	-1.40755628735151	-0.315090616078026	-1.22133885269489	-0.621087175733491	-0.622273967494919	-0.194048090206333	-1.23952443632322	-0.282858637294354	-1.0740024761996	-0.492657146601741	-0.476340285666522	0.303473184510657	-0.820740396132	0.372565711149016	-0.918017764032035
GLU217A	-0.236058732276305	-1.40755628735151	-0.315090616078026	-1.22133885269489	-0.721114692038683	-0.622273967494919	-0.194048090206333	-1.23952443632322	-0.366731486528094	-1.0740024761996	-0.595765885667385	-0.476340285666522	-0.966999299796671	-0.820740396132	-0.843606940663411	-0.558666911867355
LYS111A	-1.10630510350388	-1.40755628735151	-1.01309404362307	-1.22133885269489	-0.055102334730244	-0.622273967494919	-0.659386714293365	-1.23952443632322	-0.618350034229314	-1.0740024761996	-0.595765885667385	-0.476340285666522	-0.966999299796671	-0.820740396132	-0.843606940663411	-0.558666911867355
TYR123A	-1.54142828911766	-0.950100493962267	-1.01309404362307	-0.4564537192881	-0.6220924774049	-0.520780584488543	-1.1247253383804	-0.719723866252191	-0.869968581930535	-0.510778247704268	-0.401823257424864	-0.318976841114247	-0.331763057643007	-0.0586243140094287	-0.640911498694673	-0.199316059702676
ASP221A	-0.236058732276305	-0.0351889071837876	-0.198756711487186	-0.150499665925384	-0.416005634766062	-0.385579656566715	0.271290533880699	0.319877273889863	-0.0312400895931341	-0.0883600763327695	-0.595765885667385	-0.476340285666522	-0.966999299796671	-0.820740396132	-0.843606940663411	-0.558666911867355
ASN11A	-1.54142828911766	-0.950100493962267	-1.47842966198643	-0.762407772650815	-0.741220725466862	-0.622273967494919	-1.59006396246743	-1.23952443632322	-1.28933282809923	-0.933196419075766	-0.595765885667385	-0.476340285666522	-0.966999299796671	-0.820740396132	-0.843606940663411	-0.558666911867355
LEU7A	-0.236058732276305	-0.0351889071837876	-0.547758425259708	0.308431414118689	-0.249628208147878	-0.0980664573301232	-0.194048090206333	0.319877273889863	-0.702222883463054	-0.0883600763327695	0.204554327080232	0.336432892408763	0.938709426664321	1.46560785023571	-0.0328251727884595	0.519385644626682
ASN152A	-1.10630510350388	-1.40755628735151	-0.664092329850549	-1.22133885269489	-0.62661633492624	-0.622273967494919	-1.1247253383804	-1.23952443632322	-0.786095732696794	-1.0740024761996	-0.595765885667385	-0.476340285666522	-0.966999299796671	-0.820740396132	-0.843606940663411	-0.558666911867355
LEU115A	1.50443401017884	0.879722679594692	1.54625185737543	0.92033952084412	0.0474384357534703	0.0723188985153965	2.13264503022883	1.35947841403192	1.89783544278289	1.17889443778173	-0.427191280528316	-0.341557684816335	0.303473184510657	0.703491768113143	0.169870269180278	1.23808734895604
ALA224A	0.634187638951268	1.33717847298393	0.382912811467019	1.53224762756955	-0.6220924774049	-0.520420219712702	0.736629157967731	1.35947841403192	0.555869855043046	1.60131260915322	-0.431282897157905	-0.350266521038565	0.938709426664321	1.46560785023571	0.980652037055229	1.9567890532854
ARG172A	-1.54142828911766	-1.40755628735151	-1.12942794821391	-1.22133885269489	-0.741220725466862	-0.622273967494919	-1.59006396246743	-1.23952443632322	-1.28933282809923	-0.933196419075766	-0.401823257424864	-0.476340285666522	-0.331763057643007	-0.820740396132	-0.438216056725935	-0.918017764032035
HIS56A	-0.671181917890092	-0.492644700573027	-0.78042623444139	-0.915384799332173	-0.620081874062082	-0.54794227631167	-0.194048090206333	-0.199923296181164	-0.450604335761834	-0.933196419075766	-0.595765885667385	-0.476340285666522	-0.966999299796671	-0.820740396132	-0.843606940663411	-0.558666911867355
ALA170A	0.199064453337482	0.422266886205452	-0.0824228068963447	0.0024773607559735	-0.450688542429671	-0.285105255500847	-0.659386714293365	-0.199923296181164	-0.702222883463054	-0.369972190580435	-0.595765885667385	-0.476340285666522	-0.966999299796671	-0.820740396132	-0.843606940663411	-0.558666911867355
ARG237A	-0.671181917890092	-0.492644700573027	-0.78042623444139	-0.915384799332173	-0.693468896074936	-0.622273967494919	-1.1247253383804	-1.23952443632322	-1.03771428039801	-1.0740024761996	-0.518025169705193	-0.476340285666522	-0.331763057643007	-0.820740396132	-0.235520614757197	-0.918017764032035
LYS2A	-0.671181917890092	-0.492644700573027	-1.24576185280475	-1.06836182601353	-0.135526468442961	-0.111346263190214	-0.194048090206333	-0.199923296181164	-0.786095732696794	-0.933196419075766	-0.125229973264645	-0.476340285666522	-0.331763057643007	-0.820740396132	-0.0328251727884595	-0.918017764032035
MET240A	0.199064453337482	-0.492644700573027	0.0339110976944961	-1.06836182601353	-0.386851886295202	-0.360310707850758	0.271290533880699	-0.199923296181164	-0.282858637294354	-0.651584304828101	-0.21279056913785	-0.298054294423554	0.303473184510657	-0.0586243140094287	0.372565711149016	-0.199316059702676
TYR43A	-1.10630510350388	-0.950100493962267	-1.01309404362307	-1.22133885269489	-0.6220924774049	-0.621429990743995	-0.659386714293365	-0.719723866252191	-0.786095732696794	-1.0740024761996	-0.595765885667385	-0.476340285666522	-0.966999299796671	-0.820740396132	-0.843606940663411	-0.558666911867355
LEU12D	-1.54142828911766	-0.950100493962267	-1.36209575739559	-0.915384799332173	-0.6220924774049	-0.42225147752597	-1.1247253383804	-0.719723866252191	-0.953841431164275	-0.792390361951933	-0.401823257424864	-0.166209446817063	-0.331763057643007	-0.0586243140094287	-0.640911498694673	-0.558666911867355
PHE52A	-0.671181917890092	-0.0351889071837876	-1.12942794821391	-0.303476692606742	0.085639899267011	0.122261983333761	-0.194048090206333	0.319877273889863	-0.786095732696794	-0.229166133456602	-0.595765885667385	-0.476340285666522	-0.966999299796671	-0.820740396132	-0.843606940663411	-0.558666911867355
GLU66A	-0.671181917890092	-1.40755628735151	-1.12942794821391	-1.22133885269489	-0.630134890776171	-0.622273967494919	-0.659386714293365	-1.23952443632322	-0.953841431164275	-1.0740024761996	-0.415734753965467	-0.476340285666522	-0.331763057643007	-0.820740396132	-0.438216056725935	-0.918017764032035
ILE137A	-0.671181917890092	-0.492644700573027	-0.0824228068963447	0.155454387437331	-0.6220924774049	-0.42225147752597	-1.1247253383804	-0.719723866252191	-0.869968581930535	-0.651584304828101	-0.401823257424864	-0.166209446817063	-0.331763057643007	-0.0586243140094287	-0.0328251727884595	0.160034792462003
ASP49A	-1.10630510350388	-0.492644700573027	-1.24576185280475	-0.762407772650815	-0.541668343692183	-0.287215197378157	-0.659386714293365	-0.199923296181164	-0.869968581930535	-0.792390361951933	-0.595765885667385	-0.476340285666522	-0.966999299796671	-0.820740396132	-0.843606940663411	-0.558666911867355
GLU198A	-1.10630510350388	-1.40755628735151	-0.0824228068963447	-1.22133885269489	-0.6220924774049	-0.622273967494919	-1.1247253383804	-1.23952443632322	-0.869968581930535	-1.0740024761996	-0.401823257424864	-0.476340285666522	-0.331763057643007	-0.820740396132	-0.640911498694673	-0.918017764032035
ASP8A	-1.54142828911766	-0.950100493962267	-1.71109747116812	-1.22133885269489	-0.741220725466862	-0.622273967494919	-1.59006396246743	-1.23952443632322	-1.28933282809923	-0.933196419075766	-0.595765885667385	-0.476340285666522	-0.966999299796671	-0.820740396132	-0.843606940663411	-0.558666911867355
LYS4A	-1.10630510350388	-0.950100493962267	-1.59476356657728	-1.22133885269489	-0.503969531014346	-0.622273967494919	-1.1247253383804	-1.23952443632322	-1.12158712963175	-1.0740024761996	-0.595765885667385	-0.476340285666522	-0.966999299796671	-0.820740396132	-0.843606940663411	-0.558666911867355
GLN168A	-1.54142828911766	-1.40755628735151	-1.47842966198643	-1.22133885269489	-0.6220924774049	-0.622273967494919	-1.1247253383804	-1.23952443632322	-1.12158712963175	-1.0740024761996	-0.595765885667385	-0.476340285666522	-0.966999299796671	-0.820740396132	-0.843606940663411	-0.558666911867355
SER246A	-1.10630510350388	-0.950100493962267	-1.01309404362307	-1.06836182601353	-0.6220924774049	-0.570915067940558	-0.659386714293365	-0.719723866252191	-0.702222883463054	-0.792390361951933	-0.595765885667385	-0.476340285666522	-0.966999299796671	-0.820740396132	-0.843606940663411	-0.558666911867355
GLU128A	-1.54142828911766	-1.40755628735151	-1.36209575739559	-1.22133885269489	-0.741220725466862	-0.622273967494919	-1.59006396246743	-1.23952443632322	-1.28933282809923	-0.933196419075766	-0.595765885667385	-0.476340285666522	-0.966999299796671	-0.820740396132	-0.843606940663411	-0.558666911867355
SER44A	-1.54142828911766	-0.950100493962267	-1.59476356657728	-0.915384799332173	-0.6220924774049	-0.522262722510444	-1.1247253383804	-0.719723866252191	-1.12158712963175	-0.651584304828101	-0.595765885667385	-0.476340285666522	-0.966999299796671	-0.820740396132	-0.843606940663411	-0.558666911867355
ASP169A	-1.54142828911766	-1.40755628735151	-1.36209575739559	-1.22133885269489	-0.741220725466862	-0.622273967494919	-1.59006396246743	-1.23952443632322	-1.28933282809923	-0.933196419075766	-0.595765885667385	-0.476340285666522	-0.966999299796671	-0.820740396132	-0.843606940663411	-0.558666911867355
LYS85A	-1.54142828911766	-1.40755628735151	-1.36209575739559	-1.22133885269489	-0.741220725466862	-0.622273967494919	-1.59006396246743	-1.23952443632322	-1.28933282809923	-0.933196419075766	-0.595765885667385	-0.476340285666522	-0.966999299796671	-0.820740396132	-0.843606940663411	-0.558666911867355
ILE202A	-1.54142828911766	-1.40755628735151	-1.71109747116812	-1.22133885269489	-0.741220725466862	-0.622273967494919	-1.59006396246743	-1.23952443632322	-1.28933282809923	-0.933196419075766	-0.595765885667385	-0.476340285666522	-0.966999299796671	-0.820740396132	-0.843606940663411	-0.558666911867355
GLU12A	-1.97655147473145	-1.40755628735151	-1.82743137575896	-1.22133885269489	-0.741220725466862	-0.622273967494919	-1.59006396246743	-1.23952443632322	-1.28933282809923	-0.933196419075766	-0.595765885667385	-0.476340285666522	-0.966999299796671	-0.820740396132	-0.843606940663411	-0.558666911867355
GLU88A	-1.97655147473145	-1.40755628735151	-1.82743137575896	-1.22133885269489	-0.741220725466862	-0.622273967494919	-1.59006396246743	-1.23952443632322	-1.28933282809923	-0.933196419075766	-0.595765885667385	-0.476340285666522	-0.966999299796671	-0.820740396132	-0.843606940663411	-0.558666911867355
LYS130A	-1.97655147473145	-1.40755628735151	-1.82743137575896	-1.22133885269489	-0.741220725466862	-0.622273967494919	-1.59006396246743	-1.23952443632322	-1.28933282809923	-0.933196419075766	-0.595765885667385	-0.476340285666522	-0.966999299796671	-0.820740396132	-0.843606940663411	-0.558666911867355
LYS138A	-1.97655147473145	-1.40755628735151	-1.82743137575896	-1.22133885269489	-0.741220725466862	-0.622273967494919	-1.59006396246743	-1.23952443632322	-1.28933282809923	-0.933196419075766	-0.595765885667385	-0.476340285666522	-0.966999299796671	-0.820740396132	-0.843606940663411	-0.558666911867355
GLU141A	-1.97655147473145	-1.40755628735151	-1.82743137575896	-1.22133885269489	-0.741220725466862	-0.622273967494919	-1.59006396246743	-1.23952443632322	-1.28933282809923	-0.933196419075766	-0.595765885667385	-0.476340285666522	-0.966999299796671	-0.820740396132	-0.843606940663411	-0.558666911867355
SER142A	-1.97655147473145	-1.40755628735151	-1.82743137575896	-1.22133885269489	-0.741220725466862	-0.622273967494919	-1.59006396246743	-1.23952443632322	-1.28933282809923	-0.933196419075766	-0.595765885667385	-0.476340285666522	-0.966999299796671	-0.820740396132	-0.843606940663411	-0.558666911867355
GLU241A	-1.97655147473145	-1.40755628735151	-1.82743137575896	-1.22133885269489	-0.741220725466862	-0.622273967494919	-1.59006396246743	-1.23952443632322	-1.28933282809923	-0.933196419075766	-0.595765885667385	-0.476340285666522	-0.966999299796671	-0.820740396132	-0.843606940663411	-0.558666911867355
SER7D	-1.97655147473145	-1.40755628735151	-1.82743137575896	-1.22133885269489	-0.741220725466862	-0.622273967494919	-1.59006396246743	-1.23952443632322	-1.28933282809923	-0.933196419075766	-0.595765885667385	-0.476340285666522	-0.966999299796671	-0.820740396132	-0.843606940663411	-0.558666911867355
PHE14D	-1.97655147473145	-1.40755628735151	-1.82743137575896	-1.22133885269489	-0.741220725466862	-0.622273967494919	-1.59006396246743	-1.23952443632322	-1.28933282809923	-0.933196419075766	-0.595765885667385	-0.476340285666522	-0.966999299796671	-0.820740396132	-0.843606940663411	-0.558666911867355
