Degree	Degree_sidechain	SecondOrderDegree	SecondOrderDegree_sidechain	NodeEdgeBetweennessSTRIDE	NodeEdgeBetweennessSTRIDE_sidechain	IntermodularDegreeSTRIDE	IntermodularDegreeSTRIDE_sidechain	SecondOrderIntermodularDegreeSTRIDE	SecondOrderIntermodularDegreeSTRIDE_sidechain	NodeEdgeBetweennessWALKTRAP	NodeEdgeBetweennessWALKTRAP_sidechain	IntermodularDegreeWALKTRAP	IntermodularDegreeWALKTRAP_sidechain	SecondOrderIntermodularDegreeWALKTRAP	SecondOrderIntermodularDegreeWALKTRAP_sidechain
CYS229A	7	5	21	11	2702	983.883789828021	6	4	21	10	1908	895.73253620418	4	3	10	5
TRP146A	8	3	24	5	1528	307.353538594587	7	3	26	4	1499	307.353538594587	4	3	10	3
ARG273A	6	3	20	6	429	329.937995366083	4	3	10	6	1	1	2	1	2	0
ASP281A	6	4	18	6	608	284.121690338834	4	3	11	4	1	1	1	1	1	1
GLN192A	7	4	13	9	338	1	4	1	7	0	1	1	2	1	3	0
HIS193A	8	7	19	11	769	686.241120737942	6	6	21	11	687	604.241120737942	4	4	7	5
CYS242A	7	5	19	9	176	86.4524973702014	5	4	24	13	156	78.4875626126727	3	3	11	9
HIS179A	7	5	22	11	2226	309.488629692547	7	5	33	17	988	309.488629692547	5	5	16	14
ARG175A	8	7	21	16	3322	2529.5551305209	8	7	30	15	730	1	2	1	7	0
GLY279A	9	9	26	24	589	463.102863729338	4	4	13	12	57	57	3	3	6	3
THR118A	6	5	16	13	1654	786.974167364735	5	4	11	9	959	661.077031094072	3	3	6	3
PRO128A	5	5	11	8	571	533.738392271214	4	4	13	9	1	1	1	1	1	1
TYR126A	5	2	15	2	2105	325.82215916168	4	2	11	2	140	1	2	1	2	0
CYS176A	7	6	18	9	2412	1000.67975132861	7	6	25	13	1818	988.644686086142	5	5	14	11
ARG249A	7	6	18	12	3304	2592.11003245857	7	6	19	12	2044	1332.11003245857	5	4	5	4
GLU171A	4	2	12	5	187	55.6299953002921	3	2	13	5	187	55.6299953002921	2	2	4	3
TYR205A	8	4	26	14	5540	635.235743122912	8	4	29	14	3333	409.235743122912	4	3	7	3
VAL203A	6	6	18	12	2078	1140.91852931204	5	5	22	15	865	789.764256877088	2	2	3	2
PRO223A	5	5	12	11	499	475.411550134829	4	4	13	9	1	1	1	1	1	1
THR230A	7	7	18	12	874	707.009993396721	6	6	16	8	1	1	2	2	1	0
THR125A	9	9	29	27	1186	712.70142707029	7	7	24	20	351	284.985490937723	3	3	5	2
VAL122A	7	7	17	16	448	310.951431836739	4	4	11	11	1	1	1	1	1	1
ARG213A	8	7	18	15	1396	245.149265613626	8	7	21	13	556	1	2	1	1	0
THR211A	5	5	9	8	556	556	2	2	7	6	556	556	2	2	1	0
GLY154A	4	4	8	8	878	878	3	3	8	6	361	361	2	2	1	0
PRO153A	3	2	5	3	1	1	1	1	1	1	1	1	1	1	1	1
ILE162A	7	3	23	5	2508	387.446054461842	6	3	24	7	841	288.446054461842	2	2	2	2
VAL173A	8	8	19	18	3278	2750.00205488359	6	6	24	19	31	31	2	2	2	1
THR253A	7	7	27	13	1903	864.072760538587	5	5	19	8	1295	669.563296041617	4	4	8	6
TYR236A	7	3	26	10	5292	371.371150441317	7	3	32	7	458	207.936703958383	2	2	3	3
ALA138A	4	4	15	9	163	125.225794348197	3	3	10	4	96	58.2257943481971	2	2	4	1
LEU137A	8	7	25	13	1351	1056.25106247341	7	6	36	14	582	492.251062473411	4	4	10	6
CYS124A	6	5	19	16	825	513.606120135274	5	4	18	12	1	1	1	1	1	1
CYS141A	7	6	21	13	2102	1238.11205395019	6	6	24	16	875	1	2	1	2	0
HIS233A	4	4	12	8	148	39.6418358788445	3	3	9	7	148	39.6418358788445	2	2	3	3
THR140A	6	5	16	11	948	531.391402541817	6	5	17	12	661	346.652250738186	4	4	5	5
ALA161A	8	8	23	19	2002	918.866378785204	6	6	24	21	1065	500.368433668794	3	3	6	2
LEU252A	6	5	22	5	1632	1310.81963927854	6	5	21	6	716	493.819639278542	3	3	7	1
CYS238A	10	6	30	14	4564	1412.78816090225	9	5	49	18	2860	1412.78816090225	8	6	22	11
MET246A	9	5	24	13	2484	1212.52022814054	8	5	34	13	1102	1090.52022814054	5	3	14	8
LEU264A	6	6	18	16	211	211	3	3	6	2	1	1	1	1	1	1
LEU265A	8	6	22	11	942	942	6	5	19	5	823	823	4	4	5	1
ASP259A	5	4	11	3	396	9.40292221833515	3	2	9	2	383	1	2	1	3	0
GLY187A	4	4	8	5	311	102.919350816232	3	3	6	4	125	79.8929508078263	2	2	3	1
LEU188A	5	3	11	7	432	167.107049192174	4	3	9	6	190	46.1070491921737	4	2	3	1
ALA189A	6	6	16	11	1133	644.897594165674	4	4	15	9	1	1	2	2	3	1
ARG267A	7	4	14	7	647	494.561169866227	5	3	8	1	132	101.561169866227	2	2	4	3
LYS101A	4	2	10	2	394	1	2	1	4	0	57	1	2	1	4	0
PRO142A	7	5	16	11	1133	209.156889871304	5	4	11	8	1102	1010.6568898713	3	3	4	3
THR231A	6	5	19	12	766	766	3	3	9	6	1	1	2	1	1	0
TYR163A	4	3	16	9	2308	122.901898353941	4	3	18	9	1142	122.901898353941	3	3	8	5
GLU204A	3	2	9	1	188	76.1669359865182	3	2	8	1	1	1	1	1	1	1
VAL217A	7	7	21	18	2201	1939.84843572024	5	5	16	11	2043	1781.84843572024	3	3	8	7
PRO190A	6	4	19	11	1684	1684	2	2	7	3	1	1	1	1	1	1
ASN235A	4	4	11	7	586	410.5	4	4	12	7	352	176.5	2	2	2	2
LYS139A	5	2	11	3	488	80.1122864645766	5	2	13	3	1	1	1	1	1	1
ILE195A	4	3	16	12	3340	984.131566331206	4	3	12	9	3340	984.131566331206	4	3	8	5
VAL216A	6	6	21	16	3682	3682	4	4	18	11	3682	3682	4	4	9	6
ARG282A	9	7	22	15	2110	1022.38371901406	7	6	23	16	1378	290.383719014058	5	3	9	4
PHE134A	5	4	18	10	666	340	4	3	15	7	1118	1118	4	4	7	4
ARG174A	4	3	14	5	158	152.557719877756	3	3	7	3	38	2.55771987775567	3	2	4	3
HIS214A	5	4	13	9	200	25.6715443303928	5	4	13	7	200	25.6715443303928	4	4	6	4
LYS164A	3	2	9	2	1736	718.399290187988	3	2	6	2	1	1	1	1	1	1
MET169A	7	4	13	5	1337	799	4	2	13	1	1	1	1	1	1	1
GLY245A	7	7	19	15	945	765.227750357538	5	5	18	15	1	1	1	1	1	1
MET237A	8	4	25	7	1644	282.764777780101	7	4	28	8	491	38.7742056518029	5	2	14	1
PRO152A	5	3	15	5	553	500.511205652832	4	3	18	5	553	500.511205652832	3	3	5	3
LEU194A	7	7	28	24	244	201.979771859458	7	7	36	25	179	169.479771859458	4	4	15	8
GLN165A	5	3	9	3	210	69.2734516940551	2	2	2	2	1	1	1	1	1	1
LEU111A	10	9	30	18	1303	1136	8	8	31	15	51	26	3	3	7	5
VAL143A	5	5	19	16	351	326	3	3	11	9	351	326	3	3	6	4
GLU271A	5	3	13	2	3069	526.056227821811	4	3	9	3	2713	306.455518009799	3	2	6	1
PRO98A	5	5	15	10	1520	1185.73360771727	5	5	18	12	25	25	2	2	3	0
VAL97A	5	4	13	9	1236	766.601662439667	5	4	15	6	1	1	1	1	1	1
ASP184A	5	5	14	11	185	64.444869479098	3	3	13	9	1	1	1	1	1	1
GLN144A	9	5	24	8	3155	668.78846386238	6	4	18	7	4085	1640.78846386238	6	4	12	6
PRO219A	4	4	8	6	556	273.887823036718	3	3	3	2	848	719.399447931678	3	3	2	2
VAL218A	7	7	20	17	1645	1050.68384676435	5	5	19	14	661	95.9046642281302	2	2	2	2
GLN100A	5	2	11	4	782	223.180360721458	3	2	8	4	574	223.180360721458	3	2	6	2
ILE254A	6	4	17	5	1049	761.553945538158	4	4	9	4	841	553.553945538158	3	3	5	4
ASN200A	5	2	13	6	466	197.130584927852	4	2	13	4	1	1	1	1	1	1
VAL197A	10	8	28	20	1128	697.531295872847	9	7	32	15	788	455	4	3	8	2
LEU114A	3	3	11	7	338	169.5	3	3	9	6	1	1	1	1	1	1
LEU145A	6	6	26	20	233	127	5	5	24	17	119	89.5	3	3	7	5
PHE109A	8	3	33	11	736	256	8	3	37	9	1	1	1	1	1	1
ALA276A	5	3	15	8	141	1	3	1	11	0	1	1	1	1	1	1
GLN136A	5	4	14	5	372	116.887713535423	5	4	17	3	1	1	1	1	1	1
ARG158A	7	5	19	7	1406	594.326500725993	5	5	14	8	1406	594.326500725993	5	5	11	6
SER106A	3	2	10	2	188	1	2	1	5	0	1	1	1	1	1	1
TYR107A	8	2	21	2	564	53.4887943471676	6	2	21	2	224	53.4887943471676	2	2	2	2
ALA159A	5	5	16	8	232	197.373632673205	3	3	9	4	232	197.373632673205	3	3	7	2
TYR234A	5	3	20	6	1156	91.6078209148578	5	3	17	4	1156	91.6078209148578	5	3	8	3
CYS275A	7	6	20	15	885	584.928467250641	5	5	20	15	1	1	1	1	1	1
VAL274A	9	8	26	19	4367	3915.01184704444	8	7	36	20	425	259	3	2	4	1
GLU258A	4	2	18	4	672	245.731492001155	4	2	16	4	672	245.731492001155	4	2	12	4
CYS277A	7	4	15	3	694	140.464323284881	5	3	12	2	1	1	1	1	1	1
PRO278A	9	7	25	19	1116	790	8	6	30	11	1	1	1	1	1	1
ASP207A	4	3	9	9	560	64.5296150539099	4	3	10	8	373	64.5296150539099	2	2	3	3
ASN131A	3	3	11	2	2502	2177.17784083832	3	3	9	2	1317	1317	2	2	5	0
PHE270A	9	2	25	6	5076	414.49053550303	7	2	23	4	5897	1	6	1	10	0
ARG280A	5	3	15	5	143	98.8176837874525	2	2	4	2	39	1	2	1	1	0
GLY244A	4	4	6	6	373	181.431941282042	3	3	6	6	3	1.65969163957918	2	2	2	2
ARG196A	7	5	26	12	1328	647.568771555676	6	5	26	14	177	1	2	1	3	0
VAL272A	8	7	28	13	2234	1971.56555351707	5	4	21	10	3442	3343	5	4	12	4
ARG202A	2	2	3	3	188	34.6958878401921	2	2	2	2	188	34.6958878401921	2	2	2	2
ASN239A	6	2	20	6	381	8.24893752658929	4	2	20	5	280	8.24893752658929	3	2	5	3
SER260A	3	2	6	1	361	1	2	1	2	0	361	1	2	1	1	0
PRO151A	7	5	20	8	1674	1066.40002518567	7	5	24	8	1273	776.400025185672	5	3	11	1
TYR220A	6	3	22	6	2962	60.4272028446091	5	2	24	5	2518	1	4	1	13	0
VAL157A	9	8	27	19	4250	2122.11263847905	7	6	26	14	3547	1786.11263847905	5	4	10	2
GLY266A	8	8	25	20	2094	2094	5	5	18	8	1	1	1	1	1	1
THR256A	6	4	18	9	743	123	4	2	10	2	1	1	1	1	1	1
GLY112A	5	5	18	13	2030	1615.12546133885	3	3	11	5	4082	3667.12546133885	3	3	7	4
PHE113A	4	2	10	2	2436	2249	3	2	7	1	4301	2249	3	2	7	0
VAL172A	4	4	12	11	608	505.515464229438	3	3	8	6	188	188	2	2	1	0
GLY262A	4	4	6	4	2	2	2	2	4	2	1	1	1	1	1	1
SER261A	5	1	6	1	1	1	2	1	4	0	1	1	1	1	1	1
SER215A	6	3	17	5	470	123.732215559175	5	3	14	5	257	123.732215559175	4	3	10	5
GLU224A	4	3	6	5	1	1	1	1	1	1	1	1	1	1	1	1
GLY226A	4	4	6	5	1	1	1	1	1	1	1	1	1	1	1	1
ARG156A	6	2	19	1	346	112.833064013482	5	2	18	1	215	1	4	1	11	0
ARG110A	6	5	20	11	963	729.592276244332	5	5	19	12	1	1	1	1	1	1
ASP148A	3	2	10	4	10	4.00481274093335	2	2	4	4	1	1	1	1	1	1
CYS182A	5	5	12	12	371	371	3	3	13	10	1	1	1	1	1	1
SER183A	2	1	4	1	1	1	1	1	1	1	1	1	1	1	1	1
SER185A	5	3	10	5	187	163.973599991594	4	3	10	4	1	1	1	1	1	1
VAL147A	9	7	26	11	1042	931	7	5	34	9	1	1	1	1	1	1
ASP186A	5	4	10	8	559	423.543062150351	4	3	9	5	66	66	2	2	3	1
ASN263A	5	3	11	3	188	5.59707778166484	5	3	9	1	174	1	2	1	3	0
SER166A	3	2	7	2	1	1	1	1	1	1	1	1	1	1	1	1
GLY117A	5	5	13	13	187	98.3326320306944	3	3	9	9	188	188	2	2	1	0
HIS115A	2	2	3	2	188	188	2	2	2	1	1	1	1	1	1	1
HIS168A	4	4	10	8	377	196.358073887198	2	2	6	5	377	196.358073887198	2	2	4	3
THR123A	6	3	17	6	242	195	5	3	19	4	1	1	1	1	1	1
LEU257A	6	5	25	12	1744	459.5	6	5	28	14	211	106	3	3	8	5
GLY105A	7	7	18	12	1047	993.005430900349	6	6	20	11	1	1	1	1	1	1
TYR103A	5	2	13	6	1129	54.994569099651	4	2	11	5	1	1	1	1	1	1
GLU198A	5	3	15	6	961	316.549023511665	4	3	16	7	638	316.549023511665	3	3	4	4
ILE232A	6	4	25	16	938	544.887361520946	5	4	22	13	673	432.387361520946	3	3	6	5
GLU285A	5	3	9	4	793	121.664597097123	4	3	8	4	1	1	2	2	3	3
THR284A	3	3	7	5	1	1	1	1	1	1	39	39	2	2	1	0
GLY108A	8	7	24	13	908	339.402911014734	7	6	29	12	1	1	1	1	1	1
CYS135A	7	5	25	14	766	177.296772921724	7	5	33	16	1	1	1	1	1	1
LEU130A	4	3	8	5	456	239	4	3	9	3	1	1	1	1	1	1
PRO250A	3	3	8	6	550	481.726548305945	3	3	7	6	341	341	2	2	4	3
ALA119A	4	4	9	9	108	108	2	2	4	3	1	1	1	1	1	1
LYS120A	3	2	8	3	187	91.7179929276668	2	2	4	2	1	1	1	1	1	1
SER269A	2	2	8	2	1	1	1	1	1	1	1	1	1	1	1	1
SER127A	5	4	12	6	606	257.684769961115	5	4	14	6	1	1	1	1	1	1
GLN104A	3	1	11	1	1	1	2	1	6	0	1	1	1	1	1	1
ILE255A	8	4	29	10	781	291.018546411937	6	3	26	4	347	291.018546411937	2	2	4	2
ASP228A	5	2	14	2	188	2.76999257026651	4	2	11	2	188	2.76999257026651	3	2	5	2
PHE212A	3	1	5	1	188	1	2	1	2	0	188	1	2	1	1	0
LEU206A	4	2	15	4	188	23.3613559934403	4	2	13	4	188	23.3613559934403	4	2	10	4
THR150A	3	3	9	5	200	79.5999748143276	3	3	8	4	184	63.5999748143276	2	2	4	2
ASN268A	3	2	11	3	368	56	3	2	9	2	1	1	1	1	1	1
ARG283A	3	2	11	4	132	75.5537589541462	2	2	4	3	188	75.5537589541462	3	2	4	2
PRO177A	3	3	7	7	188	150.431269066814	3	3	8	7	188	150.431269066814	3	3	5	5
SER149A	4	2	16	2	188	9	3	2	11	1	1	1	1	1	1	1
THR155A	8	7	21	14	1338	716	8	7	27	13	821	716	6	6	15	5
SER99A	5	4	12	5	132	31.438830133773	3	2	7	2	188	87.438830133773	5	4	6	2
GLN167A	4	3	6	3	1	1	1	1	1	1	1	1	1	1	1	1
GLY199A	3	3	6	4	171	171	2	2	3	1	1	1	1	1	1	1
ASN210A	3	1	5	1	1	1	1	1	1	1	1	1	1	1	1	1
GLU286A	4	3	11	7	6	3.57683776767151	3	2	7	3	1	1	1	1	1	1
PRO222A	6	3	12	3	17	1	3	1	7	0	1	1	1	1	1	1
GLU221A	4	2	10	3	416	249.41628912309	3	2	7	2	1	1	1	1	1	1
SER116A	2	1	4	1	1	1	1	1	1	1	188	1	2	1	1	0
SER240A	4	3	16	9	188	167	4	3	17	8	167	167	3	3	3	1
SER227A	5	3	10	5	737	735.230007429734	3	3	8	4	737	735.230007429734	3	3	5	3
VAL225A	3	3	4	4	1	1	1	1	1	1	1	1	1	1	1	1
GLU180A	2	2	6	4	188	188	2	2	3	0	1	1	1	1	1	1
ARG209A	2	2	3	3	188	188	2	2	3	2	1	1	1	1	1	1
PRO191A	4	3	15	5	1148	1	2	1	7	0	1	1	1	1	1	1
ILE251A	6	5	24	19	198	128	6	5	27	18	100	100	3	3	8	5
MET160A	5	2	15	3	156	132	3	2	8	2	133	1	4	1	5	0
ASP208A	3	3	5	4	1	1	1	1	1	1	1	1	1	1	1	1
LYS132A	4	3	10	3	1968	1541.87988489308	3	3	6	4	2192	1108.5444819902	3	2	5	1
THR102A	4	4	8	5	111	56	3	3	6	3	1	1	1	1	1	1
MET133A	4	4	16	8	188	170.245901189182	4	4	15	9	148	148	2	2	5	0
MET243A	2	1	3	1	1	1	1	1	1	1	1	1	1	1	1	1
ASN247A	2	1	6	1	1	1	1	1	1	1	1	1	1	1	1	1
THR170A	4	4	9	7	71	36	2	2	4	3	1	1	1	1	1	1
ALA129A	2	2	4	4	1	1	1	1	1	1	1	1	1	1	1	1
HIS178A	3	1	6	1	373	1	2	1	6	0	373	1	2	1	4	0
SER241A	3	3	10	6	1	1	1	1	1	1	1	1	1	1	1	1
SER121A	2	2	6	6	1	1	1	1	1	1	1	1	1	1	1	1
ARG181A	2	2	2	1	1	1	1	1	1	1	1	1	1	1	1	1
LEU201A	1	1	1	1	1	1	1	1	1	1	1	1	1	1	1	1
ARG248A	1	1	1	1	1	1	1	1	1	1	1	1	1	1	1	1
GLU287A	1	1	1	1	1	1	1	1	1	1	1	1	1	1	1	1
