Degree	Degree_sidechain	SecondOrderDegree	SecondOrderDegree_sidechain	NodeEdgeBetweennessSTRIDE	NodeEdgeBetweennessSTRIDE_sidechain	IntermodularDegreeSTRIDE	IntermodularDegreeSTRIDE_sidechain	SecondOrderIntermodularDegreeSTRIDE	SecondOrderIntermodularDegreeSTRIDE_sidechain	NodeEdgeBetweennessWALKTRAP	NodeEdgeBetweennessWALKTRAP_sidechain	IntermodularDegreeWALKTRAP	IntermodularDegreeWALKTRAP_sidechain	SecondOrderIntermodularDegreeWALKTRAP	SecondOrderIntermodularDegreeWALKTRAP_sidechain
CYS229A	0.701306304116294	-0.0369523110929798	0.480480588425152	0.0682788119032011	1.21076891008022	0.563751231373269	1.36577688882678	0.424698868807037	1.02670161047109	0.240093723233818	0.948758787270395	1.41978898273625	0.321540043219396	0.816380516193998	0.748715293949083	1.40019205563716
TRP146A	1.18588947952998	-0.527186304926509	0.862433865775106	-0.950782455752076	0.00286113677956234	-0.289263475498985	1.36577688882678	-0.154171507169678	1.22545026852921	-0.641431201554554	0.733941565284108	0.0991211850276618	1.65459147239981	0.816380516193998	0.987106243542471	-0.0714886788969675
ARG273A	0.216723128702605	-0.527186304926509	0.735116106658454	-0.271408277315224	-0.485800524812703	-0.306094951666692	-0.12212238604473	-0.154171507169678	-0.563287653993866	-0.112516246681531	0.630089530813916	0.073062093216576	2.32111718699001	0.816380516193998	0.987106243542471	0.41907156594774
ASP281A	-0.267860046711084	-0.0369523110929798	0.0985273110751976	-0.441251821924437	-0.609074519297866	-0.628245229206338	-0.6180888110019	-0.154171507169678	-0.762036312051986	-0.112516246681531	-0.308846671245352	-0.443305681291068	-0.34498567137081	-0.0341939483222618	0.033542445168919	-0.0714886788969675
GLY105A	0.701306304116294	1.43374967040761	0.607798347541803	0.747652990340052	-0.22417586025786	0.335571718476456	0.869810463869609	1.58243962076047	0.82795295241297	0.945313663064516	-0.453954993381784	-0.176194786506801	0.321540043219396	0.816380516193998	-0.443239454017857	-0.562048923741675
SER106A	-1.23702639753846	-1.01742029876004	-0.920014761858013	-1.12062600036129	-0.688892213568834	-0.701802188260203	-1.11405523595907	-1.31191225912311	-0.960784970110105	-1.17034615642758	-0.684421152069059	-0.539585966047857	-1.01151138596102	-0.884768412838521	-0.920021353204633	-0.562048923741675
ARG196A	1.18588947952998	0.943515676574078	1.49902266135836	1.08734007955848	1.19569223449571	1.02615472182217	1.36577688882678	1.58243962076047	1.52357325561639	2.00314357281056	0.354099192632859	0.0686072571840706	0.988065757809602	0.816380516193998	1.70227909232264	1.89075230048186
ASP184A	0.216723128702605	0.943515676574078	0.0985273110751976	0.577809445730839	-0.58690293755593	-0.653744191623511	0.37384403891244	1.00356924478375	0.629204294354851	1.65053360289521	0.00413206277440431	-0.361163975141577	1.65459147239981	2.51752944522652	0.748715293949083	2.38131254532657
ARG202A	-1.23702639753846	-0.527186304926509	-1.55660355744127	-1.12062600036129	0.105737276062144	0.259000826152767	-0.6180888110019	-0.154171507169678	-1.15953362816822	-0.817736186512229	0.863400950719552	0.947963534393033	0.321540043219396	0.816380516193998	0.033542445168919	0.41907156594774
GLU221A	-0.752443222124773	-1.01742029876004	-1.04733252097466	-1.12062600036129	-0.422833232665605	-0.565366543065266	-0.6180888110019	-0.733041883146393	-0.861410641081046	-0.817736186512229	0.593101134975218	-0.328351433258573	0.988065757809602	-0.0341939483222618	0.271933394762307	-0.0714886788969675
CYS242A	0.701306304116294	0.453281682740549	0.3531628293085	0.0682788119032011	-0.75274636898561	-0.608373214382807	0.37384403891244	0.424698868807037	0.92732728144203	1.12161864802219	-0.500901803484747	-0.276344376113517	0.321540043219396	0.816380516193998	0.510324344355695	0.41907156594774
HIS179A	1.18588947952998	0.943515676574078	0.607798347541803	0.238122356512414	0.817001618343445	-0.472106634023703	1.36577688882678	1.00356924478375	1.52357325561639	1.65053360289521	0.668500557261795	-0.52509889310176	0.988065757809602	0.816380516193998	0.510324344355695	0.909631810792448
ARG175A	0.701306304116294	0.943515676574078	0.735116106658454	1.25718362416769	2.31402681755895	3.81734475518972	1.36577688882678	1.58243962076047	1.62294758464545	1.82683858785289	0.645738467514904	1.55484212744539	0.321540043219396	0.816380516193998	0.510324344355695	1.89075230048186
GLY279A	1.67047265494367	2.41421765807466	0.862433865775106	2.10640134721375	-0.128394627132698	0.470321226606899	0.37384403891244	1.00356924478375	-0.0664160088485676	0.416398708191492	-0.603331207345758	-0.411726106579708	-0.34498567137081	-0.0341939483222618	-0.681630403611245	-0.562048923741675
THR118A	0.216723128702605	-0.0369523110929798	-0.156108207158105	-0.441251821924437	0.795716899871186	0.378822789126358	0.869810463869609	0.424698868807037	-0.0664160088485676	0.0637887382761435	0.886163040466444	1.03369988855613	0.321540043219396	0.816380516193998	-0.204848504424469	0.41907156594774
PRO128A	-0.752443222124773	-0.0369523110929798	-0.792697002741362	-0.441251821924437	-0.0281790776591478	0.586125547474886	-0.6180888110019	-0.154171507169678	-0.563287653993866	-0.288821231639205	-0.684421152069059	-0.539585966047857	-1.01151138596102	-0.884768412838521	-0.920021353204633	-0.562048923741675
TYR126A	0.216723128702605	-1.01742029876004	0.0985273110751976	-0.950782455752076	2.56057480652928	1.79600872684315	0.37384403891244	-0.733041883146393	-0.0664160088485676	-0.817736186512229	-0.398472399623736	-0.539585966047857	0.321540043219396	-0.884768412838521	1.22549719313586	-1.05260916858638
ASN268A	-0.752443222124773	-0.527186304926509	-0.156108207158105	0.0682788119032011	0.435650412382149	-0.215619114228684	-0.6180888110019	-0.733041883146393	-0.563287653993866	-0.112516246681531	1.08248606453338	2.24641307710024	-0.34498567137081	-0.0341939483222618	-0.443239454017857	-1.05260916858638
LEU111A	2.15505583035736	2.41421765807466	2.00829369782497	2.27624489182297	2.75302413604928	3.67289386773829	1.36577688882678	2.16130999673718	1.32482459755827	1.82683858785289	2.74980913849317	4.24540358416846	1.65459147239981	2.51752944522652	1.70227909232264	1.89075230048186
CYS176A	0.701306304116294	0.943515676574078	0.480480588425152	0.238122356512414	1.054680974617	0.3834473948106	1.36577688882678	1.58243962076047	1.02670161047109	1.12161864802219	-0.0669994676846311	-0.317323376316248	-0.34498567137081	-0.0341939483222618	-0.204848504424469	0.41907156594774
ARG249A	1.18588947952998	0.943515676574078	0.480480588425152	0.407965901121627	2.36014370758218	3.08150376129694	1.86174331378395	1.58243962076047	0.82795295241297	0.945313663064516	2.6815228692525	3.0567625895077	2.32111718699001	1.66695498071026	0.987106243542471	0.909631810792448
GLU171A	-1.72160957295215	-1.01742029876004	-1.17465028009132	-0.61109536653365	-0.688892213568834	-0.619704119551623	-1.11405523595907	-0.733041883146393	-0.762036312051986	-0.288821231639205	-0.411276075106363	-0.412478807491296	-0.34498567137081	-0.0341939483222618	0.033542445168919	0.41907156594774
TYR205A	1.18588947952998	-0.0369523110929798	1.62634042047501	1.25718362416769	3.05189705793057	0.116287075624326	1.86174331378395	0.424698868807037	1.82169624270357	1.29792363297986	3.76983528527574	0.56180334972164	1.65459147239981	-0.0341939483222618	2.4174519411028	0.909631810792448
VAL203A	0.701306304116294	1.43374967040761	0.735116106658454	1.4270271687769	0.841833789894413	0.879689093177836	0.869810463869609	1.58243962076047	1.32482459755827	2.00314357281056	0.419540200655171	1.20110264706239	-0.34498567137081	-0.0341939483222618	-0.204848504424469	-0.562048923741675
LEU114A	-0.752443222124773	-0.527186304926509	-0.410743725391408	-0.441251821924437	-0.317296503573991	-0.314819263983259	-0.6180888110019	-0.154171507169678	-0.861410641081046	-0.46512621659688	0.184806150140354	0.059554801676562	0.321540043219396	0.816380516193998	0.748715293949083	1.89075230048186
PRO142A	0.216723128702605	-0.0369523110929798	0.225845070191849	0.407965901121627	-0.539012320993349	-0.461434691284391	-0.6180888110019	-0.733041883146393	-1.15953362816822	-0.817736186512229	0.809340987570685	0.781414313679231	1.65459147239981	1.66695498071026	0.987106243542471	0.909631810792448
THR230A	0.216723128702605	0.453281682740549	-0.156108207158105	0.0682788119032011	-0.7766916772669	-0.567059488083514	0.37384403891244	0.424698868807037	-0.165790337877627	-0.641431201554554	-0.485252866783759	-0.34556950202028	0.321540043219396	0.816380516193998	-0.204848504424469	-0.0714886788969675
THR231A	-0.267860046711084	0.453281682740549	-0.538061484508059	-0.101564732706012	-0.765162454761094	-0.548224486983547	-1.11405523595907	-0.733041883146393	-1.25890795719728	-0.994041171469903	-0.515128109576554	-0.419560669978225	-0.34498567137081	-0.0341939483222618	-0.681630403611245	-0.0714886788969675
TYR163A	-0.752443222124773	-0.527186304926509	0.225845070191849	0.0682788119032011	1.604536201817	-0.548173718245242	-0.12212238604473	-0.154171507169678	0.629204294354851	0.416398708191492	3.26764668023495	-0.301732888574032	0.988065757809602	0.816380516193998	2.65584289069619	1.89075230048186
ARG213A	2.15505583035736	1.92398366424114	0.607798347541803	0.747652990340052	2.08166864090346	0.0917113928199927	2.85367616369829	2.7401803727139	1.62294758464545	1.29792363297986	-0.684421152069059	-0.539585966047857	-0.34498567137081	-0.0341939483222618	-0.443239454017857	-1.05260916858638
THR211A	0.701306304116294	0.453281682740549	0.0985273110751976	0.238122356512414	0.349624675223438	0.886133289090884	-0.12212238604473	-0.733041883146393	0.132332649209552	0.0637887382761435	-0.684421152069059	-0.539585966047857	-1.01151138596102	-0.884768412838521	-0.920021353204633	-0.562048923741675
GLY154A	-0.267860046711084	0.453281682740549	-0.156108207158105	0.577809445730839	-0.346562991473346	0.135630937569111	-0.12212238604473	0.424698868807037	-0.165790337877627	0.416398708191492	-0.681575890850697	-0.535099655189326	-0.34498567137081	-0.0341939483222618	-0.443239454017857	-1.05260916858638
PRO153A	-1.23702639753846	-1.01742029876004	-1.30196803920797	-0.780938911142863	-0.859169961346901	-0.701802188260203	-1.61002166091624	-1.31191225912311	-1.35828228622634	-0.994041171469903	-0.684421152069059	-0.539585966047857	-1.01151138596102	-0.884768412838521	-0.920021353204633	-0.562048923741675
ILE162A	1.18588947952998	-0.527186304926509	1.24438714312506	0.0682788119032011	1.49101770329829	0.308192384955725	1.36577688882678	-0.154171507169678	1.62294758464545	-0.112516246681531	1.04265240747632	-0.539585966047857	0.321540043219396	-0.884768412838521	0.510324344355695	-1.05260916858638
VAL173A	1.67047265494367	2.41421765807466	1.37170490224171	2.27624489182297	1.83689437847249	3.45439157605195	1.36577688882678	2.16130999673718	1.72232191367451	2.70836351264126	4.32323859224704	6.02888099760836	2.32111718699001	3.36810390974278	1.94067004191602	1.89075230048186
GLN144A	1.18588947952998	0.453281682740549	1.37170490224171	-0.101564732706012	1.39434960690345	0.0186657238563591	0.37384403891244	0.424698868807037	0.132332649209552	0.0637887382761435	2.02995805024773	1.56847202469212	1.65459147239981	1.66695498071026	1.46388814272925	1.89075230048186
GLY112A	-0.267860046711084	0.453281682740549	0.3531628293085	1.08734007955848	0.260051484986018	0.892658000421606	-0.6180888110019	-0.154171507169678	-0.463913324964807	-0.288821231639205	0.556112739136519	1.4164455682719	0.321540043219396	0.816380516193998	0.987106243542471	1.40019205563716
ARG156A	0.701306304116294	-0.0369523110929798	0.989751624891757	0.238122356512414	-0.688892213568834	-0.598108299069575	0.37384403891244	-0.154171507169678	0.430455636296731	-0.288821231639205	-0.681575890850697	-0.539585966047857	0.988065757809602	-0.884768412838521	1.22549719313586	-1.05260916858638
VAL217A	0.701306304116294	1.43374967040761	1.11706938400841	1.93655780260454	1.36330939246474	1.91932518177384	0.37384403891244	1.00356924478375	0.430455636296731	0.769008678106841	0.962985093362202	2.05798802104191	-0.34498567137081	-0.0341939483222618	0.271933394762307	0.909631810792448
GLU271A	0.216723128702605	-0.0369523110929798	-0.0287904480414538	-0.61109536653365	0.481767302405376	-0.196456842662731	0.37384403891244	0.424698868807037	-0.265164666906687	-0.112516246681531	0.611595332894567	0.0487541147244004	-0.34498567137081	-0.0341939483222618	-0.920021353204633	-0.562048923741675
PRO250A	-0.267860046711084	-0.0369523110929798	-0.410743725391408	-0.101564732706012	-0.201117415246247	0.276422684809837	0.37384403891244	0.424698868807037	0.132332649209552	0.240093723233818	0.164889321611824	0.649679140190591	0.321540043219396	0.816380516193998	0.510324344355695	1.40019205563716
LEU137A	0.701306304116294	0.943515676574078	1.11706938400841	0.577809445730839	1.79609866806733	1.57558552835103	0.869810463869609	1.00356924478375	1.62294758464545	1.12161864802219	-0.684421152069059	-0.539585966047857	-0.34498567137081	-0.0341939483222618	-0.443239454017857	-0.0714886788969675
MET237A	1.18588947952998	0.453281682740549	1.11706938400841	0.577809445730839	2.47366220610089	-0.0296735615140445	1.36577688882678	1.00356924478375	1.42419892658733	1.65053360289521	-0.684421152069059	-0.539585966047857	-0.34498567137081	-0.0341939483222618	-0.204848504424469	0.909631810792448
SER269A	-0.267860046711084	-1.01742029876004	-0.283425966274756	-0.61109536653365	2.18986595980411	2.51173876864191	-0.12212238604473	-0.733041883146393	-0.463913324964807	-0.817736186512229	2.81809540773385	-0.539585966047857	0.988065757809602	-0.884768412838521	-0.204848504424469	-1.05260916858638
CYS124A	0.701306304116294	0.453281682740549	1.11706938400841	1.4270271687769	-0.504424653475929	-0.330171559897046	0.869810463869609	0.424698868807037	0.82795295241297	0.945313663064516	-0.658813801103806	-0.539585966047857	0.321540043219396	-0.884768412838521	0.033542445168919	-1.05260916858638
CYS141A	1.18588947952998	1.43374967040761	1.11706938400841	1.08734007955848	-0.405982830541734	-0.324487353539487	0.37384403891244	1.00356924478375	0.82795295241297	1.29792363297986	-0.28466195088928	-0.539585966047857	-0.34498567137081	-0.884768412838521	-0.204848504424469	-1.05260916858638
HIS233A	-0.752443222124773	-1.01742029876004	-0.283425966274756	-0.950782455752076	-0.682684170681092	-0.634533425989812	-0.6180888110019	-0.733041883146393	-0.364538995935747	-0.817736186512229	-0.401317660842098	-0.435438068706241	0.321540043219396	-0.0341939483222618	0.748715293949083	-0.0714886788969675
THR140A	0.216723128702605	-0.0369523110929798	-0.0287904480414538	-0.271408277315224	-0.443231087868186	-0.330820386753527	-0.12212238604473	-0.154171507169678	-0.662661983022926	-0.641431201554554	0.184806150140354	0.0347812926155528	0.988065757809602	0.816380516193998	0.748715293949083	0.41907156594774
CYS182A	0.216723128702605	0.453281682740549	-0.410743725391408	0.747652990340052	-0.625924921421737	-0.320755627545481	-1.11405523595907	-0.733041883146393	-0.861410641081046	-0.46512621659688	-0.159470457281377	0.184121501150793	0.321540043219396	0.816380516193998	0.033542445168919	0.909631810792448
CYS238A	2.15505583035736	0.943515676574078	2.00829369782497	0.917496534949265	1.52294478100668	0.390777987125212	2.35770973874112	1.00356924478375	3.41168550716852	1.82683858785289	0.994282966764177	0.268182396602046	1.65459147239981	1.66695498071026	1.70227909232264	1.40019205563716
MET246A	2.15505583035736	0.453281682740549	1.62634042047501	0.747652990340052	0.554490090518925	0.502039513145313	2.35770973874112	1.00356924478375	2.61669087493605	1.12161864802219	0.428075984310255	1.18965537345468	2.98764290158022	1.66695498071026	2.89423384028958	0.909631810792448
LEU257A	0.216723128702605	0.453281682740549	0.989751624891757	0.917496534949265	0.722994111757637	0.761272698735706	0.869810463869609	1.00356924478375	1.52357325561639	1.65053360289521	-0.684421152069059	-0.539585966047857	-1.01151138596102	-0.884768412838521	-0.920021353204633	-0.562048923741675
LEU265A	1.67047265494367	0.453281682740549	1.24438714312506	0.238122356512414	-0.644549050084963	-0.420726017999153	1.36577688882678	0.424698868807037	1.62294758464545	0.416398708191492	-0.644587495011999	-0.476777614028415	0.321540043219396	-0.0341939483222618	-0.204848504424469	-0.562048923741675
HIS193A	0.701306304116294	1.43374967040761	0.0985273110751976	0.407965901121627	0.925198937244092	1.73805244048015	0.869810463869609	1.58243962076047	0.529829965325791	0.769008678106841	1.44383423926528	1.37339188318773	0.988065757809602	1.66695498071026	0.987106243542471	2.38131254532657
ASP208A	-0.752443222124773	-0.0369523110929798	-1.04733252097466	-0.61109536653365	-0.859169961346901	-0.701802188260203	-1.61002166091624	-1.31191225912311	-1.35828228622634	-0.994041171469903	-0.684421152069059	-0.539585966047857	-1.01151138596102	-0.884768412838521	-0.920021353204633	-0.562048923741675
GLY187A	-0.752443222124773	-0.0369523110929798	-0.920014761858013	-0.441251821924437	-0.350110444552056	-0.370627602412015	-0.6180888110019	-0.154171507169678	-0.762036312051986	-0.288821231639205	-0.140976259362028	-0.0661809111635454	-0.34498567137081	-0.0341939483222618	-0.443239454017857	-0.562048923741675
LEU188A	0.216723128702605	-0.0369523110929798	-0.538061484508059	-0.101564732706012	0.320358187324083	-0.170139729986068	0.37384403891244	0.424698868807037	-0.265164666906687	0.240093723233818	0.650006359342446	-0.156105646952641	0.988065757809602	-0.0341939483222618	0.510324344355695	-0.562048923741675
ALA189A	0.216723128702605	0.943515676574078	0.225845070191849	0.747652990340052	1.13006435253958	1.27618787836178	-0.12212238604473	0.424698868807037	0.231706978238612	0.592703693149167	0.714024736755578	-0.144124605344838	0.988065757809602	1.66695498071026	1.46388814272925	1.89075230048186
ARG110A	0.701306304116294	0.453281682740549	0.480480588425152	0.577809445730839	0.296412879042792	0.476638647185079	0.869810463869609	1.00356924478375	0.629204294354851	0.945313663064516	0.273009247909558	-0.539585966047857	-0.34498567137081	-0.884768412838521	-0.204848504424469	-1.05260916858638
GLY108A	1.67047265494367	1.92398366424114	0.862433865775106	0.577809445730839	0.695501350397637	0.762521569714186	1.86174331378395	2.16130999673718	1.52357325561639	1.12161864802219	-0.186500438855811	0.245518434195166	-0.34498567137081	-0.0341939483222618	-0.681630403611245	-0.562048923741675
GLN192A	-0.267860046711084	-0.0369523110929798	-0.920014761858013	-0.61109536653365	-0.504424653475929	-0.607732701367188	-0.6180888110019	-0.733041883146393	-0.960784970110105	-0.994041171469903	-0.115368908396775	-0.393944230816696	0.988065757809602	0.816380516193998	0.748715293949083	0.909631810792448
PRO190A	0.216723128702605	-0.0369523110929798	0.225845070191849	0.407965901121627	-0.162982294650117	0.435542108930128	-1.11405523595907	-0.733041883146393	-0.762036312051986	-0.641431201554554	2.70143969778103	2.26727564407548	2.32111718699001	1.66695498071026	2.17906099150941	2.38131254532657
ILE254A	0.701306304116294	0.453281682740549	0.862433865775106	0.407965901121627	-0.437909908250121	-0.0136002249921681	0.37384403891244	1.00356924478375	0.132332649209552	0.240093723233818	-0.10541049413251	-0.539585966047857	0.321540043219396	-0.884768412838521	-0.204848504424469	-1.05260916858638
THR256A	0.701306304116294	0.943515676574078	1.37170490224171	1.25718362416769	-0.484026798273348	-0.201950235991841	-0.12212238604473	-0.154171507169678	-0.0664160088485676	0.0637887382761435	0.4764454250224	1.29082886423302	0.988065757809602	1.66695498071026	1.46388814272925	0.41907156594774
ASN235A	-0.267860046711084	0.453281682740549	-0.410743725391408	-0.441251821924437	-0.344789264933991	-0.0197517772349654	-0.12212238604473	0.424698868807037	-0.563287653993866	-0.46512621659688	-0.18507780824663	0.00270621693258053	-0.34498567137081	-0.0341939483222618	-0.681630403611245	-0.0714886788969675
LYS139A	-0.267860046711084	-1.50765429259357	-0.410743725391408	-1.2904695449705	-0.460968353261735	-0.701802188260203	-0.12212238604473	-1.31191225912311	-0.662661983022926	-1.17034615642758	-0.44684184033588	-0.539585966047857	-0.34498567137081	-0.884768412838521	-0.443239454017857	-1.05260916858638
ILE195A	-0.267860046711084	-0.0369523110929798	0.607798347541803	0.577809445730839	0.22457695419892	0.0313140084000615	0.37384403891244	0.424698868807037	0.529829965325791	0.769008678106841	0.159198799175102	-0.539585966047857	-0.34498567137081	-0.884768412838521	-0.204848504424469	-1.05260916858638
VAL216A	1.18588947952998	1.92398366424114	0.989751624891757	1.76671425799533	0.706143709633766	1.78804007253162	0.869810463869609	1.58243962076047	1.02670161047109	1.47422861793754	1.81656345887063	3.33995134886731	1.65459147239981	2.51752944522652	1.46388814272925	1.40019205563716
ARG282A	0.701306304116294	0.943515676574078	0.607798347541803	0.747652990340052	1.82359142942733	2.06674015469427	0.869810463869609	1.00356924478375	0.72857862338391	0.945313663064516	1.32291063748492	0.548030405936777	0.321540043219396	0.816380516193998	0.510324344355695	2.38131254532657
PHE134A	0.701306304116294	0.453281682740549	0.735116106658454	0.238122356512414	-0.692439666647544	-0.429419095429907	0.37384403891244	0.424698868807037	0.231706978238612	0.769008678106841	-0.684421152069059	-0.539585966047857	0.321540043219396	-0.884768412838521	0.510324344355695	-1.05260916858638
ARG158A	1.67047265494367	0.943515676574078	1.24438714312506	0.238122356512414	1.13006435253958	1.35972762524724	0.869810463869609	1.00356924478375	0.331081307267671	0.240093723233818	1.31864274565738	1.24780963165898	2.98764290158022	1.66695498071026	3.13262478988296	0.909631810792448
GLU258A	0.216723128702605	-0.527186304926509	1.37170490224171	0.0682788119032011	0.727428428106024	-0.238450741266277	0.37384403891244	-0.733041883146393	0.72857862338391	-0.46512621659688	0.65711951238835	0.177791272745988	-0.34498567137081	-0.0341939483222618	0.271933394762307	0.41907156594774
LYS164A	-0.752443222124773	-1.01742029876004	-0.792697002741362	-0.950782455752076	-0.463628943070767	-0.391038017693682	-0.12212238604473	-0.733041883146393	-0.364538995935747	-0.641431201554554	-0.684421152069059	-0.539585966047857	-1.01151138596102	-0.884768412838521	-0.920021353204633	-0.562048923741675
PRO152A	-0.267860046711084	-0.0369523110929798	-0.283425966274756	0.238122356512414	-0.367847709945604	0.0205108078434435	-0.12212238604473	0.424698868807037	0.231706978238612	0.945313663064516	0.0638825483599941	0.563350834225012	0.321540043219396	0.816380516193998	0.033542445168919	0.41907156594774
LEU194A	0.701306304116294	1.43374967040761	1.49902266135836	2.44608843643218	-0.612621972376575	-0.371315723137616	1.36577688882678	2.16130999673718	2.21919355881981	3.41358345247196	-0.655968539885444	-0.51467975986456	-0.34498567137081	-0.0341939483222618	0.271933394762307	0.41907156594774
LEU252A	-0.267860046711084	0.453281682740549	-0.0287904480414538	0.577809445730839	-0.416625189777863	-0.122988115995824	-0.12212238604473	0.424698868807037	-0.364538995935747	-0.112516246681531	-0.401317660842098	-0.316392000835912	-0.34498567137081	-0.0341939483222618	-0.920021353204633	-0.562048923741675
GLY262A	0.216723128702605	0.943515676574078	-0.66537924362471	-0.271408277315224	-0.10001500250302	0.538410191860719	-0.12212238604473	0.424698868807037	-0.364538995935747	-0.46512621659688	-0.684421152069059	-0.539585966047857	-1.01151138596102	-0.884768412838521	-0.920021353204633	-0.562048923741675
HIS214A	-0.267860046711084	-0.0369523110929798	-0.66537924362471	0.0682788119032011	0.95003110879506	0.96655366605884	0.37384403891244	0.424698868807037	-0.463913324964807	0.0637887382761435	0.883317779248082	0.618898193613982	0.321540043219396	0.816380516193998	0.271933394762307	1.40019205563716
PRO98A	1.18588947952998	0.943515676574078	0.607798347541803	0.238122356512414	0.26625952787376	0.37079818579482	0.37384403891244	0.424698868807037	0.629204294354851	0.592703693149167	-0.684421152069059	-0.539585966047857	-1.01151138596102	-0.884768412838521	-0.920021353204633	-0.562048923741675
VAL97A	1.18588947952998	1.92398366424114	0.480480588425152	0.747652990340052	-0.274727066629474	0.0919057360997598	0.37384403891244	1.00356924478375	0.629204294354851	0.945313663064516	-0.187923069464991	0.2432752787659	-0.34498567137081	-0.0341939483222618	-0.443239454017857	-1.05260916858638
ASP207A	-0.752443222124773	-0.0369523110929798	-0.792697002741362	0.238122356512414	-0.688892213568834	-0.673479030485496	-0.6180888110019	-0.154171507169678	-0.563287653993866	0.240093723233818	-0.411276075106363	-0.4957350428444	0.321540043219396	0.816380516193998	0.033542445168919	1.40019205563716
LEU206A	-0.267860046711084	-0.527186304926509	-0.0287904480414538	-0.271408277315224	-0.688892213568834	-0.676414363090526	-0.12212238604473	-0.733041883146393	-0.0664160088485676	-0.46512621659688	-0.611866991000843	-0.500279629491963	0.321540043219396	0.816380516193998	0.748715293949083	1.40019205563716
PRO219A	-1.23702639753846	-0.527186304926509	-1.04733252097466	-0.101564732706012	-0.311975323955926	-0.222696140424695	-1.11405523595907	-0.733041883146393	-1.25890795719728	-0.817736186512229	1.28449961103704	1.66340238506028	0.321540043219396	0.816380516193998	0.033542445168919	1.40019205563716
VAL218A	1.18588947952998	1.92398366424114	0.989751624891757	2.10640134721375	0.480880439135698	0.765154939324349	0.869810463869609	1.58243962076047	1.02670161047109	1.82683858785289	0.463641749539773	-0.23544192051283	0.988065757809602	1.66695498071026	1.22549719313586	2.38131254532657
ARG174A	-0.752443222124773	-0.527186304926509	-0.156108207158105	-0.271408277315224	-0.0272922143894703	-0.262879408040713	-1.11405523595907	-0.733041883146393	-1.06015929913917	-0.641431201554554	-0.684421152069059	-0.539585966047857	-0.34498567137081	-0.884768412838521	0.033542445168919	-1.05260916858638
ASN200A	-0.267860046711084	-1.01742029876004	-0.0287904480414538	-0.271408277315224	-0.401548514193347	-0.45557425102698	-0.12212238604473	-0.733041883146393	0.0329583201804921	-0.288821231639205	-0.684421152069059	-0.539585966047857	-1.01151138596102	-0.884768412838521	-0.920021353204633	-0.562048923741675
VAL197A	2.63963900577105	2.41421765807466	1.75365817959166	2.27624489182297	0.807246122376993	1.14837445825197	2.35770973874112	2.16130999673718	1.92107057173263	1.29792363297986	2.28034103746354	3.03376063277253	2.32111718699001	2.51752944522652	1.70227909232264	0.909631810792448
TYR103A	0.701306304116294	-0.527186304926509	0.735116106658454	-0.441251821924437	-0.35543162417012	-0.456947173960629	0.869810463869609	-0.154171507169678	0.82795295241297	-0.46512621659688	-0.453954993381784	-0.539585966047857	-0.34498567137081	-0.884768412838521	-0.681630403611245	-1.05260916858638
LEU130A	0.701306304116294	0.943515676574078	-0.410743725391408	0.0682788119032011	-0.128394627132698	-0.0408641153326275	0.869810463869609	1.58243962076047	0.331081307267671	1.12161864802219	-0.684421152069059	-0.539585966047857	-1.01151138596102	-0.884768412838521	-0.920021353204633	-0.562048923741675
SER127A	0.216723128702605	0.453281682740549	-0.538061484508059	0.238122356512414	-0.149679345604956	-0.233243030296235	0.869810463869609	1.00356924478375	0.231706978238612	0.416398708191492	-0.684421152069059	-0.539585966047857	-1.01151138596102	-0.884768412838521	-0.920021353204633	-0.562048923741675
GLN100A	1.18588947952998	0.453281682740549	0.862433865775106	0.577809445730839	2.28209973985056	0.0659375731130878	0.37384403891244	-0.154171507169678	0.132332649209552	-0.288821231639205	-0.401317660842098	-0.316392000835912	-0.34498567137081	-0.0341939483222618	-0.920021353204633	-0.562048923741675
TYR236A	1.18588947952998	-0.0369523110929798	1.88097593870832	0.407965901121627	2.73794746046476	0.210940907067704	1.86174331378395	0.424698868807037	2.21919355881981	0.416398708191492	-0.684421152069059	-0.539585966047857	-1.01151138596102	-0.884768412838521	-0.920021353204633	-0.562048923741675
GLU204A	-0.267860046711084	-1.01742029876004	-0.0287904480414538	-0.950782455752076	-0.688892213568834	-0.701423182301903	0.37384403891244	-0.733041883146393	0.331081307267671	-0.817736186512229	-0.684421152069059	-0.539585966047857	-1.01151138596102	-0.884768412838521	-0.920021353204633	-0.562048923741675
ALA276A	-0.267860046711084	-0.527186304926509	-0.156108207158105	-0.101564732706012	-0.698647709535286	-0.701802188260203	-0.6180888110019	-1.31191225912311	-0.364538995935747	-1.17034615642758	-0.42692501180735	-0.539585966047857	-0.34498567137081	-0.884768412838521	-0.204848504424469	-1.05260916858638
GLN136A	0.216723128702605	0.453281682740549	0.225845070191849	0.238122356512414	1.24092226124926	0.159155975829739	0.869810463869609	1.00356924478375	0.529829965325791	0.416398708191492	1.25177910702589	0.793380175482196	1.65459147239981	2.51752944522652	0.510324344355695	1.40019205563716
ARG181A	-1.72160957295215	-1.01742029876004	-1.55660355744127	-0.780938911142863	-0.859169961346901	-0.701802188260203	-1.61002166091624	-1.31191225912311	-1.35828228622634	-0.994041171469903	-0.684421152069059	-0.539585966047857	-1.01151138596102	-0.884768412838521	-0.920021353204633	-0.562048923741675
PRO177A	-0.267860046711084	-0.0369523110929798	-1.04733252097466	-0.271408277315224	-0.0663141982552773	0.237822594704889	-0.6180888110019	-0.154171507169678	-0.662661983022926	0.0637887382761435	-0.684421152069059	-0.539585966047857	-1.01151138596102	-0.884768412838521	-0.920021353204633	-0.562048923741675
ILE232A	-0.267860046711084	-0.527186304926509	0.480480588425152	0.238122356512414	-0.522161918869477	-0.672825263491023	-0.12212238604473	-0.733041883146393	0.331081307267671	-0.288821231639205	-0.24482829383222	-0.494722857462542	0.321540043219396	-0.0341939483222618	0.748715293949083	0.41907156594774
THR125A	0.701306304116294	1.43374967040761	0.862433865775106	1.76671425799533	-0.186927602931408	-0.12527756603142	0.37384403891244	1.00356924478375	0.132332649209552	1.29792363297986	0.393932849689918	0.353010019730019	2.32111718699001	3.36810390974278	0.987106243542471	1.40019205563716
CYS275A	0.701306304116294	0.943515676574078	0.3531628293085	1.25718362416769	-0.568278808892704	-0.411566357395605	0.37384403891244	1.00356924478375	0.430455636296731	1.82683858785289	-0.38566872414111	-0.286329915730221	0.321540043219396	0.816380516193998	0.748715293949083	0.909631810792448
VAL274A	2.63963900577105	2.90445165190819	2.13561145694162	2.95561907025982	4.22610402698349	7.2156590344975	2.35770973874112	2.7401803727139	2.61669087493605	3.06097348255661	-0.233447248958774	-0.259062252573474	0.988065757809602	0.816380516193998	0.987106243542471	0.909631810792448
PRO151A	0.216723128702605	0.453281682740549	-0.156108207158105	0.238122356512414	0.770884728320218	1.02899263344403	0.869810463869609	1.00356924478375	0.430455636296731	0.592703693149167	1.60032360627516	1.78220583359598	0.988065757809602	0.816380516193998	1.46388814272925	1.40019205563716
TYR220A	0.701306304116294	-0.527186304926509	1.49902266135836	-0.61109536653365	1.02630134998732	-0.677896225325629	0.869810463869609	-0.733041883146393	1.32482459755827	-0.817736186512229	2.35147256792257	-0.484628658030846	2.98764290158022	0.816380516193998	2.65584289069619	-0.0714886788969675
CYS277A	0.216723128702605	-0.0369523110929798	-0.283425966274756	-0.950782455752076	-0.576260578319801	-0.651327176002705	-0.12212238604473	-0.154171507169678	-0.563287653993866	-0.994041171469903	-0.684421152069059	-0.539585966047857	-1.01151138596102	-0.884768412838521	-0.920021353204633	-0.562048923741675
PRO278A	1.18588947952998	1.92398366424114	0.989751624891757	2.44608843643218	0.581095988609248	1.07360287136107	1.36577688882678	2.16130999673718	1.02670161047109	2.17944855776824	0.742477348939192	1.35759171056481	0.321540043219396	0.816380516193998	0.271933394762307	1.40019205563716
VAL122A	1.18588947952998	1.92398366424114	1.24438714312506	2.78577552565061	-0.0210841715017283	0.272758980167705	0.869810463869609	1.58243962076047	0.529829965325791	1.82683858785289	-0.32591823855552	-0.163748973241973	0.321540043219396	0.816380516193998	0.510324344355695	1.40019205563716
GLN104A	-0.752443222124773	-1.01742029876004	-0.410743725391408	-0.61109536653365	-0.722593017816577	-0.701802188260203	-0.6180888110019	-0.733041883146393	-0.265164666906687	-0.46512621659688	-0.684421152069059	-0.539585966047857	-1.01151138596102	-0.884768412838521	-0.920021353204633	-0.562048923741675
ALA161A	0.701306304116294	1.43374967040761	0.862433865775106	1.4270271687769	-0.445891677677218	-0.383234345091668	0.37384403891244	1.00356924478375	0.629204294354851	2.17944855776824	-0.490943389220482	-0.234516827667711	0.321540043219396	0.816380516193998	0.033542445168919	-0.562048923741675
ASN131A	-0.752443222124773	-0.527186304926509	-0.283425966274756	-0.780938911142863	2.54815872075379	2.366854144796	-0.12212238604473	-0.154171507169678	-0.0664160088485676	-0.641431201554554	2.32871047817568	4.21141723313706	0.321540043219396	0.816380516193998	0.271933394762307	-1.05260916858638
PHE270A	1.67047265494367	-0.527186304926509	1.75365817959166	-0.271408277315224	3.29578445709187	0.224322183661699	1.86174331378395	-0.154171507169678	1.92107057173263	0.0637887382761435	3.67309640385145	-0.539585966047857	0.988065757809602	-0.884768412838521	1.46388814272925	-1.05260916858638
GLY244A	-0.752443222124773	-0.0369523110929798	-1.04733252097466	-0.271408277315224	-0.520388192330122	-0.48683319490773	-0.6180888110019	-0.154171507169678	-0.861410641081046	-0.112516246681531	-0.684421152069059	-0.539585966047857	-1.01151138596102	-0.884768412838521	-0.920021353204633	-0.562048923741675
GLY245A	0.701306304116294	1.43374967040761	0.607798347541803	1.08734007955848	0.114605908758919	0.442677336866853	0.37384403891244	1.00356924478375	0.430455636296731	1.47422861793754	-0.684421152069059	-0.539585966047857	-1.01151138596102	-0.884768412838521	-0.920021353204633	-0.562048923741675
VAL272A	1.67047265494367	1.92398366424114	2.13561145694162	2.10640134721375	-0.179832696773989	0.174909487574155	0.37384403891244	0.424698868807037	0.72857862338391	0.769008678106841	-0.0826484043856189	0.409268780531567	-0.34498567137081	-0.0341939483222618	0.033542445168919	-0.0714886788969675
THR253A	0.701306304116294	1.43374967040761	1.37170490224171	1.08734007955848	1.40765255594861	1.18415432200148	0.37384403891244	1.00356924478375	0.72857862338391	0.769008678106841	-0.684421152069059	-0.539585966047857	-0.34498567137081	-0.0341939483222618	-0.681630403611245	-1.05260916858638
LYS132A	-0.752443222124773	-0.527186304926509	-0.538061484508059	-0.780938911142863	0.400175881595052	0.768817058253635	-0.6180888110019	-0.154171507169678	-0.762036312051986	-0.288821231639205	0.611595332894567	0.91558854924101	-0.34498567137081	-0.0341939483222618	-0.920021353204633	-0.562048923741675
ALA138A	-0.752443222124773	-0.0369523110929798	-0.283425966274756	-0.101564732706012	-0.738556556670771	-0.553026974273608	-0.6180888110019	-0.154171507169678	-0.563287653993866	-0.46512621659688	-0.684421152069059	-0.539585966047857	-1.01151138596102	-0.884768412838521	-0.920021353204633	-0.562048923741675
GLU198A	-0.267860046711084	-0.527186304926509	-0.156108207158105	-0.441251821924437	-0.23127076641528	-0.302263458918996	-0.12212238604473	-0.154171507169678	-0.662661983022926	-0.288821231639205	0.199032456232161	0.0789941469646176	0.321540043219396	0.816380516193998	-0.204848504424469	0.41907156594774
SER260A	-0.752443222124773	-1.01742029876004	-1.04733252097466	-1.2904695449705	-0.677362991063028	-0.701802188260203	-1.11405523595907	-1.31191225912311	-1.15953362816822	-1.17034615642758	-0.684421152069059	-0.539585966047857	-1.01151138596102	-0.884768412838521	-0.920021353204633	-0.562048923741675
SER96A	-0.752443222124773	-1.01742029876004	-0.410743725391408	-0.271408277315224	-0.692439666647544	-0.701802188260203	-1.11405523595907	-1.31191225912311	-0.563287653993866	-1.17034615642758	-0.684421152069059	-0.539585966047857	-1.01151138596102	-0.884768412838521	-0.920021353204633	-0.562048923741675
PHE113A	0.701306304116294	-0.0369523110929798	0.862433865775106	0.407965901121627	0.150080439546016	0.577529040299113	0.37384403891244	-0.154171507169678	0.231706978238612	-0.641431201554554	2.36000835157766	1.79071350536688	2.32111718699001	1.66695498071026	1.70227909232264	0.909631810792448
VAL172A	0.216723128702605	0.943515676574078	0.607798347541803	1.76671425799533	0.0578466594995631	0.796304822306425	-0.12212238604473	0.424698868807037	-0.165790337877627	0.240093723233818	0.578874828883411	0.787854181311471	-0.34498567137081	-0.0341939483222618	0.033542445168919	1.40019205563716
SER261A	-0.267860046711084	-1.50765429259357	-1.04733252097466	-1.2904695449705	-0.859169961346901	-0.701802188260203	-1.11405523595907	-1.31191225912311	-1.06015929913917	-1.17034615642758	-0.684421152069059	-0.539585966047857	-1.01151138596102	-0.884768412838521	-0.920021353204633	-0.562048923741675
PHE109A	0.701306304116294	-0.527186304926509	1.49902266135836	0.0682788119032011	0.879082047220865	0.129111129496045	1.36577688882678	-0.154171507169678	1.72232191367451	0.416398708191492	0.237443482680041	0.128874351873345	0.321540043219396	-0.0341939483222618	-0.204848504424469	-1.05260916858638
LEU201A	-1.72160957295215	-1.01742029876004	-1.42928579832462	-0.950782455752076	-0.688892213568834	-0.562712949368137	-1.11405523595907	-0.733041883146393	-1.06015929913917	-0.641431201554554	-0.684421152069059	-0.539585966047857	-1.01151138596102	-0.884768412838521	-0.920021353204633	-0.562048923741675
SER183A	-1.72160957295215	-1.50765429259357	-1.55660355744127	-1.2904695449705	-0.859169961346901	-0.701802188260203	-1.61002166091624	-1.31191225912311	-1.35828228622634	-0.994041171469903	-0.411276075106363	-0.539585966047857	-0.34498567137081	-0.884768412838521	-0.681630403611245	-1.05260916858638
ASP186A	0.216723128702605	-0.0369523110929798	-0.283425966274756	0.0682788119032011	0.29020483615505	1.05361154864204	0.37384403891244	-0.154171507169678	0.132332649209552	-0.112516246681531	1.15930811742914	2.17820820010746	0.988065757809602	0.816380516193998	0.987106243542471	0.909631810792448
SER215A	0.216723128702605	-0.527186304926509	0.3531628293085	-0.271408277315224	-0.39001929168754	-0.497735065262197	0.37384403891244	-0.154171507169678	0.0329583201804921	-0.288821231639205	-0.0826484043856189	-0.223641966790567	0.988065757809602	-0.0341939483222618	1.94067004191602	0.41907156594774
ASN263A	-0.267860046711084	-0.527186304926509	-0.920014761858013	-0.780938911142863	-0.628585511230769	-0.683460717710029	0.37384403891244	-0.154171507169678	-0.662661983022926	-0.994041171469903	-0.684421152069059	-0.539585966047857	-1.01151138596102	-0.884768412838521	-0.920021353204633	-0.562048923741675
ASP259A	-0.267860046711084	0.453281682740549	-1.04733252097466	-0.61109536653365	-0.828129746908191	-0.669434040464311	-1.11405523595907	-0.733041883146393	-1.06015929913917	-0.817736186512229	-0.684421152069059	-0.539585966047857	-1.01151138596102	-0.884768412838521	-0.920021353204633	-0.562048923741675
ALA159A	-0.267860046711084	0.453281682740549	0.0985273110751976	0.407965901121627	-0.606413929488833	-0.330173128095464	-0.6180888110019	-0.154171507169678	-0.563287653993866	-0.112516246681531	-0.397049769014556	-0.150398499070244	0.988065757809602	1.66695498071026	1.94067004191602	2.87187279017128
TYR234A	0.216723128702605	-1.01742029876004	1.11706938400841	-0.950782455752076	1.19125791814732	-0.563119129586603	0.37384403891244	-0.733041883146393	0.430455636296731	-0.641431201554554	0.591678504366037	-0.539585966047857	-0.34498567137081	-0.884768412838521	0.033542445168919	-1.05260916858638
HIS115A	-1.23702639753846	-1.01742029876004	-0.920014761858013	-0.780938911142863	-0.770483634379158	-0.556917564414301	-1.11405523595907	-0.733041883146393	-1.06015929913917	-0.817736186512229	-0.684421152069059	-0.539585966047857	-1.01151138596102	-0.884768412838521	-0.920021353204633	-0.562048923741675
THR123A	-0.267860046711084	-0.0369523110929798	-0.0287904480414538	-0.101564732706012	-0.581581757937865	-0.341039474883907	-0.12212238604473	0.424698868807037	-0.165790337877627	0.0637887382761435	-0.239137771395497	0.0189597358393218	0.988065757809602	1.66695498071026	0.510324344355695	0.909631810792448
SER185A	-0.752443222124773	-0.527186304926509	-0.920014761858013	-0.61109536653365	-0.688892213568834	-0.44902762876908	-0.12212238604473	-0.154171507169678	-0.463913324964807	-0.46512621659688	-0.684421152069059	-0.539585966047857	-1.01151138596102	-0.884768412838521	-0.920021353204633	-0.562048923741675
ASP228A	-0.752443222124773	-1.50765429259357	-0.66537924362471	-1.2904695449705	-0.688892213568834	-0.701802188260203	-0.12212238604473	-1.31191225912311	-0.0664160088485676	-1.17034615642758	-0.4454192097267	-0.539585966047857	-0.34498567137081	-0.884768412838521	-0.204848504424469	-1.05260916858638
TYR107A	0.701306304116294	-1.01742029876004	0.3531628293085	-0.950782455752076	-0.698647709535286	-0.65209208473711	0.37384403891244	-0.733041883146393	0.132332649209552	-0.641431201554554	-0.455377623990965	-0.462623010526926	0.321540043219396	-0.0341939483222618	-0.204848504424469	-0.0714886788969675
GLY266A	0.701306304116294	1.43374967040761	0.735116106658454	1.25718362416769	-0.228610176606247	0.328327487284161	0.37384403891244	1.00356924478375	0.430455636296731	0.592703693149167	-0.684421152069059	-0.539585966047857	-1.01151138596102	-0.884768412838521	-0.920021353204633	-0.562048923741675
SER116A	-0.267860046711084	-0.527186304926509	-0.66537924362471	-0.780938911142863	-0.570052535432059	-0.701802188260203	-1.11405523595907	-1.31191225912311	-0.960784970110105	-1.17034615642758	-0.684421152069059	-0.539585966047857	-1.01151138596102	-0.884768412838521	-0.920021353204633	-0.562048923741675
VAL143A	0.701306304116294	1.43374967040761	1.11706938400841	1.4270271687769	-0.180719560043666	0.19648247958439	0.37384403891244	1.00356924478375	0.529829965325791	1.29792363297986	0.23602085207086	0.63134116802888	0.988065757809602	1.66695498071026	1.70227909232264	3.85299327986069
VAL157A	1.67047265494367	1.43374967040761	2.13561145694162	1.93655780260454	2.23953030290605	1.91698738775448	1.36577688882678	1.00356924478375	1.42419892658733	1.12161864802219	2.78252964250433	2.32940982798307	2.98764290158022	2.51752944522652	4.08618858825652	1.40019205563716
GLU285A	-0.267860046711084	-0.527186304926509	-0.410743725391408	-0.61109536653365	-0.166529747728827	-0.495066574550059	-0.12212238604473	-0.154171507169678	-0.364538995935747	-0.288821231639205	-0.684421152069059	-0.539585966047857	-1.01151138596102	-0.884768412838521	-0.920021353204633	-0.562048923741675
THR284A	-1.23702639753846	-0.527186304926509	-1.17465028009132	-0.61109536653365	-0.859169961346901	-0.701802188260203	-1.61002166091624	-1.31191225912311	-1.35828228622634	-0.994041171469903	-0.657391170494625	-0.496966012891807	-0.34498567137081	-0.0341939483222618	-0.920021353204633	-1.05260916858638
ALA129A	-0.267860046711084	-0.0369523110929798	-0.792697002741362	-0.101564732706012	-0.858283098077224	-0.701077765140974	-0.6180888110019	-0.733041883146393	-0.662661983022926	-0.641431201554554	-0.684421152069059	-0.539585966047857	-1.01151138596102	-0.884768412838521	-0.920021353204633	-0.562048923741675
CYS135A	1.18588947952998	0.943515676574078	2.00829369782497	2.10640134721375	-0.307541007607539	-0.465539733320633	1.36577688882678	1.00356924478375	1.92107057173263	1.82683858785289	-0.480984974956217	-0.539585966047857	0.321540043219396	-0.0341939483222618	-0.204848504424469	-1.05260916858638
PRO223A	0.216723128702605	-0.0369523110929798	-0.66537924362471	-0.61109536653365	-0.057445565558503	0.22545940435357	0.37384403891244	-0.154171507169678	0.132332649209552	-0.641431201554554	-0.684421152069059	-0.539585966047857	-1.01151138596102	-0.884768412838521	-0.920021353204633	-0.562048923741675
SER149A	-0.752443222124773	-1.01742029876004	-0.538061484508059	-1.12062600036129	-0.805958165166256	-0.672825263491023	-0.6180888110019	-0.733041883146393	-0.563287653993866	-0.994041171469903	-0.684421152069059	-0.539585966047857	-1.01151138596102	-0.884768412838521	-0.920021353204633	-0.562048923741675
ALA119A	-0.267860046711084	-0.527186304926509	0.0985273110751976	-0.780938911142863	-0.688892213568834	-0.533736024598957	-0.6180888110019	-0.733041883146393	-0.563287653993866	-0.641431201554554	-0.684421152069059	-0.539585966047857	-1.01151138596102	-0.884768412838521	-0.920021353204633	-0.562048923741675
LYS120A	-0.267860046711084	-1.50765429259357	-0.538061484508059	-1.2904695449705	-0.688892213568834	-0.701802188260203	-0.6180888110019	-1.31191225912311	-0.762036312051986	-1.17034615642758	-0.684421152069059	-0.539585966047857	-1.01151138596102	-0.884768412838521	-0.920021353204633	-0.562048923741675
HIS178A	-0.752443222124773	-1.50765429259357	-0.538061484508059	-1.2904695449705	-0.859169961346901	-0.701802188260203	-1.11405523595907	-1.31191225912311	-0.861410641081046	-1.17034615642758	-0.684421152069059	-0.539585966047857	-1.01151138596102	-0.884768412838521	-0.920021353204633	-0.562048923741675
GLN167A	-1.23702639753846	-1.50765429259357	-1.55660355744127	-1.2904695449705	-0.859169961346901	-0.701802188260203	-1.61002166091624	-1.31191225912311	-1.35828228622634	-0.994041171469903	-0.684421152069059	-0.539585966047857	-1.01151138596102	-0.884768412838521	-0.920021353204633	-0.562048923741675
HIS168A	-0.752443222124773	-0.527186304926509	-0.920014761858013	-0.61109536653365	-0.499103473857864	-0.423556733271432	-1.11405523595907	-0.733041883146393	-0.762036312051986	-0.288821231639205	-0.106833124741691	-0.108796427131411	-0.34498567137081	-0.0341939483222618	0.033542445168919	0.41907156594774
ARG280A	-0.267860046711084	-0.527186304926509	-0.410743725391408	-0.61109536653365	-0.735009103592061	-0.549438727133438	-1.11405523595907	-0.733041883146393	-1.15953362816822	-0.817736186512229	-0.657391170494625	-0.539585966047857	-0.34498567137081	-0.884768412838521	-0.920021353204633	-1.05260916858638
PRO222A	-0.267860046711084	-1.01742029876004	-0.283425966274756	-1.12062600036129	-0.859169961346901	-0.701802188260203	-1.11405523595907	-1.31191225912311	-1.06015929913917	-1.17034615642758	-0.0954520798682453	0.371135138234049	0.321540043219396	-0.0341939483222618	0.987106243542471	-0.562048923741675
LEU145A	0.701306304116294	1.43374967040761	1.62634042047501	2.27624489182297	0.540300278204086	0.503637882137702	0.869810463869609	1.58243962076047	1.12607593950015	1.29792363297986	-0.684421152069059	-0.539585966047857	-0.34498567137081	-0.0341939483222618	0.271933394762307	-0.0714886788969675
ARG267A	0.701306304116294	-0.0369523110929798	0.3531628293085	-0.61109536653365	-0.2933511952927	-0.317137957435271	0.869810463869609	0.424698868807037	-0.0664160088485676	-0.641431201554554	-0.502324434093928	-0.309669417208022	-0.34498567137081	-0.0341939483222618	-0.681630403611245	-0.0714886788969675
LYS101A	-1.23702639753846	-1.50765429259357	-0.920014761858013	-1.2904695449705	-0.727914197434641	-0.701802188260203	-1.11405523595907	-1.31191225912311	-0.960784970110105	-1.17034615642758	-0.621825405265107	-0.539585966047857	-0.34498567137081	-0.884768412838521	-0.681630403611245	-1.05260916858638
THR155A	1.67047265494367	1.92398366424114	1.49902266135836	1.4270271687769	0.0702627452750472	-0.0161074961240748	2.35770973874112	2.7401803727139	2.02044490076169	2.00314357281056	-0.335876652819785	-0.140430229992307	0.988065757809602	1.66695498071026	1.70227909232264	0.909631810792448
SER95A	-0.267860046711084	-0.527186304926509	-0.283425966274756	-0.61109536653365	-0.554088996577865	-0.2033990822303	0.37384403891244	-0.154171507169678	0.331081307267671	-0.994041171469903	-0.684421152069059	-0.539585966047857	-1.01151138596102	-0.884768412838521	-0.920021353204633	-0.562048923741675
THR150A	-1.72160957295215	-1.01742029876004	-1.42928579832462	-0.780938911142863	-0.688892213568834	-0.596827487862247	-1.11405523595907	-0.733041883146393	-0.960784970110105	-0.46512621659688	-0.684421152069059	-0.539585966047857	-1.01151138596102	-0.884768412838521	-0.920021353204633	-0.562048923741675
ILE251A	0.701306304116294	0.453281682740549	1.24438714312506	1.76671425799533	-0.695100256456576	-0.538806986433563	0.869810463869609	1.00356924478375	1.32482459755827	1.82683858785289	-0.684421152069059	-0.539585966047857	-0.34498567137081	-0.0341939483222618	0.271933394762307	0.41907156594774
ARG283A	-1.23702639753846	-1.01742029876004	-0.66537924362471	-0.950782455752076	-0.739443419940448	-0.592466437681983	-1.11405523595907	-0.733041883146393	-0.960784970110105	-0.641431201554554	-0.411276075106363	-0.370308456804891	0.321540043219396	-0.0341939483222618	-0.443239454017857	-0.0714886788969675
ILE255A	1.18588947952998	-0.0369523110929798	1.62634042047501	-0.101564732706012	0.500391431068602	0.725717536840399	0.869810463869609	0.424698868807037	1.22545026852921	0.0637887382761435	0.540463802435531	-0.539585966047857	0.988065757809602	-0.884768412838521	1.46388814272925	-1.05260916858638
SER99A	-0.267860046711084	-0.0369523110929798	-0.156108207158105	-0.271408277315224	-0.74565146282819	-0.664852163693561	-0.6180888110019	-0.733041883146393	-0.563287653993866	-0.641431201554554	-0.439728687289977	-0.383679781053979	0.321540043219396	0.816380516193998	-0.681630403611245	-0.562048923741675
GLY199A	-1.23702639753846	-0.527186304926509	-1.30196803920797	-0.780938911142863	-0.628585511230769	-0.325102166260858	-0.6180888110019	-0.154171507169678	-0.861410641081046	-0.641431201554554	-0.684421152069059	-0.539585966047857	-1.01151138596102	-0.884768412838521	-0.920021353204633	-0.562048923741675
ASN210A	-0.752443222124773	-1.01742029876004	-1.04733252097466	-1.2904695449705	-0.859169961346901	-0.701802188260203	-1.61002166091624	-1.31191225912311	-1.35828228622634	-0.994041171469903	-0.684421152069059	-0.539585966047857	-1.01151138596102	-0.884768412838521	-0.920021353204633	-0.562048923741675
GLU286A	-0.267860046711084	-0.527186304926509	-0.538061484508059	-0.101564732706012	-0.852961918459159	-0.696031821064124	-0.12212238604473	-0.733041883146393	-0.165790337877627	-0.46512621659688	-0.684421152069059	-0.539585966047857	-1.01151138596102	-0.884768412838521	-0.920021353204633	-0.562048923741675
VAL147A	0.701306304116294	0.453281682740549	0.3531628293085	-0.271408277315224	-0.573599988510768	-0.302645049564743	0.37384403891244	-0.154171507169678	0.82795295241297	-0.641431201554554	-0.637474341966095	-0.502573901464972	-0.34498567137081	-0.0341939483222618	0.271933394762307	-0.0714886788969675
LEU264A	-0.267860046711084	-1.01742029876004	-0.156108207158105	-0.950782455752076	-0.663173178748189	-0.626462183860334	-0.12212238604473	-0.733041883146393	-0.265164666906687	-0.817736186512229	-0.684421152069059	-0.539585966047857	-1.01151138596102	-0.884768412838521	-0.920021353204633	-0.562048923741675
PRO191A	-0.752443222124773	-0.527186304926509	-0.410743725391408	-0.441251821924437	0.123474541455693	-0.701802188260203	-1.11405523595907	-1.31191225912311	-0.861410641081046	-1.17034615642758	0.655696881779169	1.57346644832051	-0.34498567137081	-0.0341939483222618	0.033542445168919	0.41907156594774
GLY117A	-0.752443222124773	-0.0369523110929798	-0.66537924362471	0.0682788119032011	-0.700421436074641	-0.549157929777426	-0.6180888110019	-0.154171507169678	-0.563287653993866	0.0637887382761435	-0.593372793081493	-0.461443271170327	-0.34498567137081	-0.0341939483222618	0.033542445168919	1.40019205563716
SER240A	-0.752443222124773	-0.527186304926509	0.225845070191849	0.407965901121627	-0.642775323545608	-0.435214480383743	-0.12212238604473	-0.154171507169678	0.430455636296731	0.416398708191492	-0.422657119979808	-0.126845367062954	0.321540043219396	0.816380516193998	0.748715293949083	0.909631810792448
MET169A	-0.267860046711084	-1.01742029876004	-0.410743725391408	-1.12062600036129	-0.549654680229478	-0.701802188260203	-0.6180888110019	-1.31191225912311	-0.165790337877627	-1.17034615642758	-0.187923069464991	-0.539585966047857	0.988065757809602	-0.884768412838521	-0.443239454017857	-1.05260916858638
ASP148A	-0.752443222124773	-0.527186304926509	-0.538061484508059	-0.101564732706012	-0.688892213568834	-0.635224315761505	-0.6180888110019	-0.154171507169678	-0.265164666906687	0.592703693149167	-0.684421152069059	-0.539585966047857	-1.01151138596102	-0.884768412838521	-0.920021353204633	-0.562048923741675
ASN239A	0.216723128702605	-1.01742029876004	0.862433865775106	-0.61109536653365	-0.460081489992057	-0.659587077098545	-0.12212238604473	-0.733041883146393	0.629204294354851	-0.46512621659688	-0.192190961292533	-0.539585966047857	0.988065757809602	-0.884768412838521	0.987106243542471	-1.05260916858638
SER227A	-0.267860046711084	-0.527186304926509	-1.04733252097466	-0.780938911142863	-0.0148761286139863	0.124040167661439	0.37384403891244	-0.154171507169678	-0.165790337877627	-0.641431201554554	-0.684421152069059	-0.539585966047857	-1.01151138596102	-0.884768412838521	-0.920021353204633	-0.562048923741675
GLU180A	-1.72160957295215	-1.01742029876004	-1.55660355744127	-0.950782455752076	-0.688892213568834	-0.517693197369086	-1.11405523595907	-0.733041883146393	-1.25890795719728	-0.994041171469903	-0.411276075106363	-0.254541858859989	-0.34498567137081	-0.0341939483222618	-0.443239454017857	-0.0714886788969675
SER166A	-1.23702639753846	-1.01742029876004	-1.42928579832462	-1.2904695449705	-0.859169961346901	-0.701802188260203	-1.61002166091624	-1.31191225912311	-1.35828228622634	-0.994041171469903	-0.684421152069059	-0.539585966047857	-1.01151138596102	-0.884768412838521	-0.920021353204633	-0.562048923741675
MET160A	-0.267860046711084	-1.01742029876004	-0.0287904480414538	-0.950782455752076	-0.7491989159069	-0.538082563314334	-0.6180888110019	-0.733041883146393	-0.662661983022926	-0.817736186512229	-0.313114563072894	-0.286109402540824	0.988065757809602	-0.0341939483222618	0.748715293949083	-0.562048923741675
GLY226A	-1.23702639753846	-0.527186304926509	-1.55660355744127	-0.950782455752076	-0.520388192330122	-0.148342925168857	-1.11405523595907	-0.733041883146393	-1.06015929913917	-0.817736186512229	-0.684421152069059	-0.539585966047857	-1.01151138596102	-0.884768412838521	-0.920021353204633	-0.562048923741675
THR102A	-0.267860046711084	0.453281682740549	-0.156108207158105	0.0682788119032011	-0.586016074286252	-0.255557546814825	-0.12212238604473	0.424698868807037	-0.463913324964807	-0.288821231639205	-0.368597156830941	-0.0416054607508542	-0.34498567137081	-0.0341939483222618	-0.443239454017857	-1.05260916858638
GLU224A	-0.752443222124773	-0.0369523110929798	-0.792697002741362	-0.271408277315224	-0.688892213568834	-0.423623710476071	-0.12212238604473	0.424698868807037	-0.0664160088485676	0.0637887382761435	-0.684421152069059	-0.539585966047857	-1.01151138596102	-0.884768412838521	-0.920021353204633	-0.562048923741675
MET133A	0.216723128702605	0.453281682740549	0.862433865775106	0.747652990340052	-0.529256825026897	-0.324527667101193	0.869810463869609	1.00356924478375	0.92732728144203	0.769008678106841	-0.463913407646049	-0.191896874511661	-0.34498567137081	-0.0341939483222618	0.033542445168919	0.41907156594774
SER121A	-1.23702639753846	-1.01742029876004	-1.04733252097466	-1.2904695449705	-0.688892213568834	-0.701802188260203	-1.11405523595907	-1.31191225912311	-0.960784970110105	-1.17034615642758	-0.411276075106363	-0.539585966047857	-0.34498567137081	-0.884768412838521	-0.204848504424469	-1.05260916858638
MET243A	-1.72160957295215	-1.50765429259357	-1.68392131655792	-1.2904695449705	-0.859169961346901	-0.701802188260203	-1.61002166091624	-1.31191225912311	-1.35828228622634	-0.994041171469903	-0.684421152069059	-0.539585966047857	-1.01151138596102	-0.884768412838521	-0.920021353204633	-0.562048923741675
ARG209A	-1.23702639753846	-1.50765429259357	-1.55660355744127	-1.2904695449705	-0.859169961346901	-0.701802188260203	-1.61002166091624	-1.31191225912311	-1.35828228622634	-0.994041171469903	-0.684421152069059	-0.539585966047857	-1.01151138596102	-0.884768412838521	-0.920021353204633	-0.562048923741675
THR170A	0.216723128702605	0.453281682740549	-0.410743725391408	0.238122356512414	-0.48668738808238	-0.377725239649031	0.37384403891244	0.424698868807037	0.430455636296731	-0.112516246681531	-0.684421152069059	-0.539585966047857	-0.34498567137081	-0.0341939483222618	-0.443239454017857	-1.05260916858638
ARG290A	-1.72160957295215	-1.01742029876004	-1.81123907567457	-1.2904695449705	-0.857396234807547	-0.699811628131466	-1.11405523595907	-0.733041883146393	-1.35828228622634	-0.994041171469903	-0.684421152069059	-0.539585966047857	-1.01151138596102	-0.884768412838521	-0.920021353204633	-0.562048923741675
GLU287A	-1.23702639753846	-1.01742029876004	-1.93855683479122	-1.2904695449705	-0.857396234807547	-0.700895055912022	-1.11405523595907	-0.733041883146393	-1.35828228622634	-0.994041171469903	-0.684421152069059	-0.539585966047857	-1.01151138596102	-0.884768412838521	-0.920021353204633	-0.562048923741675
ASN247A	-1.72160957295215	-1.50765429259357	-1.30196803920797	-1.2904695449705	-0.859169961346901	-0.701802188260203	-1.61002166091624	-1.31191225912311	-1.35828228622634	-0.994041171469903	-0.684421152069059	-0.539585966047857	-1.01151138596102	-0.884768412838521	-0.920021353204633	-0.562048923741675
GLN165A	-0.752443222124773	-0.0369523110929798	-0.66537924362471	0.0682788119032011	-0.691552803377867	-0.60498315239365	-0.6180888110019	-0.154171507169678	-0.364538995935747	0.240093723233818	-0.415543966933905	-0.389687281014636	0.321540043219396	0.816380516193998	0.510324344355695	1.40019205563716
SER94A	-1.23702639753846	-1.50765429259357	-1.17465028009132	-1.2904695449705	-0.688892213568834	-0.701802188260203	-0.6180888110019	-1.31191225912311	-0.662661983022926	-1.17034615642758	-0.684421152069059	-0.539585966047857	-1.01151138596102	-0.884768412838521	-0.920021353204633	-0.562048923741675
VAL225A	-1.72160957295215	-1.01742029876004	-1.81123907567457	-1.12062600036129	-0.859169961346901	-0.701802188260203	-1.61002166091624	-1.31191225912311	-1.35828228622634	-0.994041171469903	-0.684421152069059	-0.539585966047857	-1.01151138596102	-0.884768412838521	-0.920021353204633	-0.562048923741675
LEU289A	-0.752443222124773	-0.0369523110929798	-0.920014761858013	-0.101564732706012	-0.688892213568834	-0.562712949368137	-0.12212238604473	0.424698868807037	-0.463913324964807	0.0637887382761435	-0.684421152069059	-0.539585966047857	-1.01151138596102	-0.884768412838521	-0.920021353204633	-0.562048923741675
PHE212A	-1.23702639753846	-1.50765429259357	-0.920014761858013	-1.2904695449705	-0.778465403806255	-0.701802188260203	-1.11405523595907	-1.31191225912311	-1.15953362816822	-1.17034615642758	-0.684421152069059	-0.539585966047857	-1.01151138596102	-0.884768412838521	-0.920021353204633	-0.562048923741675
SER241A	-1.23702639753846	-0.527186304926509	-0.792697002741362	-0.441251821924437	-0.859169961346901	-0.701802188260203	-1.61002166091624	-1.31191225912311	-1.35828228622634	-0.994041171469903	-0.42692501180735	-0.133574833350751	-0.34498567137081	-0.0341939483222618	-0.443239454017857	-1.05260916858638
ASN288A	-1.72160957295215	-1.01742029876004	-1.81123907567457	-1.12062600036129	-0.859169961346901	-0.701802188260203	-1.61002166091624	-1.31191225912311	-1.35828228622634	-0.994041171469903	-0.684421152069059	-0.539585966047857	-1.01151138596102	-0.884768412838521	-0.920021353204633	-0.562048923741675
ARG248A	-2.20619274836584	-1.50765429259357	-1.93855683479122	-1.2904695449705	-0.859169961346901	-0.701802188260203	-1.61002166091624	-1.31191225912311	-1.35828228622634	-0.994041171469903	-0.684421152069059	-0.539585966047857	-1.01151138596102	-0.884768412838521	-0.920021353204633	-0.562048923741675
LYS291A	-2.20619274836584	-1.50765429259357	-1.93855683479122	-1.2904695449705	-0.859169961346901	-0.701802188260203	-1.61002166091624	-1.31191225912311	-1.35828228622634	-0.994041171469903	-0.684421152069059	-0.539585966047857	-1.01151138596102	-0.884768412838521	-0.920021353204633	-0.562048923741675
LYS292A	-2.20619274836584	-1.50765429259357	-1.93855683479122	-1.2904695449705	-0.859169961346901	-0.701802188260203	-1.61002166091624	-1.31191225912311	-1.35828228622634	-0.994041171469903	-0.684421152069059	-0.539585966047857	-1.01151138596102	-0.884768412838521	-0.920021353204633	-0.562048923741675
