Degree	Degree_sidechain	SecondOrderDegree	SecondOrderDegree_sidechain	NodeEdgeBetweennessSTRIDE	NodeEdgeBetweennessSTRIDE_sidechain	IntermodularDegreeSTRIDE	IntermodularDegreeSTRIDE_sidechain	SecondOrderIntermodularDegreeSTRIDE	SecondOrderIntermodularDegreeSTRIDE_sidechain	NodeEdgeBetweennessWALKTRAP	NodeEdgeBetweennessWALKTRAP_sidechain	IntermodularDegreeWALKTRAP	IntermodularDegreeWALKTRAP_sidechain	SecondOrderIntermodularDegreeWALKTRAP	SecondOrderIntermodularDegreeWALKTRAP_sidechain
LEU230A	7	6	25	16	4278	2310.09084685074	6	6	25	17	3559	1571.03794994282	5	4	12	8
LEU291A	9	4	25	11	4109	1003.5	7	2	31	5	3797	1027.5	5	3	13	3
TYR148A	7	2	25	6	1024	319.361711347738	6	2	27	6	621	319.361711347738	4	2	13	6
VAL147A	7	5	23	6	2278	1615.45406652639	6	4	20	3	2289	2277	4	2	8	2
GLY292A	9	9	34	22	8296	7532.59620380002	7	7	31	16	1	1	2	2	4	1
PHE244A	11	5	40	8	7297	1721.96093996495	9	5	45	10	348	52	5	3	17	2
LEU129A	7	5	27	12	5786	3545.5	6	5	26	11	1	1	1	1	1	1
MET139A	9	6	22	13	4228	3958.38280181761	8	6	25	11	248	165.382801817611	2	2	1	1
CYS288A	6	3	19	7	189	63.2294120173197	4	3	12	7	25	1	2	1	4	0
PRO208A	5	4	17	10	1402	1244.71186088683	5	4	17	9	1	1	2	1	4	0
HIS293A	6	5	26	13	2676	1439.13262113429	5	5	26	14	1152	1152	2	2	4	2
VAL277A	10	9	27	19	3168	2579.48196740365	10	9	43	24	1195	1100.76538742589	4	4	8	3
GLU329A	5	4	16	12	1938	665.27940305033	5	4	23	12	1	1	1	1	1	1
VAL325A	9	9	23	19	676	497.267618306914	9	9	40	28	1	1	1	1	1	1
GLY314A	6	6	17	10	3053	3053	4	4	15	6	5423	4345.66198993406	4	4	10	7
PRO315A	5	3	14	5	2428	1	4	2	16	0	2545	1078.33801006594	3	3	5	3
PRO311A	6	5	26	14	16870	11757.320398654	5	4	24	11	14118	11606.320398654	3	3	11	6
TYR146A	9	3	30	9	10004	231.794101297518	7	3	28	10	9433	231.794101297518	6	3	13	4
CYS119A	8	4	19	12	3058	390	5	2	18	4	779	390	2	2	1	1
VAL118A	8	7	17	15	306	112.5332328209	6	5	19	14	1	1	2	2	3	3
GLU228A	6	3	18	8	2012	173.197584096141	5	3	19	7	1	1	1	1	1	1
GLY227A	4	4	12	9	1766	1655.08142716332	4	4	16	10	1	1	1	1	1	1
HIS310A	9	6	31	14	24020	13392.7673360997	8	6	38	17	21451	12149.1059555041	7	5	18	8
PHE313A	8	3	29	8	6040	661.549726460315	7	2	32	4	4895	1	5	1	13	0
GLU279A	4	4	8	5	1	1	1	1	1	1	1	1	1	1	1	1
HIS283A	3	3	7	4	1	1	1	1	1	1	1	1	1	1	1	1
ASN282A	7	4	22	5	738	1	4	1	20	0	738	1	4	1	10	0
ARG179A	6	3	12	1	721	427.412057885454	5	3	12	1	944	1	2	1	4	0
GLU177A	3	2	8	2	248	68.5879421145459	3	2	10	2	1	1	1	1	1	1
VAL218A	8	8	24	14	3807	2451.97201014125	6	6	24	13	2770	1577.5	4	4	9	5
VAL284A	5	5	15	11	494	304	4	4	14	9	381	191	3	3	7	4
ALA334A	6	5	21	11	821	34.4556201553578	4	3	15	1	738	1	2	1	4	0
VAL333A	7	6	15	8	2212	2212	5	4	17	5	1246	1246	4	3	7	1
ALA219A	5	4	15	12	462	340	3	2	11	3	68	68	2	2	3	1
GLY229A	9	9	24	19	298	289.835734288665	6	6	25	14	383	383	2	2	4	3
GLY167A	7	7	20	11	2521	2521	4	4	14	5	281	281	2	2	2	0
TYR191A	7	2	25	5	3628	123.03946199198	6	2	23	4	1113	123.03946199198	2	2	4	4
CYS318A	5	5	14	10	232	80.2308771917577	4	4	10	7	1	1	1	1	1	1
VAL241A	7	6	26	14	2635	904.0367464125	4	4	11	8	3024	416.267623604257	4	3	5	1
SER290A	7	3	23	7	469	199.810501514454	5	3	22	6	469	199.810501514454	4	2	10	2
TYR287A	8	4	25	9	3488	341.824299720591	8	4	31	9	2031	188.189498485546	5	3	8	3
ARG249A	9	7	28	16	5930	2923.90021580198	8	7	32	15	3074	310	4	3	8	0
SER196A	4	4	16	15	1838	723.523595612219	4	4	14	13	1	1	1	1	1	1
HIS252A	5	5	13	13	740	320.188343952825	5	5	15	13	1	1	1	1	1	1
SER268A	3	2	7	4	248	59.4755807797228	2	2	4	4	1	1	2	1	2	0
ALA235A	4	4	15	11	269	185.677634896929	2	2	4	1	1	1	1	1	1	1
VAL236A	8	7	22	19	413	212.508199161048	6	5	25	19	1	1	1	1	1	1
CYS200A	5	3	19	8	454	265	4	3	14	4	265	265	2	2	1	0
THR197A	5	5	8	6	752	555.034867776369	2	2	3	3	1	1	1	1	1	1
ILE223A	4	2	13	4	780	1	4	2	17	3	1	1	1	1	1	1
SER221A	9	5	22	6	1414	623.950445199757	8	4	32	7	1	1	1	1	1	1
PHE308A	7	4	26	6	1460	489.598922810628	6	4	23	7	702	78.2212433712029	5	3	11	3
ASN246A	7	5	26	13	1742	1742	6	4	33	8	1248	1248	3	3	8	2
GLY247A	8	8	24	21	1088	727.460891832669	7	7	36	27	1	1	1	1	1	1
ALA362A	5	5	8	6	546	546	4	4	4	0	259	66.610797602754	2	2	2	2
THR363A	3	3	8	7	28	28	2	2	2	0	286	220.389202397246	3	3	2	1
ILE316A	9	5	33	12	1205	670	7	4	39	10	630	623	3	2	7	0
ASP276A	9	5	26	17	1442	163.840482369385	9	5	44	22	728	98.1896834814337	5	3	11	6
ASP328A	4	2	12	2	246	115.701982679834	3	2	8	2	1	1	1	1	1	1
TYR217A	7	3	22	4	245	130.298017320166	4	3	13	4	452	1	4	2	6	0
THR266A	7	7	26	19	1522	1159.67911982407	7	7	36	25	1158	1060.81031651857	4	4	10	5
VAL255A	9	8	21	16	4356	2410.62717063047	7	6	30	19	2033	993.556162111043	2	2	3	2
PRO149A	5	4	15	8	186	114.898411828785	3	2	7	3	186	114.898411828785	3	2	5	2
ASP338A	4	4	11	9	1	1	1	1	1	1	248	248	3	3	5	2
SER340A	4	2	11	4	1	1	1	1	1	1	724	477	3	2	4	0
ILE319A	5	4	18	14	270	256	4	3	16	10	15	1	2	1	1	0
SER243A	7	6	26	17	2628	788.848252993375	6	5	26	16	2283	728.625116993124	3	3	9	7
ASN204A	7	3	19	2	854	50.5	3	2	7	1	1	1	1	1	1	1
SER202A	6	4	14	8	308	1	3	1	5	0	265	1	2	1	1	0
TRP352A	5	4	18	12	2450	1640	4	3	18	9	1325	1325	2	2	6	3
TYR353A	8	4	24	5	2206	193.351462071566	7	4	30	7	1	1	1	1	1	1
ARG312A	8	5	30	13	4446	2189	6	4	24	8	2093	1	2	1	6	0
PHE159A	7	3	26	8	4244	2272	6	3	24	7	2458	2272	3	2	6	0
GLU330A	7	4	24	11	1795	477.049554800243	6	4	25	8	876	1	3	1	3	0
ARG152A	3	2	9	5	954	125.53361137431	3	2	5	2	1	1	1	1	1	1
THR171A	6	6	15	13	444	319.46638862569	3	3	4	1	1	1	1	1	1	1
PHE299A	9	4	27	10	7426	2698.87805071528	6	4	23	12	473	1	3	1	5	0
ALA170A	6	5	12	7	636	533	4	4	8	4	116	116	2	2	3	1
GLY141A	6	6	16	10	2816	2481.8125507973	4	4	13	6	1	1	1	1	1	1
THR140A	8	6	20	12	2084	850.187449202697	7	5	18	5	433	1	3	2	2	0
THR273A	7	6	22	18	3556	2884.53273883261	6	5	24	16	2821	2783.6250270269	3	3	4	3
VAL274A	8	8	24	22	4627	3179.00427355184	6	6	24	20	1456	1456	3	3	3	1
ALA349A	7	4	19	5	3181	2479	5	3	20	4	109	109	3	2	6	0
GLU348A	5	1	18	1	140	1	4	1	13	0	232	1	3	1	6	0
ILE144A	7	5	24	17	619	481	5	4	21	11	139	1	2	1	4	0
GLY178A	7	7	16	15	322	157.873378712038	7	7	23	18	280	143.489291353481	4	4	9	8
THR175A	6	6	11	11	263	251.615912641443	4	4	14	12	18	18	3	3	5	4
GLY237A	6	6	14	13	1082	632.078119347662	5	5	19	17	1	1	1	1	1	1
GLY131A	6	5	15	10	525	525	4	3	16	5	243	243	2	2	1	0
ASP194A	4	3	7	4	248	206.86928597911	3	3	3	1	1	1	1	1	1	1
GLU132A	3	1	8	1	6	1	2	1	4	0	243	1	2	1	1	0
MET185A	4	2	8	1	971	1	3	1	5	0	730	147.107512274971	2	2	1	1
PRO186A	3	2	4	1	1	1	1	1	1	1	730	583.892487725029	2	2	1	1
ALA359A	7	5	12	6	28	1	3	1	4	0	28	1	2	1	2	0
LYS358A	3	1	8	1	27	1	2	1	3	0	1	1	1	1	1	1
PRO341A	8	6	15	9	33	27	4	4	10	5	1568	898	4	2	5	0
PRO342A	3	3	8	7	1	1	1	1	1	1	671	671	2	2	3	1
HIS339A	7	4	22	8	1605	671.833099527454	4	4	14	9	1374	1	3	1	5	0
LEU267A	6	5	14	5	3522	2422	5	4	15	3	1101	1	3	2	3	0
TYR245A	5	2	20	3	2810	360	5	2	19	2	1	1	1	1	1	1
PHE182A	7	4	22	12	2979	747.79961357606	5	3	16	6	1962	925.74794609645	3	3	7	6
PRO180A	8	7	25	17	811	320.13744137781	6	5	24	17	2864	1804.64010841014	5	4	8	5
ASP125A	8	6	18	12	1719	1232.30174248914	5	4	18	11	926	500	3	2	6	2
PRO124A	3	3	8	6	1	1	1	1	1	1	1	1	1	1	1	1
LEU357A	5	5	15	6	4592	2175.02698296747	4	4	11	9	1	1	1	1	1	1
ASN265A	7	3	24	12	713	353	6	3	30	8	236	52	4	2	7	0
SER232A	6	5	18	12	1266	444.094985497383	6	5	25	13	1	1	1	1	1	1
PRO280A	4	3	8	3	1	1	1	1	1	1	1	1	1	1	1	1
TYR281A	4	1	14	1	479	1	3	1	16	0	479	1	3	1	5	0
THR240A	6	5	21	16	1270	413.64430752874	4	3	17	8	1287	1287	2	2	3	2
ASN263A	7	4	20	12	5332	1103.99945936833	6	4	28	13	3076	1103.99945936833	4	3	7	4
ASP259A	4	3	13	8	248	165.39973421571	4	3	12	6	1	1	1	1	1	1
GLY336A	3	3	13	5	64	64	2	2	6	1	64	64	2	2	3	1
TYR337A	7	2	20	4	2344	1	7	2	27	3	1234	1	4	2	11	3
VAL248A	8	8	26	20	1157	1063.17293697405	6	6	27	19	316	245	3	3	5	4
ARG258A	8	7	20	13	892	631.360761052215	8	7	30	22	806	628.360761052215	4	4	8	5
ILE250A	6	4	21	13	221	76.3919898906712	4	4	21	15	184	11	3	2	6	2
MET164A	9	6	26	15	5571	3242.33795129039	7	6	26	12	2501	1	3	1	3	0
ASP306A	4	3	8	5	291	34.3397157567744	3	2	7	4	1	1	1	1	1	1
PHE231A	8	4	22	7	878	539	7	4	24	6	1	1	3	1	4	0
PRO350A	6	6	16	10	1647	1285.54153140526	5	5	21	11	837	475.541531405263	2	2	4	4
TRP260A	8	6	20	10	4386	3911.45846859474	7	6	25	10	2130	1655.45846859474	5	5	8	3
GLU212A	7	5	27	14	6396	2782.02382174401	7	5	35	11	6278	2782.02382174401	6	5	19	7
LEU207A	7	5	24	10	2837	811.288139113171	6	4	23	7	1	1	1	1	1	1
VAL216A	8	8	32	22	4392	3291.37427691488	7	7	36	24	1	1	2	2	2	0
ASP150A	6	5	14	7	1545	1082.32094406452	4	4	11	7	542	185.04253699782	2	2	1	1
THR153A	5	5	14	10	915	517.7215929333	4	4	11	7	1	1	1	1	1	1
TYR211A	6	2	23	5	7596	1322.73237639574	5	2	23	3	5081	1322.73237639574	4	2	13	2
PRO238A	5	3	14	8	122	122	3	2	12	2	1	1	1	1	1	1
GLY157A	7	7	15	9	195	195	4	4	7	4	413	413	5	5	5	1
LYS158A	4	1	9	1	196	1	3	1	5	0	53	1	2	1	4	0
PRO210A	6	6	19	13	5448	3699.6796459115	5	5	18	13	5448	3699.6796459115	5	5	9	8
GLN354A	4	4	9	6	949	778.5040332514	3	3	7	5	1	1	1	1	1	1
PRO278A	4	4	16	15	300	210.234612574108	4	4	22	17	300	210.234612574108	4	4	9	7
HIS297A	9	7	25	18	10080	7902.08149880963	9	7	31	14	5438	5057.1710940914	5	5	13	7
MET242A	10	6	34	21	1932	1007.1213593224	8	6	40	20	1	1	2	1	3	0
THR321A	9	9	22	19	816	584.098148372225	9	9	36	28	1	1	1	1	1	1
GLU138A	5	2	13	2	312	93.0519367106391	5	2	16	2	1	1	2	1	2	0
GLY264A	3	3	10	6	1	1	1	1	1	1	184	184	2	2	3	1
ILE275A	6	4	25	11	395	281.48585904778	5	4	23	11	356	1	2	1	2	0
LEU269A	8	8	23	16	1232	831.889113925316	8	8	30	19	57	38.3749729730969	2	2	2	2
GLY117A	2	2	7	6	248	165.4667671791	2	2	5	4	1	1	1	1	1	1
GLY346A	5	5	13	8	864	588.938542232408	5	5	12	7	548	278.938542232408	2	2	1	1
SER345A	4	2	10	1	374	45.1867757422691	4	2	8	1	66	45.1867757422691	2	2	1	1
TYR335A	9	4	26	14	11394	6297.8289059086	7	4	30	13	11394	6297.8289059086	7	4	17	8
ALA145A	7	6	24	15	1004	597.746319897549	5	4	18	7	694	597.746319897549	4	4	8	5
GLY137A	5	5	7	6	621	353.138862262892	4	4	11	7	1	1	1	1	1	1
VAL133A	6	6	11	7	1328	662.861137737108	5	5	12	5	779	390	2	2	1	1
VAL234A	8	7	21	15	1183	1041	5	4	17	8	1	1	1	1	1	1
GLY126A	5	5	14	12	161	81.8789128779287	3	3	9	8	1	1	2	2	2	1
TYR123A	6	1	14	1	711	1	3	1	9	0	1	1	1	1	1	1
ARG320A	5	5	15	12	1674	1304.66028424323	5	5	11	7	716	716	3	3	3	1
ASN239A	4	2	13	3	290	1	3	1	12	0	290	1	2	1	2	0
GLY127A	8	8	21	13	3142	2244.90558813543	8	8	22	11	1259	1039.08624350249	3	3	8	3
GLU254A	4	1	10	1	335	1	2	1	4	0	1	1	1	1	1	1
THR251A	6	4	16	4	1246	581	5	3	13	0	1	1	1	1	1	1
ASN134A	5	3	13	6	668	575.948063289361	4	3	13	5	433	433	2	2	2	1
LEU222A	3	1	11	1	248	1	2	1	5	0	1	1	1	1	1	1
SER174A	4	2	13	2	1	1	1	1	1	1	18	1	2	1	2	0
LEU262A	3	2	9	6	246	115.083617468414	2	2	7	6	246	115.083617468414	2	2	3	3
VAL309A	5	4	18	8	248	112	3	2	6	0	1	1	3	3	10	6
PRO347A	4	4	9	9	1324	705.557424516192	4	4	9	9	548	270.061457767592	2	2	1	1
LEU322A	3	2	12	5	115	115	2	2	4	1	1	1	1	1	1	1
PRO301A	8	5	20	10	496	50.5443798446422	5	2	12	2	489	489	3	3	4	0
ALA295A	7	6	32	18	10930	2464.49377151977	6	5	29	17	7714	1761.31311132004	6	5	18	5
GLY343A	3	3	3	3	1	1	1	1	1	1	1	1	1	1	1	1
LYS344A	3	2	4	1	66	21.8132242577309	2	2	3	1	66	21.8132242577309	2	2	1	1
THR203A	4	2	9	2	205	42.1307140208903	2	2	2	2	1	1	1	1	1	1
SER298A	7	3	19	6	655	1	4	1	15	0	785	238	4	3	8	0
THR332A	6	5	18	11	293	293	5	5	19	8	1	1	1	1	1	1
ALA226A	6	6	13	8	1776	1151.89851457738	6	6	19	10	1	1	1	1	1	1
THR300A	5	3	15	6	13	13	2	2	3	2	254	1	3	1	5	0
ASN188A	3	1	7	1	252	1	3	1	6	0	246	1	2	1	1	0
GLY187A	3	3	3	2	246	246	2	2	2	0	246	246	2	2	1	0
GLU183A	3	2	7	1	444	52.655587043697	3	2	4	1	1	1	1	1	1	1
MET173A	5	2	13	1	130	78.344412956303	2	2	2	1	1	1	1	1	1	1
LYS195A	4	1	11	1	310	1	3	1	10	0	310	1	3	1	5	0
ASP270A	5	4	8	5	1230	1129.09228819429	5	4	12	4	1	1	1	1	1	1
GLU272A	3	1	8	1	248	1	3	1	9	0	1	1	1	1	1	1
ASP256A	2	1	8	1	1	1	1	1	1	1	1	1	1	1	1	1
LEU169A	5	5	13	12	2828	2321.95960625438	4	4	9	7	1790	1341.95960625438	2	2	4	4
ALA327A	5	5	13	9	147	147	3	3	6	4	1	1	1	1	1	1
GLU326A	6	3	14	5	583	84.3223651030707	5	2	18	1	1	1	1	1	1	1
CYS303A	6	5	21	14	1996	938.285842389221	6	5	27	17	15	15	2	2	1	0
ASN296A	7	4	23	9	1118	290.0200582593	6	4	25	10	616	1	3	1	11	0
ILE201A	8	5	25	14	1718	564.407492002715	8	5	37	17	510	510	3	3	6	2
VAL190A	7	5	16	2	744	260	6	4	13	0	254	254	3	3	3	0
ALA261A	4	4	9	8	248	83.6002657842896	2	2	3	2	1	1	1	1	1	1
TRP120A	7	6	20	14	311	165.373267268709	5	5	19	18	176	89.6867094588723	5	5	8	8
TYR122A	3	2	12	5	233	1	2	1	7	0	110	28.6896247835066	2	2	4	4
TYR305A	4	2	15	4	2046	1	4	2	14	3	999	1	3	2	9	3
ASP209A	7	7	28	16	14664	7565.53322033632	7	7	34	19	14664	7565.53322033632	7	7	25	16
GLU356A	4	2	15	7	911	911	2	2	8	6	1	1	1	1	1	1
LEU331A	8	6	30	21	511	160.616009238554	7	5	35	23	28	28	3	2	7	0
ALA289A	7	7	24	12	2445	1561.81547230464	5	5	23	10	1	1	2	2	3	1
ARG215A	7	4	26	5	6176	3105.95746300218	7	4	26	4	542	357.95746300218	2	2	1	1
LYS317A	5	2	17	2	248	1	4	2	13	1	1	1	1	1	1	1
ALA324A	5	5	18	17	558	168.529800710378	4	4	17	16	1	1	1	1	1	1
PHE193A	4	2	7	1	184	1	3	1	5	0	3	1	2	1	1	0
LEU206A	7	6	18	8	1097	451.77058798268	6	5	17	5	1	1	1	1	1	1
GLU151A	4	1	16	1	245	1	3	1	10	0	1	1	1	1	1	1
ILE121A	2	2	8	5	248	83.6171981823894	2	2	7	5	248	83.6171981823894	2	2	1	1
ILE160A	3	2	8	2	282	19	3	2	7	0	1	1	1	1	1	1
GLU142A	4	2	9	1	37	1	3	2	5	0	37	1	2	1	4	0
LYS294A	8	3	30	5	966	158.494671473948	7	3	25	2	439	68	5	2	11	0
ASN302A	7	4	19	12	2600	1492.04903325236	7	4	30	14	849	849	2	2	2	0
LYS168A	4	1	11	1	54	1	3	1	7	0	287	1	3	1	3	0
LEU172A	9	8	22	14	612	612	6	6	16	10	148	148	3	3	8	7
ASP161A	3	1	9	1	264	1	3	1	10	0	1	1	1	1	1	1
GLY162A	5	5	13	10	738	513.5	5	5	16	10	1	1	1	1	1	1
ARG323A	7	4	21	9	495	374	5	3	20	4	1	1	1	1	1	1
MET307A	4	2	11	7	203	102	3	2	10	7	1	1	1	1	1	1
LYS233A	4	2	10	2	251	247	3	2	3	0	1	1	1	1	1	1
VAL130A	7	6	22	15	175	77	5	4	21	9	1	1	1	1	1	1
LYS286A	4	1	10	1	248	1	3	1	7	0	1	1	1	1	1	1
SER285A	4	2	9	1	192	1	2	1	5	0	1	1	1	1	1	1
SER189A	2	1	6	1	248	1	2	1	5	0	248	1	2	1	2	0
ALA205A	6	5	20	10	297	297	3	3	9	3	1	1	1	1	1	1
ALA154A	5	4	16	9	149	149	3	3	10	4	233	1	3	2	8	2
SER128A	3	2	11	5	248	13	3	2	12	3	13	13	2	2	3	1
HIS192A	4	3	12	3	428	50.5	3	2	8	1	1	1	1	1	1	1
VAL355A	4	3	9	3	1	1	1	1	1	1	1	1	1	1	1	1
GLN253A	3	1	6	1	247	1	2	1	4	0	1	1	1	1	1	1
SER257A	4	4	8	7	81	81	2	2	7	6	1	1	1	1	1	1
GLU351A	3	2	5	3	1	1	1	1	1	1	1	1	1	1	1	1
SER225A	3	2	5	1	493	1	2	1	5	0	1	1	1	1	1	1
TYR156A	6	2	18	1	1179	248	5	2	11	0	655	248	4	2	5	0
GLN361A	3	1	7	1	520	1	2	1	3	0	1	1	1	1	1	1
GLU166A	3	1	10	1	21	1	2	1	3	0	1	1	1	1	1	1
GLN364A	3	3	4	2	740	429.631421631164	3	3	4	2	493	182.631421631164	2	2	1	1
PHE360A	5	3	15	5	1219	1025.36857836884	4	3	8	5	493	311.368578368835	2	2	1	1
HIS181A	3	2	12	4	7	1	2	1	5	0	1	1	1	1	1	1
LEU155A	7	6	23	11	426	236.662048709612	6	5	24	10	239	239	4	3	8	2
GLU163A	3	2	6	2	248	3	3	2	6	0	3	3	2	2	1	0
GLU214A	4	1	11	1	247	1	3	1	10	0	1	1	1	1	1	1
SER213A	3	2	4	1	247	1	2	1	2	0	1	1	1	1	1	1
LYS143A	2	1	5	1	248	1	2	1	4	0	248	1	2	1	3	0
SER199A	3	1	5	1	1	1	1	1	1	1	1	1	1	1	1	1
LYS366A	2	1	2	1	248	1	2	1	2	0	1	1	1	1	1	1
ILE165A	3	2	9	6	19	1	2	1	2	0	230	230	2	2	2	0
GLU176A	3	1	8	1	248	1	2	1	4	0	1	1	1	1	1	1
LEU184A	3	3	7	4	254	151	3	3	5	3	1	1	1	1	1	1
ILE304A	2	1	6	1	248	1	2	1	4	0	248	1	2	1	3	0
SER224A	2	2	2	1	1	1	1	1	1	1	1	1	1	1	1	1
SER198A	3	2	5	1	1	1	1	1	1	1	1	1	1	1	1	1
GLU271A	2	1	4	1	248	1	2	1	4	0	1	1	1	1	1	1
GLU220A	2	1	7	1	248	1	2	1	6	0	1	1	1	1	1	1
ASP136A	2	1	4	1	1	1	1	1	1	1	1	1	1	1	1	1
GLU135A	1	1	1	1	1	1	1	1	1	1	1	1	1	1	1	1
GLN365A	1	1	1	1	1	1	1	1	1	1	1	1	1	1	1	1
