Degree	Degree_sidechain	SecondOrderDegree	SecondOrderDegree_sidechain	NodeEdgeBetweennessSTRIDE	NodeEdgeBetweennessSTRIDE_sidechain	IntermodularDegreeSTRIDE	IntermodularDegreeSTRIDE_sidechain	SecondOrderIntermodularDegreeSTRIDE	SecondOrderIntermodularDegreeSTRIDE_sidechain	NodeEdgeBetweennessWALKTRAP	NodeEdgeBetweennessWALKTRAP_sidechain	IntermodularDegreeWALKTRAP	IntermodularDegreeWALKTRAP_sidechain	SecondOrderIntermodularDegreeWALKTRAP	SecondOrderIntermodularDegreeWALKTRAP_sidechain
CYS229A	5	4	13	7	807	313.635114668542	5	4	12	6	697	313.635114668542	4	4	7	4
TRP146A	7	3	19	4	1588	964.558946132649	5	3	14	4	2009	964.558946132649	5	3	11	3
ARG273A	7	3	25	7	396	261.981823434431	5	3	13	6	524	1	4	1	7	0
ASP281A	4	3	15	7	187	48.2075926302152	3	3	8	6	1	1	1	1	1	1
ARG196A	8	6	26	13	1486	697.400169773162	7	6	27	17	188	1	2	1	4	0
ASP184A	5	5	16	11	663	148.809854906341	4	4	18	14	1	1	1	1	1	1
CYS242A	7	5	19	9	168	78.8477440419294	5	4	23	12	118	59.5	3	3	5	4
HIS179A	8	6	22	12	2993	390.375290254588	8	6	32	16	1073	254.843736871892	3	3	6	6
GLN104A	3	2	11	6	266	76.7931651378715	2	2	6	5	1	1	1	1	1	1
GLY108A	8	7	19	10	1175	852.664703030638	7	6	24	11	803	583.697829128777	3	3	7	5
ARG175A	7	6	21	14	4123	3248.1329246183	7	6	31	17	1	1	1	1	1	1
GLY279A	8	8	26	22	299	271.898213582943	3	3	10	7	254	254	2	2	3	2
THR118A	6	4	16	9	1607	561.778883253934	6	4	12	8	1221	555.148640467559	4	3	3	2
PRO128A	5	5	13	9	670	635.162541760989	4	4	14	9	1	1	1	1	1	1
TYR126A	6	2	18	3	1959	834	5	2	17	2	148	1	2	1	3	0
ASP148A	4	3	11	8	187	53.1474324139856	4	3	16	9	80	25.9074714537181	2	2	4	4
VAL147A	7	5	19	8	580	580	6	4	22	4	818	818	4	3	11	3
CYS176A	7	6	20	12	3167	956.020528662308	5	4	23	12	2210	1147.74770536683	5	5	9	7
ARG249A	7	6	19	11	2971	1747.94229941926	7	6	21	12	1964	1235.44229941926	5	4	9	4
GLU171A	3	2	9	5	187	52.9548811317928	2	2	6	5	187	52.9548811317928	3	2	6	3
THR230A	4	4	10	9	325	228.805939198809	3	3	7	5	325	228.805939198809	3	3	4	3
THR231A	6	6	17	15	886	886	3	3	7	5	1	1	1	1	1	1
ARG283A	4	4	11	8	273	191.675387122316	2	2	5	3	273	191.675387122316	2	2	3	2
TYR163A	4	3	16	9	2365	154.583539595787	4	3	17	9	2365	154.583539595787	4	3	11	5
SER241A	3	3	10	6	1	1	1	1	1	1	1	1	1	1	1	1
TYR239A	6	2	22	6	386	12.1846927838876	4	2	21	5	335	12.1846927838876	3	2	5	1
ARG213A	9	7	19	13	2783	601.310010175444	9	7	27	11	1	1	2	2	3	0
THR211A	7	6	14	9	733	733	4	3	14	7	1	1	1	1	1	1
GLN165A	4	3	7	4	553	124.467297507679	4	3	7	4	366	122.467297507679	2	2	3	3
GLN167A	4	3	6	3	186	186	2	2	3	2	1	1	1	1	1	1
GLY154A	5	5	15	12	297	297	4	4	15	9	2	2	2	2	4	2
PRO153A	3	2	6	4	1	1	1	1	1	1	1	1	1	1	1	1
ILE162A	6	2	23	4	2309	401.538222008925	5	2	20	4	1713	401.538222008925	4	2	9	3
VAL173A	7	7	18	16	2659	2267.97212554555	5	5	16	12	2851	2040.28575133541	4	4	7	4
THR253A	7	7	28	15	1723	881.315577618733	5	5	21	10	165	83	3	3	7	5
TYR236A	9	4	33	10	2967	448.582456298064	9	4	39	8	6	1	2	1	3	0
ARG156A	9	4	28	10	283	80.5096140559294	7	3	31	5	215	80.5096140559294	5	3	9	4
VAL217A	7	7	24	19	2258	1195.03703924461	5	5	21	12	2072	1009.03703924461	4	4	11	8
GLU271A	6	4	17	5	3020	746.185322924094	5	4	13	6	2435	632.185322924094	3	3	3	2
PRO250A	5	4	13	8	985	749.532702492321	5	4	16	9	871	749.532702492321	4	4	6	4
ALA203A	8	7	22	17	186	71.415737354017	6	5	24	16	1	1	1	1	1	1
GLU204A	5	2	20	3	187	1	5	2	21	2	1	1	2	2	4	2
THR125A	9	8	29	24	1593	1059.50100425263	7	6	30	20	712	293.694670771888	4	3	8	3
CYS124A	7	5	25	16	771	417.058359210074	6	4	20	11	486	101.379379038609	4	2	12	2
CYS141A	8	7	26	13	1027	371.934147880112	5	5	22	14	302	189.728151903975	4	4	4	1
ALA129A	4	4	9	9	2	1.5	2	2	2	2	1	1	1	1	1	1
HIS233A	3	2	8	5	187	1	2	1	3	0	1	1	1	1	1	1
THR140A	6	4	16	8	477	227.248318319455	4	3	7	2	291	41.2483183194553	3	2	4	2
ALA161A	7	7	22	16	880	394.027874454448	5	5	16	14	520	520	3	3	6	2
LEU252A	6	5	17	9	998	827.043263490942	5	4	13	5	527	356.043263490942	3	3	4	2
CYS238A	10	6	31	14	4113	1523.75643704117	9	5	47	16	956	644.28799042387	4	3	10	6
MET246A	9	5	25	12	334	236.004422895874	8	5	32	12	236	156.004422895874	5	3	8	3
PRO142A	7	5	22	12	908	33.9591701557757	4	3	9	5	1	1	1	1	1	1
ASP208A	4	4	8	6	1	1	1	1	1	1	1	1	1	1	1	1
LEU264A	6	6	16	15	448	261	3	3	6	4	117	29.5506938081519	2	2	4	1
LEU265A	8	5	25	16	342	326	6	4	26	9	264	88.4493061918481	5	2	6	1
GLY187A	4	4	9	5	189	22.8803675406073	3	3	6	3	3	3	2	2	4	0
LEU188A	6	2	17	7	187	1	4	2	10	4	187	1	5	1	4	0
ALA189A	6	6	17	12	2064	1394.66389356692	4	4	15	10	1	1	2	2	4	0
TYR205A	7	4	29	16	4589	907.866981456881	7	4	28	13	2327	851	3	2	8	3
GLY266A	8	8	23	20	1533	1366.09962868442	5	5	18	11	148	148	2	2	4	1
THR256A	6	6	19	17	2457	1985.90037131558	4	4	11	10	78	66.1764414355961	2	2	2	2
ARG110A	6	5	16	11	1121	844.394699417505	6	5	20	12	1121	844.394699417505	5	5	10	7
GLY226A	3	3	2	1	371	371	2	2	2	0	1	1	1	1	1	1
SER227A	3	1	4	1	923	1	3	1	4	0	1	1	1	1	1	1
GLN192A	6	3	12	6	191	1	4	1	7	0	5	1	2	1	3	0
PRO190A	7	5	20	12	1586	1586	2	2	6	3	1	1	2	2	4	0
VAL143A	7	6	21	14	266	166	5	4	13	8	56	56	2	2	5	3
ASN235A	5	5	14	8	721	663.464898298519	4	4	9	4	355	297.464898298519	3	3	4	3
LYS139A	5	1	15	1	735	1	4	1	10	0	1	1	2	1	3	0
ARG282A	9	7	23	14	1968	973.781810631031	7	6	26	15	696	223.175972410125	2	2	3	2
PHE134A	6	5	22	12	483	238	5	4	21	13	1	1	1	1	1	1
ARG158A	9	6	26	10	5006	2015.94032342588	6	5	18	8	3375	2015.94032342588	5	5	12	8
GLU258A	6	3	22	9	1566	198.278262616204	5	2	20	4	909	210.101821180608	3	3	5	5
LYS164A	4	2	13	3	1667	648.988823119329	4	2	12	3	901	648.988823119329	3	2	4	2
MET169A	6	3	13	2	1681	952	5	3	16	1	790	1	4	1	4	0
MET237A	8	5	23	10	1261	294.942111685104	7	5	28	15	1	1	1	1	1	1
PRO152A	5	4	13	9	611	224.770012548027	4	4	15	10	194	160.838268425001	3	3	3	1
LEU194A	6	6	25	19	601	472.995577104126	6	6	29	20	19	10.9955771041257	2	2	4	2
ILE255A	8	5	32	16	2639	886.867286915741	6	3	23	5	1853	711.254955494807	4	3	11	5
TYR234A	7	4	26	11	1679	158.820687483541	5	3	19	5	1793	215.820687483541	6	4	15	8
CYS220A	6	6	21	18	187	158.786486469407	6	6	29	21	106	84.2864864694067	2	2	4	4
THR155A	9	8	26	19	2321	1536.30696245877	9	8	37	22	1634	1167.2387065818	5	5	9	5
VAL216A	9	9	26	20	1946	1839.57145661059	7	7	29	19	1781	1769	5	5	10	6
GLY262A	5	5	9	7	973	973	3	3	7	3	1	1	1	1	1	1
PRO98A	6	5	18	8	1594	1249.68998982456	5	4	18	8	1	1	2	1	4	0
VAL97A	6	5	14	9	786	758	5	4	17	4	730	730	2	2	3	0
PRO219A	4	3	10	6	186	100.499427114047	3	2	6	1	555	401.303035883595	3	3	3	3
VAL218A	7	7	20	14	1452	740.980942254096	5	5	19	13	947	357.696391230452	3	3	6	5
GLN100A	4	2	13	4	519	171.956736509058	3	2	8	3	774	171.956736509058	3	2	6	2
ILE254A	7	5	24	9	1329	928.461777991075	5	5	12	6	1250	849.461777991075	5	4	10	4
ILE232A	7	5	27	16	1626	505.774195456978	5	4	20	12	1301	425	5	4	14	7
ARG174A	4	3	13	6	206	52.5676375969359	3	3	7	4	206	52.5676375969359	2	2	3	3
ASN247A	4	3	10	2	375	158.096718125513	3	3	6	3	1	1	1	1	1	1
MET243A	5	2	9	2	189	124.903281874487	4	2	7	2	1	1	2	1	3	0
ASN200A	5	2	15	6	517	179.603320391887	4	2	13	4	1	1	1	1	1	1
VAL197A	10	8	32	23	2488	1341.92854338941	8	6	32	16	2111	1261	5	4	12	6
VAL272A	8	7	30	18	724	599.181477673842	4	3	16	7	422	422	2	2	3	0
VAL274A	11	10	32	24	5147	4891.53512463665	9	8	41	23	553	372.351311909854	5	4	8	2
GLN136A	6	4	21	5	2379	618.53501331175	6	4	24	2	1113	281.53501331175	4	3	8	3
LEU130A	7	6	13	10	1073	748.914901655094	6	6	16	12	1	1	1	1	1	1
SER127A	5	4	13	8	713	316.719417139569	5	4	16	9	1	1	1	1	1	1
LEU114A	3	3	10	6	221	127.040829844224	3	3	6	4	1	1	1	1	1	1
VAL225A	2	2	2	2	1	1	1	1	1	1	1	1	1	1	1	1
ALA276A	5	3	14	6	213	1	3	1	13	0	179	1	2	1	3	0
TYR103A	5	2	12	6	993	35.0184923882678	4	2	11	5	348	35.0184923882678	2	2	2	2
ALA159A	6	6	24	16	654	349.312025600718	4	4	15	10	276	228.924357021651	4	4	12	8
CYS275A	7	7	20	15	402	219.4592720255	5	5	22	17	54	24.6486880901459	2	2	4	3
LEU133A	6	6	22	17	803	761.73564481379	6	6	25	15	635	635	4	4	8	2
ASP207A	4	3	10	9	151	24.4278361228995	3	3	9	9	134	21.6815818919999	2	2	3	3
HIS193A	7	7	17	12	575	467.319341057686	6	6	19	12	575	467.319341057686	4	4	7	5
LEU206A	5	3	16	7	221	42.1874240004617	4	2	14	4	221	42.1874240004617	4	2	11	4
ASN131A	4	3	11	3	2059	1226	4	3	11	2	1226	1226	3	3	5	0
PHE270A	8	3	23	7	4760	413.920488409361	7	3	27	7	3976	1	5	1	10	0
GLY244A	4	4	10	8	187	70.6032076609273	3	3	6	6	156	57.396190368536	2	2	3	3
GLY245A	7	7	20	16	2374	1866.29298270761	5	5	16	13	1	1	1	1	1	1
LYS132A	4	3	12	5	2549	1800.64423747037	3	3	8	6	1622	1155.82585395658	2	2	2	2
GLU198A	5	3	15	6	319	107.286783382026	4	3	8	5	243	107.286783382026	3	3	4	3
ASP228A	4	2	8	1	1285	553	4	2	9	0	733	1	2	1	4	0
PRO191A	4	3	15	6	1633	1	2	1	6	0	1	1	1	1	1	1
ALA138A	4	4	15	9	197	130.826051015196	3	3	9	4	1	1	1	1	1	1
LEU137A	8	7	29	15	975	585.815307216112	7	6	40	17	95	83.8153072161124	2	2	2	1
GLY112A	5	5	14	11	1329	1079.77054473508	3	3	7	4	1	1	1	1	1	1
PHE113A	4	2	12	3	1358	1272	3	2	10	2	1272	1272	2	2	4	0
HIS214A	5	5	12	9	563	259.685185222479	5	5	12	9	546	245.431439453378	4	4	5	4
VAL172A	5	5	16	15	1044	1044	4	4	12	8	1068	811.714248664591	2	2	3	3
SER261A	5	1	8	1	1	1	2	1	3	0	1	1	1	1	1	1
ILE195A	5	4	23	12	563	218.5	5	4	22	11	229	1	2	1	4	0
LEU257A	9	7	28	19	3130	1731.97480694879	8	7	39	23	1199	384.474806948792	3	3	8	5
PHE109A	7	3	32	10	2541	541	6	2	27	2	1250	262	4	2	9	4
ASP259A	6	5	12	4	466	174.712350269093	3	2	8	2	1	1	1	1	1	1
LEU145A	5	5	21	17	812	488.225804543022	4	4	15	13	131	66	2	2	3	2
SER96A	4	2	12	5	187	1	4	2	15	2	1	1	1	1	1	1
ASP268A	4	4	12	10	187	123.308053965939	3	3	10	9	187	123.308053965939	2	2	4	4
SER269A	3	1	5	1	187	1	2	1	3	0	187	1	2	1	2	0
SER185A	5	3	11	5	187	167.119632459393	4	3	11	4	1	1	1	1	1	1
ASP186A	5	4	10	7	917	688.358012978098	4	3	9	4	185	185	2	2	4	0
ASN263A	4	3	7	4	585	78.2876497309065	4	3	5	1	1	1	1	1	1	1
SER166A	3	1	7	1	186	1	2	1	4	0	1	1	1	1	1	1
THR123A	5	4	19	11	292	189.46498668825	4	3	18	6	521	306.641082544302	5	4	14	7
TYR107A	5	2	14	3	157	34.1617315749992	4	2	11	3	156	34.1617315749992	2	2	2	2
VAL122A	9	7	23	17	480	417.068993754016	6	5	22	10	718	414.823904143949	6	5	11	4
ARG248A	4	3	9	3	187	94	4	3	9	3	1	1	2	1	3	0
GLY105A	7	7	17	13	534	499.981507611732	6	6	18	10	348	313.981507611732	3	3	5	2
VAL157A	9	8	29	23	561	257.5	7	6	28	19	367	144.5	4	3	8	4
LEU111A	8	7	24	14	2766	2498.69194603406	6	6	20	12	2998	2614.69194603406	5	5	11	4
PRO278A	10	8	27	21	1297	857	9	7	30	12	772	772	4	4	9	6
GLU285A	6	4	18	7	1463	283.181616486204	5	4	15	7	1	1	1	1	1	1
THR284A	4	4	7	4	1	1	1	1	1	1	1	1	1	1	1	1
CYS135A	5	4	26	15	643	188.088035369224	5	4	28	14	425	113.271848096025	3	2	6	3
GLN144A	7	4	16	7	1614	311.229455264918	4	3	8	4	164	1	2	1	3	0
PRO223A	4	3	7	5	187	111	4	3	9	4	77	1	2	1	2	0
GLU286A	4	3	13	7	48	24.7315668100547	3	2	9	3	1	1	1	1	1	1
SER240A	4	3	18	11	187	158	4	3	19	9	158	158	3	3	7	3
ARG209A	3	1	4	1	1	1	1	1	1	1	1	1	1	1	1	1
ASN210A	4	2	8	1	1	1	1	1	1	1	1	1	1	1	1	1
ALA119A	4	3	11	4	371	371	2	2	5	3	1	1	2	1	5	0
LYS120A	2	1	3	1	1	1	1	1	1	1	1	1	1	1	1	1
HIS178A	5	2	13	3	74	1.56462151726561	3	2	9	2	114	1	2	1	4	0
CYS277A	6	3	13	3	52	1	2	1	8	0	1	1	1	1	1	1
HIS168A	4	3	9	7	187	89.0192798531603	3	2	9	5	185	89.0192798531603	2	2	4	3
ARG280A	4	1	10	1	1	1	1	1	1	1	1	1	1	1	1	1
PHE212A	3	1	8	1	187	1	2	1	3	0	1	1	1	1	1	1
ARG267A	5	4	12	7	539	453.018260941188	3	3	3	1	423	337.018260941188	2	2	4	3
LYS101A	3	1	7	1	117	1	2	1	2	0	71	1	2	1	4	0
CYS182A	6	4	10	7	371	370.435378482734	3	3	9	6	1	1	1	1	1	1
PRO151A	5	3	12	2	557	120.029695713299	5	3	15	2	369	1	3	1	6	0
THR150A	2	2	4	2	187	69.9703042867014	2	2	4	2	1	1	1	1	1	1
SER99A	5	4	12	4	537	86.9817390588123	3	2	6	2	941	490.981739058812	5	4	8	2
SER149A	4	2	10	2	187	2	4	2	12	1	1	1	1	1	1	1
GLY117A	4	4	11	8	282	154.295707403128	3	3	11	8	363	241.925950189503	3	3	5	2
SER116A	3	1	9	1	90	1	2	1	5	0	187	1	3	1	7	0
SER215A	6	3	20	7	1225	326.04733665691	5	3	15	5	1277	326.04733665691	5	3	14	5
ARG202A	3	2	8	2	186	86.5005728859532	2	2	2	1	186	86.5005728859532	2	2	2	2
ILE251A	6	5	24	18	156	112.5	5	5	19	15	1	1	2	2	4	2
PRO177A	5	5	12	9	156	99.603809631464	3	3	5	3	489	323.224376968875	4	4	6	5
LEU289A	3	3	8	7	187	67.971572634293	3	3	6	6	1	1	1	1	1	1
MET160A	5	2	15	3	636	576	3	2	8	2	1095	576	4	2	9	2
THR102A	2	2	4	2	1	1	1	1	1	1	1	1	1	1	1	1
GLY199A	3	3	6	4	251	251	3	3	6	3	1	1	1	1	1	1
ASN288A	2	2	3	3	1	1	1	1	1	1	1	1	1	1	1	1
SER106A	2	1	6	1	187	1	2	1	5	0	1	1	1	1	1	1
SER260A	4	2	9	1	58	1	2	1	3	0	1	1	1	1	1	1
THR170A	5	4	12	7	127	29	3	2	12	3	61	61	3	3	5	1
SER183A	2	2	4	4	1	1	1	1	1	1	1	1	1	1	1	1
GLU180A	2	2	5	3	187	187	2	2	3	0	1	1	1	1	1	1
SER121A	2	2	8	7	1	1	1	1	1	1	187	187	2	2	5	4
HIS115A	1	1	1	1	1	1	1	1	1	1	1	1	1	1	1	1
ARG181A	1	1	1	1	1	1	1	1	1	1	1	1	1	1	1	1
LEU201A	1	1	1	1	1	1	1	1	1	1	1	1	1	1	1	1
GLU224A	1	1	1	1	1	1	1	1	1	1	1	1	1	1	1	1
GLU287A	1	1	1	1	1	1	1	1	1	1	1	1	1	1	1	1
ARG290A	1	1	1	1	1	1	1	1	1	1	1	1	1	1	1	1
