Degree	Degree_sidechain	SecondOrderDegree	SecondOrderDegree_sidechain	NodeEdgeBetweennessSTRIDE	NodeEdgeBetweennessSTRIDE_sidechain	IntermodularDegreeSTRIDE	IntermodularDegreeSTRIDE_sidechain	SecondOrderIntermodularDegreeSTRIDE	SecondOrderIntermodularDegreeSTRIDE_sidechain	NodeEdgeBetweennessWALKTRAP	NodeEdgeBetweennessWALKTRAP_sidechain	IntermodularDegreeWALKTRAP	IntermodularDegreeWALKTRAP_sidechain	SecondOrderIntermodularDegreeWALKTRAP	SecondOrderIntermodularDegreeWALKTRAP_sidechain
CYS229A	-0.184898375952377	-0.0155459294292596	-0.328053494383077	-0.27369696854807	-0.109388726965748	-0.232371330496686	0.451651802338885	0.467016513705175	-0.166010727369932	-0.0814295842449115	0.336867924750185	0.204054891565685	1.11935806369547	1.70574927870086	0.769501590305455	0.986205460603357
TRP146A	0.779571531042457	-0.515606659403774	0.450401314009553	-0.7967020668627	0.628681594508205	0.787970634743458	0.451651802338885	-0.129898632951108	0.0400347413271541	-0.438609351501001	2.18808430639745	1.78514145989602	1.84188684728486	0.839408197676477	1.92300688684101	0.466157225913609
ARG273A	0.779571531042457	-0.515606659403774	1.22885612240218	-0.27369696854807	-0.497797052350889	-0.313339361073149	0.451651802338885	-0.129898632951108	-0.0629879930213892	-0.0814295842449115	0.0927669841823667	-0.55533223899769	1.11935806369547	-0.893273964372294	0.769501590305455	-1.09398747815564
ASP281A	-0.667133329449795	-0.515606659403774	-0.0685685582522006	-0.27369696854807	-0.695308828519974	-0.648436661606539	-0.573863466501172	-0.129898632951108	-0.578101664764105	-0.0814295842449115	-0.645179789904158	-0.55533223899769	-1.04822828707268	-0.893273964372294	-0.960756354497879	-0.573939243465888
ARG196A	1.26180648453987	0.98457553051977	1.35859859046762	0.772313228081188	0.532288287478316	0.369191512325011	1.47716707117894	1.66084680701774	1.37933028785822	1.88305913566358	-0.381325015995592	-0.55533223899769	-0.325699503483298	-0.893273964372294	-0.095627382096212	-1.09398747815564
ASP184A	-0.184898375952377	0.484514800545255	0.0611739098132378	0.423643162538102	-0.245473395713827	-0.49073970070784	-0.0611058320811435	0.467016513705175	0.452125678721327	1.34728948477944	-0.645179789904158	-0.55533223899769	-1.04822828707268	-0.893273964372294	-0.960756354497879	-0.573939243465888
CYS242A	0.779571531042457	0.484514800545255	0.450401314009553	0.0749730969950159	-0.713264444535346	-0.600407336521968	0.451651802338885	0.467016513705175	0.967239350464043	0.990109717523356	-0.480094182699333	-0.413236405696762	0.396829280106087	0.839408197676477	0.192748942037677	0.986205460603357
HIS179A	1.26180648453987	0.98457553051977	0.839628718205868	0.597978195309645	1.95645214722383	-0.112078881848402	1.98992470559897	1.66084680701774	1.89444395960093	1.70446925203553	0.867399448758852	0.0612513049174005	0.396829280106087	0.839408197676477	0.481125266171566	2.02630192998285
GLN104A	-1.14936828294721	-1.01566738937829	-0.587538430513954	-0.448032001319613	-0.620651267192904	-0.603627948482037	-1.0866211009212	-0.726813779607392	-0.784147133461192	-0.260019467872956	-0.645179789904158	-0.55533223899769	-1.04822828707268	-0.893273964372294	-0.960756354497879	-0.573939243465888
GLY108A	1.26180648453987	1.48463626049429	0.450401314009553	0.249308129766559	0.238383204279341	0.612573166734084	1.47716707117894	1.66084680701774	1.07026208481259	0.811519833895311	0.486432662901564	0.860034147202223	0.396829280106087	0.839408197676477	0.769501590305455	1.50625369529311
ARG175A	0.779571531042457	0.98457553051977	0.70988625014043	0.946648260852731	3.0243387839275	4.36753900872422	1.47716707117894	1.66084680701774	1.79142122525239	1.88305913566358	-0.645179789904158	-0.55533223899769	-1.04822828707268	-0.893273964372294	-0.960756354497879	-0.573939243465888
GLY279A	1.26180648453987	1.9846969904688	1.35859859046762	2.34132852302508	-0.589465197271469	-0.297795132204677	-0.573863466501172	-0.129898632951108	-0.372056196067019	0.0971602993831331	-0.288199801674921	0.0592018776712778	-0.325699503483298	-0.0269328833479085	-0.384003706230101	-0.0538910087761397
THR118A	0.29733657754504	-0.0155459294292596	0.0611739098132378	0.0749730969950159	0.646637210523576	0.156601216308087	0.964409436758914	0.467016513705175	-0.166010727369932	0.275750183011178	1.07622568693248	0.79068849330682	1.11935806369547	0.839408197676477	-0.384003706230101	-0.0538910087761397
PRO128A	-0.184898375952377	0.484514800545255	-0.328053494383077	0.0749730969950159	-0.238858168760795	0.271632227185631	-0.0611058320811435	0.467016513705175	0.0400347413271541	0.454340066639222	-0.645179789904158	-0.55533223899769	-1.04822828707268	-0.893273964372294	-0.960756354497879	-0.573939243465888
TYR126A	0.29733657754504	-1.01566738937829	0.320658845944115	-0.971037099634243	0.979288623018879	0.583315703955269	0.451651802338885	-0.726813779607392	0.349102944372784	-0.79578911875709	-0.437764539826301	-0.55533223899769	-0.325699503483298	-0.893273964372294	-0.384003706230101	-1.09398747815564
ASP148A	-0.667133329449795	-0.515606659403774	-0.587538430513954	-0.0993619357765272	-0.695308828519974	-0.640693319621952	-0.0611058320811435	-0.129898632951108	0.24608021002424	0.454340066639222	-0.533711730338507	-0.494832274696234	-0.325699503483298	-0.0269328833479085	-0.095627382096212	0.986205460603357
VAL147A	0.779571531042457	0.484514800545255	0.450401314009553	-0.0993619357765272	-0.323911086728344	0.185163344733671	0.964409436758914	0.467016513705175	0.8642166161155	-0.438609351501001	0.50759748433808	1.42915145000842	1.11935806369547	0.839408197676477	1.92300688684101	0.466157225913609
CYS176A	0.779571531042457	0.98457553051977	0.580143782074992	0.597978195309645	2.12088778862776	0.774586417972453	0.451651802338885	0.467016513705175	0.967239350464043	0.990109717523356	2.47169291364677	2.23010486835317	1.84188684728486	2.57209035972525	1.34625423857323	2.5463501646726
ARG249A	0.779571531042457	0.98457553051977	0.450401314009553	0.423643162538102	1.93566143394287	2.01594673823161	1.47716707117894	1.66084680701774	0.761193881766957	0.990109717523356	2.1245898420879	2.44311403788936	1.84188684728486	1.70574927870086	1.34625423857323	0.986205460603357
GLU171A	-1.14936828294721	-1.01566738937829	-0.847023366644831	-0.622367034091156	-0.695308828519974	-0.640995149335638	-1.0866211009212	-0.726813779607392	-0.784147133461192	-0.260019467872956	-0.38273600409136	-0.429134424835763	0.396829280106087	-0.0269328833479085	0.481125266171566	0.466157225913609
THR230A	-0.667133329449795	-0.0155459294292596	-0.717280898579393	0.0749730969950159	-0.564894354303066	-0.365343520827777	-0.573863466501172	-0.129898632951108	-0.681124399112648	-0.260019467872956	-0.188019646875412	-0.00199420888905552	0.396829280106087	0.839408197676477	-0.095627382096212	0.466157225913609
THR231A	0.29733657754504	0.98457553051977	0.190916377878676	1.12098329362427	-0.0347311656386774	0.664827210567565	-0.573863466501172	-0.129898632951108	-0.681124399112648	-0.260019467872956	-0.645179789904158	-0.55533223899769	-1.04822828707268	-0.893273964372294	-0.960756354497879	-0.573939243465888
ARG283A	-0.667133329449795	-0.0155459294292596	-0.587538430513954	-0.0993619357765272	-0.614036040239872	-0.423546737002801	-1.0866211009212	-0.726813779607392	-0.887169867809735	-0.617199235129045	-0.261391027855334	-0.0921838967220941	-0.325699503483298	-0.0269328833479085	-0.384003706230101	-0.0538910087761397
TYR163A	-0.667133329449795	-0.515606659403774	0.0611739098132378	0.0749730969950159	1.36297178629471	-0.481689282674357	-0.0611058320811435	-0.129898632951108	0.349102944372784	0.454340066639222	2.69039606849076	-0.182279571644367	1.11935806369547	0.839408197676477	1.92300688684101	1.50625369529311
SER241A	-1.14936828294721	-0.515606659403774	-0.717280898579393	-0.448032001319613	-0.871084858986242	-0.722435930814776	-1.59937873534123	-1.32372892626367	-1.29926080520391	-0.974379002385134	-0.645179789904158	-0.55533223899769	-1.04822828707268	-0.893273964372294	-0.960756354497879	-0.573939243465888
TYR239A	0.29733657754504	-1.01566738937829	0.839628718205868	-0.448032001319613	-0.507247376569505	-0.704903600818423	-0.0611058320811435	-0.726813779607392	0.761193881766957	-0.260019467872956	-0.173909765917735	-0.528164747692709	0.396829280106087	-0.0269328833479085	0.192748942037677	-0.573939243465888
ARG213A	1.74404143803729	1.48463626049429	0.450401314009553	0.772313228081188	1.75799533863288	0.218567403105282	2.502682340019	2.25776195367403	1.37933028785822	0.811519833895311	-0.645179789904158	-0.55533223899769	-0.325699503483298	-0.0269328833479085	-0.384003706230101	-1.09398747815564
THR211A	0.779571531042457	0.98457553051977	-0.198311026317639	0.0749730969950159	-0.179321126183511	0.424995277650618	-0.0611058320811435	-0.129898632951108	0.0400347413271541	0.0971602993831331	-0.645179789904158	-0.55533223899769	-1.04822828707268	-0.893273964372294	-0.960756354497879	-0.573939243465888
GLN165A	-0.667133329449795	-0.515606659403774	-1.10650830277571	-0.7967020668627	-0.349426962118609	-0.528897364714786	-0.0611058320811435	-0.129898632951108	-0.681124399112648	-0.438609351501001	-0.130169134948935	-0.260289557661531	-0.325699503483298	-0.0269328833479085	-0.384003706230101	0.466157225913609
GLN167A	-0.667133329449795	-0.515606659403774	-1.23625077084115	-0.971037099634243	-0.696253860941836	-0.432443070751801	-1.0866211009212	-0.726813779607392	-1.09321533650682	-0.79578911875709	-0.645179789904158	-0.55533223899769	-1.04822828707268	-0.893273964372294	-0.960756354497879	-0.573939243465888
GLY154A	-0.184898375952377	0.484514800545255	-0.0685685582522006	0.597978195309645	-0.591355262115192	-0.258447354714016	-0.0611058320811435	0.467016513705175	0.143057475675697	0.454340066639222	-0.64376880180839	-0.552903250394255	-0.325699503483298	-0.0269328833479085	-0.095627382096212	-0.0538910087761397
PRO153A	-1.14936828294721	-1.01566738937829	-1.23625077084115	-0.7967020668627	-0.871084858986242	-0.722435930814776	-1.59937873534123	-1.32372892626367	-1.29926080520391	-0.974379002385134	-0.645179789904158	-0.55533223899769	-1.04822828707268	-0.893273964372294	-0.960756354497879	-0.573939243465888
ILE162A	0.29733657754504	-1.01566738937829	0.969371186271307	-0.7967020668627	1.31004997067046	-0.0945806628963601	0.451651802338885	-0.726813779607392	0.658171147418413	-0.438609351501001	1.7704318300502	0.417570537501967	1.11935806369547	-0.0269328833479085	1.34625423857323	0.466157225913609
VAL173A	0.779571531042457	1.48463626049429	0.320658845944115	1.29531832639582	1.64081131832204	2.83110855767169	0.451651802338885	1.06393166036146	0.24608021002424	0.990109717523356	3.37613628303388	4.39806961014269	1.11935806369547	1.70574927870086	0.769501590305455	0.986205460603357
THR253A	0.779571531042457	1.48463626049429	1.6180835265985	1.12098329362427	0.756260971459528	0.657484242761691	0.451651802338885	1.06393166036146	0.761193881766957	0.632929950267267	-0.41377774219825	-0.356155173516048	0.396829280106087	0.839408197676477	0.769501590305455	1.50625369529311
TYR236A	1.74404143803729	-0.0155459294292596	2.26679586692569	0.249308129766559	1.93188130425543	-0.0208374626207913	2.502682340019	0.467016513705175	2.61560310004073	0.275750183011178	-0.638124849425319	-0.55533223899769	-0.325699503483298	-0.893273964372294	-0.384003706230101	-1.09398747815564
ARG156A	1.74404143803729	-0.0155459294292596	1.6180835265985	0.249308129766559	-0.604585716021256	-0.597802307125142	1.47716707117894	-0.129898632951108	1.79142122525239	-0.260019467872956	-0.343228337409863	-0.362204292592349	1.84188684728486	0.839408197676477	1.34625423857323	0.986205460603357
VAL217A	0.779571531042457	1.48463626049429	1.09911365433675	1.81832342471045	1.26185331715551	1.14925172341048	0.451651802338885	1.06393166036146	0.761193881766957	0.990109717523356	2.27697655643082	1.89317824116748	1.11935806369547	1.70574927870086	1.92300688684101	3.06639839936235
GLU271A	0.29733657754504	-0.0155459294292596	0.190916377878676	-0.622367034091156	1.9819680226141	0.445663653356628	0.451651802338885	0.467016513705175	-0.0629879930213892	-0.0814295842449115	2.78916523519451	0.977809717040156	0.396829280106087	0.839408197676477	-0.384003706230101	-0.0538910087761397
PRO250A	-0.184898375952377	-0.0155459294292596	-0.328053494383077	-0.0993619357765272	0.0588270441256265	0.450910767814501	0.451651802338885	0.467016513705175	0.24608021002424	0.454340066639222	0.58237985341377	1.2628451646543	1.11935806369547	1.70574927870086	0.481125266171566	0.986205460603357
ALA203A	1.26180648453987	1.48463626049429	0.839628718205868	1.46965335916736	-0.696253860941836	-0.612057222335129	0.964409436758914	1.06393166036146	1.07026208481259	1.70446925203553	-0.645179789904158	-0.55533223899769	-1.04822828707268	-0.893273964372294	-0.960756354497879	-0.573939243465888
GLU204A	-0.184898375952377	-1.01566738937829	0.580143782074992	-0.971037099634243	-0.695308828519974	-0.722435930814776	0.451651802338885	-0.726813779607392	0.761193881766957	-0.79578911875709	-0.645179789904158	-0.55533223899769	-0.325699503483298	-0.0269328833479085	-0.095627382096212	-0.0538910087761397
THR125A	1.74404143803729	1.9846969904688	1.74782599466394	2.68999858856816	0.633406756617513	0.936795061632533	1.47716707117894	1.66084680701774	1.68839849090385	2.41882878654771	0.358032746186701	0.155619780593284	1.11935806369547	0.839408197676477	1.05787791443934	0.466157225913609
CYS124A	0.779571531042457	0.484514800545255	1.22885612240218	1.29531832639582	-0.143409894152768	-0.0702523981637597	0.964409436758914	0.467016513705175	0.658171147418413	0.811519833895311	0.0391494365431928	-0.311511871293061	1.11935806369547	-0.0269328833479085	2.2113832109749	-0.0538910087761397
CYS141A	1.26180648453987	1.48463626049429	1.35859859046762	0.772313228081188	0.098518405843816	-0.140985906821391	0.451651802338885	1.06393166036146	0.8642166161155	1.34728948477944	-0.22047237307807	-0.0969137088756494	1.11935806369547	1.70574927870086	-0.095627382096212	-0.573939243465888
ALA129A	-0.667133329449795	-0.0155459294292596	-0.847023366644831	0.0749730969950159	-0.870139826564381	-0.721652166328119	-1.0866211009212	-0.726813779607392	-1.19623807085536	-0.79578911875709	-0.645179789904158	-0.55533223899769	-1.04822828707268	-0.893273964372294	-0.960756354497879	-0.573939243465888
HIS233A	-1.14936828294721	-1.01566738937829	-0.97676583471027	-0.622367034091156	-0.695308828519974	-0.722435930814776	-1.0866211009212	-1.32372892626367	-1.09321533650682	-1.15296888601318	-0.645179789904158	-0.55533223899769	-1.04822828707268	-0.893273964372294	-0.960756354497879	-0.573939243465888
THR140A	0.29733657754504	-0.0155459294292596	0.0611739098132378	-0.0993619357765272	-0.421249426180094	-0.367785136685602	-0.0611058320811435	-0.129898632951108	-0.681124399112648	-0.79578911875709	-0.235993242131515	-0.457569532492323	0.396829280106087	-0.0269328833479085	-0.095627382096212	-0.0538910087761397
ALA161A	0.779571531042457	1.48463626049429	0.839628718205868	1.29531832639582	-0.0404013601698473	-0.106353350287656	0.451651802338885	1.06393166036146	0.24608021002424	1.34728948477944	0.0871230317992958	0.705312846184896	0.396829280106087	0.839408197676477	0.481125266171566	-0.0538910087761397
LEU252A	0.29733657754504	0.484514800545255	0.190916377878676	0.0749730969950159	0.071112465609828	0.572410817917614	0.451651802338885	0.467016513705175	-0.0629879930213892	-0.260019467872956	0.0969999484696699	0.307063801748056	0.396829280106087	0.839408197676477	-0.095627382096212	-0.0538910087761397
CYS238A	2.22627639153471	0.98457553051977	2.00731093079481	0.946648260852731	3.01488845970888	1.66452890354672	2.502682340019	1.06393166036146	3.43978497482908	1.70446925203553	0.702313841554028	1.00720695846827	1.11935806369547	0.839408197676477	1.63463056270712	2.02630192998285
MET246A	1.74404143803729	0.484514800545255	1.22885612240218	0.597978195309645	-0.556389062506311	-0.354059689068703	1.98992470559897	1.06393166036146	1.89444395960093	0.990109717523356	-0.313597587398741	-0.178828262301646	1.84188684728486	0.839408197676477	1.05787791443934	0.466157225913609
PRO142A	0.779571531042457	0.484514800545255	0.839628718205868	0.597978195309645	-0.0139404523577209	-0.670771476659232	-0.0611058320811435	-0.129898632951108	-0.475078930415562	-0.260019467872956	-0.645179789904158	-0.55533223899769	-1.04822828707268	-0.893273964372294	-0.960756354497879	-0.573939243465888
ASP208A	-0.667133329449795	-0.0155459294292596	-0.97676583471027	-0.448032001319613	-0.871084858986242	-0.722435930814776	-1.59937873534123	-1.32372892626367	-1.29926080520391	-0.974379002385134	-0.645179789904158	-0.55533223899769	-1.04822828707268	-0.893273964372294	-0.960756354497879	-0.573939243465888
LEU264A	0.29733657754504	0.98457553051977	0.0611739098132378	1.12098329362427	-0.448655366414082	-0.314878397753297	-0.573863466501172	-0.129898632951108	-0.784147133461192	-0.438609351501001	-0.481505170795101	-0.485982929117536	-0.325699503483298	-0.0269328833479085	-0.095627382096212	-0.573939243465888
LEU265A	1.26180648453987	0.484514800545255	1.22885612240218	1.29531832639582	-0.548828803131418	-0.212989014487928	0.964409436758914	0.467016513705175	1.27630755350967	0.454340066639222	-0.274089920717244	-0.342918870879423	1.84188684728486	-0.0269328833479085	0.481125266171566	-0.573939243465888
GLY187A	-0.667133329449795	-0.0155459294292596	-0.847023366644831	-0.622367034091156	-0.693418763676251	-0.688137820748128	-0.573863466501172	-0.129898632951108	-0.784147133461192	-0.617199235129045	-0.642357813712623	-0.55047426179082	-0.325699503483298	-0.0269328833479085	-0.095627382096212	-1.09398747815564
LEU188A	0.29733657754504	-1.01566738937829	0.190916377878676	-0.27369696854807	-0.695308828519974	-0.722435930814776	-0.0611058320811435	-0.726813779607392	-0.372056196067019	-0.438609351501001	-0.38273600409136	-0.55533223899769	1.84188684728486	-0.893273964372294	-0.095627382096212	-1.09398747815564
ALA189A	0.29733657754504	0.98457553051977	0.190916377878676	0.597978195309645	1.07851702731435	1.4621726014121	-0.0611058320811435	0.467016513705175	0.143057475675697	0.632929950267267	-0.645179789904158	-0.55533223899769	-0.325699503483298	-0.0269328833479085	-0.095627382096212	-1.09398747815564
TYR205A	0.779571531042457	-0.0155459294292596	1.74782599466394	1.29531832639582	3.46472389251503	0.699104337560132	1.47716707117894	0.467016513705175	1.48235302220676	1.1686996011514	2.63677852085159	1.50930807392177	0.396829280106087	-0.0269328833479085	1.05787791443934	0.466157225913609
GLY266A	1.26180648453987	1.9846969904688	0.969371186271307	1.99265845748199	0.576704811305814	1.41739728860739	0.451651802338885	1.06393166036146	0.452125678721327	0.811519833895311	-0.437764539826301	-0.198270914292796	-0.325699503483298	-0.0269328833479085	-0.095627382096212	-0.573939243465888
THR256A	0.29733657754504	0.98457553051977	0.450401314009553	1.46965335916736	1.44991476910598	2.38895291036288	-0.0611058320811435	0.467016513705175	-0.269033461718476	0.632929950267267	-0.536533706530043	-0.3970194055382	-0.325699503483298	-0.0269328833479085	-0.67238003036399	-0.0538910087761397
ARG110A	0.29733657754504	0.484514800545255	0.0611739098132378	0.423643162538102	0.187351453498812	0.599609696461092	0.964409436758914	1.06393166036146	0.658171147418413	0.990109717523356	0.935126877355704	1.49326387408463	1.84188684728486	2.57209035972525	1.63463056270712	2.5463501646726
GLY226A	-1.14936828294721	-0.515606659403774	-1.7552206431029	-1.31970716517733	-0.52142286289743	-0.142450210688826	-1.0866211009212	-0.726813779607392	-1.19623807085536	-1.15296888601318	-0.645179789904158	-0.55533223899769	-1.04822828707268	-0.893273964372294	-0.960756354497879	-0.573939243465888
SER227A	-1.14936828294721	-1.5157281193528	-1.49573570697202	-1.31970716517733	0.000235033970203882	-0.722435930814776	-0.573863466501172	-1.32372892626367	-0.990192602158278	-1.15296888601318	-0.645179789904158	-0.55533223899769	-1.04822828707268	-0.893273964372294	-0.960756354497879	-0.573939243465888
GLN192A	0.29733657754504	-0.515606659403774	-0.457795962448516	-0.448032001319613	-0.691528698832528	-0.722435930814776	-0.0611058320811435	-1.32372892626367	-0.681124399112648	-1.15296888601318	-0.639535837521087	-0.55533223899769	-0.325699503483298	-0.893273964372294	-0.384003706230101	-1.09398747815564
PRO190A	0.779571531042457	0.484514800545255	0.580143782074992	0.597978195309645	0.626791529664481	1.76209749188693	-1.0866211009212	-0.726813779607392	-0.784147133461192	-0.617199235129045	-0.645179789904158	-0.55533223899769	-0.325699503483298	-0.0269328833479085	-0.095627382096212	-1.09398747815564
VAL143A	0.779571531042457	0.98457553051977	0.70988625014043	0.946648260852731	-0.620651267192904	-0.463793650218068	0.451651802338885	0.467016513705175	-0.0629879930213892	0.275750183011178	-0.567575444636933	-0.421737865808784	-0.325699503483298	-0.0269328833479085	0.192748942037677	0.466157225913609
ASN235A	-0.184898375952377	0.484514800545255	-0.198311026317639	-0.0993619357765272	-0.190661515245851	0.315996991071253	-0.0611058320811435	0.467016513705175	-0.475078930415562	-0.438609351501001	-0.14569000400238	0.164777620287826	0.396829280106087	0.839408197676477	-0.095627382096212	0.466157225913609
LYS139A	-0.184898375952377	-1.5157281193528	-0.0685685582522006	-1.31970716517733	-0.177431061339787	-0.722435930814776	-0.0611058320811435	-1.32372892626367	-0.372056196067019	-1.15296888601318	-0.645179789904158	-0.55533223899769	-0.325699503483298	-0.893273964372294	-0.384003706230101	-1.09398747815564
ARG282A	1.74404143803729	1.48463626049429	0.969371186271307	0.946648260852731	0.987793914815634	0.802427742061614	1.47716707117894	1.66084680701774	1.27630755350967	1.52587936840749	0.335456936654417	-0.0156693340564841	-0.325699503483298	-0.0269328833479085	-0.384003706230101	-0.0538910087761397
PHE134A	0.29733657754504	0.484514800545255	0.839628718205868	0.597978195309645	-0.415579231648924	-0.350931564139505	0.451651802338885	0.467016513705175	0.761193881766957	1.1686996011514	-0.645179789904158	-0.55533223899769	-1.04822828707268	-0.893273964372294	-0.960756354497879	-0.573939243465888
ARG158A	1.74404143803729	0.98457553051977	1.35859859046762	0.249308129766559	3.85880241243134	2.43604140565273	0.964409436758914	1.06393166036146	0.452125678721327	0.275750183011178	4.11549404521618	4.33893484320471	1.84188684728486	2.57209035972525	2.2113832109749	3.06639839936235
GLU258A	0.29733657754504	-0.515606659403774	0.839628718205868	0.0749730969950159	0.607890881227248	-0.413196538358951	0.451651802338885	-0.726813779607392	0.658171147418413	-0.438609351501001	0.635997401052944	-0.0474262983925625	0.396829280106087	0.839408197676477	0.192748942037677	1.50625369529311
LYS164A	-0.667133329449795	-1.01566738937829	-0.328053494383077	-0.971037099634243	0.703339155835276	0.293305323808011	-0.0611058320811435	-0.726813779607392	-0.166010727369932	-0.617199235129045	0.624709496286802	1.01862522751219	0.396829280106087	-0.0269328833479085	-0.095627382096212	-0.0538910087761397
MET169A	0.29733657754504	-0.515606659403774	-0.328053494383077	-1.14537213240579	0.716569609741339	0.768284122806248	0.451651802338885	-0.129898632951108	0.24608021002424	-0.974379002385134	0.468089817656584	-0.55533223899769	1.11935806369547	-0.893273964372294	-0.095627382096212	-1.09398747815564
MET237A	1.26180648453987	0.484514800545255	0.969371186271307	0.249308129766559	0.319655992559443	-0.261673154271457	1.47716707117894	1.06393166036146	1.48235302220676	1.52587936840749	-0.645179789904158	-0.55533223899769	-1.04822828707268	-0.893273964372294	-0.960756354497879	-0.573939243465888
PRO152A	-0.184898375952377	-0.0155459294292596	-0.328053494383077	0.0749730969950159	-0.294615081650633	-0.371669952787045	-0.0611058320811435	0.467016513705175	0.143057475675697	0.632929950267267	-0.372859087420985	-0.167086906600634	0.396829280106087	0.839408197676477	-0.384003706230101	-0.573939243465888
LEU194A	0.29733657754504	0.98457553051977	1.22885612240218	1.81832342471045	-0.304065405869249	0.0174308115717102	0.964409436758914	1.66084680701774	1.5853757565553	2.41882878654771	-0.619782004180339	-0.531053096127016	-0.325699503483298	-0.0269328833479085	-0.095627382096212	-0.0538910087761397
ILE255A	1.26180648453987	0.484514800545255	2.13705339886025	1.29531832639582	1.6219106698848	0.666186707936164	0.964409436758914	-0.129898632951108	0.967239350464043	-0.260019467872956	1.96797016345768	1.16986895343218	1.11935806369547	0.839408197676477	1.92300688684101	1.50625369529311
TYR234A	0.779571531042457	-0.0155459294292596	1.35859859046762	0.423643162538102	0.714679544897615	-0.475047430596089	0.451651802338885	-0.129898632951108	0.55514841306987	-0.260019467872956	1.88331087771162	-0.03353523731817	2.56441563087424	1.70574927870086	3.07651218337657	3.06639839936235
CYS220A	0.29733657754504	0.98457553051977	0.70988625014043	1.6439883919389	-0.695308828519974	-0.475101041676661	0.964409436758914	1.66084680701774	1.5853757565553	2.59741867017576	-0.497026039848546	-0.353030312543386	-0.325699503483298	-0.0269328833479085	-0.095627382096212	0.986205460603357
THR155A	1.74404143803729	1.9846969904688	1.35859859046762	1.81832342471045	1.3213903597328	1.68420221576911	2.502682340019	2.85467710033031	2.40955763134365	2.7760085538038	1.65896377048455	2.27744828817388	1.84188684728486	2.57209035972525	1.34625423857323	1.50625369529311
VAL216A	1.74404143803729	2.48475772044331	1.35859859046762	1.99265845748199	0.967003201534677	2.15957809692931	1.47716707117894	2.25776195367403	1.5853757565553	2.24023890291967	1.86637902056241	3.73911961187478	1.84188684728486	2.57209035972525	1.63463056270712	2.02630192998285
GLY262A	-0.184898375952377	0.484514800545255	-0.847023366644831	-0.27369696854807	0.0474866550632866	0.801202231245829	-0.573863466501172	-0.129898632951108	-0.681124399112648	-0.617199235129045	-0.645179789904158	-0.55533223899769	-1.04822828707268	-0.893273964372294	-0.960756354497879	-0.573939243465888
PRO98A	0.29733657754504	0.484514800545255	0.320658845944115	-0.0993619357765272	0.634351789039375	1.2349218069216	0.451651802338885	0.467016513705175	0.452125678721327	0.275750183011178	-0.645179789904158	-0.55533223899769	-0.325699503483298	-0.893273964372294	-0.095627382096212	-1.09398747815564
VAL97A	0.29733657754504	0.484514800545255	-0.198311026317639	0.0749730969950159	-0.129234407824843	0.464183501983452	0.451651802338885	0.467016513705175	0.349102944372784	-0.438609351501001	0.38343053191052	1.21540045290617	-0.325699503483298	-0.0269328833479085	-0.384003706230101	-1.09398747815564
PRO219A	-0.667133329449795	-0.515606659403774	-0.717280898579393	-0.448032001319613	-0.696253860941836	-0.566467695985425	-0.573863466501172	-0.726813779607392	-0.784147133461192	-0.974379002385134	0.136507615151166	0.416999273083855	0.396829280106087	0.839408197676477	-0.384003706230101	0.466157225913609
VAL218A	0.779571531042457	1.48463626049429	0.580143782074992	0.946648260852731	0.50015718513502	0.437505635868255	0.451651802338885	1.06393166036146	0.55514841306987	1.1686996011514	0.689614948692118	0.311079230187348	0.396829280106087	0.839408197676477	0.481125266171566	1.50625369529311
GLN100A	-0.667133329449795	-1.01566738937829	-0.328053494383077	-0.7967020668627	-0.381558064461905	-0.454456293153727	-0.573863466501172	-0.726813779607392	-0.578101664764105	-0.617199235129045	0.4455140081243	-0.140080274336807	0.396829280106087	-0.0269328833479085	0.481125266171566	-0.0538910087761397
ILE254A	0.779571531042457	0.484514800545255	1.09911365433675	0.0749730969950159	0.383918197246036	0.731387277826976	0.451651802338885	1.06393166036146	-0.166010727369932	-0.0814295842449115	1.11714434170974	1.50557175019254	1.84188684728486	1.70574927870086	1.63463056270712	0.986205460603357
ILE232A	0.779571531042457	0.484514800545255	1.48834105853306	1.29531832639582	0.664592826538948	0.0688122455449879	0.451651802338885	0.467016513705175	0.658171147418413	0.990109717523356	1.1891047345939	0.474558928858604	1.84188684728486	1.70574927870086	2.78813585924268	2.5463501646726
ARG174A	-0.667133329449795	-0.515606659403774	-0.328053494383077	-0.448032001319613	-0.677353212504603	-0.641602164796255	-0.573863466501172	-0.129898632951108	-0.681124399112648	-0.438609351501001	-0.355927230271773	-0.430075034968684	-0.325699503483298	-0.0269328833479085	-0.384003706230101	0.466157225913609
ASN247A	-0.667133329449795	-0.515606659403774	-0.717280898579393	-1.14537213240579	-0.517642733209983	-0.476182273540589	-0.573863466501172	-0.129898632951108	-0.784147133461192	-0.617199235129045	-0.645179789904158	-0.55533223899769	-1.04822828707268	-0.893273964372294	-0.960756354497879	-0.573939243465888
MET243A	-0.184898375952377	-1.01566738937829	-0.847023366644831	-1.14537213240579	-0.693418763676251	-0.528213946587904	-0.0611058320811435	-0.726813779607392	-0.681124399112648	-0.79578911875709	-0.645179789904158	-0.55533223899769	-0.325699503483298	-0.893273964372294	-0.384003706230101	-1.09398747815564
ASN200A	-0.184898375952377	-1.01566738937829	-0.0685685582522006	-0.448032001319613	-0.383448129305628	-0.442470051370521	-0.0611058320811435	-0.726813779607392	-0.0629879930213892	-0.438609351501001	-0.645179789904158	-0.55533223899769	-1.04822828707268	-0.893273964372294	-0.960756354497879	-0.573939243465888
VAL197A	2.22627639153471	1.9846969904688	2.13705339886025	2.51566355579662	1.47921077418369	1.37950841209103	1.98992470559897	1.66084680701774	1.89444395960093	1.70446925203553	2.33200509216576	2.50519340132997	1.84188684728486	1.70574927870086	2.2113832109749	2.02630192998285
VAL272A	1.26180648453987	1.48463626049429	1.87756846272938	1.6439883919389	-0.187826417980266	0.215230866738381	-0.0611058320811435	-0.129898632951108	0.24608021002424	0.0971602993831331	-0.0511538015859421	0.4672719630483	-0.325699503483298	-0.0269328833479085	-0.384003706230101	-1.09398747815564
VAL274A	2.70851134503213	2.98481845041783	2.13705339886025	2.68999858856816	3.99205198391384	6.94361957205994	2.502682340019	2.85467710033031	2.82164856873782	2.95459843743185	0.133685638959631	0.346675865501853	1.84188684728486	1.70574927870086	1.05787791443934	-0.0538910087761397
GLN136A	0.29733657754504	-0.0155459294292596	0.70988625014043	-0.622367034091156	1.37620224020077	0.245568094586855	0.964409436758914	0.467016513705175	1.07026208481259	-0.79578911875709	0.923838972589562	0.126084111200939	1.11935806369547	0.839408197676477	1.05787791443934	0.466157225913609
LEU130A	0.779571531042457	0.98457553051977	-0.328053494383077	0.249308129766559	0.141989897249452	0.44994234710241	0.964409436758914	1.66084680701774	0.24608021002424	0.990109717523356	-0.645179789904158	-0.55533223899769	-1.04822828707268	-0.893273964372294	-0.960756354497879	-0.573939243465888
SER127A	-0.184898375952377	-0.0155459294292596	-0.328053494383077	-0.0993619357765272	-0.198221774620744	-0.227536597010888	0.451651802338885	0.467016513705175	0.24608021002424	0.454340066639222	-0.645179789904158	-0.55533223899769	-1.04822828707268	-0.893273964372294	-0.960756354497879	-0.573939243465888
LEU114A	-1.14936828294721	-0.515606659403774	-0.717280898579393	-0.448032001319613	-0.663177726176678	-0.524863278213493	-0.573863466501172	-0.129898632951108	-0.784147133461192	-0.438609351501001	-0.645179789904158	-0.55533223899769	-1.04822828707268	-0.893273964372294	-0.960756354497879	-0.573939243465888
VAL225A	-1.63160323644463	-1.01566738937829	-1.7552206431029	-1.14537213240579	-0.871084858986242	-0.722435930814776	-1.59937873534123	-1.32372892626367	-1.29926080520391	-0.974379002385134	-0.645179789904158	-0.55533223899769	-1.04822828707268	-0.893273964372294	-0.960756354497879	-0.573939243465888
ALA276A	-0.184898375952377	-0.515606659403774	-0.198311026317639	-0.448032001319613	-0.670737985551571	-0.722435930814776	-0.573863466501172	-1.32372892626367	-0.0629879930213892	-1.15296888601318	-0.394023908857501	-0.55533223899769	-0.325699503483298	-0.893273964372294	-0.384003706230101	-1.09398747815564
TYR103A	-0.184898375952377	-1.01566738937829	-0.457795962448516	-0.448032001319613	0.0663873035005198	-0.669110958367726	-0.0611058320811435	-0.726813779607392	-0.269033461718476	-0.260019467872956	-0.155566920672754	-0.472701708680559	-0.325699503483298	-0.0269328833479085	-0.67238003036399	-0.0538910087761397
ALA159A	0.29733657754504	0.98457553051977	1.09911365433675	1.29531832639582	-0.253978687510581	-0.17644673893218	-0.0611058320811435	0.467016513705175	0.143057475675697	0.632929950267267	-0.257158063568031	-0.00170657334692761	1.11935806369547	1.70574927870086	2.2113832109749	3.06639839936235
CYS275A	0.779571531042457	1.48463626049429	0.580143782074992	1.12098329362427	-0.492126857819719	-0.379994692425856	0.451651802338885	1.06393166036146	0.8642166161155	1.88305913566358	-0.570397420828468	-0.497889845140544	-0.325699503483298	-0.0269328833479085	-0.095627382096212	0.466157225913609
LEU133A	0.29733657754504	0.98457553051977	0.839628718205868	1.46965335916736	-0.113168856653195	0.470039233463076	0.964409436758914	1.66084680701774	1.17328481916113	1.52587936840749	0.249386662812585	0.984646535579881	1.11935806369547	1.70574927870086	1.05787791443934	-0.0538910087761397
ASP207A	-0.667133329449795	-0.515606659403774	-0.717280898579393	0.0749730969950159	-0.729329995706994	-0.685712118910093	-0.573863466501172	-0.129898632951108	-0.475078930415562	0.454340066639222	-0.457518373167049	-0.505096912281021	-0.325699503483298	-0.0269328833479085	-0.384003706230101	0.466157225913609
HIS193A	0.779571531042457	1.48463626049429	0.190916377878676	0.597978195309645	-0.328636248837652	0.00853314710955013	0.964409436758914	1.66084680701774	0.55514841306987	0.990109717523356	0.164727377066521	0.577352125992587	1.11935806369547	1.70574927870086	0.769501590305455	1.50625369529311
LEU206A	-0.184898375952377	-0.515606659403774	0.0611739098132378	-0.27369696854807	-0.663177726176678	-0.657873450357909	-0.0611058320811435	-0.726813779607392	0.0400347413271541	-0.438609351501001	-0.334762408835257	-0.455288455495737	1.11935806369547	-0.0269328833479085	1.92300688684101	0.986205460603357
ASN131A	-0.667133329449795	-0.515606659403774	-0.587538430513954	-0.971037099634243	1.07379186520504	1.19778706149411	-0.0611058320811435	-0.129898632951108	-0.269033461718476	-0.79578911875709	1.08328062741132	2.42017880020976	0.396829280106087	0.839408197676477	0.192748942037677	-1.09398747815564
PHE270A	1.26180648453987	-0.515606659403774	0.969371186271307	-0.27369696854807	3.62632443665338	-0.0751711015583905	1.47716707117894	-0.129898632951108	1.37933028785822	0.0971602993831331	4.96349789077258	-0.55533223899769	1.84188684728486	-0.893273964372294	1.63463056270712	-1.09398747815564
GLY244A	-0.667133329449795	-0.0155459294292596	-0.717280898579393	-0.0993619357765272	-0.695308828519974	-0.613330886170725	-0.573863466501172	-0.129898632951108	-0.784147133461192	-0.0814295842449115	-0.426476635060159	-0.418346535315384	-0.325699503483298	-0.0269328833479085	-0.384003706230101	0.466157225913609
GLY245A	0.779571531042457	1.48463626049429	0.580143782074992	1.29531832639582	1.37147707809147	2.20146486329753	0.451651802338885	1.06393166036146	0.24608021002424	1.1686996011514	-0.645179789904158	-0.55533223899769	-1.04822828707268	-0.893273964372294	-0.960756354497879	-0.573939243465888
LYS132A	-0.667133329449795	-0.515606659403774	-0.457795962448516	-0.622367034091156	1.53685775191726	2.0985585530765	-0.573863466501172	-0.129898632951108	-0.578101664764105	-0.0814295842449115	1.64203191333534	2.24972659921453	-0.325699503483298	-0.0269328833479085	-0.67238003036399	-0.0538910087761397
GLU198A	-0.184898375952377	-0.515606659403774	-0.0685685582522006	-0.448032001319613	-0.570564548834236	-0.555828318383167	-0.0611058320811435	-0.129898632951108	-0.578101664764105	-0.260019467872956	-0.303720670728366	-0.297162853467021	0.396829280106087	0.839408197676477	-0.095627382096212	0.466157225913609
ASP228A	-0.667133329449795	-1.01566738937829	-0.97676583471027	-1.31970716517733	0.342336770684123	0.142840062454209	-0.0611058320811435	-0.726813779607392	-0.475078930415562	-1.15296888601318	0.387663496197823	-0.55533223899769	-0.325699503483298	-0.893273964372294	-0.095627382096212	-1.09398747815564
PRO191A	-0.667133329449795	-0.515606659403774	-0.0685685582522006	-0.448032001319613	0.671208053491979	-0.722435930814776	-1.0866211009212	-1.32372892626367	-0.784147133461192	-1.15296888601318	-0.645179789904158	-0.55533223899769	-1.04822828707268	-0.893273964372294	-0.960756354497879	-0.573939243465888
ALA138A	-0.667133329449795	-0.0155459294292596	-0.0685685582522006	0.0749730969950159	-0.685858504301358	-0.518929834357596	-0.573863466501172	-0.129898632951108	-0.475078930415562	-0.438609351501001	-0.645179789904158	-0.55533223899769	-1.04822828707268	-0.893273964372294	-0.960756354497879	-0.573939243465888
LEU137A	1.26180648453987	1.48463626049429	1.74782599466394	1.12098329362427	0.04937671990701	0.194279007283645	1.47716707117894	1.66084680701774	2.71862583438928	1.88305913566358	-0.512546908901991	-0.354174801579813	-0.325699503483298	-0.0269328833479085	-0.67238003036399	-0.573939243465888
GLY112A	-0.184898375952377	0.484514800545255	-0.198311026317639	0.423643162538102	0.383918197246036	0.968568153614522	-0.573863466501172	-0.129898632951108	-0.681124399112648	-0.438609351501001	-0.645179789904158	-0.55533223899769	-1.04822828707268	-0.893273964372294	-0.960756354497879	-0.573939243465888
PHE113A	-0.667133329449795	-1.01566738937829	-0.457795962448516	-0.971037099634243	0.411324137480024	1.26989339426653	-0.573863466501172	-0.726813779607392	-0.372056196067019	-0.79578911875709	1.14818607981663	2.53191227596776	-0.325699503483298	-0.0269328833479085	-0.095627382096212	-1.09398747815564
HIS214A	-0.184898375952377	0.484514800545255	-0.457795962448516	0.0749730969950159	-0.339976637899992	-0.316939408011603	0.451651802338885	1.06393166036146	-0.166010727369932	0.454340066639222	0.123808722289257	0.0383889417556934	1.11935806369547	1.70574927870086	0.192748942037677	0.986205460603357
VAL172A	-0.184898375952377	0.484514800545255	0.0611739098132378	1.12098329362427	0.114583957015464	0.912496788351079	-0.0611058320811435	0.467016513705175	-0.166010727369932	0.275750183011178	0.860344508280014	1.41388343165069	-0.325699503483298	-0.0269328833479085	-0.384003706230101	0.466157225913609
SER261A	-0.184898375952377	-1.5157281193528	-0.97676583471027	-1.31970716517733	-0.871084858986242	-0.722435930814776	-1.0866211009212	-1.32372892626367	-1.09321533650682	-1.15296888601318	-0.645179789904158	-0.55533223899769	-1.04822828707268	-0.893273964372294	-0.960756354497879	-0.573939243465888
ILE195A	-0.184898375952377	-0.0155459294292596	0.969371186271307	0.597978195309645	-0.339976637899992	-0.381498379119116	0.451651802338885	0.467016513705175	0.8642166161155	0.811519833895311	-0.323474504069115	-0.55533223899769	-0.325699503483298	-0.893273964372294	-0.095627382096212	-1.09398747815564
LEU257A	1.74404143803729	1.48463626049429	1.6180835265985	1.81832342471045	2.08592158901888	1.99091723115299	1.98992470559897	2.25776195367403	2.61560310004073	2.95459843743185	1.04518394882559	0.376123696785231	0.396829280106087	0.839408197676477	1.05787791443934	1.50625369529311
PHE109A	0.779571531042457	-0.515606659403774	2.13705339886025	0.249308129766559	1.52929749254236	0.124029714774449	0.964409436758914	-0.726813779607392	1.37933028785822	-0.79578911875709	1.11714434170974	0.078633786498755	1.11935806369547	-0.0269328833479085	1.34625423857323	0.986205460603357
ASP259A	0.29733657754504	0.484514800545255	-0.457795962448516	-0.7967020668627	-0.431644782820573	-0.45013678874561	-0.573863466501172	-0.726813779607392	-0.578101664764105	-0.79578911875709	-0.645179789904158	-0.55533223899769	-1.04822828707268	-0.893273964372294	-0.960756354497879	-0.573939243465888
LEU145A	-0.184898375952377	0.484514800545255	0.70988625014043	1.46965335916736	-0.10466356485644	0.0413046343523323	-0.0611058320811435	0.467016513705175	0.143057475675697	1.1686996011514	-0.461751337454353	-0.397447979774437	-0.325699503483298	-0.0269328833479085	-0.384003706230101	-0.0538910087761397
SER96A	-0.667133329449795	-1.01566738937829	-0.457795962448516	-0.622367034091156	-0.695308828519974	-0.722435930814776	-0.0611058320811435	-0.726813779607392	0.143057475675697	-0.79578911875709	-0.645179789904158	-0.55533223899769	-1.04822828707268	-0.893273964372294	-0.960756354497879	-0.573939243465888
ASP268A	-0.667133329449795	-0.0155459294292596	-0.457795962448516	0.249308129766559	-0.695308828519974	-0.53071451255359	-0.573863466501172	-0.129898632951108	-0.372056196067019	0.454340066639222	-0.38273600409136	-0.258247369806152	-0.325699503483298	-0.0269328833479085	-0.095627382096212	0.986205460603357
SER269A	-1.14936828294721	-1.5157281193528	-1.36599323890658	-1.31970716517733	-0.695308828519974	-0.722435930814776	-1.0866211009212	-1.32372892626367	-1.09321533650682	-1.15296888601318	-0.38273600409136	-0.55533223899769	-0.325699503483298	-0.893273964372294	-0.67238003036399	-1.09398747815564
SER185A	-0.184898375952377	-0.515606659403774	-0.587538430513954	-0.622367034091156	-0.695308828519974	-0.462038593898508	-0.0611058320811435	-0.129898632951108	-0.269033461718476	-0.438609351501001	-0.645179789904158	-0.55533223899769	-1.04822828707268	-0.893273964372294	-0.960756354497879	-0.573939243465888
ASP186A	-0.184898375952377	-0.0155459294292596	-0.717280898579393	-0.27369696854807	-0.00543516056096605	0.355017669567506	-0.0611058320811435	-0.129898632951108	-0.475078930415562	-0.438609351501001	-0.385557980282895	-0.108398335965713	-0.325699503483298	-0.0269328833479085	-0.095627382096212	-1.09398747815564
ASN263A	-0.667133329449795	-0.515606659403774	-1.10650830277571	-0.7967020668627	-0.319185924619036	-0.601285300582284	-0.0611058320811435	-0.129898632951108	-0.887169867809735	-0.974379002385134	-0.645179789904158	-0.55533223899769	-1.04822828707268	-0.893273964372294	-0.960756354497879	-0.573939243465888
SER166A	-1.14936828294721	-1.5157281193528	-1.10650830277571	-1.31970716517733	-0.696253860941836	-0.722435930814776	-1.0866211009212	-1.32372892626367	-0.990192602158278	-1.15296888601318	-0.645179789904158	-0.55533223899769	-1.04822828707268	-0.893273964372294	-0.960756354497879	-0.573939243465888
THR123A	-0.184898375952377	-0.0155459294292596	0.450401314009553	0.423643162538102	-0.596080424224501	-0.427011603725823	-0.0611058320811435	-0.129898632951108	0.452125678721327	-0.0814295842449115	0.0885340198950635	0.18706646724385	1.84188684728486	1.70574927870086	2.78813585924268	2.5463501646726
TYR107A	-0.184898375952377	-1.01566738937829	-0.198311026317639	-0.971037099634243	-0.723659801175824	-0.670453955765724	-0.0611058320811435	-0.726813779607392	-0.269033461718476	-0.617199235129045	-0.426476635060159	-0.474782770931858	-0.325699503483298	-0.0269328833479085	-0.67238003036399	-0.0538910087761397
VAL122A	1.74404143803729	1.48463626049429	0.969371186271307	1.46965335916736	-0.418414328914509	-0.0702357282080122	0.964409436758914	1.06393166036146	0.8642166161155	0.632929950267267	0.366498674761307	0.449841307996796	2.56441563087424	2.57209035972525	1.92300688684101	0.986205460603357
ARG248A	-0.667133329449795	-0.515606659403774	-0.847023366644831	-0.971037099634243	-0.695308828519974	-0.576655736296632	-0.0611058320811435	-0.129898632951108	-0.475078930415562	-0.617199235129045	-0.645179789904158	-0.55533223899769	-0.325699503483298	-0.893273964372294	-0.384003706230101	-1.09398747815564
GLY105A	0.779571531042457	1.48463626049429	0.190916377878676	0.772313228081188	-0.36738257813398	0.0597320395142048	0.964409436758914	1.66084680701774	0.452125678721327	0.632929950267267	-0.155566920672754	0.204896276077004	0.396829280106087	0.839408197676477	0.192748942037677	-0.0538910087761397
VAL157A	1.74404143803729	1.9846969904688	1.74782599466394	2.51566355579662	-0.341866702743715	-0.320364749159894	1.47716707117894	1.66084680701774	1.48235302220676	2.24023890291967	-0.128758146853167	-0.206772374404817	1.11935806369547	0.839408197676477	1.05787791443934	0.986205460603357
LEU111A	1.26180648453987	1.48463626049429	1.09911365433675	0.946648260852731	1.74192978746123	3.19276856100509	0.964409436758914	1.66084680701774	0.658171147418413	0.990109717523356	3.58355153311174	5.79329571080799	1.84188684728486	2.57209035972525	1.92300688684101	0.986205460603357
PRO278A	2.22627639153471	1.9846969904688	1.48834105853306	2.16699349025353	0.353677159746463	0.619368870341477	2.502682340019	2.25776195367403	1.68839849090385	0.990109717523356	0.442692031932765	1.31741797425043	1.11935806369547	1.70574927870086	1.34625423857323	2.02630192998285
GLU285A	0.29733657754504	-0.0155459294292596	0.320658845944115	-0.27369696854807	0.510552541775498	-0.280108071236247	0.451651802338885	0.467016513705175	0.143057475675697	0.0971602993831331	-0.645179789904158	-0.55533223899769	-1.04822828707268	-0.893273964372294	-0.960756354497879	-0.573939243465888
THR284A	-0.667133329449795	-0.0155459294292596	-1.10650830277571	-0.7967020668627	-0.871084858986242	-0.722435930814776	-1.59937873534123	-1.32372892626367	-1.29926080520391	-0.974379002385134	-0.645179789904158	-0.55533223899769	-1.04822828707268	-0.893273964372294	-0.960756354497879	-0.573939243465888
CYS135A	-0.184898375952377	-0.0155459294292596	1.35859859046762	1.12098329362427	-0.26437404415106	-0.429170014813239	0.451651802338885	0.467016513705175	1.48235302220676	1.34728948477944	-0.0469208372986389	-0.282625199485899	0.396829280106087	-0.0269328833479085	0.481125266171566	0.466157225913609
GLN144A	0.779571531042457	-0.0155459294292596	0.0611739098132378	-0.27369696854807	0.653252437476608	-0.23614227131179	-0.0611058320811435	-0.129898632951108	-0.578101664764105	-0.438609351501001	-0.415188730294017	-0.55533223899769	-0.325699503483298	-0.893273964372294	-0.384003706230101	-1.09398747815564
PRO223A	-0.667133329449795	-0.515606659403774	-1.10650830277571	-0.622367034091156	-0.695308828519974	-0.550007743750304	-0.0611058320811435	-0.129898632951108	-0.475078930415562	-0.438609351501001	-0.53794469462581	-0.55533223899769	-0.325699503483298	-0.893273964372294	-0.67238003036399	-1.09398747815564
GLU286A	-0.667133329449795	-0.515606659403774	-0.328053494383077	-0.27369696854807	-0.826668335158745	-0.685236012257893	-0.573863466501172	-0.726813779607392	-0.475078930415562	-0.617199235129045	-0.645179789904158	-0.55533223899769	-1.04822828707268	-0.893273964372294	-0.960756354497879	-0.573939243465888
SER240A	-0.667133329449795	-0.515606659403774	0.320658845944115	0.423643162538102	-0.695308828519974	-0.476333882004575	-0.0611058320811435	-0.129898632951108	0.55514841306987	0.454340066639222	-0.423654658868624	-0.173981028258449	0.396829280106087	0.839408197676477	0.769501590305455	0.466157225913609
ARG209A	-1.14936828294721	-1.5157281193528	-1.49573570697202	-1.31970716517733	-0.871084858986242	-0.722435930814776	-1.59937873534123	-1.32372892626367	-1.29926080520391	-0.974379002385134	-0.645179789904158	-0.55533223899769	-1.04822828707268	-0.893273964372294	-0.960756354497879	-0.573939243465888
ASN210A	-0.667133329449795	-1.01566738937829	-0.97676583471027	-1.31970716517733	-0.871084858986242	-0.722435930814776	-1.59937873534123	-1.32372892626367	-1.29926080520391	-0.974379002385134	-0.645179789904158	-0.55533223899769	-1.04822828707268	-0.893273964372294	-0.960756354497879	-0.573939243465888
ALA119A	-0.667133329449795	-0.515606659403774	-0.587538430513954	-0.7967020668627	-0.52142286289743	-0.142450210688826	-1.0866211009212	-0.726813779607392	-0.887169867809735	-0.617199235129045	-0.645179789904158	-0.55533223899769	-0.325699503483298	-0.893273964372294	0.192748942037677	-1.09398747815564
LYS120A	-1.63160323644463	-1.5157281193528	-1.62547817503746	-1.31970716517733	-0.871084858986242	-0.722435930814776	-1.59937873534123	-1.32372892626367	-1.29926080520391	-0.974379002385134	-0.645179789904158	-0.55533223899769	-1.04822828707268	-0.893273964372294	-0.960756354497879	-0.573939243465888
HIS178A	-0.184898375952377	-1.01566738937829	-0.328053494383077	-0.971037099634243	-0.802097492190342	-0.721550870227506	-0.573863466501172	-0.726813779607392	-0.475078930415562	-0.79578911875709	-0.485738135082404	-0.55533223899769	-0.325699503483298	-0.893273964372294	-0.095627382096212	-1.09398747815564
CYS277A	0.29733657754504	-0.515606659403774	-0.328053494383077	-0.971037099634243	-0.822888205471298	-0.722435930814776	-1.0866211009212	-1.32372892626367	-0.578101664764105	-1.15296888601318	-0.645179789904158	-0.55533223899769	-1.04822828707268	-0.893273964372294	-0.960756354497879	-0.573939243465888
HIS168A	-0.667133329449795	-0.515606659403774	-0.847023366644831	-0.27369696854807	-0.695308828519974	-0.584463159434769	-0.573863466501172	-0.726813779607392	-0.475078930415562	-0.260019467872956	-0.385557980282895	-0.341534411351838	-0.325699503483298	-0.0269328833479085	-0.095627382096212	0.466157225913609
ARG280A	-0.667133329449795	-1.5157281193528	-0.717280898579393	-1.31970716517733	-0.871084858986242	-0.722435930814776	-1.59937873534123	-1.32372892626367	-1.29926080520391	-0.974379002385134	-0.645179789904158	-0.55533223899769	-1.04822828707268	-0.893273964372294	-0.960756354497879	-0.573939243465888
PHE212A	-1.14936828294721	-1.5157281193528	-0.97676583471027	-1.31970716517733	-0.695308828519974	-0.722435930814776	-1.0866211009212	-1.32372892626367	-1.09321533650682	-1.15296888601318	-0.645179789904158	-0.55533223899769	-1.04822828707268	-0.893273964372294	-0.960756354497879	-0.573939243465888
ARG267A	-0.184898375952377	-0.0155459294292596	-0.457795962448516	-0.27369696854807	-0.362657416024672	-0.013884210322737	-0.573863466501172	-0.129898632951108	-1.09321533650682	-0.974379002385134	-0.0497428134901744	0.260852287374387	-0.325699503483298	-0.0269328833479085	-0.095627382096212	0.466157225913609
LYS101A	-1.14936828294721	-1.5157281193528	-1.10650830277571	-1.31970716517733	-0.76146109805029	-0.722435930814776	-1.0866211009212	-1.32372892626367	-1.19623807085536	-1.15296888601318	-0.546410623200417	-0.55533223899769	-0.325699503483298	-0.893273964372294	-0.095627382096212	-1.09398747815564
CYS182A	0.29733657754504	-0.0155459294292596	-0.717280898579393	-0.27369696854807	-0.52142286289743	-0.143335271276096	-0.573863466501172	-0.129898632951108	-0.475078930415562	-0.0814295842449115	-0.645179789904158	-0.55533223899769	-1.04822828707268	-0.893273964372294	-0.960756354497879	-0.573939243465888
PRO151A	-0.184898375952377	-0.515606659403774	-0.457795962448516	-1.14537213240579	-0.345646832431162	-0.535853434099505	0.451651802338885	-0.129898632951108	0.143057475675697	-0.79578911875709	-0.125936170661632	-0.55533223899769	0.396829280106087	-0.893273964372294	0.481125266171566	-1.09398747815564
THR150A	-1.63160323644463	-1.01566738937829	-1.49573570697202	-1.14537213240579	-0.695308828519974	-0.614322980547132	-1.0866211009212	-0.726813779607392	-0.990192602158278	-0.79578911875709	-0.645179789904158	-0.55533223899769	-1.04822828707268	-0.893273964372294	-0.960756354497879	-0.573939243465888
SER99A	-0.184898375952377	-0.0155459294292596	-0.457795962448516	-0.7967020668627	-0.364547480868395	-0.587657063664217	-0.573863466501172	-0.726813779607392	-0.784147133461192	-0.79578911875709	0.681149020117512	0.634827821067258	1.84188684728486	1.70574927870086	1.05787791443934	-0.0538910087761397
SER149A	-0.667133329449795	-1.01566738937829	-0.717280898579393	-1.14537213240579	-0.695308828519974	-0.720868401841463	-0.0611058320811435	-0.726813779607392	-0.166010727369932	-0.974379002385134	-0.645179789904158	-0.55533223899769	-1.04822828707268	-0.893273964372294	-0.960756354497879	-0.573939243465888
GLY117A	-0.667133329449795	-0.0155459294292596	-0.587538430513954	-0.0993619357765272	-0.605530748443117	-0.482140467975802	-0.573863466501172	-0.129898632951108	-0.269033461718476	0.275750183011178	-0.134402099236238	0.0298741482842791	0.396829280106087	0.839408197676477	0.192748942037677	-0.0538910087761397
SER116A	-1.14936828294721	-1.5157281193528	-0.847023366644831	-1.31970716517733	-0.786976973440555	-0.722435930814776	-1.0866211009212	-1.32372892626367	-0.887169867809735	-1.15296888601318	-0.38273600409136	-0.55533223899769	0.396829280106087	-0.893273964372294	0.769501590305455	-1.09398747815564
SER215A	0.29733657754504	-0.515606659403774	0.580143782074992	-0.27369696854807	0.285634825372424	-0.212914812906721	0.451651802338885	-0.129898632951108	0.143057475675697	-0.260019467872956	1.15524102029547	0.234204037318733	1.84188684728486	0.839408197676477	2.78813585924268	1.50625369529311
ARG202A	-1.14936828294721	-1.01566738937829	-0.97676583471027	-1.14537213240579	-0.696253860941836	-0.588411305581152	-1.0866211009212	-0.726813779607392	-1.19623807085536	-0.974379002385134	-0.384146992187127	-0.347652321870575	-0.325699503483298	-0.0269328833479085	-0.67238003036399	-0.0538910087761397
ILE251A	0.29733657754504	0.484514800545255	1.09911365433675	1.6439883919389	-0.724604833597686	-0.547656450290334	0.451651802338885	1.06393166036146	0.55514841306987	1.52587936840749	-0.645179789904158	-0.55533223899769	-0.325699503483298	-0.0269328833479085	-0.095627382096212	-0.0538910087761397
PRO177A	-0.184898375952377	0.484514800545255	-0.457795962448516	0.0749730969950159	-0.724604833597686	-0.567871602338379	-0.573863466501172	-0.129898632951108	-0.887169867809735	-0.617199235129045	0.043382400830496	0.227347100408539	1.11935806369547	1.70574927870086	0.481125266171566	1.50625369529311
LEU289A	-1.14936828294721	-0.515606659403774	-0.97676583471027	-0.27369696854807	-0.695308828519974	-0.61745605032216	-0.573863466501172	-0.129898632951108	-0.784147133461192	-0.0814295842449115	-0.645179789904158	-0.55533223899769	-1.04822828707268	-0.893273964372294	-0.960756354497879	-0.573939243465888
MET160A	-0.184898375952377	-1.01566738937829	-0.0685685582522006	-0.971037099634243	-0.270989271104091	0.178893228840417	-0.573863466501172	-0.726813779607392	-0.578101664764105	-0.79578911875709	0.898441186865743	0.841336207977236	1.11935806369547	-0.0269328833479085	1.34625423857323	-0.0538910087761397
THR102A	-1.63160323644463	-1.01566738937829	-1.49573570697202	-1.14537213240579	-0.871084858986242	-0.722435930814776	-1.59937873534123	-1.32372892626367	-1.29926080520391	-0.974379002385134	-0.645179789904158	-0.55533223899769	-1.04822828707268	-0.893273964372294	-0.960756354497879	-0.573939243465888
GLY199A	-1.14936828294721	-0.515606659403774	-1.23625077084115	-0.7967020668627	-0.634826753520829	-0.330553687486431	-0.573863466501172	-0.129898632951108	-0.784147133461192	-0.617199235129045	-0.645179789904158	-0.55533223899769	-1.04822828707268	-0.893273964372294	-0.960756354497879	-0.573939243465888
ASN288A	-1.63160323644463	-1.01566738937829	-1.62547817503746	-0.971037099634243	-0.871084858986242	-0.722435930814776	-1.59937873534123	-1.32372892626367	-1.29926080520391	-0.974379002385134	-0.645179789904158	-0.55533223899769	-1.04822828707268	-0.893273964372294	-0.960756354497879	-0.573939243465888
SER106A	-1.63160323644463	-1.5157281193528	-1.23625077084115	-1.31970716517733	-0.695308828519974	-0.722435930814776	-1.0866211009212	-1.32372892626367	-0.887169867809735	-1.15296888601318	-0.645179789904158	-0.55533223899769	-1.04822828707268	-0.893273964372294	-0.960756354497879	-0.573939243465888
SER260A	-0.667133329449795	-1.01566738937829	-0.847023366644831	-1.31970716517733	-0.817218010940128	-0.722435930814776	-1.0866211009212	-1.32372892626367	-1.09321533650682	-1.15296888601318	-0.645179789904158	-0.55533223899769	-1.04822828707268	-0.893273964372294	-0.960756354497879	-0.573939243465888
THR170A	-0.184898375952377	-0.0155459294292596	-0.457795962448516	-0.27369696854807	-0.752010773831674	-0.678545119562001	-0.573863466501172	-0.726813779607392	-0.166010727369932	-0.617199235129045	-0.560520504158094	-0.40959292279161	0.396829280106087	0.839408197676477	0.192748942037677	-0.573939243465888
SER183A	-1.63160323644463	-1.01566738937829	-1.49573570697202	-0.7967020668627	-0.871084858986242	-0.722435930814776	-1.59937873534123	-1.32372892626367	-1.29926080520391	-0.974379002385134	-0.645179789904158	-0.55533223899769	-1.04822828707268	-0.893273964372294	-0.960756354497879	-0.573939243465888
GLU180A	-1.63160323644463	-1.01566738937829	-1.36599323890658	-0.971037099634243	-0.695308828519974	-0.430875541778487	-1.0866211009212	-0.726813779607392	-1.09321533650682	-1.15296888601318	-0.645179789904158	-0.55533223899769	-1.04822828707268	-0.893273964372294	-0.960756354497879	-0.573939243465888
SER121A	-1.63160323644463	-1.01566738937829	-0.97676583471027	-0.27369696854807	-0.871084858986242	-0.722435930814776	-1.59937873534123	-1.32372892626367	-1.29926080520391	-0.974379002385134	-0.38273600409136	-0.103540358758844	-0.325699503483298	-0.0269328833479085	0.192748942037677	0.986205460603357
HIS115A	-2.11383818994205	-1.5157281193528	-1.88496311116834	-1.31970716517733	-0.871084858986242	-0.722435930814776	-1.59937873534123	-1.32372892626367	-1.29926080520391	-0.974379002385134	-0.645179789904158	-0.55533223899769	-1.04822828707268	-0.893273964372294	-0.960756354497879	-0.573939243465888
ARG181A	-2.11383818994205	-1.5157281193528	-1.88496311116834	-1.31970716517733	-0.871084858986242	-0.722435930814776	-1.59937873534123	-1.32372892626367	-1.29926080520391	-0.974379002385134	-0.645179789904158	-0.55533223899769	-1.04822828707268	-0.893273964372294	-0.960756354497879	-0.573939243465888
LEU201A	-2.11383818994205	-1.5157281193528	-1.88496311116834	-1.31970716517733	-0.871084858986242	-0.722435930814776	-1.59937873534123	-1.32372892626367	-1.29926080520391	-0.974379002385134	-0.645179789904158	-0.55533223899769	-1.04822828707268	-0.893273964372294	-0.960756354497879	-0.573939243465888
GLU224A	-2.11383818994205	-1.5157281193528	-1.88496311116834	-1.31970716517733	-0.871084858986242	-0.722435930814776	-1.59937873534123	-1.32372892626367	-1.29926080520391	-0.974379002385134	-0.645179789904158	-0.55533223899769	-1.04822828707268	-0.893273964372294	-0.960756354497879	-0.573939243465888
GLU287A	-2.11383818994205	-1.5157281193528	-1.88496311116834	-1.31970716517733	-0.871084858986242	-0.722435930814776	-1.59937873534123	-1.32372892626367	-1.29926080520391	-0.974379002385134	-0.645179789904158	-0.55533223899769	-1.04822828707268	-0.893273964372294	-0.960756354497879	-0.573939243465888
ARG290A	-2.11383818994205	-1.5157281193528	-1.88496311116834	-1.31970716517733	-0.871084858986242	-0.722435930814776	-1.59937873534123	-1.32372892626367	-1.29926080520391	-0.974379002385134	-0.645179789904158	-0.55533223899769	-1.04822828707268	-0.893273964372294	-0.960756354497879	-0.573939243465888
