Degree	Degree_sidechain	SecondOrderDegree	SecondOrderDegree_sidechain	NodeEdgeBetweennessSTRIDE	NodeEdgeBetweennessSTRIDE_sidechain	IntermodularDegreeSTRIDE	IntermodularDegreeSTRIDE_sidechain	SecondOrderIntermodularDegreeSTRIDE	SecondOrderIntermodularDegreeSTRIDE_sidechain	NodeEdgeBetweennessWALKTRAP	NodeEdgeBetweennessWALKTRAP_sidechain	IntermodularDegreeWALKTRAP	IntermodularDegreeWALKTRAP_sidechain	SecondOrderIntermodularDegreeWALKTRAP	SecondOrderIntermodularDegreeWALKTRAP_sidechain
CYS229A	6	4	16	9	2553	917.946746677923	6	4	18	9	559	1	2	1	2	0
TRP146A	7	3	20	3	1710	447.744522205048	6	3	20	3	1204	1	3	1	3	0
ARG273A	7	3	25	7	587	369.054502699228	5	3	13	6	721	1	4	1	9	0
ASP281A	4	3	15	7	189	47.2238074935704	3	3	8	6	1	1	1	1	1	1
ARG196A	8	6	26	13	1366	560.13481116093	7	6	27	16	753	98.7278712531352	5	3	13	2
ASP184A	5	5	16	11	189	43.4318416052561	5	5	20	14	1	1	2	2	2	0
CYS242A	7	5	19	8	145	74.5967348552776	5	4	22	11	117	102.720202962786	3	3	8	3
HIS179A	7	5	20	10	3061	286.764542767721	7	5	26	11	1836	33.8816981171823	5	3	11	3
GLN104A	4	3	13	8	175	48.7199886331065	3	3	12	9	1	1	1	1	1	1
GLY108A	8	7	18	9	1086	687.937742140157	7	6	24	11	1	1	1	1	1	1
ARG175A	7	6	21	13	3615	3063.84868344467	7	6	31	17	2640	2640	3	3	5	2
GLY279A	8	8	25	21	317	292.935533834902	3	3	10	7	317	292.935533834902	3	3	8	5
THR118A	6	4	15	8	1651	579.201669676228	6	4	11	7	1261	572.713528356816	4	3	5	3
PRO128A	4	4	11	6	426	426	3	3	10	4	1	1	1	1	1	1
TYR126A	7	2	19	3	3209	1181	6	2	18	2	453	1	4	1	8	0
ASP148A	4	3	11	8	189	48.6248377322305	3	3	12	9	1	1	1	1	1	1
VAL147A	7	5	18	7	1057	1057	5	3	22	3	579	579	2	2	2	0
CYS176A	7	6	20	11	2519	980.814431577499	5	4	22	11	317	157.573808120529	3	3	8	3
ARG249A	7	6	19	11	6025	2725.28622428757	7	6	20	12	3971	1406.78622428757	5	4	9	4
GLU171A	3	2	9	5	188	59.0214028334475	2	2	6	5	189	59.0214028334475	3	2	6	3
THR230A	6	6	14	11	465	402.27533520993	5	5	10	6	263	191.382499989888	3	3	5	2
THR231A	6	6	19	17	426	426	3	3	7	5	182	171.617500010112	3	3	5	4
ARG283A	4	4	11	8	267	186.511007173821	2	2	5	3	267	186.511007173821	2	2	3	2
TYR163A	4	3	16	9	1883	79.2961068110604	4	3	18	9	1883	79.2961068110604	4	3	12	6
SER241A	3	3	10	5	1	1	1	1	1	1	167	167	2	2	3	0
TYR239A	6	1	22	1	415	1	4	1	20	0	473	1	4	1	8	0
ARG213A	9	7	18	11	2043	462.580688544258	9	7	25	12	741	274.580688544258	4	4	9	6
THR211A	6	5	14	9	741	741	3	2	11	6	1	1	1	1	1	1
GLN165A	3	2	5	3	933	559	3	2	3	1	1	1	1	1	1	1
GLN167A	4	3	4	2	375	375	2	2	2	1	1	1	1	1	1	1
GLY154A	5	5	15	12	205	205	4	4	14	9	1	1	2	2	4	2
PRO153A	3	2	6	4	1	1	1	1	1	1	1	1	1	1	1	1
ILE162A	7	3	22	4	3399	439.427170629017	6	3	22	5	55	28	3	2	8	3
VAL173A	8	8	20	19	2365	2037.13968616806	6	6	23	18	1691	1205.07952495932	4	4	6	4
THR253A	7	7	29	14	1111	565.740939002774	5	5	23	11	1050	535.240939002774	4	4	11	5
TYR236A	9	4	34	10	1451	250.584282290093	9	4	40	8	576	240.269038869551	3	2	5	3
ARG156A	8	4	27	10	131	51.4629372642521	6	3	26	5	131	51.4629372642521	5	3	9	4
VAL217A	7	7	23	19	2207	1271.48355109748	5	5	19	12	2019	1083.48355109748	4	4	13	9
GLU271A	6	4	14	4	6233	2603.14604874821	5	4	10	5	3785	2603.14604874821	5	4	9	4
PRO250A	4	3	10	6	4377	2238	4	3	11	5	4377	2238	4	3	9	3
ALA203A	8	7	22	17	188	66.9060472136543	6	5	25	17	4	1	2	1	1	0
GLU204A	5	2	19	3	189	1	5	2	20	2	1	1	2	2	4	2
THR125A	9	8	30	24	1591	1015.20584650355	7	6	29	20	1337	928.321218506271	6	6	13	8
CYS124A	7	5	25	16	251	184.912651189152	6	4	20	11	1	1	2	1	4	0
CYS141A	8	7	26	14	655	390.691167089699	5	5	22	14	1	1	1	1	1	1
ALA129A	5	4	10	8	2	1.5	3	2	7	2	2	1.5	2	2	2	2
HIS233A	3	2	8	5	89	1	2	1	3	0	1	1	1	1	1	1
THR140A	6	4	16	8	259	163.78208722242	4	3	7	2	171	75.78208722242	2	2	2	2
CYS238A	10	6	32	13	2053	729.824290799503	9	5	46	15	710	243.824290799503	6	4	16	6
MET246A	9	5	24	12	1145	524.38961358091	8	5	34	12	531	493.38961358091	6	4	16	6
PRO142A	7	5	22	12	555	78.873042890023	4	3	9	5	78	1	2	1	3	0
ASP208A	4	4	7	5	1	1	1	1	1	1	1	1	1	1	1	1
LEU264A	6	6	16	14	1871	1216.5	3	3	5	2	1700	760.185053930264	3	3	8	5
LEU265A	8	5	25	16	424	408.5	6	4	26	10	396	286.314946069736	5	2	12	2
GLY187A	4	4	9	5	5	5	2	2	3	1	1	1	1	1	1	1
LEU188A	6	2	17	7	193	4	4	2	8	4	4	4	2	2	1	0
ALA189A	6	6	17	12	2128	1465.30464181288	4	4	14	10	1391	1229.18425634729	3	3	9	5
TYR205A	7	4	29	16	4321	998.087872399572	7	4	29	14	4321	998.087872399572	6	4	16	7
ARG110A	7	5	16	11	1205	929.717431494506	7	5	21	11	626	626	3	2	4	0
GLN192A	6	3	12	6	306	1	4	1	7	0	118	1	2	1	3	0
PRO190A	7	5	20	12	1323	1323	2	2	6	3	1903	1830.04421934083	3	3	7	5
VAL143A	7	6	21	15	386	184	5	4	14	9	235	136	4	3	7	2
GLY266A	8	8	21	17	308	252.114566324238	5	5	17	9	244	188.114566324238	5	5	15	9
ASN235A	5	5	14	9	755	662.021112450759	4	4	9	5	276	183.021112450759	2	2	2	2
LYS139A	5	2	15	3	1008	120.608362252094	4	2	10	3	1	1	1	1	1	1
ARG282A	8	6	24	13	2819	1752.83997092884	6	5	25	12	1400	469.839970928842	3	3	8	7
PHE134A	6	5	21	11	249	137	5	4	20	12	113	1	2	1	5	0
ARG158A	8	6	23	10	4266	2664.64623777813	5	5	15	9	4761	2664.64623777813	6	5	12	7
GLU258A	6	3	21	8	2612	569.75336865214	5	3	19	6	3585	481.176863318516	3	2	9	4
LYS164A	2	2	5	3	189	138.377718975498	2	2	4	3	189	138.377718975498	2	2	4	3
LEU252A	6	6	16	9	8618	8488.29126965582	5	5	15	7	4724	4594.29126965582	3	3	8	3
SER269A	4	1	8	1	2747	1	3	1	7	0	1301	1	2	1	2	0
MET237A	8	5	24	10	1641	396.496497529991	7	5	29	16	1	1	2	1	3	0
PRO152A	5	4	13	10	563	145.317195219312	4	4	16	12	122	87.815952786851	3	3	5	4
LEU194A	7	7	27	23	259	201.11038641909	7	7	35	25	204	173.61038641909	4	4	11	6
ALA159A	6	6	24	16	620	383.34275776882	4	4	15	10	831	782.413368122047	4	4	13	10
VAL216A	9	9	26	20	1946	1831.18864302894	7	7	31	21	1678	1677	5	5	12	8
GLY262A	5	5	9	6	913	824.423494666376	3	3	7	4	1	1	1	1	1	1
PRO98A	5	5	15	8	1977	1703.41931145574	4	4	16	9	1119	707.292726250559	3	3	5	5
VAL97A	6	5	12	7	195	101.355980993741	5	4	16	4	391	148.482566198924	3	3	7	5
GLN144A	7	5	17	8	3163	644.517077068628	4	4	9	7	231	116	2	2	1	1
GLN100A	4	3	11	7	665	193.208730344184	3	3	8	7	913	193.208730344184	4	3	10	5
PRO219A	3	3	6	6	188	188	2	2	1	0	561	463.10199373155	3	3	3	2
VAL218A	7	7	19	14	1173	608.21683779609	5	5	20	14	501	162.39800626845	3	3	6	5
THR256A	6	6	19	18	1447	711.385433675762	3	3	6	6	4534	3798.38543367576	5	5	13	8
ILE232A	7	5	27	16	1372	398.74515194836	5	4	21	12	1372	398.74515194836	5	4	12	7
TYR234A	7	4	27	11	1615	186.715480771467	5	3	20	5	1615	186.715480771467	5	3	15	4
ARG174A	4	3	14	6	155	39.5966495335354	3	3	7	4	249	39.5966495335354	3	2	6	3
MET169A	6	4	15	6	192	93.1440190062587	5	4	19	7	197	93.1440190062587	6	4	12	5
ASN200A	5	2	15	6	435	146.877114990255	4	2	13	4	1	1	1	1	1	1
VAL197A	10	8	32	23	3064	1687.31135697106	9	7	35	18	2309	1376	5	4	17	7
ILE255A	9	5	31	14	3623	611.941761459713	6	3	23	5	4791	423.871151106486	6	2	18	2
VAL272A	8	7	31	18	161	94.6847565794585	4	3	17	7	699	643	5	4	12	6
VAL274A	11	10	32	23	2633	2428.27385034063	9	8	40	21	275	100.625445164093	4	3	6	1
LEU130A	7	6	13	9	1007	722.385052925268	6	6	17	12	188	120.423522707111	2	2	2	2
SER127A	6	4	13	8	477	242.707665791952	6	4	16	7	1	1	1	1	1	1
LEU114A	3	3	10	7	459	266.126957109977	3	3	6	5	231	116	2	2	1	1
ALA276A	5	3	14	6	178	1	3	1	13	0	154	1	2	1	3	0
GLN136A	6	4	21	5	2213	688.653371867516	6	4	24	3	1050	309.26173411961	4	3	10	3
TYR103A	5	1	12	1	967	1	4	1	11	0	337	1	2	1	2	0
CYS275A	7	7	20	15	723	400.674915216424	5	5	22	18	40	18.3745548359073	2	2	3	2
LEU133A	6	6	23	17	355	315.763830428955	6	6	27	15	83	83	2	2	3	0
ALA161A	7	7	23	18	1019	453.790474756247	5	5	21	19	1	1	1	1	1	1
ASP207A	4	3	10	9	153	22.7512324542694	3	3	9	9	189	22.7512324542694	4	3	7	5
HIS193A	7	7	17	12	413	344.343892619524	6	6	19	12	714	188.131045967379	3	3	5	4
ASN131A	4	3	12	3	2481	1301	4	3	14	2	1301	1301	3	3	6	1
PHE270A	9	3	23	7	9115	276.490022127675	8	3	32	7	8958	276.490022127675	6	2	12	3
GLY244A	4	4	9	8	375	151.512655189109	3	3	6	6	1	1	1	1	1	1
GLY245A	7	7	19	15	2853	2024.47182474059	5	5	16	13	1	1	1	1	1	1
PRO223A	5	5	9	8	928	706.72466479007	4	4	12	7	1	1	1	1	1	1
GLU221A	4	1	10	1	181	1	2	1	4	0	201	1	4	1	5	0
LYS132A	4	3	12	5	2415	1708.9666732352	3	3	8	6	1458	1045.4762322763	2	2	4	3
ARG202A	3	1	7	1	188	1	2	1	1	0	188	1	2	1	2	0
GLU198A	5	3	15	6	511	189.196800326821	4	3	14	5	446	189.196800326821	3	3	2	2
ASP228A	4	1	9	1	189	1	4	1	11	0	1	1	2	1	2	0
PRO191A	4	3	15	6	1349	1	2	1	6	0	1349	1	2	1	2	0
ALA138A	4	4	14	9	191	126.81603751229	3	3	9	5	1	1	1	1	1	1
LEU137A	7	6	27	13	869	577	6	5	33	11	1	1	1	1	1	1
GLY112A	5	5	14	11	1900	1546.7916540484	3	3	8	5	1	1	1	1	1	1
PHE113A	5	3	16	4	1936	1914	4	3	16	3	1914	1914	3	3	8	1
HIS214A	5	5	12	9	477	299.308225392671	5	5	12	9	291	249.476852703983	4	4	6	3
ILE251A	6	5	23	18	189	75	6	5	25	16	57	57	3	3	9	6
VAL172A	5	5	17	16	563	563	4	4	11	7	709	486.920475040679	2	2	3	3
SER261A	5	1	8	1	1	1	2	1	3	0	1	1	1	1	1	1
ILE195A	6	5	25	13	873	303.069839075693	6	5	25	12	455	50	3	2	6	1
LEU257A	9	7	27	17	1974	1098.79277055879	8	7	37	20	1878	1050.79277055879	5	4	15	6
PHE109A	6	2	26	5	1605	148	6	2	26	2	865	148	4	2	13	1
ASP259A	6	5	12	4	497	124.040680959983	3	2	8	2	1	1	1	1	1	1
LEU145A	5	5	20	17	570	340.277954222555	4	4	15	13	448	279.277954222555	3	3	8	6
SER96A	3	1	9	1	189	1	3	1	12	0	1	1	1	1	1	1
SER185A	5	3	11	5	1	1	3	1	10	0	1	1	3	1	5	0
ILE254A	6	3	23	5	1496	1084.57282937098	3	3	7	3	1	1	1	1	1	1
ASN263A	4	3	7	4	499	53.9593190400174	4	3	5	1	1	1	1	1	1	1
THR123A	5	4	19	11	317	161.73826588039	4	3	18	6	567	291.366937662239	5	4	14	5
TYR107A	5	2	14	3	116	35.184047213149	4	2	10	3	108	35.184047213149	2	2	2	2
VAL122A	9	7	23	17	353	250.179838167823	6	5	22	10	479	145.43579438325	6	4	13	5
GLY105A	7	7	17	13	641	641	6	6	18	9	337	337	3	3	5	1
VAL157A	9	8	30	24	1053	609.476893829084	7	6	27	16	739	343.476893829084	5	4	14	6
LEU111A	7	6	21	13	5661	5372.08472052711	6	6	21	12	5333	5208.08472052711	4	4	12	4
PRO278A	10	9	27	22	1181	753.421329426685	9	8	30	16	887	644	6	5	18	8
GLU285A	6	4	18	7	1483	294.509559041098	5	4	15	7	1	1	1	1	1	1
THR284A	4	4	7	4	1	1	1	1	1	1	189	78.394760186926	2	2	1	1
CYS135A	5	4	26	15	241	63.9839461156578	5	4	28	14	64	1	2	1	5	0
CYS220A	6	4	22	8	314	1	5	3	26	10	111	16	3	2	7	0
THR155A	9	8	26	19	2179	1486.69958774597	9	8	36	22	1513	1087.70083017843	5	5	14	9
ASP186A	5	4	10	7	923	686.879614534408	3	3	6	4	1	1	1	1	1	1
HIS168A	4	3	9	7	1299	379.896266067925	3	2	8	5	741	379.896266067925	2	2	4	3
GLU286A	4	3	13	7	51	26.3308039898913	3	2	10	3	1	1	1	1	1	1
CYS182A	6	4	9	6	515	502.230659446957	3	3	8	5	443	443	2	2	4	2
HIS178A	5	2	12	3	73	13.7693405530425	3	2	8	2	117	1	4	1	7	0
SER240A	4	3	18	11	189	158	4	3	19	9	158	158	3	3	6	2
ARG209A	3	1	4	1	1	1	1	1	1	1	1	1	1	1	1	1
ASN210A	4	2	7	1	1	1	1	1	1	1	1	1	1	1	1	1
ALA119A	4	3	11	4	375	375	2	2	5	3	1	1	2	1	5	0
LYS120A	2	1	3	1	1	1	1	1	1	1	1	1	1	1	1	1
CYS277A	6	3	13	3	38	1	2	1	8	0	1	1	1	1	1	1
ARG280A	4	1	10	1	1	1	1	1	1	1	1	1	1	1	1	1
PHE212A	3	1	7	1	189	1	2	1	3	0	1	1	1	1	1	1
ARG267A	5	4	12	7	271	236.92808395678	3	3	3	1	168	133.92808395678	2	2	3	3
LYS101A	3	1	7	1	104	1	2	1	2	0	86	1	2	1	3	0
PRO151A	6	5	14	9	563	212.395895903349	6	5	18	11	563	212.395895903349	5	4	8	5
THR150A	2	2	5	4	189	72.1105033594351	2	2	5	4	189	72.1105033594351	2	2	4	3
ASP268A	4	4	13	9	189	125.915279472887	3	3	11	9	189	125.915279472887	3	3	5	4
SER99A	5	4	10	5	168	35.07191604322	3	2	4	2	501	368.07191604322	4	4	5	3
SER149A	4	2	11	2	11	9	3	2	8	1	3	1	2	1	4	0
PRO222A	4	2	8	1	1	1	2	1	4	0	6	6	2	2	3	0
LEU206A	5	3	15	7	223	45.9217810973342	4	2	13	4	166	81.9217810973342	3	3	8	6
GLY117A	4	4	11	8	317	177.126133714838	3	3	11	8	431	297.61427503425	3	3	6	5
SER116A	3	1	9	1	59	1	2	1	5	0	131	1	2	1	2	0
SER215A	6	3	19	7	789	230.30862944429	5	3	15	5	456	230.30862944429	3	2	9	4
SER227A	4	3	6	4	933	559	4	3	9	3	559	559	3	3	2	0
PRO177A	5	5	10	8	157	99.515520070302	3	3	3	2	1	1	2	2	3	0
SER166A	2	2	3	2	1	1	1	1	1	1	1	1	1	1	1	1
LEU289A	3	3	8	7	189	69.0764772928888	3	3	7	6	189	69.0764772928888	3	3	2	2
MET160A	6	2	17	3	421	334	4	2	12	2	1	1	1	1	1	1
GLY226A	3	3	3	3	375	375	2	2	3	2	1	1	1	1	1	1
THR102A	2	2	4	1	1	1	1	1	1	1	1	1	1	1	1	1
GLY199A	3	3	6	4	153	153	2	2	3	1	1	1	1	1	1	1
ASN288A	2	2	3	3	1	1	1	1	1	1	189	111.605239813074	2	2	1	1
SER106A	2	1	6	1	189	1	2	1	5	0	1	1	1	1	1	1
MET243A	3	1	6	1	1	1	2	1	2	0	1	1	1	1	1	1
SER260A	4	2	9	1	11	1	2	1	3	0	1	1	1	1	1	1
ASN247A	2	1	6	1	1	1	1	1	1	1	1	1	1	1	1	1
THR170A	5	4	11	8	183	92	3	2	12	3	7	7	3	3	7	4
VAL225A	2	2	2	2	1	1	1	1	1	1	1	1	1	1	1	1
SER183A	2	2	4	4	1	1	1	1	1	1	1	1	1	1	1	1
GLU180A	2	2	5	3	189	189	2	2	3	0	1	1	1	1	1	1
SER121A	2	2	8	7	1	1	1	1	1	1	189	189	2	2	5	3
ARG248A	2	1	3	1	189	1	2	1	3	0	189	1	2	1	3	0
HIS115A	1	1	1	1	1	1	1	1	1	1	1	1	1	1	1	1
ARG181A	1	1	1	1	1	1	1	1	1	1	1	1	1	1	1	1
LEU201A	1	1	1	1	1	1	1	1	1	1	1	1	1	1	1	1
GLU224A	1	1	1	1	1	1	1	1	1	1	1	1	1	1	1	1
GLU287A	1	1	1	1	1	1	1	1	1	1	1	1	1	1	1	1
ARG290A	1	1	1	1	1	1	1	1	1	1	1	1	1	1	1	1
LYS291A	1	1	1	1	1	1	1	1	1	1	1	1	1	1	1	1
LYS292A	1	1	1	1	1	1	1	1	1	1	1	1	1	1	1	1
