Degree	Degree_sidechain	SecondOrderDegree	SecondOrderDegree_sidechain	NodeEdgeBetweennessSTRIDE	NodeEdgeBetweennessSTRIDE_sidechain	IntermodularDegreeSTRIDE	IntermodularDegreeSTRIDE_sidechain	SecondOrderIntermodularDegreeSTRIDE	SecondOrderIntermodularDegreeSTRIDE_sidechain	NodeEdgeBetweennessWALKTRAP	NodeEdgeBetweennessWALKTRAP_sidechain	IntermodularDegreeWALKTRAP	IntermodularDegreeWALKTRAP_sidechain	SecondOrderIntermodularDegreeWALKTRAP	SecondOrderIntermodularDegreeWALKTRAP_sidechain
GLU271B	5	3	14	2	1418	659.577636858024	4	3	8	2	778	659.577636858024	3	3	3	1
LEU252B	6	5	13	7	937	820.759839799676	5	4	10	4	297	180.759839799676	3	3	4	2
CYS176B	7	6	20	11	2619	854.635712001562	5	4	22	11	1444	924.097892791814	4	4	8	6
HIS179B	7	5	20	10	2794	356.927894666766	7	5	26	11	2339	279.927894666766	5	4	15	7
CYS229B	6	4	17	9	2484	859.794657529831	6	4	18	9	753	1	2	1	2	0
THR230B	6	6	15	12	479	410.709684709955	5	5	11	7	329	289.568479216544	3	3	6	3
ARG280B	5	1	14	1	274	1	2	1	3	0	236	1	3	1	4	0
CYS277B	8	4	17	3	1082	465	4	3	9	0	1	1	1	1	1	1
GLU285B	6	4	19	6	674	126.030336774391	5	4	16	6	1	1	1	1	1	1
LEU130B	7	6	14	9	954	504.506133316004	6	6	17	11	1	1	1	1	1	1
GLY244B	4	4	9	8	381	145.572088765044	3	3	6	6	303	112.701298769791	2	2	3	3
PRO177B	5	5	10	8	303	191.298701230209	3	3	3	2	792	558.025208005803	4	4	5	4
CYS238B	10	6	31	12	4434	1481.91255382284	9	5	45	15	3443	860.247705765826	7	4	20	8
CYS242B	7	5	20	8	240	135.523839508832	5	4	22	11	119	60	2	2	4	3
PRO219B	3	3	7	7	462	252.894526887148	2	2	2	2	1084	774.919457650959	3	3	8	8
VAL218B	7	7	19	15	1347	690.755627555176	5	5	19	14	2344	1110.77315220356	7	7	18	16
THR284B	4	4	8	4	1	1	1	1	1	1	157	157	2	2	2	0
ASN200B	5	2	15	6	462	164.407834106842	4	2	14	4	321	164.407834106842	2	2	6	6
GLY199B	3	3	6	4	220	220	3	3	6	3	1	1	1	1	1	1
THR253B	7	7	29	16	1652	839.427010205231	5	5	23	12	1	1	1	1	1	1
TYR236B	9	4	33	11	2900	415.731473897279	9	4	43	9	1	1	1	1	1	1
PRO152B	5	4	14	9	795	346.727175803649	4	4	14	8	385	290.045433069246	3	3	3	1
PRO153B	3	2	6	4	1	1	1	1	1	1	1	1	1	1	1	1
CYS124B	8	6	27	19	419	308.703310000114	7	5	25	16	282	103.678610961498	4	2	8	3
LEU133B	6	6	22	17	858	795.580741988137	6	6	27	16	326	326	3	3	8	3
LEU257B	9	7	28	19	1992	1053.60996427922	8	7	36	20	965	313.609964279217	3	3	8	5
THR256B	6	6	19	18	1095	387.157540658011	3	3	6	6	2786	2786	3	3	6	1
LEU194B	6	6	25	19	912	708.434439293267	6	6	29	18	512	508.434439293267	3	3	9	4
MET237B	7	3	24	8	1194	261.109527003672	6	3	25	8	479	205.169930950235	3	2	10	2
THR123B	4	4	15	12	362	185.59200319657	3	3	11	7	362	185.59200319657	3	3	6	4
VAL122B	8	7	19	18	345	251.260653984917	5	5	15	11	73	73	3	3	5	1
CYS220B	5	4	21	12	401	39.3515969337567	4	3	21	11	139	4	3	2	8	1
VAL157B	9	8	29	23	1359	627.844711384684	7	6	26	16	984	346.196308318441	5	4	14	5
GLY112B	5	5	16	13	2046	1635.14776465393	3	3	8	5	1	1	1	1	1	1
LEU111B	9	8	30	18	3295	3126.86040195158	7	7	24	15	3258	3108.36040195158	5	5	13	4
PRO128B	5	5	14	9	1148	1148	4	4	15	8	1	1	2	2	5	4
SER127B	5	3	13	6	1090	361.364076740045	5	3	16	6	190	1	2	1	5	0
LEU264B	6	6	16	14	300	153	3	3	6	2	161	42.5986681835918	2	2	4	1
LEU265B	8	5	25	16	265	247.5	6	4	26	10	184	119.401331816408	5	2	6	1
ARG282B	9	7	24	13	2521	1599.06023324272	7	6	28	14	1458	1325.58133587516	6	5	10	2
GLU286B	4	3	13	7	13	7.12978994395113	3	2	9	2	180	39.4186641248393	2	2	5	4
MET246B	9	5	24	11	316	223.565560706733	8	5	32	11	77	4.56556070673266	4	2	6	2
TYR239B	6	1	23	1	295	1	4	1	20	0	259	1	3	1	7	0
GLU198B	5	3	15	6	483	199.576404991289	4	3	8	5	405	199.576404991289	3	3	2	2
VAL197B	11	9	32	25	3262	1694.06316120601	9	7	33	16	3028	1708.5	7	6	22	11
ARG213B	9	7	20	14	2790	399.686346628995	9	7	25	10	1	1	2	2	3	0
PRO98B	6	6	15	9	2018	1810.31365337101	4	4	15	8	1	1	1	1	1	1
CYS135B	8	6	30	20	810	186.33271467146	8	6	42	20	344	1	2	1	3	0
CYS141B	8	7	26	15	1197	643.309168383368	5	5	26	17	1	1	1	1	1	1
HIS193B	7	7	17	12	714	624.395619805164	6	6	19	11	1067	497.7908769346	5	5	10	7
HIS214B	5	5	12	9	632	391.369231087014	5	5	12	9	624	384.60533540398	4	4	9	7
GLY245B	7	7	19	15	2009	1486.11839288415	5	5	16	13	1	1	1	1	1	1
SER149B	4	2	12	2	190	190	3	2	10	1	1	1	1	1	1	1
VAL147B	8	6	21	9	925	925	7	5	26	5	1304	1304	3	3	6	2
GLY105B	7	7	18	13	713	713	6	6	20	9	310	310	3	3	5	1
SER106B	2	1	6	1	192	1	2	1	5	0	1	1	1	1	1	1
ARG156B	8	4	27	10	413	108.778805016515	6	3	26	5	413	108.778805016515	5	3	10	5
ILE255B	9	5	34	15	2954	751.691759619651	6	3	24	5	3080	1	5	1	14	0
ILE251B	6	4	24	15	1141	448	5	4	21	12	1	1	2	2	3	1
ARG267B	6	5	14	7	378	320.617631828708	4	4	7	1	243	185.617631828708	2	2	3	2
GLY266B	8	8	22	18	1573	1333.84245934199	5	5	18	9	24	24	2	2	4	1
TYR126B	7	2	20	3	3406	650	6	2	20	2	2015	1	5	1	13	0
VAL97B	6	5	14	11	572	502.454566917034	4	3	14	3	380	380	2	2	3	0
THR140B	6	4	16	8	448	322.309838979725	4	3	8	2	232	106.309838979725	2	2	2	2
LYS101B	3	1	8	1	136	1	2	1	3	0	57	1	2	1	3	0
GLY279B	8	8	24	22	229	215.210393943177	3	3	9	7	69	69	2	2	3	2
THR118B	6	4	16	8	1102	406.568448013342	6	4	12	8	193	57.8853045735277	2	2	3	2
ARG175B	7	6	22	14	3858	3047.97804819478	7	6	30	15	3708	2897.97804819478	6	5	17	7
ALA189B	7	6	16	12	1787	1170.53362430303	5	4	19	10	788	788	2	2	5	2
LEU188B	5	2	11	2	192	1.83316975183627	3	2	4	1	1	1	1	1	1	1
SER240B	4	3	18	11	192	157	4	3	19	9	157	157	3	3	10	6
ARG158B	8	6	23	10	4255	2685.81255994244	5	5	15	9	4450	2685.81255994244	6	5	16	8
GLU258B	6	3	21	8	2703	561.4181822694	5	3	19	6	3708	468.323626062432	3	2	7	4
LEU206B	5	3	15	7	230	42.4376667096709	4	2	13	4	230	42.4376667096709	4	2	13	4
SER215B	6	3	19	7	1326	349.80489134593	5	3	15	5	1131	349.80489134593	5	3	16	5
CYS182B	6	4	9	6	381	380.419616959713	3	3	8	5	1	1	1	1	1	1
SER183B	2	2	4	4	1	1	1	1	1	1	1	1	1	1	1	1
HIS178B	5	2	12	3	80	1.58038304028659	3	2	8	2	113	1	2	1	3	0
PHE113B	5	3	15	4	1886	1872	4	3	15	3	1872	1872	3	3	7	0
ASN210B	4	2	9	1	1	1	1	1	1	1	1	1	1	1	1	1
ASP208B	4	4	9	6	1	1	1	1	1	1	1	1	1	1	1	1
ASN263B	4	3	7	4	394	39.0993069104544	4	3	5	1	1	1	1	1	1	1
ASP259B	6	5	12	4	258	86.9006930895456	3	2	8	2	1	1	1	1	1	1
ASP184B	4	4	13	10	544	114.58413940516	4	4	16	12	273	92.0219518052231	2	2	5	4
SER185B	6	4	12	8	259	104	4	2	14	3	1	1	1	1	1	1
GLY117B	4	4	11	8	309	172.192391292779	3	3	11	8	120	120	2	2	2	0
GLN144B	8	5	23	8	3132	637.049224797712	5	4	15	7	124	62.5	2	2	1	1
ASP148B	4	3	11	8	192	47.4953507301417	4	3	18	9	1	1	1	1	1	1
VAL217B	7	7	23	19	2168	1319.84245092301	5	5	19	12	2352	1183.79999551082	5	5	19	15
GLN104B	4	3	13	8	179	50.5536143148342	3	3	12	9	1	1	1	1	1	1
PRO151B	5	3	12	2	379	1	3	1	11	0	379	1	3	1	6	0
ASP268B	4	4	14	11	192	130.139598048422	3	3	12	10	192	130.139598048422	3	3	6	4
PHE109B	7	3	33	11	1889	286	6	2	28	2	1245	306.5	5	3	11	4
GLN167B	4	2	6	3	1	1	1	1	1	1	1	1	1	1	1	1
HIS168B	4	3	9	6	378	210.39029045234	2	2	6	5	378	210.39029045234	2	2	4	3
THR125B	9	8	30	24	2099	1340.59318409659	7	6	29	19	517	241.321389038502	5	4	12	2
GLY154B	5	5	15	12	560	560	4	4	14	9	135	135	2	2	4	2
THR155B	9	8	26	19	2074	1448.20829298638	9	8	32	18	1390	1077.39003572078	5	5	10	5
GLN192B	6	3	12	6	382	1	4	1	7	0	800	186.431263996881	5	3	9	3
PRO191B	4	3	15	6	1546	1	2	1	6	0	1964	233.568736003119	3	2	9	2
ARG202B	4	3	9	2	786	466.267161236764	3	3	3	2	786	466.267161236764	3	3	6	3
ILE232B	7	5	27	16	1606	529.211686587274	5	4	21	12	1606	529.211686587274	5	4	18	11
LYS164B	3	2	8	2	192	119.422363141976	3	2	7	2	192	119.422363141976	3	2	4	2
GLN165B	4	3	6	4	190	66.9238625972637	2	2	3	3	1	1	1	1	1	1
PRO190B	7	5	20	11	1415	1415	2	2	6	2	1963	1894.60474287056	4	3	13	6
ARG249B	7	6	18	11	3432	2030.37909000166	7	6	19	12	2498	1520.36827288107	5	4	7	4
ALA276B	5	3	15	8	100	1	3	1	12	0	53	1	2	1	3	0
TYR234B	7	4	28	11	1554	131.63653329834	5	3	20	5	727	1	3	1	9	0
TYR163B	4	3	16	9	2888	189.174212129396	4	3	18	9	2888	189.174212129396	4	3	10	4
PRO142B	7	5	22	12	860	68.623546678075	4	3	10	6	103	1	2	1	3	0
PRO278B	9	7	28	20	2892	1973.47966419546	8	6	32	13	1513	1309.47966419546	4	4	7	4
ARG248B	3	2	5	3	260	41	3	2	4	0	41	41	2	2	1	0
PRO250B	4	4	8	7	998	932.076137402736	4	4	9	7	590	590	2	2	4	3
VAL216B	9	9	26	20	2665	2456.43683879399	7	7	30	20	2179	2177.5	5	5	14	8
TYR103B	6	1	14	1	855	1	5	1	14	0	310	1	2	1	2	0
THR170B	7	6	13	9	198	75.5454330829659	5	4	16	5	1	1	3	3	5	1
LEU137B	7	6	26	12	967	581	6	5	32	9	156	156	3	3	8	3
VAL274B	11	10	33	24	5456	5249.20538999108	9	8	43	23	2410	2233.13132503416	6	5	17	7
LYS132B	4	2	12	3	971	268.96966322561	3	2	7	3	587	1	2	1	2	0
TRP146B	7	3	21	3	1031	452.508353018528	5	3	16	3	1281	1	3	1	3	0
ASP228B	4	1	9	1	192	1	4	1	10	0	1	1	2	1	2	0
ALA159B	6	6	24	16	325	166.171707082009	4	4	15	10	199	197.5	4	4	13	9
GLU221B	5	2	11	2	580	68.8383118760882	3	2	6	2	662	68.8383118760882	5	2	7	2
GLY262B	5	5	9	6	886	792.905443793032	3	3	7	4	1	1	1	1	1	1
SER96B	5	2	14	5	192	1	3	2	12	2	1	1	1	1	1	1
THR211B	8	6	15	9	1487	1112	5	3	16	7	1	1	1	1	1	1
GLN100B	4	2	12	4	419	117.240160200324	3	2	7	3	419	117.240160200324	3	2	5	2
VAL173B	8	8	20	18	4528	3810.01057705896	6	6	19	14	3566	2730.87717021417	4	4	7	4
ILE195B	6	5	24	12	1934	701.69261802513	6	5	24	11	921	54	3	2	8	1
MET160B	6	2	17	3	492	439	4	2	12	2	910	439	5	2	11	2
GLU171B	3	2	11	5	192	60.0672245371969	2	2	6	5	192	60.0672245371969	3	2	6	3
PHE134B	7	5	27	11	221	95	6	4	28	13	221	95	4	2	12	4
SER99B	5	4	12	5	351	58.3823681712916	3	2	6	3	407	114.382368171292	4	3	5	1
GLY187B	4	3	8	3	3	2.16683024816373	2	2	2	1	1	1	1	1	1	1
ALA203B	7	7	20	19	182	71.3365383379814	5	5	22	17	121	40.8365383379814	2	2	6	6
MET169B	5	2	13	2	380	1	3	1	11	0	380	1	4	1	4	0
SER166B	3	2	6	2	1	1	1	1	1	1	1	1	1	1	1	1
ARG196B	9	7	27	14	1305	744.824380220075	8	7	30	16	670	274.830069049765	5	3	18	5
ARG273B	7	3	25	7	465	294.503737972553	5	3	13	6	1047	294.503737972553	6	3	11	3
ASP186B	6	4	12	6	686	636.909876926719	4	3	13	4	1	1	1	1	1	1
PHE270B	8	3	24	7	4333	382.111637876603	7	3	29	7	3277	1	4	1	8	0
GLU180B	2	2	5	3	192	192	2	2	3	0	192	192	2	2	4	2
ARG174B	4	3	14	6	168	43.4762960376922	3	3	7	4	168	43.4762960376922	2	2	3	3
PRO222B	4	2	9	2	1	1	2	1	4	0	80	80	2	2	4	1
PRO223B	5	5	9	8	672	517.290315290045	4	4	12	7	1	1	1	1	1	1
GLU204B	5	2	18	3	192	1	5	2	19	2	1	1	2	2	4	2
ILE254B	6	4	22	5	1650	1284.49736611233	4	4	8	3	1650	1284.49736611233	4	4	8	4
ARG110B	7	5	16	11	1246	913.767008005744	7	5	23	13	520	520	2	2	2	0
GLY108B	8	7	19	11	1302	791.18402694928	7	6	27	13	377	377	2	2	4	2
SER227B	4	3	6	4	1320	753	4	3	9	3	753	753	3	3	2	0
CYS275B	7	7	21	16	498	297.978780409346	5	5	21	16	336	146.589176424792	3	3	10	6
ARG209B	3	1	4	1	1	1	1	1	1	1	1	1	1	1	1	1
VAL172B	5	5	18	16	1090	1090	4	4	13	8	1227	836.122829785827	2	2	3	3
TYR205B	7	3	30	15	4474	965	7	3	31	12	4474	965	6	3	18	7
LEU114B	3	3	11	7	320	190.876453321925	3	3	7	5	124	62.5	2	2	1	1
GLN136B	6	4	20	9	3010	432.928332607975	6	4	26	7	1519	432.928332607975	4	4	6	5
ARG283B	4	3	12	3	193	136.114695426472	2	2	5	3	340	215.114695426472	4	3	4	1
ASN288B	2	2	3	3	1	1	1	1	1	1	1	1	1	1	1	1
PHE212B	3	1	9	1	192	1	2	1	3	0	1	1	1	1	1	1
TYR107B	6	2	16	3	868	95.9545669307538	5	2	16	3	297	95.9545669307538	2	2	2	2
HIS233B	4	2	15	5	217	1	3	1	11	0	1	1	2	1	6	0
THR231B	6	6	19	17	664	664	3	3	7	5	74	40.4315207834562	3	3	5	4
ALA161B	6	6	21	15	1914	845.796804915906	4	4	14	12	419	419	3	3	7	2
SER94B	3	2	8	2	192	86.6272727313981	3	2	7	2	1	1	1	1	1	1
SER95B	4	3	12	6	564	477.372727268602	4	3	10	3	1	1	1	1	1	1
SER269B	3	1	5	1	192	1	2	1	3	0	192	1	3	1	4	0
ASN235B	5	5	13	8	284	211.113756028986	4	4	8	4	174	101.113756028986	2	2	2	2
ALA138B	4	4	12	6	177	121.060403946563	3	3	7	2	1	1	1	1	1	1
ASP281B	4	3	15	7	192	48.3861565839403	3	3	8	6	168	37.7757605684949	2	2	5	2
GLU224B	2	1	2	1	1	1	1	1	1	1	1	1	1	1	1	1
VAL225B	3	3	2	2	1	1	1	1	1	1	1	1	1	1	1	1
VAL143B	7	6	24	17	212	201	5	4	15	10	278	278	4	3	5	0
SER116B	3	1	8	1	73	1	2	1	4	0	192	1	3	1	3	0
LEU145B	5	5	23	19	512	301.092005094285	4	4	16	14	456	273.092005094285	3	3	8	6
VAL272B	9	8	31	19	914	445.229878020887	5	4	23	12	502	502	2	2	5	2
SER261B	5	1	8	1	1	1	2	1	3	0	1	1	1	1	1	1
SER121B	2	2	7	7	1	1	1	1	1	1	1	1	1	1	1	1
ALA119B	4	3	11	4	192	192	2	2	5	3	1	1	1	1	1	1
LYS139B	4	1	11	1	147	1	3	1	5	0	1	1	1	1	1	1
ALA129B	4	4	9	9	2	1.5	2	2	2	2	1	1	1	1	1	1
ASN247B	2	1	6	1	1	1	1	1	1	1	1	1	1	1	1	1
THR102B	2	2	5	1	1	1	1	1	1	1	1	1	1	1	1	1
SER241B	4	3	11	5	41	1	2	1	2	0	41	1	2	1	1	0
LYS120B	3	1	8	1	192	1	2	1	3	0	1	1	1	1	1	1
ASP207B	4	3	10	9	152	22.7588530701304	3	3	9	9	144	21.5227487531646	2	2	4	4
ILE162B	6	2	22	3	3708	366.502633887668	5	2	19	3	2280	366.502633887668	4	2	8	3
THR150B	2	2	4	2	1	1	1	1	1	1	1	1	1	1	1	1
SER260B	4	2	9	1	187	1	2	1	3	0	1	1	1	1	1	1
GLY226B	3	3	4	4	568	568	2	2	3	2	1	1	1	1	1	1
LEU289B	3	3	8	7	192	96.5	3	3	6	6	1	1	1	1	1	1
ASN131B	4	3	11	3	1710	1061	4	3	12	2	1061	1061	3	3	5	0
MET243B	3	1	6	1	1	1	2	1	2	0	1	1	2	1	3	0
HIS115B	1	1	1	1	1	1	1	1	1	1	1	1	1	1	1	1
ARG181B	1	1	1	1	1	1	1	1	1	1	1	1	1	1	1	1
LEU201B	1	1	1	1	1	1	1	1	1	1	1	1	1	1	1	1
GLU287B	1	1	1	1	1	1	1	1	1	1	1	1	1	1	1	1
ARG290B	1	1	1	1	1	1	1	1	1	1	1	1	1	1	1	1
LYS291B	1	1	1	1	1	1	1	1	1	1	1	1	1	1	1	1
