Degree	Degree_sidechain	SecondOrderDegree	SecondOrderDegree_sidechain	NodeEdgeBetweennessSTRIDE	NodeEdgeBetweennessSTRIDE_sidechain	IntermodularDegreeSTRIDE	IntermodularDegreeSTRIDE_sidechain	SecondOrderIntermodularDegreeSTRIDE	SecondOrderIntermodularDegreeSTRIDE_sidechain	NodeEdgeBetweennessWALKTRAP	NodeEdgeBetweennessWALKTRAP_sidechain	IntermodularDegreeWALKTRAP	IntermodularDegreeWALKTRAP_sidechain	SecondOrderIntermodularDegreeWALKTRAP	SecondOrderIntermodularDegreeWALKTRAP_sidechain
ARG3A	0.829111162818011	1.077056898034	0.417661419884353	0.542849352049309	-0.295291716423039	-0.047767912104657	0.886153773442542	1.48528417480265	0.960901365702611	1.15631409142187	-0.142032463807995	0.0239118888490069	0.300481382158686	0.730154533064685	0.440906659104661	1.03631446376297
GLU35A	-0.529179244471403	-0.779397537122785	-0.220956364067851	-1.07207068689236	-0.704160009582917	-0.610672106392183	-0.255250815176384	-0.42782641991598	-0.45535251285161	-0.971742817122433	-0.435950465357795	-0.411389695254007	0.300481382158686	-0.0528618666472171	0.22045332955233	-0.906775155792595
ALA147A	0.829111162818011	1.5411705068232	1.05627920383656	1.61946271134375	0.104244347506372	0.358447596758963	0.886153773442542	1.48528417480265	0.536025202136345	0.683412556189801	-0.194937704086959	0.153164030679142	0.300481382158686	0.730154533064685	0.440906659104661	0.259078615940741
PHE179A	0.376347693721539	-0.315283928333589	0.545384976674794	-0.354328447362729	0.223230270194839	0.30283516541642	0.886153773442542	0.209877111656896	0.2527744264255	-0.735292049506399	0.495769599555071	0.630595268042361	0.959871081895801	0.730154533064685	0.661359988656991	-0.129539307970371
HIS106A	-0.981942713567874	-0.315283928333589	-1.49819193197226	-0.892635127009952	-0.617836889201088	-0.446306460448044	-0.825953109485847	-0.42782641991598	-1.0218540642733	-0.498841281890366	-0.583644261136569	-0.4613399220341	-1.01829801731554	-0.835878266359119	-0.881813318209322	-0.518157231881483
LYS109A	-0.981942713567874	-0.315283928333589	-1.49819193197226	-0.892635127009952	-0.617836889201088	-0.632461366546796	-0.255250815176384	0.209877111656896	-0.880228676417877	-0.735292049506399	-0.583644261136569	-0.4613399220341	-1.01829801731554	-0.835878266359119	-0.881813318209322	-0.518157231881483
ARG82A	-0.0764157753749317	-0.779397537122785	-0.0932328072774104	-0.533764007245137	0.0237538703935856	-0.65446342488468	-0.825953109485847	-1.06552995148886	-0.738603288562455	-0.971742817122433	0.390693914001018	-0.4613399220341	0.300481382158686	-0.835878266359119	0	-0.906775155792595
GLU66A	0.376347693721539	-0.315283928333589	-0.348679920858292	-0.354328447362729	1.82545737620081	1.3519762098616	0.886153773442542	0.209877111656896	-0.172101737140766	-0.735292049506399	2.49514680509759	1.82728983898384	0.959871081895801	0.730154533064685	0.22045332955233	-0.129539307970371
GLY125A	2.18740157010742	2.93351133319078	2.33351477174097	1.97833383110857	0.573772130664292	1.26678183778964	0.315451479133079	0.847580643229771	0.394399814280922	1.3927648590379	-0.583644261136569	-0.4613399220341	-0.35890831757843	-0.0528618666472171	0.22045332955233	0.259078615940741
TYR151A	0.829111162818011	0.148829680455607	1.31172631741744	0.722284911931717	4.44723052563541	2.12971492018286	1.456856067752	0.847580643229771	1.10252675355803	0.683412556189801	1.23717775846444	-0.4613399220341	0.959871081895801	-0.835878266359119	1.32271997731398	-0.906775155792595
ALA194A	0.376347693721539	1.077056898034	0.545384976674794	1.61946271134375	0.0441681218352343	-0.0810739055202619	-0.255250815176384	0.209877111656896	-0.313727124996188	0.446961788573768	0.416411739136625	0.192692372757128	0.300481382158686	0.730154533064685	0.22045332955233	1.42493238767408
LEU223A	-0.0764157753749317	0.612943289244803	0.417661419884353	1.44002715146135	1.76538115052967	1.95051735122654	0.315451479133079	0.847580643229771	0.111149038570078	1.3927648590379	2.58479179557027	2.51001113575223	0.959871081895801	1.51317093277659	1.10226664776165	2.2021682354963
ARG148A	-0.529179244471403	-0.315283928333589	-1.11502126160094	-1.07207068689236	-0.43410862622625	-0.65446342488468	-0.825953109485847	-1.06552995148886	-0.738603288562455	-0.971742817122433	-0.0200564931648276	-0.29795723173901	0.300481382158686	-0.0528618666472171	-0.22045332955233	-0.518157231881483
ARG60A	0.376347693721539	0.612943289244803	0.545384976674794	0.183978232284494	1.22586164814324	1.90973548899541	-0.255250815176384	0.209877111656896	-0.0304763492853439	0.446961788573768	1.90510641698636	2.4634936218457	0.300481382158686	0.730154533064685	0.881813318209322	0.647696539851853
ASP393P	0.829111162818011	0.148829680455607	0.673108533465235	0.00454267240208629	3.31569773144117	0.439296761070796	1.456856067752	0.847580643229771	0.677650589991767	1.15631409142187	4.5378769158687	0.786249125572989	2.27865048137003	0.730154533064685	0.881813318209322	1.42493238767408
ALA184A	-0.0764157753749317	0.612943289244803	-0.0932328072774104	0.183978232284494	-0.418943753726739	-0.0770290624371016	0.315451479133079	0.847580643229771	0.394399814280922	0.210511020957734	-0.583644261136569	-0.4613399220341	-1.01829801731554	-0.835878266359119	-0.881813318209322	-0.518157231881483
ASN185A	-0.529179244471403	-1.24351114591198	-0.731850591229615	-1.07207068689236	-0.536763147761398	-0.65446342488468	-0.255250815176384	-1.06552995148886	-0.596977900707032	-0.971742817122433	-0.583644261136569	-0.4613399220341	-1.01829801731554	-0.835878266359119	-0.881813318209322	-0.518157231881483
ALA13A	1.73463810101095	2.00528411561239	0.928555647046117	1.26059159157894	0.776164852100067	2.00967818386817	0.315451479133079	0.847580643229771	0.2527744264255	0.210511020957734	-0.568213566055204	-0.43694562523452	-0.35890831757843	-0.0528618666472171	-0.440906659104661	-0.906775155792595
ASP21A	-0.529179244471403	-0.779397537122785	-0.348679920858292	-1.07207068689236	0.411624647784911	-0.457228095164607	-0.255250815176384	-0.42782641991598	-0.45535251285161	-0.735292049506399	-0.583644261136569	-0.4613399220341	-1.01829801731554	-0.835878266359119	-0.881813318209322	-0.518157231881483
LEU100A	1.28187463191448	1.077056898034	1.69489698778876	0.722284911931717	0.29613831105787	0.99178462960652	0.886153773442542	1.48528417480265	0.960901365702611	0.210511020957734	-0.0553266533508036	-0.4613399220341	-0.35890831757843	-0.835878266359119	-0.440906659104661	-0.906775155792595
LYS124A	0.376347693721539	-1.24351114591198	1.184002760627	-1.07207068689236	0.615767162201398	-0.65446342488468	0.886153773442542	-1.06552995148886	0.960901365702611	-0.971742817122433	0.281209458423717	-0.4613399220341	0.300481382158686	-0.835878266359119	0.440906659104661	-0.906775155792595
ILE7A	0.376347693721539	-0.315283928333589	0.417661419884353	0.00454267240208629	2.38189154406746	1.55696373609132	0.315451479133079	-0.42782641991598	0.2527744264255	-0.025939746658299	2.61932716075238	2.06110726615309	0.959871081895801	-0.0528618666472171	0.22045332955233	-0.129539307970371
LEU43A	0.376347693721539	0.148829680455607	0.0344907495130305	-0.174892887480321	0.854322271905236	1.39945890033424	0.886153773442542	0.847580643229771	0.819275977847189	0.210511020957734	0.339993058733677	0.998832986397933	-0.35890831757843	-0.0528618666472171	-0.440906659104661	-0.518157231881483
PRO187A	0.376347693721539	0.148829680455607	-0.0932328072774104	-0.892635127009952	-0.487768944301441	-0.197200587602559	-0.255250815176384	0.209877111656896	-0.596977900707032	-0.735292049506399	-0.583644261136569	-0.4613399220341	-1.01829801731554	-0.835878266359119	-0.881813318209322	-0.518157231881483
LYS27A	0.376347693721539	-0.779397537122785	0.545384976674794	-1.07207068689236	0.441371128457028	-0.65446342488468	0.315451479133079	-1.06552995148886	0.2527744264255	-0.971742817122433	1.56710071520409	-0.258719249827556	1.61926078163292	-0.0528618666472171	0.881813318209322	-0.518157231881483
TYR48A	1.73463810101095	-0.315283928333589	2.20579121495053	-0.354328447362729	1.35942917900432	-0.40495474975301	2.02755836206147	0.209877111656896	1.5274029171243	-0.498841281890366	0.719882075736794	-0.4613399220341	2.27865048137003	-0.0528618666472171	2.8658932841803	0.259078615940741
PHE385P	0.829111162818011	-0.315283928333589	0.289937863093912	0.00454267240208629	-0.178055586715284	-0.109617950617565	1.456856067752	0.209877111656896	0.819275977847189	0.210511020957734	0.0203572320482699	0.153164030679142	0.300481382158686	-0.0528618666472171	0.22045332955233	0.647696539851853
TRP230A	1.28187463191448	1.077056898034	0.673108533465235	0.901720471814125	0.173069538081073	-0.15501198824714	2.02755836206147	1.48528417480265	1.81065369283514	1.3927648590379	0.509730704628687	0.108355473868696	2.27865048137003	2.29618733248849	0.661359988656991	1.03631446376297
ASP204A	0.376347693721539	0.148829680455607	0.162214306303471	0.183978232284494	1.01763628343843	-0.036863964688397	1.456856067752	0.847580643229771	1.24415214141346	0.683412556189801	-0.583644261136569	-0.4613399220341	-1.01829801731554	-0.835878266359119	-0.881813318209322	-0.518157231881483
THR165A	2.18740157010742	1.5411705068232	1.56717343099832	1.97833383110857	3.02989821125808	1.51619360489136	2.59826065637093	1.48528417480265	3.65178373495563	3.75727253519824	0.230508603156377	-0.0600738957062807	0.300481382158686	-0.0528618666472171	0.22045332955233	0.259078615940741
ARG18A	-0.529179244471403	-0.779397537122785	-0.348679920858292	-1.07207068689236	0.159071194235371	0.0536612951587341	0.315451479133079	-0.42782641991598	-0.313727124996188	-0.735292049506399	-0.583644261136569	-0.4613399220341	-1.01829801731554	-0.835878266359119	-0.881813318209322	-0.518157231881483
ARG85A	0.829111162818011	0.612943289244803	0.0344907495130305	-0.174892887480321	1.7560489212992	1.11940796930275	0.315451479133079	-0.42782641991598	-0.172101737140766	-0.498841281890366	1.16957661810799	1.56201268456904	0.300481382158686	0.730154533064685	0	-0.129539307970371
ALA111A	1.28187463191448	2.00528411561239	0.417661419884353	1.61946271134375	1.53732479871011	2.15499791768788	2.02755836206147	2.7606912379484	2.23552985640141	3.04792023235014	2.1086446330596	2.44471057570575	0.959871081895801	1.51317093277659	1.10226664776165	1.81355031158519
SER116A	-0.0764157753749317	0.148829680455607	0.0344907495130305	0.542849352049309	0.290888932115732	-0.410961570016705	0.315451479133079	0.209877111656896	0.536025202136345	0.446961788573768	0.727230025775539	-0.183591425511607	0.959871081895801	0.730154533064685	0.661359988656991	0.259078615940741
GLU133A	-0.0764157753749317	-0.779397537122785	0.928555647046117	-0.533764007245137	-0.356534470747985	-0.575566976675547	-0.255250815176384	-0.42782641991598	0.111149038570078	-0.025939746658299	-0.0883924285251561	-0.371347302130105	0.300481382158686	-0.0528618666472171	0.661359988656991	0.647696539851853
VAL134A	0.829111162818011	1.5411705068232	1.05627920383656	1.79889827122616	0.231395970771498	0.173639607523102	0.886153773442542	1.48528417480265	0.394399814280922	0.919863323805835	0.169520617834793	0.241125776098163	0.959871081895801	1.51317093277659	-0.22045332955233	-0.129539307970371
LEU205A	1.28187463191448	2.00528411561239	0.800832090255676	1.44002715146135	0.514862433646963	0.633069481923878	2.59826065637093	3.39839476952127	2.37715524425683	3.28437099996617	0.0717928823194849	0.183366493383385	2.27865048137003	3.07920373220039	1.76362663641864	2.97940408331853
SER216A	0.376347693721539	0.148829680455607	0.673108533465235	0.901720471814125	-0.617836889201088	-0.605580092613985	0.886153773442542	0.209877111656896	2.23552985640141	1.3927648590379	-0.417580590260932	-0.405581529349345	0.959871081895801	-0.0528618666472171	0.881813318209322	-0.518157231881483
ARG129A	1.73463810101095	0.612943289244803	2.07806765816008	0.183978232284494	2.29848474532016	2.47444767308707	0.886153773442542	0.209877111656896	1.24415214141346	0.683412556189801	1.24526050350706	1.51793317355419	0.300481382158686	-0.0528618666472171	0.661359988656991	0.259078615940741
GLU188A	-0.981942713567874	-1.24351114591198	-1.11502126160094	-1.07207068689236	-0.749654627081448	-0.65446342488468	-1.39665540379531	-1.06552995148886	-1.16347945212872	-0.735292049506399	-0.583644261136569	-0.4613399220341	-1.01829801731554	-0.835878266359119	-0.881813318209322	-0.518157231881483
GLN55A	1.28187463191448	0.612943289244803	1.05627920383656	0.722284911931717	1.75838197860682	2.15901226435352	0.315451479133079	0.847580643229771	-0.45535251285161	0.446961788573768	0.288557408462462	0.211645351392488	-0.35890831757843	-0.0528618666472171	0	0.647696539851853
GLU91A	-0.0764157753749317	-0.779397537122785	0.417661419884353	-0.533764007245137	0.107743933467797	-0.407109710981803	-0.825953109485847	-0.42782641991598	-0.880228676417877	-0.262390514274332	-0.583644261136569	-0.4613399220341	-0.35890831757843	-0.835878266359119	0	-0.906775155792595
ARG117A	0.829111162818011	0.612943289244803	0.545384976674794	0.722284911931717	1.31976720477483	1.04426376785596	0.886153773442542	1.48528417480265	1.10252675355803	1.86566639426997	0.742660720856903	0.7655822717039	0.300481382158686	0.730154533064685	0.22045332955233	1.03631446376297
ILE108A	0.376347693721539	0.148829680455607	0.673108533465235	0.363413792166902	-0.617836889201088	-0.559751968610209	1.456856067752	0.847580643229771	1.95227908069057	0.683412556189801	-0.431541695334548	-0.375379066645102	0.959871081895801	0.730154533064685	0.22045332955233	-0.518157231881483
ASP126A	0.376347693721539	0.612943289244803	0.673108533465235	0.363413792166902	1.05846478632172	0.760869821632186	-0.255250815176384	0.209877111656896	-0.0304763492853439	0.683412556189801	1.11226260780578	0.238091925677308	0.300481382158686	0.730154533064685	1.10226664776165	1.42493238767408
ALA135A	0.829111162818011	1.5411705068232	0.162214306303471	1.26059159157894	0.745251842774142	1.72257358904517	1.456856067752	2.12298770637552	0.960901365702611	1.62921562665394	0.312070848586446	0.739706287514171	0.959871081895801	1.51317093277659	-0.22045332955233	-0.129539307970371
LYS140A	-0.529179244471403	-1.24351114591198	-0.476403477648733	-1.07207068689236	0.197566639811052	-0.65446342488468	-0.255250815176384	-1.06552995148886	-0.313727124996188	-0.971742817122433	0.118084967563578	-0.4613399220341	-0.35890831757843	-0.835878266359119	-0.440906659104661	-0.906775155792595
ALA150A	0.829111162818011	1.077056898034	0.928555647046117	1.44002715146135	-0.392113594689144	-0.112068805673497	0.315451479133079	0.847580643229771	0.394399814280922	0.683412556189801	-0.583644261136569	-0.4613399220341	0.300481382158686	-0.0528618666472171	0	-0.518157231881483
SER146A	-0.529179244471403	-0.779397537122785	-0.604127034439174	-1.07207068689236	-0.749654627081448	-0.65446342488468	-1.39665540379531	-1.06552995148886	-1.16347945212872	-0.735292049506399	-0.417580590260932	-0.198810823143376	-0.35890831757843	-0.0528618666472171	-0.881813318209322	-0.906775155792595
ARG56A	2.18740157010742	0.612943289244803	1.05627920383656	-0.354328447362729	4.57788173486196	6.51404419128842	1.456856067752	1.48528417480265	1.10252675355803	0.919863323805835	4.89351769774395	7.71536252559881	1.61926078163292	2.29618733248849	1.98407996597097	1.42493238767408
MET384P	0.376347693721539	0.148829680455607	0.162214306303471	0.00454267240208629	-0.348952034498229	-0.519322315215007	0.886153773442542	0.847580643229771	0.819275977847189	1.15631409142187	0.0659145222884889	-0.307192266569692	1.61926078163292	0.730154533064685	1.32271997731398	1.42493238767408
ALA23A	1.28187463191448	2.00528411561239	0.928555647046117	1.44002715146135	1.04446644247602	1.4171875945003	0.315451479133079	0.847580643229771	0.394399814280922	0.919863323805835	-0.583644261136569	-0.4613399220341	-0.35890831757843	-0.0528618666472171	0	1.03631446376297
ALA47A	0.829111162818011	1.077056898034	1.05627920383656	1.97833383110857	1.34951368544694	2.56550627403302	-0.255250815176384	0.209877111656896	-0.0304763492853439	0.446961788573768	-0.583644261136569	-0.4613399220341	-0.35890831757843	-0.835878266359119	0	-0.906775155792595
GLU14A	-0.529179244471403	-0.779397537122785	0.0344907495130305	-0.354328447362729	-0.617836889201088	-0.65446342488468	-0.255250815176384	-0.42782641991598	-0.172101737140766	-0.498841281890366	-0.583644261136569	-0.4613399220341	-1.01829801731554	-0.835878266359119	-0.881813318209322	-0.518157231881483
MET22A	1.28187463191448	0.148829680455607	1.43944987420788	0.183978232284494	2.0990083455189	0.303031198322309	2.02755836206147	0.847580643229771	0.960901365702611	0.446961788573768	-0.583644261136569	-0.4613399220341	-1.01829801731554	-0.835878266359119	-0.881813318209322	-0.518157231881483
VAL178A	0.829111162818011	1.5411705068232	0.928555647046117	1.26059159157894	-0.587507144202067	-0.495083393627103	0.315451479133079	0.847580643229771	0.536025202136345	0.446961788573768	-0.405089075195066	-0.320201490550813	-0.35890831757843	-0.0528618666472171	-0.440906659104661	0.259078615940741
LEU227A	0.376347693721539	0.612943289244803	-0.0932328072774104	0.363413792166902	-0.148892370370072	-0.101533602765107	0.886153773442542	0.847580643229771	-0.0304763492853439	-0.025939746658299	0.0416662871606304	0.169355178253447	0.959871081895801	1.51317093277659	0.22045332955233	0.647696539851853
LYS195A	-0.529179244471403	-1.24351114591198	-0.476403477648733	-1.07207068689236	-0.644667048238684	-0.65446342488468	-0.825953109485847	-1.06552995148886	-0.738603288562455	-0.971742817122433	-0.451381160439159	-0.4613399220341	-0.35890831757843	-0.835878266359119	-0.440906659104661	-0.906775155792595
TYR128A	0.376347693721539	-1.24351114591198	1.31172631741744	-1.07207068689236	-0.282459901231145	-0.65446342488468	-0.255250815176384	-1.06552995148886	-0.172101737140766	-0.971742817122433	-0.583644261136569	-0.4613399220341	-1.01829801731554	-0.835878266359119	-0.881813318209322	-0.518157231881483
PRO164A	0.829111162818011	0.612943289244803	1.184002760627	0.722284911931717	-0.00190975999020132	0.464382455747366	0.886153773442542	0.209877111656896	1.38577752926888	0.683412556189801	-0.583644261136569	-0.4613399220341	-1.01829801731554	-0.835878266359119	-0.881813318209322	-0.518157231881483
LYS11A	-0.529179244471403	-0.779397537122785	-0.731850591229615	-1.07207068689236	-0.355367942094176	-0.476056084863952	-0.255250815176384	-0.42782641991598	-0.596977900707032	-0.735292049506399	-0.583644261136569	-0.4613399220341	-1.01829801731554	-0.835878266359119	-0.881813318209322	-0.518157231881483
GLY53A	2.18740157010742	2.93351133319078	1.43944987420788	2.6960760706382	-0.341952862575378	0.0103665310359491	-0.255250815176384	0.209877111656896	-0.172101737140766	0.446961788573768	-0.287521874575146	0.00679824988165927	-0.35890831757843	-0.0528618666472171	0	-0.129539307970371
LYS49A	0.829111162818011	-0.779397537122785	0.673108533465235	-0.713199567127544	-0.180388644022901	-0.52485396725977	0.886153773442542	-0.42782641991598	0.960901365702611	-0.262390514274332	-0.416845795257058	-0.4613399220341	0.300481382158686	-0.835878266359119	0.22045332955233	-0.906775155792595
ASP156A	-1.43470618266435	-0.779397537122785	-1.75363904555314	-1.07207068689236	-0.749654627081448	-0.65446342488468	-1.39665540379531	-1.06552995148886	-1.16347945212872	-0.735292049506399	-0.582909466132694	-0.46091343851615	-0.35890831757843	-0.0528618666472171	-0.881813318209322	-0.518157231881483
GLN152A	-1.43470618266435	-0.779397537122785	-1.75363904555314	-1.07207068689236	-0.749654627081448	-0.65446342488468	-1.39665540379531	-1.06552995148886	-1.16347945212872	-0.735292049506399	-0.582909466132694	-0.460604772371118	-0.35890831757843	-0.0528618666472171	-0.881813318209322	-0.518157231881483
LEU121A	0.829111162818011	1.077056898034	0.545384976674794	0.901720471814125	-0.0380721482582647	0.273167068697437	1.456856067752	1.48528417480265	0.960901365702611	0.919863323805835	-0.583644261136569	-0.4613399220341	0.300481382158686	-0.0528618666472171	0	-0.129539307970371
GLU31A	-0.529179244471403	-0.779397537122785	0.162214306303471	-1.07207068689236	-0.749654627081448	-0.65446342488468	-1.39665540379531	-1.06552995148886	-1.16347945212872	-0.735292049506399	-0.417580590260932	-0.40143149534992	-0.35890831757843	-0.0528618666472171	-0.22045332955233	-0.518157231881483
GLU40A	0.376347693721539	0.612943289244803	0.0344907495130305	0.363413792166902	2.72893381857549	0.861122851794612	1.456856067752	1.48528417480265	1.5274029171243	1.3927648590379	1.74712549115334	0.215661528813189	0.300481382158686	0.730154533064685	0	0.259078615940741
ASN226A	-0.0764157753749317	0.148829680455607	0.417661419884353	0.542849352049309	-0.18155517267671	-0.0347653480780637	0.315451479133079	0.847580643229771	0.536025202136345	1.15631409142187	0.132046072637194	0.245513868563269	0.959871081895801	1.51317093277659	0.661359988656991	1.03631446376297
LYS386P	0.376347693721539	-0.779397537122785	-0.0932328072774104	-0.892635127009952	0.265225301731945	0.0184332205575569	1.456856067752	-0.42782641991598	0.677650589991767	-0.735292049506399	0.694899045605061	0.306194402038891	0.959871081895801	-0.0528618666472171	0.22045332955233	-0.518157231881483
LEU62A	-0.0764157753749317	0.148829680455607	-0.348679920858292	0.183978232284494	-0.584590822567546	-0.44835465954466	0.315451479133079	0.847580643229771	-0.313727124996188	-0.025939746658299	-0.571887541074577	-0.442753791139182	-0.35890831757843	-0.0528618666472171	-0.661359988656991	-0.906775155792595
ALA190A	1.73463810101095	2.00528411561239	0.673108533465235	0.722284911931717	-0.0398219412389775	0.0344243086769595	1.456856067752	2.12298770637552	1.24415214141346	1.15631409142187	-0.583644261136569	-0.4613399220341	-0.35890831757843	-0.0528618666472171	0	0.647696539851853
ASN42A	-1.43470618266435	-1.24351114591198	-1.24274481839138	-1.07207068689236	-0.749654627081448	-0.65446342488468	-1.39665540379531	-1.06552995148886	-1.16347945212872	-0.735292049506399	-0.583644261136569	-0.4613399220341	-1.01829801731554	-0.835878266359119	-0.881813318209322	-0.518157231881483
VAL46A	0.376347693721539	1.077056898034	-0.0932328072774104	0.183978232284494	-0.749654627081448	-0.65446342488468	-0.255250815176384	0.209877111656896	-0.172101737140766	-0.025939746658299	0.478134519462083	-0.130766284644106	-0.35890831757843	-0.0528618666472171	-0.661359988656991	-0.129539307970371
VAL99A	1.28187463191448	1.5411705068232	1.31172631741744	1.44002715146135	0.145656114716574	0.866521090662865	0.315451479133079	0.847580643229771	0.677650589991767	0.210511020957734	0.309866463574823	0.738046337278608	0.300481382158686	0.730154533064685	0.881813318209322	1.03631446376297
SER392P	-0.0764157753749317	0.612943289244803	0.289937863093912	1.26059159157894	-0.393863387669857	-0.287651389342528	0.315451479133079	0.847580643229771	-0.0304763492853439	0.210511020957734	-0.583644261136569	-0.4613399220341	-0.35890831757843	-0.0528618666472171	0	-0.129539307970371
ALA154A	0.829111162818011	1.5411705068232	0.928555647046117	1.79889827122616	0.0610827873154576	-0.10002527303738	-0.255250815176384	0.209877111656896	0.2527744264255	1.3927648590379	-0.0354871882461921	-0.182794982253509	0.959871081895801	1.51317093277659	1.54317330686631	1.81355031158519
LEU172A	1.73463810101095	1.5411705068232	1.8226205445792	2.15776939099098	1.08762800266694	1.96406662526822	2.02755836206147	2.7606912379484	1.5274029171243	2.102117161886	2.01606046257141	2.5254660097863	3.59742988084426	3.86222013191229	3.52725327283729	2.59078615940741
THR98A	0.376347693721539	0.612943289244803	0.928555647046117	1.26059159157894	-0.0660688359496687	0.539104604724776	-0.255250815176384	0.209877111656896	-0.0304763492853439	-0.498841281890366	1.19309005823197	1.48936132356724	1.61926078163292	1.51317093277659	2.42498662507563	1.42493238767408
ALA203A	-0.0764157753749317	0.148829680455607	-0.731850591229615	-0.174892887480321	-0.746738305446927	-0.65446342488468	-0.255250815176384	-0.42782641991598	-0.45535251285161	-0.262390514274332	-0.583644261136569	-0.4613399220341	-1.01829801731554	-0.835878266359119	-0.881813318209322	-0.518157231881483
ASP199A	-0.981942713567874	-0.779397537122785	-0.859574148020056	-0.533764007245137	-0.749654627081448	-0.65446342488468	-1.39665540379531	-1.06552995148886	-1.16347945212872	-0.735292049506399	-0.583644261136569	-0.4613399220341	-1.01829801731554	-0.835878266359119	-0.881813318209322	-0.518157231881483
GLU182A	-0.0764157753749317	0.148829680455607	0.289937863093912	0.542849352049309	-0.558343927856855	-0.489818323866144	-0.255250815176384	0.209877111656896	-0.172101737140766	0.210511020957734	-0.42860251531905	-0.409449850522096	-0.35890831757843	-0.0528618666472171	-0.440906659104661	0.259078615940741
LYS382P	-0.529179244471403	0.148829680455607	-0.731850591229615	0.00454267240208629	-0.543179055357344	-0.339440827997026	0.315451479133079	0.847580643229771	-0.313727124996188	0.210511020957734	-0.323526829764996	-0.102011847496032	0.959871081895801	1.51317093277659	0.440906659104661	0.647696539851853
ILE168A	-0.0764157753749317	-0.315283928333589	0.0344907495130305	-0.533764007245137	-0.617836889201088	-0.638642226349542	0.315451479133079	0.209877111656896	0.536025202136345	-0.025939746658299	-0.417580590260932	-0.44329359500016	0.959871081895801	0.730154533064685	0.22045332955233	-0.518157231881483
VAL118A	1.28187463191448	2.00528411561239	1.31172631741744	2.33720495087339	1.11679121901215	1.41653135240031	1.456856067752	2.12298770637552	1.81065369283514	2.57501869711807	0.0350531321257599	0.1229615679749	0.300481382158686	0.730154533064685	1.10226664776165	2.2021682354963
LEU92A	-0.0764157753749317	0.612943289244803	0.545384976674794	0.901720471814125	1.18853273122137	1.75591715829002	-0.255250815176384	0.209877111656896	-0.172101737140766	0.683412556189801	-0.534412995876977	-0.434850693848201	-0.35890831757843	-0.0528618666472171	-0.440906659104661	-0.129539307970371
SER149A	-0.981942713567874	-1.24351114591198	-0.859574148020056	-1.07207068689236	-0.749654627081448	-0.65446342488468	-1.39665540379531	-1.06552995148886	-1.16347945212872	-0.735292049506399	-0.583644261136569	-0.4613399220341	-1.01829801731554	-0.835878266359119	-0.881813318209322	-0.518157231881483
TYR127A	1.28187463191448	-0.315283928333589	2.20579121495053	-0.533764007245137	0.0109220552016922	-0.423285999354521	2.02755836206147	0.209877111656896	2.09390446854599	-0.262390514274332	-0.216246759199319	-0.197649189962444	0.959871081895801	0.730154533064685	1.32271997731398	-0.518157231881483
SER212A	-0.529179244471403	-0.779397537122785	-0.604127034439174	-0.713199567127544	0.162570780196797	-0.603404268819871	-0.255250815176384	-0.42782641991598	-0.0304763492853439	-0.262390514274332	-0.583644261136569	-0.4613399220341	-1.01829801731554	-0.835878266359119	-0.881813318209322	-0.518157231881483
TRP59A	0.376347693721539	0.148829680455607	0.289937863093912	0.722284911931717	0.120575748659691	-0.333383929820651	0.315451479133079	-0.42782641991598	-0.0304763492853439	-0.025939746658299	0.0152136670211484	-0.0951030937085503	-0.35890831757843	-0.0528618666472171	-0.440906659104661	0.259078615940741
LEU6A	1.28187463191448	1.077056898034	0.928555647046117	0.901720471814125	0.261725715770519	0.988446648747035	1.456856067752	2.12298770637552	0.536025202136345	0.210511020957734	-0.535147790880852	-0.384672132092561	0.300481382158686	-0.0528618666472171	0.440906659104661	-0.518157231881483
PHE25A	0.829111162818011	-0.779397537122785	0.673108533465235	-0.892635127009952	-0.61667036054728	-0.65344502212904	0.315451479133079	-0.42782641991598	0.111149038570078	-0.735292049506399	-0.534412995876977	-0.460178288853168	1.61926078163292	-0.0528618666472171	0.881813318209322	-0.906775155792595
TYR84A	-0.981942713567874	-1.24351114591198	-0.859574148020056	-1.07207068689236	-0.74032239785098	-0.65446342488468	-0.825953109485847	-1.06552995148886	-0.880228676417877	-0.971742817122433	-0.417580590260932	-0.4613399220341	0.300481382158686	-0.835878266359119	-0.661359988656991	-0.906775155792595
VAL88A	0.376347693721539	1.077056898034	-0.0932328072774104	0.722284911931717	-0.253879949212837	-0.0158071044217607	0.315451479133079	0.847580643229771	-0.313727124996188	0.210511020957734	-0.429337310322924	-0.217396954038295	-0.35890831757843	-0.0528618666472171	-0.661359988656991	-0.906775155792595
LEU107A	0.829111162818011	1.077056898034	1.43944987420788	0.901720471814125	-0.0217407471049458	0.357215139804262	2.02755836206147	2.12298770637552	2.94365679567852	3.04792023235014	0.0791408323582299	0.290698282196333	1.61926078163292	2.29618733248849	2.64543995462796	4.14525785505186
MET155A	-0.529179244471403	-1.24351114591198	-0.0932328072774104	-1.07207068689236	-0.47260407180193	-0.65446342488468	-0.825953109485847	-1.06552995148886	-0.45535251285161	-0.971742817122433	-0.234616634296182	-0.4613399220341	-0.35890831757843	-0.835878266359119	0.440906659104661	-0.906775155792595
ILE157A	0.376347693721539	0.148829680455607	0.545384976674794	-0.174892887480321	0.677009916526344	0.395630569764155	0.886153773442542	0.209877111656896	1.24415214141346	0.919863323805835	-0.583644261136569	-0.4613399220341	-1.01829801731554	-0.835878266359119	-0.881813318209322	-0.518157231881483
ASN175A	0.376347693721539	0.612943289244803	0.417661419884353	0.363413792166902	1.07771250910956	0.396807863184713	0.886153773442542	1.48528417480265	0.819275977847189	0.919863323805835	4.00882451307906	0.737784494725902	1.61926078163292	1.51317093277659	2.2045332955233	1.42493238767408
GLU110A	-0.981942713567874	-1.24351114591198	-0.731850591229615	-1.07207068689236	-0.574675329010174	-0.65446342488468	-0.255250815176384	-1.06552995148886	-0.172101737140766	-0.971742817122433	-0.552048075969966	-0.4613399220341	-0.35890831757843	-0.835878266359119	-0.661359988656991	-0.906775155792595
TYR181A	-0.529179244471403	-0.779397537122785	0.289937863093912	-0.354328447362729	-0.617836889201088	-0.652788058399109	0.315451479133079	-0.42782641991598	0.960901365702611	-0.025939746658299	-0.573357131082326	-0.459428928285228	-0.35890831757843	-0.0528618666472171	0	0.647696539851853
LEU36A	1.73463810101095	1.077056898034	1.43944987420788	1.61946271134375	-0.15822459960054	-0.243455381184131	2.59826065637093	1.48528417480265	3.51015834710021	2.8114694647341	-0.253721304396919	-0.126208749335101	2.27865048137003	1.51317093277659	2.8658932841803	2.2021682354963
TYR120A	0.376347693721539	0.148829680455607	0.928555647046117	0.722284911931717	1.10395940382025	-0.30790117989918	1.456856067752	0.847580643229771	2.66040601996768	2.102117161886	1.75153426117659	-0.0660363932442573	2.27865048137003	1.51317093277659	3.08634661373263	2.59078615940741
GLY101A	1.28187463191448	2.00528411561239	0.545384976674794	1.26059159157894	-0.229382847482858	0.253951833145725	-0.825953109485847	-0.42782641991598	-1.0218540642733	-0.735292049506399	-0.0421003432810626	0.394783732313083	0.959871081895801	1.51317093277659	0.440906659104661	0.259078615940741
SER105A	-0.529179244471403	-0.779397537122785	-0.731850591229615	-1.07207068689236	-0.0975651096024981	-0.42430440211016	-0.255250815176384	-0.42782641991598	-0.880228676417877	-0.971742817122433	-0.583644261136569	-0.4613399220341	-1.01829801731554	-0.835878266359119	-0.881813318209322	-0.518157231881483
ALA24A	-0.0764157753749317	0.612943289244803	0.0344907495130305	0.363413792166902	-0.749654627081448	-0.65446342488468	-1.39665540379531	-1.06552995148886	-1.16347945212872	-0.735292049506399	-0.583644261136569	-0.4613399220341	-1.01829801731554	-0.835878266359119	-0.881813318209322	-0.518157231881483
ALA16A	0.376347693721539	1.077056898034	-0.731850591229615	0.183978232284494	-0.227633054502146	0.257007041412644	-0.255250815176384	0.209877111656896	-0.738603288562455	-0.735292049506399	-0.583644261136569	-0.4613399220341	-1.01829801731554	-0.835878266359119	-0.881813318209322	-0.518157231881483
GLU17A	-1.43470618266435	-1.24351114591198	-1.24274481839138	-1.07207068689236	-0.617836889201088	-0.65446342488468	-0.825953109485847	-1.06552995148886	-1.0218540642733	-0.971742817122433	-0.583644261136569	-0.4613399220341	-1.01829801731554	-0.835878266359119	-0.881813318209322	-0.518157231881483
ALA4A	-0.981942713567874	-0.315283928333589	-0.731850591229615	0.363413792166902	-0.749654627081448	-0.65446342488468	-1.39665540379531	-1.06552995148886	-1.16347945212872	-0.735292049506399	-0.583644261136569	-0.4613399220341	-1.01829801731554	-0.835878266359119	-0.881813318209322	-0.518157231881483
SER5A	-0.0764157753749317	0.148829680455607	-0.476403477648733	0.183978232284494	-0.611420981605141	-0.413101971798126	-0.255250815176384	0.209877111656896	-0.596977900707032	-0.498841281890366	-0.583644261136569	-0.4613399220341	-1.01829801731554	-0.835878266359119	-0.881813318209322	-0.518157231881483
ASP104A	-0.529179244471403	-1.24351114591198	-0.731850591229615	-1.07207068689236	-0.617836889201088	-0.65446342488468	-0.255250815176384	-1.06552995148886	-0.738603288562455	-0.971742817122433	-0.583644261136569	-0.4613399220341	-1.01829801731554	-0.835878266359119	-0.881813318209322	-0.518157231881483
GLU2A	-1.43470618266435	-1.24351114591198	-1.37046837518182	-1.07207068689236	-0.617836889201088	-0.65446342488468	-0.825953109485847	-1.06552995148886	-1.0218540642733	-0.971742817122433	-0.583644261136569	-0.4613399220341	-1.01829801731554	-0.835878266359119	-0.881813318209322	-0.518157231881483
LEU44A	0.829111162818011	1.077056898034	1.69489698778876	1.44002715146135	-0.56184351381828	-0.445690859978589	0.886153773442542	1.48528417480265	1.81065369283514	2.57501869711807	-0.52339107081886	-0.413712961615871	0.300481382158686	0.730154533064685	0.881813318209322	2.59078615940741
VAL30A	2.18740157010742	1.5411705068232	1.43944987420788	1.26059159157894	-0.295291716423039	-0.316554445041588	1.456856067752	1.48528417480265	1.95227908069057	2.57501869711807	-0.127336563730505	-0.0747450396331351	2.27865048137003	3.07920373220039	2.2045332955233	3.36802200722964
ILE144A	0.376347693721539	-0.315283928333589	0.417661419884353	-0.533764007245137	-0.40669520286175	-0.606598495369625	0.315451479133079	-0.42782641991598	0.536025202136345	-0.498841281890366	-0.151584798858363	-0.406743162530277	1.61926078163292	-0.0528618666472171	1.54317330686631	-0.129539307970371
LEU174A	1.73463810101095	1.077056898034	1.05627920383656	0.363413792166902	2.98790317972098	3.96439704649588	1.456856067752	2.12298770637552	1.24415214141346	1.62921562665394	3.55912997070786	2.00294484515778	1.61926078163292	1.51317093277659	1.76362663641864	2.2021682354963
MET220A	0.376347693721539	0.612943289244803	0.545384976674794	1.26059159157894	0.178902181350116	0.685974010939335	0.886153773442542	1.48528417480265	0.819275977847189	2.33856792950204	0.586149385031635	1.06761961170106	1.61926078163292	2.29618733248849	0.881813318209322	2.2021682354963
HIS180A	-0.0764157753749317	-0.315283928333589	-0.0932328072774104	-0.892635127009952	-0.584007558240642	-0.490500581226726	0.315451479133079	-0.42782641991598	-0.0304763492853439	-0.971742817122433	-0.583644261136569	-0.4613399220341	-1.01829801731554	-0.835878266359119	-0.881813318209322	-0.518157231881483
PHE176A	-0.529179244471403	-0.315283928333589	-0.0932328072774104	-0.354328447362729	0.617516955182111	0.689828212559418	-0.255250815176384	-0.42782641991598	-0.172101737140766	-0.262390514274332	0.386285143977771	1.07201587679667	-0.35890831757843	-0.0528618666472171	-0.440906659104661	-0.906775155792595
ALA201A	1.73463810101095	2.46939772440159	1.184002760627	2.15776939099098	-0.287709280173283	-0.374827692969115	0.886153773442542	1.48528417480265	1.5274029171243	2.57501869711807	-0.4271329253113	-0.283524431564911	-0.35890831757843	-0.0528618666472171	-0.22045332955233	0.647696539851853
ARG41A	0.376347693721539	0.612943289244803	0.162214306303471	0.542849352049309	3.37752375009302	4.38110898425745	1.456856067752	1.48528417480265	1.38577752926888	1.15631409142187	2.21078113859815	1.70935704878746	0.959871081895801	0.730154533064685	1.10226664776165	0.647696539851853
PHE119A	-0.0764157753749317	-0.315283928333589	0.162214306303471	-0.533764007245137	0.92898010574898	1.32769502328474	-0.255250815176384	0.209877111656896	-0.45535251285161	-0.025939746658299	1.53109576001424	1.79959369240146	0.300481382158686	0.730154533064685	-0.22045332955233	-0.129539307970371
LEU208A	0.829111162818011	1.5411705068232	0.289937863093912	1.44002715146135	0.418040555380858	1.01814050607682	2.02755836206147	2.7606912379484	2.09390446854599	2.8114694647341	0.217282293086636	0.387093279402833	0.959871081895801	1.51317093277659	0.661359988656991	1.81355031158519
ALA10A	1.73463810101095	2.00528411561239	1.43944987420788	1.08115603169653	-0.652249484488439	-0.484390164692889	0.315451479133079	0.847580643229771	0.536025202136345	0.446961788573768	-0.0729617334437916	0.345995138713922	0.959871081895801	1.51317093277659	0.661359988656991	-0.129539307970371
GLY28A	1.28187463191448	1.5411705068232	0.928555647046117	1.08115603169653	-0.529180711511642	-0.65446342488468	-0.825953109485847	-1.06552995148886	-0.596977900707032	-0.971742817122433	0.0806104223659789	0.588776473528794	0.300481382158686	0.730154533064685	0.661359988656991	-0.129539307970371
LYS32A	-0.0764157753749317	-0.779397537122785	-0.0932328072774104	-0.713199567127544	-0.648749898527013	-0.65446342488468	0.315451479133079	-0.42782641991598	0.394399814280922	-0.498841281890366	-0.583644261136569	-0.4613399220341	-1.01829801731554	-0.835878266359119	-0.881813318209322	-0.518157231881483
GLU189A	-0.981942713567874	-1.24351114591198	-0.476403477648733	-1.07207068689236	-0.655749070449864	-0.65446342488468	-0.825953109485847	-1.06552995148886	-0.880228676417877	-0.971742817122433	-0.583644261136569	-0.4613399220341	-1.01829801731554	-0.835878266359119	-0.881813318209322	-0.518157231881483
ASN166A	-0.529179244471403	-1.24351114591198	0.0344907495130305	-1.07207068689236	-0.585757351221355	-0.65446342488468	-0.825953109485847	-1.06552995148886	-0.738603288562455	-0.971742817122433	-0.583644261136569	-0.4613399220341	-1.01829801731554	-0.835878266359119	-0.881813318209322	-0.518157231881483
PRO163A	0.376347693721539	-0.315283928333589	0.417661419884353	-0.354328447362729	-0.22413346854072	0.263117457946481	0.315451479133079	-0.42782641991598	0.960901365702611	-0.025939746658299	0.0784060373543554	0.585291573985997	-0.35890831757843	-0.0528618666472171	-0.440906659104661	-0.518157231881483
GLU86A	-0.529179244471403	-0.315283928333589	-0.220956364067851	-0.174892887480321	-0.749654627081448	-0.65446342488468	-1.39665540379531	-1.06552995148886	-1.16347945212872	-0.735292049506399	-0.583644261136569	-0.4613399220341	-1.01829801731554	-0.835878266359119	-0.881813318209322	-0.518157231881483
ALA57A	1.28187463191448	0.612943289244803	0.673108533465235	1.26059159157894	-0.476103657763356	-0.176832532489769	-0.825953109485847	-0.42782641991598	-0.596977900707032	-0.262390514274332	-0.239025404319429	0.083466039823198	-0.35890831757843	-0.0528618666472171	0	-0.129539307970371
GLY54A	0.376347693721539	1.077056898034	0.673108533465235	1.97833383110857	-0.749654627081448	-0.65446342488468	-1.39665540379531	-1.06552995148886	-1.16347945212872	-0.735292049506399	-0.583644261136569	-0.4613399220341	-1.01829801731554	-0.835878266359119	-0.881813318209322	-0.518157231881483
ILE191A	-0.0764157753749317	0.148829680455607	0.0344907495130305	0.542849352049309	-0.617836889201088	-0.58655246261533	0.315451479133079	0.209877111656896	0.536025202136345	0.683412556189801	-0.417580590260932	-0.383877811209792	0.959871081895801	0.730154533064685	0.881813318209322	1.03631446376297
THR231A	-0.529179244471403	0.148829680455607	-0.220956364067851	0.722284911931717	-0.589840201509684	-0.375680896207283	0.315451479133079	0.847580643229771	0.536025202136345	1.15631409142187	-0.582909466132694	-0.460474657778395	-0.35890831757843	-0.0528618666472171	-0.440906659104661	-0.129539307970371
LEU170A	1.28187463191448	1.077056898034	1.69489698778876	2.15776939099098	1.25152527852703	2.51480595066534	1.456856067752	2.12298770637552	1.81065369283514	2.57501869711807	-0.452850750446908	-0.254569215828132	0.300481382158686	-0.0528618666472171	0.440906659104661	-0.518157231881483
LEU193A	0.829111162818011	0.612943289244803	0.417661419884353	1.08115603169653	0.842656985367151	2.12577609801107	0.315451479133079	0.847580643229771	-0.313727124996188	-0.025939746658299	0.393633094016516	-0.251077404584579	-0.35890831757843	-0.0528618666472171	-0.22045332955233	0.259078615940741
SER177A	-0.529179244471403	-0.315283928333589	0.289937863093912	0.542849352049309	1.3022692749677	0.30391529880052	0.315451479133079	0.209877111656896	0.677650589991767	1.15631409142187	0.00492653696690541	0.00389416692932826	-0.35890831757843	-0.0528618666472171	0	0.647696539851853
ARG224A	-0.0764157753749317	-0.315283928333589	-0.348679920858292	-0.174892887480321	-0.605588338336099	-0.431400743634572	-0.825953109485847	-0.42782641991598	-1.0218540642733	-0.498841281890366	-0.402149895179568	-0.206905209899832	-0.35890831757843	-0.0528618666472171	-0.661359988656991	-0.129539307970371
GLN221A	-0.981942713567874	-0.315283928333589	-1.24274481839138	-0.533764007245137	-0.749654627081448	-0.65446342488468	-1.39665540379531	-1.06552995148886	-1.16347945212872	-0.735292049506399	-0.583644261136569	-0.4613399220341	-1.01829801731554	-0.835878266359119	-0.881813318209322	-0.518157231881483
ARG169A	0.829111162818011	0.612943289244803	0.673108533465235	0.542849352049309	-0.38336462978558	-0.0338773988845143	1.456856067752	1.48528417480265	1.10252675355803	0.683412556189801	-0.269151999478283	0.0335158130431046	1.61926078163292	0.730154533064685	1.10226664776165	-0.518157231881483
GLU80A	-0.529179244471403	0.148829680455607	-1.11502126160094	-0.354328447362729	-0.749654627081448	-0.65446342488468	-0.255250815176384	0.209877111656896	-0.596977900707032	-0.262390514274332	-0.583644261136569	-0.4613399220341	-1.01829801731554	-0.835878266359119	-0.881813318209322	-0.518157231881483
LYS77A	-0.981942713567874	-1.24351114591198	-1.37046837518182	-1.07207068689236	-0.617836889201088	-0.65446342488468	-0.255250815176384	-1.06552995148886	-0.596977900707032	-0.971742817122433	-0.583644261136569	-0.4613399220341	-1.01829801731554	-0.835878266359119	-0.881813318209322	-0.518157231881483
ALA29A	0.829111162818011	1.077056898034	0.928555647046117	1.44002715146135	0.608767990278547	0.91489522155574	-0.255250815176384	-0.42782641991598	-0.172101737140766	-0.735292049506399	-0.485181730617386	-0.305681075789158	0.300481382158686	0.730154533064685	0.22045332955233	-0.518157231881483
GLY78A	-0.529179244471403	0.148829680455607	-1.11502126160094	-0.354328447362729	-0.355367942094176	-0.160828810674492	0.315451479133079	0.847580643229771	-0.596977900707032	-0.262390514274332	-0.583644261136569	-0.4613399220341	-1.01829801731554	-0.835878266359119	-0.881813318209322	-0.518157231881483
LEU222A	-0.981942713567874	-0.315283928333589	-0.604127034439174	-0.174892887480321	0.218564155579605	0.295562153812597	-0.255250815176384	0.209877111656896	0.111149038570078	0.446961788573768	0.636115445295101	0.622299363934166	0.300481382158686	0.730154533064685	0.440906659104661	0.647696539851853
SER209A	-0.529179244471403	0.148829680455607	-1.49819193197226	-1.07207068689236	-0.0940655236410726	0.439162116389273	0.315451479133079	0.847580643229771	-0.738603288562455	-0.735292049506399	-0.583644261136569	-0.4613399220341	-1.01829801731554	-0.835878266359119	-0.881813318209322	-0.518157231881483
LEU102A	-0.0764157753749317	-0.315283928333589	0.545384976674794	-0.174892887480321	-0.108647131813679	0.0472160737509134	0.315451479133079	0.209877111656896	0.677650589991767	-0.025939746658299	-0.0303436232190706	0.339025339628327	0.300481382158686	0.730154533064685	0.881813318209322	1.42493238767408
LYS122A	1.28187463191448	0.612943289244803	1.31172631741744	0.363413792166902	0.749334693062471	1.33544147765698	0.886153773442542	0.209877111656896	1.24415214141346	0.446961788573768	2.37611001446992	3.26365819892146	2.93804018110715	1.51317093277659	3.74770660238962	1.81355031158519
TYR130A	0.376347693721539	-0.779397537122785	1.8226205445792	-0.892635127009952	1.66855927226357	-0.65446342488468	0.886153773442542	-0.42782641991598	0.960901365702611	-0.735292049506399	2.46281582492711	-0.4613399220341	0.959871081895801	-0.0528618666472171	1.10226664776165	-0.906775155792595
CYS96A	1.73463810101095	1.077056898034	1.69489698778876	0.722284911931717	-0.63591808333512	-0.581498711365734	0.886153773442542	1.48528417480265	1.10252675355803	1.15631409142187	-0.534412995876977	-0.409999727097528	0.959871081895801	0.730154533064685	0.881813318209322	1.03631446376297
ALA132A	1.73463810101095	2.00528411561239	1.31172631741744	1.61946271134375	0.0150049054900219	-0.246083919873253	0.886153773442542	0.847580643229771	0.819275977847189	-0.025939746658299	-0.288991464582895	0.00447498351979446	0.959871081895801	1.51317093277659	1.10226664776165	0.647696539851853
LEU131A	1.28187463191448	0.612943289244803	1.8226205445792	0.542849352049309	-0.178055586715284	0.0928952812639654	0.886153773442542	0.847580643229771	0.819275977847189	1.15631409142187	-0.264743229455036	0.0428088784905638	-0.35890831757843	-0.0528618666472171	-0.661359988656991	-0.518157231881483
ILE65A	-0.981942713567874	-0.779397537122785	-1.24274481839138	-0.713199567127544	-0.600338959393961	-0.65446342488468	-0.825953109485847	-1.06552995148886	-1.0218540642733	-0.971742817122433	-0.369084120005215	-0.436716374547765	0.300481382158686	-0.0528618666472171	-0.440906659104661	-0.518157231881483
VAL61A	-0.529179244471403	0.148829680455607	-0.476403477648733	0.183978232284494	-0.749654627081448	-0.65446342488468	-1.39665540379531	-1.06552995148886	-1.16347945212872	-0.735292049506399	-0.557191640997087	-0.444144675006868	-0.35890831757843	-0.0528618666472171	-0.661359988656991	-0.518157231881483
ILE183A	0.829111162818011	0.148829680455607	1.184002760627	0.363413792166902	-0.235215490751901	-0.128967602974714	1.456856067752	0.209877111656896	0.960901365702611	-0.262390514274332	-0.115579843668513	0.138062799327021	1.61926078163292	0.730154533064685	1.32271997731398	-0.129539307970371
ASP113A	-0.529179244471403	-1.24351114591198	-0.731850591229615	-1.07207068689236	-0.724574261024566	-0.65446342488468	-0.255250815176384	-1.06552995148886	-0.313727124996188	-0.971742817122433	-0.552048075969966	-0.4613399220341	0.300481382158686	-0.835878266359119	-0.22045332955233	-0.906775155792595
GLY112A	-0.981942713567874	-0.315283928333589	-0.859574148020056	0.00454267240208629	-0.749654627081448	-0.65446342488468	-1.39665540379531	-1.06552995148886	-1.16347945212872	-0.735292049506399	-0.583644261136569	-0.4613399220341	-1.01829801731554	-0.835878266359119	-0.881813318209322	-0.518157231881483
THR197A	1.28187463191448	1.077056898034	1.184002760627	1.61946271134375	0.374878995189943	0.157796478305573	0.315451479133079	0.847580643229771	0.111149038570078	1.15631409142187	1.63249747054892	1.42930664633736	1.61926078163292	1.51317093277659	0.881813318209322	2.2021682354963
PRO79A	-0.0764157753749317	0.148829680455607	-0.987297704810497	-0.533764007245137	-0.487185679974536	-0.459657776282588	-0.825953109485847	-0.42782641991598	-0.880228676417877	-0.262390514274332	-0.583644261136569	-0.4613399220341	-1.01829801731554	-0.835878266359119	-0.881813318209322	-0.518157231881483
THR207A	-0.529179244471403	0.148829680455607	-0.731850591229615	0.183978232284494	-0.490102001609058	-0.23927706467454	-0.255250815176384	0.209877111656896	0.2527744264255	1.15631409142187	-0.576296311097824	-0.456475314391855	-0.35890831757843	-0.0528618666472171	-0.440906659104661	0.259078615940741
ALA173A	0.829111162818011	1.077056898034	1.8226205445792	2.87551163052061	-0.553677813241621	-0.444379164586336	-0.255250815176384	-0.42782641991598	-0.45535251285161	-0.262390514274332	-0.0501830883236821	0.231327995766005	1.61926078163292	2.29618733248849	2.64543995462796	3.75663993114075
LYS159A	-0.981942713567874	-1.24351114591198	-0.604127034439174	-1.07207068689236	-0.590423465836588	-0.65446342488468	-0.825953109485847	-1.06552995148886	-0.596977900707032	-0.971742817122433	-0.383045225078831	-0.4613399220341	-0.35890831757843	-0.835878266359119	-0.22045332955233	-0.906775155792595
VAL95A	1.28187463191448	1.077056898034	1.69489698778876	1.26059159157894	0.629182241720196	1.03471636370064	0.315451479133079	0.847580643229771	0.536025202136345	1.15631409142187	1.2268906284102	1.46540986346604	2.27865048137003	2.29618733248849	2.42498662507563	1.81355031158519
LYS9A	-0.0764157753749317	-0.779397537122785	0.673108533465235	-0.892635127009952	-0.704743273909821	-0.620566915021896	-0.255250815176384	-0.42782641991598	-0.313727124996188	-0.498841281890366	-0.446972390415912	-0.4613399220341	0.959871081895801	-0.835878266359119	0.661359988656991	-0.906775155792595
MET1A	0.376347693721539	-0.315283928333589	-0.348679920858292	-0.354328447362729	-0.419527018053644	-0.487961020671742	0.886153773442542	0.209877111656896	0.394399814280922	0.446961788573768	-0.583644261136569	-0.4613399220341	-1.01829801731554	-0.835878266359119	-0.881813318209322	-0.518157231881483
LYS214A	-1.43470618266435	-1.24351114591198	-1.37046837518182	-1.07207068689236	-0.749654627081448	-0.65446342488468	-1.39665540379531	-1.06552995148886	-1.16347945212872	-0.735292049506399	-0.583644261136569	-0.4613399220341	-1.01829801731554	-0.835878266359119	-0.881813318209322	-0.518157231881483
THR217A	-0.0764157753749317	0.612943289244803	-0.859574148020056	0.00454267240208629	-0.36819975728607	-0.321445723790574	-0.825953109485847	-0.42782641991598	-0.313727124996188	0.683412556189801	0.0629753422729909	0.18104322702152	0.300481382158686	0.730154533064685	0.22045332955233	1.03631446376297
GLU20A	-0.529179244471403	-1.24351114591198	-0.348679920858292	-1.07207068689236	-0.526264389877121	-0.65446342488468	-0.825953109485847	-1.06552995148886	-0.738603288562455	-0.971742817122433	-0.302217774652636	-0.4613399220341	-0.35890831757843	-0.835878266359119	0	-0.906775155792595
VAL51A	0.829111162818011	1.5411705068232	0.800832090255676	1.97833383110857	-0.166973564504104	0.234602180788576	0.886153773442542	1.48528417480265	-0.0304763492853439	0.446961788573768	0.150415947734056	0.55276584491989	2.27865048137003	3.07920373220039	1.10226664776165	1.03631446376297
GLU388P	0.376347693721539	-0.315283928333589	0.673108533465235	-0.174892887480321	4.20692562295086	0.357309977201403	1.456856067752	0.209877111656896	1.38577752926888	0.210511020957734	3.88684854243589	0.692731538338242	0.959871081895801	0.730154533064685	1.76362663641864	1.03631446376297
GLY389P	-0.529179244471403	0.148829680455607	-0.987297704810497	-0.533764007245137	2.03134968359801	2.76031247437221	0.315451479133079	0.847580643229771	-0.0304763492853439	0.210511020957734	2.75379464646141	3.17116854457582	0.300481382158686	0.730154533064685	-0.22045332955233	0.259078615940741
GLY137A	-0.0764157753749317	0.612943289244803	-1.49819193197226	-0.892635127009952	-0.227633054502146	0.257007041412644	-0.255250815176384	0.209877111656896	-0.880228676417877	-0.971742817122433	-0.583644261136569	-0.4613399220341	-1.01829801731554	-0.835878266359119	-0.881813318209322	-0.518157231881483
THR136A	-0.981942713567874	-0.315283928333589	-0.859574148020056	0.183978232284494	-0.749654627081448	-0.65446342488468	-1.39665540379531	-1.06552995148886	-1.16347945212872	-0.735292049506399	-0.419784975272555	-0.270168764234883	-0.35890831757843	-0.0528618666472171	-0.440906659104661	0.259078615940741
ASN50A	0.376347693721539	0.148829680455607	0.289937863093912	0.00454267240208629	0.577271716625718	1.0410720808521	0.315451479133079	0.209877111656896	-0.172101737140766	-0.262390514274332	0.797035551143616	1.39079518754789	0.300481382158686	0.730154533064685	-0.440906659104661	-0.518157231881483
SER0A	-1.43470618266435	-0.779397537122785	-1.24274481839138	-0.713199567127544	-0.749654627081448	-0.65446342488468	-1.39665540379531	-1.06552995148886	-1.16347945212872	-0.735292049506399	-0.583644261136569	-0.4613399220341	-1.01829801731554	-0.835878266359119	-0.881813318209322	-0.518157231881483
MET162A	0.829111162818011	0.612943289244803	0.545384976674794	0.542849352049309	0.933646220364214	0.79155975860851	2.02755836206147	1.48528417480265	1.81065369283514	1.3927648590379	0.235652168183498	-0.407364991850231	0.959871081895801	-0.0528618666472171	0.661359988656991	-0.129539307970371
GLY171A	1.28187463191448	2.00528411561239	1.69489698778876	2.87551163052061	0.336383549614263	1.24180250611601	0.315451479133079	0.847580643229771	0.2527744264255	0.210511020957734	4.28290304952424	7.23215663528122	2.27865048137003	3.07920373220039	3.08634661373263	3.75663993114075
ALA58A	-0.0764157753749317	0.612943289244803	0.289937863093912	1.26059159157894	-0.656915599103673	-0.573500405811342	-0.825953109485847	-0.42782641991598	-0.880228676417877	-0.262390514274332	-0.583644261136569	-0.4613399220341	-1.01829801731554	-0.835878266359119	-0.881813318209322	-0.518157231881483
GLN93A	0.376347693721539	-0.315283928333589	0.673108533465235	0.183978232284494	-0.374032400555112	-0.547531135542536	-0.255250815176384	-0.42782641991598	-0.172101737140766	-0.025939746658299	-0.110436278641391	-0.339368438036197	0.300481382158686	-0.0528618666472171	-0.22045332955233	0.259078615940741
MET202A	0.376347693721539	-0.779397537122785	0.545384976674794	0.00454267240208629	0.194650318176531	-0.472893861789065	-0.255250815176384	-0.42782641991598	0.2527744264255	0.683412556189801	0.155559512761178	-0.4613399220341	-0.35890831757843	-0.835878266359119	-0.22045332955233	-0.906775155792595
SER37A	-0.981942713567874	-0.779397537122785	-0.859574148020056	-0.533764007245137	2.4547995849305	1.26685734981762	-0.255250815176384	-0.42782641991598	0.111149038570078	-0.025939746658299	-0.583644261136569	-0.4613399220341	-1.01829801731554	-0.835878266359119	-0.881813318209322	-0.518157231881483
GLY33A	-0.529179244471403	0.148829680455607	-0.348679920858292	0.183978232284494	-0.519848482281174	-0.25321273916273	0.315451479133079	0.847580643229771	0.111149038570078	0.210511020957734	-0.583644261136569	-0.4613399220341	-1.01829801731554	-0.835878266359119	-0.881813318209322	-0.518157231881483
THR90A	-0.0764157753749317	-0.315283928333589	-0.0932328072774104	-0.533764007245137	-0.749654627081448	-0.65446342488468	-1.39665540379531	-1.06552995148886	-1.16347945212872	-0.735292049506399	-0.583644261136569	-0.4613399220341	-1.01829801731554	-0.835878266359119	-0.881813318209322	-0.518157231881483
VAL52A	1.73463810101095	1.5411705068232	2.20579121495053	1.79889827122616	-0.407278467188654	-0.0566610073243123	0.315451479133079	0.847580643229771	0.677650589991767	0.683412556189801	-0.152319593862238	0.220538755173222	1.61926078163292	2.29618733248849	1.98407996597097	1.42493238767408
SER186A	-0.529179244471403	-0.779397537122785	-0.220956364067851	-1.07207068689236	-0.617836889201088	-0.582156829234278	0.315451479133079	-0.42782641991598	-0.0304763492853439	-0.971742817122433	-0.583644261136569	-0.4613399220341	-1.01829801731554	-0.835878266359119	-0.881813318209322	-0.518157231881483
HIS206A	-0.981942713567874	-0.315283928333589	-1.24274481839138	-0.354328447362729	-0.746738305446927	-0.649371411106483	-0.825953109485847	-0.42782641991598	-1.0218540642733	-0.735292049506399	-0.583644261136569	-0.4613399220341	-1.01829801731554	-0.835878266359119	-0.881813318209322	-0.518157231881483
GLY94A	1.28187463191448	2.00528411561239	0.673108533465235	1.61946271134375	-0.749654627081448	-0.65446342488468	-1.39665540379531	-1.06552995148886	-1.16347945212872	-0.735292049506399	0.558227174884404	0.754570883586299	1.61926078163292	2.29618733248849	1.98407996597097	2.59078615940741
PHE198A	0.829111162818011	0.148829680455607	0.417661419884353	-0.354328447362729	-0.388030744400814	-0.501011553479624	-0.255250815176384	0.209877111656896	-0.596977900707032	0.210511020957734	-0.128071358734379	-0.286306238638029	0.300481382158686	0.730154533064685	0	1.03631446376297
TYR19A	-0.529179244471403	-1.24351114591198	-0.0932328072774104	-1.07207068689236	-0.284209694211858	-0.65446342488468	-0.255250815176384	-1.06552995148886	-0.313727124996188	-0.971742817122433	0.00272215195528191	-0.4613399220341	0.300481382158686	-0.835878266359119	0.440906659104661	-0.906775155792595
TYR213A	-0.529179244471403	-1.24351114591198	-0.348679920858292	-1.07207068689236	-0.610837717278237	-0.65446342488468	-0.255250815176384	-1.06552995148886	0.536025202136345	-0.971742817122433	-0.423458950291928	-0.4613399220341	-0.35890831757843	-0.835878266359119	0	-0.906775155792595
ASP225A	-0.981942713567874	-0.315283928333589	-1.11502126160094	-0.892635127009952	-0.308706795941836	-0.557447587063479	-0.825953109485847	-0.42782641991598	-0.596977900707032	-0.735292049506399	-0.0281392382074471	-0.350679561322193	-0.35890831757843	-0.0528618666472171	-0.440906659104661	-0.518157231881483
PRO167A	0.376347693721539	0.612943289244803	0.0344907495130305	0.363413792166902	-0.148892370370072	-0.13813322777547	0.886153773442542	0.847580643229771	0.2527744264255	-0.025939746658299	-0.0332828032345686	-0.198810823143376	0.300481382158686	-0.0528618666472171	-0.440906659104661	-0.906775155792595
LEU103A	0.829111162818011	0.612943289244803	0.928555647046117	0.542849352049309	0.664761365661355	1.79581360518388	0.886153773442542	0.847580643229771	0.960901365702611	-0.025939746658299	1.45394228460742	2.54670919999036	1.61926078163292	2.29618733248849	1.10226664776165	1.03631446376297
ILE219A	-0.981942713567874	-0.779397537122785	-0.476403477648733	-0.354328447362729	-0.0509039634501582	-0.121838783685238	-0.255250815176384	-0.42782641991598	-0.313727124996188	-0.262390514274332	0.296640153505082	0.146194231593548	0.300481382158686	-0.0528618666472171	0.440906659104661	-0.518157231881483
GLU115A	-0.529179244471403	-1.24351114591198	-0.476403477648733	-1.07207068689236	-0.617836889201088	-0.65446342488468	-0.255250815176384	-1.06552995148886	-0.0304763492853439	-0.971742817122433	-0.582909466132694	-0.4613399220341	-0.35890831757843	-0.835878266359119	-0.440906659104661	-0.906775155792595
GLU153A	-0.0764157753749317	-0.779397537122785	-0.0932328072774104	-0.533764007245137	-0.105730810179158	-0.547984222872313	-0.255250815176384	-0.42782641991598	-0.0304763492853439	-0.025939746658299	-0.583644261136569	-0.4613399220341	-1.01829801731554	-0.835878266359119	-0.881813318209322	-0.518157231881483
GLU89A	0.376347693721539	0.148829680455607	0.417661419884353	0.183978232284494	-0.627169118431556	-0.440598846200392	-0.255250815176384	-0.42782641991598	-0.313727124996188	-0.735292049506399	-0.583644261136569	-0.4613399220341	-0.35890831757843	-0.835878266359119	-0.440906659104661	-0.906775155792595
ASP138A	-1.43470618266435	-1.24351114591198	-1.37046837518182	-1.07207068689236	-0.749654627081448	-0.65446342488468	-1.39665540379531	-1.06552995148886	-1.16347945212872	-0.735292049506399	-0.583644261136569	-0.4613399220341	-1.01829801731554	-0.835878266359119	-0.881813318209322	-0.518157231881483
GLN15A	-1.43470618266435	-1.24351114591198	-1.24274481839138	-1.07207068689236	-0.749654627081448	-0.65446342488468	-1.39665540379531	-1.06552995148886	-1.16347945212872	-0.735292049506399	-0.583644261136569	-0.4613399220341	-1.01829801731554	-0.835878266359119	-0.881813318209322	-0.518157231881483
MET26A	0.829111162818011	-0.315283928333589	0.800832090255676	0.00454267240208629	-0.683745758141268	-0.63511377252753	0.886153773442542	0.209877111656896	0.960901365702611	0.683412556189801	-0.484446935613511	-0.4613399220341	0.300481382158686	-0.835878266359119	0.440906659104661	-0.906775155792595
SER63A	-0.981942713567874	-0.315283928333589	-0.731850591229615	0.00454267240208629	0.339299871248784	1.24689451989421	-0.825953109485847	-0.42782641991598	-0.880228676417877	-0.735292049506399	-0.583644261136569	-0.4613399220341	-1.01829801731554	-0.835878266359119	-0.881813318209322	-0.518157231881483
ASP211A	-1.43470618266435	-1.24351114591198	-1.49819193197226	-1.07207068689236	-0.617836889201088	-0.65446342488468	-0.825953109485847	-1.06552995148886	-0.880228676417877	-0.971742817122433	-0.583644261136569	-0.4613399220341	-1.01829801731554	-0.835878266359119	-0.881813318209322	-0.518157231881483
THR196A	-0.0764157753749317	0.612943289244803	-0.220956364067851	0.542849352049309	-0.749654627081448	-0.65446342488468	-1.39665540379531	-1.06552995148886	-1.16347945212872	-0.735292049506399	-0.292665439602267	-0.00133318238486757	-0.35890831757843	-0.0528618666472171	-0.22045332955233	0.259078615940741
PRO390P	-0.529179244471403	0.148829680455607	-0.604127034439174	-0.354328447362729	1.81554188264344	1.2421368402599	0.315451479133079	0.847580643229771	0.111149038570078	0.446961788573768	0.97559073708512	0.635813900593609	-0.35890831757843	-0.0528618666472171	-0.661359988656991	-0.129539307970371
MET123A	-0.981942713567874	-0.779397537122785	-0.348679920858292	-0.174892887480321	-0.617836889201088	-0.612199710525642	-0.255250815176384	-0.42782641991598	-0.313727124996188	-0.262390514274332	-0.478568575582515	-0.4613399220341	-0.35890831757843	-0.835878266359119	-0.22045332955233	-0.906775155792595
VAL81A	-0.529179244471403	0.148829680455607	-0.859574148020056	-0.354328447362729	-0.32153861113373	0.0930441977546895	-0.255250815176384	0.209877111656896	-0.596977900707032	-0.498841281890366	-0.0443047282926861	0.391298832770285	0.300481382158686	0.730154533064685	0	0.259078615940741
SER192A	-0.981942713567874	-0.779397537122785	-1.24274481839138	-1.07207068689236	-0.749654627081448	-0.65446342488468	-1.39665540379531	-1.06552995148886	-1.16347945212872	-0.735292049506399	-0.583644261136569	-0.4613399220341	-1.01829801731554	-0.835878266359119	-0.881813318209322	-0.518157231881483
LEU229A	-0.981942713567874	-0.779397537122785	-0.987297704810497	-0.713199567127544	-0.578758179298503	-0.356071417482316	-0.825953109485847	-0.42782641991598	-0.596977900707032	-0.498841281890366	-0.368349325001341	-0.120981400020905	-0.35890831757843	-0.0528618666472171	-0.661359988656991	-0.518157231881483
THR228A	-0.981942713567874	-0.315283928333589	-1.24274481839138	-0.533764007245137	-0.749654627081448	-0.65446342488468	-1.39665540379531	-1.06552995148886	-1.16347945212872	-0.735292049506399	-0.583644261136569	-0.4613399220341	-1.01829801731554	-0.835878266359119	-0.881813318209322	-0.518157231881483
SER158A	0.376347693721539	0.148829680455607	0.417661419884353	-0.354328447362729	-0.711159181505768	-0.65446342488468	0.315451479133079	-0.42782641991598	0.960901365702611	-0.025939746658299	-0.583644261136569	-0.4613399220341	0.300481382158686	-0.0528618666472171	1.32271997731398	-0.129539307970371
ALA114A	0.829111162818011	0.612943289244803	0.162214306303471	-0.533764007245137	-0.309873324595645	-0.21349503169279	0.886153773442542	0.847580643229771	0.536025202136345	-0.498841281890366	-0.552048075969966	-0.411389695254007	-0.35890831757843	-0.0528618666472171	-0.661359988656991	-0.906775155792595
ASP97A	-0.981942713567874	-1.24351114591198	-0.348679920858292	-1.07207068689236	-0.749654627081448	-0.65446342488468	-1.39665540379531	-1.06552995148886	-1.16347945212872	-0.735292049506399	-0.417580590260932	-0.4613399220341	0.300481382158686	-0.835878266359119	0.440906659104661	-0.906775155792595
GLU34A	-0.981942713567874	-1.24351114591198	-0.859574148020056	-1.07207068689236	-0.61667036054728	-0.65446342488468	-0.255250815176384	-1.06552995148886	-0.313727124996188	-0.971742817122433	-0.583644261136569	-0.4613399220341	-1.01829801731554	-0.835878266359119	-0.881813318209322	-0.518157231881483
ASP139A	-1.43470618266435	-1.24351114591198	-1.37046837518182	-1.07207068689236	-0.617836889201088	-0.65446342488468	-0.825953109485847	-1.06552995148886	-1.0218540642733	-0.971742817122433	-0.583644261136569	-0.4613399220341	-1.01829801731554	-0.835878266359119	-0.881813318209322	-0.518157231881483
LEU383P	-0.529179244471403	-0.315283928333589	-0.476403477648733	-0.174892887480321	-0.747904834100736	-0.65446342488468	-0.825953109485847	-1.06552995148886	-0.880228676417877	-0.971742817122433	-0.436685260361669	-0.232498185390416	0.300481382158686	-0.0528618666472171	0.440906659104661	-0.129539307970371
GLU83A	-1.43470618266435	-0.779397537122785	-1.37046837518182	-0.713199567127544	-0.749654627081448	-0.65446342488468	-1.39665540379531	-1.06552995148886	-1.16347945212872	-0.735292049506399	-0.583644261136569	-0.4613399220341	-1.01829801731554	-0.835878266359119	-0.881813318209322	-0.518157231881483
SER69A	-0.981942713567874	-0.315283928333589	-1.11502126160094	-0.533764007245137	-0.749071362754544	-0.65344502212904	-0.825953109485847	-0.42782641991598	-1.0218540642733	-0.735292049506399	-0.583644261136569	-0.4613399220341	-1.01829801731554	-0.835878266359119	-0.881813318209322	-0.518157231881483
GLU39A	-1.43470618266435	-0.779397537122785	-1.49819193197226	-1.07207068689236	-0.617836889201088	-0.602711742130888	-0.825953109485847	-0.42782641991598	-1.0218540642733	-0.735292049506399	-0.583644261136569	-0.4613399220341	-1.01829801731554	-0.835878266359119	-0.881813318209322	-0.518157231881483
SER45A	-1.43470618266435	-1.24351114591198	-1.37046837518182	-1.07207068689236	-0.617836889201088	-0.65446342488468	-0.825953109485847	-1.06552995148886	-1.0218540642733	-0.971742817122433	-0.417580590260932	-0.4613399220341	-0.35890831757843	-0.835878266359119	-0.661359988656991	-0.906775155792595
GLU200A	-1.43470618266435	-1.24351114591198	-0.859574148020056	-1.07207068689236	-0.749654627081448	-0.65446342488468	-1.39665540379531	-1.06552995148886	-1.16347945212872	-0.735292049506399	-0.583644261136569	-0.4613399220341	-1.01829801731554	-0.835878266359119	-0.881813318209322	-0.518157231881483
LEU218A	-1.43470618266435	-1.24351114591198	-1.37046837518182	-1.07207068689236	-0.749654627081448	-0.65446342488468	-1.39665540379531	-1.06552995148886	-1.16347945212872	-0.735292049506399	-0.417580590260932	-0.4613399220341	-0.35890831757843	-0.835878266359119	-0.661359988656991	-0.906775155792595
GLU210A	-1.43470618266435	-1.24351114591198	-1.49819193197226	-1.07207068689236	-0.617836889201088	-0.65446342488468	-0.825953109485847	-1.06552995148886	-0.880228676417877	-0.971742817122433	-0.583644261136569	-0.4613399220341	-1.01829801731554	-0.835878266359119	-0.881813318209322	-0.518157231881483
ASP391P	-1.43470618266435	-1.24351114591198	-1.49819193197226	-1.07207068689236	-0.617836889201088	-0.65446342488468	-0.825953109485847	-1.06552995148886	-0.880228676417877	-0.971742817122433	-0.583644261136569	-0.4613399220341	-1.01829801731554	-0.835878266359119	-0.881813318209322	-0.518157231881483
ASP215A	-1.43470618266435	-1.24351114591198	-1.24274481839138	-1.07207068689236	-0.617836889201088	-0.65446342488468	-0.825953109485847	-1.06552995148886	-0.738603288562455	-0.971742817122433	-0.417580590260932	-0.4613399220341	-0.35890831757843	-0.835878266359119	-0.661359988656991	-0.906775155792595
ASN70A	-0.981942713567874	-0.779397537122785	-1.11502126160094	-0.713199567127544	-0.617836889201088	-0.4253228048658	-0.255250815176384	-0.42782641991598	-0.596977900707032	-0.498841281890366	-0.583644261136569	-0.4613399220341	-1.01829801731554	-0.835878266359119	-0.881813318209322	-0.518157231881483
ARG142A	-1.43470618266435	-1.24351114591198	-1.49819193197226	-1.07207068689236	-0.749654627081448	-0.65446342488468	-1.39665540379531	-1.06552995148886	-1.16347945212872	-0.735292049506399	-0.417580590260932	-0.4613399220341	-0.35890831757843	-0.835878266359119	-0.881813318209322	-0.906775155792595
ASP145A	-1.43470618266435	-0.779397537122785	-1.49819193197226	-0.892635127009952	-0.749654627081448	-0.65446342488468	-1.39665540379531	-1.06552995148886	-1.16347945212872	-0.735292049506399	-0.417580590260932	-0.362193513438466	-0.35890831757843	-0.0528618666472171	-0.661359988656991	-0.518157231881483
ILE143A	-0.981942713567874	-0.779397537122785	-0.348679920858292	-0.174892887480321	-0.617836889201088	-0.633586168394071	-0.255250815176384	-0.42782641991598	-0.0304763492853439	0.210511020957734	-0.417580590260932	-0.437526441824986	0.300481382158686	-0.0528618666472171	0.22045332955233	0.259078615940741
LEU12A	-0.981942713567874	-1.24351114591198	-0.476403477648733	-1.07207068689236	-0.749654627081448	-0.65446342488468	-1.39665540379531	-1.06552995148886	-1.16347945212872	-0.735292049506399	-0.583644261136569	-0.4613399220341	-1.01829801731554	-0.835878266359119	-0.881813318209322	-0.518157231881483
GLU161A	-1.43470618266435	-1.24351114591198	-1.11502126160094	-1.07207068689236	-0.617836889201088	-0.65446342488468	-0.825953109485847	-1.06552995148886	-0.738603288562455	-0.971742817122433	-0.583644261136569	-0.4613399220341	-1.01829801731554	-0.835878266359119	-0.881813318209322	-0.518157231881483
GLN8A	-1.88746965176082	-1.24351114591198	-1.75363904555314	-1.07207068689236	-0.749654627081448	-0.65446342488468	-1.39665540379531	-1.06552995148886	-1.16347945212872	-0.735292049506399	-0.583644261136569	-0.4613399220341	-1.01829801731554	-0.835878266359119	-0.881813318209322	-0.518157231881483
SER64A	-1.88746965176082	-1.24351114591198	-1.75363904555314	-1.07207068689236	-0.749654627081448	-0.65446342488468	-1.39665540379531	-1.06552995148886	-1.16347945212872	-0.735292049506399	-0.583644261136569	-0.4613399220341	-1.01829801731554	-0.835878266359119	-0.881813318209322	-0.518157231881483
GLN67A	-1.88746965176082	-1.24351114591198	-1.75363904555314	-1.07207068689236	-0.749654627081448	-0.65446342488468	-1.39665540379531	-1.06552995148886	-1.16347945212872	-0.735292049506399	-0.583644261136569	-0.4613399220341	-1.01829801731554	-0.835878266359119	-0.881813318209322	-0.518157231881483
LYS68A	-1.88746965176082	-1.24351114591198	-1.75363904555314	-1.07207068689236	-0.749654627081448	-0.65446342488468	-1.39665540379531	-1.06552995148886	-1.16347945212872	-0.735292049506399	-0.583644261136569	-0.4613399220341	-1.01829801731554	-0.835878266359119	-0.881813318209322	-0.518157231881483
LYS87A	-1.88746965176082	-1.24351114591198	-1.75363904555314	-1.07207068689236	-0.749654627081448	-0.65446342488468	-1.39665540379531	-1.06552995148886	-1.16347945212872	-0.735292049506399	-0.583644261136569	-0.4613399220341	-1.01829801731554	-0.835878266359119	-0.881813318209322	-0.518157231881483
LYS141A	-1.88746965176082	-1.24351114591198	-1.75363904555314	-1.07207068689236	-0.749654627081448	-0.65446342488468	-1.39665540379531	-1.06552995148886	-1.16347945212872	-0.735292049506399	-0.583644261136569	-0.4613399220341	-1.01829801731554	-0.835878266359119	-0.881813318209322	-0.518157231881483
LYS160A	-1.88746965176082	-1.24351114591198	-1.75363904555314	-1.07207068689236	-0.749654627081448	-0.65446342488468	-1.39665540379531	-1.06552995148886	-1.16347945212872	-0.735292049506399	-0.583644261136569	-0.4613399220341	-1.01829801731554	-0.835878266359119	-0.881813318209322	-0.518157231881483
GLU71A	-1.88746965176082	-1.24351114591198	-1.75363904555314	-1.07207068689236	-0.749654627081448	-0.65446342488468	-1.39665540379531	-1.06552995148886	-1.16347945212872	-0.735292049506399	-0.583644261136569	-0.4613399220341	-1.01829801731554	-0.835878266359119	-0.881813318209322	-0.518157231881483
