Degree	Degree_sidechain	SecondOrderDegree	SecondOrderDegree_sidechain	NodeEdgeBetweennessSTRIDE	NodeEdgeBetweennessSTRIDE_sidechain	IntermodularDegreeSTRIDE	IntermodularDegreeSTRIDE_sidechain	SecondOrderIntermodularDegreeSTRIDE	SecondOrderIntermodularDegreeSTRIDE_sidechain	NodeEdgeBetweennessWALKTRAP	NodeEdgeBetweennessWALKTRAP_sidechain	IntermodularDegreeWALKTRAP	IntermodularDegreeWALKTRAP_sidechain	SecondOrderIntermodularDegreeWALKTRAP	SecondOrderIntermodularDegreeWALKTRAP_sidechain
GLY779A	1.58322794848226	2.32254274812087	1.45616102803178	2.08663807414965	1.34536246673755	0.467378568951906	0.974541382753138	1.60137312386994	1.35220416179188	1.45053475908632	-0.471129942753424	-0.396396008224129	-0.952470514260009	-0.80363752123796	-0.807894935594189	-0.492000508962832
LEU704A	1.14416782668667	1.41047851564713	0.85148780089293	1.63164836168308	1.48044639336475	1.12991573191055	1.48755827504393	2.165946348406	1.24417240666208	2.10632274260602	0.85265494761151	0.301047294329956	0.913169546438601	1.44822178306424	0.135350453619513	0.818377084215403
GLY824A	2.02228807027786	2.32254274812087	1.57709567345955	2.23830131163851	-0.294640829970848	-0.201261085760002	-0.0514924018284437	-0.0923465497382404	0.379918365623735	0.466852783806774	-0.439503682574057	-0.396396008224129	-0.330590494027139	-0.80363752123796	-0.0532986242232277	-0.819594907257391
TYR827A	0.70510770489107	0.0423821669365124	0.367749219181846	-0.339973725672046	-0.547078917855435	-0.430637722095735	0.461524490462347	-0.0923465497382404	0.163854855364148	-0.680776187352698	-0.38729525307161	-0.255323521315895	0.291289526205731	0.697602014963507	-0.0532986242232277	-0.164406110668273
ILE740A	0.70510770489107	-0.41364994930036	0.730553155465159	0.266679224283379	-0.233853062988607	-0.371689947240831	0.461524490462347	-0.0923465497382404	0.812045386142909	0.794746775566624	-0.329564778141019	-0.396396008224129	1.53504956667147	-0.0530177531372264	-0.0532986242232277	-0.164406110668273
PRO741A	0.70510770489107	-0.41364994930036	0.246814573754075	-0.794963438138614	-0.430991168410182	-0.54001859321539	0.461524490462347	-0.656919774274301	0.163854855364148	-1.00867017911255	-0.364203063099374	-0.216465231508836	-0.330590494027139	-0.0530177531372264	-0.241947702065968	-0.492000508962832
THR940A	-0.173012538700124	0.0423821669365124	-0.841597235095863	-0.491636963160902	-0.526394191590644	-0.315034585852506	0.461524490462347	0.47222667479782	-0.268272165155026	-0.352882195592849	-0.471129942753424	-0.396396008224129	-0.952470514260009	-0.80363752123796	-0.807894935594189	-0.492000508962832
VAL980A	-0.61207266049572	0.0423821669365124	-0.47879329881255	0.418342461772235	-0.671609412714888	-0.520696822568505	-0.564509294119235	-0.0923465497382404	-0.484335675414613	0.138958792046925	-0.471129942753424	-0.396396008224129	-0.952470514260009	-0.80363752123796	-0.807894935594189	-0.492000508962832
GLU829A	-1.05113278229132	-0.41364994930036	-1.0834665259514	-0.491636963160902	-0.149003471575894	-0.380718358727296	-0.564509294119235	-0.0923465497382404	-0.700399185674201	-0.0249882038329997	-0.143823250103467	-0.321536667734862	-0.330590494027139	-0.0530177531372264	-0.241947702065968	0.163188287626286
HIS893A	0.70510770489107	0.498414283173385	0.488683864609617	0.418342461772235	0.0333598293708305	0.51539701766303	0.974541382753138	1.03679989933388	0.379918365623735	0.794746775566624	0.36822096232438	0.941159011230119	1.53504956667147	1.44822178306424	1.07859584283321	0.163188287626286
ARG803A	-0.61207266049572	-0.41364994930036	-0.236924007957008	-0.0366472506943334	-0.36344920509658	-0.299055348632757	-1.07752618641003	-0.656919774274301	-0.808430940803994	-0.0249882038329997	0.341112739313494	0.332752215582623	0.291289526205731	0.697602014963507	-0.0532986242232277	0.163188287626286
LEU799A	1.14416782668667	0.498414283173385	1.21429173717624	0.570005699261091	1.39095329197423	0.928435975947885	0.974541382753138	0.47222667479782	1.13614065153229	0.630799779686699	0.39683519772476	-0.113626465939026	0.913169546438601	-0.0530177531372264	0.889946764990474	-0.164406110668273
CYS818A	0.70510770489107	0.498414283173385	1.57709567345955	0.721668936749947	-0.593936154904246	-0.54001859321539	0.461524490462347	0.47222667479782	0.379918365623735	-0.188935199712924	-0.349644943334268	-0.396396008224129	2.15692958690434	1.44822178306424	2.3991393877324	0.818377084215403
LEU814A	1.58322794848226	1.41047851564713	1.33522638260401	1.63164836168308	0.803338211145891	0.0480312892132744	1.48755827504393	1.60137312386994	1.78433118231105	2.10632274260602	-0.375749158085492	-0.278976393372365	0.913169546438601	1.44822178306424	0.512648609304993	0.818377084215403
ILE965A	0.70510770489107	0.954446399410257	-0.236924007957008	0.266679224283379	-0.0823057828037126	0.142146660101047	-0.0514924018284437	0.47222667479782	-0.916462695933788	-0.516829191472774	-0.471129942753424	-0.396396008224129	-0.952470514260009	-0.80363752123796	-0.807894935594189	-0.492000508962832
LYS823A	-0.173012538700124	-1.3257141817741	0.609618510037388	-1.09828991311633	-0.488823974497453	-0.54001859321539	-1.07752618641003	-1.22149299881036	-1.13252620619337	-1.00867017911255	-0.306472588168783	-0.396396008224129	-0.330590494027139	-0.80363752123796	-0.241947702065968	-0.819594907257391
ARG831A	-0.173012538700124	0.0423821669365124	0.00494528289853346	-0.339973725672046	-0.493467484475264	-0.461094130678636	-0.0514924018284437	-0.0923465497382404	-0.160240410025233	-0.352882195592849	-0.230167960434437	-0.294604258954041	0.913169546438601	0.697602014963507	0.701297687147734	0.163188287626286
SER768A	0.266047583095473	0.0423821669365124	0.00494528289853346	0.115015986794523	-0.527238466132064	-0.432275102044948	-0.0514924018284437	-0.0923465497382404	-0.37630392028482	-0.352882195592849	-0.328058765751526	-0.257435309776571	-0.330590494027139	-0.0530177531372264	-0.430596779908708	-0.164406110668273
LEU815A	1.14416782668667	0.954446399410257	1.57709567345955	1.02499541172766	1.85699283883808	2.34189032345093	0.974541382753138	1.03679989933388	1.13614065153229	1.12264076732647	-0.0624985810708091	0.291226772274687	-0.330590494027139	-0.0530177531372264	0.135350453619513	-0.492000508962832
VAL819A	0.70510770489107	0.954446399410257	0.730553155465159	0.570005699261091	-0.436901090200122	-0.16013639014019	-0.564509294119235	-0.0923465497382404	-0.808430940803994	-0.680776187352698	0.00175794754758741	0.370628384001306	1.53504956667147	1.44822178306424	1.45589399851869	-0.164406110668273
HIS773A	0.70510770489107	0.498414283173385	1.09335709174847	0.721668936749947	-0.34360875337321	-0.294883933248986	0.974541382753138	0.47222667479782	1.13614065153229	0.794746775566624	-0.25175413801718	-0.080236923414548	0.291289526205731	0.697602014963507	0.512648609304993	0.818377084215403
MET881A	0.70510770489107	0.0423821669365124	0.125879928326304	-0.339973725672046	-0.454208718299232	-0.166027710524832	0.974541382753138	0.47222667479782	0.487950120753529	-0.0249882038329997	0.148343153458304	0.0859536326417484	1.53504956667147	1.44822178306424	0.701297687147734	0.490782685920845
VAL876A	-0.61207266049572	0.0423821669365124	-0.841597235095863	-0.339973725672046	-0.309415634445699	-0.264562670994024	-0.0514924018284437	0.47222667479782	-0.268272165155026	0.138958792046925	-0.471129942753424	-0.396396008224129	-0.952470514260009	-0.80363752123796	-0.807894935594189	-0.492000508962832
GLY729A	1.14416782668667	1.866510631884	0.125879928326304	0.873332174238803	-0.538214035170525	-0.386705728111648	0.974541382753138	1.60137312386994	0.379918365623735	0.958693771446548	-0.471129942753424	-0.396396008224129	-0.952470514260009	-0.80363752123796	-0.807894935594189	-0.492000508962832
LYS728A	-0.61207266049572	-1.3257141817741	-0.47879329881255	-1.09828991311633	1.48002425609404	-0.54001859321539	-0.564509294119235	-1.22149299881036	-0.808430940803994	-1.00867017911255	0.805968563537206	-0.396396008224129	-0.330590494027139	-0.80363752123796	-0.619245857751449	-0.819594907257391
ALA840A	0.70510770489107	0.954446399410257	0.9724224463207	0.721668936749947	1.16890908758076	1.51095779437035	0.974541382753138	1.03679989933388	0.812045386142909	0.958693771446548	-0.471129942753424	-0.396396008224129	-0.952470514260009	-0.80363752123796	-0.807894935594189	-0.492000508962832
LEU907A	-0.173012538700124	0.0423821669365124	0.488683864609617	0.115015986794523	-0.419171324830302	-0.331431632166739	0.461524490462347	0.47222667479782	0.595981875883322	0.630799779686699	-0.267316266041948	-0.232966998519151	0.913169546438601	0.697602014963507	1.07859584283321	1.47356588080452
LEU707A	1.14416782668667	0.954446399410257	1.33522638260401	1.32832188670537	6.13071056750623	8.53189854840391	2.00057516733472	1.60137312386994	2.6485852233494	1.9423757467261	-0.471129942753424	-0.396396008224129	-0.952470514260009	-0.80363752123796	-0.807894935594189	-0.492000508962832
TRP731A	1.14416782668667	1.41047851564713	1.45616102803178	1.78331159917194	3.18841379065745	0.972723376839657	2.00057516733472	2.165946348406	2.6485852233494	2.92605772200564	0.39281916468611	0.0644406976850067	0.291289526205731	0.697602014963507	0.323999531462253	-0.164406110668273
ARG748A	-1.05113278229132	-0.869682065537232	-0.962531880523633	-0.794963438138614	-0.587181958572886	-0.371034971964665	-0.564509294119235	-0.656919774274301	-0.484335675414613	-0.844723183232623	-0.471129942753424	-0.396396008224129	-0.952470514260009	-0.80363752123796	-0.807894935594189	-0.492000508962832
GLY724A	1.58322794848226	2.32254274812087	-0.236924007957008	0.721668936749947	-0.160401177885065	0.291145032238756	2.00057516733472	2.73051957294206	0.487950120753529	0.30290578792685	-0.220127877837813	0.0154208062871333	0.913169546438601	1.44822178306424	0.323999531462253	0.490782685920845
GLN812A	0.266047583095473	0.0423821669365124	0.367749219181846	0.266679224283379	-0.230053827552217	-0.30871708053295	-0.0514924018284437	-0.0923465497382404	0.379918365623735	0.138958792046925	-0.471129942753424	-0.396396008224129	-0.952470514260009	-0.80363752123796	-0.807894935594189	-0.492000508962832
PRO975A	1.14416782668667	0.954446399410257	0.246814573754075	0.570005699261091	0.723132129710989	0.275180364508711	1.48755827504393	1.03679989933388	0.812045386142909	-0.188935199712924	-0.471129942753424	-0.396396008224129	-0.952470514260009	-0.80363752123796	-0.807894935594189	-0.492000508962832
SER720A	-0.173012538700124	-0.41364994930036	-0.115989362529237	-0.0366472506943334	-0.685117805377609	-0.531059228165014	-0.564509294119235	-0.656919774274301	-0.37630392028482	-0.516829191472774	-0.0875987875623702	-0.259267231039341	0.291289526205731	0.697602014963507	-0.241947702065968	0.490782685920845
ARG836A	-0.173012538700124	-0.869682065537232	0.246814573754075	-0.94662667562747	-0.37189195051078	-0.371034971964665	-0.0514924018284437	-0.656919774274301	0.163854855364148	-0.844723183232623	-0.279364365157897	-0.178451687132366	0.913169546438601	-0.0530177531372264	1.45589399851869	-0.492000508962832
TYR891A	0.266047583095473	-0.869682065537232	0.246814573754075	-0.794963438138614	-0.585493409490046	-0.538708642663059	0.461524490462347	-0.656919774274301	0.704013631013116	-0.516829191472774	-0.339604860737644	-0.394706517362952	0.291289526205731	-0.0530177531372264	0.323999531462253	0.163188287626286
GLY796A	-0.173012538700124	0.498414283173385	0.246814573754075	1.17665864921652	-0.593936154904246	-0.395872011468923	-0.0514924018284437	0.47222667479782	0.163854855364148	0.630799779686699	-0.471129942753424	-0.396396008224129	-0.952470514260009	-0.80363752123796	-0.807894935594189	-0.492000508962832
VAL845A	2.46134819207346	3.23460698059462	1.57709567345955	2.23830131163851	-0.0400920557327114	0.202833765237546	2.00057516733472	2.73051957294206	1.89236293744085	2.43421673436587	0.0630024513869966	0.330294536252643	0.913169546438601	1.44822178306424	1.64454307636144	3.11153787227732
LEU798A	0.70510770489107	0.954446399410257	1.45616102803178	2.54162778661622	2.94019707547997	2.02859001415047	0.974541382753138	1.03679989933388	1.67629942718126	2.43421673436587	3.85313363161273	2.91643191521232	2.15692958690434	2.19884155116497	2.96508662126062	3.76672666886643
TRP817A	1.58322794848226	1.41047851564713	1.93989960974287	1.63164836168308	1.14020375317248	0.491004474136818	0.974541382753138	1.03679989933388	1.35220416179188	1.2865877632064	1.71258802201239	0.933351932912856	2.77880960713721	2.19884155116497	3.53103385478884	2.4563490756882
CYS950A	0.70510770489107	0.498414283173385	1.57709567345955	1.32832188670537	-0.239340847507837	-0.412856994024253	0.974541382753138	0.47222667479782	1.56826767205146	0.630799779686699	0.224145777062819	0.112265065919904	1.53504956667147	2.19884155116497	1.83319215420418	3.43913227057187
PRO959A	1.14416782668667	0.0423821669365124	0.85148780089293	0.873332174238803	-0.201770630414646	-0.302262567967277	1.48755827504393	-0.0923465497382404	0.812045386142909	-0.516829191472774	-0.0655106058497964	-0.396396008224129	1.53504956667147	-0.80363752123796	1.83319215420418	-0.819594907257391
SER969A	-0.173012538700124	-0.41364994930036	0.00494528289853346	0.115015986794523	-0.639104842870217	-0.517745976724911	-1.07752618641003	-0.656919774274301	-1.24055796132317	-0.680776187352698	-0.198039696125239	-0.367670204835454	0.913169546438601	-0.0530177531372264	0.512648609304993	0.163188287626286
GLU931A	-0.173012538700124	-0.869682065537232	-0.720662589668092	-1.09828991311633	-0.586337684031466	-0.501115356742691	-0.0514924018284437	-0.656919774274301	-0.160240410025233	-0.844723183232623	-0.471129942753424	-0.396396008224129	-0.952470514260009	-0.80363752123796	-0.807894935594189	-0.492000508962832
GLY930A	-0.173012538700124	0.498414283173385	-0.720662589668092	0.266679224283379	-0.587181958572886	-0.483513222067435	0.461524490462347	1.03679989933388	0.0558231002343543	0.630799779686699	-0.471129942753424	-0.396396008224129	-0.952470514260009	-0.80363752123796	-0.807894935594189	-0.492000508962832
ILE878A	-0.173012538700124	-0.41364994930036	-0.47879329881255	-0.339973725672046	-0.414949952123201	-0.456158003221839	0.461524490462347	-0.0923465497382404	0.0558231002343543	-0.0249882038329997	-0.32554874510237	-0.396396008224129	0.291289526205731	-0.80363752123796	-0.0532986242232277	-0.819594907257391
ILE886A	-0.173012538700124	0.0423821669365124	-0.115989362529237	-0.0366472506943334	-0.452098031945682	-0.359245416993684	0.461524490462347	0.47222667479782	0.379918365623735	0.30290578792685	-0.180971555710978	-0.163246269381778	1.53504956667147	1.44822178306424	0.701297687147734	-0.164406110668273
LEU927A	1.14416782668667	1.41047851564713	0.367749219181846	0.266679224283379	-0.577472801346556	-0.451420421480765	1.48755827504393	1.60137312386994	1.0281088964025	0.958693771446548	-0.33809884834815	-0.284467238671189	0.291289526205731	0.697602014963507	0.512648609304993	1.47356588080452
LEU964A	0.70510770489107	0.954446399410257	0.9724224463207	0.873332174238803	-0.531037701568455	-0.28392326023464	0.974541382753138	1.03679989933388	1.0281088964025	0.794746775566624	-0.274846327989416	-0.0661005448641322	1.53504956667147	2.19884155116497	2.02184123204692	2.12875467739364
TYR900A	1.14416782668667	0.0423821669365124	1.45616102803178	0.570005699261091	0.671631382684368	-0.0518590591504014	0.974541382753138	0.47222667479782	0.920077141272703	0.138958792046925	0.33559069388535	0.233201093842996	1.53504956667147	1.44822178306424	2.3991393877324	1.47356588080452
TRP951A	1.14416782668667	1.41047851564713	0.85148780089293	1.47998512419423	1.81097987633069	0.54423848786465	0.974541382753138	1.03679989933388	0.271886610493941	0.794746775566624	3.41337801388058	2.52170680579849	2.77880960713721	2.94946131926571	1.64454307636144	2.12875467739364
VAL902A	0.266047583095473	0.498414283173385	0.9724224463207	1.47998512419423	-0.35500645968238	-0.0993571853004701	-0.564509294119235	-0.0923465497382404	-0.37630392028482	-0.0249882038329997	-0.373741141566167	-0.346732661012013	-0.330590494027139	-0.0530177531372264	0.135350453619513	0.818377084215403
GLY721A	-0.173012538700124	0.0423821669365124	-0.599727944240321	-0.643300200649758	-0.3727362250522	-0.340344697342021	-0.0514924018284437	-0.0923465497382404	-0.268272165155026	-0.844723183232623	-0.471129942753424	-0.396396008224129	-0.952470514260009	-0.80363752123796	-0.807894935594189	-0.492000508962832
PHE723A	-0.61207266049572	-1.3257141817741	-0.720662589668092	-1.09828991311633	-0.588870507655726	-0.54001859321539	-0.564509294119235	-1.22149299881036	-0.37630392028482	-1.00867017911255	-0.471129942753424	-0.396396008224129	-0.952470514260009	-0.80363752123796	-0.807894935594189	-0.492000508962832
MET971A	-0.173012538700124	-0.41364994930036	0.488683864609617	0.266679224283379	0.674164206308628	0.184264072200432	-0.0514924018284437	-0.0923465497382404	-0.0522086548954392	0.30290578792685	-0.471129942753424	-0.396396008224129	-0.952470514260009	-0.80363752123796	-0.807894935594189	-0.492000508962832
VAL904A	1.14416782668667	0.954446399410257	1.93989960974287	1.17665864921652	-0.544123956960465	-0.422123043505582	-0.564509294119235	-0.0923465497382404	-0.808430940803994	-0.188935199712924	-0.290408456014184	-0.244341830718248	0.291289526205731	0.697602014963507	0.323999531462253	0.490782685920845
GLY810A	1.14416782668667	1.866510631884	0.730553155465159	1.47998512419423	0.0806392036903518	0.659338112907314	2.00057516733472	2.73051957294206	1.89236293744085	2.27026973848595	-0.405367401745534	-0.285734356817071	-0.330590494027139	-0.0530177531372264	-0.430596779908708	-0.492000508962832
ILE981A	0.266047583095473	0.498414283173385	0.246814573754075	0.873332174238803	-0.579583487700106	-0.452947992153476	0.974541382753138	1.03679989933388	1.13614065153229	1.9423757467261	-0.416411492601821	-0.365068376434346	-0.330590494027139	-0.0530177531372264	-0.619245857751449	-0.164406110668273
SER899A	-1.05113278229132	-0.869682065537232	-0.720662589668092	-0.643300200649758	-0.550456016021115	-0.314052122938258	-1.07752618641003	-0.656919774274301	-0.916462695933788	-0.680776187352698	-0.471129942753424	-0.396396008224129	-0.952470514260009	-0.80363752123796	-0.807894935594189	-0.492000508962832
TRP880A	0.70510770489107	0.0423821669365124	0.125879928326304	-0.0366472506943334	1.67040816518425	0.823849593343783	0.974541382753138	-0.0923465497382404	0.163854855364148	-0.352882195592849	-0.471129942753424	-0.396396008224129	-0.952470514260009	-0.80363752123796	-0.807894935594189	-0.492000508962832
ILE923A	-0.61207266049572	-0.869682065537232	-0.357858653384779	-0.94662667562747	-0.482069778166093	-0.295712815205621	-0.564509294119235	-0.656919774274301	-0.484335675414613	-0.844723183232623	-0.40386138935604	-0.396396008224129	-0.330590494027139	-0.80363752123796	-0.241947702065968	-0.819594907257391
TYR915A	0.266047583095473	-0.869682065537232	0.367749219181846	-0.339973725672046	1.44329831354227	-0.54001859321539	0.974541382753138	-0.656919774274301	0.704013631013116	-0.188935199712924	0.833076786548092	-0.396396008224129	0.291289526205731	-0.80363752123796	0.135350453619513	-0.819594907257391
ALA755A	-0.173012538700124	0.498414283173385	-0.720662589668092	-0.188310488183189	-0.0485348011469117	-0.0324593907580278	-0.564509294119235	-0.0923465497382404	-0.700399185674201	0.138958792046925	0.0409142696744228	0.187036446967061	-0.330590494027139	-0.0530177531372264	-0.241947702065968	0.490782685920845
ASN756A	-0.173012538700124	-1.3257141817741	-0.236924007957008	-1.09828991311633	0.436500922898891	-0.54001859321539	-0.564509294119235	-1.22149299881036	-0.484335675414613	-1.00867017911255	0.875747137583746	-0.396396008224129	0.291289526205731	-0.80363752123796	0.323999531462253	-0.819594907257391
ILE780A	1.58322794848226	0.498414283173385	0.730553155465159	-0.188310488183189	1.74470432482922	0.121895929221152	2.00057516733472	1.03679989933388	1.46023591692167	0.30290578792685	-0.355166988762412	-0.201259813758248	-0.330590494027139	-0.0530177531372264	-0.430596779908708	-0.164406110668273
ALA972A	1.58322794848226	1.866510631884	0.609618510037388	1.02499541172766	-0.587181958572886	-0.499260105187036	0.461524490462347	0.47222667479782	0.163854855364148	-0.0249882038329997	-0.471129942753424	-0.396396008224129	0.291289526205731	0.697602014963507	0.701297687147734	-0.164406110668273
HIS850A	0.70510770489107	-0.41364994930036	0.246814573754075	-0.794963438138614	-0.587604095843596	-0.536088741558396	0.461524490462347	-0.656919774274301	0.0558231002343543	-0.844723183232623	-0.34613091442545	-0.391327535640599	1.53504956667147	-0.0530177531372264	1.64454307636144	-0.819594907257391
SER752A	-0.61207266049572	0.0423821669365124	-1.20440117137918	-0.643300200649758	-0.37020340142794	-0.233160740245685	-0.0514924018284437	0.47222667479782	-1.02449445106358	-0.516829191472774	-0.471129942753424	-0.396396008224129	-0.952470514260009	-0.80363752123796	-0.807894935594189	-0.492000508962832
PRO914A	0.266047583095473	0.0423821669365124	0.367749219181846	-0.643300200649758	1.50113111962954	0.128383676111605	-0.0514924018284437	-0.656919774274301	0.271886610493941	-0.680776187352698	0.715105816037755	-0.396396008224129	-0.330590494027139	-0.80363752123796	-0.241947702065968	-0.819594907257391
ALA702A	-0.173012538700124	0.0423821669365124	-0.236924007957008	0.115015986794523	-0.3727362250522	-0.371034971964665	-0.564509294119235	-0.656919774274301	-0.700399185674201	-1.00867017911255	-0.338600852477981	-0.173383214548837	0.291289526205731	0.697602014963507	-0.430596779908708	-0.492000508962832
TRP898A	1.14416782668667	0.498414283173385	2.18176890059841	2.08663807414965	1.93297754756588	2.1976284019552	0.461524490462347	1.03679989933388	1.46023591692167	2.76211072612572	2.65535177783543	3.13444687072026	1.53504956667147	2.19884155116497	1.45589399851869	2.78394347398276
VAL774A	1.14416782668667	1.866510631884	1.21429173717624	1.63164836168308	0.692738246219868	1.15950498308007	1.48755827504393	2.165946348406	1.35220416179188	1.45053475908632	1.59260903498273	2.6852327744599	0.913169546438601	1.44822178306424	1.83319215420418	1.80116027909908
CYS939A	0.70510770489107	0.954446399410257	1.09335709174847	1.47998512419423	-0.235119474800737	-0.325996481858825	1.48755827504393	1.60137312386994	1.46023591692167	2.27026973848595	-0.291914468403678	-0.236632209478952	0.291289526205731	0.697602014963507	0.323999531462253	0.818377084215403
GLN935A	-0.173012538700124	0.0423821669365124	0.00494528289853346	0.266679224283379	-0.322924027108419	-0.28779401987759	0.461524490462347	0.47222667479782	0.379918365623735	0.466852783806774	-0.290910460144015	-0.396396008224129	-0.330590494027139	-0.80363752123796	-0.241947702065968	-0.819594907257391
ILE938A	-0.61207266049572	0.0423821669365124	-0.115989362529237	0.418342461772235	-0.503598778972304	-0.29904355638183	-0.0514924018284437	0.47222667479782	0.271886610493941	0.794746775566624	-0.365207071359036	-0.292564371119795	0.291289526205731	0.697602014963507	-0.241947702065968	0.490782685920845
ASP954A	-0.61207266049572	0.0423821669365124	-1.0834665259514	-0.491636963160902	-0.37020340142794	-0.295850416739767	-0.0514924018284437	0.47222667479782	-0.592367430544407	-0.0249882038329997	-0.471129942753424	-0.396396008224129	-0.952470514260009	-0.80363752123796	-0.807894935594189	-0.492000508962832
ASP956A	-1.05113278229132	-1.3257141817741	-1.0834665259514	-1.09828991311633	-0.587181958572886	-0.54001859321539	-1.07752618641003	-1.22149299881036	-1.13252620619337	-1.00867017911255	-0.471129942753424	-0.396396008224129	-0.952470514260009	-0.80363752123796	-0.807894935594189	-0.492000508962832
ILE821A	0.70510770489107	0.0423821669365124	1.8189649643151	0.873332174238803	-0.410728579416101	-0.395378812757967	-0.0514924018284437	-0.0923465497382404	0.487950120753529	0.630799779686699	-0.131775150987518	-0.209848823820484	0.913169546438601	1.44822178306424	1.64454307636144	2.78394347398276
VAL843A	1.58322794848226	2.32254274812087	1.33522638260401	2.08663807414965	2.21834234256585	2.82511835177501	2.00057516733472	2.73051957294206	1.78433118231105	2.27026973848595	4.30995738975914	3.46576893061829	2.15692958690434	2.94946131926571	2.77643754341788	4.42191546545555
PRO848A	0.70510770489107	0.498414283173385	0.609618510037388	-0.339973725672046	-0.631928509268147	-0.460578520606442	0.974541382753138	0.47222667479782	0.704013631013116	-0.352882195592849	-0.467615913844606	-0.394301449883123	0.291289526205731	-0.0530177531372264	0.512648609304993	-0.492000508962832
THR847A	0.266047583095473	0.498414283173385	0.488683864609617	-0.0366472506943334	-0.589714782197146	-0.486949784075308	-0.0514924018284437	0.47222667479782	-0.160240410025233	-0.0249882038329997	-0.471129942753424	-0.396396008224129	-0.952470514260009	-0.80363752123796	-0.807894935594189	-0.492000508962832
VAL897A	1.14416782668667	1.866510631884	1.69803031888733	2.54162778661622	0.937577863231675	1.40314207801628	0.461524490462347	1.03679989933388	1.24417240666208	1.77842875084617	1.47162603969341	2.10976896876758	2.15692958690434	2.94946131926571	2.21049030988966	2.78394347398276
GLU749A	-1.05113278229132	-1.3257141817741	-0.841597235095863	-1.09828991311633	-0.591403331279986	-0.54001859321539	-1.07752618641003	-1.22149299881036	-1.02449445106358	-1.00867017911255	-0.471129942753424	-0.396396008224129	-0.952470514260009	-0.80363752123796	-0.807894935594189	-0.492000508962832
THR785A	1.14416782668667	0.954446399410257	0.00494528289853346	-0.188310488183189	-0.330944635251909	-0.102962184875029	0.461524490462347	1.03679989933388	-0.37630392028482	-0.0249882038329997	0.367718958194549	-0.0218870819810475	1.53504956667147	0.697602014963507	0.512648609304993	-0.492000508962832
VAL834A	1.14416782668667	1.866510631884	1.09335709174847	1.9349748366608	1.81097987633069	2.45206780538553	1.48755827504393	2.165946348406	1.78433118231105	1.9423757467261	1.04793455411586	1.02551605427735	1.53504956667147	2.19884155116497	2.58778846557514	2.78394347398276
ALA955A	0.266047583095473	0.954446399410257	0.125879928326304	0.873332174238803	-0.445343835614322	-0.386280519784738	0.461524490462347	1.03679989933388	1.0281088964025	2.27026973848595	-0.322536720323382	-0.330655558151753	-0.330590494027139	-0.0530177531372264	-0.0532986242232277	0.490782685920845
ARG958A	3.33946843566465	2.77857486435775	1.8189649643151	2.23830131163851	1.53574637582776	0.994807342166158	4.05264273649788	3.85966602201418	3.29677575412816	3.58184570552534	1.1884957104686	0.533963082371217	0.913169546438601	0.697602014963507	1.64454307636144	1.80116027909908
TYR944A	0.266047583095473	-0.869682065537232	0.00494528289853346	-0.491636963160902	-0.550033878750405	-0.313397147662092	-1.07752618641003	-0.656919774274301	-0.916462695933788	-0.352882195592849	-0.37474514982583	-0.396396008224129	-0.330590494027139	-0.80363752123796	-0.807894935594189	-0.819594907257391
VAL948A	-0.61207266049572	-0.41364994930036	-0.720662589668092	-0.94662667562747	-0.696093374416069	-0.54001859321539	-1.59054307870082	-1.22149299881036	-1.34858971645296	-0.844723183232623	-0.37474514982583	-0.234204885551189	-0.330590494027139	-0.0530177531372264	-0.807894935594189	-0.819594907257391
ASP942A	-0.61207266049572	-0.869682065537232	-0.962531880523633	-0.794963438138614	-0.696093374416069	-0.54001859321539	-1.59054307870082	-1.22149299881036	-1.34858971645296	-0.844723183232623	-0.471129942753424	-0.396396008224129	-0.952470514260009	-0.80363752123796	-0.807894935594189	-0.492000508962832
ILE941A	-0.61207266049572	-0.41364994930036	-0.841597235095863	-0.643300200649758	-0.569452193203066	-0.44838114656625	-1.07752618641003	-0.656919774274301	-1.02449445106358	-0.516829191472774	-0.471129942753424	-0.396396008224129	-0.952470514260009	-0.80363752123796	-0.807894935594189	-0.492000508962832
SER912A	-0.173012538700124	-0.869682065537232	0.125879928326304	-0.491636963160902	0.420881843882621	-0.132794666482472	-0.0514924018284437	-0.656919774274301	0.0558231002343543	-0.680776187352698	-0.471129942753424	-0.396396008224129	-0.952470514260009	-0.80363752123796	-0.807894935594189	-0.492000508962832
TRP905A	2.46134819207346	1.41047851564713	1.57709567345955	0.570005699261091	-0.059510370185372	0.0324297981533443	1.48755827504393	1.03679989933388	0.704013631013116	-0.516829191472774	-0.471129942753424	-0.396396008224129	0.291289526205731	-0.0530177531372264	0.135350453619513	-0.492000508962832
ASP855A	-0.61207266049572	-1.3257141817741	0.125879928326304	-1.09828991311633	0.447054354666642	-0.54001859321539	-0.0514924018284437	-1.22149299881036	0.379918365623735	-1.00867017911255	0.538902366466996	-0.396396008224129	0.291289526205731	-0.80363752123796	1.26724492067595	-0.819594907257391
LEU858A	-0.61207266049572	-0.41364994930036	-1.32533581680695	-0.794963438138614	-0.293374418158718	-0.0841558010041325	-0.564509294119235	-0.656919774274301	-1.02449445106358	-1.00867017911255	-0.471129942753424	-0.396396008224129	-0.952470514260009	-0.80363752123796	-0.807894935594189	-0.492000508962832
ALA722A	-0.61207266049572	-0.41364994930036	-1.32533581680695	-0.794963438138614	-0.37020340142794	-0.40303519713964	-0.564509294119235	-0.656919774274301	-0.916462695933788	-0.680776187352698	-0.471129942753424	-0.396396008224129	-0.952470514260009	-0.80363752123796	-0.807894935594189	-0.492000508962832
VAL851A	2.02228807027786	2.32254274812087	2.18176890059841	2.99661749908279	0.0413804375143207	-0.00374989704906195	2.00057516733472	2.165946348406	2.43252171308981	3.41789870964542	0.534886333428346	0.512348805263511	3.40068962737008	4.45070085546717	4.09698108831706	5.40469866033923
GLN894A	0.70510770489107	0.498414283173385	0.9724224463207	0.873332174238803	0.352495606027599	0.337118234958077	0.974541382753138	1.03679989933388	1.46023591692167	1.77842875084617	0.775848315747333	0.734879254466623	2.15692958690434	2.19884155116497	0.889946764990474	0.490782685920845
MET908A	1.14416782668667	0.0423821669365124	1.21429173717624	0.721668936749947	-0.398908735836221	-0.455974539879934	0.974541382753138	-0.0923465497382404	1.24417240666208	0.466852783806774	-0.246232092589037	-0.288001336536873	0.913169546438601	0.697602014963507	0.512648609304993	0.490782685920845
THR909A	0.266047583095473	0.954446399410257	0.85148780089293	1.32832188670537	-0.00589893680520053	0.0546103668036825	-0.564509294119235	-0.0923465497382404	-0.484335675414613	0.138958792046925	-0.471129942753424	-0.396396008224129	-0.952470514260009	-0.80363752123796	-0.807894935594189	-0.492000508962832
LEU833A	0.266047583095473	0.0423821669365124	0.488683864609617	0.266679224283379	0.0304048684758604	-0.233076043587874	0.461524490462347	0.47222667479782	-0.0522086548954392	0.138958792046925	0.397337201854591	-0.0148817129134622	1.53504956667147	0.697602014963507	1.64454307636144	0.818377084215403
LEU844A	1.14416782668667	0.498414283173385	1.69803031888733	1.02499541172766	2.5915116898735	3.12703202749068	0.974541382753138	0.47222667479782	1.24417240666208	0.794746775566624	3.38225375783104	3.21791718631202	0.913169546438601	0.697602014963507	2.21049030988966	2.4563490756882
MET793A	-0.173012538700124	-0.41364994930036	-0.115989362529237	-0.643300200649758	2.24367057880845	1.23247520294249	-0.0514924018284437	-0.0923465497382404	-0.160240410025233	-0.352882195592849	1.24120614410088	1.88965369401193	0.291289526205731	0.697602014963507	-0.241947702065968	-0.164406110668273
ASP837A	-0.173012538700124	0.0423821669365124	0.125879928326304	-0.643300200649758	0.692738246219868	-0.151092493664852	0.461524490462347	0.47222667479782	0.379918365623735	-0.352882195592849	0.137299062602018	-0.396396008224129	-0.330590494027139	-0.80363752123796	0.323999531462253	-0.819594907257391
HIS835A	2.46134819207346	1.41047851564713	1.8189649643151	0.873332174238803	3.87058762012483	4.51115073657371	3.0266089519163	1.60137312386994	3.18874399899837	1.12264076732647	4.95955073376074	6.11828075247227	3.40068962737008	2.94946131926571	3.15373569910336	0.490782685920845
ARG776A	0.70510770489107	0.498414283173385	0.730553155465159	0.721668936749947	-0.35796142057735	-0.141554685608233	0.974541382753138	1.03679989933388	0.812045386142909	1.2865877632064	0.0705325133344649	0.0359994487394523	0.913169546438601	0.697602014963507	0.889946764990474	0.490782685920845
LEU703A	-0.61207266049572	-0.41364994930036	-0.47879329881255	-0.188310488183189	-0.571140742285906	-0.432637919455868	-0.564509294119235	-0.0923465497382404	-0.592367430544407	-0.0249882038329997	-0.377255170474986	-0.355048973102238	0.291289526205731	-0.0530177531372264	-0.0532986242232277	-0.164406110668273
THR892A	0.70510770489107	0.954446399410257	0.609618510037388	0.721668936749947	1.45047464714434	0.211900723285669	0.461524490462347	0.47222667479782	0.920077141272703	0.630799779686699	-0.168923456595028	0.112140740989983	-0.330590494027139	-0.0530177531372264	-0.0532986242232277	0.490782685920845
MET825A	1.14416782668667	0.498414283173385	1.57709567345955	0.721668936749947	1.38208840928932	0.301514123491862	0.974541382753138	1.03679989933388	1.56826767205146	1.45053475908632	1.02634837653311	0.04520630413238	0.913169546438601	0.697602014963507	1.26724492067595	0.490782685920845
ILE732A	-1.05113278229132	-0.869682065537232	-0.962531880523633	-1.09828991311633	-0.37189195051078	-0.372344922516996	-0.564509294119235	-0.656919774274301	-0.484335675414613	-1.00867017911255	-0.342616885516631	-0.180141177993543	-0.330590494027139	-0.0530177531372264	-0.619245857751449	-0.819594907257391
LYS739A	-0.61207266049572	-1.3257141817741	-0.841597235095863	-1.09828991311633	-0.588026233114306	-0.54001859321539	-0.564509294119235	-1.22149299881036	-0.808430940803994	-1.00867017911255	-0.341612877256969	-0.396396008224129	0.291289526205731	-0.80363752123796	-0.619245857751449	-0.819594907257391
LEU788A	-0.173012538700124	-0.869682065537232	0.488683864609617	-0.643300200649758	-0.684695668106899	-0.532128634783651	-0.0514924018284437	-0.656919774274301	0.595981875883322	-0.352882195592849	-0.471129942753424	-0.396396008224129	-0.952470514260009	-0.80363752123796	-0.807894935594189	-0.492000508962832
ASN808A	-1.49019290408691	-0.869682065537232	-1.80907439851803	-1.09828991311633	-0.696093374416069	-0.54001859321539	-1.59054307870082	-1.22149299881036	-1.34858971645296	-0.844723183232623	-0.471129942753424	-0.396396008224129	-0.952470514260009	-0.80363752123796	-0.807894935594189	-0.492000508962832
ASP807A	-1.49019290408691	-1.3257141817741	-1.80907439851803	-1.09828991311633	-0.696093374416069	-0.54001859321539	-1.59054307870082	-1.22149299881036	-1.34858971645296	-0.844723183232623	-0.471129942753424	-0.396396008224129	-0.952470514260009	-0.80363752123796	-0.807894935594189	-0.492000508962832
ASN842A	-0.173012538700124	-0.41364994930036	0.125879928326304	-0.643300200649758	0.970504570347056	0.257975815272518	-0.0514924018284437	-0.656919774274301	0.379918365623735	-0.516829191472774	0.685487572377713	-0.396396008224129	-0.330590494027139	-0.80363752123796	-0.0532986242232277	-0.819594907257391
MET947A	0.266047583095473	0.498414283173385	0.730553155465159	0.873332174238803	-0.544123956960465	-0.422123043505582	-0.564509294119235	-0.0923465497382404	-0.592367430544407	0.138958792046925	0.612696973552185	-0.244341830718248	0.291289526205731	-0.0530177531372264	0.512648609304993	-0.164406110668273
GLU746A	-0.61207266049572	-0.41364994930036	0.00494528289853346	-0.339973725672046	-0.462229326442723	-0.436997277834137	-0.0514924018284437	-0.0923465497382404	0.163854855364148	-0.0249882038329997	-0.284384406456209	-0.293623766184862	0.291289526205731	-0.0530177531372264	0.323999531462253	-0.164406110668273
VAL742A	2.02228807027786	2.77857486435775	1.8189649643151	2.69329102410508	0.460562747329362	0.841215632126988	0.974541382753138	1.60137312386994	1.24417240666208	1.77842875084617	-0.471129942753424	-0.396396008224129	-0.330590494027139	-0.0530177531372264	-0.241947702065968	-0.492000508962832
LEU979A	1.58322794848226	1.866510631884	1.8189649643151	2.38996454912736	1.47200364795055	1.85004621518186	1.48755827504393	2.165946348406	2.00039469257064	2.76211072612572	-0.271332299080598	-0.16858199853727	-0.330590494027139	-0.0530177531372264	-0.430596779908708	-0.164406110668273
ALA767A	1.14416782668667	1.866510631884	0.9724224463207	1.63164836168308	0.488423807196223	0.677294628745422	-0.0514924018284437	0.47222667479782	0.487950120753529	1.45053475908632	0.937493645552986	1.17361711939511	0.913169546438601	1.44822178306424	0.701297687147734	1.47356588080452
LEU778A	0.70510770489107	0.954446399410257	0.9724224463207	1.78331159917194	-0.466450699149823	-0.246917157131284	0.461524490462347	1.03679989933388	0.704013631013116	1.2865877632064	-0.471129942753424	-0.396396008224129	-0.952470514260009	-0.80363752123796	-0.807894935594189	-0.492000508962832
GLN820A	0.266047583095473	0.498414283173385	0.609618510037388	0.721668936749947	-0.0113867213244307	0.162846856481961	0.461524490462347	1.03679989933388	0.595981875883322	0.958693771446548	0.343120755832819	0.510115120602142	1.53504956667147	2.19884155116497	1.83319215420418	2.78394347398276
CYS797A	1.14416782668667	0.498414283173385	1.09335709174847	0.570005699261091	0.159156736042414	0.137793243210907	1.48755827504393	1.03679989933388	1.35220416179188	0.466852783806774	0.0675204885554776	0.477802564539954	1.53504956667147	2.19884155116497	0.889946764990474	1.14597148250996
LYS754A	-0.61207266049572	-1.3257141817741	-1.20440117137918	-1.09828991311633	-0.696093374416069	-0.54001859321539	-1.07752618641003	-1.22149299881036	-1.13252620619337	-1.00867017911255	-0.471129942753424	-0.396396008224129	-0.952470514260009	-0.80363752123796	-0.807894935594189	-0.492000508962832
TYR801A	-0.173012538700124	-0.869682065537232	0.246814573754075	-0.643300200649758	-0.627284999290337	-0.53705778681927	-0.564509294119235	-0.656919774274301	-0.160240410025233	-0.516829191472774	-0.389303269590935	-0.392577348551017	0.291289526205731	-0.0530177531372264	-0.0532986242232277	-0.492000508962832
ILE809A	0.266047583095473	0.0423821669365124	0.85148780089293	0.570005699261091	-0.291685869075878	-0.201474485949385	0.974541382753138	0.47222667479782	1.0281088964025	0.30290578792685	-0.243220067810049	-0.325713198211718	0.913169546438601	-0.0530177531372264	0.889946764990474	0.490782685920845
VAL802A	1.58322794848226	2.32254274812087	0.85148780089293	1.47998512419423	-0.251582828358427	-0.119201845270208	0.461524490462347	1.03679989933388	0.487950120753529	1.12264076732647	0.0353922242462793	0.245356933361918	1.53504956667147	2.19884155116497	1.26724492067595	1.47356588080452
ASN816A	-1.05113278229132	-0.869682065537232	-0.599727944240321	-0.794963438138614	-0.696093374416069	-0.54001859321539	-1.07752618641003	-1.22149299881036	-1.02449445106358	-1.00867017911255	-0.471129942753424	-0.396396008224129	-0.952470514260009	-0.80363752123796	-0.807894935594189	-0.492000508962832
ILE715A	-1.05113278229132	-0.41364994930036	-0.841597235095863	-0.0366472506943334	-0.587181958572886	-0.417720036429463	-0.564509294119235	-0.0923465497382404	-0.484335675414613	0.30290578792685	-0.471129942753424	-0.396396008224129	-0.952470514260009	-0.80363752123796	-0.807894935594189	-0.492000508962832
LYS913A	-1.05113278229132	-1.3257141817741	-0.47879329881255	-1.09828991311633	-0.665277353654238	-0.54001859321539	-1.07752618641003	-1.22149299881036	-0.808430940803994	-1.00867017911255	-0.471129942753424	-0.396396008224129	-0.952470514260009	-0.80363752123796	-0.807894935594189	-0.492000508962832
ASP761A	-1.49019290408691	-1.3257141817741	-1.44627046223472	-1.09828991311633	-0.696093374416069	-0.54001859321539	-1.59054307870082	-1.22149299881036	-1.34858971645296	-0.844723183232623	-0.471129942753424	-0.396396008224129	-0.952470514260009	-0.80363752123796	-0.807894935594189	-0.492000508962832
VAL765A	-0.173012538700124	0.0423821669365124	-0.47879329881255	-0.491636963160902	-0.681740707211928	-0.528884013520575	-1.07752618641003	-0.656919774274301	-1.02449445106358	-0.516829191472774	-0.471129942753424	-0.396396008224129	-0.952470514260009	-0.80363752123796	-0.807894935594189	-0.492000508962832
LEU883A	0.266047583095473	0.498414283173385	-0.599727944240321	-0.491636963160902	-0.198815669519676	0.231542282107687	0.461524490462347	0.47222667479782	-0.268272165155026	-0.844723183232623	-0.222637898486969	0.0217529799170433	0.291289526205731	0.697602014963507	-0.241947702065968	-0.492000508962832
SER924A	-0.61207266049572	-0.869682065537232	-0.841597235095863	-0.794963438138614	-0.596046841257796	-0.54001859321539	-0.564509294119235	-1.22149299881036	-0.808430940803994	-1.00867017911255	-0.352154963983424	-0.396396008224129	0.291289526205731	-0.80363752123796	-0.241947702065968	-0.819594907257391
ALA839A	0.266047583095473	0.0423821669365124	0.9724224463207	0.115015986794523	-0.0569775465611119	0.151258439304369	0.974541382753138	0.47222667479782	1.24417240666208	0.466852783806774	-0.471129942753424	-0.396396008224129	-0.952470514260009	-0.80363752123796	-0.807894935594189	-0.492000508962832
LEU838A	0.266047583095473	0.0423821669365124	1.45616102803178	0.115015986794523	1.3225670541192	1.03739254573518	0.974541382753138	0.47222667479782	1.46023591692167	0.630799779686699	0.73769600188016	-0.0409685830174857	0.291289526205731	-0.0530177531372264	0.889946764990474	-0.164406110668273
ARG932A	-0.173012538700124	0.498414283173385	-0.236924007957008	0.721668936749947	-0.157446216990095	0.0561321412718875	-0.0514924018284437	0.47222667479782	0.163854855364148	1.12264076732647	0.0328822035971232	0.216237570053217	-0.330590494027139	-0.0530177531372264	0.135350453619513	0.818377084215403
PHE856A	0.70510770489107	-0.41364994930036	1.45616102803178	-0.0366472506943334	2.74601393095336	-0.370101192594873	0.974541382753138	-0.0923465497382404	1.46023591692167	0.30290578792685	3.62221173189036	-0.177247357924053	2.15692958690434	0.697602014963507	2.77643754341788	0.818377084215403
VAL769A	0.70510770489107	0.0423821669365124	0.488683864609617	-0.491636963160902	-0.184040865044825	0.117426193648833	0.974541382753138	-0.0923465497382404	0.487950120753529	-0.516829191472774	0.137801066731849	0.451534440111123	1.53504956667147	0.697602014963507	1.83319215420418	0.490782685920845
GLU922A	-0.61207266049572	-0.869682065537232	-1.32533581680695	-0.94662667562747	-0.210635513099556	-0.381610732653518	-0.564509294119235	-0.656919774274301	-1.02449445106358	-0.680776187352698	-0.471129942753424	-0.396396008224129	-0.952470514260009	-0.80363752123796	-0.807894935594189	-0.492000508962832
PRO919A	-0.61207266049572	-0.41364994930036	-0.962531880523633	-0.94662667562747	0.204747561279095	0.599734543582957	-0.0514924018284437	-0.0923465497382404	-0.484335675414613	-0.680776187352698	-0.471129942753424	-0.396396008224129	-0.952470514260009	-0.80363752123796	-0.807894935594189	-0.492000508962832
GLU884A	-0.173012538700124	0.498414283173385	0.609618510037388	1.32832188670537	-0.587181958572886	-0.482109646059296	0.461524490462347	1.03679989933388	1.35220416179188	2.27026973848595	-0.471129942753424	-0.396396008224129	-0.952470514260009	-0.80363752123796	-0.807894935594189	-0.492000508962832
ILE853A	0.70510770489107	0.498414283173385	1.09335709174847	1.47998512419423	1.88063252599784	1.44705711918681	1.48755827504393	1.03679989933388	1.89236293744085	1.61448175496625	1.87122132703906	2.16640779425132	2.15692958690434	2.19884155116497	1.83319215420418	1.80116027909908
TYR978A	-0.173012538700124	-0.869682065537232	0.00494528289853346	-1.09828991311633	-0.35922783238948	-0.507362597691112	-0.0514924018284437	-0.656919774274301	-0.484335675414613	-0.844723183232623	-0.396331327408572	-0.354278383323935	-0.330590494027139	-0.0530177531372264	-0.619245857751449	-0.492000508962832
SER895A	1.14416782668667	0.0423821669365124	0.9724224463207	0.266679224283379	0.598179497580826	0.139183068705386	1.48755827504393	-0.0923465497382404	1.89236293744085	-0.352882195592849	-0.471129942753424	-0.396396008224129	-0.330590494027139	-0.0530177531372264	-0.0532986242232277	0.163188287626286
ILE789A	1.14416782668667	-0.41364994930036	1.8189649643151	-0.339973725672046	1.59146849556148	-0.54001859321539	0.461524490462347	-1.22149299881036	1.13614065153229	-1.00867017911255	-0.471129942753424	-0.396396008224129	-0.952470514260009	-0.80363752123796	-0.807894935594189	-0.492000508962832
ALA822A	1.14416782668667	1.866510631884	1.33522638260401	1.78331159917194	-0.0907485282179128	0.137341873466342	-0.0514924018284437	0.47222667479782	-0.0522086548954392	0.630799779686699	-0.105168932106463	0.128773893322851	0.913169546438601	1.44822178306424	1.45589399851869	2.12875467739364
GLY857A	-0.61207266049572	0.0423821669365124	-0.357858653384779	-0.188310488183189	-0.696093374416069	-0.54001859321539	-1.07752618641003	-0.656919774274301	-1.13252620619337	-0.844723183232623	-0.471129942753424	-0.396396008224129	-0.330590494027139	-0.0530177531372264	-0.430596779908708	-0.492000508962832
ASP770A	-1.05113278229132	-1.3257141817741	-0.720662589668092	-1.09828991311633	-0.625596450207497	-0.54001859321539	-1.07752618641003	-1.22149299881036	-1.02449445106358	-1.00867017911255	-0.38729525307161	-0.396396008224129	-0.330590494027139	-0.80363752123796	-0.619245857751449	-0.819594907257391
PHE968A	0.70510770489107	-0.869682065537232	1.09335709174847	-0.794963438138614	0.089081949104552	-0.464989465677483	0.974541382753138	-0.656919774274301	0.704013631013116	-0.516829191472774	0.46259773873265	-0.299628214148428	2.77880960713721	-0.0530177531372264	2.77643754341788	-0.164406110668273
THR751A	0.266047583095473	0.954446399410257	-0.115989362529237	0.418342461772235	0.260469681012817	0.487859860001025	0.461524490462347	1.03679989933388	-0.160240410025233	0.30290578792685	0.748740092736447	1.04627106658771	1.53504956667147	2.19884155116497	0.512648609304993	0.818377084215403
ASP896A	0.70510770489107	0.498414283173385	1.09335709174847	0.721668936749947	2.30108124762501	2.67606853049551	0.974541382753138	1.03679989933388	1.35220416179188	1.61448175496625	2.8993257849334	3.42543676584764	2.15692958690434	1.44822178306424	2.21049030988966	2.78394347398276
GLU734A	-0.61207266049572	-0.869682065537232	-0.962531880523633	-1.09828991311633	-0.586759821302176	-0.492032820284178	-0.564509294119235	-0.656919774274301	-0.700399185674201	-0.844723183232623	-0.341110873127138	-0.334507011964312	0.291289526205731	-0.0530177531372264	-0.430596779908708	-0.492000508962832
LYS708A	-1.05113278229132	-0.869682065537232	-0.962531880523633	-1.09828991311633	-0.37020340142794	-0.418365769619711	-0.564509294119235	-0.656919774274301	-0.700399185674201	-0.844723183232623	-0.341110873127138	-0.239495937961595	-0.330590494027139	-0.0530177531372264	-0.619245857751449	-0.492000508962832
PRO733A	1.14416782668667	0.954446399410257	0.609618510037388	0.418342461772235	0.678385579015728	0.938911654340818	2.00057516733472	1.60137312386994	1.89236293744085	1.2865877632064	0.39281916468611	0.596574171909073	0.913169546438601	-0.0530177531372264	0.135350453619513	-0.164406110668273
GLY911A	0.70510770489107	1.41047851564713	0.246814573754075	0.873332174238803	0.489268081737643	0.810149726222813	1.48755827504393	2.165946348406	0.595981875883322	0.958693771446548	0.239707905087587	0.169079530253241	0.291289526205731	0.697602014963507	0.135350453619513	1.14597148250996
ALA750A	-0.173012538700124	0.498414283173385	-0.599727944240321	0.115015986794523	-0.565230820495965	-0.480381448348297	-0.564509294119235	-0.0923465497382404	-0.916462695933788	-0.352882195592849	-0.381271203513635	-0.362161433022476	0.291289526205731	0.697602014963507	0.135350453619513	0.490782685920845
CYS775A	1.14416782668667	0.0423821669365124	1.33522638260401	0.266679224283379	4.54980648869724	2.51438161085474	-0.0514924018284437	-0.656919774274301	0.271886610493941	-0.516829191472774	7.09608031032242	3.94085010016689	2.15692958690434	0.697602014963507	2.02184123204692	0.163188287626286
THR790A	1.14416782668667	0.954446399410257	1.33522638260401	0.721668936749947	2.26857667778034	1.00350764139699	0.974541382753138	0.47222667479782	0.595981875883322	0.138958792046925	3.05293904866176	1.59434590392125	-0.330590494027139	-0.0530177531372264	-0.0532986242232277	-0.164406110668273
LEU730A	0.266047583095473	0.0423821669365124	0.125879928326304	-0.339973725672046	-0.329256086169069	-0.369105040756257	0.461524490462347	0.47222667479782	0.163854855364148	-0.188935199712924	-0.43649165779507	-0.338108573513541	-0.330590494027139	-0.0530177531372264	-0.241947702065968	-0.492000508962832
PRO753A	-1.05113278229132	-0.41364994930036	-1.44627046223472	-0.794963438138614	-0.587181958572886	-0.396429064524773	-1.07752618641003	-0.656919774274301	-1.13252620619337	-0.516829191472774	-0.471129942753424	-0.396396008224129	-0.952470514260009	-0.80363752123796	-0.807894935594189	-0.492000508962832
THR725A	0.70510770489107	1.41047851564713	0.00494528289853346	0.721668936749947	-0.677941471775538	-0.529015149838063	-0.0514924018284437	0.47222667479782	-0.700399185674201	-0.0249882038329997	-0.289404447754522	-0.160632155612412	0.913169546438601	1.44822178306424	0.701297687147734	1.14597148250996
TYR727A	0.266047583095473	-0.869682065537232	-0.236924007957008	-0.339973725672046	-0.335166007959009	-0.54001859321539	-0.0514924018284437	-1.22149299881036	-0.484335675414613	-1.00867017911255	-0.0333823415405982	-0.361995895729739	1.53504956667147	-0.0530177531372264	0.701297687147734	0.163188287626286
THR854A	0.70510770489107	0.954446399410257	1.09335709174847	0.721668936749947	4.11964860984374	6.21620733097789	1.48755827504393	1.60137312386994	1.67629942718126	0.466852783806774	5.25573317036116	8.31735424338231	2.15692958690434	2.94946131926571	2.02184123204692	1.80116027909908
LEU933A	0.70510770489107	0.498414283173385	0.85148780089293	0.873332174238803	2.02626988439279	2.99870500888068	0.974541382753138	1.03679989933388	0.704013631013116	0.630799779686699	2.59260126160653	4.16762450028368	1.53504956667147	2.19884155116497	1.07859584283321	1.14597148250996
ASP984A	-0.173012538700124	-0.41364994930036	-0.236924007957008	-0.491636963160902	0.0586880656134312	-0.182860540570392	0.461524490462347	-0.0923465497382404	0.379918365623735	-0.188935199712924	-0.471129942753424	-0.396396008224129	-0.952470514260009	-0.80363752123796	-0.807894935594189	-0.492000508962832
LEU792A	-0.173012538700124	0.0423821669365124	-0.357858653384779	-0.643300200649758	1.98532256913392	1.96120128760727	0.461524490462347	0.47222667479782	-0.268272165155026	-0.516829191472774	1.15435942964007	0.198980953276256	0.291289526205731	-0.0530177531372264	-0.430596779908708	-0.164406110668273
TYR813A	-0.61207266049572	-0.869682065537232	-0.236924007957008	-0.794963438138614	-0.639526980140927	-0.496135249712295	-0.564509294119235	-0.656919774274301	-0.37630392028482	-0.680776187352698	-0.40386138935604	-0.339798064374717	-0.330590494027139	-0.0530177531372264	-0.619245857751449	-0.492000508962832
LEU777A	2.02228807027786	1.41047851564713	1.57709567345955	1.47998512419423	-0.119453862626194	0.142779374340542	2.00057516733472	1.60137312386994	1.35220416179188	0.630799779686699	0.0680224926853088	0.366811143671819	0.913169546438601	0.697602014963507	0.512648609304993	0.163188287626286
GLU906A	1.14416782668667	0.498414283173385	1.33522638260401	0.721668936749947	0.982324413926936	0.71935094121754	0.461524490462347	0.47222667479782	0.812045386142909	0.466852783806774	-0.471129942753424	-0.396396008224129	-0.952470514260009	-0.80363752123796	-0.807894935594189	-0.492000508962832
THR903A	1.58322794848226	0.954446399410257	1.09335709174847	1.02499541172766	-0.625174312936787	-0.429982746819569	-0.0514924018284437	0.47222667479782	0.163854855364148	0.630799779686699	-0.471129942753424	-0.396396008224129	-0.952470514260009	-0.80363752123796	-0.807894935594189	-0.492000508962832
PHE961A	0.266047583095473	0.0423821669365124	0.9724224463207	0.721668936749947	1.08152667254379	0.939860268349674	-0.0514924018284437	0.47222667479782	0.0558231002343543	0.958693771446548	0.668921436093282	0.517204470247706	0.291289526205731	0.697602014963507	0.889946764990474	1.80116027909908
ALA763A	1.14416782668667	1.41047851564713	0.125879928326304	0.721668936749947	-0.456319404652783	-0.428329534366215	-0.564509294119235	-0.0923465497382404	-0.0522086548954392	0.794746775566624	-0.18599159700929	-0.252346567668321	0.291289526205731	0.697602014963507	0.135350453619513	0.818377084215403
ILE759A	-0.173012538700124	-0.41364994930036	0.246814573754075	-0.491636963160902	-0.580849899512236	-0.526264112415912	-0.0514924018284437	-0.0923465497382404	0.163854855364148	-0.0249882038329997	-0.334082815309501	-0.378656354181776	0.913169546438601	0.697602014963507	0.323999531462253	1.14597148250996
GLU711A	0.70510770489107	0.954446399410257	0.246814573754075	1.17665864921652	-0.0510676247711717	0.460783628765647	0.974541382753138	1.60137312386994	1.24417240666208	1.9423757467261	-0.471129942753424	-0.396396008224129	0.291289526205731	0.697602014963507	-0.0532986242232277	-0.164406110668273
GLU967A	-1.49019290408691	-0.869682065537232	-1.32533581680695	-0.794963438138614	-0.587181958572886	-0.478009341405997	-1.07752618641003	-0.656919774274301	-1.02449445106358	-0.516829191472774	-0.341612877256969	-0.316420421318257	-0.330590494027139	-0.0530177531372264	-0.241947702065968	-0.164406110668273
ILE946A	0.266047583095473	0.0423821669365124	-0.115989362529237	-0.794963438138614	-0.506131602596564	-0.384283024116667	0.461524490462347	0.47222667479782	0.0558231002343543	-0.352882195592849	-0.0494464736951973	-0.210743599483353	1.53504956667147	0.697602014963507	1.83319215420418	-0.164406110668273
SER957A	-0.61207266049572	-0.41364994930036	-0.236924007957008	0.418342461772235	-0.298440065407238	0.0359768174033015	-0.0514924018284437	-0.0923465497382404	0.271886610493941	0.958693771446548	-0.471129942753424	-0.396396008224129	-0.952470514260009	-0.80363752123796	-0.807894935594189	-0.492000508962832
GLY917A	-1.05113278229132	-0.41364994930036	-1.32533581680695	-0.94662667562747	-0.479114817271123	-0.203361301266272	-1.07752618641003	-0.656919774274301	-0.916462695933788	-0.844723183232623	-0.341612877256969	-0.251390565285143	-0.330590494027139	-0.0530177531372264	-0.807894935594189	-0.492000508962832
ILE918A	0.266047583095473	-0.869682065537232	-0.599727944240321	-0.94662667562747	1.00427555200386	0.833464560903873	0.974541382753138	-0.656919774274301	-0.160240410025233	-0.844723183232623	-0.471129942753424	-0.396396008224129	-0.330590494027139	-0.80363752123796	-0.619245857751449	-0.819594907257391
GLN701A	-1.49019290408691	-1.3257141817741	-1.44627046223472	-1.09828991311633	-0.587181958572886	-0.54001859321539	-1.07752618641003	-1.22149299881036	-1.24055796132317	-1.00867017911255	-0.341612877256969	-0.396396008224129	-0.330590494027139	-0.80363752123796	-0.619245857751449	-0.819594907257391
VAL717A	0.266047583095473	0.954446399410257	-0.47879329881255	0.418342461772235	-0.452520169216392	-0.162097858867839	-0.0514924018284437	0.47222667479782	-0.37630392028482	-0.188935199712924	-0.181473559840809	0.0910221052252778	-0.330590494027139	-0.0530177531372264	-0.241947702065968	-0.492000508962832
ARG973A	-0.173012538700124	-0.41364994930036	-0.115989362529237	-0.643300200649758	-0.648814000096548	-0.54001859321539	-1.07752618641003	-1.22149299881036	-0.808430940803994	-1.00867017911255	-0.14482725836313	0.152688521658218	0.291289526205731	0.697602014963507	-0.0532986242232277	-0.164406110668273
LYS970A	-1.05113278229132	-0.869682065537232	-1.0834665259514	-1.09828991311633	-0.633194921080277	-0.475083272590994	-1.07752618641003	-0.656919774274301	-1.13252620619337	-0.844723183232623	-0.275348332119247	-0.312646563966677	0.291289526205731	-0.0530177531372264	-0.430596779908708	-0.492000508962832
LEU887A	-0.173012538700124	0.0423821669365124	-0.962531880523633	-0.491636963160902	-0.696093374416069	-0.54001859321539	-0.564509294119235	-0.0923465497382404	-1.02449445106358	-0.844723183232623	-0.471129942753424	-0.396396008224129	0.291289526205731	0.697602014963507	-0.241947702065968	-0.492000508962832
VAL943A	1.14416782668667	1.866510631884	0.85148780089293	1.02499541172766	0.108078126286502	0.310984949614491	0.461524490462347	1.03679989933388	0.487950120753529	1.2865877632064	-0.471129942753424	-0.396396008224129	-0.952470514260009	-0.80363752123796	-0.807894935594189	-0.492000508962832
THR710A	-1.49019290408691	-0.869682065537232	-1.20440117137918	-0.339973725672046	-0.696093374416069	-0.54001859321539	-1.59054307870082	-1.22149299881036	-1.34858971645296	-0.844723183232623	-0.471129942753424	-0.396396008224129	-0.952470514260009	-0.80363752123796	-0.807894935594189	-0.492000508962832
LYS846A	-0.173012538700124	-1.3257141817741	0.125879928326304	-1.09828991311633	-0.584649134948626	-0.54001859321539	-0.564509294119235	-1.22149299881036	-0.916462695933788	-1.00867017911255	-0.400849364577053	-0.396396008224129	-0.330590494027139	-0.80363752123796	-0.619245857751449	-0.819594907257391
PRO934A	-0.61207266049572	-0.41364994930036	0.246814573754075	0.115015986794523	-0.682162844482639	-0.54001859321539	-0.564509294119235	-0.656919774274301	-0.160240410025233	-0.352882195592849	-0.454563806468994	-0.396396008224129	0.291289526205731	-0.0530177531372264	0.135350453619513	-0.492000508962832
GLN787A	0.70510770489107	0.498414283173385	0.367749219181846	-0.188310488183189	0.156201775147444	0.219322773501211	0.974541382753138	1.03679989933388	0.379918365623735	0.466852783806774	-0.471129942753424	-0.396396008224129	-0.952470514260009	-0.80363752123796	-0.807894935594189	-0.492000508962832
THR783A	0.266047583095473	0.498414283173385	0.246814573754075	0.570005699261091	-0.149847746117314	-0.154742329885649	-0.0514924018284437	0.47222667479782	-0.268272165155026	0.630799779686699	0.0740465422432835	0.520997529394685	-0.330590494027139	-0.0530177531372264	-0.241947702065968	-0.164406110668273
PRO772A	-0.61207266049572	-0.41364994930036	-0.720662589668092	-0.491636963160902	-0.591825468550696	-0.409188419969449	-0.564509294119235	-0.656919774274301	-0.700399185674201	-0.680776187352698	-0.468117917974437	-0.396396008224129	-0.330590494027139	-0.80363752123796	-0.241947702065968	-0.819594907257391
SER784A	-1.05113278229132	-1.3257141817741	-0.841597235095863	-1.09828991311633	-0.689761315355419	-0.54001859321539	-1.07752618641003	-1.22149299881036	-1.24055796132317	-1.00867017911255	-0.341612877256969	-0.396396008224129	0.291289526205731	-0.80363752123796	0.135350453619513	-0.819594907257391
ASP916A	-1.49019290408691	-0.869682065537232	-1.68813975309026	-0.94662667562747	-0.696093374416069	-0.54001859321539	-1.59054307870082	-1.22149299881036	-1.34858971645296	-0.844723183232623	-0.341612877256969	-0.323457130071352	-0.330590494027139	-0.0530177531372264	-0.807894935594189	-0.492000508962832
LYS879A	-0.61207266049572	-0.41364994930036	-0.236924007957008	-0.794963438138614	-0.696093374416069	-0.54001859321539	-0.564509294119235	-0.0923465497382404	-0.37630392028482	-0.680776187352698	-0.471129942753424	-0.396396008224129	0.291289526205731	0.697602014963507	-0.430596779908708	-0.819594907257391
LEU718A	-0.173012538700124	0.0423821669365124	-0.720662589668092	-0.491636963160902	0.3778238422702	1.1262385093499	-0.564509294119235	-0.0923465497382404	-0.916462695933788	-1.00867017911255	0.805968563537206	1.75263636719232	0.291289526205731	0.697602014963507	-0.0532986242232277	-0.492000508962832
LEU747A	-0.173012538700124	-0.41364994930036	0.367749219181846	-0.188310488183189	-0.34234234156108	-0.200086424885444	0.461524490462347	-0.0923465497382404	0.595981875883322	-0.0249882038329997	-0.203059737423551	0.0420268702511607	0.291289526205731	0.697602014963507	0.135350453619513	0.490782685920845
PRO794A	-0.173012538700124	0.498414283173385	-0.599727944240321	-0.339973725672046	-0.570718605015196	-0.345490936194207	-0.564509294119235	-0.0923465497382404	-0.808430940803994	-0.516829191472774	-0.384283228292623	-0.250255048732365	-0.330590494027139	-0.0530177531372264	-0.619245857751449	-0.492000508962832
GLU709A	-1.05113278229132	-0.41364994930036	-0.841597235095863	-0.188310488183189	-0.587181958572886	-0.464899629015847	-0.564509294119235	-0.0923465497382404	-0.592367430544407	0.138958792046925	-0.471129942753424	-0.396396008224129	-0.952470514260009	-0.80363752123796	-0.807894935594189	-0.492000508962832
ALA882A	0.70510770489107	1.41047851564713	1.33522638260401	1.78331159917194	0.707513050694718	1.24592517786991	0.974541382753138	1.60137312386994	1.67629942718126	2.59816373024579	0.70104970040248	1.11715845158908	0.291289526205731	0.697602014963507	0.512648609304993	1.47356588080452
ARG705A	1.14416782668667	0.0423821669365124	0.609618510037388	0.266679224283379	-0.161245452426485	-0.207291152923265	1.48755827504393	0.47222667479782	2.00039469257064	0.466852783806774	-0.471129942753424	-0.396396008224129	0.291289526205731	0.697602014963507	-0.241947702065968	-0.164406110668273
SER885A	-0.61207266049572	-0.41364994930036	-0.599727944240321	-0.491636963160902	-0.445343835614322	-0.331081480118564	-0.0514924018284437	-0.0923465497382404	-0.0522086548954392	-0.516829191472774	-0.333078807049838	-0.396396008224129	-0.330590494027139	-0.80363752123796	-0.241947702065968	-0.819594907257391
VAL786A	1.14416782668667	1.41047851564713	1.21429173717624	1.47998512419423	1.01187402287664	1.33235756783437	0.974541382753138	1.03679989933388	0.920077141272703	0.958693771446548	0.519324205403578	0.844535029309975	0.913169546438601	0.697602014963507	0.512648609304993	-0.164406110668273
LEU828A	0.70510770489107	0.954446399410257	1.33522638260401	1.17665864921652	0.180263599577914	0.26255981245476	0.461524490462347	1.03679989933388	1.13614065153229	1.2865877632064	0.571030630776194	0.638718545790317	0.913169546438601	1.44822178306424	1.64454307636144	1.80116027909908
GLN976A	-0.61207266049572	0.0423821669365124	-0.357858653384779	-0.0366472506943334	-0.567763644120226	-0.392511479872754	-0.564509294119235	-0.0923465497382404	-0.37630392028482	-0.188935199712924	-0.471129942753424	-0.396396008224129	-0.952470514260009	-0.80363752123796	-0.807894935594189	-0.492000508962832
SER811A	1.58322794848226	0.498414283173385	1.21429173717624	0.115015986794523	0.0384254766193506	-0.329450757630189	1.48755827504393	0.47222667479782	1.78433118231105	0.30290578792685	-0.471129942753424	-0.396396008224129	-0.952470514260009	-0.80363752123796	-0.807894935594189	-0.492000508962832
ILE744A	0.70510770489107	0.498414283173385	0.246814573754075	0.418342461772235	-0.545390368772595	-0.309794783643182	0.461524490462347	1.03679989933388	0.0558231002343543	0.466852783806774	-0.471129942753424	-0.396396008224129	-0.952470514260009	-0.80363752123796	-0.807894935594189	-0.492000508962832
PHE712A	-0.61207266049572	-0.41364994930036	-0.47879329881255	-0.339973725672046	-0.545812506043305	-0.434282764334913	-0.0514924018284437	-0.0923465497382404	-0.0522086548954392	0.30290578792685	-0.471129942753424	-0.396396008224129	-0.952470514260009	-0.80363752123796	-0.807894935594189	-0.492000508962832
GLN849A	-0.173012538700124	0.0423821669365124	-0.357858653384779	-0.188310488183189	-0.475737719105443	-0.461311366054388	-0.0514924018284437	-0.0923465497382404	-0.484335675414613	-0.352882195592849	-0.259284199964648	-0.339798064374717	0.291289526205731	-0.0530177531372264	-0.0532986242232277	-0.492000508962832
PRO936A	1.14416782668667	1.41047851564713	0.609618510037388	1.47998512419423	0.00465449496254975	0.318175409600196	1.48755827504393	2.165946348406	1.24417240666208	1.77842875084617	0.00928800949505575	0.0765545205412756	1.53504956667147	1.44822178306424	0.135350453619513	0.163188287626286
LEU760A	-1.05113278229132	-0.869682065537232	-0.720662589668092	-1.09828991311633	-0.696093374416069	-0.54001859321539	-1.59054307870082	-1.22149299881036	-1.34858971645296	-0.844723183232623	-0.471129942753424	-0.396396008224129	-0.952470514260009	-0.80363752123796	-0.807894935594189	-0.492000508962832
PRO877A	-1.05113278229132	-0.41364994930036	-1.20440117137918	-0.491636963160902	-0.154069118824414	-0.125259636628947	-0.564509294119235	-0.0923465497382404	-0.700399185674201	-0.0249882038329997	-0.471129942753424	-0.396396008224129	-0.952470514260009	-0.80363752123796	-0.807894935594189	-0.492000508962832
GLY983A	-0.61207266049572	0.0423821669365124	-1.44627046223472	-0.794963438138614	-0.262980534667597	0.071644310335974	-0.564509294119235	-0.0923465497382404	-0.916462695933788	-0.516829191472774	-0.471129942753424	-0.396396008224129	-0.952470514260009	-0.80363752123796	-0.807894935594189	-0.492000508962832
VAL726A	0.70510770489107	0.498414283173385	-0.47879329881255	0.266679224283379	0.0312491430172805	-0.0232431003207317	0.461524490462347	-0.0923465497382404	-0.484335675414613	-0.680776187352698	0.000251935158093741	0.270108136509982	0.913169546438601	1.44822178306424	0.323999531462253	-0.164406110668273
ASP974A	-1.05113278229132	-1.3257141817741	-0.962531880523633	-1.09828991311633	-0.37104767596936	-0.54001859321539	-0.564509294119235	-1.22149299881036	-0.592367430544407	-1.00867017911255	-0.471129942753424	-0.396396008224129	-0.952470514260009	-0.80363752123796	-0.807894935594189	-0.492000508962832
ARG841A	0.266047583095473	-0.41364994930036	0.730553155465159	-0.643300200649758	0.294240662669617	-0.54001859321539	-0.0514924018284437	-0.656919774274301	0.163854855364148	-0.516829191472774	-0.418921513250977	-0.396396008224129	-0.330590494027139	-0.80363752123796	-0.241947702065968	-0.819594907257391
PHE910A	-1.05113278229132	-1.3257141817741	-0.599727944240321	-1.09828991311633	-0.587181958572886	-0.54001859321539	-0.564509294119235	-1.22149299881036	-0.37630392028482	-1.00867017911255	-0.374243145695998	-0.396396008224129	-0.330590494027139	-0.80363752123796	-0.241947702065968	-0.819594907257391
GLU762A	-1.05113278229132	-0.869682065537232	-0.720662589668092	-0.794963438138614	-0.696093374416069	-0.54001859321539	-1.59054307870082	-1.22149299881036	-1.34858971645296	-0.844723183232623	-0.471129942753424	-0.396396008224129	-0.952470514260009	-0.80363752123796	-0.807894935594189	-0.492000508962832
MET766A	0.70510770489107	0.0423821669365124	0.609618510037388	-0.491636963160902	0.888609939829313	1.58734110377048	-0.0514924018284437	-0.656919774274301	-0.0522086548954392	-0.680776187352698	1.41339356063299	2.34733715032643	0.913169546438601	-0.0530177531372264	0.701297687147734	-0.164406110668273
ALA743A	-0.173012538700124	0.498414283173385	0.730553155465159	1.47998512419423	-0.569452193203066	-0.44177230179055	-0.564509294119235	-0.0923465497382404	-0.484335675414613	-0.188935199712924	-0.320528703804058	-0.269684193635895	-0.330590494027139	-0.0530177531372264	-0.430596779908708	0.163188287626286
GLN982A	-1.49019290408691	-1.3257141817741	-1.56720510766249	-1.09828991311633	-0.696093374416069	-0.54001859321539	-1.59054307870082	-1.22149299881036	-1.34858971645296	-0.844723183232623	-0.471129942753424	-0.396396008224129	-0.952470514260009	-0.80363752123796	-0.807894935594189	-0.492000508962832
LYS949A	-1.05113278229132	-1.3257141817741	-0.841597235095863	-1.09828991311633	-0.587181958572886	-0.54001859321539	-1.07752618641003	-1.22149299881036	-0.808430940803994	-1.00867017911255	-0.471129942753424	-0.396396008224129	-0.952470514260009	-0.80363752123796	-0.807894935594189	-0.492000508962832
CYS781A	-0.173012538700124	0.498414283173385	-0.47879329881255	0.115015986794523	-0.587181958572886	-0.381317040550502	0.461524490462347	1.03679989933388	0.163854855364148	0.794746775566624	-0.471129942753424	-0.396396008224129	-0.952470514260009	-0.80363752123796	-0.807894935594189	-0.492000508962832
LYS713A	-1.05113278229132	-1.3257141817741	-0.599727944240321	-1.09828991311633	-0.587181958572886	-0.54001859321539	-0.564509294119235	-1.22149299881036	-0.484335675414613	-1.00867017911255	-0.471129942753424	-0.396396008224129	-0.952470514260009	-0.80363752123796	-0.807894935594189	-0.492000508962832
LYS714A	-0.173012538700124	-0.41364994930036	0.00494528289853346	-0.794963438138614	-0.411572853957521	-0.262066591742193	0.461524490462347	-0.0923465497382404	0.163854855364148	-0.680776187352698	-0.471129942753424	-0.396396008224129	-0.952470514260009	-0.80363752123796	-0.807894935594189	-0.492000508962832
GLY901A	1.58322794848226	2.32254274812087	2.30270354602618	3.75493368652707	-0.161667589697195	-0.121946717062601	-0.564509294119235	-0.0923465497382404	-0.37630392028482	0.138958792046925	0.164407285612904	0.142806492830619	0.291289526205731	0.697602014963507	0.889946764990474	2.12875467739364
ASN771A	-0.61207266049572	-0.41364994930036	-0.47879329881255	-0.491636963160902	-0.246095043839197	-0.39117432353862	-0.0514924018284437	-0.0923465497382404	-0.160240410025233	-0.516829191472774	-0.471129942753424	-0.396396008224129	-0.952470514260009	-0.80363752123796	-0.807894935594189	-0.492000508962832
TYR764A	-0.61207266049572	-1.3257141817741	-0.236924007957008	-1.09828991311633	-0.587181958572886	-0.54001859321539	-1.07752618641003	-1.22149299881036	-0.808430940803994	-1.00867017911255	-0.341612877256969	-0.396396008224129	-0.330590494027139	-0.80363752123796	-0.430596779908708	-0.819594907257391
GLU985A	-1.49019290408691	-0.869682065537232	-1.56720510766249	-0.794963438138614	-0.587181958572886	-0.479676863420848	-1.07752618641003	-0.656919774274301	-1.24055796132317	-0.680776187352698	-0.471129942753424	-0.396396008224129	-0.952470514260009	-0.80363752123796	-0.807894935594189	-0.492000508962832
GLY719A	0.266047583095473	0.498414283173385	-0.47879329881255	0.266679224283379	-0.35796142057735	-0.018316848254142	-0.564509294119235	-0.0923465497382404	-0.700399185674201	-0.188935199712924	-0.100650894937982	0.101452561260761	-0.330590494027139	-0.0530177531372264	-0.619245857751449	-0.164406110668273
ALA920A	-0.61207266049572	0.0423821669365124	-1.20440117137918	-0.491636963160902	-0.566075095037385	-0.338286208156385	-0.564509294119235	-0.0923465497382404	-0.700399185674201	-0.352882195592849	-0.392817298499754	-0.264615721052365	-0.330590494027139	-0.0530177531372264	-0.619245857751449	-0.819594907257391
SER921A	-1.05113278229132	-0.869682065537232	-1.44627046223472	-0.94662667562747	-0.696093374416069	-0.54001859321539	-1.59054307870082	-1.22149299881036	-1.34858971645296	-0.844723183232623	-0.471129942753424	-0.396396008224129	-0.952470514260009	-0.80363752123796	-0.807894935594189	-0.492000508962832
PRO937A	-1.49019290408691	-0.869682065537232	-1.0834665259514	-0.188310488183189	-0.696093374416069	-0.54001859321539	-1.59054307870082	-1.22149299881036	-1.34858971645296	-0.844723183232623	-0.341612877256969	-0.178451687132366	-0.330590494027139	-0.0530177531372264	-0.241947702065968	0.163188287626286
ILE953A	-1.05113278229132	-1.3257141817741	-0.115989362529237	-1.09828991311633	-0.024895113987151	-0.54001859321539	-0.564509294119235	-1.22149299881036	0.163854855364148	-1.00867017911255	-0.471129942753424	-0.396396008224129	-0.952470514260009	-0.80363752123796	-0.807894935594189	-0.492000508962832
LYS960A	-1.05113278229132	-0.41364994930036	-1.0834665259514	-0.491636963160902	-0.104256920880633	-0.116878382696559	-0.564509294119235	-0.0923465497382404	-0.700399185674201	-0.0249882038329997	-0.0906108123413576	-0.264076784759097	-0.330590494027139	-0.0530177531372264	-0.0532986242232277	0.490782685920845
ASN826A	-1.05113278229132	-1.3257141817741	-0.357858653384779	-1.09828991311633	-0.587181958572886	-0.54001859321539	-1.07752618641003	-1.22149299881036	-1.13252620619337	-1.00867017911255	-0.471129942753424	-0.396396008224129	-0.952470514260009	-0.80363752123796	-0.807894935594189	-0.492000508962832
GLU736A	-0.173012538700124	0.0423821669365124	-0.115989362529237	0.115015986794523	-0.37358049959362	-0.411988767568918	0.461524490462347	0.47222667479782	0.379918365623735	0.630799779686699	-0.471129942753424	-0.396396008224129	-0.330590494027139	-0.0530177531372264	-0.619245857751449	-0.164406110668273
GLY735A	-1.05113278229132	-0.41364994930036	-1.20440117137918	-0.491636963160902	-0.588448370385016	-0.372999897793162	-1.07752618641003	-0.656919774274301	-1.02449445106358	-0.516829191472774	-0.471129942753424	-0.396396008224129	-0.952470514260009	-0.80363752123796	-0.807894935594189	-0.492000508962832
HIS805A	-1.05113278229132	-0.869682065537232	-1.0834665259514	-0.94662667562747	-0.581272036782946	-0.54001859321539	-1.07752618641003	-1.22149299881036	-0.916462695933788	-1.00867017911255	-0.471129942753424	-0.396396008224129	-0.952470514260009	-0.80363752123796	-0.807894935594189	-0.492000508962832
MET952A	-1.05113278229132	-0.41364994930036	-0.236924007957008	0.418342461772235	-0.587181958572886	-0.495160555206831	-0.564509294119235	-0.0923465497382404	0.0558231002343543	0.794746775566624	-0.471129942753424	-0.396396008224129	-0.952470514260009	-0.80363752123796	-0.807894935594189	-0.492000508962832
VAL738A	0.266047583095473	0.498414283173385	-0.47879329881255	-0.643300200649758	-0.479959091812543	-0.204671251818603	-0.0514924018284437	-0.0923465497382404	0.163854855364148	-0.188935199712924	-0.470125934493762	-0.394706517362952	-0.330590494027139	-0.0530177531372264	-0.619245857751449	-0.819594907257391
PHE795A	-0.173012538700124	-1.3257141817741	-0.115989362529237	-1.09828991311633	-0.587604095843596	-0.54001859321539	-0.0514924018284437	-1.22149299881036	0.163854855364148	-1.00867017911255	-0.471129942753424	-0.396396008224129	-0.952470514260009	-0.80363752123796	-0.807894935594189	-0.492000508962832
GLN791A	-0.173012538700124	-0.869682065537232	0.00494528289853346	-1.09828991311633	-0.34403089064392	-0.448322054552206	-0.0514924018284437	-0.656919774274301	-0.484335675414613	-1.00867017911255	-0.22715593565545	-0.278131647941777	0.291289526205731	-0.0530177531372264	-0.430596779908708	-0.819594907257391
LEU782A	-1.05113278229132	-0.869682065537232	-0.720662589668092	-0.643300200649758	-0.587181958572886	-0.430204341938922	-0.564509294119235	-0.656919774274301	-0.268272165155026	-0.352882195592849	-0.471129942753424	-0.396396008224129	-0.952470514260009	-0.80363752123796	-0.807894935594189	-0.492000508962832
ILE926A	-1.05113278229132	-0.869682065537232	-1.0834665259514	-0.94662667562747	-0.590981194009276	-0.376929749450156	-1.07752618641003	-0.656919774274301	-0.916462695933788	-0.844723183232623	-0.471129942753424	-0.396396008224129	-0.952470514260009	-0.80363752123796	-0.807894935594189	-0.492000508962832
SER925A	-0.61207266049572	-0.41364994930036	-1.20440117137918	-0.794963438138614	-0.554255251457505	-0.319946900423748	-1.07752618641003	-0.656919774274301	-1.24055796132317	-0.844723183232623	-0.471129942753424	-0.396396008224129	-0.952470514260009	-0.80363752123796	-0.807894935594189	-0.492000508962832
GLU928A	-1.05113278229132	-0.869682065537232	-1.0834665259514	-0.794963438138614	-0.587181958572886	-0.54001859321539	-0.564509294119235	-0.656919774274301	-0.808430940803994	-0.680776187352698	-0.341612877256969	-0.396396008224129	0.291289526205731	-0.0530177531372264	-0.241947702065968	-0.164406110668273
HIS888A	-1.05113278229132	-0.869682065537232	-1.20440117137918	-0.643300200649758	-0.478270542729703	-0.54001859321539	-1.07752618641003	-1.22149299881036	-1.24055796132317	-1.00867017911255	-0.471129942753424	-0.396396008224129	-0.952470514260009	-0.80363752123796	-0.807894935594189	-0.492000508962832
ILE890A	-0.61207266049572	-0.869682065537232	-0.962531880523633	-0.94662667562747	-0.34360875337321	-0.20205135071394	-0.564509294119235	-0.656919774274301	-1.02449445106358	-1.00867017911255	-0.471129942753424	-0.396396008224129	-0.952470514260009	-0.80363752123796	-0.807894935594189	-0.492000508962832
LYS929A	-1.05113278229132	-0.869682065537232	-1.32533581680695	-1.09828991311633	-0.587181958572886	-0.409938208437364	-0.564509294119235	-0.656919774274301	-0.700399185674201	-0.844723183232623	-0.471129942753424	-0.396396008224129	-0.952470514260009	-0.80363752123796	-0.807894935594189	-0.492000508962832
ARG977A	-1.05113278229132	-0.869682065537232	-1.32533581680695	-1.09828991311633	-0.587181958572886	-0.371689947240831	-0.564509294119235	-0.656919774274301	-0.808430940803994	-1.00867017911255	-0.471129942753424	-0.396396008224129	-0.952470514260009	-0.80363752123796	-0.807894935594189	-0.492000508962832
ALA859A	-1.49019290408691	-0.869682065537232	-1.56720510766249	-0.794963438138614	-0.587181958572886	-0.371034971964665	-1.07752618641003	-0.656919774274301	-1.24055796132317	-0.844723183232623	-0.471129942753424	-0.396396008224129	-0.952470514260009	-0.80363752123796	-0.807894935594189	-0.492000508962832
ARG962A	-1.49019290408691	-1.3257141817741	-1.20440117137918	-1.09828991311633	-0.696093374416069	-0.54001859321539	-1.59054307870082	-1.22149299881036	-1.34858971645296	-0.844723183232623	-0.471129942753424	-0.396396008224129	-0.952470514260009	-0.80363752123796	-0.807894935594189	-0.492000508962832
LYS852A	-0.61207266049572	-1.3257141817741	0.00494528289853346	-1.09828991311633	-0.696093374416069	-0.54001859321539	-1.07752618641003	-1.22149299881036	-0.700399185674201	-1.00867017911255	-0.3421148813868	-0.396396008224129	0.291289526205731	-0.80363752123796	1.26724492067595	-0.819594907257391
GLU963A	-1.49019290408691	-0.869682065537232	-1.0834665259514	-0.643300200649758	-0.587181958572886	-0.371034971964665	-1.07752618641003	-0.656919774274301	-0.808430940803994	-0.680776187352698	-0.341612877256969	-0.178451687132366	-0.330590494027139	-0.0530177531372264	-0.241947702065968	-0.819594907257391
ARG832A	-1.49019290408691	-1.3257141817741	-1.20440117137918	-1.09828991311633	-0.587181958572886	-0.54001859321539	-1.07752618641003	-1.22149299881036	-0.916462695933788	-1.00867017911255	-0.341612877256969	-0.396396008224129	-0.330590494027139	-0.80363752123796	-0.241947702065968	-0.819594907257391
ASP800A	-1.49019290408691	-0.869682065537232	-1.0834665259514	-0.643300200649758	-0.587181958572886	-0.515041958315998	-1.07752618641003	-0.656919774274301	-0.808430940803994	-0.352882195592849	-0.341612877256969	-0.364182733967045	-0.330590494027139	-0.0530177531372264	-0.241947702065968	0.490782685920845
LYS745A	-1.05113278229132	-1.3257141817741	-0.47879329881255	-1.09828991311633	-0.253693514711977	-0.54001859321539	-0.564509294119235	-1.22149299881036	-0.268272165155026	-1.00867017911255	0.054970385309697	-0.396396008224129	0.291289526205731	-0.80363752123796	0.135350453619513	-0.819594907257391
ILE706A	-1.05113278229132	-0.41364994930036	-0.47879329881255	-0.0366472506943334	-0.588448370385016	-0.372999897793162	-1.07752618641003	-0.656919774274301	-0.700399185674201	-0.352882195592849	-0.471129942753424	-0.396396008224129	-0.952470514260009	-0.80363752123796	-0.807894935594189	-0.492000508962832
LYS737A	-1.49019290408691	-1.3257141817741	-1.32533581680695	-1.09828991311633	-0.696093374416069	-0.54001859321539	-1.59054307870082	-1.22149299881036	-1.34858971645296	-0.844723183232623	-0.471129942753424	-0.396396008224129	-0.952470514260009	-0.80363752123796	-0.807894935594189	-0.492000508962832
MET945A	-1.49019290408691	-0.869682065537232	-1.56720510766249	-0.94662667562747	-0.696093374416069	-0.54001859321539	-1.59054307870082	-1.22149299881036	-1.34858971645296	-0.844723183232623	-0.471129942753424	-0.396396008224129	-0.952470514260009	-0.80363752123796	-0.807894935594189	-0.492000508962832
LYS716A	-1.92925302588251	-1.3257141817741	-1.80907439851803	-1.09828991311633	-0.696093374416069	-0.54001859321539	-1.59054307870082	-1.22149299881036	-1.34858971645296	-0.844723183232623	-0.471129942753424	-0.396396008224129	-0.952470514260009	-0.80363752123796	-0.807894935594189	-0.492000508962832
LYS757A	-1.92925302588251	-1.3257141817741	-1.80907439851803	-1.09828991311633	-0.696093374416069	-0.54001859321539	-1.59054307870082	-1.22149299881036	-1.34858971645296	-0.844723183232623	-0.471129942753424	-0.396396008224129	-0.952470514260009	-0.80363752123796	-0.807894935594189	-0.492000508962832
GLU758A	-1.92925302588251	-1.3257141817741	-1.80907439851803	-1.09828991311633	-0.696093374416069	-0.54001859321539	-1.59054307870082	-1.22149299881036	-1.34858971645296	-0.844723183232623	-0.471129942753424	-0.396396008224129	-0.952470514260009	-0.80363752123796	-0.807894935594189	-0.492000508962832
GLU804A	-1.92925302588251	-1.3257141817741	-1.80907439851803	-1.09828991311633	-0.696093374416069	-0.54001859321539	-1.59054307870082	-1.22149299881036	-1.34858971645296	-0.844723183232623	-0.471129942753424	-0.396396008224129	-0.952470514260009	-0.80363752123796	-0.807894935594189	-0.492000508962832
LYS806A	-1.92925302588251	-1.3257141817741	-1.80907439851803	-1.09828991311633	-0.696093374416069	-0.54001859321539	-1.59054307870082	-1.22149299881036	-1.34858971645296	-0.844723183232623	-0.471129942753424	-0.396396008224129	-0.952470514260009	-0.80363752123796	-0.807894935594189	-0.492000508962832
ASP830A	-1.92925302588251	-1.3257141817741	-1.80907439851803	-1.09828991311633	-0.696093374416069	-0.54001859321539	-1.59054307870082	-1.22149299881036	-1.34858971645296	-0.844723183232623	-0.471129942753424	-0.396396008224129	-0.952470514260009	-0.80363752123796	-0.807894935594189	-0.492000508962832
ARG889A	-1.92925302588251	-1.3257141817741	-1.80907439851803	-1.09828991311633	-0.696093374416069	-0.54001859321539	-1.59054307870082	-1.22149299881036	-1.34858971645296	-0.844723183232623	-0.471129942753424	-0.396396008224129	-0.952470514260009	-0.80363752123796	-0.807894935594189	-0.492000508962832
ILE966A	-1.92925302588251	-1.3257141817741	-1.80907439851803	-1.09828991311633	-0.696093374416069	-0.54001859321539	-1.59054307870082	-1.22149299881036	-1.34858971645296	-0.844723183232623	-0.471129942753424	-0.396396008224129	-0.952470514260009	-0.80363752123796	-0.807894935594189	-0.492000508962832
