Degree	Degree_sidechain	SecondOrderDegree	SecondOrderDegree_sidechain	NodeEdgeBetweennessSTRIDE	NodeEdgeBetweennessSTRIDE_sidechain	IntermodularDegreeSTRIDE	IntermodularDegreeSTRIDE_sidechain	SecondOrderIntermodularDegreeSTRIDE	SecondOrderIntermodularDegreeSTRIDE_sidechain	NodeEdgeBetweennessWALKTRAP	NodeEdgeBetweennessWALKTRAP_sidechain	IntermodularDegreeWALKTRAP	IntermodularDegreeWALKTRAP_sidechain	SecondOrderIntermodularDegreeWALKTRAP	SecondOrderIntermodularDegreeWALKTRAP_sidechain
CYS229A	0.776616093539272	0.502915783498596	0.194347575887203	0.136814089909009	0.529219523850937	0.339924755293444	1.01844721927316	0.531257311762542	0.443587877345876	0.567780060684951	0.275564279985683	0.820786590622949	0.779499232676081	0.600251278438233	0.198479497822044	0.412115471147545
TRP146A	0.308293055314075	-0.454789871202079	0.194347575887203	-0.688216331057438	-0.0180572265269263	0.669608828123112	0.0126358215790715	-0.0528322188493137	-0.315525038062976	-0.532754667331009	0.763147861050465	1.27986667203446	0.779499232676081	0.600251278438233	0.198479497822044	-0.243972358919347
ARG273A	0.776616093539272	-0.454789871202079	1.31717502238391	-0.0281919942842807	0.0248843548883652	0.375601106963497	0.515541520426115	-0.0528322188493137	0.00980906854081792	0.0175126966769709	0.425951504988796	0.870465370336447	1.39750858447903	0.600251278438233	0.198479497822044	0.0840715561140991
ASP281A	-0.160029982911123	0.0240629561482582	0.319106181053504	-0.19319807847757	-0.137745464088696	-0.494825185361008	-0.490269877267972	-0.0528322188493137	-0.532414442465505	0.0175126966769709	0.190971465921432	-0.361211636539554	-0.456519470929817	-0.165453878031052	-0.35009578088055	-0.243972358919347
GLY105A	0.776616093539272	1.46062143819927	0.0695889707209016	0.631832342488876	-0.271138461676623	0.276252207267978	1.01844721927316	1.69943637298625	0.443587877345876	0.567780060684951	-0.388254330379622	-0.0325962170202469	1.39750858447903	2.1316615913768	-0.167237354646352	-0.572016273952792
SER106A	-1.56499909758672	-1.41249552590275	-1.17799708094211	-1.18323458363731	-0.704208878503179	-0.71792068830154	-0.993175576115016	-1.22101128007302	-0.857748549069299	-1.08302203133899	-0.511618850889989	-0.652247178337087	-0.456519470929817	-0.931159034500337	-0.35009578088055	-0.900060188986238
ARG196A	1.24493913176447	0.981768610848933	1.31717502238391	0.961844510875455	0.932139468619948	1.123569486256	1.5213529181202	1.69943637298625	1.31114549495599	1.30146987936226	1.72891582161733	1.74163876663291	1.39750858447903	1.36595643490752	1.29563005522723	0.412115471147545
ASP184A	-0.160029982911123	0.502915783498596	-0.1799282396117	0.466826258295587	-0.355194323170384	-0.649921917331821	-0.490269877267972	-0.0528322188493137	-0.0986356336604467	0.751202515354278	-0.0628069762713223	-0.557559918971695	0.161489880873132	0.600251278438233	0.381337924056243	1.06820330121444
CYS242A	0.776616093539272	0.502915783498596	0.319106181053504	0.136814089909009	-0.711518083850462	-0.573920151681862	0.515541520426115	0.531257311762542	1.09425609055346	1.30146987936226	-0.397653531942317	-0.210242928823159	0.779499232676081	1.36595643490752	1.47848848146143	1.72429113128133
HIS179A	0.776616093539272	0.981768610848933	0.568623391386106	0.466826258295587	0.927571215277896	-0.287850540455555	1.01844721927316	1.1153468423744	1.63647960155979	1.66831478870091	1.58675289798158	-0.0533810068802662	2.01551793628198	2.1316615913768	2.20992218639823	3.03646679141511
ARG175A	0.776616093539272	0.981768610848933	0.693381996552407	1.12685059506874	2.32911134061953	3.2900248323103	1.5213529181202	1.69943637298625	1.41959019715726	1.30146987936226	2.37276112866191	3.13612057178728	1.39750858447903	1.36595643490752	1.84420533392983	1.39624721624788
CYS141A	0.776616093539272	0.502915783498596	0.818140601718708	0.466826258295587	0.263347179343494	-0.205134593319984	0.0126358215790715	-0.0528322188493137	0.118253770742083	0.200935151346298	0.105203751661844	-0.652247178337087	0.161489880873132	-0.165453878031052	0.198479497822044	-0.243972358919347
TYR236A	1.24493913176447	0.0240629561482582	1.94096804821542	0.301820174102298	3.30306295314508	0.319205900661422	2.02425861696725	0.531257311762542	2.07025841036485	0.384357606015624	1.49746048313598	0.636773086891826	0.779499232676081	0.600251278438233	0.747054776524639	0.412115471147545
PRO128A	-0.160029982911123	0.502915783498596	-0.1799282396117	0.301820174102298	-0.231851482934973	0.261670867164883	0.0126358215790715	0.531257311762542	0.335143175144612	0.751202515354278	-0.297787015338687	0.126979448603154	0.161489880873132	0.600251278438233	0.198479497822044	0.412115471147545
TYR126A	0.776616093539272	-0.933642698552417	0.443864786219805	-0.853222415250727	0.0596030802879625	-0.119631011626471	1.01844721927316	-0.636921749461169	0.443587877345876	-0.716177122000336	0.349582992291903	0.180862140891574	0.779499232676081	-0.165453878031052	0.381337924056243	-0.243972358919347
ARG267A	0.776616093539272	0.0240629561482582	0.319106181053504	-0.19319807847757	-0.157845778793726	-0.257342315760527	0.0126358215790715	-0.0528322188493137	-0.64085914466677	-0.899599576669662	-0.739549488785333	-0.652247178337087	-1.07452882273277	-0.931159034500337	-0.898671059583145	-0.572016273952792
LEU264A	0.308293055314075	0.981768610848933	0.443864786219805	1.12685059506874	-0.113076896041614	0.264360190585945	-0.490269877267972	-0.0528322188493137	-0.64085914466677	-0.532754667331009	-0.739549488785333	-0.652247178337087	-1.07452882273277	-0.931159034500337	-0.898671059583145	-0.572016273952792
CYS176A	0.776616093539272	0.981768610848933	0.443864786219805	0.466826258295587	1.7845755422469	0.865414136062501	1.5213529181202	1.69943637298625	1.20270079275473	1.30146987936226	1.7629879272821	1.52864009826054	1.39750858447903	2.1316615913768	1.47848848146143	2.38037896134822
ARG249A	0.776616093539272	0.981768610848933	0.443864786219805	0.466826258295587	2.32728403928271	3.02701910472778	1.5213529181202	1.69943637298625	0.877366686150935	1.11804742469293	2.72288138687229	3.97706862529287	2.01551793628198	2.1316615913768	0.747054776524639	1.39624721624788
GLU171A	-1.09667605936152	-0.933642698552417	-0.928479870609506	-0.523210246864149	-0.705122529171589	-0.63800138241744	-0.993175576115016	-0.636921749461169	-0.749303846868034	-0.165909757992356	-0.512793751085326	-0.540960754529226	-0.456519470929817	-0.165453878031052	-0.167237354646352	0.412115471147545
THR230A	0.308293055314075	0.981768610848933	-0.304686844778001	0.301820174102298	-0.739841254571186	-0.538563843100938	0.515541520426115	1.1153468423744	-0.315525038062976	0.0175126966769709	-0.665530776479113	-0.584243610077018	0.161489880873132	0.600251278438233	-0.532954207114749	-0.572016273952792
THR231A	-0.160029982911123	0.502915783498596	0.0695889707209016	0.796838426682166	-0.696899673155895	-0.417287567186207	-0.993175576115016	-0.636921749461169	-0.966193251270564	-0.532754667331009	-0.665530776479113	-0.589688838359829	-0.456519470929817	-0.165453878031052	-0.715812633348947	-0.243972358919347
ASN235A	0.308293055314075	0.981768610848933	0.0695889707209016	0.466826258295587	-0.369812733864952	0.0942709310250252	0.515541520426115	1.1153468423744	-0.0986356336604467	0.0175126966769709	0.268514878813662	1.09629590855016	0.779499232676081	1.36595643490752	0.747054776524639	1.06820330121444
GLU198A	-0.160029982911123	-0.454789871202079	0.194347575887203	-0.0281919942842807	0.209441789907277	0.0503007506578103	0.0126358215790715	-0.0528322188493137	-0.315525038062976	0.0175126966769709	1.14969002531628	0.4174895478339	0.779499232676081	0.600251278438233	1.29563005522723	0.74015938618099
ARG213A	2.18158520821486	1.46062143819927	1.19241641721761	0.631832342488876	1.84487648636199	0.116625843786713	3.03007001466133	2.28352590359811	1.63647960155979	0.567780060684951	2.54429655718109	0.118160511426281	2.01551793628198	0.600251278438233	1.84420533392983	0.412115471147545
THR211A	0.776616093539272	0.981768610848933	0.0695889707209016	0.136814089909009	-0.013488973184874	0.695947950607206	0.0126358215790715	-0.0528322188493137	0.00980906854081792	0.0175126966769709	0.37660569678465	1.31654350143214	0.161489880873132	0.600251278438233	0.381337924056243	-0.243972358919347
ARG156A	-0.160029982911123	-0.454789871202079	0.319106181053504	-0.358204162670859	-0.516910491479035	-0.459065568747855	0.0126358215790715	-0.0528322188493137	0.226698472943347	-0.165909757992356	-0.27076431084594	-0.291795342315611	0.779499232676081	0.600251278438233	1.11277162899304	0.412115471147545
VAL217A	1.24493913176447	1.46062143819927	1.31717502238391	1.95188101603519	0.406790334283936	1.01747376818221	1.01844721927316	1.1153468423744	1.20270079275473	1.30146987936226	0.0511583426763496	0.0236518012767008	1.39750858447903	1.36595643490752	2.39278061263242	2.38037896134822
ILE162A	0.308293055314075	-0.933642698552417	0.942899206885009	-0.853222415250727	2.77497286680384	-0.0642786270986222	0.515541520426115	-0.636921749461169	0.76892198394967	-0.532754667331009	2.55017105815777	0.257939498548748	0.161489880873132	-0.165453878031052	-0.167237354646352	-0.572016273952792
VAL173A	1.24493913176447	1.93947426554961	0.568623391386106	1.7868749318419	2.87730174166581	5.02012834648653	1.01844721927316	1.69943637298625	0.877366686150935	1.85173724337024	0.494095716318332	-0.0183726658494543	0.779499232676081	1.36595643490752	0.381337924056243	1.39624721624788
GLN144A	1.24493913176447	0.502915783498596	0.942899206885009	-0.0281919942842807	1.81472601430445	0.190309742484336	0.515541520426115	0.531257311762542	0.226698472943347	0.200935151346298	0.357807293659261	-0.264882225060584	0.161489880873132	0.600251278438233	-0.167237354646352	0.412115471147545
GLY112A	-0.160029982911123	0.502915783498596	0.194347575887203	0.961844510875455	0.961376290009082	1.65389776708447	-0.490269877267972	-0.0528322188493137	-0.64085914466677	-0.165909757992356	-0.739549488785333	-0.652247178337087	-1.07452882273277	-0.931159034500337	-0.898671059583145	-0.572016273952792
GLU271A	0.308293055314075	0.0240629561482582	0.194347575887203	-0.523210246864149	1.51504859506582	0.139058174785148	0.515541520426115	0.531257311762542	0.00980906854081792	0.0175126966769709	2.41270773530337	0.253975061763656	0.161489880873132	-0.165453878031052	-0.167237354646352	-0.572016273952792
PRO250A	-0.160029982911123	0.0240629561482582	-0.554204055110603	-0.19319807847757	-0.561679374231148	-0.281853834406527	0.515541520426115	0.531257311762542	0.118253770742083	0.384357606015624	-0.481071445811231	-0.196316705127372	-0.456519470929817	-0.165453878031052	-0.167237354646352	0.412115471147545
HIS233A	-0.62835302113632	-0.933642698552417	-0.429445449944302	-0.688216331057438	-0.695072371819074	-0.629088940458835	-0.490269877267972	-0.636921749461169	-0.532414442465505	-0.716177122000336	-0.739549488785333	-0.652247178337087	-1.07452882273277	-0.931159034500337	-0.898671059583145	-0.572016273952792
THR140A	0.776616093539272	0.502915783498596	0.693381996552407	0.136814089909009	1.45109304827709	0.0982667444936342	0.515541520426115	-0.0528322188493137	0.00980906854081792	-0.532754667331009	2.02029107006087	0.185206439249855	1.39750858447903	0.600251278438233	1.11277162899304	0.0840715561140991
ALA161A	0.776616093539272	1.46062143819927	1.06765781205131	1.62186884764861	-0.023539130537389	-0.107874293642072	0.515541520426115	1.1153468423744	0.552032579547141	1.66831478870091	-0.189696197367699	-0.181016970427724	0.161489880873132	0.600251278438233	0.198479497822044	0.412115471147545
LEU252A	0.308293055314075	0.502915783498596	0.194347575887203	0.136814089909009	0.460695723720153	1.06484969502398	0.515541520426115	0.531257311762542	0.00980906854081792	-0.165909757992356	0.0864053485364543	0.242766585674684	-0.456519470929817	-0.165453878031052	-0.898671059583145	-0.572016273952792
CYS238A	2.18158520821486	0.981768610848933	1.81620944304912	0.796838426682166	2.22678246575756	1.36391200586734	2.52716431581429	1.1153468423744	3.48003953898129	2.03515969803956	1.45281427571318	2.24667333826904	2.63352728808493	2.1316615913768	3.85564802250601	3.692554621482
MET246A	1.71326216998967	0.502915783498596	1.19241641721761	0.466826258295587	0.203046235228404	0.24194272814725	2.02425861696725	1.1153468423744	2.17870311256611	0.934624970023604	0.677380146790877	0.684348100849803	2.63352728808493	2.1316615913768	3.12421431756922	2.70842287638166
GLU221A	-1.09667605936152	-1.41249552590275	-1.05323847577581	-1.18323458363731	-0.881457108174807	-0.71792068830154	-0.993175576115016	-1.22101128007302	-0.966193251270564	-1.08302203133899	-0.511618850889989	-0.652247178337087	0.161489880873132	-0.931159034500337	-0.35009578088055	-0.900060188986238
VAL203A	1.24493913176447	1.93947426554961	1.06765781205131	2.11688710022848	0.0742214909825298	0.255926277296594	1.5213529181202	2.28352590359811	2.17870311256611	3.31911688072485	0.489396115536985	0.703819981389266	2.63352728808493	3.66307190431537	2.94135589133502	4.67668636658234
VAL216A	1.71326216998967	2.41832709289995	0.942899206885009	1.95188101603519	1.20988927181673	2.45352128017579	1.5213529181202	2.28352590359811	1.85336900596232	2.76884951671687	-0.29661211514335	-0.198512533711475	0.779499232676081	1.36595643490752	1.84420533392983	3.692554621482
CYS124A	1.24493913176447	0.502915783498596	0.818140601718708	0.301820174102298	0.988785810061396	1.3964401742313	0.515541520426115	0.531257311762542	0.118253770742083	0.200935151346298	1.66547121106915	2.2919683203788	1.39750858447903	1.36595643490752	0.747054776524639	1.06820330121444
PRO142A	1.24493913176447	0.981768610848933	0.818140601718708	0.466826258295587	-0.153277525451674	-0.305604661216041	0.515541520426115	0.531257311762542	-0.423969740264241	0.0175126966769709	0.804269367887254	1.41196033158107	0.779499232676081	1.36595643490752	0.381337924056243	1.06820330121444
ASP208A	-0.62835302113632	0.0240629561482582	-1.05323847577581	-0.523210246864149	-0.881457108174807	-0.71792068830154	-1.49608127496206	-1.22101128007302	-1.29152735787436	-0.899599576669662	-0.739549488785333	-0.652247178337087	-1.07452882273277	-0.931159034500337	-0.898671059583145	-0.572016273952792
LEU265A	0.776616093539272	0.502915783498596	1.06765781205131	1.12685059506874	0.0148341975358502	0.697436233385005	0.515541520426115	0.531257311762542	0.552032579547141	0.567780060684951	0.413027602840091	1.318615912674	0.779499232676081	1.36595643490752	0.929913202758837	1.72429113128133
VAL197A	2.18158520821486	1.93947426554961	1.81620944304912	2.28189318442177	0.977822002040471	1.15591595995866	2.02425861696725	1.69943637298625	2.39559251696864	2.03515969803956	1.8299572384163	2.28759158558689	2.63352728808493	2.1316615913768	2.57563903886662	2.05233504631477
GLY187A	-1.09667605936152	-0.454789871202079	-1.17799708094211	-0.853222415250727	-0.704208878503179	-0.52992791485218	-0.993175576115016	-0.636921749461169	-1.18308265567309	-0.899599576669662	-0.511618850889989	-0.390470086713687	-0.456519470929817	-0.165453878031052	-0.715812633348947	-0.572016273952792
LEU188A	-0.160029982911123	-0.933642698552417	-0.554204055110603	-1.01822849944402	-0.391740349906803	-0.617186602857956	-0.490269877267972	-0.636921749461169	-1.07463795347183	-0.899599576669662	-0.109802984084795	-0.511976489039194	0.161489880873132	-0.165453878031052	-0.532954207114749	-0.572016273952792
ALA189A	0.776616093539272	0.981768610848933	0.319106181053504	0.466826258295587	0.953153433993388	1.16241594192621	0.515541520426115	0.531257311762542	0.443587877345876	0.751202515354278	0.113428053029201	-0.344603754512667	0.161489880873132	-0.165453878031052	-0.35009578088055	-0.243972358919347
TYR205A	1.71326216998967	0.0240629561482582	1.81620944304912	1.29185667926203	2.76218175744609	0.240259185767826	2.02425861696725	0.531257311762542	2.28714781476737	1.30146987936226	0.530517622373774	0.506230705863962	0.161489880873132	-0.165453878031052	1.11277162899304	0.412115471147545
LYS101A	-1.09667605936152	-1.41249552590275	-0.803721265443205	-1.18323458363731	-0.717913638529335	-0.71792068830154	-0.993175576115016	-1.22101128007302	-1.07463795347183	-1.08302203133899	-0.739549488785333	-0.652247178337087	-1.07452882273277	-0.931159034500337	-0.898671059583145	-0.572016273952792
TYR163A	-0.62835302113632	-0.454789871202079	0.0695889707209016	0.136814089909009	1.82843077433061	-0.509817043130764	0.0126358215790715	-0.0528322188493137	0.552032579547141	0.567780060684951	0.954656592890367	-0.362466002234016	-0.456519470929817	-0.165453878031052	-0.167237354646352	0.412115471147545
ILE255A	1.71326216998967	0.502915783498596	2.56476107404692	0.796838426682166	-0.0637397599474491	-0.261295176608653	1.01844721927316	-0.0528322188493137	1.41959019715726	-0.165909757992356	-0.277813712017961	-0.169716993616582	0.779499232676081	-0.165453878031052	1.11277162899304	-0.243972358919347
TYR234A	0.308293055314075	-0.454789871202079	1.19241641721761	-0.0281919942842807	0.328216376800637	-0.563243859338436	0.515541520426115	-0.0528322188493137	0.552032579547141	-0.165909757992356	0.42830130537947	-0.436862035150194	0.779499232676081	0.600251278438233	0.747054776524639	0.74015938618099
GLN192A	-0.160029982911123	0.0240629561482582	-0.554204055110603	-0.358204162670859	-0.557111120889095	-0.621543911903428	-0.490269877267972	-0.636921749461169	-0.749303846868034	-0.899599576669662	-0.32245991944076	-0.51804397593403	0.161489880873132	-0.165453878031052	-0.35009578088055	-0.572016273952792
PRO190A	0.776616093539272	0.502915783498596	0.443864786219805	0.466826258295587	0.117163072397821	0.908772387832417	-0.993175576115016	-0.636921749461169	-0.64085914466677	-0.532754667331009	-0.739549488785333	-0.652247178337087	-1.07452882273277	-0.931159034500337	-0.898671059583145	-0.572016273952792
ILE254A	0.776616093539272	0.0240629561482582	1.19241641721761	-0.523210246864149	1.26744926392659	2.12887834387804	0.0126358215790715	0.531257311762542	-0.532414442465505	-0.532754667331009	1.19433623273908	1.84875504888249	-0.456519470929817	-0.165453878031052	-0.715812633348947	-0.572016273952792
THR256A	1.24493913176447	1.46062143819927	1.44193362755021	1.95188101603519	0.253297021990979	0.204800388393285	0.515541520426115	0.531257311762542	0.118253770742083	0.384357606015624	0.146325258498632	0.123318611626948	0.161489880873132	0.600251278438233	0.381337924056243	0.0840715561140991
ARG181A	-1.56499909758672	-0.933642698552417	-1.42751429127471	-1.18323458363731	-0.881457108174807	-0.71792068830154	-1.49608127496206	-1.22101128007302	-1.29152735787436	-0.899599576669662	-0.739549488785333	-0.652247178337087	-1.07452882273277	-0.931159034500337	-0.898671059583145	-0.572016273952792
HIS178A	-0.160029982911123	-0.933642698552417	-0.678962660276904	-1.18323458363731	-0.653044441072193	-0.71792068830154	-0.993175576115016	-1.22101128007302	-0.749303846868034	-1.08302203133899	-0.445824439951127	-0.652247178337087	-0.456519470929817	-0.931159034500337	-0.35009578088055	-0.900060188986238
LYS139A	-0.62835302113632	-1.41249552590275	-0.429445449944302	-1.18323458363731	-0.700554275829537	-0.71792068830154	-0.490269877267972	-1.22101128007302	-0.64085914466677	-1.08302203133899	-0.739549488785333	-0.652247178337087	-1.07452882273277	-0.931159034500337	-0.898671059583145	-0.572016273952792
ILE195A	-0.160029982911123	0.0240629561482582	0.942899206885009	0.631832342488876	0.869097572499626	0.556968270135759	0.515541520426115	0.531257311762542	0.9858113883522	0.751202515354278	0.364856694831282	0.942716621890305	0.161489880873132	0.600251278438233	-0.167237354646352	0.412115471147545
ARG282A	1.24493913176447	1.46062143819927	0.568623391386106	1.29185667926203	0.49632809978816	-0.0717116954454257	1.5213529181202	1.69943637298625	1.41959019715726	2.03515969803956	0.329609688971177	-0.0350700082335664	1.39750858447903	1.36595643490752	0.198479497822044	0.0840715561140991
PHE134A	0.776616093539272	0.502915783498596	1.06765781205131	0.631832342488876	-0.415495267285475	0.0411035283757867	0.515541520426115	0.531257311762542	0.877366686150935	1.30146987936226	-0.140350389163553	0.404682555012708	0.779499232676081	-0.165453878031052	0.747054776524639	0.0840715561140991
ARG158A	1.24493913176447	0.502915783498596	1.56669223271651	0.466826258295587	1.35972798143604	0.843366262042371	1.01844721927316	1.1153468423744	0.552032579547141	0.567780060684951	0.729075755385697	0.946227536860569	1.39750858447903	-0.165453878031052	1.66134690769563	-0.243972358919347
GLU258A	0.308293055314075	0.0240629561482582	1.06765781205131	0.631832342488876	0.629721097376087	-0.0449363972289328	0.515541520426115	-0.0528322188493137	0.552032579547141	0.0175126966769709	1.75946322669609	0.780731767802345	1.39750858447903	0.600251278438233	1.66134690769563	0.0840715561140991
LYS164A	-0.62835302113632	-0.933642698552417	-0.429445449944302	-0.853222415250727	-0.455695896695535	-0.365998471761665	0.0126358215790715	-0.636921749461169	-0.0986356336604467	-0.532754667331009	-0.739549488785333	-0.652247178337087	-1.07452882273277	-0.931159034500337	-0.898671059583145	-0.572016273952792
ASN268A	0.308293055314075	0.0240629561482582	0.443864786219805	-0.19319807847757	-0.287584173708011	-0.0392637416253421	0.515541520426115	-0.0528322188493137	0.335143175144612	-0.716177122000336	-0.203794999711741	0.292772347952141	0.779499232676081	0.600251278438233	0.929913202758837	-0.243972358919347
PHE109A	1.24493913176447	0.0240629561482582	1.69145083788281	0.796838426682166	1.64204603797487	-0.15000667513459	1.5213529181202	-0.0528322188493137	1.41959019715726	-0.349332212661682	2.50552485073497	0.138564489213871	2.01551793628198	0.600251278438233	0.747054776524639	-0.243972358919347
MET237A	0.308293055314075	-0.454789871202079	0.693381996552407	-0.19319807847757	0.83620614843685	-0.241822216641012	0.515541520426115	-0.0528322188493137	0.76892198394967	0.200935151346298	1.39171946555567	-0.044637987330133	0.779499232676081	-0.165453878031052	1.29563005522723	0.0840715561140991
PRO152A	-0.160029982911123	-0.454789871202079	-0.429445449944302	-0.688216331057438	-0.345144165817869	0.0542450991345665	0.0126358215790715	-0.0528322188493137	0.226698472943347	-0.349332212661682	-0.46697264346719	-0.652247178337087	0.161489880873132	-0.931159034500337	0.198479497822044	-0.900060188986238
PRO153A	-1.09667605936152	-0.933642698552417	-1.42751429127471	-0.853222415250727	-0.881457108174807	-0.71792068830154	-1.49608127496206	-1.22101128007302	-1.29152735787436	-0.899599576669662	-0.512793751085326	-0.252271808657655	-0.456519470929817	-0.165453878031052	-0.715812633348947	-0.900060188986238
LEU194A	0.308293055314075	0.981768610848933	1.19241641721761	1.7868749318419	-0.654871742409014	-0.410511319454754	1.01844721927316	1.69943637298625	1.74492430376105	2.40200460737822	-0.4481742403418	-0.224184285078193	2.01551793628198	2.89736674784609	2.57563903886662	3.692554621482
ASN239A	0.308293055314075	-1.41249552590275	0.693381996552407	-1.18323458363731	-0.525133347494729	-0.71792068830154	0.0126358215790715	-1.22101128007302	0.660477281748406	-1.08302203133899	-0.337733621980139	-0.652247178337087	0.779499232676081	-0.931159034500337	0.747054776524639	-0.900060188986238
VAL274A	2.64990824644006	2.89717992025028	2.31524386371432	2.77691143700164	4.0559111039153	6.3829483742327	2.52716431581429	2.86761543420996	2.93781602797496	2.76884951671687	1.14029082375359	1.40771370676639	0.779499232676081	0.600251278438233	0.198479497822044	-0.243972358919347
PRO98A	0.308293055314075	0.981768610848933	0.319106181053504	0.301820174102298	0.702813150848923	1.59822742021001	0.0126358215790715	0.531257311762542	0.552032579547141	0.751202515354278	2.02616557103755	3.48288731348614	1.39750858447903	2.1316615913768	1.66134690769563	1.39624721624788
VAL97A	0.776616093539272	0.981768610848933	-0.1799282396117	0.466826258295587	-0.649389838398551	-0.339896862740675	0.0126358215790715	0.531257311762542	0.226698472943347	0.384357606015624	0.216819270218842	-0.277285515658433	0.779499232676081	0.600251278438233	0.381337924056243	0.412115471147545
ASP207A	-0.62835302113632	0.0240629561482582	-0.429445449944302	0.466826258295587	-0.704208878503179	-0.66221751902203	-0.490269877267972	-0.0528322188493137	-0.423969740264241	0.384357606015624	-0.593861864563566	-0.607112803592107	0.161489880873132	0.600251278438233	-0.532954207114749	-0.243972358919347
LEU206A	0.776616093539272	0.502915783498596	0.568623391386106	0.631832342488876	-0.831206321412232	-0.676992911912076	0.0126358215790715	-0.0528322188493137	0.118253770742083	0.384357606015624	-0.739549488785333	-0.652247178337087	-0.456519470929817	-0.931159034500337	-0.715812633348947	-0.900060188986238
PRO219A	-1.09667605936152	-0.454789871202079	-1.05323847577581	-0.19319807847757	-0.704208878503179	-0.5139566208225	-0.993175576115016	-0.636921749461169	-1.29152735787436	-0.899599576669662	-0.058107375489975	0.304938190264731	0.161489880873132	0.600251278438233	0.0156210715878461	1.06820330121444
VAL218A	1.24493913176447	1.93947426554961	0.942899206885009	1.95188101603519	0.352884944847719	0.854452329674408	1.01844721927316	1.69943637298625	1.52803489935852	2.58542706204754	1.66899591165516	2.12134980855499	2.01551793628198	2.89736674784609	2.39278061263242	4.02059853651545
GLN100A	-0.62835302113632	-0.933642698552417	-0.304686844778001	-0.688216331057438	0.405876683615525	-0.3144036710408	-0.490269877267972	-0.636921749461169	-0.64085914466677	-0.532754667331009	0.0864053485364543	-0.0903558393196314	-0.456519470929817	-0.165453878031052	-0.898671059583145	-0.572016273952792
ARG174A	-0.62835302113632	-0.454789871202079	-0.1799282396117	-0.19319807847757	-0.564420326236379	-0.459703626353469	-0.993175576115016	-0.636921749461169	-0.857748549069299	-0.349332212661682	-0.739549488785333	-0.652247178337087	-0.456519470929817	-0.931159034500337	-0.532954207114749	-0.900060188986238
ASN200A	-0.160029982911123	-0.933642698552417	-0.1799282396117	-0.19319807847757	-0.258347352318876	-0.487005008503286	0.0126358215790715	-0.636921749461169	0.118253770742083	-0.165909757992356	-0.281338412603971	-0.330700589291681	0.161489880873132	-0.165453878031052	0.929913202758837	0.74015938618099
LEU130A	0.776616093539272	0.981768610848933	-0.1799282396117	0.301820174102298	-0.0683080132895013	0.151181934407963	1.01844721927316	1.69943637298625	0.443587877345876	1.30146987936226	-0.739549488785333	-0.652247178337087	-1.07452882273277	-0.931159034500337	-0.898671059583145	-0.572016273952792
SER127A	0.308293055314075	0.502915783498596	-0.429445449944302	0.301820174102298	-0.0153162745216949	-0.06268809338996	1.01844721927316	1.1153468423744	0.552032579547141	0.751202515354278	-0.739549488785333	-0.652247178337087	-0.456519470929817	-0.931159034500337	-0.35009578088055	-0.900060188986238
LEU114A	-0.62835302113632	-0.454789871202079	0.0695889707209016	-0.0281919942842807	-0.680453961124507	-0.523761483434077	-0.490269877267972	-0.0528322188493137	-0.532414442465505	0.0175126966769709	-0.481071445811231	-0.38188342429732	0.161489880873132	0.600251278438233	-0.167237354646352	0.74015938618099
ALA276A	-0.160029982911123	-0.454789871202079	0.0695889707209016	0.136814089909009	-0.697813323824305	-0.71792068830154	-0.490269877267972	-1.22101128007302	0.118253770742083	-1.08302203133899	-0.739549488785333	-0.652247178337087	-1.07452882273277	-0.931159034500337	-0.898671059583145	-0.572016273952792
GLN136A	0.776616093539272	0.0240629561482582	0.818140601718708	-0.358204162670859	0.911125503246507	-0.215189641566138	1.5213529181202	0.531257311762542	1.63647960155979	-0.532754667331009	0.398928800496049	-0.652247178337087	0.161489880873132	-0.931159034500337	0.0156210715878461	-0.900060188986238
VAL272A	1.24493913176447	1.46062143819927	1.94096804821542	1.62186884764861	0.691849342827998	0.480339431706015	0.0126358215790715	-0.0528322188493137	0.226698472943347	0.0175126966769709	3.60758123396091	5.27070415090549	1.39750858447903	1.36595643490752	1.11277162899304	0.74015938618099
GLY266A	1.24493913176447	1.93947426554961	0.942899206885009	1.62186884764861	0.838033449773671	2.08302749951558	0.515541520426115	1.1153468423744	0.335143175144612	0.200935151346298	-0.739549488785333	-0.652247178337087	-0.456519470929817	-0.165453878031052	-0.167237354646352	-0.243972358919347
TYR103A	-0.160029982911123	-1.41249552590275	-0.304686844778001	-1.18323458363731	0.112594819055769	-0.71792068830154	0.0126358215790715	-1.22101128007302	-0.207080335861711	-1.08302203133899	-0.739549488785333	-0.652247178337087	-1.07452882273277	-0.931159034500337	-0.898671059583145	-0.572016273952792
ALA159A	0.308293055314075	0.981768610848933	1.06765781205131	1.29185667926203	-0.542492710194528	-0.349188819777102	0.0126358215790715	0.531257311762542	0.226698472943347	0.751202515354278	-0.229642804009151	0.145082204759194	1.39750858447903	2.1316615913768	1.66134690769563	1.72429113128133
THR125A	1.71326216998967	2.41832709289995	1.94096804821542	3.2719296895815	1.21902577850083	1.47105701754778	1.5213529181202	2.28352590359811	1.52803489935852	3.13569442605552	-0.0228603696298703	0.459271990293922	0.779499232676081	1.36595643490752	0.198479497822044	0.412115471147545
CYS275A	0.776616093539272	1.46062143819927	0.818140601718708	1.45686276345532	-0.54614731286817	-0.379998957991977	0.515541520426115	1.1153468423744	0.9858113883522	2.21858215270889	-0.451698940927811	-0.368699202735774	0.161489880873132	0.600251278438233	0.198479497822044	0.412115471147545
PRO151A	0.308293055314075	0.0240629561482582	-0.304686844778001	-0.688216331057438	0.474400483746309	0.719261371261001	1.01844721927316	0.531257311762542	0.552032579547141	-0.532754667331009	0.235617673344231	1.03884039502258	0.161489880873132	-0.165453878031052	0.747054776524639	-0.243972358919347
TYR220A	0.308293055314075	-0.454789871202079	0.942899206885009	-0.523210246864149	1.34054131739942	-0.705270284690251	0.515541520426115	-0.636921749461169	1.09425609055346	-0.532754667331009	0.615110436438025	-0.605617925395185	1.39750858447903	0.600251278438233	1.11277162899304	0.0840715561140991
CYS277A	0.776616093539272	0.502915783498596	0.0695889707209016	-0.688216331057438	-0.585434291609819	-0.619092608302878	0.515541520426115	0.531257311762542	0.118253770742083	-0.716177122000336	-0.739549488785333	-0.652247178337087	-1.07452882273277	-0.931159034500337	-0.898671059583145	-0.572016273952792
PRO278A	2.18158520821486	2.41832709289995	1.44193362755021	2.28189318442177	0.662612521438863	0.940469157321105	2.52716431581429	2.86761543420996	2.28714781476737	2.21858215270889	0.131051555959254	-0.148651246564538	0.161489880873132	-0.165453878031052	0.0156210715878461	-0.243972358919347
ARG110A	-0.160029982911123	-1.41249552590275	0.319106181053504	-1.18323458363731	-0.789178390665351	-0.71792068830154	0.0126358215790715	-1.22101128007302	-0.0986356336604467	-1.08302203133899	-0.515143551475999	-0.652247178337087	0.161489880873132	-0.931159034500337	0.198479497822044	-0.900060188986238
GLN104A	-0.62835302113632	-0.933642698552417	-0.304686844778001	-1.18323458363731	-0.779128233312836	-0.713455839968144	-0.490269877267972	-0.636921749461169	-0.423969740264241	-1.08302203133899	-0.638508071986366	-0.652247178337087	-0.456519470929817	-0.931159034500337	-0.35009578088055	-0.900060188986238
ASN131A	-0.62835302113632	-0.454789871202079	-0.554204055110603	-0.688216331057438	0.240505912633233	0.51140088616017	0.0126358215790715	-0.0528322188493137	-0.0986356336604467	-0.532754667331009	0.703227951088287	1.05956450744121	0.779499232676081	0.600251278438233	0.747054776524639	-0.243972358919347
PHE270A	1.24493913176447	0.0240629561482582	1.31717502238391	0.301820174102298	4.04037904255232	0.289894242993884	1.5213529181202	0.531257311762542	1.31114549495599	0.567780060684951	6.12186765198172	-0.569350728662594	2.63352728808493	0.600251278438233	2.20992218639823	0.0840715561140991
GLY244A	-0.62835302113632	0.0240629561482582	-1.05323847577581	-0.19319807847757	-0.528787950168371	-0.497876716663092	-0.490269877267972	-0.0528322188493137	-0.749303846868034	0.0175126966769709	-0.398828432137654	-0.430955990236384	-0.456519470929817	-0.165453878031052	-0.715812633348947	-0.243972358919347
GLY245A	0.776616093539272	1.46062143819927	0.568623391386106	1.12685059506874	0.425063347652145	0.928758027541707	0.515541520426115	1.1153468423744	0.552032579547141	1.66831478870091	-0.717226385073933	-0.612871364741703	-0.456519470929817	-0.165453878031052	0.0156210715878461	0.412115471147545
THR253A	0.308293055314075	0.981768610848933	1.19241641721761	0.961844510875455	1.47484796565576	1.2463791109501	0.0126358215790715	0.531257311762542	0.335143175144612	0.384357606015624	0.8759382798028	0.908298013994721	0.161489880873132	0.600251278438233	0.198479497822044	0.74015938618099
PRO223A	-0.160029982911123	0.502915783498596	-0.554204055110603	0.136814089909009	-0.095717533341815	0.382645655404723	0.0126358215790715	0.531257311762542	-0.0986356336604467	0.200935151346298	-0.739549488785333	-0.652247178337087	-1.07452882273277	-0.931159034500337	-0.898671059583145	-0.572016273952792
LYS132A	-0.62835302113632	-0.454789871202079	-0.304686844778001	-0.523210246864149	1.30216798932618	1.77154878172431	-0.490269877267972	-0.0528322188493137	-0.532414442465505	0.0175126966769709	1.00165260070384	1.51284404200216	-0.456519470929817	-0.165453878031052	-0.715812633348947	-0.572016273952792
ARG283A	-1.09667605936152	-0.933642698552417	-0.803721265443205	-1.18323458363731	-0.881457108174807	-0.71792068830154	-1.49608127496206	-1.22101128007302	-1.29152735787436	-0.899599576669662	-0.0628069762713223	-0.652247178337087	-0.456519470929817	-0.931159034500337	-0.898671059583145	-0.900060188986238
GLU287A	-1.09667605936152	-0.933642698552417	-1.67703150160731	-1.18323458363731	-0.881457108174807	-0.71792068830154	-1.49608127496206	-1.22101128007302	-1.29152735787436	-0.899599576669662	-0.739549488785333	-0.652247178337087	-1.07452882273277	-0.931159034500337	-0.898671059583145	-0.572016273952792
ALA138A	-0.160029982911123	0.0240629561482582	-0.1799282396117	-0.523210246864149	-0.793746644007403	-0.61479514761401	0.0126358215790715	-0.0528322188493137	-0.315525038062976	-0.716177122000336	-0.739549488785333	-0.652247178337087	-1.07452882273277	-0.931159034500337	-0.898671059583145	-0.572016273952792
LEU137A	0.308293055314075	0.502915783498596	0.818140601718708	0.136814089909009	-0.430113677980042	-0.518974991438926	0.515541520426115	0.531257311762542	1.20270079275473	0.384357606015624	-0.476371845029884	-0.375218306641046	-0.456519470929817	-0.165453878031052	-0.167237354646352	0.412115471147545
SER96A	0.308293055314075	-1.41249552590275	-0.1799282396117	-1.18323458363731	-0.704208878503179	-0.71792068830154	-0.490269877267972	-1.22101128007302	-0.0986356336604467	-1.08302203133899	-0.511618850889989	-0.652247178337087	0.779499232676081	-0.931159034500337	0.747054776524639	-0.900060188986238
GLY154A	-1.09667605936152	-0.454789871202079	-1.05323847577581	-0.19319807847757	-0.705122529171589	-0.430682112186395	-0.993175576115016	-0.636921749461169	-0.64085914466677	0.0175126966769709	-0.739549488785333	-0.652247178337087	-1.07452882273277	-0.931159034500337	-0.898671059583145	-0.572016273952792
PRO191A	-0.62835302113632	-0.454789871202079	-0.1799282396117	-0.19319807847757	-0.0911492799997627	-0.71792068830154	-0.993175576115016	-1.22101128007302	-0.749303846868034	-1.08302203133899	-0.739549488785333	-0.652247178337087	-1.07452882273277	-0.931159034500337	-0.898671059583145	-0.572016273952792
PHE113A	-0.160029982911123	-0.454789871202079	-0.1799282396117	-0.523210246864149	1.61280921658574	2.03540245062602	0.0126358215790715	-0.0528322188493137	0.00980906854081792	-0.349332212661682	2.4679280444842	3.18171361910825	0.779499232676081	0.600251278438233	0.747054776524639	0.0840715561140991
ILE251A	0.776616093539272	0.502915783498596	1.31717502238391	1.62186884764861	0.665353473444095	0.556793510883029	1.01844721927316	1.1153468423744	1.20270079275473	1.66831478870091	0.283788581353041	1.12277305031801	0.161489880873132	0.600251278438233	0.564196350290441	1.72429113128133
VAL172A	-0.160029982911123	0.502915783498596	0.568623391386106	1.45686276345532	-0.0509486505897027	0.63492835671746	-0.490269877267972	-0.0528322188493137	-0.0986356336604467	0.384357606015624	1.51743378645671	2.73435611838822	0.161489880873132	0.600251278438233	0.381337924056243	0.74015938618099
ARG290A	-1.56499909758672	-0.933642698552417	-1.67703150160731	-1.01822849944402	-0.881457108174807	-0.71792068830154	-1.49608127496206	-1.22101128007302	-1.29152735787436	-0.899599576669662	-0.739549488785333	-0.652247178337087	-1.07452882273277	-0.931159034500337	-0.898671059583145	-0.572016273952792
GLY262A	-0.160029982911123	0.502915783498596	-0.803721265443205	-0.19319807847757	-0.52604699816314	-0.348082418018568	-0.490269877267972	-0.0528322188493137	-0.64085914466677	-0.349332212661682	-0.739549488785333	-0.652247178337087	-1.07452882273277	-0.931159034500337	-0.898671059583145	-0.572016273952792
SER261A	-0.160029982911123	-1.41249552590275	-1.05323847577581	-1.18323458363731	-0.881457108174807	-0.71792068830154	-0.993175576115016	-1.22101128007302	-1.07463795347183	-1.08302203133899	-0.739549488785333	-0.652247178337087	-1.07452882273277	-0.931159034500337	-0.898671059583145	-0.572016273952792
GLU204A	-0.160029982911123	-0.933642698552417	0.0695889707209016	-1.01822849944402	-0.816587910717665	-0.707108751986976	0.0126358215790715	-0.636921749461169	0.226698472943347	-0.716177122000336	-0.656131574916418	-0.637191720665432	0.161489880873132	-0.165453878031052	0.564196350290441	-0.243972358919347
LEU257A	-0.62835302113632	-0.454789871202079	0.443864786219805	-0.0281919942842807	2.55569670638533	1.9958288235776	0.0126358215790715	-0.0528322188493137	0.443587877345876	0.200935151346298	1.36469676106292	2.4178432977015	-0.456519470929817	-0.165453878031052	-0.167237354646352	-0.243972358919347
ASP259A	0.308293055314075	0.502915783498596	-0.678962660276904	-0.688216331057438	-0.175205141493525	-0.616973627259817	-0.490269877267972	-0.636921749461169	-0.64085914466677	-0.716177122000336	0.0464587418950023	-0.652247178337087	-0.456519470929817	-0.931159034500337	-0.532954207114749	-0.900060188986238
ILE232A	0.308293055314075	0.0240629561482582	1.19241641721761	1.29185667926203	0.33461193147951	-0.237949492461466	0.515541520426115	0.531257311762542	1.09425609055346	1.48489233403158	-0.320110119050087	-0.282321771664659	-0.456519470929817	-0.165453878031052	-0.167237354646352	0.0840715561140991
LEU145A	0.308293055314075	0.981768610848933	1.19241641721761	1.95188101603519	-0.276620365687085	-0.225299088850177	0.515541520426115	1.1153468423744	1.09425609055346	1.85173724337024	-0.320110119050087	-0.282321771664659	-0.456519470929817	-0.165453878031052	-0.167237354646352	0.0840715561140991
SER185A	-0.160029982911123	-0.454789871202079	-0.304686844778001	-0.0281919942842807	-0.704208878503179	-0.429193829408596	-0.490269877267972	-0.636921749461169	-0.315525038062976	-0.532754667331009	-0.511618850889989	-0.250199397415793	0.161489880873132	-0.165453878031052	0.0156210715878461	-0.572016273952792
HIS193A	0.308293055314075	0.981768610848933	0.443864786219805	0.961844510875455	-0.462091451374408	-0.195019570445787	0.515541520426115	1.1153468423744	0.443587877345876	0.934624970023604	-0.200270299125731	0.0758847137953333	0.161489880873132	0.600251278438233	-0.167237354646352	0.412115471147545
HIS214A	0.308293055314075	0.502915783498596	0.0695889707209016	0.136814089909009	-0.0463803972476504	-0.0113927968076435	1.01844721927316	1.1153468423744	0.118253770742083	0.384357606015624	-0.155624091702931	-0.140618475259836	0.779499232676081	0.600251278438233	0.564196350290441	0.0840715561140991
ASN263A	-0.62835302113632	-0.454789871202079	-1.05323847577581	-0.688216331057438	-0.68776316647179	-0.664086340452201	0.0126358215790715	-0.0528322188493137	-0.857748549069299	-0.899599576669662	-0.739549488785333	-0.652247178337087	-1.07452882273277	-0.931159034500337	-0.898671059583145	-0.572016273952792
THR123A	-0.62835302113632	0.0240629561482582	-0.304686844778001	0.136814089909009	-0.511428587468572	-0.432117039473453	-0.490269877267972	-0.0528322188493137	-0.315525038062976	0.0175126966769709	-0.4704973440532	-0.383189046545413	-0.456519470929817	-0.165453878031052	-0.35009578088055	0.0840715561140991
TYR107A	-0.160029982911123	-0.933642698552417	-0.1799282396117	-1.01822849944402	-0.732532049223903	-0.67450751350397	0.0126358215790715	-0.636921749461169	-0.207080335861711	-0.716177122000336	-0.739549488785333	-0.652247178337087	-0.456519470929817	-0.931159034500337	-0.35009578088055	-0.900060188986238
VAL122A	0.776616093539272	0.981768610848933	1.19241641721761	1.62186884764861	-0.293979728386884	-0.0113777401889716	0.515541520426115	0.531257311762542	0.9858113883522	1.30146987936226	-0.302486616120034	0.0392314334521416	0.161489880873132	0.600251278438233	0.198479497822044	1.06820330121444
THR170A	-0.62835302113632	-0.933642698552417	-0.429445449944302	-1.01822849944402	-0.705122529171589	-0.71792068830154	-0.490269877267972	-1.22101128007302	-0.0986356336604467	-1.08302203133899	-0.739549488785333	-0.652247178337087	-1.07452882273277	-0.931159034500337	-0.898671059583145	-0.572016273952792
CYS182A	-0.160029982911123	0.0240629561482582	-1.17799708094211	-0.358204162670859	-0.881457108174807	-0.71792068830154	-1.49608127496206	-1.22101128007302	-1.29152735787436	-0.899599576669662	-0.739549488785333	-0.652247178337087	-1.07452882273277	-0.931159034500337	-0.898671059583145	-0.572016273952792
VAL157A	2.18158520821486	1.93947426554961	1.81620944304912	1.62186884764861	2.31540658059338	2.82716888841492	2.02425861696725	1.69943637298625	1.85336900596232	1.11804742469293	0.590437532335952	0.087603635007769	2.01551793628198	1.36595643490752	1.66134690769563	0.0840715561140991
LEU111A	2.18158520821486	2.41832709289995	1.94096804821542	2.11688710022848	0.81610583373182	1.99298639145876	1.5213529181202	2.28352590359811	1.41959019715726	2.03515969803956	1.46691307805722	3.23974113388039	1.39750858447903	2.1316615913768	1.47848848146143	0.74015938618099
HIS115A	-1.56499909758672	-1.41249552590275	-1.30275568610841	-1.18323458363731	-0.881457108174807	-0.71792068830154	-1.49608127496206	-1.22101128007302	-1.29152735787436	-0.899599576669662	-0.739549488785333	-0.652247178337087	-1.07452882273277	-0.931159034500337	-0.898671059583145	-0.572016273952792
SER116A	0.308293055314075	0.502915783498596	-0.0551696344453993	0.466826258295587	-0.875975204164344	-0.708990991634748	-0.490269877267972	-0.0528322188493137	-0.207080335861711	0.200935151346298	-0.739549488785333	-0.652247178337087	-1.07452882273277	-0.931159034500337	-0.898671059583145	-0.572016273952792
ALA119A	-0.160029982911123	-0.454789871202079	-0.0551696344453993	-1.01822849944402	-0.704208878503179	-0.616027900752998	-0.490269877267972	-0.636921749461169	-0.64085914466677	-0.716177122000336	-0.739549488785333	-0.652247178337087	-1.07452882273277	-0.931159034500337	-0.898671059583145	-0.572016273952792
THR118A	-0.62835302113632	-0.454789871202079	-0.429445449944302	-0.523210246864149	-0.50686033412652	-0.503356778961275	0.0126358215790715	-0.0528322188493137	-0.423969740264241	-0.349332212661682	-0.398828432137654	-0.406392674452507	-0.456519470929817	-0.165453878031052	-0.898671059583145	-0.572016273952792
VAL143A	0.308293055314075	0.981768610848933	1.31717502238391	1.7868749318419	-0.431027328648452	-0.0727501041258124	0.0126358215790715	0.531257311762542	0.335143175144612	0.934624970023604	-0.645557473158387	-0.569350728662594	-0.456519470929817	-0.165453878031052	0.0156210715878461	-0.243972358919347
GLU285A	0.308293055314075	0.0240629561482582	0.443864786219805	-0.19319807847757	0.333698280811099	-0.301189357340602	0.515541520426115	0.531257311762542	0.226698472943347	0.200935151346298	-0.739549488785333	-0.652247178337087	-0.456519470929817	-0.165453878031052	-0.35009578088055	-0.243972358919347
THR284A	-0.62835302113632	0.0240629561482582	-0.928479870609506	-0.358204162670859	-0.881457108174807	-0.71792068830154	-1.49608127496206	-1.22101128007302	-1.29152735787436	-0.899599576669662	-0.697253081753207	-0.577640373630043	-0.456519470929817	-0.165453878031052	-0.898671059583145	-0.900060188986238
GLY108A	1.24493913176447	1.46062143819927	0.568623391386106	0.301820174102298	-0.0838400746524791	0.482178663397105	1.5213529181202	1.69943637298625	0.9858113883522	0.200935151346298	-0.0816053793967114	0.46892730351044	0.161489880873132	-0.165453878031052	0.564196350290441	-0.243972358919347
ALA129A	-0.160029982911123	0.0240629561482582	-0.678962660276904	0.136814089909009	-0.860443142801367	-0.700805436356855	-0.490269877267972	-0.636921749461169	-0.64085914466677	-0.716177122000336	-0.739549488785333	-0.652247178337087	-1.07452882273277	-0.931159034500337	-0.898671059583145	-0.572016273952792
CYS135A	0.776616093539272	0.981768610848933	1.94096804821542	1.95188101603519	-0.358848925844026	-0.525544087021176	1.01844721927316	1.1153468423744	2.07025841036485	1.66831478870091	-0.454048741318485	-0.652247178337087	0.779499232676081	0.600251278438233	0.198479497822044	-0.572016273952792
ARG280A	-0.160029982911123	-0.454789871202079	-0.0551696344453993	-0.358204162670859	-0.72705014521344	-0.525789485240561	-0.993175576115016	-0.636921749461169	-0.966193251270564	-0.532754667331009	-0.697253081753207	-0.652247178337087	-0.456519470929817	-0.931159034500337	-0.898671059583145	-0.900060188986238
ASP186A	-0.160029982911123	0.0240629561482582	-0.803721265443205	-0.358204162670859	-0.0829264239840686	0.361907207949347	-0.490269877267972	-0.0528322188493137	-0.749303846868034	-0.349332212661682	0.287313281939051	0.85139682322618	0.161489880873132	0.600251278438233	-0.35009578088055	-0.243972358919347
SER95A	-1.09667605936152	-0.454789871202079	-0.928479870609506	-0.358204162670859	-0.881457108174807	-0.71792068830154	-1.49608127496206	-1.22101128007302	-1.29152735787436	-0.899599576669662	-0.511618850889989	-0.250199397415793	-0.456519470929817	-0.165453878031052	-0.532954207114749	-0.243972358919347
SER215A	-0.62835302113632	-0.933642698552417	0.0695889707209016	-0.688216331057438	-0.367985432528131	-0.462639453118041	-0.490269877267972	-0.636921749461169	-0.315525038062976	-0.349332212661682	-0.739549488785333	-0.652247178337087	-1.07452882273277	-0.931159034500337	-0.898671059583145	-0.572016273952792
HIS168A	-0.62835302113632	-0.454789871202079	-1.17799708094211	-0.523210246864149	-0.207182914887891	-0.271896412600608	-0.490269877267972	-0.636921749461169	-0.532414442465505	-0.165909757992356	-0.0816053793967114	-0.0311651253193665	-0.456519470929817	-0.165453878031052	-0.167237354646352	0.412115471147545
GLU286A	-0.62835302113632	-0.454789871202079	-0.429445449944302	-0.0281919942842807	-0.592743496957103	-0.496057553850764	-0.490269877267972	-0.636921749461169	-0.315525038062976	-0.349332212661682	-0.269589410650603	-0.440459851695671	-0.456519470929817	-0.165453878031052	-0.35009578088055	0.0840715561140991
SER240A	-0.62835302113632	-0.454789871202079	0.319106181053504	0.466826258295587	0.0723941896457089	0.154213019488486	0.0126358215790715	-0.0528322188493137	0.660477281748406	0.567780060684951	0.487046315146311	0.562185809394246	0.779499232676081	0.600251278438233	1.29563005522723	0.412115471147545
SER269A	-1.56499909758672	-1.41249552590275	-1.55227289644101	-1.18323458363731	-0.704208878503179	-0.71792068830154	-0.993175576115016	-1.22101128007302	-1.07463795347183	-1.08302203133899	-0.511618850889989	-0.652247178337087	-0.456519470929817	-0.931159034500337	-0.532954207114749	-0.900060188986238
SER149A	-0.62835302113632	-0.933642698552417	-0.803721265443205	-1.01822849944402	-0.673144755777223	-0.649459680522801	0.0126358215790715	-0.636921749461169	-0.0986356336604467	-0.899599576669662	-0.739549488785333	-0.652247178337087	-1.07452882273277	-0.931159034500337	-0.898671059583145	-0.572016273952792
LYS120A	-0.160029982911123	-1.41249552590275	-0.1799282396117	-1.18323458363731	-0.704208878503179	-0.71792068830154	-0.490269877267972	-1.22101128007302	-0.532414442465505	-1.08302203133899	-0.739549488785333	-0.652247178337087	-1.07452882273277	-0.931159034500337	-0.898671059583145	-0.572016273952792
GLN167A	-1.56499909758672	-1.41249552590275	-1.55227289644101	-1.18323458363731	-0.881457108174807	-0.71792068830154	-1.49608127496206	-1.22101128007302	-1.29152735787436	-0.899599576669662	-0.739549488785333	-0.652247178337087	-1.07452882273277	-0.931159034500337	-0.898671059583145	-0.572016273952792
SER99A	-0.160029982911123	0.0240629561482582	-0.304686844778001	-0.688216331057438	-0.722481891871388	-0.653135240279619	-0.490269877267972	-0.636921749461169	-0.749303846868034	-0.716177122000336	-0.739549488785333	-0.652247178337087	-1.07452882273277	-0.931159034500337	-0.898671059583145	-0.572016273952792
SER121A	-0.160029982911123	-0.454789871202079	-0.0551696344453993	-0.688216331057438	-0.704208878503179	-0.678481194689875	0.0126358215790715	-0.636921749461169	0.552032579547141	-0.532754667331009	-0.739549488785333	-0.652247178337087	-1.07452882273277	-0.931159034500337	-0.898671059583145	-0.572016273952792
THR150A	-1.56499909758672	-0.933642698552417	-1.30275568610841	-0.853222415250727	-0.704208878503179	-0.608776941731252	-0.993175576115016	-0.636921749461169	-0.857748549069299	-0.532754667331009	-0.739549488785333	-0.652247178337087	-1.07452882273277	-0.931159034500337	-0.898671059583145	-0.572016273952792
PRO177A	-0.62835302113632	0.0240629561482582	-0.803721265443205	-0.0281919942842807	-0.177946093498756	0.141021875289514	-0.490269877267972	-0.0528322188493137	-0.532414442465505	0.200935151346298	0.165123661624022	0.543817340754561	0.161489880873132	0.600251278438233	-0.167237354646352	0.74015938618099
ASP228A	-0.160029982911123	-1.41249552590275	-0.554204055110603	-1.18323458363731	0.677230932133431	-0.71792068830154	0.0126358215790715	-1.22101128007302	-0.423969740264241	-1.08302203133899	1.23545773957587	-0.652247178337087	0.161489880873132	-0.931159034500337	-0.167237354646352	-0.900060188986238
THR155A	1.24493913176447	1.46062143819927	0.818140601718708	1.29185667926203	-0.287584173708011	-0.0824239421815038	2.02425861696725	2.28352590359811	1.20270079275473	1.30146987936226	-0.202620099516404	0.232672421938133	2.63352728808493	3.66307190431537	2.20992218639823	2.38037896134822
GLY279A	1.71326216998967	2.41832709289995	0.693381996552407	1.7868749318419	-0.374380987207004	-0.101887787830642	0.515541520426115	1.1153468423744	-0.207080335861711	0.0175126966769709	-0.0628069762713223	0.541461696975622	-0.456519470929817	-0.165453878031052	-0.898671059583145	-0.900060188986238
GLY117A	-0.160029982911123	0.502915783498596	0.0695889707209016	1.12685059506874	0.103458312371664	0.158236653707008	0.0126358215790715	0.531257311762542	0.226698472943347	1.30146987936226	-0.398828432137654	-0.297102422081589	-0.456519470929817	-0.165453878031052	-0.898671059583145	-0.572016273952792
VAL147A	0.308293055314075	0.502915783498596	0.0695889707209016	-0.358204162670859	-0.704208878503179	-0.467145040242463	0.515541520426115	0.531257311762542	0.226698472943347	-0.532754667331009	-0.327159520222108	0.057553672000765	0.161489880873132	0.600251278438233	0.198479497822044	0.412115471147545
PRO222A	-0.160029982911123	-0.933642698552417	-0.554204055110603	-1.18323458363731	-0.881457108174807	-0.71792068830154	-0.993175576115016	-1.22101128007302	-0.966193251270564	-1.08302203133899	-0.495170248155273	-0.250199397415793	0.161489880873132	-0.165453878031052	0.0156210715878461	-0.900060188986238
ARG248A	-1.09667605936152	-0.933642698552417	-1.30275568610841	-1.18323458363731	-0.704208878503179	-0.52593220996551	-0.490269877267972	-0.636921749461169	-0.857748549069299	-1.08302203133899	-0.587987363586882	-0.384906128136845	-0.456519470929817	-0.165453878031052	-0.898671059583145	-0.900060188986238
ASN247A	-1.09667605936152	-1.41249552590275	-1.05323847577581	-1.18323458363731	-0.763596171949858	-0.71792068830154	-0.993175576115016	-1.22101128007302	-1.18308265567309	-1.08302203133899	-0.587987363586882	-0.652247178337087	-0.456519470929817	-0.931159034500337	-0.898671059583145	-0.900060188986238
ASP148A	-1.09667605936152	-0.933642698552417	-0.554204055110603	-0.358204162670859	-0.704208878503179	-0.647026547760112	-0.490269877267972	-0.636921749461169	-0.315525038062976	-0.165909757992356	-0.739549488785333	-0.652247178337087	-1.07452882273277	-0.931159034500337	-0.898671059583145	-0.572016273952792
SER227A	-0.62835302113632	-0.454789871202079	-0.928479870609506	-0.523210246864149	0.342834787495204	0.419127353936651	0.0126358215790715	-0.0528322188493137	-0.423969740264241	-0.532754667331009	0.158074260452001	0.931075010445743	0.161489880873132	0.600251278438233	-0.167237354646352	-0.243972358919347
SER183A	-1.56499909758672	-1.41249552590275	-1.55227289644101	-1.18323458363731	-0.881457108174807	-0.71792068830154	-1.49608127496206	-1.22101128007302	-1.29152735787436	-0.899599576669662	-0.739549488785333	-0.652247178337087	-1.07452882273277	-0.931159034500337	-0.898671059583145	-0.572016273952792
GLU180A	-1.56499909758672	-0.933642698552417	-1.42751429127471	-0.853222415250727	-0.704208878503179	-0.525570605806708	-0.993175576115016	-0.636921749461169	-1.18308265567309	-0.899599576669662	-0.511618850889989	-0.38440259981885	-0.456519470929817	-0.165453878031052	-0.715812633348947	-0.572016273952792
ASN210A	-1.09667605936152	-1.41249552590275	-0.928479870609506	-1.18323458363731	-0.881457108174807	-0.71792068830154	-1.49608127496206	-1.22101128007302	-1.29152735787436	-0.899599576669662	-0.739549488785333	-0.652247178337087	-1.07452882273277	-0.931159034500337	-0.898671059583145	-0.572016273952792
MET160A	1.24493913176447	0.0240629561482582	1.06765781205131	0.631832342488876	-0.452954944690303	-0.149396667182444	1.01844721927316	0.531257311762542	1.09425609055346	0.934624970023604	-0.471672244248537	-0.314444145913526	2.01551793628198	0.600251278438233	2.20992218639823	0.412115471147545
GLY226A	-1.09667605936152	-0.454789871202079	-1.42751429127471	-0.688216331057438	-0.355194323170384	0.1393301917105	-0.993175576115016	-0.636921749461169	-1.07463795347183	-0.716177122000336	-0.739549488785333	-0.652247178337087	-1.07452882273277	-0.931159034500337	-0.898671059583145	-0.572016273952792
THR102A	-1.09667605936152	-0.454789871202079	-0.928479870609506	-0.688216331057438	-0.704208878503179	-0.429193829408596	-0.993175576115016	-0.636921749461169	-0.966193251270564	-0.716177122000336	-0.739549488785333	-0.652247178337087	-1.07452882273277	-0.931159034500337	-0.898671059583145	-0.572016273952792
GLY199A	-1.09667605936152	-0.454789871202079	-1.17799708094211	-0.688216331057438	-0.382603843222698	0.0946817083765391	-0.490269877267972	-0.0528322188493137	-0.749303846868034	-0.532754667331009	-0.739549488785333	-0.652247178337087	-1.07452882273277	-0.931159034500337	-0.898671059583145	-0.572016273952792
MET169A	-0.160029982911123	-0.454789871202079	-0.304686844778001	-1.01822849944402	-0.347885117823101	-0.220834240516781	0.515541520426115	-0.0528322188493137	0.335143175144612	-0.899599576669662	-0.739549488785333	-0.652247178337087	-1.07452882273277	-0.931159034500337	-0.898671059583145	-0.572016273952792
ASN288A	-1.56499909758672	-0.933642698552417	-1.55227289644101	-0.853222415250727	-0.881457108174807	-0.71792068830154	-1.49608127496206	-1.22101128007302	-1.29152735787436	-0.899599576669662	-0.739549488785333	-0.652247178337087	-1.07452882273277	-0.931159034500337	-0.898671059583145	-0.572016273952792
GLU224A	-1.56499909758672	-1.41249552590275	-1.67703150160731	-1.18323458363731	-0.881457108174807	-0.71792068830154	-1.49608127496206	-1.22101128007302	-1.29152735787436	-0.899599576669662	-0.739549488785333	-0.652247178337087	-1.07452882273277	-0.931159034500337	-0.898671059583145	-0.572016273952792
VAL225A	-1.09667605936152	-0.454789871202079	-1.67703150160731	-1.01822849944402	-0.881457108174807	-0.71792068830154	-1.49608127496206	-1.22101128007302	-1.29152735787436	-0.899599576669662	-0.739549488785333	-0.652247178337087	-1.07452882273277	-0.931159034500337	-0.898671059583145	-0.572016273952792
MET243A	-1.56499909758672	-1.41249552590275	-1.55227289644101	-1.18323458363731	-0.881457108174807	-0.71792068830154	-1.49608127496206	-1.22101128007302	-1.29152735787436	-0.899599576669662	-0.739549488785333	-0.652247178337087	-1.07452882273277	-0.931159034500337	-0.898671059583145	-0.572016273952792
ARG202A	-1.56499909758672	-0.933642698552417	-1.67703150160731	-1.01822849944402	-0.704208878503179	-0.633157896887637	-0.993175576115016	-0.636921749461169	-1.29152735787436	-0.899599576669662	-0.511618850889989	-0.534216274238587	-0.456519470929817	-0.165453878031052	-0.715812633348947	-0.243972358919347
SER260A	-1.09667605936152	-0.933642698552417	-1.17799708094211	-1.18323458363731	-0.881457108174807	-0.71792068830154	-1.49608127496206	-1.22101128007302	-1.29152735787436	-0.899599576669662	-0.739549488785333	-0.652247178337087	-1.07452882273277	-0.931159034500337	-0.898671059583145	-0.572016273952792
GLN165A	-1.09667605936152	-0.454789871202079	-1.30275568610841	-0.688216331057438	-0.704208878503179	-0.441100091630986	-0.490269877267972	-0.0528322188493137	-0.749303846868034	-0.349332212661682	-0.739549488785333	-0.652247178337087	-1.07452882273277	-0.931159034500337	-0.898671059583145	-0.572016273952792
LEU289A	-1.09667605936152	-0.454789871202079	-0.928479870609506	-0.19319807847757	-0.704208878503179	-0.573557258855068	-0.490269877267972	-0.0528322188493137	-0.64085914466677	0.0175126966769709	-0.739549488785333	-0.652247178337087	-1.07452882273277	-0.931159034500337	-0.898671059583145	-0.572016273952792
SER166A	-1.56499909758672	-1.41249552590275	-1.42751429127471	-1.18323458363731	-0.704208878503179	-0.71792068830154	-0.993175576115016	-1.22101128007302	-0.966193251270564	-1.08302203133899	-0.739549488785333	-0.652247178337087	-1.07452882273277	-0.931159034500337	-0.898671059583145	-0.572016273952792
MET133A	-1.09667605936152	-0.454789871202079	-0.803721265443205	-0.19319807847757	0.658957918765222	1.79132407506703	-0.490269877267972	-0.0528322188493137	-0.749303846868034	-0.349332212661682	0.294362683111072	1.17147471450177	-0.456519470929817	-0.165453878031052	-0.532954207114749	-0.243972358919347
PHE212A	-1.56499909758672	-1.41249552590275	-1.17799708094211	-1.18323458363731	-0.881457108174807	-0.71792068830154	-1.49608127496206	-1.22101128007302	-1.29152735787436	-0.899599576669662	-0.739549488785333	-0.652247178337087	-1.07452882273277	-0.931159034500337	-0.898671059583145	-0.572016273952792
SER241A	-1.09667605936152	-0.454789871202079	-0.678962660276904	-0.523210246864149	-0.881457108174807	-0.71792068830154	-1.49608127496206	-1.22101128007302	-1.29152735787436	-0.899599576669662	-0.565664259875483	-0.345530314541461	-0.456519470929817	-0.165453878031052	-0.532954207114749	-0.900060188986238
ARG209A	-1.56499909758672	-1.41249552590275	-1.55227289644101	-1.18323458363731	-0.881457108174807	-0.71792068830154	-1.49608127496206	-1.22101128007302	-1.29152735787436	-0.899599576669662	-0.739549488785333	-0.652247178337087	-1.07452882273277	-0.931159034500337	-0.898671059583145	-0.572016273952792
SER94A	-2.03332213581191	-1.41249552590275	-1.80179010677361	-1.18323458363731	-0.881457108174807	-0.71792068830154	-1.49608127496206	-1.22101128007302	-1.29152735787436	-0.899599576669662	-0.739549488785333	-0.652247178337087	-1.07452882273277	-0.931159034500337	-0.898671059583145	-0.572016273952792
LEU201A	-2.03332213581191	-1.41249552590275	-1.80179010677361	-1.18323458363731	-0.881457108174807	-0.71792068830154	-1.49608127496206	-1.22101128007302	-1.29152735787436	-0.899599576669662	-0.739549488785333	-0.652247178337087	-1.07452882273277	-0.931159034500337	-0.898671059583145	-0.572016273952792
LYS291A	-2.03332213581191	-1.41249552590275	-1.80179010677361	-1.18323458363731	-0.881457108174807	-0.71792068830154	-1.49608127496206	-1.22101128007302	-1.29152735787436	-0.899599576669662	-0.739549488785333	-0.652247178337087	-1.07452882273277	-0.931159034500337	-0.898671059583145	-0.572016273952792
LYS292A	-2.03332213581191	-1.41249552590275	-1.80179010677361	-1.18323458363731	-0.881457108174807	-0.71792068830154	-1.49608127496206	-1.22101128007302	-1.29152735787436	-0.899599576669662	-0.739549488785333	-0.652247178337087	-1.07452882273277	-0.931159034500337	-0.898671059583145	-0.572016273952792
