Degree	Degree_sidechain	SecondOrderDegree	SecondOrderDegree_sidechain	NodeEdgeBetweennessSTRIDE	NodeEdgeBetweennessSTRIDE_sidechain	IntermodularDegreeSTRIDE	IntermodularDegreeSTRIDE_sidechain	SecondOrderIntermodularDegreeSTRIDE	SecondOrderIntermodularDegreeSTRIDE_sidechain	NodeEdgeBetweennessWALKTRAP	NodeEdgeBetweennessWALKTRAP_sidechain	IntermodularDegreeWALKTRAP	IntermodularDegreeWALKTRAP_sidechain	SecondOrderIntermodularDegreeWALKTRAP	SecondOrderIntermodularDegreeWALKTRAP_sidechain
CYS229A	5	4	17	11	738	316.361313323054	5	4	15	10	437	301.044298896794	3	3	6	4
TRP146A	8	5	23	9	1402	867.461749733819	6	4	19	7	1903	867.461749733819	6	4	7	3
ARG196A	7	5	26	13	350	223.833114729403	6	5	23	12	290	213.863173985408	3	3	6	4
ASP184A	5	5	13	10	184	42.236424240764	3	3	11	9	184	42.236424240764	4	4	7	5
GLY108A	9	8	24	15	425	386.277498948814	8	7	28	15	219	219	3	3	9	5
TYR107A	8	2	25	2	351	33.8808453729609	7	2	29	2	129	33.8808453729609	2	2	2	2
ARG175A	7	6	21	12	2802	2770.53513817821	7	6	28	11	1635	1603.53513817821	5	4	16	5
HIS179A	7	4	20	7	2716	26.7144972340961	7	4	32	9	1346	10.5	4	2	13	2
GLY279A	7	7	24	19	277	183.637178434855	3	3	10	7	14	14	3	3	6	3
THR118A	7	5	16	12	1876	844.36412907643	7	5	16	10	1133	758.682543873054	3	3	6	3
PRO128A	5	5	12	8	649	649	4	4	13	7	1	1	1	1	1	1
TYR126A	6	2	17	3	2240	365	5	2	15	2	1159	1	3	1	5	0
CYS176A	8	6	19	10	4500	2215.38968655602	8	6	28	14	1953	442.8734364252	2	2	7	5
CYS242A	6	5	16	10	363	129.848205298654	4	4	22	13	363	129.848205298654	2	2	7	5
ARG249A	7	6	20	11	3938	3087.81752568642	7	6	22	12	2300	1503.31752568642	5	4	8	4
GLU171A	4	2	12	5	183	54.3487335762834	3	2	9	5	184	54.3487335762834	4	2	9	3
TYR205A	8	4	27	15	3164	58.6491490647027	8	4	32	12	1	1	1	1	1	1
VAL203A	8	8	22	18	2220	1281.44523795635	7	7	29	20	1	1	1	1	1	1
THR230A	6	6	11	9	178	161.008179398815	5	5	9	5	279	221.010713308196	3	3	4	1
THR231A	5	5	15	13	565	565	2	2	3	2	137	58.9892866918043	2	2	2	2
TYR163A	4	3	16	9	2776	157.20258203135	4	3	18	9	1395	157.20258203135	3	3	8	5
ARG213A	8	5	20	10	1888	203.5	8	5	24	10	1	1	3	3	6	1
THR211A	5	5	10	7	791	791	2	2	7	4	1	1	1	1	1	1
GLN165A	5	4	12	6	214	61.690671493019	5	4	14	7	1	1	1	1	1	1
GLN167A	4	3	6	5	1	1	2	2	4	3	1	1	1	1	1	1
GLY154A	4	4	9	8	538	538	3	3	8	6	184	184	2	2	1	0
PRO153A	3	2	5	3	1	1	1	1	1	1	1	1	1	1	1	1
ILE162A	7	3	25	6	2772	234.390408631607	6	3	25	6	1860	234.390408631607	4	2	4	1
VAL173A	8	8	22	21	2907	2673.73763124376	6	6	24	19	820	634.498405816285	3	3	6	5
THR253A	7	7	28	16	2969	1510.9090272331	5	5	23	13	1636	873.995174175671	4	4	10	8
TYR236A	9	4	35	13	7434	815.320400478492	9	4	42	11	1946	746.004825824329	5	3	18	6
ARG156A	7	5	23	10	2592	951.977128096652	5	4	18	6	1403	513	3	2	9	1
VAL217A	7	7	22	19	1459	977.022871903348	5	5	18	13	1	1	1	1	1	1
GLU271A	6	4	17	6	2050	429.068372365971	5	4	14	7	2166	343.17942922524	3	2	5	2
PRO250A	6	5	14	9	404	393.400141074781	6	5	19	10	271	271	3	3	5	3
THR125A	7	7	24	21	1375	1084.05632272596	5	5	19	15	804	578.211547702474	3	3	6	2
CYS124A	6	5	18	14	2007	1315.28533147069	5	4	15	9	1	1	2	2	3	3
CYS141A	9	6	27	15	3493	2602.62178840448	4	4	16	7	2101	853.5	4	3	7	3
CYS182A	4	3	9	3	184	125.503408660609	3	3	8	4	1	1	2	1	3	0
HIS178A	4	2	9	2	440	43.282094105295	3	2	9	2	1	1	1	1	1	1
HIS233A	3	3	8	6	191	47.1678548402738	2	2	4	2	191	47.1678548402738	2	2	4	2
THR140A	7	4	16	8	533	330.495848914456	5	3	12	3	986	330.495848914456	5	3	7	2
ALA161A	8	8	23	20	839	363.948594385786	6	6	24	21	435	240.186225629542	3	3	6	4
LEU252A	5	4	20	8	1124	911.537804027625	5	4	19	8	618	405.537804027625	3	3	9	4
CYS238A	12	7	33	14	8386	1916.27835827615	10	6	53	17	4404	1916.27835827615	8	6	20	7
MET246A	9	5	25	15	3195	1664	8	5	36	15	1664	1664	5	3	14	9
VAL216A	8	8	24	21	1941	1691.46191197195	6	6	27	20	1	1	1	1	1	1
PRO142A	7	5	19	11	873	103.617667640365	4	3	7	5	1686	1686	4	4	8	5
ASP208A	4	4	6	5	1	1	1	1	1	1	1	1	1	1	1	1
CYS273A	5	4	19	13	74	49.9929431528358	3	3	7	6	1	1	2	2	2	2
VAL272A	8	8	28	21	723	653.684425345837	4	4	17	11	1517	1517	4	4	13	7
ASP259A	6	5	12	4	1076	364	3	2	8	0	713	1	2	1	5	0
LEU265A	8	6	23	10	1440	1440	6	5	20	3	1645	1588	6	5	10	1
GLY187A	4	4	8	5	284	85.8941423756097	3	3	5	4	101	54.5342440741612	2	2	2	1
LEU188A	6	3	15	9	380	144.465755925839	4	3	11	8	186	47.4657559258388	3	2	3	1
ALA189A	6	6	16	11	1098	566.007432778224	4	4	15	9	527	62.6265225869217	2	2	2	2
GLU204A	4	2	13	4	184	1	4	2	14	3	1	1	1	1	1	1
ASN235A	5	5	14	7	420	298.080666906588	4	4	11	4	142	142	3	3	5	2
LYS139A	5	1	12	1	348	1	5	1	15	0	142	1	2	1	2	0
ILE195A	5	4	22	13	1400	556.813774370458	5	4	22	12	710	556.813774370458	4	4	9	7
ARG282A	9	7	21	12	2299	828.340092041572	7	6	23	13	1979	508.340092041572	5	3	8	4
PHE134A	5	4	18	10	396	303.912873482247	4	3	14	7	320	303.912873482247	3	3	6	4
ARG158A	9	6	25	11	1166	709.503524831047	6	5	19	9	632	459.005144749815	4	3	8	3
GLU258A	5	2	22	5	1762	153.994855250185	5	2	21	4	1762	153.994855250185	5	2	15	2
LYS164A	4	2	14	3	594	273.111056859269	4	2	15	3	1	1	1	1	1	1
VAL172A	6	6	15	12	666	666	4	4	10	5	818	330.501594183715	4	4	8	5
MET237A	6	3	20	6	494	99.3708229764027	6	3	25	6	415	67.3652635956155	4	2	10	2
PRO152A	5	3	15	7	575	222.119154627039	4	3	21	7	255	222.119154627039	3	3	4	2
MET169A	8	4	17	5	682	342	7	4	23	4	341	1	4	1	5	0
HIS193A	7	7	18	13	1404	1247.88210409167	6	6	20	13	690	533.88210409167	4	4	7	6
HIS214A	5	5	10	9	1952	1291.3648169914	5	5	9	8	1766	1136.17353558953	4	4	7	5
VAL97A	4	4	10	9	1006	605.304764179182	4	4	12	8	341	341	2	2	3	0
PRO98A	5	5	13	7	1732	1400.64724519296	5	5	18	11	896	896	2	2	3	1
GLN144A	8	5	26	9	2457	391.811514335856	5	4	14	7	334	84.7198576149119	2	2	2	2
PRO219A	3	3	7	7	513	323.295734639941	2	2	2	2	1180	888.834805937606	3	3	3	3
VAL218A	7	7	19	16	2629	1718.42361960957	5	5	20	15	668	102.460928702334	2	2	2	2
GLN100A	4	2	12	3	974	213.462195972375	3	2	7	3	522	213.462195972375	2	2	2	2
ILE254A	7	4	25	6	1417	1183.60959136839	4	4	9	4	965	731.609591368393	2	2	3	1
LEU264A	6	4	14	7	210	210	4	3	9	4	238	1	3	1	6	0
THR256A	7	6	23	15	809	809	5	4	14	7	21	21	2	2	3	2
ILE232A	7	5	29	17	1192	606.369400342543	5	4	22	14	1	1	1	1	1	1
TYR234A	7	3	27	8	3252	90.8021885336117	5	2	17	3	838	1	2	1	3	0
ARG174A	4	3	14	8	663	213.543333255483	2	2	4	4	1220	350.543333255483	4	3	8	6
ASN247A	4	2	6	1	470	28.2323671769178	3	2	3	1	1	1	1	1	1	1
MET243A	3	3	5	5	324	324	2	2	2	1	1	1	1	1	1	1
ASN200A	5	2	14	6	436	154.419232514654	4	2	13	4	1	1	1	1	1	1
VAL197A	10	8	30	20	2627	1736.42582903424	8	6	33	14	1	1	1	1	1	1
VAL274A	11	10	31	25	8111	7740.24269787443	9	8	43	23	184	1	3	2	5	1
LEU114A	4	3	13	7	429	266.382332359635	3	3	7	5	114	1	2	1	1	0
GLY266A	7	7	21	18	851	851	5	5	17	10	669	669	3	3	9	7
TYR103A	4	2	11	6	754	35.5674069778304	4	2	12	5	306	35.5674069778304	2	2	1	1
ALA159A	6	6	23	14	1002	700.270049829044	4	4	13	7	270	96.5722383626554	3	3	6	2
CYS275A	7	6	20	17	556	279.625069693232	5	5	20	17	1	1	1	1	1	1
ARG110A	5	4	13	11	1022	570.265792393297	5	4	16	11	579	484.774093754474	2	2	5	3
GLN104A	4	2	12	4	335	286	3	2	11	3	1	1	1	1	1	1
LEU194A	8	8	30	24	362	308.5	8	8	43	27	255	255	5	5	18	10
ASP207A	4	3	10	9	327	56.2097456614439	3	3	9	9	141	25.401027063314	2	2	3	3
ASN131A	4	3	12	5	548	184	4	3	13	4	184	184	3	3	9	3
PHE270A	10	5	29	16	3656	1165.63814868617	9	5	36	15	2859	469.552001743603	9	4	24	8
PRO223A	4	4	8	8	281	275.674806174925	3	3	8	7	1	1	1	1	1	1
GLU221A	4	1	7	1	502	1	3	1	6	0	710	1	4	1	5	0
GLY245A	6	6	20	16	323	232.5	4	4	16	13	1	1	1	1	1	1
LYS132A	4	3	12	4	1834	1317.54998262714	3	3	8	5	1834	1317.54998262714	3	3	4	3
ALA138A	4	4	13	6	97	64.9944406192127	3	3	9	2	1	1	1	1	1	1
LEU137A	7	6	23	12	311	298.964004601871	6	5	32	11	29	16.964004601871	3	3	6	2
ARG202A	3	3	4	2	872	549.704265360059	3	3	3	1	872	549.704265360059	3	3	5	2
GLU198A	5	3	16	6	687	279.255629338682	4	3	9	5	343	157.33629624527	2	2	4	2
SER260A	4	2	8	1	184	1	2	1	2	0	184	1	2	1	1	0
PRO151A	9	7	20	10	1056	654.548790520484	9	7	35	12	258	19.5	4	2	11	3
TYR220A	6	2	23	5	794	1	6	2	31	4	495	1	4	1	9	0
HIS168A	4	4	10	8	658	465.040346138147	3	3	10	8	502	359.131158705947	2	2	4	3
ARG267A	5	3	14	5	1101	274.074847598555	3	2	6	1	1	1	1	1	1	1
GLN192A	3	2	6	2	555	1	2	1	4	0	555	1	2	1	3	0
PRO191A	4	3	11	5	1168	1	2	1	6	0	1	1	1	1	1	1
GLY112A	5	5	18	14	2004	1756.90834327906	3	3	9	6	1	1	1	1	1	1
PHE113A	5	3	16	6	3247	1109	4	3	16	5	3247	1109	4	3	13	3
ILE251A	5	4	19	14	184	46	5	4	24	16	1	1	2	2	4	2
GLY262A	5	4	9	4	183	183	3	3	6	2	1	1	2	2	2	0
SER261A	4	1	8	1	1	1	1	1	1	1	1	1	1	1	1	1
LEU257A	6	5	25	15	1478	547.039380287478	6	5	30	19	1375	495.539380287478	5	4	14	8
PHE109A	7	4	30	14	1052	330.400614246799	6	3	25	6	949	149.400614246799	5	3	12	6
LEU145A	7	7	28	21	538	314.599385753201	6	6	26	17	232	161.599385753201	3	3	7	2
ASP148A	3	3	9	8	184	46.2308024123629	3	3	11	9	1	1	1	1	1	1
ASP186A	5	4	10	8	612	550.373477413078	4	3	8	5	612	550.373477413078	3	3	3	2
ASN263A	4	1	11	1	546	1	4	1	9	0	1	1	2	1	5	0
SER166A	3	2	8	3	183	1	2	1	6	0	1	1	1	1	1	1
SER185A	4	3	8	5	184	152.640101698552	3	3	5	4	1	1	1	1	1	1
PRO278A	10	8	27	20	1422	964	9	7	31	13	1	1	1	1	1	1
ARG248A	3	2	7	1	188	119.767632823082	3	2	7	1	42	1	2	1	2	0
MET133A	5	5	18	12	5410	4130.04087838122	5	5	19	13	4851	3994.9479982564	4	4	14	8
GLY105A	7	7	18	13	489	454.43259302217	6	6	22	12	306	271.43259302217	2	2	1	1
VAL157A	9	8	27	22	1716	1029.9547685707	7	6	27	14	576	576	3	3	6	1
LEU111A	9	8	31	23	1033	1014	7	7	27	18	1151	1073	5	5	16	6
VAL143A	8	8	29	21	1525	1120	5	5	22	15	807	404	4	4	14	8
ALA276A	4	3	14	7	104	1	2	1	8	0	1	1	1	1	1	1
GLU285A	6	3	12	4	1272	191.357714665377	5	3	10	4	705	191.357714665377	3	3	4	4
THR284A	4	3	9	5	176	1	2	1	2	0	9	9	2	2	1	0
ALA129A	3	3	6	6	1	1	1	1	1	1	1	1	1	1	1	1
LEU130A	5	4	7	5	314	234	4	3	8	2	1	1	1	1	1	1
CYS135A	6	5	25	15	184	52.4809295808398	6	5	32	15	1	1	1	1	1	1
VAL147A	7	6	23	11	377	278	6	5	29	9	502	502	2	2	5	3
GLN136A	6	3	23	4	1190	270	6	3	30	3	1	1	1	1	1	1
ARG283A	3	2	9	4	171	93.7658163828996	2	2	6	4	184	93.7658163828996	3	2	4	2
THR123A	6	4	19	7	326	246	6	4	25	5	1	1	1	1	1	1
SER215A	6	3	20	7	860	266.750118087538	5	3	16	6	328	26.2484981687687	3	2	6	2
ARG209A	3	1	4	1	1	1	1	1	1	1	1	1	1	1	1	1
ASN210A	4	2	6	1	1	1	1	1	1	1	1	1	1	1	1	1
SER269A	2	1	3	1	184	1	2	1	3	0	184	1	2	1	2	0
SER149A	4	2	13	2	338	88	4	2	19	1	1	1	1	1	1	1
CYS277A	8	4	15	5	598	35.8540635686732	4	2	11	1	1	1	1	1	1	1
SER127A	4	2	11	4	282	81	4	2	12	2	1	1	1	1	1	1
ILE255A	8	4	31	13	975	174.427761637345	5	2	20	3	716	174.427761637345	4	2	8	2
ALA119A	3	2	10	5	182	182	2	2	6	4	1	1	1	1	1	1
VAL122A	7	5	17	9	363	320.602807137499	5	4	17	6	1	1	1	1	1	1
ARG280A	5	3	12	4	194	159.145936431327	2	2	3	1	9	1	2	1	1	0
THR155A	8	7	21	14	2066	1578.96061971252	8	7	31	17	1392	1258.96061971252	6	6	16	6
THR150A	2	2	8	6	184	64.9512094795157	2	2	8	6	1	1	1	1	1	1
ASN268A	3	2	8	1	548	60.4594129461892	3	2	7	1	365	1	2	1	4	0
PRO177A	4	4	10	9	1386	1013.46684466774	3	3	10	8	1	1	1	1	1	1
ASP228A	3	2	8	2	1264	544	3	2	7	1	721	1	2	1	5	0
ASP281A	4	4	10	7	184	97.6583596986614	3	3	7	5	1	1	1	1	1	1
ASN239A	7	2	24	5	182	3.53599539812901	5	2	29	4	182	3.53599539812901	4	2	11	2
PRO190A	6	5	17	13	527	527	2	2	7	3	1	1	1	1	1	1
SER99A	5	4	10	3	313	39.9251524014454	3	2	5	1	1	1	1	1	1	1
SER116A	4	2	9	3	1	1	2	1	4	0	114	114	2	2	1	0
PRO222A	4	2	7	1	1	1	2	1	4	0	209	209	2	2	3	0
LEU206A	5	4	16	8	39	13.7515018312313	4	3	14	6	39	13.7515018312313	4	3	8	3
GLY117A	4	4	11	9	252	144.233654200787	3	3	10	8	1	1	1	1	1	1
SER240A	4	3	16	11	184	184	4	3	17	9	184	184	3	3	3	2
GLY226A	3	3	2	1	365	268.429821600852	2	2	2	1	1	1	1	1	1	1
SER227A	3	2	3	2	908	97.5701783991477	3	2	3	1	1	1	1	1	1	1
ASN288A	3	3	7	5	532	532	3	3	5	2	1	1	1	1	1	1
GLY244A	5	5	11	10	680	264.016905201439	4	4	12	10	1	1	1	1	1	1
MET160A	6	3	20	7	481	481	4	3	15	6	393	290	4	2	6	1
GLU286A	3	2	10	6	23	1	2	1	3	0	1	1	1	1	1	1
THR102A	2	2	2	1	184	124.540587053811	2	2	2	1	1	1	1	1	1	1
GLY199A	3	3	6	4	204	204	3	3	6	3	1	1	1	1	1	1
SER106A	2	1	6	1	184	1	2	1	5	0	1	1	1	1	1	1
VAL225A	2	2	2	2	1	1	1	1	1	1	1	1	1	1	1	1
THR170A	5	4	13	7	183	47.5479906278587	3	2	10	3	2	2	3	3	6	1
LYS101A	2	1	4	1	1	1	1	1	1	1	1	1	1	1	1	1
PHE212A	3	1	7	1	106	1	2	1	3	0	1	1	1	1	1	1
SER241A	3	3	9	6	1	1	1	1	1	1	1	1	1	1	1	1
SER121A	2	2	6	5	1	1	1	1	1	1	1	1	1	1	1	1
HIS115A	1	1	1	1	1	1	1	1	1	1	1	1	1	1	1	1
LYS120A	1	1	1	1	1	1	1	1	1	1	1	1	1	1	1	1
GLU180A	1	1	1	1	1	1	1	1	1	1	1	1	1	1	1	1
ARG181A	1	1	1	1	1	1	1	1	1	1	1	1	1	1	1	1
SER183A	1	1	1	1	1	1	1	1	1	1	1	1	1	1	1	1
LEU201A	1	1	1	1	1	1	1	1	1	1	1	1	1	1	1	1
GLU224A	1	1	1	1	1	1	1	1	1	1	1	1	1	1	1	1
GLU287A	1	1	1	1	1	1	1	1	1	1	1	1	1	1	1	1
