Degree	Degree_sidechain	SecondOrderDegree	SecondOrderDegree_sidechain	NodeEdgeBetweennessSTRIDE	NodeEdgeBetweennessSTRIDE_sidechain	IntermodularDegreeSTRIDE	IntermodularDegreeSTRIDE_sidechain	SecondOrderIntermodularDegreeSTRIDE	SecondOrderIntermodularDegreeSTRIDE_sidechain	NodeEdgeBetweennessWALKTRAP	NodeEdgeBetweennessWALKTRAP_sidechain	IntermodularDegreeWALKTRAP	IntermodularDegreeWALKTRAP_sidechain	SecondOrderIntermodularDegreeWALKTRAP	SecondOrderIntermodularDegreeWALKTRAP_sidechain
ARG102A	6	4	17	6	3181	1539.69063100694	5	4	14	7	2398	1539.69063100694	5	4	13	6
ASN118A	5	4	10	5	781	86.9131773394199	3	3	7	5	1251	456.337627263183	3	3	6	5
PHE235A	6	4	21	10	1243	404.329120675487	4	3	10	4	37	1	2	1	3	0
VAL213A	5	5	17	12	1160	886.501478998576	3	3	7	6	290	290	2	2	3	2
ASN152A	2	1	7	1	1	1	1	1	1	1	1	1	1	1	1	1
CYS148A	8	6	19	9	2557	868.5	6	4	22	7	666	1	2	1	4	0
VAL232A	7	6	26	19	895	647.328334884298	5	5	24	15	497	454.5	3	3	9	6
ILE96A	7	2	24	7	1325	236.645787955855	6	2	26	3	1277	236.645787955855	5	2	15	2
LEU19A	6	6	28	20	1137	890.5	5	5	23	12	1678	945.92925122312	3	3	9	6
GLY244A	7	7	18	15	1311	550.755488301962	6	6	21	19	448	124.045435599516	3	3	8	7
ILE245A	7	2	16	4	317	185.330103984334	5	2	17	4	67	1	2	1	5	0
ASN77A	8	5	29	15	5927	2147.06905153982	8	5	40	18	2072	1730.11981070437	4	4	12	9
ILE24A	14	5	37	13	5180	494.9417017582	13	5	72	20	3060	457.4417017582	7	4	17	6
ALA236A	8	8	22	19	2623	2045.1872126337	4	4	12	10	1	1	1	1	1	1
LEU78A	7	4	22	11	2284	953.428966938002	5	4	12	7	1	1	1	1	1	1
GLU120A	5	4	15	12	1463	858.310241168305	4	3	13	7	282	65.8252379988704	3	3	6	5
VAL133A	8	8	18	13	1221	1172	6	6	22	14	735	686	5	5	15	8
ASP231A	4	3	12	7	3931	3110	4	3	9	4	822	1	2	1	2	0
GLU234A	5	3	13	5	1112	1	3	2	7	3	1	1	1	1	1	1
ALA79A	7	6	27	17	2289	825.229963357502	5	4	26	12	1190	807.0582982418	2	2	6	3
HIS80A	9	6	32	17	6563	3199.98669201281	8	6	49	23	4312	1365.93593284826	7	5	21	12
LEU187A	5	4	18	11	480	37	3	2	10	2	442	415.422910118904	4	4	8	5
LEU210A	8	8	34	29	2273	1848.18417369924	6	6	21	17	3344	2201.08599350767	7	7	23	19
PRO200A	10	8	34	21	1839	158.5	5	4	19	11	3083	1560	5	3	19	8
THR20A	9	7	31	19	2829	1445.55421883956	8	6	49	26	3788	2140.12496761644	6	6	12	12
LEU191A	10	6	28	18	4243	935.714699011681	9	6	36	17	1	1	1	1	1	1
THR218A	8	7	24	10	1014	586.562312471081	6	5	26	9	295	224.408371884701	2	2	4	3
GLN45A	4	3	8	3	1265	1036.90771041568	4	3	11	4	1	1	1	1	1	1
SER44A	4	3	7	4	237	186.217764522474	4	3	7	3	1	1	1	1	1	1
GLY21A	9	9	32	24	5503	4375.87771759356	9	9	53	32	870	870	2	2	4	1
GLY23A	8	7	28	24	469	153.650587917412	6	5	32	21	1	1	1	1	1	1
ASP101A	6	5	24	15	4047	1691.03211768951	4	3	20	12	4079	1723.03211768951	6	5	20	12
SER25A	7	5	27	18	363	100.773686722382	7	5	41	19	208	100.773686722382	4	4	17	14
VAL204A	7	4	22	13	465	314.108048227387	4	2	14	5	458	314.108048227387	3	3	10	8
ALA181A	9	7	27	18	353	200.897474313106	8	6	33	15	289	136.897474313106	5	5	12	9
LEU177A	9	6	28	5	627	183	6	4	22	6	1163	391	7	5	18	4
CYS124A	5	5	16	12	3881	1805.19695707973	5	5	19	11	1	1	1	1	1	1
SER153A	4	1	12	1	245	1	4	1	14	0	1	1	1	1	1	1
ALA174A	9	8	25	12	1594	743.41666049066	4	4	20	11	2055	541.41666049066	4	3	14	6
LEU215A	5	4	10	6	1321	1321	4	4	9	6	1085	1085	3	3	2	0
MET230A	5	4	13	6	423	84.8849584732732	5	4	12	5	264	1	2	1	2	0
VAL192A	5	5	17	12	967	682.451095527864	5	5	18	12	377	227.80213308437	2	2	2	2
VAL193A	7	5	21	7	2749	1336.82809300109	5	4	16	8	1568	1257	3	3	3	2
ASN158A	4	3	8	4	237	119	4	3	7	3	237	119	2	2	2	2
GLU121A	3	3	5	4	237	119	2	2	3	2	707	219.575550076237	3	3	3	3
THR26A	7	6	23	20	1387	1373.5	6	5	21	11	1360	1360	2	2	2	0
ARG237A	5	3	13	3	521	1	2	1	4	0	1	1	1	1	1	1
SER13A	6	6	17	15	1717	756.804505836004	4	4	18	14	1	1	1	1	1	1
SER182A	7	5	20	13	1425	852.90950240552	6	5	23	12	265	1	3	1	6	0
ALA197A	8	6	25	15	2505	2494.40441225284	6	5	24	11	1	1	1	1	1	1
TYR194A	5	1	14	1	652	1	3	1	6	0	1	1	1	1	1	1
ASN229A	3	2	8	5	237	1	3	2	7	3	1	1	1	1	1	1
GLY216A	6	5	11	7	399	326.048189806959	5	4	11	4	91	91	2	2	1	0
ILE155A	8	5	28	15	2123	1826.23700658584	8	5	39	14	1709	1412.23700658584	5	3	17	6
PRO146A	7	6	23	19	2865	2025.77653355736	6	5	30	19	3331	2581.76299341416	5	4	16	8
VAL239A	7	7	24	18	845	538.250743136823	5	5	19	15	1	1	1	1	1	1
LEU15A	8	5	18	14	805	385.602525686894	6	5	25	15	533	385.602525686894	4	4	11	9
THR16A	8	8	21	18	2805	1846.3784709687	7	7	26	20	836	342.48418901951	3	3	6	5
LEU154A	8	5	24	15	4113	2533.18074273694	8	5	35	16	3770	2533.18074273694	3	3	5	5
PRO57A	8	8	19	14	3164	1460.81726995342	7	7	24	14	2607	847.352947386692	4	4	10	7
THR97A	7	7	24	17	3977	3161.99578557219	7	7	33	24	3878	3112.49578557219	5	5	15	9
MET3A	7	5	18	9	2400	2033	6	4	19	6	1	1	1	1	1	1
TYR228A	6	4	22	9	2337	100.714021579218	5	3	18	4	1057	1	2	1	4	0
LEU82A	7	6	23	16	779	365.072300619233	5	5	15	12	621	189.65241091166	2	2	5	5
GLY188A	8	8	29	22	1403	1060.74443267302	8	8	43	25	294	210.984840352976	3	3	7	3
ASN37A	4	1	10	1	1	1	1	1	1	1	1	1	1	1	1	1
PRO36A	3	3	6	5	1	1	1	1	1	1	1	1	1	1	1	1
PHE6A	8	3	27	5	2482	484.832492525378	7	3	24	5	1275	380.663092199442	4	2	10	2
LEU72A	6	6	16	14	329	203.189758831695	5	5	15	13	296	186.689758831695	4	4	8	8
PHE69A	8	4	20	12	1515	329.83482320717	6	4	19	9	784	77.1419349885373	5	3	15	6
GLY67A	5	5	12	7	2	1.5	2	2	5	3	1	1	1	1	1	1
PHE63A	6	3	18	6	2697	2411	3	2	7	2	2697	2411	3	2	4	0
PRO219A	5	5	14	13	1427	1427	3	3	11	6	1	1	1	1	1	1
ASN46A	4	3	8	5	427	51.7822354775262	3	2	7	2	1	1	1	1	1	1
ILE92A	5	4	19	15	2001	706.769631132057	5	4	22	16	164	1	2	1	2	0
LEU83A	8	7	32	16	410	185.757438119632	7	7	39	27	89	45	3	3	11	8
GLY243A	5	5	13	10	715	536.539204160732	5	5	15	10	1	1	1	1	1	1
SER246A	3	2	8	2	161	1	2	1	4	0	1	1	1	1	1	1
GLU114A	7	3	23	5	2287	310.236094004399	6	3	22	6	2274	310.236094004399	5	3	11	5
VAL112A	8	8	24	17	1365	1127.82917351797	6	6	25	17	1	1	2	2	4	2
ARG14A	5	3	13	6	237	104	3	2	7	0	104	104	2	2	2	0
PRO27A	9	9	30	23	1657	695.646730700177	7	7	38	23	1502	540.646730700177	4	4	6	6
ALA107A	9	8	30	24	2319	1412.1416420116	6	5	22	15	1200	1200	3	3	8	4
VAL81A	7	5	25	13	182	161.5	4	3	16	8	11	1	3	1	3	0
ARG180A	6	2	20	5	168	1	3	1	9	0	393	1	3	1	5	0
GLN105A	5	4	17	9	1191	699.830924131278	5	4	19	10	619	512.160097649245	3	3	8	5
GLY108A	6	6	16	15	237	168.267237577073	6	6	18	11	1	1	1	1	1	1
ALA22A	7	5	21	14	3036	2230.31277503636	6	4	24	8	1653	1653	3	3	3	0
VAL233A	8	5	24	15	4893	2569.07844731885	5	4	20	13	975	649.078447318852	2	2	3	3
LYS227A	4	3	9	5	753	397.147382463969	4	3	11	6	486	324.195572270928	3	2	2	1
ILE30A	8	5	26	16	4308	3248.76622787196	7	5	29	17	4714	3248.76622787196	6	5	18	15
PRO31A	3	3	10	6	402	276.403399140986	2	2	4	2	500	500	2	2	5	4
GLU87A	5	4	8	3	1331	1143	5	4	13	2	1	1	1	1	1	1
SER109A	5	2	15	6	813	88.3445087626796	5	2	17	3	1	1	1	1	1	1
ASP144A	4	1	13	1	104	1	2	1	6	0	387	1	4	1	11	0
LEU140A	8	8	19	13	293	264.833387807052	7	7	21	11	293	264.833387807052	5	5	14	5
MET240A	6	5	20	9	785	383.981415824731	5	5	15	10	1	1	1	1	1	1
VAL17A	7	7	25	21	1924	1450.08817538517	5	5	22	16	2596	1943.60398636566	6	6	21	17
VAL47A	5	5	8	5	237	237	3	3	4	2	237	237	2	2	1	0
VAL125A	5	5	19	16	4311	3551.31516530952	5	5	22	15	2291	2274.01212238925	3	3	6	4
ASP149A	5	4	8	4	939	252.642570830069	4	4	10	6	939	252.642570830069	3	3	5	4
TYR131A	7	4	19	8	2557	1314.80414399557	6	4	20	7	2557	1314.80414399557	5	4	8	3
ASP49A	5	4	9	5	921	243.956872511024	5	4	10	4	1	1	1	1	1	1
ASP51A	4	3	7	5	207	207	2	2	4	3	1	1	1	1	1	1
ASP32A	6	4	18	10	1711	1	3	1	10	0	1711	1	3	1	3	0
GLY38A	8	8	13	9	1377	1377	4	4	8	3	1	1	1	1	1	1
GLN98A	7	5	30	19	7985	1669.48225967951	7	5	39	19	7985	1669.48225967951	5	3	12	3
LEU226A	8	7	20	11	997	887.902552483481	7	6	23	12	158	74.7092033620678	4	3	7	2
THR225A	5	4	16	9	225	115.790796637932	4	4	14	10	125	59.7907966379322	3	2	7	2
SER189A	9	4	31	10	4869	1202.12034065034	9	4	44	10	3653	850.371962061382	5	2	10	2
GLU164A	6	4	18	13	5507	1767.1411364534	6	4	28	16	2459	819.35528067626	2	2	2	2
GLY163A	3	3	8	5	823	823	3	3	9	4	1	1	1	1	1	1
ALA64A	7	7	23	14	732	479.307111781368	2	2	5	3	1	1	1	1	1	1
TYR61A	10	5	33	17	1782	3	8	5	41	15	1782	3	7	4	25	6
ARG156A	11	8	25	13	4846	1769.26581904809	9	6	36	13	3342	437.94321447248	6	4	19	9
PHE161A	9	5	25	11	5601	2463.81987012316	9	5	41	12	3256	654.819870123164	5	4	14	9
PRO157A	8	8	27	16	892	724.223027347816	6	6	28	14	2783	2001.32669109387	6	6	21	12
SER190A	5	3	16	9	237	56.5229445554209	4	2	14	4	1	1	1	1	1	1
VAL145A	8	5	19	10	1156	892.728012422938	5	4	20	11	2142	1114.15488945352	6	4	15	5
SER28A	6	4	20	11	521	187.92469877735	5	4	21	12	378	187.92469877735	4	4	11	9
ILE212A	7	4	27	12	402	108.824957497108	4	4	14	11	402	108.824957497108	5	4	11	6
MET1A	4	3	12	5	339	214.285978420782	4	3	13	4	61	61	2	2	2	1
PHE220A	7	3	23	7	388	83.1594169320012	5	3	18	6	388	83.1594169320012	3	2	8	3
LEU115A	10	6	29	13	680	405	9	6	37	13	236	186	4	4	14	8
LEU171A	6	3	19	4	542	263	3	2	10	2	525	263	2	2	2	2
ARG34A	5	4	14	8	1199	661.19786691563	4	4	11	8	999	461.19786691563	3	3	3	3
ALA84A	7	7	24	22	978	885.729348129919	4	4	14	10	11	11	2	2	2	0
LYS65A	5	2	18	5	237	1	3	1	9	0	1	1	2	1	4	0
PRO70A	6	6	15	10	614	614	4	4	5	0	1	1	1	1	1	1
PHE48A	5	2	16	3	1223	287	4	2	10	1	1223	287	4	2	8	1
GLU58A	4	3	12	7	540	81.7733885337733	3	2	7	2	701	138.237711100504	4	3	9	4
ILE39A	5	3	14	2	5177	1351.59660085901	5	3	8	1	2411	1	2	1	2	0
VAL186A	7	7	31	24	1029	718.036922399365	5	5	25	16	912	822.077089881096	4	4	13	11
ASN99A	5	3	22	11	1967	445.899327132632	4	3	26	12	987	1	3	1	9	0
LEU183A	9	6	28	22	1195	537.710447038582	8	5	34	17	1	1	3	2	10	4
GLY117A	6	6	17	11	725	548.908388299834	5	5	17	9	1	1	1	1	1	1
PHE53A	7	4	23	15	4241	832.972042430157	6	4	34	14	2402	802.972042430157	3	3	7	7
ARG106A	6	4	17	12	285	110	4	3	12	4	110	110	2	2	4	3
PRO76A	6	5	18	13	585	383.681966200546	5	4	23	14	1	1	2	1	6	0
GLU173A	6	2	20	1	1373	18.51664812053	3	2	8	1	1581	18.51664812053	4	2	10	1
LYS110A	3	1	7	1	237	1	3	1	9	0	1	1	1	1	1	1
MET184A	7	5	26	15	2445	1462.69433867118	6	5	23	15	2445	1462.69433867118	7	5	24	13
ILE159A	8	4	26	10	2619	929.226397096545	6	3	26	3	1996	1247.06335165822	6	4	19	7
VAL160A	8	8	26	21	11315	9733.64471932374	8	8	37	24	5019	4200.64471932374	3	3	5	4
GLY35A	6	6	13	10	1	1	1	1	1	1	1	1	1	1	1	1
LEU103A	11	10	27	16	4169	1179.82387255728	9	9	38	25	3873	913.988575239098	7	7	26	21
GLU134A	3	3	10	9	305	121.154064436407	2	2	3	2	1	1	1	1	1	1
THR132A	5	4	12	5	543	358.065559226042	4	3	7	2	1	1	1	1	1	1
GLY29A	4	4	14	12	237	237	4	4	15	11	1	1	1	1	1	1
PHE162A	5	2	12	2	2061	176.135417073292	5	2	13	2	946	1	2	1	2	0
LEU199A	9	6	33	13	4180	2695.43755155348	8	6	32	12	5739	2695.43755155348	8	6	25	8
ILE100A	6	3	24	6	3051	1704.64961966663	6	3	23	5	1571	567.649619666635	3	2	5	2
GLY207A	4	4	12	11	387	238.386056565993	4	4	11	8	1	1	1	1	1	1
GLU66A	3	1	6	1	128	1	2	1	3	0	1	1	1	1	1	1
LEU86A	7	7	19	13	1945	962.4690952106	6	6	21	14	1693	1101.80215348882	6	6	9	7
VAL119A	7	6	21	15	291	274.5	6	5	21	9	256	233.485003169435	4	3	8	3
ILE185A	6	4	22	11	2766	1304.51536342317	4	4	17	13	2934	980.818289671975	5	3	10	2
THR18A	7	7	21	18	2924	2238.41152574417	6	6	21	19	726	491.518618128584	2	2	4	2
PHE60A	6	4	21	11	835	69.6057608584365	4	3	18	7	757	43.7736029034554	3	2	9	3
TYR122A	6	2	23	4	709	1	6	2	27	3	709	1	6	2	22	2
VAL136A	8	8	22	20	321	270.986459856807	6	6	27	15	179	179	4	4	15	6
ILE137A	5	4	15	10	237	171.02467720441	3	3	9	7	237	171.02467720441	3	3	7	5
GLU5A	2	2	7	6	237	26.8066508785872	2	2	6	5	1	1	1	1	1	1
HIS104A	9	7	35	20	4549	2578.40634050237	8	7	47	30	2694	2022.94999558825	4	4	17	12
ILE223A	3	2	9	3	237	79	3	2	7	2	157	79	2	2	4	3
LEU201A	5	4	16	3	544	383.840583067999	3	3	6	3	601	428.311510072241	5	4	8	3
LEU147A	6	5	17	10	825	519.42687703058	6	5	26	11	132	132	2	2	4	3
VAL95A	7	7	25	17	3073	1559.10914740849	5	5	25	22	1	1	2	2	5	5
ALA94A	6	4	20	5	501	413	5	4	17	4	177	89	2	2	6	4
SER55A	4	2	10	3	731	1	3	1	9	0	1	1	1	1	1	1
ARG238A	5	4	14	5	952	5.11504152672676	3	2	9	3	1	1	1	1	1	1
LEU7A	6	5	18	17	619	470.415161450087	5	5	19	16	237	1	2	1	1	0
ARG172A	3	2	8	1	1	1	1	1	1	1	1	1	1	1	1	1
ASP169A	3	2	6	1	1	1	1	1	1	1	1	1	1	1	1	1
MET71A	7	4	24	8	3192	1484.75486103688	6	4	22	7	3191	1484.25486103688	3	3	7	5
ILE50A	6	6	16	13	355	355	4	4	21	12	1	1	1	1	1	1
TYR54A	5	3	17	10	133	17.9878776107522	4	3	18	9	133	17.9878776107522	2	2	2	2
PHE33A	5	1	15	1	2527	1	3	1	9	0	1302	1	2	1	2	0
ALA74A	7	6	19	13	873	588.329291424529	6	5	23	15	637	352.329291424529	5	4	14	10
ILE113A	6	4	23	7	1257	604	5	4	14	5	1209	556	4	3	10	5
LEU10A	6	5	23	13	146	71	5	4	22	13	140	116	3	3	8	6
ILE68A	7	4	19	10	373	1	3	1	8	0	1	1	1	1	1	1
ILE175A	6	2	18	2	918	1	3	1	8	0	918	1	3	1	8	0
LEU91A	5	3	15	10	817	256.5	5	3	17	10	814	256.5	4	3	8	7
LEU9A	6	5	20	11	569	170.576910366646	6	5	23	13	42	21.5	2	2	3	2
LYS209A	4	2	12	4	273	16.9230896333537	4	2	14	4	208	1	2	1	2	0
LEU166A	5	4	16	13	2016	1020	4	4	17	14	1220	610.5	2	2	2	2
PRO167A	6	6	21	18	1742	716.005542826433	5	5	22	16	1	1	1	1	1	1
THR203A	6	6	20	18	1283	1021.93024332873	5	5	21	17	33	24.5820739120522	2	2	6	4
ILE202A	3	2	7	2	235	235	2	2	2	0	235	235	2	2	2	0
GLY90A	4	4	7	6	727	727	4	4	9	5	303	303	2	2	3	2
ALA116A	6	5	24	15	8748	3989.09161170017	5	4	22	10	3519	3519	2	2	4	2
SER143A	4	3	13	5	1	1	2	1	6	0	237	237	3	3	8	3
ALA196A	9	6	32	16	3569	1553.24136600626	7	4	34	13	3494	1542.6457782591	4	3	14	5
LYS75A	6	1	16	1	225	1	4	1	15	0	6	1	3	1	7	0
GLY176A	8	8	20	13	1	1	1	1	1	1	1017	856.443369553896	5	5	12	7
SER179A	4	3	12	7	176	1	2	1	2	0	400	161.556630446104	2	2	4	4
PRO195A	5	5	14	7	1744	872.5	3	3	5	4	1744	872.5	3	3	2	2
SER206A	4	3	6	4	257	176	3	2	4	0	1	1	1	1	1	1
ASN214A	5	3	20	10	560	513.015159647024	4	3	19	10	808	513.015159647024	4	3	7	3
GLY208A	7	7	21	18	1337	873.265774017326	7	7	25	18	472	472	3	3	3	0
VAL211A	7	7	28	19	1448	1281.5	5	5	22	12	2186	1833.09818019157	5	5	14	10
LYS2A	3	2	9	4	848	562.506107692693	2	2	5	4	1	1	1	1	1	1
LYS129A	4	2	10	3	561	227.868071938318	4	2	11	3	397	227.868071938318	2	2	4	3
ASP8A	3	2	2	1	1	1	1	1	1	1	471	115.832058513927	2	2	1	1
GLU12A	2	2	2	2	1	1	1	1	1	1	1	1	1	1	1	1
LYS41A	2	1	7	1	237	1	2	1	3	0	1	1	1	1	1	1
GLU93A	4	1	16	1	269	1	4	1	14	0	240	1	3	1	9	0
CYS127A	5	5	10	8	471	261.139667486319	4	4	10	6	1	1	1	1	1	1
CYS151A	4	4	10	8	543	446.860332513681	3	3	4	3	1	1	1	1	1	1
GLU217A	4	1	13	1	237	1	4	1	13	0	91	1	2	1	1	0
LYS111A	5	2	15	1	2213	876.48335187947	5	2	15	1	894	876.48335187947	2	2	3	1
ASP135A	2	2	4	3	237	63.7803763375512	2	2	3	2	1	1	1	1	1	1
TYR123A	2	2	10	7	237	121.94832517477	2	2	8	5	237	121.94832517477	2	2	5	3
ASP221A	5	4	14	7	999	459.650487142692	5	4	16	6	426	102.804427729072	2	2	2	1
ASN11A	2	2	5	5	1	1	1	1	1	1	237	237	2	2	1	0
SER178A	6	4	23	12	714	8.13541203159839	4	3	16	9	896	873.135412031598	4	3	13	6
GLU88A	2	2	2	1	1	1	1	1	1	1	1	1	1	1	1	1
LYS85A	3	2	6	1	1	1	1	1	1	1	1	1	1	1	1	1
ALA224A	7	7	22	20	403	225.974448691566	6	6	20	17	335	157.974448691566	5	5	15	12
GLU242A	6	5	13	9	1713	998.07873085722	6	5	15	8	1	1	1	1	1	1
TYR40A	4	2	12	2	289	89	4	2	9	1	89	89	2	2	3	1
HIS56A	4	3	9	3	583	336.226611466227	4	3	10	1	239	158.226611466227	2	2	3	2
TYR43A	2	1	4	1	237	1	2	1	2	0	237	1	2	1	1	0
LYS139A	3	3	8	5	237	207.685213236046	3	3	8	6	237	207.685213236046	2	2	2	2
ASP150A	2	2	4	4	1	1	1	1	1	1	1	1	1	1	1	1
GLU198A	5	3	16	3	103	103	2	2	2	0	58	13.529072995758	2	2	4	3
PHE52A	3	2	3	1	237	237	2	2	1	0	237	237	2	2	1	0
ALA170A	6	5	16	11	1553	1227.49445717357	3	3	8	7	578	578	2	2	3	2
GLU128A	2	1	4	1	1	1	1	1	1	1	1	1	1	1	1	1
LYS4A	3	2	6	1	703	1	2	1	5	0	471	356.167941486073	2	2	1	1
ARG205A	2	1	6	1	1	1	1	1	1	1	1	1	1	1	1	1
LYS89A	2	1	3	1	237	1	2	1	3	0	1	1	1	1	1	1
GLU59A	2	1	2	1	237	1	2	1	1	0	237	1	2	1	1	0
GLU241A	2	1	4	1	1	1	1	1	1	1	1	1	1	1	1	1
GLN73A	2	1	6	1	237	1	2	1	5	0	1	1	1	1	1	1
ARG126A	2	1	3	1	237	1	2	1	2	0	1	1	1	1	1	1
LYS42A	1	1	1	1	1	1	1	1	1	1	1	1	1	1	1	1
ARG62A	1	1	1	1	1	1	1	1	1	1	1	1	1	1	1	1
LYS130A	1	1	1	1	1	1	1	1	1	1	1	1	1	1	1	1
LYS138A	1	1	1	1	1	1	1	1	1	1	1	1	1	1	1	1
GLU141A	1	1	1	1	1	1	1	1	1	1	1	1	1	1	1	1
SER142A	1	1	1	1	1	1	1	1	1	1	1	1	1	1	1	1
ASN165A	1	1	1	1	1	1	1	1	1	1	1	1	1	1	1	1
GLN168A	1	1	1	1	1	1	1	1	1	1	1	1	1	1	1	1
ASP222A	1	1	1	1	1	1	1	1	1	1	1	1	1	1	1	1
