Degree	Degree_sidechain	SecondOrderDegree	SecondOrderDegree_sidechain	NodeEdgeBetweennessSTRIDE	NodeEdgeBetweennessSTRIDE_sidechain	IntermodularDegreeSTRIDE	IntermodularDegreeSTRIDE_sidechain	SecondOrderIntermodularDegreeSTRIDE	SecondOrderIntermodularDegreeSTRIDE_sidechain	NodeEdgeBetweennessWALKTRAP	NodeEdgeBetweennessWALKTRAP_sidechain	IntermodularDegreeWALKTRAP	IntermodularDegreeWALKTRAP_sidechain	SecondOrderIntermodularDegreeWALKTRAP	SecondOrderIntermodularDegreeWALKTRAP_sidechain
ARG213D	6	4	14	7	8645	1686.60945085009	6	4	10	4	5408	1175.87703795766	3	2	5	2
PRO98D	4	4	10	6	2690	1515.12296204234	3	3	8	5	2690	1515.12296204234	3	3	5	2
CYS176B	8	6	24	14	27941	15234.6636471202	8	6	33	19	1	1	1	1	1	1
HIS179B	8	6	26	15	15358	578.423924458498	7	5	33	18	1	1	1	1	1	1
ARG282C	9	7	24	11	10698	6321.61730031064	7	6	23	12	1	1	1	1	1	1
THR118C	7	4	19	7	12479	4096.94631674447	7	4	15	8	1	1	1	1	1	1
CYS242A	6	5	13	9	344	170.804454113793	4	4	19	13	1	1	1	1	1	1
HIS179A	6	5	19	10	3691	511.148067707089	6	5	27	15	2151	114	3	2	7	3
TRP146C	7	3	23	4	1939	447.474434071346	5	3	17	4	1	1	1	1	1	1
VAL147C	8	7	26	15	966	909.5	7	6	31	12	1	1	1	1	1	1
ALA276C	7	5	20	10	22160	11483.8613203796	5	3	14	3	14594	4920.39314404219	5	3	5	3
PRO278C	7	6	20	18	10183	10117	6	5	20	10	7362	7362	2	2	4	2
PRO128A	5	5	13	8	1829	1829	4	4	14	7	1	1	1	1	1	1
TYR126A	6	2	17	2	12929	1055.93078430108	5	2	15	2	1	1	1	1	1	1
LEU257C	6	5	24	14	1397	377.56199873269	6	5	30	19	1	1	1	1	1	1
TYR220C	6	3	23	10	5471	170.401014065267	6	3	32	11	1	1	1	1	1	1
THR253D	6	6	26	16	4870	2499.81564199078	4	4	16	8	3601	1902.0125945981	3	3	5	5
TYR236D	7	3	24	11	7347	1833.25451069345	7	3	25	7	3601	1699.9874054019	2	2	2	2
VAL203D	8	8	24	20	5837	3018.04219326642	7	7	33	24	3018	761.888608210377	2	2	5	5
VAL218D	7	7	19	16	7458	4681.89155618013	5	5	22	17	14477	9816.2722607556	6	6	9	9
MET243B	8	6	24	17	1264	990.82774672804	7	6	24	16	1264	990.82774672804	7	6	9	5
TYR103D	4	1	13	1	375	1	3	1	11	0	375	1	2	1	6	0
PRO151D	8	6	20	8	22173	21748.605140566	8	6	28	8	1	1	1	1	1	1
THR150D	2	2	7	5	375	128.394859434034	2	2	7	5	1	1	1	1	1	1
ARG209D	3	1	4	1	1	1	1	1	1	1	1	1	1	1	1	1
ASP208D	4	4	6	5	1	1	1	1	1	1	1	1	1	1	1	1
ARG213A	9	6	23	13	7179	1450.85501074316	9	6	24	9	3789	779	5	3	9	2
THR211A	5	5	11	8	1493	1493	2	2	8	5	1	1	1	1	1	1
THR253A	6	6	25	14	6202	3110.95059282755	4	4	16	7	1	1	1	1	1	1
TYR236A	8	3	30	10	6067	1389.85127914126	8	3	36	6	1	1	1	1	1	1
ARG156A	6	3	21	6	377	154.347338432535	5	3	19	5	1	1	1	1	1	1
VAL217A	7	7	25	20	6055	4685.00750607872	5	5	20	12	1	1	1	1	1	1
TYR205D	8	5	28	17	5639	936.229267779474	8	5	35	19	1	1	1	1	1	1
VAL216D	9	9	25	22	1304	1292	7	7	32	23	1	1	1	1	1	1
CYS124A	7	6	22	17	586	436.287044665171	6	5	22	14	586	436.287044665171	5	5	6	4
CYS141A	8	6	25	11	381	96.1713688519141	5	4	24	10	223	54.1713688519141	2	2	4	4
GLU198B	5	3	15	7	1499	422.88402341077	4	3	15	5	1	1	1	1	1	1
VAL197B	11	9	31	22	5423	2881	10	8	38	18	193	97	2	2	5	5
CYS135B	7	6	27	19	375	117.324562674014	7	6	35	20	1	1	1	1	1	1
CYS141B	8	7	24	15	587	341.736391044968	5	5	21	15	1	1	1	1	1	1
ILE195C	5	4	20	8	1599	1153.67364460464	5	4	19	6	744	744	2	2	2	1
TYR236C	7	2	27	5	9863	2130.68013969982	7	2	26	3	5294	2130.68013969982	3	2	3	2
GLY244B	5	5	17	15	548	211.966182388605	4	4	12	10	1	1	1	1	1	1
GLY245B	6	6	19	15	12821	9656.58287150221	4	4	16	13	1	1	1	1	1	1
ARG196D	7	5	26	12	5029	2852.28323085157	6	5	23	12	4101	2721.02127405753	3	3	6	4
ASP184D	5	5	12	9	747	81.4733650371113	4	4	14	11	747	81.4733650371113	3	3	6	5
ASP259A	7	6	16	7	41021	2601.05555648815	4	3	11	5	20426	2286.74792388952	2	2	5	2
LEU265A	7	5	25	16	30888	30272	5	4	20	10	1	1	1	1	1	1
GLY187A	4	4	8	5	403	47.8414115207174	3	3	7	4	27	15.7481010652204	2	2	2	1
LEU188A	5	3	12	8	425	143.25189893478	4	3	10	7	163	12.2518989347796	3	2	3	1
ALA161D	5	5	15	11	1283	549.883091318869	3	3	7	6	940	599.306273683796	3	3	4	2
ILE162D	5	3	16	4	10421	1827.623742938	4	3	10	5	5327	1827.623742938	3	3	3	3
ALA189A	6	5	16	11	2788	1363.15001392107	4	3	16	8	1515	232.613694267607	3	2	7	3
TYR205A	8	4	29	16	9905	1856.46368034654	8	4	34	14	859	859	2	2	5	3
THR253C	6	6	24	11	7531	3801.19721613758	4	4	14	5	4843	2501.78702597733	3	3	5	4
VAL272C	7	7	23	15	294	213.032834322846	4	4	14	8	855	774.532834322846	4	4	8	3
TRP146D	7	4	22	8	1949	1333.53993341821	5	3	17	4	6044	1235.03621316505	2	2	5	3
VAL147D	7	6	23	9	8078	8078	6	5	23	4	1	1	1	1	1	1
GLY226A	3	3	4	4	1123	1123	2	2	3	2	1	1	1	1	1	1
SER227A	4	3	6	4	2615	796.810728321699	4	3	9	4	1	1	1	1	1	1
ARG249A	8	6	20	10	7765	4895.98204770373	8	6	21	11	1	1	1	1	1	1
TYR163A	5	3	22	9	6887	466.447551729622	5	3	23	9	1	1	1	1	1	1
GLN100D	5	3	13	4	5369	1131.34082894162	4	3	9	5	3493	1131.34082894162	3	3	5	5
ARG267D	8	5	20	9	8113	1755.40103101689	5	4	8	3	1	1	1	1	1	1
THR102D	4	4	12	8	375	375	3	3	8	5	1	1	1	1	1	1
ASN235A	5	5	14	8	1141	1015.63971875479	4	4	9	4	1	1	1	1	1	1
LYS139A	5	1	15	1	716	1	4	1	11	0	1	1	1	1	1	1
THR140B	6	5	16	10	999	522.635970215753	4	3	8	3	1	1	1	1	1	1
PRO151C	9	7	21	11	3567	2088.90762191863	9	7	34	14	1	1	1	1	1	1
MET169C	5	2	12	2	997	466	4	2	14	1	1	1	1	1	1	1
VAL97C	6	5	12	6	767	692.598262079429	5	4	14	2	1	1	1	1	1	1
ASN268A	6	4	19	8	1992	1261	5	3	19	4	1	1	1	1	1	1
PHE109A	9	3	35	10	12085	2783.5	9	3	41	8	1	1	1	1	1	1
ARG283D	3	2	10	4	375	183.724310564259	2	2	5	4	375	183.724310564259	2	2	3	3
THR118D	6	5	16	13	7411	3645.77665266037	6	5	13	11	6573	3591.77605834492	4	4	6	6
ARG249D	7	6	17	11	6775	4318.51972188647	7	6	18	12	1	1	1	1	1	1
TYR163D	4	3	16	9	6195	307.540115065296	4	3	17	9	1	1	1	1	1	1
ARG175A	7	6	19	13	6769	5261.86095642353	7	6	29	15	3733	2225.86095642353	5	4	14	5
CYS238A	10	6	31	13	4059	1736.7290624396	9	5	46	17	3100	1361	6	3	19	5
ASP184A	5	4	15	10	1069	221.877873453745	5	4	21	12	452	148.139043576472	3	2	7	3
MET237A	7	4	22	8	779	264.823490554547	6	4	25	10	465	159.150918787302	4	3	12	4
GLN100C	5	2	11	3	1287	339	4	2	8	3	238	1	2	1	2	0
SER99C	3	3	10	5	279	41.1252745582735	2	2	4	3	279	41.1252745582735	2	2	2	2
ARG213C	9	6	19	11	5801	1548.14659945712	9	6	22	8	4552	744.146599457118	5	2	6	2
THR211C	5	5	11	8	1493	1493	2	2	8	5	1493	1493	2	2	4	1
GLU271A	5	3	15	2	2741	640.689987740429	4	3	9	3	2042	640.689987740429	3	3	3	2
LEU252A	6	5	14	7	1948	1590.6125825742	5	4	13	5	290	290	3	3	4	2
VAL216A	8	8	23	18	4622	4598.5	6	6	27	17	1	1	1	1	1	1
CYS176D	7	6	18	10	3893	1281.68985163785	7	6	23	13	3407	1091.79834270768	5	4	11	6
PRO177D	4	4	8	7	375	297.108491069831	3	3	8	7	1	1	1	1	1	1
GLU171A	3	2	9	5	376	133.258066172928	2	2	7	5	2	1	2	1	2	0
ASN268C	6	4	20	10	2212	1673	5	3	17	4	1	1	1	1	1	1
PHE109C	8	4	32	13	6781	2592.14606834892	7	3	32	7	1	1	1	1	1	1
GLN144D	9	6	25	11	8033	1766.20807907262	6	5	19	10	14333	6478.17186590757	6	4	10	5
ALA138D	4	4	12	5	311	206.970186875364	3	3	7	2	263	158.970186875364	2	2	4	2
LYS139D	5	1	13	1	1167	1	4	1	8	0	1	1	1	1	1	1
GLN144B	9	6	27	10	7394	1574.5371940305	6	5	21	10	8565	2236.85989347154	6	4	11	4
GLY112B	5	5	19	15	8327	7441.12319009809	4	4	14	8	8327	7441.12319009809	3	3	7	4
ASP148B	4	2	11	6	374	77.2197046536401	3	2	11	5	1	1	1	1	1	1
VAL147B	7	6	21	8	443	441.5	6	5	21	3	1	1	1	1	1	1
LYS164A	4	2	14	2	2119	659.079193412559	4	2	11	2	1225	659.079193412559	3	2	4	2
LEU130A	6	5	11	8	501	176.894909498727	5	5	14	9	1	1	1	1	1	1
SER127A	5	3	13	5	973	327.034665432978	5	3	16	5	1	1	1	1	1	1
CYS275D	7	6	19	16	2353	1423.50085229361	5	5	19	16	134	80.5148058680939	3	3	6	2
VAL274D	10	9	30	23	6957	6016.24285171389	8	7	31	18	3031	2702	5	4	12	3
PHE113D	6	3	18	4	6874	6364	5	3	20	3	13007	6364	4	3	9	1
PHE270D	8	3	22	10	4953	828.696952607317	7	3	22	7	2826	157.5	6	2	13	2
PRO223B	6	5	12	9	1622	1433.83404068563	5	4	16	7	2295	2106.83404068563	5	5	8	3
SER227B	5	4	9	7	2601	1485	5	4	13	6	1485	1485	3	3	5	1
GLN104B	4	3	13	6	1028	559.386158811487	3	3	8	6	1	1	1	1	1	1
GLY105B	7	7	17	14	644	644	6	6	17	9	1	1	1	1	1	1
LEU257B	6	5	25	16	1691	413.482859634361	6	5	30	19	1	1	1	1	1	1
VAL157B	10	8	32	23	8413	4311.11087680413	8	6	33	15	3470	65.1108768041274	3	2	7	3
GLU221D	3	2	6	1	49	1	2	1	4	0	1	1	1	1	1	1
PRO222D	4	2	7	1	1	1	2	1	4	0	699	1	2	1	4	0
CYS124C	6	5	19	15	414	289.721970470009	5	4	14	11	1	1	2	2	3	3
THR125C	6	6	19	14	732	467.272975163716	4	4	11	9	1	1	1	1	1	1
ASP259B	6	5	12	4	1534	228.599069360826	3	2	8	2	1	1	1	1	1	1
GLY262B	5	5	8	6	322	322	3	3	7	3	1	1	1	1	1	1
GLY266A	8	8	27	18	6217	6217	5	5	20	9	1	1	1	1	1	1
TYR103A	5	1	14	1	1926	1	4	1	11	0	1	1	1	1	1	1
ARG202B	3	3	4	3	519	229.335501346133	3	3	3	2	519	229.335501346133	3	3	2	2
PRO219B	3	3	8	8	438	250.164498653867	2	2	2	2	438	250.164498653867	2	2	2	2
PHE134A	5	4	18	10	841	794.443804761488	4	3	14	7	1	1	1	1	1	1
THR125A	7	7	24	21	4828	3615.65658062078	5	5	19	14	1	1	1	1	1	1
GLU258B	5	2	21	5	3159	312.899665395325	5	2	20	4	1	1	1	1	1	1
THR155B	9	8	25	16	2237	1340.09715900469	9	8	35	18	1	1	1	1	1	1
PHE113C	5	3	14	3	5408	4991	4	3	13	2	6349	1738	3	2	5	0
PHE270C	7	2	17	5	6097	1389.58980983975	6	2	16	3	3681	1	5	1	7	0
TYR163C	5	4	21	14	8321	337.362284165336	5	4	23	14	1	1	1	1	1	1
VAL173C	7	7	19	19	7760	7066.51403789191	5	5	15	13	4766	1701.55989531782	5	5	9	8
ASP207A	4	3	11	7	376	72.0096359270807	3	2	10	5	377	72.2244718681537	4	3	5	2
HIS193A	7	7	17	11	4284	4081.92704730266	6	6	19	11	362	290.990364072919	2	2	3	2
PRO190B	5	4	16	11	10236	10236	2	2	7	3	1	1	1	1	1	1
PRO191B	4	3	12	5	12574	1	2	1	6	0	1	1	1	1	1	1
ARG202D	2	2	2	2	375	159.058415624246	2	2	1	1	375	159.058415624246	2	2	1	1
PRO219D	3	3	6	6	375	216.941584375754	2	2	1	1	375	216.941584375754	2	2	1	1
HIS193B	7	7	17	11	2170	2014.64030672857	6	6	19	12	352	314.924352274596	2	2	3	2
HIS214B	6	6	19	14	2637	858.893732159267	6	6	20	15	180	175.767498706023	3	3	8	4
LEU145B	7	7	29	22	904	493.5	6	6	28	16	533	505.5	3	3	8	6
ARG249B	7	6	17	10	15385	9389.54966699621	7	6	20	12	1	1	1	1	1	1
TYR163B	4	3	16	9	10647	726.12733816317	4	3	18	9	1	1	1	1	1	1
ASN239B	7	3	27	7	19595	10025.656647973	6	3	33	5	1	1	1	1	1	1
MET246B	9	5	24	14	2405	1324	8	5	34	14	1	1	1	1	1	1
ASN200B	6	2	16	7	1399	523.206550361547	4	2	15	5	1015	523.206550361547	2	2	5	5
VAL218B	8	8	25	20	6876	4828.83464482954	6	6	28	21	11406	7790.15824102759	6	6	10	9
GLY117D	5	5	14	11	746	412.053566521073	4	4	12	10	1	1	1	1	1	1
VAL122D	8	6	19	14	675	394.229068021206	5	4	11	5	675	394.229068021206	2	2	3	3
LEU111B	10	9	34	24	2059	2017	7	7	29	20	1413	1385	4	4	8	4
ARG156D	6	3	21	5	205	30.0474725111433	5	3	18	4	87	30.0474725111433	3	3	4	4
GLU204D	5	2	16	2	375	1.9503790782929	5	2	19	2	5	1.9503790782929	2	2	2	2
ARG202C	3	3	4	3	459	229.717032757471	3	3	3	2	459	229.717032757471	3	3	3	3
PRO219C	3	3	7	7	407	204.282967242529	2	2	2	2	1167	819.121092136192	3	3	3	3
GLN100B	4	2	11	4	968	222.617253123715	3	2	6	3	648	222.617253123715	2	2	1	1
ILE254B	6	3	21	2	3124	2372.85667150746	3	3	5	2	2878	2052.85667150746	3	2	4	1
ARG158A	8	5	22	7	18447	12760.2023287041	6	5	16	7	1	1	1	1	1	1
GLY154A	5	5	14	11	831	831	4	4	13	9	1	1	1	1	1	1
SER260A	4	2	10	2	230	1	2	1	3	0	1	1	1	1	1	1
GLN104D	4	1	17	1	204	1	3	1	13	0	15	1	2	1	6	0
GLY105D	8	8	25	19	7706	7499.44066883277	7	7	31	21	4192	3985.44066883277	4	4	9	7
PRO142B	7	5	20	12	418	21.5	4	3	7	5	1	1	1	1	1	1
PRO151A	7	5	20	10	12727	10891.2697461277	7	5	28	11	1	1	1	1	1	1
TYR220A	7	3	25	7	11565	473.913292349935	7	3	36	7	1	1	1	1	1	1
ASP186D	5	4	10	8	883	883	4	3	9	4	883	883	3	3	3	1
GLY187D	4	4	7	5	861	300.223472446818	3	3	6	4	487	261.747000291947	2	2	2	1
MET169D	5	2	8	2	1604	1	3	1	7	0	1604	1	2	1	1	0
HIS168D	3	3	7	6	459	196.604842169841	2	2	6	5	1	1	1	1	1	1
ALA276A	5	3	14	6	383	1	3	1	13	0	128	1	2	1	3	0
PRO278A	9	7	23	17	3800	2156	8	6	29	10	1291	1291	3	3	5	2
ARG156C	8	5	25	10	3207	2049.61142298409	6	4	21	6	1543	1451	4	2	8	1
GLU204C	5	3	18	8	377	33.5486424590986	5	3	20	6	1	1	1	1	1	1
CYS176A	7	6	17	9	3329	1580.92396360926	7	6	21	12	1	1	1	1	1	1
ARG158D	7	4	20	4	10891	7588.58089130295	5	4	13	5	6228	5022.40000813052	5	3	8	3
GLU258D	4	2	21	3	12387	1140.59999186948	4	2	19	3	6162	1140.59999186948	2	2	4	2
LEU257A	7	6	28	15	11869	5626.36404056406	7	6	39	20	1	1	1	1	1	1
ASN235D	5	5	13	8	1078	926.227790780448	4	4	9	4	1	1	1	1	1	1
GLU198D	5	3	15	7	430	203.99408476182	4	3	15	5	1	1	1	1	1	1
CYS238D	9	6	28	13	3653	1012.29355184636	8	5	39	17	3466	1012.29355184636	5	3	16	6
PRO152C	5	3	15	7	1473	1290.43193926041	4	3	19	7	1	1	1	1	1	1
PRO128D	5	5	12	8	1765	1765	4	4	14	8	1	1	1	1	1	1
TYR126D	6	2	16	2	11835	219.283696975329	5	2	15	2	5347	1	3	1	6	0
GLU204A	5	2	16	2	377	1.3246763003374	5	2	18	2	1	1	1	1	1	1
GLU271D	5	3	11	2	4317	654.56162719612	4	3	6	3	4381	654.56162719612	5	3	9	2
LEU252D	4	4	12	6	5291	4457.48138832075	4	4	12	6	5291	4457.48138832075	4	4	11	5
GLU198C	5	3	15	6	1122	503.07913265571	4	3	14	5	1	1	1	1	1	1
THR140C	6	5	16	12	829	455.085229618082	4	3	8	4	1	1	2	2	3	1
ILE255D	9	5	33	13	2724	570.272341282448	6	3	26	5	784	570.272341282448	3	3	2	2
PHE109D	9	3	36	11	18470	514	8	2	35	2	1	1	1	1	1	1
VAL217C	6	6	22	18	5189	4581.83993455681	4	4	15	10	3197	3197	2	2	4	3
MET246D	9	5	22	12	282	277.259431796446	8	5	28	11	9	4.25943179644641	2	2	4	4
SER240D	4	3	17	11	399	356	4	3	18	8	356	356	3	3	8	3
GLY112D	5	5	18	14	6817	5314.16515879906	3	3	9	6	13460	11957.1651587991	3	3	8	5
ALA189B	6	6	16	12	2142	848.296355293103	4	4	17	10	1	1	1	1	1	1
ASP186B	6	4	13	8	1671	1511.94547107625	5	3	14	5	1	1	1	1	1	1
ARG175B	7	6	23	16	26823	26713.5290163941	7	6	30	14	1	1	1	1	1	1
MET237B	6	4	18	10	1375	219.618344216284	6	4	22	9	1	1	1	1	1	1
HIS214C	5	5	15	12	1499	506.415863373051	5	5	16	13	236	236	2	2	4	1
GLU171B	4	2	12	5	617	218.339861409146	3	2	9	5	1	1	1	1	1	1
THR170B	4	4	9	6	125	63	2	2	4	3	125	63	2	2	2	2
TYR234D	6	3	26	8	3868	334.801243728814	5	3	21	5	550	136.532293308239	2	2	2	2
VAL143D	7	7	25	18	1555	1279.5	5	5	21	14	367	184	3	3	7	3
SER260D	4	2	11	2	189	1	2	1	3	0	1	1	1	1	1	1
SER261D	6	2	9	1	375	225.438533009646	3	2	5	1	375	225.438533009646	2	2	1	1
SER166D	3	2	5	2	1	1	1	1	1	1	1	1	1	1	1	1
VAL172A	4	4	14	11	1899	1603.14498925684	3	3	9	5	1533	984.193834464552	2	2	4	4
ARG175D	7	6	21	15	4717	4336.78400050634	7	6	25	13	4717	4336.78400050634	5	4	14	7
HIS179D	7	6	18	10	3815	599.205861823616	6	5	27	15	3513	579.205861823616	5	4	12	6
ASP281D	5	4	15	8	601	161.846495134016	4	4	11	7	134	54.4851941319061	3	3	4	3
PRO128C	5	5	13	9	1111	1111	4	4	14	8	1	1	1	1	1	1
TYR126C	6	2	15	2	9649	463.950122237506	5	2	14	2	1	1	1	1	1	1
MET160D	6	3	16	6	5937	5937	4	3	11	5	3071	2719	4	2	6	1
CYS182D	2	1	4	1	1	1	1	1	1	1	1	1	1	1	1	1
MET160B	6	3	19	7	292	292	4	3	14	6	120	86	4	2	10	2
SER215B	5	2	18	5	1989	951.127304186713	4	2	13	4	1783	951.127304186713	2	2	3	3
VAL157C	9	8	30	23	8547	4492.93073700564	7	6	28	16	3502	107.930737005645	5	4	9	4
CYS229A	6	4	16	8	1407	680.213382100502	6	4	17	6	871	680.213382100502	3	3	3	2
TRP146A	7	3	22	4	10702	2007.7866178995	6	3	21	4	2220	2007.7866178995	3	3	3	2
CYS242D	7	5	18	9	565	283	5	4	22	13	1	1	2	2	4	3
GLY245D	7	7	19	15	4152	2798.8163619778	5	5	18	15	2074	1759.8163619778	3	3	6	5
ARG249C	8	6	20	13	12397	7646.73282877308	8	6	24	14	1	1	1	1	1	1
PRO151B	7	5	17	7	4169	2772.36850043539	7	5	25	7	1	1	1	1	1	1
PRO152B	5	4	13	9	1737	1550.75651978889	4	4	16	12	1	1	1	1	1	1
CYS141C	9	7	25	14	2224	1188.25470672994	5	5	19	12	1651	1	4	2	7	1
PRO142C	8	6	20	13	877	234.414978801147	5	4	9	7	2015	1769.58344232582	4	4	6	4
CYS176C	8	6	22	12	14397	6756.00210785505	8	6	32	17	6906	6089.67677441904	3	3	12	7
GLY244C	5	5	12	11	751	680	4	4	14	12	1	1	1	1	1	1
ILE251B	5	3	17	8	1924	786.5	4	3	17	9	1	1	1	1	1	1
LEU252B	6	5	13	6	2260	2038.38274687629	5	4	11	4	648	426.382746876285	2	2	1	1
ARG267B	7	5	18	9	3098	1141.63360390199	4	4	5	3	1	1	1	1	1	1
SER99B	4	4	9	5	564	116.629923221414	2	2	3	3	1	1	1	1	1	1
ILE255C	10	5	33	12	7236	2647.26180595213	7	3	29	5	3217	2647.26180595213	3	3	2	2
TYR234C	5	3	24	8	7345	501.519824539475	5	3	19	5	2884	460.187175466531	2	2	2	2
SER241B	4	4	13	12	375	340.331130635505	3	3	10	7	111	76.3311306355047	2	2	3	3
GLN165D	3	3	3	3	1	1	1	1	1	1	1	1	1	1	1	1
GLN167D	3	3	3	2	1	1	1	1	1	1	1	1	1	1	1	1
ARG282B	9	7	23	13	4663	2349.51142562725	7	6	23	14	2402	775.511425627251	3	3	6	6
TYR126B	6	2	17	2	4175	594.233566260946	5	2	16	2	301	1	3	1	5	0
MET160C	7	3	20	8	603	498	5	3	17	7	191	191	3	2	5	1
SER215C	5	3	19	6	931	297.260579780421	4	3	11	5	1	1	1	1	1	1
CYS277B	4	2	11	2	376	1	3	1	8	0	8	1	2	1	1	0
PRO278B	9	7	23	18	6741	4400	8	6	27	10	1265	302.050397139379	2	2	3	3
ASN200D	5	2	15	6	1033	468.632214479372	4	2	14	4	688	468.632214479372	2	2	5	5
ILE232A	7	5	28	17	764	350.773315496237	5	4	26	15	1	1	1	1	1	1
VAL157A	10	8	32	20	12725	8250.22668450376	8	6	35	17	1	1	1	1	1	1
ARG158B	9	6	23	8	3645	2372.47303041796	6	5	16	6	1923	964.372695813287	4	4	7	6
THR256B	6	5	25	15	2163	1843.7364728766	4	3	12	7	1	1	1	1	1	1
GLY112A	5	5	17	12	7309	5939.23538288437	3	3	8	4	7088	7088	2	2	3	1
LEU111A	8	7	29	17	9946	7622.5	7	7	32	17	1	1	1	1	1	1
PRO98A	4	4	14	8	1557	779	3	3	12	7	2873	1625.70747166713	3	3	6	4
VAL97A	6	5	15	9	1379	1246.38944518237	5	4	15	3	2320	1473.29252833287	3	3	5	2
ARG273A	7	4	25	10	2168	1780.77989996027	5	4	14	9	2212	1	4	1	8	0
VAL272A	8	8	30	19	285	225.02690223169	4	4	17	9	1739	1739	2	2	3	0
PRO177B	4	4	14	12	921	661.800062831181	3	3	10	8	1	1	1	1	1	1
GLU171D	3	2	7	5	532	170.335320878397	2	2	6	5	1	1	1	1	1	1
VAL197D	11	9	30	23	5115	2522.08762113012	10	8	40	20	3611	1477.08762113012	2	2	5	5
GLN144A	7	4	21	7	8541	1753.26461711563	4	3	9	4	468	1	2	1	2	0
ARG158C	8	5	25	7	1024	646.161326970715	5	4	14	5	438	331.340792919617	4	2	7	1
LEU206C	5	4	15	7	372	12.9188861684817	4	3	11	5	1	1	1	1	1	1
GLN100A	5	3	13	5	1411	504.075201967401	4	3	9	5	407	146.687784541603	2	2	3	2
ARG282A	9	6	24	11	10895	6030.62226626603	7	5	23	10	1	1	1	1	1	1
GLY279A	8	8	24	21	2033	1521.18270322248	3	3	8	7	1	1	1	1	1	1
GLU285D	7	4	16	5	2502	512.125897130174	6	4	13	6	1	1	1	1	1	1
LYS132D	4	3	13	4	2777	1919.65190908379	3	3	8	5	1739	1190.49644534835	2	2	4	2
CYS135A	8	5	28	13	377	37	8	5	40	11	341	1	3	1	6	0
GLN104C	4	3	12	7	401	112.371461020438	3	3	11	8	1	1	1	1	1	1
GLY108C	9	8	24	15	3281	2352.21374226838	8	7	29	15	1	1	1	1	1	1
MET246C	9	5	23	13	457	452.170304139352	8	5	34	13	10	5.17030413935218	3	3	11	9
SER240C	4	3	17	10	839	577	4	3	18	9	577	577	3	3	3	1
SER127D	5	3	12	5	965	367.159863783374	5	3	14	3	1	1	1	1	1	1
THR256D	6	5	25	13	7395	6284.16893361927	4	3	13	6	17	17	2	2	4	2
GLY279C	8	8	23	18	5840	5553.36363361026	3	3	9	6	1	1	1	1	1	1
GLY245C	8	8	22	16	11347	8509	6	6	25	19	1	1	1	1	1	1
GLY226D	3	3	3	3	747	747	2	2	3	2	1	1	1	1	1	1
VAL225D	2	2	2	2	1	1	1	1	1	1	1	1	1	1	1	1
LEU130D	5	4	10	7	567	202	4	3	11	4	1	1	1	1	1	1
LEU130C	6	5	11	8	1419	979.55496838315	5	5	12	8	1	1	1	1	1	1
LEU289C	3	3	7	6	377	188.885369544569	3	3	5	5	1	1	1	1	1	1
LEU114B	4	3	14	8	389	195	3	3	8	6	1	1	1	1	1	1
GLN136A	7	4	22	5	2895	453.254604174312	7	4	30	2	1414	299.254604174312	4	3	4	1
THR123A	5	4	18	12	487	165.745395825688	4	3	18	7	337	165.745395825688	2	2	3	2
LEU194A	8	8	31	25	725	551.5	8	8	39	24	355	254	5	5	12	8
ARG156B	7	4	25	9	1791	456.929525432448	5	3	19	4	1064	456.929525432448	3	3	5	4
VAL217B	7	6	25	18	4839	4262.99507188662	5	4	20	8	8999	5461.67147568857	5	4	12	8
PRO98B	5	5	15	9	2380	2139.5	4	4	14	8	1899	1899	3	3	5	2
VAL97B	6	5	13	7	976	720.027742178185	5	4	14	3	602	540	3	3	3	1
THR150B	3	3	9	5	719	277.631499564609	3	3	8	5	1	1	1	1	1	1
THR230A	5	4	12	8	520	520	4	3	10	4	693	614.184102902982	3	3	2	1
THR231A	5	5	14	11	238	238	2	2	3	2	174	79.815897097018	2	2	2	2
ILE162C	5	3	16	3	4413	1015.8628151207	4	3	9	3	1786	642.862815120698	3	2	4	2
ILE254C	6	3	23	3	2023	1381.1371848793	3	3	6	3	2023	1381.1371848793	3	3	3	1
THR102C	4	4	11	8	540	540	3	3	8	5	1	1	1	1	1	1
TYR103C	3	1	8	1	212	1	2	1	4	0	1	1	1	1	1	1
CYS229C	6	4	17	8	5509	2434.58001016162	6	4	17	8	1489	1	2	1	2	0
THR230C	5	5	12	10	328	214.047922014697	4	4	10	7	256	141.15597514656	2	2	1	1
THR211D	5	5	8	6	1481	1481	2	2	5	3	1	1	1	1	1	1
LYS101D	3	1	10	1	375	1	2	1	4	0	1	1	1	1	1	1
SER99D	5	4	14	6	361	91.4300353638463	3	2	7	3	1	1	1	1	1	1
CYS229D	6	5	18	11	4875	1648.66906656247	6	5	19	11	3296	1033.20899998069	4	3	11	5
HIS193C	6	6	16	11	1560	1430.21895720804	5	5	16	11	1	1	1	1	1	1
ARG213B	9	6	21	13	3555	482.846476806297	9	6	24	11	3074	242.346476806297	6	3	10	2
THR211B	5	5	11	8	1481	1481	2	2	8	5	1481	1481	2	2	5	2
CYS242B	7	6	19	11	137	60.6198169154917	5	5	26	15	1	1	1	1	1	1
CYS238B	10	6	34	13	14545	5591.94349478378	10	6	53	20	1	1	1	1	1	1
HIS233D	5	4	19	9	151	94.576694669978	4	3	16	5	1	1	1	1	1	1
ARG273C	7	4	22	9	5883	4899.31991594773	5	4	14	10	93	1	2	1	2	0
CYS275A	7	6	20	14	421	304.283519085786	5	4	22	15	88	39.8852685224073	2	2	5	4
VAL274A	11	10	32	27	7348	6383.11473147759	9	8	42	20	3478	2513.11473147759	6	5	13	4
HIS168B	3	3	7	6	375	234.483133431477	3	3	9	7	1	1	1	1	1	1
HIS178C	7	4	17	5	26552	18365.9640796234	5	4	13	4	41035	18270.9640796234	6	3	9	2
PRO177C	4	4	12	11	377	292.482854491582	3	3	10	8	1	1	2	2	5	2
TYR107D	8	3	33	5	17119	2260.98436636559	6	3	29	6	11612	2069.24427460506	3	2	6	3
LEU137D	6	5	20	9	1787	980.9025908427	5	4	19	7	1027	980.9025908427	4	4	10	6
HIS193D	7	7	17	13	1181	879.167151228389	6	6	20	14	408	377.525019954291	3	3	5	4
HIS214D	5	5	13	10	2195	1143.18356995267	5	5	12	10	509	415.325701226769	2	2	2	2
VAL274C	9	8	27	22	15216	12770.6648516446	8	7	36	19	967	483	3	2	5	1
GLN165B	4	3	4	3	1667	197.013503291077	4	3	6	5	1	1	1	1	1	1
GLN167B	3	3	4	3	654	654	2	2	3	2	1	1	1	1	1	1
PHE212B	3	1	7	1	371	1	2	1	3	0	371	1	2	1	2	0
VAL172B	6	6	18	14	1722	1480.6535231937	4	4	11	6	1722	1480.6535231937	3	3	6	2
LEU137A	6	5	19	8	912	323.671740221171	5	4	24	9	455	323.671740221171	4	4	9	4
ALA161B	7	7	21	18	1064	529.407388662779	5	5	18	16	1	1	1	1	1	1
VAL203A	7	7	22	16	2013	1090.69120525957	6	6	28	18	1	1	1	1	1	1
HIS233C	4	4	12	9	419	245.406194271212	3	3	7	5	1	1	1	1	1	1
VAL172D	5	5	13	10	2128	1617.26758710757	3	3	6	3	1	1	2	2	2	1
VAL173D	7	7	17	16	9709	9063.42318236493	5	5	12	10	888	545	3	3	6	5
LEU145A	7	7	27	20	1066	541	6	6	31	18	1	1	1	1	1	1
GLY279B	8	8	24	21	1331	1111.86889104832	3	3	7	6	2595	2074.81849390894	4	4	5	5
THR118B	6	5	16	13	2809	752.900166307142	6	5	12	10	2038	737.874087246108	4	4	6	6
ASP184B	6	5	15	10	374	113.267191086275	4	3	17	10	1	1	1	1	1	1
ASN263D	5	4	14	10	1117	258.901356165853	5	4	13	7	1	1	2	2	4	3
ASP259D	7	6	20	9	2771	1006.28572798901	4	3	17	7	2027	520.187084154864	2	2	4	3
GLN165A	6	4	14	8	834	275.217464872344	3	3	10	8	1	1	1	1	1	1
HIS168A	3	3	10	7	377	262.81233439372	2	2	7	5	1	1	1	1	1	1
THR256C	7	6	27	17	2132	1325.70068016112	5	4	14	7	13	13	2	2	3	1
LEU114D	4	3	15	9	560	339.075443686682	3	3	9	7	1	1	1	1	1	1
PRO142D	8	6	22	13	1896	172.519158913798	5	4	10	7	1	1	1	1	1	1
THR150A	3	3	8	5	2165	881.816961522321	3	3	7	5	1	1	1	1	1	1
ALA159B	6	6	23	14	749	404.704570051094	4	4	14	8	481	330.439051481955	4	4	6	3
TYR234B	6	2	26	5	3992	29.0609485180454	5	2	21	3	1024	29.0609485180454	3	2	5	3
SER116D	4	2	12	3	1	1	2	1	4	0	1	1	1	1	1	1
ARG174D	5	4	15	7	1658	984.832101416408	3	3	7	5	202	1	3	2	3	1
CYS275C	7	7	20	16	6768	3441.13353539429	5	5	19	16	6682	1762.60685595781	2	2	4	2
THR150C	3	3	10	7	711	276.691364016104	3	3	9	7	1	1	1	1	1	1
LEU265B	8	5	25	15	2392	2335.5	6	4	24	9	1	1	1	1	1	1
ALA138B	4	4	13	7	319	291.852197970454	3	3	8	3	1	1	1	1	1	1
LEU137B	7	6	25	14	2807	1361.84335202697	6	5	33	14	1	1	1	1	1	1
ASN239A	5	2	20	4	780	19.3282597788291	4	2	19	3	695	19.3282597788291	3	2	8	3
ALA276D	5	3	12	7	287	1	3	1	8	0	1	1	1	1	1	1
CYS277D	6	3	11	2	569	30.3215808844303	4	2	9	1	100	30.3215808844303	3	2	3	1
ARG283C	3	2	10	3	134	74.6346187901434	2	2	6	3	1	1	1	1	1	1
PHE270B	8	4	24	12	14595	3653.27655081821	7	4	28	11	3541	1	3	1	4	0
VAL272B	8	8	27	20	607	536.0811381333	4	4	17	12	335	335	2	2	4	1
VAL218A	8	8	25	20	2475	1496.38361521738	6	6	28	21	1	1	1	1	1	1
LEU145C	7	7	30	22	1340	764.853931651083	6	6	27	17	189	95	2	2	2	2
MET133A	6	6	22	16	1447	1011.54158648291	6	6	23	15	993	726.541586482914	3	3	7	5
PHE113A	6	3	15	4	7550	6545	5	3	16	3	11155	3439	4	2	5	0
ILE232B	6	4	25	16	631	150.889123195873	5	4	26	15	246	150.889123195873	4	4	9	8
VAL218C	7	7	18	15	7009	4991.85849313226	5	5	21	16	761	146.161875106337	2	2	2	2
MET169B	5	2	12	2	597	120	4	2	13	0	478	1	3	1	7	0
ALA189C	6	6	16	12	2098	1224.8460609322	4	4	16	10	1	1	1	1	1	1
PRO190C	5	4	15	10	6593	6593	2	2	7	3	1	1	1	1	1	1
ILE255B	9	5	35	13	4202	1016.73448143086	6	3	26	4	3793	2308	3	3	4	3
ARG280B	5	3	12	4	8	8	2	2	2	0	8	8	2	2	1	0
ASP281B	5	4	17	6	841	155.128394414618	3	3	8	6	14	6.31406741120085	2	2	2	2
ARG110A	5	3	13	2	573	67.9797221548795	5	3	15	3	3	2.27720252179226	2	2	4	2
ASP148A	5	3	15	7	247	66.9231637851535	3	3	11	8	377	66.9231637851535	5	3	5	2
ASP228B	4	1	11	1	375	1	4	1	12	0	7	1	3	1	6	0
HIS178B	9	5	29	12	39686	10717.5124741733	7	5	28	11	26694	10627.1761792164	5	4	6	3
LEU265D	10	7	34	19	25745	20040.8924620236	8	6	37	16	19010	13480.3924620236	3	2	10	3
THR140A	6	4	16	7	797	348.626586919073	4	3	8	3	1	1	1	1	1	1
ALA189D	6	5	16	10	2210	1240.85519037044	4	3	15	8	756	1	2	1	2	0
LYS164D	2	2	4	2	375	269.941927455534	2	2	3	2	375	269.941927455534	2	2	4	2
HIS233A	4	3	14	6	400	116.719198860053	3	2	12	2	1	1	1	1	1	1
PHE212C	3	1	6	1	377	1	2	1	2	0	1	1	1	1	1	1
VAL172C	5	5	15	12	3011	2267.85340054288	3	3	9	5	5931	4262.80754311697	3	3	8	5
GLY117A	5	5	14	11	749	415.723170309642	4	4	12	11	1	1	1	1	1	1
SER116A	4	2	11	3	1	1	2	1	3	0	3	3	2	2	1	0
GLY105A	7	7	18	13	1113	1113	6	6	18	10	1	1	1	1	1	1
TYR107A	6	2	20	2	2121	204.299245892124	4	2	12	2	1	1	1	1	1	1
TYR107C	6	2	24	2	519	100.56806073959	5	2	20	2	1	1	1	1	1	1
TYR220B	6	2	24	5	4765	2.5	6	2	31	4	1	1	1	1	1	1
ARG174C	5	4	13	7	410	212.727076187295	3	3	6	6	72	1	2	1	4	0
MET237D	6	3	19	6	6945	1473.75117352365	5	3	17	6	6945	1473.75117352365	5	3	10	3
GLY105C	6	6	17	14	1123	1123	5	5	17	11	1	1	1	1	1	1
SER240A	4	3	18	12	1665	989	4	3	19	10	989	989	3	3	8	4
TRP146B	7	4	21	7	546	474.36265197151	5	3	17	3	1042	206.177300558956	2	2	5	3
VAL173B	8	8	20	19	9425	9012.09261133722	6	6	18	14	1	1	1	1	1	1
SER121B	2	2	5	5	1	1	1	1	1	1	1	1	1	1	1	1
VAL122B	6	5	12	11	221	132.484350119692	3	3	3	2	221	132.484350119692	2	2	3	3
PRO152A	5	3	15	5	2137	1167.70075410788	4	3	17	5	1	1	1	1	1	1
CYS229B	6	4	19	11	5795	2386.4769638999	6	4	21	10	5618	2314.83961587141	4	2	11	3
THR230B	6	6	14	12	395	273.165959314374	5	5	13	8	353	231.165959314374	3	3	5	4
GLU224C	2	1	2	1	1	1	1	1	1	1	1	1	1	1	1	1
VAL225C	3	3	2	2	1	1	1	1	1	1	1	1	1	1	1	1
ARG267A	7	4	18	6	4695	1276.97573838528	4	3	5	1	1	1	1	1	1	1
GLU258A	5	2	21	4	19813	1819.60974729167	5	2	20	4	1	1	1	1	1	1
GLY262A	6	6	12	11	664	664	4	4	9	4	1	1	1	1	1	1
SER96C	3	1	10	1	377	1	3	1	12	0	1	1	1	1	1	1
LEU188D	5	3	13	9	1343	590.752999708053	4	3	11	8	614	226.252999708054	3	2	3	1
TYR205C	8	4	28	16	13985	709.100710406784	8	4	34	14	1	1	1	1	1	1
VAL216C	9	9	24	21	1081	1059	7	7	32	23	1	1	1	1	1	1
THR155C	8	7	20	13	2083	1287.43800126731	8	7	33	18	835	93	3	2	6	1
ASP186A	5	4	10	8	1367	1367	4	3	10	4	1367	1367	3	3	4	2
LEU111D	9	8	32	21	1287	1226	7	7	28	18	54	27.5	3	3	7	5
CYS277C	7	4	16	6	1537	531.370556246671	5	3	12	3	673	337	3	3	6	4
GLY154B	5	5	15	12	1111	1111	4	4	13	9	1	1	1	1	1	1
GLN104A	4	2	13	2	103	37.2974803669127	3	2	11	2	1	1	1	1	1	1
GLY108A	9	8	26	13	832	757.799633693054	8	7	30	12	245	179.799633693054	2	2	4	2
ARG273D	7	3	25	5	1191	942.048306153516	5	3	15	6	1181	1	5	1	12	0
VAL272D	9	9	27	22	1093	956.232894708452	5	5	18	13	791	791	5	5	15	5
ARG110D	4	2	13	2	387	5.21549316856996	4	2	14	2	1	1	1	1	1	1
ASN268D	6	4	21	8	1497	842	5	3	18	2	1	1	1	1	1	1
GLY266C	8	8	26	20	916	916	5	5	16	9	1	1	1	1	1	1
PHE270A	8	3	25	10	15365	1760.17122579949	7	3	24	7	7100	1	3	1	4	0
ASN263C	5	3	11	4	1123	261.615259727208	5	3	10	1	1	1	1	1	1	1
GLY262C	5	5	9	9	375	375	3	3	6	3	1	1	1	1	1	1
ARG196B	8	6	27	15	949	521.427273133778	7	6	28	15	1	1	1	1	1	1
PRO191C	4	3	11	6	7995	1	2	1	6	0	1	1	1	1	1	1
GLU271C	6	4	13	5	3797	907.686394529642	5	4	11	6	1815	552.676183530982	3	2	4	1
PRO250C	5	4	13	7	1241	1106.47863383298	5	4	14	7	1	1	1	1	1	1
PHE134D	6	4	22	11	675	432.309031978754	4	3	14	8	163	1	3	1	4	0
GLY199C	3	3	6	4	410	410	2	2	3	1	1	1	1	1	1	1
VAL197C	10	8	30	22	5165	4304.54245373128	9	7	37	18	1	1	1	1	1	1
ARG283A	3	2	10	4	315	176.395040545828	2	2	5	4	1	1	1	1	1	1
THR118A	6	5	16	13	4945	2740.33349315052	6	5	13	10	1	1	1	1	1	1
ALA159C	6	6	24	16	647	361.218369508396	4	4	16	10	334	111.55101858134	2	2	2	2
ARG175C	7	6	22	15	25741	25654.7625151141	7	6	27	12	17483	17483	4	3	13	4
ASP184C	5	4	14	8	561	87.2374848859469	3	2	12	5	1	1	1	1	1	1
ARG280C	4	2	12	3	661	466.629443753329	2	2	4	2	1	1	1	1	1	1
ARG267C	8	5	17	9	1838	788.76197114003	5	4	8	4	655	614.874725441726	3	3	2	1
ILE232D	6	4	25	16	2427	1574.95721346717	5	4	23	13	2427	1574.95721346717	4	4	10	9
VAL157D	9	8	26	19	23083	13338.0427865328	7	6	25	14	9942	818.542786532825	4	3	10	5
GLN136D	4	3	9	6	837	204.652315031497	4	3	10	3	1	1	1	1	1	1
PRO278D	7	7	19	17	2284	1518.77110186059	6	6	16	10	1706	700.106030013779	2	2	3	3
ALA138A	4	4	12	6	374	268.327428232755	3	3	8	3	1	1	1	1	1	1
ASP208C	4	4	6	5	1	1	1	1	1	1	1	1	1	1	1	1
ALA119D	4	3	9	5	731	731	2	2	5	4	1	1	1	1	1	1
PHE109B	8	3	33	12	3866	1545	7	2	29	2	1	1	1	1	1	1
PRO190D	5	4	16	11	1612	1612	2	2	7	4	1	1	1	1	1	1
ARG174B	5	4	17	8	1742	900.566927966456	3	3	8	6	1	1	1	1	1	1
PRO191D	4	3	12	5	1	1	2	1	6	0	1	1	1	1	1	1
LEU264B	5	5	16	12	53	53	2	2	3	0	1	1	1	1	1	1
GLU287B	3	1	3	1	1	1	2	1	2	0	1	1	1	1	1	1
LEU289B	3	3	3	2	3	3	3	3	2	0	1	1	1	1	1	1
GLU285C	6	4	18	6	5933	872.124872761791	5	4	13	7	1	1	1	1	1	1
THR284C	4	4	7	5	1	1	1	1	1	1	1	1	1	1	1	1
ASP207D	4	4	10	10	671	125.14927881894	3	3	9	9	671	125.14927881894	3	3	3	3
ALA138C	4	4	11	6	422	387.09100412291	3	3	6	2	1	1	1	1	1	1
LYS139C	4	1	11	1	506	1	3	1	5	0	171	1	2	1	1	0
THR123C	4	4	12	10	293	160.5	3	3	7	5	1	1	1	1	1	1
CYS277A	6	3	14	3	551	13.2852691279998	4	2	11	1	1	1	1	1	1	1
LEU206A	4	3	12	5	376	78.5	3	2	10	4	2	1.78516405892704	2	2	3	2
ASN235C	4	4	9	6	545	394.59790697967	4	4	8	4	171	171	2	2	1	0
GLY199D	3	3	6	4	346	346	2	2	3	1	1	1	1	1	1	1
GLU198A	5	3	15	6	1331	226.014495466084	4	3	15	5	1	1	1	1	1	1
GLY199A	3	3	7	4	393	393	2	2	3	1	1	1	1	1	1	1
SER261A	6	2	14	3	189	58.2879964870551	3	2	7	3	189	58.2879964870551	2	2	5	2
VAL216B	8	8	24	19	3675	3552.5	6	6	27	17	246	123.5	2	2	3	3
GLY244D	4	4	7	7	747	315.183638022198	3	3	6	6	1121	689.183638022198	3	3	3	2
ILE162A	5	3	17	3	9079	1397.2929580013	4	3	10	4	4826	1397.2929580013	4	3	4	2
VAL173A	8	8	20	19	8798	8429.19921531768	6	6	21	17	2355	1003.00538085313	5	5	10	9
GLY187C	4	3	8	4	202	67.600159463063	3	2	6	2	1	1	1	1	1	1
LEU188C	5	3	13	8	283	125.899840536937	4	3	11	7	1	1	1	1	1	1
GLY154D	5	5	14	11	747	747	4	4	13	9	1	1	1	1	1	1
THR155D	9	8	26	17	1753	912.739980566267	9	8	36	20	1	1	1	1	1	1
GLN192B	5	2	10	3	1121	277.590884126327	4	2	8	2	1	1	1	1	1	1
THR231D	5	5	16	13	1393	1393	2	2	4	3	333	149.616845871287	2	2	2	2
ILE162B	5	2	17	2	7701	752.143328492535	4	2	10	2	4702	752.143328492535	3	2	4	1
ASN200C	5	2	14	6	1157	382.753917244578	4	2	13	4	1	1	1	1	1	1
ASN247C	2	1	7	1	1	1	1	1	1	1	1	1	1	1	1	1
GLN144C	8	5	24	8	6229	939.625005856817	5	4	14	7	203	102	3	2	5	2
ASP259C	6	5	12	4	2237	488.384740272792	3	2	9	2	1	1	1	1	1	1
SER261C	5	1	8	1	1	1	2	1	4	0	1	1	1	1	1	1
GLY262D	5	5	11	11	373	373	3	3	6	4	1	1	1	1	1	1
SER106A	3	2	9	2	230	1	2	1	5	0	1	1	1	1	1	1
THR140D	6	5	17	12	170	60.6068271872744	4	3	9	4	1	1	1	1	1	1
GLN167A	3	3	5	4	1	1	1	1	1	1	1	1	1	1	1	1
SER166A	3	2	7	2	1	1	1	1	1	1	1	1	1	1	1	1
GLU285A	6	4	17	6	2225	340.896044004945	5	4	13	7	1	1	1	1	1	1
PRO98C	4	4	14	8	891	446	3	3	12	7	1	1	2	2	2	1
LYS132C	4	3	13	5	3628	2755.49197457267	3	3	8	6	1805	1253.32381646902	2	2	2	1
ASP208A	4	4	6	5	1	1	1	1	1	1	1	1	1	1	1	1
ARG110C	5	3	13	2	377	11.3567448898466	5	3	16	4	1	1	1	1	1	1
PRO222B	5	3	10	3	185	93	3	2	6	2	674	1	2	1	4	0
GLN192C	4	3	6	3	441	311.564488752716	3	3	3	3	1	1	1	1	1	1
ILE195A	5	4	20	10	1561	554.940969151383	5	4	20	8	1	1	1	1	1	1
MET246A	9	5	26	14	2433	1219	8	5	35	14	1	1	2	2	4	4
GLU224A	2	1	2	1	1	1	1	1	1	1	1	1	1	1	1	1
VAL225A	3	2	2	1	1	1	1	1	1	1	1	1	1	1	1	1
THR125D	6	6	20	15	1734	1070.80217462145	4	4	12	10	1097	790.856335457969	4	4	6	2
ASP207B	4	3	11	10	374	42.3081490193805	3	3	10	10	375	42.3081490193805	4	3	5	3
LEU206B	4	3	13	7	374	9.5	3	2	10	4	19	10.5	3	3	6	5
SER185B	4	3	9	5	375	337.106189177151	3	3	6	4	1	1	1	1	1	1
THR123B	5	4	17	10	891	547.300983768709	4	3	17	6	1	1	1	1	1	1
SER106C	2	1	5	1	377	1	2	1	4	0	1	1	1	1	1	1
GLU271B	5	3	14	2	2537	377.14497069819	4	3	8	3	1159	356.626503056752	2	2	1	1
LYS164B	3	2	8	2	375	50.481532358562	3	2	7	2	1	1	1	1	1	1
VAL197A	11	9	32	24	3745	2734	10	8	38	19	109	109	2	2	5	3
TYR236B	8	4	30	12	18665	3990.38137218087	8	4	35	10	1	1	1	1	1	1
SER260B	4	2	9	1	371	1	2	1	3	0	1	1	1	1	1	1
SER261B	5	1	8	1	1	1	2	1	3	0	1	1	1	1	1	1
CYS135C	7	6	29	17	4985	965.347029850253	6	5	25	14	1	1	1	1	1	1
GLY244A	3	3	5	5	751	363.622043513929	2	2	3	3	1	1	1	1	1	1
GLY245A	6	6	18	14	2513	1695.87795648607	4	4	14	11	1	1	1	1	1	1
ASN288B	3	2	3	1	3	1	2	1	2	0	1	1	1	1	1	1
GLY108B	8	7	24	13	1255	1140.61062251144	7	6	24	10	1	1	1	1	1	1
HIS179C	7	6	23	13	17360	1561.92607984348	6	5	31	17	30910	15831.1177412431	5	4	17	9
LEU137C	7	6	20	12	8208	3422.34556803031	6	5	29	12	3649	2380.34556803031	3	3	7	4
SER116C	4	2	9	3	1	1	2	1	3	0	1	1	1	1	1	1
VAL122C	7	5	14	10	825	622.636366389739	4	4	9	5	1	1	1	1	1	1
SER121C	2	2	6	5	1	1	1	1	1	1	1	1	1	1	1	1
PHE134C	6	4	22	11	692	482.689558289812	4	3	13	8	1	1	1	1	1	1
LEU194B	6	6	23	19	3495	2680	6	6	28	20	1	1	1	1	1	1
TYR107B	4	2	14	3	525	88.163461572054	3	2	8	3	1	1	1	1	1	1
ASN263B	4	3	7	4	375	146.400930639174	4	3	5	1	1	1	1	1	1	1
ASN239C	6	2	22	5	1035	112.536690726588	5	2	28	4	850	112.536690726588	4	2	11	2
CYS242C	7	5	17	9	389	184.855500351174	5	4	26	14	43	17.4720268791393	2	2	7	5
GLY279D	8	8	23	19	3328	2423.68288259091	3	3	9	7	5033	3429.57685257714	4	4	5	5
GLN192D	5	2	9	3	1119	217.667898583592	4	2	7	2	375	1	2	1	1	0
THR125B	7	7	23	20	4592	3646.29622194359	5	5	18	14	1591	1027.21058149488	4	4	5	2
ARG209A	3	1	4	1	1	1	1	1	1	1	1	1	1	1	1	1
ASN210A	4	2	6	1	1	1	1	1	1	1	1	1	1	1	1	1
HIS168C	3	3	8	7	1081	455.563002593877	2	2	7	5	1	1	1	1	1	1
PRO152D	5	3	16	7	1065	689.259908239463	4	3	20	7	1	1	1	1	1	1
PRO153D	3	2	6	3	1	1	1	1	1	1	1	1	1	1	1	1
ARG283B	3	2	10	4	117	68.0506644637482	2	2	5	4	117	68.0506644637482	2	2	3	3
THR253B	7	7	25	15	15683	8059.76093886762	5	5	20	12	3045	1560	3	3	4	3
ARG196A	8	6	26	13	2221	902.496557067818	7	6	29	15	1712	359.235386945091	6	4	11	6
PRO223D	5	5	9	8	1273	1186.55846839107	4	4	12	7	1971	1884.55846839107	5	5	8	4
THR230D	6	5	12	8	159	135.441531608931	5	4	10	3	443	270.824685737644	3	3	5	5
GLY108D	9	8	28	14	8014	4404.17549776872	8	7	30	10	1	1	1	1	1	1
SER96B	3	2	10	4	375	194.972257821815	3	2	12	3	1	1	1	1	1	1
ILE251D	3	3	10	7	375	188	3	3	11	8	375	188	2	2	4	4
GLY117B	4	4	11	9	729	398.888280490253	3	3	9	8	1	1	1	1	1	1
PRO250D	3	3	6	6	1121	1121	3	3	7	5	1	1	1	1	1	1
THR256A	6	5	24	14	3326	3167	4	3	12	6	1	1	1	1	1	1
CYS124B	6	5	19	15	548	406.175000944364	5	4	14	10	1	1	1	1	1	1
MET133B	5	5	16	14	1135	788.588608010668	5	5	17	13	1	1	1	1	1	1
MET237C	5	3	16	7	11079	2128.09942621602	5	3	19	7	9951	2093.19043033893	3	2	4	1
SER149D	4	2	13	3	756	1	3	1	12	0	1	1	1	1	1	1
ASN247A	2	1	5	1	1	1	1	1	1	1	1	1	1	1	1	1
VAL143B	7	7	25	19	1729	1506.5	5	5	20	14	57	29	2	2	3	3
HIS178D	4	1	10	1	113	1	2	1	6	0	263	1	2	1	4	0
GLN165C	4	3	11	8	415	371.521366167024	3	3	11	8	1	1	1	1	1	1
ARG280A	5	3	14	5	91	78.7147308720002	2	2	3	1	1	1	1	1	1	1
THR284A	4	3	8	6	1	1	1	1	1	1	1	1	1	1	1	1
ASP186C	5	4	10	7	744	645.396530999712	4	3	9	5	1	1	1	1	1	1
ARG282D	9	7	24	12	9435	5585.73134502073	7	6	22	13	4486	963.731345020731	3	3	6	6
VAL274B	11	10	31	26	30595	29332.7805887544	9	8	45	26	813	813	2	2	4	1
PRO223C	5	5	9	9	979	976.032382267537	4	4	11	7	1	1	1	1	1	1
ALA276B	5	3	14	5	382	1	3	1	13	0	1	1	1	1	1	1
CYS275B	6	5	20	15	397	216.143498365686	5	5	21	16	101	60.2486497940716	3	3	5	2
ALA119C	4	3	10	4	745	745	2	2	6	3	1	1	1	1	1	1
LYS120C	2	1	3	1	1	1	1	1	1	1	1	1	1	1	1	1
SER106D	6	3	19	7	13946	1	5	2	17	4	9801	5922	3	2	5	1
GLY266B	8	8	24	17	1303	1303	5	5	17	7	1	1	1	1	1	1
TYR103B	5	1	13	1	801	1	4	1	10	0	1	1	1	1	1	1
GLU286B	3	3	10	7	5	3.05851735031961	2	2	4	2	1	1	1	1	1	1
SER127B	5	3	11	3	1075	349.818770253065	5	3	12	3	1	1	1	1	1	1
LYS132B	4	3	11	4	2021	1513.1084771144	3	3	7	5	1159	803.373496943248	2	2	1	1
ASN268B	7	4	19	8	1587	1114	5	3	15	2	375	1	2	1	1	0
ARG209B	3	1	4	1	1	1	1	1	1	1	1	1	1	1	1	1
ASP208B	4	4	6	5	1	1	1	1	1	1	1	1	1	1	1	1
PRO223A	5	5	9	8	573	573	4	4	11	6	385	385	2	2	1	0
LYS101A	3	1	8	1	364	1	2	1	3	0	1	1	1	1	1	1
SER99A	4	4	10	5	1176	263.024261614725	2	2	3	2	1	1	1	1	1	1
THR170A	4	4	11	9	376	133.610554817634	2	2	4	3	2	2	3	3	4	0
GLU221B	4	3	8	3	166	41.5	3	2	6	2	82	41.5	2	2	2	2
ILE254A	6	3	21	4	4420	3284.0192574571	3	3	6	4	4420	3284.0192574571	2	2	3	2
THR155A	9	8	26	16	4431	2975.13595943594	9	8	36	19	1	1	1	1	1	1
LEU264C	6	5	21	16	937	633.412074140576	3	2	6	3	1	1	1	1	1	1
LEU130B	4	3	8	5	477	130.122712396616	3	3	8	5	1	1	1	1	1	1
HIS214A	6	6	19	15	1045	378.926900532738	6	6	20	15	365	247.863583762479	4	4	10	6
ASN263A	4	3	9	5	783	165.69236740137	4	3	8	3	1	1	1	1	1	1
GLU204B	5	2	16	3	375	2.07540268092878	5	2	18	2	5	2.07540268092878	2	2	2	2
LYS132A	4	3	11	4	1555	1140.37721713066	3	3	7	5	1062	744.230818847011	2	2	2	2
PRO153C	3	2	6	3	1	1	1	1	1	1	3	1	2	1	3	0
ASN239D	6	2	21	4	559	18.799652779647	4	2	18	3	516	18.799652779647	3	2	7	3
ASP148D	5	3	13	7	374	99.609009062714	4	3	15	7	1	1	1	1	1	1
TYR220D	5	2	21	5	21137	1	5	2	26	4	1	1	1	1	1	1
GLU180C	2	2	3	2	377	91.2084350599891	2	2	2	2	1	1	1	1	1	1
LEU252C	4	4	12	5	2013	1675	4	4	12	5	281	281	2	2	4	0
GLU221C	4	3	6	3	176	27	3	2	5	2	53	27	2	2	2	2
PRO222C	4	3	6	3	208	104.5	2	2	2	2	1	1	1	1	1	1
ASN131D	3	3	10	3	1677	1458.71630302467	3	3	10	3	978	978	2	2	5	1
LEU265C	8	6	23	11	2780	2756	6	5	18	5	1	1	1	1	1	1
ASP281C	5	4	16	10	5535	1551.73587712445	4	4	12	9	1	1	1	1	1	1
ASP228D	4	1	9	1	375	1	4	1	10	0	6	1	3	1	6	0
VAL147A	7	6	25	11	8899	8899	5	4	26	6	17	17	2	2	4	2
CYS238C	10	6	30	12	3613	842.851198701816	10	6	50	18	2164	842.851198701816	8	6	19	9
VAL122A	7	5	14	11	631	386.08674588471	4	4	6	5	1	1	1	1	1	1
CYS141D	8	7	22	14	785	304.094813486038	5	5	19	13	1	1	1	1	1	1
ILE254D	7	4	22	6	6279	5079.55403979963	4	4	8	5	4403	3203.55403979963	2	2	2	2
LEU257D	6	5	28	15	12519	6155.76001943373	6	5	33	18	1	1	1	1	1	1
SER166B	3	2	5	2	120	1	2	1	3	0	1	1	1	1	1	1
ILE232C	6	4	25	16	1361	299.569262994355	5	4	23	14	494	293.069262994355	3	3	5	4
ALA159A	6	6	23	15	1869	1401.38819904129	4	4	14	9	1	1	1	1	1	1
TYR234A	7	4	29	11	5961	372.363233480114	5	3	21	5	1	1	1	1	1	1
GLY266D	9	9	31	23	6511	6072.40045380368	6	6	23	12	642	203.400453803681	2	2	6	5
PRO190A	5	4	16	10	1756	1756	2	2	7	3	1	1	1	1	1	1
GLU286A	5	3	13	6	381	3.07042506829443	4	2	11	2	1	1	1	1	1	1
MET243D	2	1	3	1	1	1	1	1	1	1	375	1	2	1	2	0
THR231C	5	5	15	13	176	176	2	2	4	3	256	115.84402485344	2	2	1	1
ILE255A	9	5	32	13	4016	1151.7485674786	6	3	28	5	1	1	1	1	1	1
SER227D	4	3	6	4	1863	941.417762147627	4	3	9	4	1117	941.417762147627	3	3	5	2
PHE113B	6	3	18	5	8917	4257	6	3	22	4	4409	301	3	2	4	0
PHE134B	5	4	18	11	1105	955.887907891906	4	3	14	8	1	1	2	1	3	0
ALA129B	3	3	5	5	1	1	1	1	1	1	1	1	1	1	1	1
PRO128B	5	5	12	8	1107	1107	4	4	14	8	1	1	1	1	1	1
PRO142A	7	5	20	12	881	225.755617074934	4	3	8	6	1	1	2	2	4	4
MET133C	5	5	16	13	1099	763.33952368344	5	5	13	11	187	94	2	2	3	3
THR170D	3	3	5	3	1	1	1	1	1	1	1	1	1	1	1	1
ASN210C	4	2	6	1	1	1	1	1	1	1	1	1	1	1	1	1
ALA161C	6	6	20	16	1528	716.312317503448	4	4	13	12	941	465.485962108085	3	3	6	5
GLY187B	4	4	8	5	463	85.0177422976004	3	3	5	4	1	1	1	1	1	1
LYS139B	5	1	15	1	623	1	4	1	11	0	1	1	1	1	1	1
TYR205B	8	4	28	16	21675	2500.06415082972	8	4	34	15	1	1	1	1	1	1
VAL203B	7	7	22	16	11579	7274.45880480891	6	6	28	18	5663	1426.45880480891	2	2	5	5
ASN131B	3	3	10	4	4065	3471.76643373905	3	3	10	4	2185	2185	2	2	2	0
LEU264D	6	5	23	18	1	1	3	2	8	5	1	1	2	2	6	5
PRO250A	4	4	10	7	2765	2490.78253512766	4	4	10	7	1	1	1	1	1	1
GLU224B	2	1	2	1	1	1	1	1	1	1	1	1	1	1	1	1
VAL225B	3	3	2	2	1	1	1	1	1	1	1	1	1	1	1	1
ASN288C	2	2	3	3	1	1	1	1	1	1	1	1	1	1	1	1
GLU171C	3	2	9	5	533	156.341884467704	2	2	7	5	1	1	1	1	1	1
LEU289A	4	4	8	7	379	378	4	4	8	6	1	1	1	1	1	1
THR170C	4	4	8	6	219	75.4017379205706	2	2	4	3	1	1	1	1	1	1
CYS124D	6	5	20	15	558	421.179174764473	5	4	16	11	1	1	1	1	1	1
LEU264A	6	5	18	12	779	779	3	2	6	0	1	1	1	1	1	1
THR123D	5	5	14	10	681	501.347684968503	4	4	10	5	1	1	1	1	1	1
CYS182B	4	3	16	9	374	283.663705043156	3	3	12	8	1	1	1	1	1	1
PRO177A	3	3	7	5	377	284.394452130258	2	2	6	5	1	1	1	1	1	1
SER185D	4	3	8	5	375	336.523527845129	4	3	8	4	1	1	1	1	1	1
ALA159D	6	6	23	15	1529	1162.92641498874	4	4	15	10	235	79.1953654093127	2	2	2	2
LEU114C	4	3	14	8	567	347.416557674178	3	3	8	6	567	347.416557674178	3	3	5	4
THR231B	5	4	14	8	377	377	2	2	3	2	43	1	2	1	2	0
MET160A	7	3	21	7	5019	4955	5	3	17	6	2180	2180	2	2	4	2
SER149C	4	2	14	3	376	1	3	1	14	0	1	1	1	1	1	1
LEU111C	8	7	28	17	974	967	6	6	24	13	1	1	1	1	1	1
GLY154C	5	5	14	11	1115	1115	4	4	13	9	1117	1117	4	4	4	1
ALA129C	4	4	8	8	1	1	2	2	2	2	1	1	1	1	1	1
SER127C	5	3	13	5	823	267.70892912545	5	3	15	5	1	1	1	1	1	1
GLY199B	3	3	7	4	385	385	2	2	3	1	1	1	1	1	1	1
LEU188B	5	3	12	8	547	110.876068525249	4	3	11	7	1	1	1	1	1	1
PRO153A	3	2	6	3	1	1	1	1	1	1	1	1	1	1	1	1
ASN210B	4	2	6	1	1	1	1	1	1	1	1	1	1	1	1	1
LEU194D	5	5	19	15	1533	999.740568203554	5	5	20	14	1533	999.740568203554	5	5	8	6
GLN136C	4	3	11	7	905	684.5	4	3	11	4	552	552	2	2	4	2
SER149A	6	4	20	8	19113	3101.13867962042	4	3	14	4	787	451	3	3	6	4
SER149B	4	2	11	2	374	1	3	1	11	0	1	1	1	1	1	1
VAL217D	6	6	21	17	8087	8061.00214841056	4	4	14	8	14736	9575.62144383509	4	4	10	9
LEU206D	5	4	14	6	1305	333.234947041906	4	3	13	5	1305	333.234947041906	4	3	7	3
ARG280D	4	2	10	2	100	70.6784191155697	2	2	3	1	100	70.6784191155697	2	2	2	1
GLN167C	4	3	3	3	1	1	1	1	1	1	1	1	1	1	1	1
SER166C	2	2	3	2	1	1	1	1	1	1	1	1	1	1	1	1
ASN210D	4	2	6	1	1	1	1	1	1	1	1	1	1	1	1	1
SER185A	5	3	11	5	377	344.906689544503	5	3	15	4	1	1	1	1	1	1
PRO219A	3	3	8	8	520	274.557720156304	2	2	2	2	1	1	1	1	1	1
HIS115A	2	2	5	3	377	377	2	2	4	2	1	1	1	1	1	1
ARG196C	8	6	26	14	7267	4105.46626732238	7	6	25	13	5424	3331.80956966107	2	2	2	1
ALA161A	7	7	23	19	1299	606.859815530933	5	5	20	18	627	315.300784682316	3	3	7	6
GLU286D	4	3	12	7	3	1.84013621662611	3	2	7	2	1	1	1	1	1	1
ALA129A	4	4	8	8	3	2	2	2	3	3	1	1	1	1	1	1
ASN235B	5	5	13	7	388	349.285737496408	4	4	9	4	1	1	1	1	1	1
GLU286C	4	3	13	7	32	16.8507329468304	3	2	8	2	1	1	1	1	1	1
PRO250B	4	4	7	6	3119	2922.98649670892	4	4	10	7	1	1	1	1	1	1
PRO153B	3	2	6	4	1	1	1	1	1	1	1	1	1	1	1	1
ALA119A	4	3	8	5	745	745	2	2	5	4	1	1	1	1	1	1
LYS120A	2	1	3	1	1	1	1	1	1	1	1	1	1	1	1	1
ASN200A	6	2	16	7	1463	541.425179523055	4	2	15	5	1	1	1	1	1	1
CYS135D	6	6	24	19	369	185.787890102468	5	5	21	16	7	7	2	2	2	0
GLY112C	5	5	17	12	4745	4359.24024562798	3	3	8	5	4612	4612	2	2	2	1
ARG110B	4	2	15	2	992	373.783514023437	3	2	6	2	1	1	1	1	1	1
ASP228C	4	2	9	2	377	2.88861921069256	4	2	10	2	5	2.88861921069256	2	2	2	2
ARG273B	7	3	24	6	1003	714.62295579131	5	3	13	6	1320	36.4372827947275	5	2	5	2
VAL203C	8	8	23	19	11483	7123.84513589188	7	7	32	23	1	1	1	1	1	1
MET169A	8	5	19	7	1898	895	5	3	19	3	1004	1	4	1	8	0
GLU258C	5	2	22	4	3017	95.6592070803831	5	2	21	3	1876	95.6592070803831	3	2	6	1
ALA129D	3	3	6	6	1	1	1	1	1	1	1	1	1	1	1	1
ASP281A	6	5	17	8	936	198.335602426261	4	4	11	7	1	1	1	1	1	1
SER116B	4	2	9	3	1	1	2	1	2	0	1	1	1	1	1	1
SER241D	3	3	10	6	1	1	1	1	1	1	1	1	1	1	1	1
VAL97D	4	4	5	4	1978	1858.08880017564	3	3	3	1	1604	1604	2	2	1	0
PRO222A	4	3	6	3	907	454	2	2	2	2	385	1	2	1	1	0
SER227C	4	3	6	4	2615	1491.11138078931	4	3	9	4	1493	1491.11138078931	3	3	2	1
LYS101B	3	1	8	1	375	1	2	1	3	0	1	1	1	1	1	1
GLN136B	7	4	22	5	10397	768.699016231291	7	4	29	2	1	1	1	1	1	1
GLN192A	5	3	9	2	457	150.212090221306	4	3	8	3	457	150.212090221306	3	3	4	3
GLU180A	2	2	4	2	377	260.578250777351	2	2	3	2	377	260.578250777351	2	2	2	2
ILE251C	3	3	11	8	377	189	3	3	12	9	377	189	2	2	4	4
LEU194C	6	6	22	17	1869	1417.32969586065	6	6	25	18	1806	1385.82969586065	5	5	14	12
CYS182A	2	2	1	1	1	1	1	1	1	1	1	1	1	1	1	1
SER183A	2	1	1	1	1	1	1	1	1	1	1	1	1	1	1	1
MET133D	6	5	20	14	953	711.93812164702	6	5	20	13	1	1	1	1	1	1
PRO191A	4	3	12	6	2984	1	2	1	6	0	1	1	1	1	1	1
ARG248C	2	1	4	1	377	1	2	1	4	0	1	1	1	1	1	1
ASP207C	4	3	10	8	390	73.8651794189091	3	3	8	8	1	1	1	1	1	1
VAL143A	7	7	24	16	2492	2138	5	5	21	15	1	1	1	1	1	1
SER121D	2	2	7	6	1	1	1	1	1	1	1	1	1	1	1	1
THR102A	3	3	8	4	374	374	2	2	4	2	1	1	1	1	1	1
GLY117C	4	4	10	7	725	423.528788991036	3	3	9	6	1	1	1	1	1	1
ILE195D	4	3	16	6	1595	631.693726316204	4	3	14	4	588	341.693726316204	2	2	2	2
THR102B	3	3	9	4	375	375	2	2	4	2	1	1	1	1	1	1
SER260C	4	2	9	1	373	1	2	1	3	0	373	1	2	1	3	0
LYS164C	3	2	8	3	1287	581.989789001339	3	2	7	3	1	1	1	1	1	1
ILE251A	5	3	19	10	352	47.5	4	3	19	11	139	47.5	3	2	6	4
GLU180D	2	2	4	2	375	375	2	2	3	1	375	375	2	2	1	0
SER185C	5	3	12	5	377	100	4	3	11	3	1	1	1	1	1	1
GLU285B	6	4	14	6	1374	304.377111936938	5	4	11	6	1	1	1	1	1	1
ASN131A	3	3	10	3	7043	5988.06921569892	3	3	10	3	3662	3662	2	2	2	0
MET243C	2	1	4	1	1	1	1	1	1	1	1	1	1	1	1	1
SER215D	6	3	20	5	8991	2874.58416978567	5	3	15	5	1060	727.765052958094	2	2	3	2
ASP148C	5	3	13	7	376	102.058051821334	4	3	17	8	1	1	1	1	1	1
VAL143C	6	6	21	16	1175	1082	3	3	8	6	187	94	4	4	6	3
ASN131C	3	3	9	2	2285	1822.04987776249	3	3	9	2	1112	1112	2	2	4	0
ARG181B	2	2	5	1	375	150.561466990354	2	2	2	1	375	150.561466990354	2	2	1	1
PHE212A	3	1	5	1	377	1	2	1	2	0	1	1	1	1	1	1
CYS182C	3	2	9	3	191	96	2	2	4	3	1	1	1	1	1	1
HIS233B	4	3	14	5	371	94.1942688770695	3	2	12	2	1	1	1	1	1	1
GLU221A	4	3	6	3	687	84.5	3	2	5	2	520	1	2	1	2	0
ARG202A	3	3	4	3	687	329.942279843696	3	3	3	2	1	1	1	1	1	1
SER215A	5	2	17	4	11893	3387.00840319267	4	2	14	4	1	1	1	1	1	1
SER121A	2	2	6	5	1	1	1	1	1	1	1	1	1	1	1	1
PHE212D	3	1	6	1	371	1	2	1	2	0	1	1	1	1	1	1
SER241A	2	2	5	5	1	1	1	1	1	1	1	1	1	1	1	1
ARG248A	2	1	3	1	377	1	2	1	3	0	1	1	1	1	1	1
ARG174A	4	3	14	6	378	165.346075238865	3	3	8	7	465	165.346075238865	4	3	9	5
LEU201B	2	2	5	2	1	1	1	1	1	1	1	1	1	1	1	1
SER106B	2	1	6	1	375	1	2	1	5	0	1	1	1	1	1	1
THR284B	3	3	8	6	1	1	1	1	1	1	1	1	1	1	1	1
SER96D	2	2	3	3	375	120.911199824362	2	2	2	2	1	1	1	1	1	1
ARG248B	2	1	3	1	375	1	2	1	3	0	1	1	1	1	1	1
ILE195B	5	4	21	12	1599	573.5	5	4	20	11	1	1	1	1	1	1
ASP228A	4	2	9	2	3345	697.189271678301	4	2	11	2	1817	1	2	1	2	0
SER240B	4	3	18	11	1931	1118	4	3	19	9	87	87	2	2	4	1
GLY226C	3	3	4	4	1123	1123	2	2	3	2	1	1	1	1	1	1
LEU145D	6	6	26	20	822	418	5	5	23	15	478	465	3	3	8	6
ARG209C	3	1	4	1	1	1	1	1	1	1	1	1	1	1	1	1
MET243A	2	1	2	1	1	1	1	1	1	1	1	1	1	1	1	1
SER269B	2	2	6	4	1	1	1	1	1	1	375	375	2	2	1	0
ASN288A	2	2	3	3	1	1	1	1	1	1	1	1	1	1	1	1
LEU114A	4	3	12	6	1409	801.744382925066	3	3	6	4	3	1	2	1	1	0
SER241C	2	2	6	5	1	1	1	1	1	1	1	1	1	1	1	1
ASN288D	2	2	6	4	375	375	2	2	5	3	1	1	1	1	1	1
GLY226B	3	3	5	5	1117	1117	2	2	4	3	1	1	1	1	1	1
SER96A	3	1	10	1	377	1	3	1	12	0	1	1	1	1	1	1
HIS178A	3	1	7	1	377	1	2	1	6	0	1	1	1	1	1	1
ASN247B	2	1	5	1	1	1	1	1	1	1	1	1	1	1	1	1
ASN247D	2	1	6	1	1	1	1	1	1	1	1	1	1	1	1	1
ARG248D	2	1	2	1	375	1	2	1	2	0	1	1	1	1	1	1
GLU180B	2	2	4	2	375	375	2	2	3	1	1	1	1	1	1	1
THR284D	3	3	8	5	1	1	1	1	1	1	1	1	1	1	1	1
ALA119B	4	3	8	5	741	741	2	2	5	4	1	1	1	1	1	1
LYS120B	2	1	3	1	1	1	1	1	1	1	1	1	1	1	1	1
LEU201A	2	2	5	2	1	1	1	1	1	1	1	1	1	1	1	1
LYS101C	2	1	7	1	377	1	2	1	4	0	377	1	2	1	2	0
LYS120D	2	1	3	1	1	1	1	1	1	1	1	1	1	1	1	1
ARG181A	1	1	1	1	1	1	1	1	1	1	1	1	1	1	1	1
SER269A	1	1	1	1	1	1	1	1	1	1	1	1	1	1	1	1
GLU287A	1	1	1	1	1	1	1	1	1	1	1	1	1	1	1	1
HIS115B	1	1	1	1	1	1	1	1	1	1	1	1	1	1	1	1
SER183B	1	1	1	1	1	1	1	1	1	1	1	1	1	1	1	1
HIS115C	1	1	1	1	1	1	1	1	1	1	1	1	1	1	1	1
ARG181C	1	1	1	1	1	1	1	1	1	1	1	1	1	1	1	1
SER183C	1	1	1	1	1	1	1	1	1	1	1	1	1	1	1	1
LEU201C	1	1	1	1	1	1	1	1	1	1	1	1	1	1	1	1
SER269C	1	1	1	1	1	1	1	1	1	1	1	1	1	1	1	1
GLU287C	1	1	1	1	1	1	1	1	1	1	1	1	1	1	1	1
HIS115D	1	1	1	1	1	1	1	1	1	1	1	1	1	1	1	1
ARG181D	1	1	1	1	1	1	1	1	1	1	1	1	1	1	1	1
SER183D	1	1	1	1	1	1	1	1	1	1	1	1	1	1	1	1
LEU201D	1	1	1	1	1	1	1	1	1	1	1	1	1	1	1	1
GLU224D	1	1	1	1	1	1	1	1	1	1	1	1	1	1	1	1
SER269D	1	1	1	1	1	1	1	1	1	1	1	1	1	1	1	1
GLU287D	1	1	1	1	1	1	1	1	1	1	1	1	1	1	1	1
LEU289D	1	1	1	1	1	1	1	1	1	1	1	1	1	1	1	1
