Degree	Degree_sidechain	SecondOrderDegree	SecondOrderDegree_sidechain	NodeEdgeBetweennessSTRIDE	NodeEdgeBetweennessSTRIDE_sidechain	IntermodularDegreeSTRIDE	IntermodularDegreeSTRIDE_sidechain	SecondOrderIntermodularDegreeSTRIDE	SecondOrderIntermodularDegreeSTRIDE_sidechain	NodeEdgeBetweennessWALKTRAP	NodeEdgeBetweennessWALKTRAP_sidechain	IntermodularDegreeWALKTRAP	IntermodularDegreeWALKTRAP_sidechain	SecondOrderIntermodularDegreeWALKTRAP	SecondOrderIntermodularDegreeWALKTRAP_sidechain
GLY105A	0.846308765347024	1.53620486356382	0.291442463293345	0.722900799995983	0.0123597898118674	0.651344013766161	1.55546493421482	2.33203465525385	0.908445582210768	0.889944820761705	-0.581445178115349	-0.464386202684254	-0.92046498024466	-0.775755378444538	-0.749487511450602	-0.480868758646785
SER106A	-1.39131388648673	-1.31506664430655	-1.03557629375135	-1.11495455193889	-0.627370605298222	-0.63149468158909	-0.914691643704939	-1.12748309525737	-0.668066510629225	-1.01842942333452	-0.581445178115349	-0.464386202684254	-0.92046498024466	-0.775755378444538	-0.749487511450602	-0.480868758646785
CYS242A	0.398784234980273	0.58578102760703	0.291442463293345	0.221667522195565	-0.641202613841143	-0.50736478820885	0.567402303046914	0.602275779998241	1.0135463884001	1.46245709399057	-0.416915116008945	-0.318824092617245	0.426882309678683	0.775755378444538	0.993205752584179	1.93887652507761
HIS179A	1.29383329571378	1.06099294558542	0.291442463293345	0.388745281462371	1.77421187796641	-0.180932137004137	1.06143361863087	1.17886207175011	1.22374800077877	1.46245709399057	1.06160160648148	0.119795488755503	1.77422959960203	2.32726613533361	1.64671572659722	2.97591021810235
ARG175A	0.398784234980273	0.58578102760703	0.170804394471099	0.388745281462371	2.27562218764729	3.85383357179282	1.06143361863087	1.17886207175011	0.593143163642769	0.50826997194246	1.06385544294869	1.7378884561775	0.426882309678683	0	0.339695778571136	-0.480868758646785
CYS141A	0.846308765347024	1.06099294558542	1.01527087622682	0.555823040729177	-0.331711422693289	-0.173816668485175	0.0733709874629631	0.602275779998241	0.593143163642769	0.889944820761705	-0.159977758746889	-0.390241441526786	0.426882309678683	0	0.121859120566789	-0.135190860971872
TYR236A	1.29383329571378	0.110569109628636	1.4978231515158	0.388745281462371	1.55635774341541	-0.0544234725870028	2.04949624979877	0.602275779998241	1.9594536441041	0.50826997194246	0.332485509338718	0.190198433803902	-0.246791335282988	0	-0.313814195441907	0.210487036703041
PRO128A	-0.496264825753229	0.110569109628636	-0.794300156106861	-0.613721274138466	-0.143250306295992	0.401440371813839	-0.420660328120988	0.0256894882463705	-0.352764092061226	-0.445917150105653	-0.581445178115349	-0.464386202684254	-0.92046498024466	-0.775755378444538	-0.749487511450602	-0.480868758646785
TYR126A	0.846308765347024	-0.839854726328151	0.41208053211559	-0.780799033405273	1.56500274875473	-0.317726775582286	1.06143361863087	-0.5508968035055	0.277840745074771	-0.636754574515276	-0.581445178115349	-0.464386202684254	-0.246791335282988	-0.775755378444538	-0.313814195441907	-0.826546656321699
CYS176A	0.846308765347024	1.06099294558542	0.41208053211559	0.555823040729177	2.7510974813102	1.53282797207496	1.55546493421482	1.75544836350198	1.11864719458943	1.46245709399057	2.78240574919709	2.31756747701062	1.77422959960203	2.32726613533361	1.64671572659722	2.63023232042744
ARG249A	0.846308765347024	1.06099294558542	0.41208053211559	0.555823040729177	2.23931316522213	2.22846095447481	1.55546493421482	1.75544836350198	0.908445582210768	1.27161966958095	1.53941493753022	2.18797023341514	1.10055595464035	1.55151075688908	0.121859120566789	0.556164934377955
GLU171A	-1.39131388648673	-0.839854726328151	-1.03557629375135	-0.44664351487166	-0.627370605298222	-0.552239419438667	-0.914691643704939	-0.5508968035055	-0.668066510629225	-0.0642423012864077	-0.374092223131935	-0.361626943942085	-0.246791335282988	0	-0.313814195441907	0.210487036703041
TYR205A	1.74135782608053	-0.364642808349757	1.61846122033804	0.388745281462371	2.11741858993764	1.18586013683085	2.04949624979877	0.0256894882463705	2.16965525648276	0.317432547532838	1.72873720077594	-0.464386202684254	2.4479032445637	0	2.73589901661896	0.556164934377955
VAL203A	0.846308765347024	1.06099294558542	1.01527087622682	1.39121183706321	-0.0187622294097045	0.00714795895573201	1.06143361863087	1.17886207175011	1.6441512255361	1.6532945184002	0.419258213326342	0.36365275098133	0.426882309678683	0	1.42887906859287	-0.480868758646785
ARG213A	2.18888235644728	1.53620486356382	1.13590894504906	0.88997855926279	1.0860694529561	-0.0851091080547316	3.03755888096667	2.33203465525385	1.85435283791476	1.46245709399057	0.908340726711133	-0.464386202684254	1.10055595464035	-0.775755378444538	0.775369094579831	-0.826546656321699
THR211A	0.846308765347024	1.06099294558542	0.291442463293345	0.221667522195565	-0.163998319110373	0.368119886220196	0.0733709874629631	0.0256894882463705	0.172739938885438	0.126595123123215	0.229935950080617	0.831674768270573	0.426882309678683	0.775755378444538	0.121859120566789	-0.826546656321699
CYS229A	-0.0487402953864779	0.110569109628636	0.170804394471099	0.221667522195565	0.458442065321065	0.490295000063554	0.567402303046914	0.602275779998241	-0.0374616734932276	0.317432547532838	0.329104754637902	0.990082220276163	1.10055595464035	1.55151075688908	0.775369094579831	0.556164934377955
THR230A	-0.0487402953864779	0.58578102760703	-0.673662087284616	0.0545897629287585	-0.347272432304075	-0.0824997668168548	0.0733709874629631	0.602275779998241	-0.562965704439892	-0.0642423012864077	-0.00897071544375083	0.247419032255775	1.10055595464035	1.55151075688908	0.775369094579831	1.24752072972778
ARG156A	0.398784234980273	-0.364642808349757	0.773994738582325	-0.279565755604854	0.526737607501737	0.0409833907855874	0.567402303046914	0.0256894882463705	0.593143163642769	-0.0642423012864077	1.84593669707092	0.407522442402678	1.10055595464035	0.775755378444538	1.21104241058853	1.24752072972778
VAL217A	0.846308765347024	1.53620486356382	1.37718508269355	2.05952287413043	1.19153851809587	1.56849514813136	0.567402303046914	1.17886207175011	0.698243969832102	1.46245709399057	2.73732901985287	2.75559846568746	2.4479032445637	3.10302151377815	3.389408990632	4.01294391112709
ILE162A	0.846308765347024	-0.364642808349757	1.13590894504906	-0.44664351487166	3.21965677070164	1.29968938600401	1.06143361863087	0.0256894882463705	1.22374800077877	-0.0642423012864077	1.42108852300164	-0.410444444331458	1.10055595464035	0	0.339695778571136	-0.135190860971872
VAL173A	1.29383329571378	2.01141678154221	0.89463280740457	2.05952287413043	2.80556101494795	4.59981851721268	1.06143361863087	1.75544836350198	1.0135463884001	2.22580679162906	3.72789014719211	5.59078146915888	1.10055595464035	1.55151075688908	0.993205752584179	1.24752072972778
THR253A	0.398784234980273	1.06099294558542	1.13590894504906	1.0570563185296	0.486970582940839	0.422988915163518	0.0733709874629631	0.602275779998241	0.382941551264104	0.50826997194246	1.07850537998556	0.902815795240076	1.10055595464035	1.55151075688908	0.775369094579831	0.901842832052868
GLU271A	0.398784234980273	0.110569109628636	0.41208053211559	-0.44664351487166	2.92140408649491	0.282076998808656	0.567402303046914	0.602275779998241	0.0676391326961053	-0.0642423012864077	5.1162534109941	0.720114941319718	1.77422959960203	0.775755378444538	0.993205752584179	-0.480868758646785
PRO250A	-0.0487402953864779	0.110569109628636	-0.432385949640126	-0.279565755604854	-0.170914323381834	0.318080824688345	0.567402303046914	0.602275779998241	0.172739938885438	0.317432547532838	-0.487910964726092	-0.36545717763981	-0.246791335282988	0	-0.749487511450602	-0.480868758646785
LEU257A	0.398784234980273	0.58578102760703	1.4978231515158	1.55828959633001	0.269980948923768	-0.304172777600628	1.06143361863087	1.17886207175011	1.85435283791476	2.03496936721944	-0.0720781365256593	-0.193900723671543	-0.246791335282988	0	0.121859120566789	0.901842832052868
LEU265A	1.29383329571378	0.58578102760703	1.13590894504906	1.0570563185296	-0.0265427342150975	0.581926335446072	1.06143361863087	0.602275779998241	1.22374800077877	0.699107396352083	0.240078214183066	0.838875106998099	0.426882309678683	0.775755378444538	0.339695778571136	0.901842832052868
ARG267A	0.846308765347024	0.58578102760703	0.65335666976008	0.722900799995983	1.52091322152417	2.00955424322142	0.0733709874629631	0.602275779998241	-0.562965704439892	-0.25507972569603	-0.581445178115349	-0.464386202684254	-0.92046498024466	-0.775755378444538	-0.749487511450602	-0.480868758646785
ASN268A	0.846308765347024	0.110569109628636	0.89463280740457	0.555823040729177	-0.133740800422734	0.165420265525536	1.06143361863087	0.0256894882463705	0.698243969832102	-0.0642423012864077	-0.581445178115349	-0.464386202684254	-0.246791335282988	-0.775755378444538	0.339695778571136	-0.826546656321699
CYS124A	0.846308765347024	0.110569109628636	0.773994738582325	0.722900799995983	-0.622183602094627	-0.431834994576076	1.06143361863087	0.0256894882463705	0.382941551264104	-0.25507972569603	-0.37296530489833	-0.205515297693608	0.426882309678683	0.775755378444538	0.121859120566789	0.556164934377955
ALA129A	-0.94378935611998	-0.364642808349757	-1.03557629375135	-0.279565755604854	-0.786438703541812	-0.63149468158909	-1.40872295928889	-1.12748309525737	-1.19357054157589	-0.827591998924898	-0.581445178115349	-0.464386202684254	-0.92046498024466	-0.775755378444538	-0.749487511450602	-0.480868758646785
ALA161A	0.846308765347024	1.53620486356382	0.773994738582325	1.39121183706321	-0.161404817508576	-0.195298584852908	0.567402303046914	1.17886207175011	0.488042357453437	1.6532945184002	-0.581445178115349	-0.464386202684254	-0.246791335282988	0	-0.313814195441907	-0.480868758646785
LEU252A	0.398784234980273	0.58578102760703	0.41208053211559	0.722900799995983	3.1496322274531	5.68967910623824	0.567402303046914	0.602275779998241	0.277840745074771	-0.0642423012864077	4.54941353949053	7.73139935392314	1.10055595464035	1.55151075688908	0.993205752584179	0.210487036703041
CYS238A	1.74135782608053	1.06099294558542	1.73909928916029	1.0570563185296	1.51313271671878	0.598047949000092	2.04949624979877	1.17886207175011	2.80026009361876	2.03496936721944	0.865517833834123	1.12979045995098	2.4479032445637	2.32726613533361	2.51806235861461	2.97591021810235
MET246A	1.74135782608053	0.58578102760703	1.01527087622682	0.388745281462371	-0.361104440846996	-0.0494094319264095	2.04949624979877	1.17886207175011	1.85435283791476	0.889944820761705	-0.228719770996825	-0.0318924977943865	1.77422959960203	0.775755378444538	1.21104241058853	0.901842832052868
VAL216A	1.74135782608053	2.48662869952061	0.89463280740457	1.72536735559682	0.295051464407812	1.04841313375707	1.55546493421482	2.33203465525385	1.6441512255361	2.22580679162906	0.828329532125142	1.78571964966788	1.77422959960203	2.32726613533361	1.42887906859287	0.901842832052868
PRO142A	0.398784234980273	0.110569109628636	0.65335666976008	0.388745281462371	-0.684427640537771	-0.63149468158909	-0.420660328120988	-0.5508968035055	-0.668066510629225	-0.636754574515276	-0.232100525697641	0.014762567284886	1.10055595464035	1.55151075688908	0.557532436575484	1.24752072972778
ASP208A	-0.496264825753229	0.110569109628636	-0.794300156106861	-0.279565755604854	-0.786438703541812	-0.63149468158909	-1.40872295928889	-1.12748309525737	-1.19357054157589	-0.827591998924898	-0.581445178115349	-0.464386202684254	-0.92046498024466	-0.775755378444538	-0.749487511450602	-0.480868758646785
LEU264A	0.846308765347024	1.06099294558542	0.89463280740457	1.39121183706321	-0.307505407743177	-0.0660763525555218	0.0733709874629631	0.0256894882463705	-0.352764092061226	-0.445917150105653	-0.581445178115349	-0.464386202684254	-0.246791335282988	-0.775755378444538	-0.749487511450602	-0.826546656321699
CYS273A	-0.0487402953864779	0.110569109628636	0.532718600937835	0.88997855926279	-0.653305621316199	-0.512038442859281	-0.420660328120988	0.0256894882463705	-0.668066510629225	-0.0642423012864077	-0.277177255041862	-0.277606874070868	1.10055595464035	0.775755378444538	0.775369094579831	0.901842832052868
VAL272A	1.74135782608053	2.01141678154221	1.73909928916029	1.89244511486363	-0.129418297753071	0.00574509400099916	0.567402303046914	0.602275779998241	0.908445582210768	1.08078224517133	0.282901107060076	0.916278748319013	1.10055595464035	1.55151075688908	1.21104241058853	1.5931986274027
ASP259A	-0.0487402953864779	0.110569109628636	-0.432385949640126	-0.613721274138466	-0.00665922193464874	-0.476108100649339	-0.420660328120988	-0.5508968035055	-0.562965704439892	-0.827591998924898	0.228809031847011	-0.464386202684254	-0.246791335282988	-0.775755378444538	-0.531650853446254	-0.826546656321699
GLY187A	-0.94378935611998	-0.364642808349757	-1.03557629375135	-0.44664351487166	-0.627370605298222	-0.376037625371161	-0.420660328120988	0.0256894882463705	-0.668066510629225	-0.445917150105653	-0.581445178115349	-0.464386202684254	-0.92046498024466	-0.775755378444538	-0.749487511450602	-0.480868758646785
LEU188A	-0.496264825753229	-1.31506664430655	-0.673662087284616	-1.11495455193889	-0.627370605298222	-0.63149468158909	-0.420660328120988	-1.12748309525737	-0.773167316818557	-1.01842942333452	-0.581445178115349	-0.464386202684254	-0.92046498024466	-0.775755378444538	-0.749487511450602	-0.480868758646785
ALA189A	0.398784234980273	0.58578102760703	0.0501663256488544	0.0545897629287585	-0.314421412014638	0.0800176772575771	0.567402303046914	0.602275779998241	0.382941551264104	0.317432547532838	-0.027001407181439	0.421255460801544	0.426882309678683	0.775755378444538	0.557532436575484	-0.480868758646785
THR231A	-0.496264825753229	-0.364642808349757	-0.191109811995636	0.0545897629287585	-0.684427640537771	-0.467668960753679	-0.914691643704939	-0.5508968035055	-1.08846973538656	-0.827591998924898	-0.581445178115349	-0.464386202684254	-0.92046498024466	-0.775755378444538	-0.749487511450602	-0.480868758646785
GLY226A	-0.94378935611998	-0.364642808349757	-1.51812856904033	-0.947876792672079	-0.780387199804284	-0.6235650615428	-0.420660328120988	0.0256894882463705	-1.08846973538656	-0.827591998924898	-0.581445178115349	-0.464386202684254	-0.92046498024466	-0.775755378444538	-0.749487511450602	-0.480868758646785
SER227A	-1.39131388648673	-1.31506664430655	-1.51812856904033	-1.11495455193889	-0.783845201940015	-0.63149468158909	-0.914691643704939	-1.12748309525737	-1.08846973538656	-1.01842942333452	-0.581445178115349	-0.464386202684254	-0.92046498024466	-0.775755378444538	-0.749487511450602	-0.480868758646785
TYR163A	-0.496264825753229	-0.364642808349757	0.170804394471099	0.221667522195565	1.57018975195833	-0.462860603999103	0.0733709874629631	0.0256894882463705	0.593143163642769	0.699107396352083	2.49053392669327	-0.245741883788085	1.10055595464035	0.775755378444538	1.21104241058853	0.901842832052868
GLN192A	-0.496264825753229	-0.364642808349757	-0.553024018462371	-0.279565755604854	-0.738891174175522	-0.63149468158909	-0.914691643704939	-1.12748309525737	-0.87826812300789	-1.01842942333452	-0.348173103759009	-0.325137063851162	0.426882309678683	0.775755378444538	0.339695778571136	0.556164934377955
PRO190A	0.846308765347024	0.58578102760703	0.170804394471099	0.0545897629287585	-0.219326353282057	0.250822853793494	0.0733709874629631	0.602275779998241	0.0676391326961053	-0.0642423012864077	0.915102236112766	1.44333447629265	1.77422959960203	0.775755378444538	1.42887906859287	0.210487036703041
ASN235A	0.398784234980273	0.58578102760703	0.41208053211559	0.388745281462371	1.55117074021181	1.26340300320333	0.567402303046914	0.602275779998241	0.172739938885438	-0.0642423012864077	-0.482276373558064	-0.360246999659151	-0.246791335282988	0	-0.531650853446254	-0.135190860971872
LYS139A	0.398784234980273	-0.839854726328151	0.291442463293345	-0.780799033405273	1.06359243907385	-0.357551069754219	0.567402303046914	-0.5508968035055	0.277840745074771	-0.445917150105653	0.641261105346627	-0.109201679593837	0.426882309678683	0	-0.0959775374375591	-0.480868758646785
ARG282A	0.846308765347024	0.58578102760703	0.89463280740457	0.555823040729177	1.34541961313587	1.51887070931949	0.567402303046914	0.602275779998241	0.488042357453437	0.50826997194246	-0.581445178115349	-0.464386202684254	-0.92046498024466	-0.775755378444538	-0.749487511450602	-0.480868758646785
PHE134A	-0.0487402953864779	0.110569109628636	0.170804394471099	0.0545897629287585	0.165376384317929	-0.213600258102152	0.0733709874629631	0.0256894882463705	-0.0374616734932276	-0.25507972569603	-0.581445178115349	-0.464386202684254	-0.92046498024466	-0.775755378444538	-0.749487511450602	-0.480868758646785
ARG158A	1.29383329571378	0.58578102760703	1.13590894504906	0.221667522195565	1.19586102076553	0.882184005378066	1.06143361863087	1.17886207175011	0.277840745074771	0.50826997194246	1.65661443382519	1.14728496819316	2.4479032445637	0.775755378444538	2.73589901661896	1.5931986274027
GLU258A	-0.496264825753229	-0.364642808349757	0.65335666976008	0.221667522195565	0.0149532914136651	-0.298019622030128	-0.420660328120988	-0.5508968035055	0.0676391326961053	-0.25507972569603	1.25993921559605	0.747862759998278	0.426882309678683	0.775755378444538	0.557532436575484	0.556164934377955
LYS164A	-0.496264825753229	-1.31506664430655	-0.0704717431733906	-1.11495455193889	-0.627370605298222	-0.63149468158909	0.0733709874629631	-1.12748309525737	0.172739938885438	-1.01842942333452	-0.374092223131935	-0.464386202684254	0.426882309678683	-0.775755378444538	0.557532436575484	-0.826546656321699
PHE109A	0.846308765347024	-0.364642808349757	1.73909928916029	0.555823040729177	0.213788414218152	-0.380202686070366	1.06143361863087	-0.5508968035055	1.3288488069681	-0.636754574515276	0.0732943156094513	-0.088055749336765	-0.246791335282988	0	0.339695778571136	1.24752072972778
ARG202A	-0.94378935611998	-0.839854726328151	-1.51812856904033	-1.11495455193889	-0.470031508122497	-0.63149468158909	-0.914691643704939	-1.12748309525737	-1.19357054157589	-1.01842942333452	-0.168993104615733	-0.464386202684254	-0.246791335282988	-0.775755378444538	-0.531650853446254	-0.826546656321699
LEU201A	-1.39131388648673	-1.31506664430655	-1.51812856904033	-1.11495455193889	-0.786438703541812	-0.63149468158909	-1.40872295928889	-1.12748309525737	-1.19357054157589	-0.827591998924898	-0.581445178115349	-0.464386202684254	-0.92046498024466	-0.775755378444538	-0.749487511450602	-0.480868758646785
GLY245A	0.846308765347024	1.53620486356382	0.41208053211559	1.2241340777964	1.28663357682845	1.80176925506281	0.567402303046914	1.17886207175011	0.593143163642769	1.84413194280982	-0.581445178115349	-0.464386202684254	-0.92046498024466	-0.775755378444538	-0.749487511450602	-0.480868758646785
PRO152A	-0.0487402953864779	-0.364642808349757	-0.0704717431733906	-0.44664351487166	0.508583096289153	0.754146423994927	0.0733709874629631	0.0256894882463705	0.488042357453437	-0.0642423012864077	0.0800558250110843	-0.464386202684254	0.426882309678683	-0.775755378444538	0.339695778571136	-0.826546656321699
PRO153A	-0.94378935611998	-0.839854726328151	-1.03557629375135	-0.780799033405273	-0.786438703541812	-0.63149468158909	-1.40872295928889	-1.12748309525737	-1.19357054157589	-0.827591998924898	-0.376346059599146	-0.136770790581784	-0.246791335282988	0	-0.531650853446254	-0.826546656321699
LEU194A	0.398784234980273	1.06099294558542	1.13590894504906	1.89244511486363	-0.0879222721243088	0.142841503122775	1.06143361863087	1.75544836350198	1.6441512255361	2.79831906485793	-0.432691971279422	-0.333453402145149	-0.246791335282988	0	-0.0959775374375591	-0.135190860971872
GLN165A	-0.496264825753229	-0.364642808349757	-0.432385949640126	-0.613721274138466	-0.627370605298222	-0.589785741455649	0.0733709874629631	0.0256894882463705	-0.0374616734932276	-0.25507972569603	-0.487910964726092	-0.413908199132517	-0.246791335282988	0	-0.749487511450602	-0.480868758646785
MET169A	1.29383329571378	0.58578102760703	0.291442463293345	-0.279565755604854	0.360753504986687	0.20470404326759	1.55546493421482	1.17886207175011	1.11864719458943	-0.25507972569603	-0.581445178115349	-0.464386202684254	-0.92046498024466	-0.775755378444538	-0.749487511450602	-0.480868758646785
PRO223A	-0.0487402953864779	0.58578102760703	-0.191109811995636	0.0545897629287585	0.0391593063637766	0.402233469336712	-0.420660328120988	0.0256894882463705	-0.562965704439892	0.126595123123215	0.0406136868348915	0.107268940557371	1.10055595464035	1.55151075688908	0.557532436575484	0.901842832052868
TYR220A	1.29383329571378	-0.364642808349757	1.85973735798253	0.0545897629287585	0.788681269283301	-0.63149468158909	1.55546493421482	-0.5508968035055	2.59005848124009	-0.25507972569603	-0.527353102902284	-0.421184170319093	0.426882309678683	0	0.775369094579831	0.210487036703041
ASN239A	-0.496264825753229	-1.31506664430655	0.291442463293345	-1.11495455193889	-0.615267597823167	-0.63149468158909	-0.420660328120988	-1.12748309525737	0.172739938885438	-1.01842942333452	-0.404519015439284	-0.464386202684254	-0.246791335282988	-0.775755378444538	-0.0959775374375591	-0.826546656321699
PRO191A	-0.496264825753229	-0.364642808349757	-0.311747880817881	-0.279565755604854	-0.445825493172386	-0.63149468158909	-0.914691643704939	-1.12748309525737	-0.773167316818557	-1.01842942333452	-0.11715486586988	0.137999547417915	0.426882309678683	0.775755378444538	0.339695778571136	0.556164934377955
THR256A	1.29383329571378	1.53620486356382	1.4978231515158	1.89244511486363	0.0469398111691696	0.208898536083573	0.567402303046914	0.602275779998241	0.277840745074771	0.699107396352083	0.307693308199397	0.176002307689402	0.426882309678683	0.775755378444538	0.557532436575484	0.556164934377955
VAL274A	2.18888235644728	2.961840617499	1.61846122033804	2.56075615193085	2.07332906270708	3.79191536509487	2.04949624979877	2.90862094700572	2.27475606267209	2.79831906485793	0.715637708764591	1.32779563997253	1.77422959960203	2.32726613533361	0.775369094579831	0.556164934377955
PRO98A	0.846308765347024	1.06099294558542	0.532718600937835	0.388745281462371	0.423862043963763	1.01571837979137	0.0733709874629631	0.602275779998241	0.488042357453437	0.889944820761705	-0.581445178115349	-0.464386202684254	-0.246791335282988	0	-0.313814195441907	-0.480868758646785
VAL97A	0.846308765347024	1.06099294558542	0.0501663256488544	0.722900799995983	-0.563397565787213	-0.280486611524713	0.0733709874629631	0.602275779998241	0.488042357453437	1.08078224517133	-0.374092223131935	-0.464386202684254	-0.246791335282988	-0.775755378444538	-0.531650853446254	-0.826546656321699
ASP207A	-0.496264825753229	0.110569109628636	-0.553024018462371	0.388745281462371	-0.627370605298222	-0.582947328913408	-0.420660328120988	0.0256894882463705	-0.457864898250559	0.50826997194246	-0.374092223131935	-0.401441612766938	1.10055595464035	1.55151075688908	0.121859120566789	0.556164934377955
LEU206A	0.398784234980273	0.110569109628636	0.65335666976008	0.555823040729177	-0.719872162429006	-0.578043069282621	0.0733709874629631	0.0256894882463705	0.0676391326961053	0.50826997194246	-0.494672474127725	-0.395082942431809	0.426882309678683	0	0.775369094579831	0.901842832052868
PRO219A	-0.94378935611998	-0.364642808349757	-0.794300156106861	0.0545897629287585	-0.470031508122497	-0.123357276286036	-0.914691643704939	-0.5508968035055	-1.19357054157589	-1.01842942333452	0.446304250932874	1.02387291376179	0.426882309678683	0.775755378444538	0.557532436575484	1.24752072972778
VAL218A	1.29383329571378	2.01141678154221	1.01527087622682	1.89244511486363	-0.163133818576441	0.209284063649959	1.06143361863087	1.75544836350198	1.43394961315743	2.41664421603869	1.58674550334165	1.59424393231672	3.12157688952537	3.87877689222269	3.389408990632	5.04997760415183
GLN100A	0.846308765347024	0.58578102760703	0.89463280740457	0.722900799995983	3.87754167702432	1.09795284804733	0.567402303046914	0.0256894882463705	0.593143163642769	0.126595123123215	4.69478599162564	2.42692695916106	1.10055595464035	0	0.339695778571136	-0.480868758646785
ILE254A	0.846308765347024	0.110569109628636	1.4978231515158	0.0545897629287585	-0.530546545497776	-0.262145753437026	0.0733709874629631	0.602275779998241	-0.14256247968256	-0.0642423012864077	-0.247877380968119	0.0144971047999339	0.426882309678683	0.775755378444538	0.339695778571136	-0.135190860971872
ILE232A	0.846308765347024	0.58578102760703	1.4978231515158	1.55828959633001	0.458442065321065	0.0159423892867878	0.567402303046914	0.602275779998241	1.22374800077877	1.84413194280982	1.04131707827658	0.375055263790684	2.4479032445637	2.32726613533361	4.04291896464505	4.358621808802
TYR234A	0.846308765347024	0.110569109628636	1.4978231515158	0.555823040729177	0.812887284233412	-0.507721626359119	0.567402303046914	0.0256894882463705	0.593143163642769	-0.0642423012864077	1.50335355405484	-0.30390692266439	2.4479032445637	1.55151075688908	2.73589901661896	2.28455442275252
ARG174A	-0.496264825753229	-0.839854726328151	-0.0704717431733906	-0.44664351487166	-0.606622592483841	-0.63149468158909	-0.914691643704939	-1.12748309525737	-0.87826812300789	-1.01842942333452	-0.259146563304174	-0.166167419736867	-0.246791335282988	0	-0.313814195441907	0.210487036703041
ASN200A	-0.0487402953864779	-0.839854726328151	-0.0704717431733906	-0.112487996338048	-0.456199499579577	-0.490707455382076	0.0733709874629631	-0.5508968035055	0.172739938885438	-0.0642423012864077	-0.282811846209889	-0.281847017110168	-0.246791335282988	0	0.339695778571136	1.24752072972778
VAL197A	2.18888235644728	2.01141678154221	1.61846122033804	1.89244511486363	0.544027618180388	1.43854048591597	2.04949624979877	1.75544836350198	2.27475606267209	2.22580679162906	2.40488814093925	4.29143752684721	2.4479032445637	2.32726613533361	4.04291896464505	3.66726601345218
GLN136A	0.846308765347024	0.110569109628636	1.01527087622682	-0.279565755604854	2.02837503494258	0.865993736948865	1.55546493421482	0.602275779998241	1.85435283791476	-0.25507972569603	1.31741204550993	1.13352115406698	1.10055595464035	0	0.775369094579831	-0.480868758646785
ASP148A	-0.0487402953864779	-0.839854726328151	-0.0704717431733906	-0.613721274138466	-0.628235105832155	-0.576222701844715	0.0733709874629631	-0.5508968035055	0.488042357453437	-0.25507972569603	-0.581445178115349	-0.464386202684254	-0.92046498024466	-0.775755378444538	-0.749487511450602	-0.480868758646785
SER149A	-0.496264825753229	-0.839854726328151	-0.432385949640126	-0.947876792672079	-0.628235105832155	-0.63149468158909	-0.420660328120988	-1.12748309525737	-0.0374616734932276	-1.01842942333452	-0.581445178115349	-0.464386202684254	-0.92046498024466	-0.775755378444538	-0.749487511450602	-0.480868758646785
LEU130A	0.398784234980273	0.58578102760703	-0.673662087284616	-0.44664351487166	0.403114031149382	0.588903261138655	0.567402303046914	1.17886207175011	-0.14256247968256	-0.0642423012864077	0.0259637497980199	0.0207366190828649	-0.246791335282988	0	-0.749487511450602	-0.480868758646785
SER127A	-0.0487402953864779	-0.364642808349757	-0.432385949640126	-0.44664351487166	-0.0256782336811649	-0.315679403093257	0.567402303046914	0.0256894882463705	-0.0374616734932276	-0.0642423012864077	-0.581445178115349	-0.464386202684254	-0.92046498024466	-0.775755378444538	-0.749487511450602	-0.480868758646785
MET133A	-0.94378935611998	-0.364642808349757	-0.553024018462371	-0.613721274138466	1.14658449033138	2.47286389288531	-0.420660328120988	0.0256894882463705	-0.352764092061226	-0.445917150105653	0.743810664604728	1.65251338320863	-0.246791335282988	0	-0.313814195441907	-0.135190860971872
ALA276A	-0.0487402953864779	-0.364642808349757	0.291442463293345	0.221667522195565	-0.634286609569683	-0.63149468158909	-0.420660328120988	-1.12748309525737	0.172739938885438	-1.01842942333452	-0.581445178115349	-0.464386202684254	-0.92046498024466	-0.775755378444538	-0.749487511450602	-0.480868758646785
MET237A	0.398784234980273	0.110569109628636	0.532718600937835	-0.112487996338048	1.95575699009225	0.239419255629895	0.567402303046914	0.602275779998241	0.382941551264104	0.50826997194246	1.06385544294869	-0.0385372259987205	-0.246791335282988	0	-0.531650853446254	-0.480868758646785
GLY266A	1.29383329571378	2.01141678154221	1.25654701387131	1.72536735559682	0.276032452661296	1.07479185151871	0.567402303046914	1.17886207175011	0.488042357453437	0.50826997194246	-0.581445178115349	-0.464386202684254	-0.92046498024466	-0.775755378444538	-0.749487511450602	-0.480868758646785
TYR103A	-0.0487402953864779	-1.31506664430655	-0.0704717431733906	-1.11495455193889	-0.00838822300251384	-0.63149468158909	0.0733709874629631	-1.12748309525737	0.0676391326961053	-1.01842942333452	-0.581445178115349	-0.464386202684254	-0.92046498024466	-0.775755378444538	-0.749487511450602	-0.480868758646785
ALA159A	0.398784234980273	1.06099294558542	1.13590894504906	1.39121183706321	-0.62650610476429	-0.462581022862436	0.0733709874629631	0.602275779998241	0.277840745074771	0.889944820761705	-0.412407443074523	-0.222535221504899	1.77422959960203	2.32726613533361	2.73589901661896	2.63023232042744
THR125A	1.29383329571378	2.01141678154221	1.61846122033804	2.72783391119766	2.44506429229807	3.42376091383852	1.06143361863087	1.75544836350198	1.11864719458943	2.60748164044831	-0.581445178115349	-0.464386202684254	-0.92046498024466	-0.775755378444538	-0.749487511450602	-0.480868758646785
CYS275A	0.846308765347024	1.06099294558542	0.65335666976008	1.72536735559682	-0.241803367164303	-0.135895155408749	0.567402303046914	1.17886207175011	0.593143163642769	2.22580679162906	-0.331269330254926	-0.283245755696379	-0.246791335282988	0	-0.0959775374375591	0.556164934377955
PRO151A	0.846308765347024	0.58578102760703	0.65335666976008	-0.112487996338048	0.93391735898397	0.966600731482382	1.55546493421482	1.17886207175011	1.43394961315743	0.126595123123215	-0.581445178115349	-0.464386202684254	-0.246791335282988	-0.775755378444538	0.121859120566789	-0.826546656321699
CYS277A	0.846308765347024	0.58578102760703	0.291442463293345	-0.613721274138466	-0.269467384250145	-0.579578089496075	0.567402303046914	0.602275779998241	0.172739938885438	-0.636754574515276	-0.581445178115349	-0.464386202684254	-0.92046498024466	-0.775755378444538	-0.749487511450602	-0.480868758646785
PRO278A	2.18888235644728	2.48662869952061	1.4978231515158	2.72783391119766	2.33008572128504	2.4176969813593	2.54352756538272	2.90862094700572	2.27475606267209	2.98915648926755	-0.404519015439284	-0.181772907628827	-0.246791335282988	0	-0.531650853446254	-0.480868758646785
VAL122A	1.29383329571378	2.01141678154221	1.37718508269355	2.89491167046446	-0.569449069524741	-0.422898415815409	1.06143361863087	1.75544836350198	1.22374800077877	2.60748164044831	-0.581445178115349	-0.464386202684254	-0.92046498024466	-0.775755378444538	-0.749487511450602	-0.480868758646785
ASN131A	-0.496264825753229	-0.364642808349757	-0.553024018462371	-0.780799033405273	-0.310963409878908	-0.181668126074911	0.0733709874629631	0.0256894882463705	-0.14256247968256	-0.636754574515276	-0.216323670427164	0.118841234245418	0.426882309678683	0.775755378444538	0.121859120566789	-0.480868758646785
PHE270A	0.846308765347024	-0.364642808349757	0.89463280740457	-0.279565755604854	1.34455511260193	-0.145795787192729	1.06143361863087	0.0256894882463705	1.0135463884001	0.126595123123215	2.19640826772223	0.165351899315009	1.77422959960203	0	2.08238904260592	0.210487036703041
GLY244A	-0.496264825753229	0.110569109628636	-0.914938224929106	-0.112487996338048	-0.470031508122497	-0.4351132913904	-0.420660328120988	0.0256894882463705	-0.668066510629225	0.126595123123215	-0.326761657320504	-0.315744799276387	-0.246791335282988	0	-0.531650853446254	-0.135190860971872
GLU221A	-0.94378935611998	-1.31506664430655	-1.27685243139584	-1.11495455193889	-0.62650610476429	-0.63149468158909	-0.914691643704939	-1.12748309525737	-0.983368929197223	-1.01842942333452	-0.369584550197513	-0.464386202684254	0.426882309678683	-0.775755378444538	0.121859120566789	-0.826546656321699
LYS132A	-0.496264825753229	-0.364642808349757	-0.432385949640126	-0.780799033405273	1.7525993646181	2.49836541971608	-0.420660328120988	0.0256894882463705	-0.562965704439892	-0.25507972569603	1.74789481074724	2.20149378785674	-0.246791335282988	0	-0.0959775374375591	-0.135190860971872
GLU198A	-0.0487402953864779	-0.364642808349757	0.0501663256488544	-0.112487996338048	-0.536598049235304	-0.491433120368801	0.0733709874629631	0.0256894882463705	-0.352764092061226	-0.0642423012864077	-0.35042694022622	-0.282787885818538	0.426882309678683	0.775755378444538	-0.0959775374375591	0.556164934377955
THR140A	0.398784234980273	0.58578102760703	0.0501663256488544	-0.112487996338048	-0.276383388521605	-0.358059980322721	0.0733709874629631	0.0256894882463705	-0.457864898250559	-0.445917150105653	-0.105885683533825	-0.0309840316262423	1.10055595464035	1.55151075688908	0.339695778571136	1.24752072972778
GLY154A	-0.0487402953864779	0.58578102760703	-0.191109811995636	0.555823040729177	-0.319608415218233	0.118216244267875	0.0733709874629631	0.602275779998241	0.0676391326961053	0.699107396352083	-0.581445178115349	-0.464386202684254	-0.92046498024466	-0.775755378444538	-0.749487511450602	-0.480868758646785
SER260A	-0.94378935611998	-0.839854726328151	-1.03557629375135	-1.11495455193889	-0.62996410690002	-0.63149468158909	-0.914691643704939	-1.12748309525737	-0.983368929197223	-1.01842942333452	-0.581445178115349	-0.464386202684254	-0.92046498024466	-0.775755378444538	-0.749487511450602	-0.480868758646785
ARG196A	0.398784234980273	-0.364642808349757	0.89463280740457	-0.112487996338048	3.14876772691917	2.92237365229543	0.567402303046914	0.0256894882463705	0.698243969832102	0.126595123123215	1.1889433668789	-0.464386202684254	0.426882309678683	-0.775755378444538	0.557532436575484	-0.826546656321699
SER96A	0.398784234980273	-1.31506664430655	0.0501663256488544	-1.11495455193889	-0.627370605298222	-0.63149468158909	-0.420660328120988	-1.12748309525737	-0.0374616734932276	-1.01842942333452	-0.576937505180927	-0.464386202684254	0.426882309678683	-0.775755378444538	-0.0959775374375591	-0.826546656321699
VAL157A	2.18888235644728	2.01141678154221	2.34228963327151	2.22660063339724	1.30824609017677	1.65951857082441	2.04949624979877	1.75544836350198	2.27475606267209	1.84413194280982	1.1269628640306	1.49800413818968	1.77422959960203	1.55151075688908	2.95373567462331	1.93887652507761
ALA138A	-0.496264825753229	0.110569109628636	-0.432385949640126	-0.44664351487166	-0.632557608501818	-0.482246673200898	-0.420660328120988	0.0256894882463705	-0.457864898250559	-0.25507972569603	-0.581445178115349	-0.464386202684254	-0.92046498024466	-0.775755378444538	-0.749487511450602	-0.480868758646785
LEU137A	-0.496264825753229	-0.839854726328151	0.170804394471099	-0.44664351487166	-0.623912603162492	-0.573183831800215	-0.420660328120988	-0.5508968035055	-0.0374616734932276	-0.25507972569603	-0.486784046492486	-0.388782646045223	-0.246791335282988	0	-0.0959775374375591	0.556164934377955
GLY112A	-0.0487402953864779	0.58578102760703	0.170804394471099	0.722900799995983	0.57169163526623	1.02934781290765	-0.420660328120988	0.0256894882463705	-0.562965704439892	-0.25507972569603	-0.581445178115349	-0.464386202684254	-0.92046498024466	-0.775755378444538	-0.749487511450602	-0.480868758646785
PHE113A	0.398784234980273	-0.364642808349757	0.0501663256488544	-0.613721274138466	1.63675629307114	0.872092230824045	0.567402303046914	0.0256894882463705	0.277840745074771	-0.445917150105653	1.96426311159949	1.48510550779363	1.10055595464035	0.775755378444538	0.339695778571136	-0.480868758646785
ILE251A	0.846308765347024	0.58578102760703	1.4978231515158	1.89244511486363	-0.306640907209245	-0.269828577541424	1.06143361863087	1.17886207175011	1.3288488069681	2.03496936721944	-0.581445178115349	-0.464386202684254	-0.246791335282988	0	-0.0959775374375591	-0.135190860971872
VAL172A	0.398784234980273	1.06099294558542	0.65335666976008	1.39121183706321	-0.292808898666324	0.16125520482633	0.0733709874629631	0.602275779998241	0.0676391326961053	0.50826997194246	1.05258626061264	1.28440849567477	1.10055595464035	1.55151075688908	0.557532436575484	0.556164934377955
GLY262A	-0.0487402953864779	0.58578102760703	-0.553024018462371	0.221667522195565	-0.78557420300788	-0.630106328022688	-0.420660328120988	0.0256894882463705	-0.773167316818557	-0.445917150105653	-0.581445178115349	-0.464386202684254	-0.246791335282988	0	-0.749487511450602	-0.826546656321699
SER261A	-0.496264825753229	-1.31506664430655	-0.914938224929106	-1.11495455193889	-0.786438703541812	-0.63149468158909	-1.40872295928889	-1.12748309525737	-1.19357054157589	-0.827591998924898	-0.581445178115349	-0.464386202684254	-0.92046498024466	-0.775755378444538	-0.749487511450602	-0.480868758646785
LEU145A	0.846308765347024	1.53620486356382	1.73909928916029	2.22660063339724	-0.121637792947678	-0.0782357853779779	1.06143361863087	1.75544836350198	1.53905041934676	1.84413194280982	0.13640173669136	0.536460880441973	1.10055595464035	1.55151075688908	1.86455238460157	2.63023232042744
GLU204A	-0.496264825753229	-0.839854726328151	-0.0704717431733906	-0.947876792672079	-0.627370605298222	-0.52875611766016	0.0733709874629631	-0.5508968035055	0.277840745074771	-0.636754574515276	-0.374092223131935	-0.331179417581021	-0.246791335282988	0	-0.313814195441907	-0.135190860971872
ASN263A	-0.94378935611998	-0.839854726328151	-1.03557629375135	-0.780799033405273	-0.627370605298222	-0.532812559877314	-0.420660328120988	-0.5508968035055	-0.87826812300789	-0.827591998924898	-0.581445178115349	-0.464386202684254	-0.92046498024466	-0.775755378444538	-0.749487511450602	-0.480868758646785
SER166A	-1.39131388648673	-1.31506664430655	-0.914938224929106	-1.11495455193889	-0.627370605298222	-0.63149468158909	-0.914691643704939	-1.12748309525737	-0.668066510629225	-1.01842942333452	-0.581445178115349	-0.464386202684254	-0.92046498024466	-0.775755378444538	-0.749487511450602	-0.480868758646785
ARG283A	-0.496264825753229	0.110569109628636	-0.311747880817881	0.221667522195565	-0.642067114375076	-0.399639635999991	-0.420660328120988	0.0256894882463705	-0.773167316818557	-0.827591998924898	-0.581445178115349	-0.464386202684254	-0.92046498024466	-0.775755378444538	-0.749487511450602	-0.480868758646785
GLY279A	1.74135782608053	2.48662869952061	1.13590894504906	2.22660063339724	-0.614403097289234	-0.368616446121378	0.0733709874629631	0.602275779998241	-0.247663285871893	0.126595123123215	-0.581445178115349	-0.464386202684254	-0.92046498024466	-0.775755378444538	-0.749487511450602	-0.480868758646785
TYR107A	-0.0487402953864779	-0.839854726328151	0.41208053211559	-0.947876792672079	-0.322201916820031	-0.499665339095954	0.0733709874629631	-0.5508968035055	0.172739938885438	-0.636754574515276	-0.581445178115349	-0.464386202684254	-0.92046498024466	-0.775755378444538	-0.749487511450602	-0.480868758646785
THR123A	-0.0487402953864779	0.58578102760703	0.291442463293345	0.722900799995983	-0.681834138935973	-0.571688357877959	0.0733709874629631	0.602275779998241	0.277840745074771	0.126595123123215	-0.581445178115349	-0.464386202684254	-0.246791335282988	0	-0.531650853446254	-0.480868758646785
ARG240A	-0.94378935611998	-0.839854726328151	-0.432385949640126	-0.780799033405273	-0.582416577533729	-0.563465356835402	-0.420660328120988	-0.5508968035055	-0.352764092061226	-0.636754574515276	-0.471007191222009	-0.376182053272051	-0.246791335282988	0	-0.313814195441907	-0.135190860971872
LEU111A	1.74135782608053	2.01141678154221	1.61846122033804	2.05952287413043	-0.155353313771048	0.2931487936345	1.06143361863087	1.75544836350198	1.11864719458943	1.6532945184002	0.922990663748004	1.47869245657283	3.12157688952537	3.87877689222269	1.86455238460157	1.5931986274027
VAL143A	0.398784234980273	1.06099294558542	0.773994738582325	1.39121183706321	0.180072893394783	0.896388418236076	0.0733709874629631	0.602275779998241	0.0676391326961053	0.699107396352083	0.0259637497980199	0.505859440849984	-0.246791335282988	0	0.121859120566789	0.210487036703041
HIS193A	0.398784234980273	1.06099294558542	0.291442463293345	0.88997855926279	-0.443231991570588	-0.149448689355273	0.567402303046914	1.17886207175011	0.382941551264104	0.889944820761705	0.178097711334763	-0.124820926828715	0.426882309678683	0.775755378444538	0.557532436575484	0.901842832052868
GLU285A	-0.0487402953864779	-0.839854726328151	-0.311747880817881	-0.947876792672079	0.33481848896871	-0.497370581989028	0.0733709874629631	-0.5508968035055	-0.352764092061226	-0.636754574515276	-0.581445178115349	-0.464386202684254	-0.92046498024466	-0.775755378444538	-0.749487511450602	-0.480868758646785
THR284A	-0.496264825753229	0.110569109628636	-0.794300156106861	-0.613721274138466	-0.786438703541812	-0.63149468158909	-1.40872295928889	-1.12748309525737	-1.19357054157589	-0.827591998924898	-0.37296530489833	-0.325777470457819	-0.246791335282988	0	-0.749487511450602	-0.480868758646785
GLY108A	1.29383329571378	1.53620486356382	0.773994738582325	0.722900799995983	-0.239209865562506	-0.0253358232024105	1.55546493421482	1.75544836350198	1.6441512255361	1.08078224517133	-0.581445178115349	-0.464386202684254	-0.92046498024466	-0.775755378444538	-0.749487511450602	-0.480868758646785
CYS135A	0.846308765347024	1.06099294558542	1.61846122033804	1.72536735559682	-0.475218511326093	-0.529003274151857	1.55546493421482	1.75544836350198	2.37985686886143	2.60748164044831	-0.404519015439284	-0.464386202684254	0.426882309678683	0	-0.0959775374375591	-0.480868758646785
ILE195A	-0.496264825753229	-0.364642808349757	0.532718600937835	0.221667522195565	-0.200307341535541	-0.26869026146088	0.0733709874629631	0.0256894882463705	0.488042357453437	0.317432547532838	-0.232100525697641	-0.464386202684254	-0.246791335282988	-0.775755378444538	-0.0959775374375591	-0.826546656321699
GLN144A	0.846308765347024	0.110569109628636	0.291442463293345	-0.279565755604854	1.42927616492732	0.144223332949304	0.0733709874629631	0.0256894882463705	-0.562965704439892	-0.636754574515276	0.864390915600518	-0.464386202684254	0.426882309678683	-0.775755378444538	0.339695778571136	-0.826546656321699
ARG280A	-0.0487402953864779	-0.364642808349757	-0.0704717431733906	-0.44664351487166	-0.597977587144515	-0.377973489073712	-0.914691643704939	-0.5508968035055	-0.87826812300789	-0.445917150105653	-0.581445178115349	-0.464386202684254	-0.92046498024466	-0.775755378444538	-0.749487511450602	-0.480868758646785
ASP281A	-0.496264825753229	-0.364642808349757	-0.0704717431733906	-0.44664351487166	-0.628235105832155	-0.524614366370232	-0.914691643704939	-0.5508968035055	-0.87826812300789	-0.25507972569603	-0.581445178115349	-0.464386202684254	-0.92046498024466	-0.775755378444538	-0.749487511450602	-0.480868758646785
SER95A	-0.94378935611998	-0.364642808349757	-0.794300156106861	-0.279565755604854	-0.786438703541812	-0.63149468158909	-1.40872295928889	-1.12748309525737	-1.19357054157589	-0.827591998924898	-0.374092223131935	-0.133170621218021	0.426882309678683	0.775755378444538	-0.313814195441907	-0.826546656321699
THR118A	-0.496264825753229	-0.364642808349757	-1.1562143625736	-0.780799033405273	-0.482999016131486	-0.562756896058422	-0.420660328120988	-0.5508968035055	-0.87826812300789	-0.827591998924898	-0.581445178115349	-0.464386202684254	-0.92046498024466	-0.775755378444538	-0.749487511450602	-0.480868758646785
TRP146A	0.846308765347024	-0.364642808349757	0.532718600937835	-0.613721274138466	-0.47781201292789	-0.314158696469887	0.567402303046914	0.0256894882463705	-0.0374616734932276	-0.25507972569603	-0.180262286951788	-0.384156414867946	1.10055595464035	0	0.339695778571136	-0.480868758646785
SER215A	-0.496264825753229	-0.839854726328151	0.0501663256488544	-0.613721274138466	-0.229700359689248	-0.42176739271599	-0.420660328120988	-0.5508968035055	-0.457864898250559	-0.25507972569603	-0.491291719426908	-0.464386202684254	-0.246791335282988	-0.775755378444538	-0.0959775374375591	-0.826546656321699
HIS168A	-0.496264825753229	-0.364642808349757	-0.914938224929106	-0.44664351487166	-0.470031508122497	-0.312188878730589	-0.420660328120988	-0.5508968035055	-0.352764092061226	-0.0642423012864077	-0.171246941082944	-0.0503868451206159	-0.246791335282988	0	-0.313814195441907	0.210487036703041
SER269A	-1.39131388648673	-1.31506664430655	-1.39749050021809	-1.11495455193889	-0.627370605298222	-0.63149468158909	-0.914691643704939	-1.12748309525737	-0.983368929197223	-1.01842942333452	-0.374092223131935	-0.464386202684254	-0.246791335282988	-0.775755378444538	-0.531650853446254	-0.826546656321699
ASN210A	-0.496264825753229	-0.839854726328151	-0.794300156106861	-1.11495455193889	-0.786438703541812	-0.63149468158909	-1.40872295928889	-1.12748309525737	-1.19357054157589	-0.827591998924898	-0.581445178115349	-0.464386202684254	-0.92046498024466	-0.775755378444538	-0.749487511450602	-0.480868758646785
ALA119A	-0.0487402953864779	-0.364642808349757	0.170804394471099	-0.947876792672079	-0.627370605298222	-0.444775410901829	-0.420660328120988	-0.5508968035055	-0.773167316818557	-0.827591998924898	-0.581445178115349	-0.464386202684254	-0.92046498024466	-0.775755378444538	-0.749487511450602	-0.480868758646785
LYS120A	0.398784234980273	-1.31506664430655	-0.0704717431733906	-1.11495455193889	-0.628235105832155	-0.63149468158909	0.0733709874629631	-1.12748309525737	-0.352764092061226	-1.01842942333452	-0.581445178115349	-0.464386202684254	-0.92046498024466	-0.775755378444538	-0.749487511450602	-0.480868758646785
HIS178A	-0.0487402953864779	-0.839854726328151	-0.432385949640126	-0.947876792672079	-0.572042571126539	-0.63149468158909	-0.914691643704939	-1.12748309525737	-0.668066510629225	-1.01842942333452	-0.301969456181183	-0.464386202684254	-0.246791335282988	-0.775755378444538	-0.0959775374375591	-0.826546656321699
GLN104A	-0.0487402953864779	-0.839854726328151	0.0501663256488544	-0.613721274138466	-0.62650610476429	-0.63149468158909	0.0733709874629631	-0.5508968035055	0.488042357453437	-0.636754574515276	-0.581445178115349	-0.464386202684254	-0.92046498024466	-0.775755378444538	-0.749487511450602	-0.480868758646785
ILE255A	1.74135782608053	0.58578102760703	2.46292770209376	1.0570563185296	-0.00838822300251384	-0.00231462745492884	1.06143361863087	0.0256894882463705	1.22374800077877	-0.0642423012864077	-0.0157322248453839	0.265536801020119	0.426882309678683	0	1.42887906859287	0.210487036703041
GLN167A	-1.39131388648673	-1.31506664430655	-1.39749050021809	-1.11495455193889	-0.786438703541812	-0.63149468158909	-1.40872295928889	-1.12748309525737	-1.19357054157589	-0.827591998924898	-0.581445178115349	-0.464386202684254	-0.92046498024466	-0.775755378444538	-0.749487511450602	-0.480868758646785
SER99A	-0.0487402953864779	0.110569109628636	0.0501663256488544	-0.112487996338048	0.985787391019923	-0.203691608592872	-0.420660328120988	-0.5508968035055	-0.668066510629225	-0.445917150105653	1.91242487285364	0.627888036474643	-0.246791335282988	0	-0.313814195441907	-0.480868758646785
PHE212A	-0.94378935611998	-1.31506664430655	-0.673662087284616	-1.11495455193889	-0.630828607433953	-0.63149468158909	-0.914691643704939	-1.12748309525737	-0.983368929197223	-1.01842942333452	-0.581445178115349	-0.464386202684254	-0.92046498024466	-0.775755378444538	-0.749487511450602	-0.480868758646785
VAL147A	1.29383329571378	1.06099294558542	1.25654701387131	0.0545897629287585	-0.638609112239345	-0.47599908215209	1.55546493421482	1.17886207175011	1.6441512255361	0.126595123123215	-0.375219141365541	-0.134970705899902	-0.246791335282988	0	-0.313814195441907	-0.480868758646785
HIS214A	-0.0487402953864779	0.58578102760703	-0.673662087284616	0.0545897629287585	-0.321337416286098	-0.202735712114954	0.567402303046914	1.17886207175011	-0.457864898250559	0.126595123123215	-0.546510712873578	-0.421906068214629	-0.246791335282988	0	-0.313814195441907	0.210487036703041
THR155A	1.74135782608053	2.01141678154221	1.25654701387131	1.39121183706321	0.148950874173211	0.470493411033087	2.54352756538272	2.90862094700572	2.27475606267209	2.22580679162906	0.395592930420627	0.816801314085063	2.4479032445637	3.10302151377815	0.775369094579831	0.556164934377955
THR150A	-1.39131388648673	-0.839854726328151	-1.03557629375135	-0.613721274138466	-0.627370605298222	-0.523303561552766	-0.914691643704939	-0.5508968035055	-0.668066510629225	-0.25507972569603	-0.581445178115349	-0.464386202684254	-0.92046498024466	-0.775755378444538	-0.749487511450602	-0.480868758646785
PRO177A	-0.496264825753229	0.110569109628636	-0.673662087284616	0.0545897629287585	-0.240074366096438	0.0348623055392452	-0.420660328120988	0.0256894882463705	-0.457864898250559	0.317432547532838	0.130767145523332	0.399586083786919	0.426882309678683	0.775755378444538	0.121859120566789	0.901842832052868
GLU286A	-0.496264825753229	-0.364642808349757	-0.311747880817881	-0.44664351487166	-0.782980701406082	-0.63149468158909	-0.420660328120988	-0.5508968035055	-0.457864898250559	-0.636754574515276	-0.581445178115349	-0.464386202684254	-0.92046498024466	-0.775755378444538	-0.749487511450602	-0.480868758646785
ARG110A	0.846308765347024	0.58578102760703	1.13590894504906	0.555823040729177	-0.363697942448793	-0.330199516616899	1.06143361863087	1.17886207175011	1.22374800077877	1.27161966958095	-0.320000147918871	-0.233201340535027	0.426882309678683	0	0.993205752584179	-0.480868758646785
PRO222A	-0.94378935611998	-0.839854726328151	-1.27685243139584	-1.11495455193889	-0.786438703541812	-0.63149468158909	-1.40872295928889	-1.12748309525737	-1.19357054157589	-0.827591998924898	-0.374092223131935	-0.458985948638609	0.426882309678683	0	0.121859120566789	-0.826546656321699
GLY117A	-0.94378935611998	-0.364642808349757	-1.03557629375135	-0.613721274138466	-0.786438703541812	-0.63149468158909	-1.40872295928889	-1.12748309525737	-1.19357054157589	-0.827591998924898	-0.581445178115349	-0.464386202684254	-0.92046498024466	-0.775755378444538	-0.749487511450602	-0.480868758646785
SER116A	-0.0487402953864779	0.110569109628636	-0.0704717431733906	0.555823040729177	-0.30491190614138	-0.163609110487081	0.0733709874629631	0.0256894882463705	0.277840745074771	0.317432547532838	-0.581445178115349	-0.464386202684254	-0.92046498024466	-0.775755378444538	-0.749487511450602	-0.480868758646785
THR170A	-0.496264825753229	-0.364642808349757	0.0501663256488544	0.221667522195565	-0.770013193397094	-0.624307531521805	-0.420660328120988	-0.5508968035055	-0.0374616734932276	-0.445917150105653	-0.581445178115349	-0.464386202684254	-0.92046498024466	-0.775755378444538	-0.749487511450602	-0.480868758646785
SER183A	-1.39131388648673	-0.839854726328151	-1.1562143625736	-0.613721274138466	-0.627370605298222	-0.527719676210904	-0.914691643704939	-0.5508968035055	-0.773167316818557	-0.25507972569603	-0.581445178115349	-0.464386202684254	-0.92046498024466	-0.775755378444538	-0.749487511450602	-0.480868758646785
CYS182A	-0.94378935611998	-0.364642808349757	-0.673662087284616	-0.279565755604854	-0.786438703541812	-0.63149468158909	-1.40872295928889	-1.12748309525737	-1.19357054157589	-0.827591998924898	-0.581445178115349	-0.464386202684254	-0.92046498024466	-0.775755378444538	-0.749487511450602	-0.480868758646785
MET160A	0.398784234980273	-0.364642808349757	0.532718600937835	0.0545897629287585	-0.342949929634412	0.0807306979750267	0.0733709874629631	0.0256894882463705	0.172739938885438	0.317432547532838	-0.339157757890165	-0.0773679960796879	1.10055595464035	0	0.775369094579831	-0.826546656321699
HIS233A	-1.39131388648673	-0.839854726328151	-1.1562143625736	-0.613721274138466	-0.627370605298222	-0.585240980250741	-0.914691643704939	-0.5508968035055	-0.983368929197223	-0.636754574515276	-0.374092223131935	-0.404415470966915	-0.246791335282988	0	-0.313814195441907	0.210487036703041
GLY293A	-0.94378935611998	-0.364642808349757	-1.39749050021809	-0.780799033405273	-0.316150413082503	0.123769658533482	-0.420660328120988	0.0256894882463705	-0.983368929197223	-0.827591998924898	-0.581445178115349	-0.464386202684254	-0.92046498024466	-0.775755378444538	-0.749487511450602	-0.480868758646785
LEU289A	-0.94378935611998	-0.839854726328151	-1.03557629375135	-0.613721274138466	-0.00838822300251384	-0.257333395443808	-0.420660328120988	-0.5508968035055	-0.668066510629225	-0.25507972569603	0.0259637497980199	0.0207366190828649	-0.246791335282988	0	-0.749487511450602	-0.480868758646785
LEU114A	-1.39131388648673	-1.31506664430655	-1.03557629375135	-1.11495455193889	-0.627370605298222	-0.63149468158909	-0.914691643704939	-1.12748309525737	-0.983368929197223	-1.01842942333452	-0.581445178115349	-0.464386202684254	-0.92046498024466	-0.775755378444538	-0.749487511450602	-0.480868758646785
SER121A	-0.496264825753229	-0.364642808349757	-0.0704717431733906	-0.613721274138466	-0.628235105832155	-0.628717974456286	-0.420660328120988	-0.5508968035055	-0.0374616734932276	-0.445917150105653	-0.581445178115349	-0.464386202684254	-0.92046498024466	-0.775755378444538	-0.749487511450602	-0.480868758646785
GLY199A	-0.94378935611998	-0.364642808349757	-1.03557629375135	-0.613721274138466	-0.627370605298222	-0.376037625371161	-0.420660328120988	0.0256894882463705	-0.668066510629225	-0.445917150105653	-0.581445178115349	-0.464386202684254	-0.92046498024466	-0.775755378444538	-0.749487511450602	-0.480868758646785
GLU224A	-1.39131388648673	-1.31506664430655	-1.51812856904033	-1.11495455193889	-0.786438703541812	-0.63149468158909	-1.40872295928889	-1.12748309525737	-1.19357054157589	-0.827591998924898	-0.581445178115349	-0.464386202684254	-0.92046498024466	-0.775755378444538	-0.749487511450602	-0.480868758646785
VAL225A	-0.94378935611998	-0.364642808349757	-1.51812856904033	-0.947876792672079	-0.782980701406082	-0.629705826670567	-0.914691643704939	-0.5508968035055	-1.08846973538656	-0.636754574515276	-0.581445178115349	-0.464386202684254	-0.92046498024466	-0.775755378444538	-0.749487511450602	-0.480868758646785
ASN288A	-0.94378935611998	-0.839854726328151	-1.27685243139584	-0.780799033405273	-0.786438703541812	-0.63149468158909	-1.40872295928889	-1.12748309525737	-1.19357054157589	-0.827591998924898	-0.37296530489833	-0.269979268762574	-0.246791335282988	0	-0.749487511450602	-0.480868758646785
THR102A	-0.496264825753229	0.110569109628636	-0.432385949640126	-0.44664351487166	-0.62996410690002	-0.380202686070366	-0.914691643704939	-0.5508968035055	-0.773167316818557	-0.636754574515276	-0.581445178115349	-0.464386202684254	-0.92046498024466	-0.775755378444538	-0.749487511450602	-0.480868758646785
ARG290A	-0.94378935611998	-0.364642808349757	-1.39749050021809	-0.780799033405273	-0.786438703541812	-0.63149468158909	-1.40872295928889	-1.12748309525737	-1.19357054157589	-0.827591998924898	-0.579191341648138	-0.460786033320491	-0.246791335282988	0	-0.531650853446254	-0.480868758646785
LYS291A	-0.94378935611998	-0.364642808349757	-1.39749050021809	-0.947876792672079	-0.786438703541812	-0.63149468158909	-1.40872295928889	-1.12748309525737	-1.19357054157589	-0.827591998924898	-0.579191341648138	-0.461684160303835	-0.246791335282988	0	-0.531650853446254	-0.480868758646785
MET243A	-1.39131388648673	-1.31506664430655	-1.39749050021809	-1.11495455193889	-0.786438703541812	-0.63149468158909	-1.40872295928889	-1.12748309525737	-1.19357054157589	-0.827591998924898	-0.581445178115349	-0.464386202684254	-0.92046498024466	-0.775755378444538	-0.749487511450602	-0.480868758646785
ARG209A	-0.94378935611998	-1.31506664430655	-1.27685243139584	-1.11495455193889	-0.786438703541812	-0.63149468158909	-1.40872295928889	-1.12748309525737	-1.19357054157589	-0.827591998924898	-0.581445178115349	-0.464386202684254	-0.92046498024466	-0.775755378444538	-0.749487511450602	-0.480868758646785
GLU287A	-0.94378935611998	-0.839854726328151	-1.39749050021809	-0.947876792672079	-0.786438703541812	-0.63149468158909	-1.40872295928889	-1.12748309525737	-1.19357054157589	-0.827591998924898	-0.576937505180927	-0.46348807570091	0.426882309678683	0	-0.531650853446254	-0.480868758646785
LYS292A	-0.94378935611998	-0.839854726328151	-1.39749050021809	-0.947876792672079	-0.628235105832155	-0.63149468158909	-0.914691643704939	-1.12748309525737	-1.08846973538656	-1.01842942333452	-0.581445178115349	-0.464386202684254	-0.92046498024466	-0.775755378444538	-0.749487511450602	-0.480868758646785
ASN247A	-1.39131388648673	-1.31506664430655	-1.03557629375135	-1.11495455193889	-0.786438703541812	-0.63149468158909	-1.40872295928889	-1.12748309525737	-1.19357054157589	-0.827591998924898	-0.581445178115349	-0.464386202684254	-0.92046498024466	-0.775755378444538	-0.749487511450602	-0.480868758646785
LYS101A	-0.94378935611998	-1.31506664430655	-0.673662087284616	-1.11495455193889	-0.71122715708968	-0.63149468158909	-0.914691643704939	-1.12748309525737	-0.983368929197223	-1.01842942333452	-0.581445178115349	-0.464386202684254	-0.92046498024466	-0.775755378444538	-0.749487511450602	-0.480868758646785
ASP228A	-1.39131388648673	-1.31506664430655	-1.03557629375135	-1.11495455193889	-0.627370605298222	-0.63149468158909	-0.914691643704939	-1.12748309525737	-0.87826812300789	-1.01842942333452	-0.581445178115349	-0.464386202684254	-0.92046498024466	-0.775755378444538	-0.749487511450602	-0.480868758646785
ARG248A	-1.39131388648673	-1.31506664430655	-1.27685243139584	-1.11495455193889	-0.627370605298222	-0.63149468158909	-0.914691643704939	-1.12748309525737	-0.87826812300789	-1.01842942333452	-0.581445178115349	-0.464386202684254	-0.92046498024466	-0.775755378444538	-0.749487511450602	-0.480868758646785
SER94A	-1.83883841685348	-1.31506664430655	-1.63876663786258	-1.11495455193889	-0.786438703541812	-0.63149468158909	-1.40872295928889	-1.12748309525737	-1.19357054157589	-0.827591998924898	-0.581445178115349	-0.464386202684254	-0.92046498024466	-0.775755378444538	-0.749487511450602	-0.480868758646785
HIS115A	-1.83883841685348	-1.31506664430655	-1.63876663786258	-1.11495455193889	-0.786438703541812	-0.63149468158909	-1.40872295928889	-1.12748309525737	-1.19357054157589	-0.827591998924898	-0.581445178115349	-0.464386202684254	-0.92046498024466	-0.775755378444538	-0.749487511450602	-0.480868758646785
GLU180A	-1.83883841685348	-1.31506664430655	-1.63876663786258	-1.11495455193889	-0.786438703541812	-0.63149468158909	-1.40872295928889	-1.12748309525737	-1.19357054157589	-0.827591998924898	-0.581445178115349	-0.464386202684254	-0.92046498024466	-0.775755378444538	-0.749487511450602	-0.480868758646785
ARG181A	-1.83883841685348	-1.31506664430655	-1.63876663786258	-1.11495455193889	-0.786438703541812	-0.63149468158909	-1.40872295928889	-1.12748309525737	-1.19357054157589	-0.827591998924898	-0.581445178115349	-0.464386202684254	-0.92046498024466	-0.775755378444538	-0.749487511450602	-0.480868758646785
SER241A	-1.83883841685348	-1.31506664430655	-1.63876663786258	-1.11495455193889	-0.786438703541812	-0.63149468158909	-1.40872295928889	-1.12748309525737	-1.19357054157589	-0.827591998924898	-0.581445178115349	-0.464386202684254	-0.92046498024466	-0.775755378444538	-0.749487511450602	-0.480868758646785
DA6B	-1.83883841685348	-1.31506664430655	-1.63876663786258	-1.11495455193889	-0.786438703541812	-0.63149468158909	-1.40872295928889	-1.12748309525737	-1.19357054157589	-0.827591998924898	-0.581445178115349	-0.464386202684254	-0.92046498024466	-0.775755378444538	-0.749487511450602	-0.480868758646785
DT7B	-1.83883841685348	-1.31506664430655	-1.63876663786258	-1.11495455193889	-0.786438703541812	-0.63149468158909	-1.40872295928889	-1.12748309525737	-1.19357054157589	-0.827591998924898	-0.581445178115349	-0.464386202684254	-0.92046498024466	-0.775755378444538	-0.749487511450602	-0.480868758646785
DG8B	-1.83883841685348	-1.31506664430655	-1.63876663786258	-1.11495455193889	-0.786438703541812	-0.63149468158909	-1.40872295928889	-1.12748309525737	-1.19357054157589	-0.827591998924898	-0.581445178115349	-0.464386202684254	-0.92046498024466	-0.775755378444538	-0.749487511450602	-0.480868758646785
DC9B	-1.83883841685348	-1.31506664430655	-1.63876663786258	-1.11495455193889	-0.786438703541812	-0.63149468158909	-1.40872295928889	-1.12748309525737	-1.19357054157589	-0.827591998924898	-0.581445178115349	-0.464386202684254	-0.92046498024466	-0.775755378444538	-0.749487511450602	-0.480868758646785
DC10B	-1.83883841685348	-1.31506664430655	-1.63876663786258	-1.11495455193889	-0.786438703541812	-0.63149468158909	-1.40872295928889	-1.12748309525737	-1.19357054157589	-0.827591998924898	-0.581445178115349	-0.464386202684254	-0.92046498024466	-0.775755378444538	-0.749487511450602	-0.480868758646785
