Degree	Degree_sidechain	SecondOrderDegree	SecondOrderDegree_sidechain	NodeEdgeBetweennessSTRIDE	NodeEdgeBetweennessSTRIDE_sidechain	IntermodularDegreeSTRIDE	IntermodularDegreeSTRIDE_sidechain	SecondOrderIntermodularDegreeSTRIDE	SecondOrderIntermodularDegreeSTRIDE_sidechain	NodeEdgeBetweennessWALKTRAP	NodeEdgeBetweennessWALKTRAP_sidechain	IntermodularDegreeWALKTRAP	IntermodularDegreeWALKTRAP_sidechain	SecondOrderIntermodularDegreeWALKTRAP	SecondOrderIntermodularDegreeWALKTRAP_sidechain
CYS229A	0.321593029872727	0.520884998138772	0.206111777540694	0.137400341835612	1.01938781665446	0.434073506959096	0.665212033226336	0.806658864201589	0.0442376991966426	0.38800779587365	0.0317901612478825	-0.459002912130118	-0.348723577616297	-0.108215007228632	-0.61921858882771	-0.244758443829688
TRP146A	0.782792336279351	-0.467460895765564	0.825116304245698	-0.739119080219156	0.464337686196539	-0.351182566543148	0.16697629983819	-0.302871915555243	-0.133674786702898	-0.427690411360728	0.397303409327058	-0.606749993525472	0.265694154374322	-0.878206404816976	-0.0788627448035292	-0.900994851199142
ARG168A	0.321593029872727	1.01505794509094	0.329912682881695	0.312704226246566	1.59187944843915	1.5116722401859	0.665212033226336	1.36142425408	0.489018913945495	1.04056636166115	1.21003286682075	0.427883610901664	0.880111886364941	1.43176778794806	0.821730328570106	1.06771437090922
TYR163A	-0.600805582940521	-0.467460895765564	-0.0414900331413083	0.137400341835612	1.09530964595924	-0.508938046114997	-0.331259433549957	-0.302871915555243	0.222150185096183	0.224868154426775	-0.703536490770223	-0.606749993525472	-0.348723577616297	-0.108215007228632	-0.0788627448035292	-0.244758443829688
ARG273A	0.782792336279351	-0.467460895765564	0.948917209586699	-0.213207426986295	-0.702190961364742	-0.530984941369349	0.16697629983819	-0.302871915555243	-0.0447185437531278	0.0617285129798989	0.186595772199063	-0.216993827132771	2.10894735034618	0.661776390359712	0.821730328570106	-0.244758443829688
ASP281A	-0.600805582940521	0.0267120511866036	-0.28909184382331	-0.388511311397249	-0.790424438664892	-0.727863306271311	-0.331259433549957	0.251893474323173	-0.222631029652669	0.224868154426775	-0.489962083069058	-0.530673407288572	-0.348723577616297	-0.108215007228632	-0.0788627448035292	-0.244758443829688
ALA203A	0.782792336279351	1.50923089204311	0.948917209586699	1.89043918594515	-0.790424438664892	-0.649489352514291	1.16344776661448	1.91618964395842	1.11171261459389	2.01940421034241	-0.538697182812948	-0.51514464514338	-0.348723577616297	-0.108215007228632	0.281374484545925	1.39583257459395
TYR205A	1.7051909490926	-0.467460895765564	1.69172264163271	0.137400341835612	2.5675775520722	0.482339751173192	1.66168350000263	-0.302871915555243	2.09023128704136	-0.264550769913853	-0.703536490770223	-0.606749993525472	-0.963141309606916	-0.878206404816976	-0.799337203502437	-0.572876647514415
CYS242A	0.782792336279351	0.520884998138772	0.0823108721996926	0.137400341835612	-0.431334705466609	-0.386888678789494	1.16344776661448	0.806658864201589	1.3785813434432	1.20370600310803	-0.426893130459318	-0.394438543098412	0.880111886364941	1.43176778794806	1.54220478726901	2.0520689819634
HIS179A	0.782792336279351	0.520884998138772	0.329912682881695	0.137400341835612	1.08915382196155	-0.454117524747394	1.16344776661448	0.806658864201589	1.55649382934274	1.20370600310803	0.726982025241608	-0.460879281881884	1.49452961835556	1.43176778794806	1.72232340194374	1.72395077827867
ARG202A	-0.600805582940521	-0.467460895765564	-0.908096370528315	-1.08972684904106	0.260169523606658	0.240081101523212	-0.331259433549957	-0.302871915555243	-0.667412244401521	-0.917109335701355	1.01222569727202	0.91057754654613	0.265694154374322	0.661776390359712	-0.0788627448035292	0.0833597598550388
GLU221A	-0.600805582940521	-0.961633842717732	-0.908096370528315	-1.08972684904106	0.0919103343366047	-0.48846481847572	-0.331259433549957	-0.857637305433659	-0.667412244401521	-0.917109335701355	0.777150510272083	-0.154814362971301	0.880111886364941	-0.108215007228632	-0.258981359478256	-0.244758443829688
ALA123A	-0.600805582940521	0.0267120511866036	-0.536693654505312	-0.0379035425753413	-0.677567665374003	-0.413142356287338	-0.331259433549957	0.251893474323173	-0.400543515552209	0.0617285129798989	-0.703536490770223	-0.606749993525472	-0.963141309606916	-0.878206404816976	-0.799337203502437	-0.572876647514415
VAL122A	0.782792336279351	1.50923089204311	0.453713588222696	1.53983141712324	0.46536365686282	0.96112462631031	1.16344776661448	1.91618964395842	0.933800128694347	2.34568349323616	-0.703536490770223	-0.606749993525472	-0.963141309606916	-0.878206404816976	-0.799337203502437	-0.572876647514415
ARG175A	0.782792336279351	1.01505794509094	1.0727181149277	1.53983141712324	1.56725615244841	3.38018002286283	1.16344776661448	1.36142425408	1.73440631524228	1.69312492744866	0.573609799577013	1.59614499078701	-0.348723577616297	-0.108215007228632	-0.258981359478256	0.0833597598550388
CYS141A	1.24399164268598	1.01505794509094	1.5679217362917	0.48800811065752	0.12371542499131	0.0112322745754768	1.16344776661448	1.36142425408	1.3785813434432	0.714287078767402	0.821585454156218	0.575919590143012	2.7233650823368	2.97175058312474	2.26267924596792	1.39583257459395
TYR236A	2.16639025549922	-0.467460895765564	2.43452807367871	-0.388511311397249	2.93795296259957	0.315535716724879	2.65815496677892	-0.302871915555243	2.8908374735893	-0.427690411360728	1.95539321584495	1.02091889136036	2.10894735034618	0.661776390359712	2.98315370466683	0.0833597598550388
PRO128A	-0.139606276533897	0.520884998138772	-0.28909184382331	-0.0379035425753413	-0.0804527375985714	0.59371505321394	-0.331259433549957	0.251893474323173	-0.133674786702898	0.224868154426775	-0.703536490770223	-0.606749993525472	-0.963141309606916	-0.878206404816976	-0.799337203502437	-0.572876647514415
TYR126A	0.782792336279351	-0.961633842717732	0.329912682881695	-1.08972684904106	2.0330468349399	-0.0969713875619435	0.665212033226336	-0.857637305433659	0.222150185096183	-0.917109335701355	-0.653368005739748	-0.606749993525472	0.880111886364941	-0.878206404816976	0.641611713895379	-0.900994851199142
CYS176A	0.782792336279351	1.01505794509094	0.206111777540694	-0.0379035425753413	1.81143717102324	1.03374881089331	1.16344776661448	1.36142425408	1.02275637164412	1.20370600310803	1.48810961241824	-0.139628033775316	0.880111886364941	0.661776390359712	1.18196755791956	1.39583257459395
CYS135A	0.782792336279351	1.01505794509094	1.5679217362917	1.7151353015342	0.627467022135188	-0.104145345881138	1.16344776661448	1.36142425408	1.82336255819205	1.69312492744866	-0.644767694020238	-0.565767991999714	-0.348723577616297	-0.108215007228632	0.101255869871198	0.739596167224493
VAL274A	2.62758956190585	2.99174973289961	1.81552354697371	2.94226249241087	3.42734097041552	4.97917186922757	2.15991923339077	2.47095503383684	2.80188123063953	2.83510241757679	1.37200540420486	2.43922825638809	1.49452961835556	1.43176778794806	2.26267924596792	1.39583257459395
THR125A	1.7051909490926	2.00340383899528	1.69172264163271	2.76695860799992	1.09633561662552	1.79091081687565	1.16344776661448	1.36142425408	1.73440631524228	2.99824205902366	0.841652848168408	1.28354727594067	0.880111886364941	1.43176778794806	0.281374484545925	-0.572876647514415
ASN235A	0.321593029872727	0.520884998138772	0.0823108721996926	-0.213207426986295	-0.12969932958005	-0.155498907402701	0.16697629983819	0.251893474323173	-0.222631029652669	-0.427690411360728	0.0604578669795825	0.33209960918136	0.880111886364941	1.43176778794806	0.821730328570106	0.739596167224493
GLU198A	-0.139606276533897	-0.467460895765564	-0.165290938482309	-0.388511311397249	0.0170144756981056	-0.0458436549617859	-0.331259433549957	-0.302871915555243	-0.667412244401521	-0.264550769913853	1.36483847777193	0.492454386525818	0.880111886364941	0.661776390359712	1.00184894324483	1.06771437090922
ARG213A	1.7051909490926	1.50923089204311	0.329912682881695	0.137400341835612	1.41746443517141	0.0479749331136336	2.15991923339077	1.91618964395842	1.3785813434432	0.714287078767402	2.29080537290584	0.0461675106571255	0.880111886364941	-0.108215007228632	0.281374484545925	0.0833597598550388
THR211A	0.321593029872727	0.520884998138772	-0.165290938482309	0.137400341835612	0.256065640941534	0.8234816382818	0.665212033226336	0.806658864201589	0.222150185096183	0.224868154426775	0.271165504107578	1.07447176779045	-0.348723577616297	-0.108215007228632	-0.439099974152983	-0.572876647514415
GLY154A	-0.139606276533897	0.520884998138772	-0.165290938482309	0.48800811065752	-0.792476379997454	-0.508403772286626	-0.331259433549957	0.251893474323173	-0.756368487351291	-0.590830052807604	-0.703536490770223	-0.606749993525472	-0.963141309606916	-0.878206404816976	-0.799337203502437	-0.572876647514415
PRO153A	-1.06200488934714	-0.961633842717732	-1.15569818121032	-0.739119080219156	-0.790424438664892	-0.508403772286626	-0.829495166938103	-0.857637305433659	-0.934280973250832	-0.75396969425448	-0.703536490770223	-0.606749993525472	-0.963141309606916	-0.878206404816976	-0.799337203502437	-0.572876647514415
ILE162A	0.321593029872727	-0.961633842717732	0.948917209586699	-0.91442296463011	2.27312397084961	-0.103496202605502	0.16697629983819	-0.857637305433659	0.489018913945495	-0.75396969425448	2.75235543518621	0.408145963217686	0.265694154374322	-0.108215007228632	-0.258981359478256	-0.572876647514415
VAL173A	1.24399164268598	2.00340383899528	0.701315398904698	1.7151353015342	2.94410878659726	3.80140614725999	1.66168350000263	2.47095503383684	0.933800128694347	2.18254385178928	1.19283224338173	0.571969605688433	0.265694154374322	0.661776390359712	0.461493099220652	1.72395077827867
THR253A	0.321593029872727	1.01505794509094	1.3203199256097	0.312704226246566	2.01663130427941	1.74472382469665	-0.331259433549957	0.251893474323173	0.222150185096183	0.0617285129798989	1.73465188171086	1.67565790911978	0.265694154374322	0.661776390359712	0.641611713895379	1.06771437090922
GLU271A	0.321593029872727	0.0267120511866036	-0.0414900331413083	-0.563815195808202	0.416117064881341	-0.123898940985678	0.16697629983819	0.251893474323173	-0.48949975850198	-0.264550769913853	1.0523604852964	-0.114384655067355	0.265694154374322	-0.108215007228632	-0.439099974152983	-0.572876647514415
PRO250A	-0.139606276533897	0.0267120511866036	-0.784295465187314	-0.563815195808202	-0.538035654759813	-0.111605243088126	0.16697629983819	0.251893474323173	-0.48949975850198	-0.427690411360728	-0.434060056892243	-0.141941624220481	-0.348723577616297	-0.108215007228632	-0.439099974152983	-0.244758443829688
LEU137A	0.782792336279351	1.50923089204311	1.1965190202687	1.89043918594515	1.01528393398933	1.34684874088232	1.16344776661448	1.91618964395842	1.91231880114182	1.85626456889553	0.691147393076983	1.79888055612217	0.880111886364941	1.43176778794806	1.36208617259429	1.06771437090922
MET237A	0.321593029872727	-0.467460895765564	0.577514493563697	-0.739119080219156	1.27998436588978	-0.254676847961052	0.665212033226336	-0.302871915555243	0.666931399845035	-0.590830052807604	0.589377037729448	-0.536005141120843	0.265694154374322	-0.108215007228632	-0.258981359478256	-0.572876647514415
GLU204A	-0.600805582940521	-0.961633842717732	-0.165290938482309	-1.08972684904106	-0.790424438664892	-0.711958361823981	-0.331259433549957	-0.857637305433659	-0.133674786702898	-0.917109335701355	-0.455560836191018	-0.481640999942885	-0.348723577616297	-0.108215007228632	-0.439099974152983	-0.244758443829688
CYS238A	2.16639025549922	1.01505794509094	2.06312535765571	0.663311995068473	1.18559506459195	0.0244862132533905	2.65815496677892	1.36142425408	3.69144366013723	1.85626456889553	1.67874985553405	0.595301538005283	3.33778281432742	2.2017591855364	3.70362816336574	2.0520689819634
MET246A	1.7051909490926	0.520884998138772	0.948917209586699	1.18922364830133	-0.663204076046072	-0.488115509007586	2.15991923339077	0.806658864201589	2.09023128704136	1.20370600310803	-0.633300611727558	-0.493020286142336	2.10894735034618	0.661776390359712	2.26267924596792	2.0520689819634
ASP208A	-0.600805582940521	0.0267120511866036	-1.15569818121032	-0.739119080219156	-0.0866085615962563	0.183465079229253	-0.331259433549957	0.251893474323173	-0.845324730301061	-0.590830052807604	-0.703536490770223	-0.606749993525472	-0.963141309606916	-0.878206404816976	-0.799337203502437	-0.572876647514415
LEU264A	0.321593029872727	1.01505794509094	0.329912682881695	1.18922364830133	0.314545968919541	0.923351636975314	-0.829495166938103	-0.302871915555243	-0.845324730301061	-0.75396969425448	-0.581698741410498	-0.532378597816773	-0.348723577616297	-0.108215007228632	-0.439099974152983	-0.572876647514415
LEU265A	0.782792336279351	0.520884998138772	1.0727181149277	1.36452753271229	0.414065123548779	1.44518691262433	0.16697629983819	0.251893474323173	0.222150185096183	0.714287078767402	-0.459860992050773	-0.47096866906968	0.880111886364941	-0.108215007228632	0.101255869871198	-0.572876647514415
ASP259A	0.321593029872727	0.520884998138772	-0.536693654505312	-0.91442296463011	0.258117582274096	-0.103973527720871	0.665212033226336	0.806658864201589	-0.0447185437531278	-0.264550769913853	-0.703536490770223	-0.606749993525472	-0.963141309606916	-0.878206404816976	-0.799337203502437	-0.572876647514415
GLY187A	-0.600805582940521	-0.467460895765564	-1.15569818121032	-0.739119080219156	-0.966891393265191	-0.797511524012956	-0.829495166938103	-0.857637305433659	-1.0232372162006	-0.75396969425448	-0.456994221477603	-0.45111447471854	-0.348723577616297	-0.108215007228632	-0.61921858882771	-0.244758443829688
LEU188A	-0.139606276533897	-0.467460895765564	-0.412892749164311	-0.739119080219156	-0.616009425397154	-0.451779449223091	-0.331259433549957	-0.857637305433659	-0.133674786702898	-0.75396969425448	0.0346569318210525	0.168447318319872	0.265694154374322	0.661776390359712	-0.439099974152983	0.0833597598550388
ARG110A	0.782792336279351	0.520884998138772	0.206111777540694	0.838615879479427	-0.107127974921872	0.288337891099139	1.16344776661448	0.806658864201589	0.844843885744576	1.20370600310803	-0.108681596837448	0.419289757865865	0.265694154374322	-0.108215007228632	-0.258981359478256	-0.900994851199142
GLY108A	1.24399164268598	1.50923089204311	0.701315398904698	0.663311995068473	-0.0435177936124622	0.426433076892129	1.66168350000263	1.91618964395842	1.3785813434432	1.04056636166115	-0.343756783837388	0.0138186271955538	-0.348723577616297	-0.108215007228632	-0.0788627448035292	-0.572876647514415
PRO142A	0.782792336279351	0.0267120511866036	0.206111777540694	0.312704226246566	-0.279491046857049	-0.585118247030936	0.16697629983819	-0.302871915555243	-0.667412244401521	-0.427690411360728	-0.553031035678798	-0.347149574498748	-0.348723577616297	-0.108215007228632	-0.0788627448035292	0.0833597598550388
THR231A	-0.139606276533897	0.0267120511866036	-0.0414900331413083	0.137400341835612	-0.589334188073853	-0.173647428182456	-1.32773090032625	-0.857637305433659	-1.20114970210014	-0.917109335701355	-0.703536490770223	-0.606749993525472	-0.963141309606916	-0.878206404816976	-0.799337203502437	-0.572876647514415
GLN192A	-0.139606276533897	-0.467460895765564	-0.412892749164311	-0.388511311397249	-0.786320555999769	-0.705220936781026	0.16697629983819	-0.302871915555243	-0.0447185437531278	-0.264550769913853	-0.693502793764128	-0.606749993525472	0.265694154374322	-0.878206404816976	-0.258981359478256	-0.900994851199142
PRO190A	1.24399164268598	0.520884998138772	0.825116304245698	0.48800811065752	1.21842612591293	1.39950807631624	1.66168350000263	0.806658864201589	1.55649382934274	0.877426720214277	-0.703536490770223	-0.606749993525472	-0.963141309606916	-0.878206404816976	-0.799337203502437	-0.572876647514415
ASP186A	-0.139606276533897	0.0267120511866036	-0.908096370528315	-0.388511311397249	0.258117582274096	0.586330845735395	0.16697629983819	0.251893474323173	-0.48949975850198	-0.264550769913853	0.762816657406233	1.41691718284068	0.265694154374322	0.661776390359712	-0.439099974152983	-0.244758443829688
LYS139A	-0.139606276533897	-1.4558067896699	-0.28909184382331	-1.26503073345202	-0.622165249394839	-0.797511524012956	-0.331259433549957	-1.41240269531208	-0.400543515552209	-1.24338861859511	-0.382458186575183	-0.606749993525472	0.265694154374322	-0.878206404816976	0.641611713895379	-0.900994851199142
ARG282A	1.24399164268598	1.01505794509094	0.577514493563697	0.838615879479427	1.29845183788284	1.68935789617644	1.66168350000263	1.36142425408	1.20066885754366	1.04056636166115	0.560709331997748	0.168183705682752	0.265694154374322	-0.108215007228632	-0.0788627448035292	0.0833597598550388
PHE134A	0.782792336279351	0.520884998138772	0.948917209586699	0.48800811065752	-0.642684662720455	-0.594628891222549	0.16697629983819	0.251893474323173	0.489018913945495	0.877426720214277	-0.422592974599563	-0.606749993525472	0.265694154374322	-0.878206404816976	0.281374484545925	-0.900994851199142
ARG158A	1.24399164268598	0.520884998138772	1.1965190202687	0.137400341835612	1.88017720566406	1.43500525674696	0.665212033226336	0.806658864201589	-0.0447185437531278	0.0617285129798989	1.15413084064394	1.61119054829135	1.49452961835556	-0.108215007228632	1.90244201661847	-0.244758443829688
GLU258A	-0.139606276533897	-0.467460895765564	0.948917209586699	0.137400341835612	0.980400931335786	-0.168719819772869	-0.331259433549957	-0.857637305433659	-0.133674786702898	-0.590830052807604	2.94156229301543	1.88959844228803	0.265694154374322	0.661776390359712	0.101255869871198	0.0833597598550388
LYS164A	-0.600805582940521	-0.961633842717732	-0.660494559846313	-0.91442296463011	0.418169006213902	0.00171235021207649	-0.331259433549957	-0.857637305433659	-0.57845600145175	-0.75396969425448	-0.703536490770223	-0.606749993525472	-0.963141309606916	-0.878206404816976	-0.799337203502437	-0.572876647514415
GLU171A	-0.139606276533897	-0.961633842717732	0.0823108721996926	-0.563815195808202	-0.790424438664892	-0.726557484518438	0.16697629983819	-0.857637305433659	0.400062670995724	-0.427690411360728	-0.703536490770223	-0.606749993525472	-0.348723577616297	-0.878206404816976	-0.439099974152983	-0.900994851199142
VAL172A	0.321593029872727	1.01505794509094	0.329912682881695	1.53983141712324	0.90858298469613	1.78035903753465	0.665212033226336	1.36142425408	0.755887642794806	1.69312492744866	1.67014954381454	2.73528627574029	0.880111886364941	1.43176778794806	0.101255869871198	0.0833597598550388
GLY245A	0.321593029872727	1.01505794509094	0.206111777540694	1.01391976389038	1.10351741128948	2.28876747074895	0.665212033226336	1.36142425408	0.755887642794806	1.69312492744866	1.78338698145475	3.20432456173837	0.265694154374322	0.661776390359712	0.101255869871198	0.739596167224493
PRO278A	1.7051909490926	1.50923089204311	1.0727181149277	1.7151353015342	2.01047548028172	1.87053201211046	2.15991923339077	1.91618964395842	2.17918752999113	2.34568349323616	-0.703536490770223	-0.606749993525472	-0.963141309606916	-0.878206404816976	-0.799337203502437	-0.572876647514415
LEU111A	2.16639025549922	2.00340383899528	1.81552354697371	1.53983141712324	1.95712500563512	3.65517334215305	1.16344776661448	1.91618964395842	0.400062670995724	1.04056636166115	3.09636790396661	5.65741223766728	0.880111886364941	1.43176778794806	0.641611713895379	0.0833597598550388
VAL143A	-0.139606276533897	0.520884998138772	0.701315398904698	1.36452753271229	-0.791450409331173	-0.60477302286207	-0.829495166938103	-0.302871915555243	-0.756368487351291	-0.101411128466977	-0.623266914721463	-0.468296436711219	-0.348723577616297	-0.108215007228632	-0.439099974152983	-0.244758443829688
THR256A	1.24399164268598	1.50923089204311	1.0727181149277	1.7151353015342	0.505376512847771	0.360868012015961	0.16697629983819	0.251893474323173	-0.311587272602439	0.0617285129798989	1.12259636433907	0.966235939177145	0.265694154374322	0.661776390359712	0.101255869871198	0.0833597598550388
PRO98A	0.321593029872727	0.520884998138772	0.453713588222696	-0.0379035425753413	1.08299799796387	1.86918203252072	0.665212033226336	0.806658864201589	0.400062670995724	0.714287078767402	1.53684471216213	2.60467016837545	0.880111886364941	1.43176778794806	0.641611713895379	0.0833597598550388
VAL97A	-0.139606276533897	0.520884998138772	-0.784295465187314	-0.213207426986295	-0.178945921561529	-0.124699161106832	0.16697629983819	0.806658864201589	-0.222631029652669	0.38800779587365	-0.226219190337418	-0.0125907507602834	0.880111886364941	1.43176778794806	-0.258981359478256	0.411477963539766
ASP207A	-0.600805582940521	0.0267120511866036	-0.412892749164311	0.48800811065752	-0.791450409331173	-0.746199503101685	-0.829495166938103	-0.302871915555243	-0.57845600145175	0.38800779587365	-0.455560836191018	-0.529241278765377	0.880111886364941	1.43176778794806	0.101255869871198	0.739596167224493
LEU206A	0.321593029872727	0.0267120511866036	0.701315398904698	0.48800811065752	-0.872502091967357	-0.740028111389007	-0.331259433549957	-0.302871915555243	-0.133674786702898	0.0617285129798989	-0.702103105483638	-0.606749993525472	-0.348723577616297	-0.878206404816976	-0.439099974152983	-0.900994851199142
GLN144A	1.24399164268598	0.520884998138772	0.948917209586699	0.137400341835612	0.791622328740117	-0.127153781454472	0.16697629983819	0.251893474323173	-0.222631029652669	0.0617285129798989	-0.703536490770223	-0.606749993525472	-0.963141309606916	-0.878206404816976	-0.799337203502437	-0.572876647514415
PRO219A	-1.06200488934714	-0.467460895765564	-0.908096370528315	-0.0379035425753413	-0.295906577517542	-0.120396593002054	-1.32773090032625	-0.857637305433659	-1.29010594504991	-0.917109335701355	1.36483847777193	1.80634504600994	0.265694154374322	0.661776390359712	0.641611713895379	2.0520689819634
VAL218A	1.24399164268598	2.00340383899528	0.948917209586699	1.89043918594515	0.390467798224321	0.395184956767881	0.665212033226336	1.36142425408	0.577975156895265	1.85626456889553	3.59231921312502	2.58581960927598	3.33778281432742	4.51173337830143	2.98315370466683	5.33325101881067
ILE232A	0.321593029872727	0.520884998138772	0.825116304245698	1.36452753271229	-0.554451185420306	-0.388211536228494	-0.331259433549957	0.251893474323173	-0.133674786702898	1.04056636166115	-0.134482531995978	-0.0195917928132872	0.880111886364941	1.43176778794806	2.26267924596792	4.02077820407176
TYR234A	0.321593029872727	-0.467460895765564	0.453713588222696	-0.0379035425753413	0.122689454325029	-0.655098051386096	-0.331259433549957	-0.857637305433659	-0.57845600145175	-0.75396969425448	0.241064413089293	-0.382163137699703	0.880111886364941	0.661776390359712	0.461493099220652	1.39583257459395
ARG174A	-0.600805582940521	-0.961633842717732	-0.28909184382331	-0.91442296463011	-0.790424438664892	-0.797511524012956	-0.331259433549957	-0.857637305433659	-0.222631029652669	-0.917109335701355	-0.703536490770223	-0.606749993525472	-0.348723577616297	-0.108215007228632	-0.61921858882771	-0.900994851199142
GLN100A	-0.600805582940521	-0.467460895765564	-0.660494559846313	-0.563815195808202	-0.107127974921872	-0.390528571742271	-0.331259433549957	-0.302871915555243	-0.57845600145175	-0.427690411360728	0.117793278442982	-0.0115969183955733	0.265694154374322	0.661776390359712	-0.439099974152983	0.0833597598550388
MET169A	-0.139606276533897	-0.467460895765564	-0.412892749164311	-0.563815195808202	-0.562658950750552	-0.59650334246808	0.16697629983819	-0.302871915555243	0.133193942146413	-0.264550769913853	-0.160283467154508	-0.312804911292309	0.265694154374322	0.661776390359712	-0.0788627448035292	0.739596167224493
ASN200A	-0.600805582940521	-0.961633842717732	-0.28909184382331	-0.213207426986295	-0.709372756028708	-0.623373184790754	-0.829495166938103	-0.857637305433659	-0.57845600145175	-0.427690411360728	-0.342323398550803	-0.352098127869005	0.265694154374322	-0.108215007228632	0.821730328570106	1.39583257459395
VAL197A	1.7051909490926	1.50923089204311	1.1965190202687	1.36452753271229	1.19790671258732	0.697057204209706	1.16344776661448	0.806658864201589	1.02275637164412	0.877426720214277	1.36483847777193	1.88788641407419	0.880111886364941	1.43176778794806	1.18196755791956	2.38018718564813
LEU252A	-0.139606276533897	0.520884998138772	-0.536693654505312	-0.0379035425753413	-0.0127386736240379	0.487884818909668	-0.331259433549957	0.251893474323173	-0.667412244401521	-0.264550769913853	-0.0828806616789175	0.0417065577297926	-0.348723577616297	-0.108215007228632	-0.61921858882771	-0.244758443829688
ASP148A	-0.139606276533897	-0.467460895765564	-0.28909184382331	-0.0379035425753413	-0.790424438664892	-0.728506670562618	0.16697629983819	-0.302871915555243	0.489018913945495	0.38800779587365	-0.703536490770223	-0.606749993525472	-0.963141309606916	-0.878206404816976	-0.799337203502437	-0.572876647514415
SER149A	-0.600805582940521	-0.961633842717732	-0.412892749164311	-0.91442296463011	-0.790424438664892	-0.795820835406369	-0.331259433549957	-0.857637305433659	-0.0447185437531278	-0.917109335701355	-0.703536490770223	-0.606749993525472	-0.963141309606916	-0.878206404816976	-0.799337203502437	-0.572876647514415
LEU130A	0.782792336279351	1.01505794509094	-0.165290938482309	0.312704226246566	-0.396451702813061	-0.484316741846338	0.665212033226336	1.36142425408	0.0442376991966426	0.877426720214277	-0.703536490770223	-0.606749993525472	-0.963141309606916	-0.878206404816976	-0.799337203502437	-0.572876647514415
SER127A	-0.139606276533897	0.0267120511866036	-0.412892749164311	-0.0379035425753413	-0.189205628224337	-0.240265613576407	0.16697629983819	0.251893474323173	0.0442376991966426	0.38800779587365	-0.703536490770223	-0.606749993525472	-0.963141309606916	-0.878206404816976	-0.799337203502437	-0.572876647514415
LEU114A	-1.06200488934714	-0.467460895765564	-0.536693654505312	-0.213207426986295	-0.624217190727401	-0.410049429261809	-0.829495166938103	-0.302871915555243	-0.845324730301061	-0.427690411360728	-0.703536490770223	-0.606749993525472	-0.963141309606916	-0.878206404816976	-0.799337203502437	-0.572876647514415
VAL216A	1.7051909490926	2.49757678594744	0.948917209586699	1.89043918594515	0.523843984840826	1.56607114799528	1.16344776661448	1.91618964395842	1.11171261459389	2.01940421034241	-0.667701858605598	-0.575845181736576	-0.348723577616297	-0.108215007228632	-0.258981359478256	0.411477963539766
ALA276A	-0.139606276533897	-0.467460895765564	-0.28909184382331	-0.213207426986295	-0.784268614667207	-0.783392114743702	0.16697629983819	-0.302871915555243	0.400062670995724	-0.101411128466977	-0.703536490770223	-0.606749993525472	-0.963141309606916	-0.878206404816976	-0.799337203502437	-0.572876647514415
GLN136A	-0.139606276533897	-0.961633842717732	0.329912682881695	-0.91442296463011	-0.665256017378633	-0.687616764584819	0.16697629983819	-0.857637305433659	0.755887642794806	-0.917109335701355	-0.703536490770223	-0.606749993525472	-0.963141309606916	-0.878206404816976	-0.799337203502437	-0.572876647514415
CYS124A	0.321593029872727	0.0267120511866036	0.453713588222696	1.01391976389038	-0.10405006292303	-0.189043512763338	0.16697629983819	-0.302871915555243	0.311106428045954	0.38800779587365	-0.0198117090691775	0.281357380312927	-0.348723577616297	-0.108215007228632	0.101255869871198	0.739596167224493
GLN165A	-1.06200488934714	-0.467460895765564	-1.15569818121032	-0.739119080219156	-0.790424438664892	-0.641372779458856	-0.829495166938103	-0.302871915555243	-0.934280973250832	-0.427690411360728	-0.527230100520268	-0.411311524650239	-0.348723577616297	-0.108215007228632	-0.439099974152983	-0.244758443829688
SER249A	-0.600805582940521	-0.467460895765564	-0.784295465187314	-0.388511311397249	-0.20562115888483	-0.373117042690468	-0.331259433549957	-0.302871915555243	-0.57845600145175	-0.101411128466977	0.361468777162433	0.0138648976340135	0.880111886364941	0.661776390359712	-0.0788627448035292	0.411477963539766
VAL217A	0.782792336279351	1.50923089204311	1.3203199256097	2.0657430703561	1.12608876594766	1.92658050403984	0.16697629983819	0.806658864201589	0.133193942146413	0.877426720214277	1.55547872088774	2.15678463082576	0.880111886364941	1.43176778794806	2.26267924596792	4.02077820407176
GLY266A	1.24399164268598	2.00340383899528	0.948917209586699	1.7151353015342	0.074468833009831	0.920228100279153	0.16697629983819	0.806658864201589	0.0442376991966426	0.0617285129798989	0.258265036528313	1.05222030330245	0.880111886364941	1.43176778794806	1.00184894324483	0.411477963539766
TYR103A	-0.139606276533897	-1.4558067896699	-0.412892749164311	-1.26503073345202	0.356610766237054	-0.797511524012956	0.16697629983819	-1.41240269531208	-0.48949975850198	-1.24338861859511	-0.100081285117938	-0.606749993525472	-0.348723577616297	-0.878206404816976	-0.61921858882771	-0.900994851199142
ALA159A	0.321593029872727	1.01505794509094	0.701315398904698	0.838615879479427	0.341221206242842	0.43091576340788	-0.331259433549957	0.251893474323173	-0.400543515552209	0.0617285129798989	0.235330871942953	0.773498446637734	1.49452961835556	2.2017591855364	1.18196755791956	0.739596167224493
CYS275A	0.782792336279351	1.01505794509094	0.577514493563697	1.18922364830133	-0.689879313369373	-0.501556179155668	1.16344776661448	1.36142425408	1.20066885754366	2.01940421034241	-0.568798273831233	-0.471793204978941	-0.348723577616297	-0.108215007228632	-0.0788627448035292	-0.244758443829688
PRO151A	0.782792336279351	1.01505794509094	0.577514493563697	0.663311995068473	0.994764520663718	1.21610965845246	1.16344776661448	1.36142425408	0.933800128694347	1.20370600310803	1.6830500113938	1.95853779449093	0.880111886364941	0.661776390359712	0.281374484545925	-0.244758443829688
TYR220A	0.782792336279351	-0.961633842717732	1.4441208309507	-0.388511311397249	1.06658246730337	-0.797511524012956	1.16344776661448	-0.857637305433659	1.64545007229251	-0.427690411360728	2.13886653252783	-0.606749993525472	1.49452961835556	-0.108215007228632	1.90244201661847	0.0833597598550388
LEU133A	1.24399164268598	1.50923089204311	1.4441208309507	1.89043918594515	-0.73707396401829	-0.418260991505278	1.16344776661448	1.36142425408	1.11171261459389	1.20370600310803	-0.419726204026393	-0.117217774789364	1.49452961835556	2.2017591855364	1.90244201661847	1.06771437090922
TYR239A	0.782792336279351	-0.961633842717732	1.1965190202687	-0.388511311397249	-0.478529356115526	-0.797511524012956	1.16344776661448	-0.857637305433659	2.2681437729409	-0.264550769913853	-0.282121216514233	-0.606749993525472	1.49452961835556	-0.108215007228632	2.26267924596792	0.0833597598550388
ALA161A	0.321593029872727	1.01505794509094	0.701315398904698	1.36452753271229	0.119611542326187	-0.0184562730116356	-0.331259433549957	0.251893474323173	0.133193942146413	1.69312492744866	0.0289233906747125	-0.0772088516739785	0.265694154374322	0.661776390359712	0.641611713895379	2.0520689819634
LEU194A	1.24399164268598	2.00340383899528	1.81552354697371	2.41635083917801	0.114481688994783	0.573636935928875	1.66168350000263	2.47095503383684	2.35710001589067	2.83510241757679	0.182295616339308	0.317921975198288	2.10894735034618	2.97175058312474	1.90244201661847	2.38018718564813
ASN131A	-1.06200488934714	-0.467460895765564	-0.784295465187314	-0.91442296463011	2.0597220722632	3.49117041757345	-0.829495166938103	-0.302871915555243	-0.57845600145175	-0.75396969425448	1.47807591541215	3.15621988989047	-0.348723577616297	-0.108215007228632	-0.0788627448035292	-0.572876647514415
PHE270A	0.782792336279351	-0.467460895765564	1.0727181149277	-0.388511311397249	4.45844149002773	0.263381754613261	1.16344776661448	-0.302871915555243	0.933800128694347	-0.427690411360728	5.14610886378316	-0.606749993525472	2.10894735034618	-0.108215007228632	1.72232340194374	-0.244758443829688
ARG196A	0.321593029872727	-0.467460895765564	0.701315398904698	-0.388511311397249	0.546415339499004	0.481563532303839	0.16697629983819	-0.302871915555243	0.311106428045954	-0.427690411360728	-0.703536490770223	-0.606749993525472	-0.963141309606916	-0.878206404816976	-0.799337203502437	-0.572876647514415
PRO223A	-0.139606276533897	0.520884998138772	-0.784295465187314	-0.0379035425753413	0.0529234490179339	0.799773019078856	0.16697629983819	0.806658864201589	-0.222631029652669	0.224868154426775	-0.703536490770223	-0.606749993525472	-0.963141309606916	-0.878206404816976	-0.799337203502437	-0.572876647514415
THR230A	0.321593029872727	0.520884998138772	-0.28909184382331	0.137400341835612	-0.806839969325385	-0.555326863138415	0.16697629983819	0.251893474323173	-0.222631029652669	-0.264550769913853	-0.570231659117818	-0.376818193816088	-0.348723577616297	-0.108215007228632	-0.439099974152983	-0.572876647514415
ARG267A	0.321593029872727	0.0267120511866036	-0.0414900331413083	-0.213207426986295	0.0734428623435501	0.0157257460203811	-0.331259433549957	-0.302871915555243	-0.667412244401521	-0.75396969425448	-0.703536490770223	-0.606749993525472	-0.963141309606916	-0.878206404816976	-0.799337203502437	-0.572876647514415
ARG156A	0.321593029872727	-0.467460895765564	0.701315398904698	-0.388511311397249	-0.564710892083114	-0.447077726896122	0.16697629983819	-0.302871915555243	-0.0447185437531278	-0.427690411360728	0.0375237023942225	-0.0942917914806452	0.880111886364941	0.661776390359712	1.18196755791956	0.411477963539766
LYS132A	-0.600805582940521	-0.467460895765564	-0.28909184382331	-0.563815195808202	0.0693389796784269	0.405353191593871	-0.829495166938103	-0.302871915555243	-0.756368487351291	-0.264550769913853	0.266865348247823	0.574689274503003	-0.348723577616297	-0.108215007228632	-0.61921858882771	-0.572876647514415
ALA189A	0.321593029872727	0.520884998138772	0.329912682881695	0.312704226246566	1.02143975798702	1.2057516466328	0.665212033226336	0.806658864201589	0.666931399845035	0.224868154426775	0.271165504107578	-0.606749993525472	-0.348723577616297	-0.878206404816976	-0.61921858882771	-0.900994851199142
THR140A	0.321593029872727	0.0267120511866036	0.329912682881695	-0.0379035425753413	0.102170040999413	0.00864499843300702	0.665212033226336	0.251893474323173	0.133193942146413	0.224868154426775	0.791484363137933	0.572136076991392	2.10894735034618	1.43176778794806	1.54220478726901	1.72395077827867
SER260A	-0.600805582940521	-0.961633842717732	-0.784295465187314	-1.26503073345202	-0.790424438664892	-0.797511524012956	-0.331259433549957	-0.857637305433659	-0.48949975850198	-1.24338861859511	-0.703536490770223	-0.606749993525472	-0.963141309606916	-0.878206404816976	-0.799337203502437	-0.572876647514415
VAL157A	2.16639025549922	2.00340383899528	2.06312535765571	1.89043918594515	1.71704786972541	2.34786128355116	1.66168350000263	1.36142425408	1.20066885754366	0.877426720214277	2.34097385793632	2.77401217154704	3.95220054631803	3.74174198071309	4.24398400738992	2.70830538933286
ALA138A	-0.600805582940521	0.0267120511866036	-0.28909184382331	-0.213207426986295	-0.792476379997454	-0.674319686097171	-0.829495166938103	-0.302871915555243	-0.57845600145175	0.0617285129798989	-0.601766135422688	-0.501955514969173	-0.348723577616297	-0.108215007228632	-0.61921858882771	-0.572876647514415
GLY112A	-0.139606276533897	0.520884998138772	0.206111777540694	1.01391976389038	0.492038894186121	1.33383957610635	-0.829495166938103	-0.302871915555243	-0.845324730301061	-0.427690411360728	-0.703536490770223	-0.606749993525472	-0.963141309606916	-0.878206404816976	-0.799337203502437	-0.572876647514415
PHE113A	-0.139606276533897	0.0267120511866036	0.329912682881695	0.48800811065752	0.396623622222005	1.45110432274738	-0.829495166938103	-0.302871915555243	-0.57845600145175	-0.75396969425448	1.20286594038783	2.68152198081303	0.265694154374322	0.661776390359712	0.461493099220652	-0.572876647514415
GLY262A	-0.600805582940521	0.0267120511866036	-1.15569818121032	-0.563815195808202	-0.790424438664892	-0.505022395073453	-0.331259433549957	0.251893474323173	-0.48949975850198	-0.264550769913853	-0.703536490770223	-0.606749993525472	-0.963141309606916	-0.878206404816976	-0.799337203502437	-0.572876647514415
SER261A	-0.139606276533897	-1.4558067896699	-1.03189727586932	-1.26503073345202	-0.790424438664892	-0.797511524012956	0.16697629983819	-1.41240269531208	-0.311587272602439	-1.24338861859511	-0.703536490770223	-0.606749993525472	-0.963141309606916	-0.878206404816976	-0.799337203502437	-0.572876647514415
ILE195A	0.321593029872727	0.520884998138772	1.0727181149277	0.48800811065752	0.272481171602027	0.0864103717038466	0.665212033226336	0.806658864201589	0.577975156895265	0.224868154426775	0.499073764674593	0.685856567696325	1.49452961835556	2.2017591855364	1.36208617259429	1.39583257459395
LEU257A	0.321593029872727	0.520884998138772	1.1965190202687	0.838615879479427	0.412013182216218	0.0836069923438018	0.665212033226336	0.806658864201589	1.02275637164412	1.04056636166115	0.800084674857443	0.440305029882315	0.880111886364941	0.661776390359712	1.90244201661847	1.39583257459395
PHE109A	0.782792336279351	-0.467460895765564	2.18692626299671	0.312704226246566	0.337117323577718	-0.239584283839338	0.665212033226336	-0.857637305433659	0.844843885744576	-1.08024897714823	1.1197295937659	0.209137037701375	2.10894735034618	-0.108215007228632	1.18196755791956	-0.900994851199142
LEU145A	0.321593029872727	1.01505794509094	1.3203199256097	2.0657430703561	-0.74938561201366	-0.61745318741147	0.16697629983819	0.806658864201589	0.400062670995724	1.20370600310803	-0.541563953386118	-0.467060244239663	0.265694154374322	0.661776390359712	1.18196755791956	1.39583257459395
SER96A	-1.06200488934714	-0.961633842717732	-0.908096370528315	-0.739119080219156	-0.790424438664892	-0.791103082211915	-0.829495166938103	-0.857637305433659	-0.48949975850198	-0.590830052807604	-0.683469096758033	-0.597378584174293	-0.348723577616297	-0.108215007228632	-0.439099974152983	0.0833597598550388
PRO152A	-0.139606276533897	0.0267120511866036	-0.165290938482309	0.48800811065752	-0.23024445487557	-0.0142854902309976	0.16697629983819	0.251893474323173	0.0442376991966426	0.877426720214277	-0.00977801206308251	0.518917360274953	0.265694154374322	0.661776390359712	-0.258981359478256	0.0833597598550388
ILE254A	0.782792336279351	0.0267120511866036	1.1965190202687	-0.0379035425753413	0.65619420079105	1.18483321880637	-0.331259433549957	0.251893474323173	-0.400543515552209	0.0617285129798989	1.56551241789383	2.29213941467712	-0.348723577616297	-0.108215007228632	-0.61921858882771	-0.572876647514415
ASN263A	-0.600805582940521	-0.467460895765564	-1.15569818121032	-0.739119080219156	-0.439542470796855	-0.613582133486532	-0.331259433549957	-0.302871915555243	-0.48949975850198	-0.590830052807604	-0.703536490770223	-0.606749993525472	-0.963141309606916	-0.878206404816976	-0.799337203502437	-0.572876647514415
VAL272A	0.782792336279351	1.50923089204311	1.4441208309507	2.24104695476706	-0.0855825909299755	0.656480677651625	-0.331259433549957	0.251893474323173	0.311106428045954	0.714287078767402	0.447471894357533	1.37857511579319	0.265694154374322	0.661776390359712	0.281374484545925	0.0833597598550388
TYR107A	-0.600805582940521	-0.961633842717732	-0.165290938482309	-0.91442296463011	-0.774008908004399	-0.748982257243897	-0.331259433549957	-0.857637305433659	-0.133674786702898	-0.75396969425448	-0.541563953386118	-0.535783034859855	-0.348723577616297	-0.108215007228632	-0.61921858882771	-0.244758443829688
GLY105A	0.782792336279351	1.50923089204311	-0.0414900331413083	0.663311995068473	-0.38311408415141	0.166180981741475	0.665212033226336	1.36142425408	0.311106428045954	0.551147437320526	-0.100081285117938	0.434124067524535	0.265694154374322	0.661776390359712	-0.258981359478256	-0.572876647514415
HIS193A	1.24399164268598	1.50923089204311	0.825116304245698	0.838615879479427	0.21297487295774	-0.0476432983354294	1.66168350000263	1.91618964395842	1.28962510049343	1.20370600310803	-0.0269786355021025	0.255841460177875	0.265694154374322	0.661776390359712	0.101255869871198	1.06771437090922
GLU285A	0.321593029872727	0.0267120511866036	0.329912682881695	-0.213207426986295	-0.43338664679917	-0.627783771986641	0.665212033226336	0.251893474323173	-0.0447185437531278	-0.101411128466977	-0.703536490770223	-0.606749993525472	-0.963141309606916	-0.878206404816976	-0.799337203502437	-0.572876647514415
THR284A	-1.06200488934714	-0.467460895765564	-0.784295465187314	-0.388511311397249	-0.790424438664892	-0.505022395073453	-0.829495166938103	-0.302871915555243	-0.667412244401521	-0.427690411360728	-0.618966758861708	-0.460879281881884	-0.348723577616297	-0.108215007228632	-0.61921858882771	-0.900994851199142
ALA129A	-0.600805582940521	0.0267120511866036	-0.784295465187314	0.137400341835612	-0.966891393265191	-0.796666179709662	-1.32773090032625	-0.857637305433659	-1.37906218799968	-0.917109335701355	-0.703536490770223	-0.606749993525472	-0.963141309606916	-0.878206404816976	-0.799337203502437	-0.572876647514415
SER185A	-1.06200488934714	-0.467460895765564	-1.27949908655132	-0.563815195808202	-0.790424438664892	-0.505022395073453	-0.829495166938103	-0.302871915555243	-1.0232372162006	-0.590830052807604	-0.703536490770223	-0.606749993525472	-0.963141309606916	-0.878206404816976	-0.799337203502437	-0.572876647514415
SER215A	-0.139606276533897	-0.961633842717732	0.329912682881695	-0.739119080219156	-0.636528838722771	-0.60730905577195	-0.331259433549957	-0.857637305433659	-0.222631029652669	-0.590830052807604	-0.563064732684893	-0.606749993525472	-0.348723577616297	-0.878206404816976	-0.258981359478256	-0.900994851199142
VAL147A	1.7051909490926	1.50923089204311	1.3203199256097	0.663311995068473	-0.422100969470081	0.0326165818211244	1.66168350000263	1.36142425408	1.73440631524228	0.38800779587365	0.242497798375878	1.02502406892822	0.880111886364941	1.43176778794806	1.00184894324483	-0.244758443829688
GLU286A	-0.600805582940521	-0.467460895765564	-0.412892749164311	-0.388511311397249	-0.790424438664892	-0.708251481736988	-0.331259433549957	-0.302871915555243	-0.133674786702898	0.0617285129798989	-0.703536490770223	-0.606749993525472	-0.963141309606916	-0.878206404816976	-0.799337203502437	-0.572876647514415
ASN210A	-1.06200488934714	-1.4558067896699	-1.03189727586932	-1.26503073345202	-0.790424438664892	-0.797511524012956	-0.829495166938103	-1.41240269531208	-0.845324730301061	-1.24338861859511	-0.703536490770223	-0.606749993525472	-0.963141309606916	-0.878206404816976	-0.799337203502437	-0.572876647514415
CYS277A	-0.139606276533897	-0.467460895765564	-0.165290938482309	-0.91442296463011	-0.328737638838527	-0.695474392552244	0.16697629983819	-0.302871915555243	0.489018913945495	-0.590830052807604	-0.703536490770223	-0.606749993525472	-0.963141309606916	-0.878206404816976	-0.799337203502437	-0.572876647514415
ILE255A	1.24399164268598	0.0267120511866036	2.31072716833771	0.663311995068473	2.07511163225741	-0.0321672296383286	0.16697629983819	-0.857637305433659	0.311106428045954	-0.75396969425448	1.72031802884501	-0.606749993525472	0.265694154374322	-0.878206404816976	0.461493099220652	-0.900994851199142
PRO191A	-0.600805582940521	-0.467460895765564	-0.28909184382331	-0.388511311397249	0.697233027442283	0.609838682797536	-0.331259433549957	-0.302871915555243	-0.0447185437531278	-0.264550769913853	-0.703536490770223	-0.606749993525472	-0.963141309606916	-0.878206404816976	-0.799337203502437	-0.572876647514415
ARG280A	0.321593029872727	-0.467460895765564	-0.536693654505312	-0.739119080219156	-0.665256017378633	-0.507902799162108	0.665212033226336	-0.302871915555243	-0.0447185437531278	-0.427690411360728	-0.613233217715368	-0.606749993525472	0.265694154374322	-0.878206404816976	-0.439099974152983	-0.900994851199142
ARG283A	-1.06200488934714	-0.961633842717732	-0.660494559846313	-0.91442296463011	-0.790424438664892	-0.790748769586609	-0.829495166938103	-0.857637305433659	-0.57845600145175	-0.917109335701355	-0.455560836191018	-0.596860453753025	0.265694154374322	-0.108215007228632	-0.258981359478256	-0.900994851199142
PHE212A	-1.06200488934714	-1.4558067896699	-0.908096370528315	-1.26503073345202	-0.790424438664892	-0.797511524012956	-0.829495166938103	-1.41240269531208	-0.667412244401521	-1.24338861859511	-0.703536490770223	-0.606749993525472	-0.963141309606916	-0.878206404816976	-0.799337203502437	-0.572876647514415
HIS214A	-0.139606276533897	0.520884998138772	-0.412892749164311	0.137400341835612	-0.507256534771388	-0.393843066318953	0.16697629983819	0.806658864201589	-0.133674786702898	0.551147437320526	-0.254886896069118	-0.352688234465983	0.880111886364941	1.43176778794806	0.281374484545925	0.739596167224493
LYS101A	-1.06200488934714	-1.4558067896699	-0.908096370528315	-1.26503073345202	-0.790424438664892	-0.797511524012956	-0.829495166938103	-1.41240269531208	-0.934280973250832	-1.24338861859511	-0.703536490770223	-0.606749993525472	-0.963141309606916	-0.878206404816976	-0.799337203502437	-0.572876647514415
THR155A	1.7051909490926	2.00340383899528	1.3203199256097	1.36452753271229	-0.197413393554584	0.100754372040109	1.66168350000263	2.47095503383684	1.28962510049343	1.85626456889553	-0.201851640465473	0.0272283348446073	-0.348723577616297	-0.108215007228632	-0.439099974152983	-0.244758443829688
THR150A	-1.52320419575377	-0.961633842717732	-1.15569818121032	-0.563815195808202	-0.790424438664892	-0.686653632389801	-1.32773090032625	-0.857637305433659	-1.0232372162006	-0.427690411360728	-0.703536490770223	-0.606749993525472	-0.963141309606916	-0.878206404816976	-0.799337203502437	-0.572876647514415
ILE251A	-0.139606276533897	-0.467460895765564	0.453713588222696	0.312704226246566	-0.718606492025235	-0.701142273437513	-0.331259433549957	-0.302871915555243	0.400062670995724	0.551147437320526	-0.544430723959288	-0.465824051768108	0.265694154374322	0.661776390359712	0.821730328570106	1.39583257459395
ASP228A	-0.600805582940521	-0.961633842717732	-0.784295465187314	-1.08972684904106	-0.790424438664892	-0.797511524012956	-0.331259433549957	-0.857637305433659	-0.667412244401521	-0.917109335701355	-0.703536490770223	-0.606749993525472	-0.348723577616297	-0.108215007228632	-0.61921858882771	-0.244758443829688
CYS182A	-1.06200488934714	-0.467460895765564	-1.03189727586932	-0.563815195808202	-0.790424438664892	-0.505547106417219	-0.829495166938103	-0.302871915555243	-0.845324730301061	-0.427690411360728	-0.703536490770223	-0.606749993525472	-0.963141309606916	-0.878206404816976	-0.799337203502437	-0.572876647514415
HIS178A	-0.600805582940521	-0.961633842717732	-1.03189727586932	-1.08972684904106	-0.790424438664892	-0.79698681266919	-0.829495166938103	-0.857637305433659	-0.845324730301061	-0.917109335701355	-0.703536490770223	-0.606749993525472	-0.963141309606916	-0.878206404816976	-0.799337203502437	-0.572876647514415
ASP268A	-1.06200488934714	-0.467460895765564	-0.165290938482309	0.48800811065752	-0.790424438664892	-0.599112033458894	-0.829495166938103	-0.302871915555243	-0.48949975850198	0.38800779587365	-0.455560836191018	-0.316619740529221	0.265694154374322	0.661776390359712	-0.0788627448035292	0.411477963539766
SER99A	-0.139606276533897	0.0267120511866036	-0.412892749164311	-0.563815195808202	-0.273335222859364	-0.192261053120033	0.16697629983819	0.251893474323173	-0.57845600145175	-0.590830052807604	-0.703536490770223	-0.606749993525472	-0.963141309606916	-0.878206404816976	-0.799337203502437	-0.572876647514415
PRO222A	-0.600805582940521	-0.961633842717732	-0.908096370528315	-1.08972684904106	-0.15432262557079	-0.124617458591441	-0.331259433549957	-0.857637305433659	-0.57845600145175	-1.08024897714823	-0.133049146709393	0.377259213832967	-0.348723577616297	-0.108215007228632	-0.439099974152983	-0.572876647514415
HIS233A	-0.600805582940521	0.0267120511866036	-0.536693654505312	-0.388511311397249	-0.790424438664892	-0.658726720104178	-0.829495166938103	-0.302871915555243	-0.756368487351291	-0.427690411360728	-0.561631347398308	-0.535760290077242	-0.348723577616297	-0.108215007228632	-0.0788627448035292	0.0833597598550388
SER240A	-0.600805582940521	-0.467460895765564	0.329912682881695	0.48800811065752	-0.616009425397154	-0.405271767284836	-0.331259433549957	-0.302871915555243	0.222150185096183	0.224868154426775	-0.370991104282503	-0.0331566867235676	0.265694154374322	0.661776390359712	0.641611713895379	0.739596167224493
GLY279A	0.782792336279351	1.50923089204311	0.948917209586699	1.89043918594515	-0.44569829479454	-0.0874861021281739	1.16344776661448	1.91618964395842	1.46753758639297	2.83510241757679	-0.461294377337358	-0.188916938139602	0.265694154374322	0.661776390359712	-0.258981359478256	-0.244758443829688
GLY226A	-1.06200488934714	-0.467460895765564	-1.52710089723332	-0.91442296463011	-0.790424438664892	-0.643204096871479	-1.32773090032625	-0.857637305433659	-1.46801843094945	-1.08024897714823	-0.703536490770223	-0.606749993525472	-0.963141309606916	-0.878206404816976	-0.799337203502437	-0.572876647514415
SER227A	-0.600805582940521	-0.467460895765564	-1.15569818121032	-0.739119080219156	-0.441594412129417	-0.0312220127368015	-0.829495166938103	-0.302871915555243	-0.845324730301061	-0.427690411360728	0.0317901612478825	0.513836400895454	0.265694154374322	0.661776390359712	-0.61921858882771	-0.244758443829688
GLN104A	-0.600805582940521	-0.961633842717732	-0.28909184382331	-0.563815195808202	-0.663204076046072	-0.797511524012956	-0.331259433549957	-0.857637305433659	0.0442376991966426	-0.590830052807604	-0.703536490770223	-0.606749993525472	-0.963141309606916	-0.878206404816976	-0.799337203502437	-0.572876647514415
GLN167A	-1.52320419575377	-1.4558067896699	-1.77470270791532	-1.26503073345202	-0.967917363931472	-0.797511524012956	-1.8259666337144	-1.41240269531208	-1.46801843094945	-1.08024897714823	-0.703536490770223	-0.606749993525472	-0.963141309606916	-0.878206404816976	-0.799337203502437	-0.572876647514415
SER166A	-1.52320419575377	-0.961633842717732	-1.77470270791532	-1.26503073345202	-0.967917363931472	-0.797511524012956	-1.8259666337144	-1.41240269531208	-1.46801843094945	-1.08024897714823	-0.703536490770223	-0.606749993525472	-0.963141309606916	-0.878206404816976	-0.799337203502437	-0.572876647514415
MET160A	0.321593029872727	-0.961633842717732	0.0823108721996926	-1.08972684904106	-0.82633341198472	-0.631824040567457	-0.331259433549957	-0.857637305433659	-0.400543515552209	-1.08024897714823	-0.491395468355643	-0.36445626910053	1.49452961835556	-0.108215007228632	1.18196755791956	-0.900994851199142
PRO177A	-1.06200488934714	-0.467460895765564	-0.908096370528315	-0.388511311397249	-0.790424438664892	-0.557971116267032	-1.32773090032625	-0.857637305433659	-1.0232372162006	-0.427690411360728	-0.703536490770223	-0.606749993525472	-0.963141309606916	-0.878206404816976	-0.799337203502437	-0.572876647514415
THR102A	-1.52320419575377	-0.961633842717732	-1.40329999189232	-1.26503073345202	-0.790424438664892	-0.505022395073453	-1.32773090032625	-0.857637305433659	-1.20114970210014	-1.24338861859511	-0.703536490770223	-0.606749993525472	-0.963141309606916	-0.878206404816976	-0.799337203502437	-0.572876647514415
GLY199A	-1.06200488934714	-0.467460895765564	-1.27949908655132	-0.739119080219156	-0.873528062633638	-0.641968172206977	-1.32773090032625	-0.857637305433659	-1.29010594504991	-0.917109335701355	-0.703536490770223	-0.606749993525472	-0.963141309606916	-0.878206404816976	-0.799337203502437	-0.572876647514415
SER106A	-1.52320419575377	-1.4558067896699	-1.15569818121032	-1.26503073345202	-0.967917363931472	-0.797511524012956	-1.8259666337144	-1.41240269531208	-1.46801843094945	-1.08024897714823	-0.703536490770223	-0.606749993525472	-0.963141309606916	-0.878206404816976	-0.799337203502437	-0.572876647514415
VAL225A	-1.52320419575377	-0.961633842717732	-1.65090180257432	-1.08972684904106	-0.790424438664892	-0.65932982221493	-1.32773090032625	-0.857637305433659	-1.46801843094945	-1.08024897714823	-0.703536490770223	-0.606749993525472	-0.963141309606916	-0.878206404816976	-0.799337203502437	-0.572876647514415
THR170A	-0.139606276533897	0.0267120511866036	-0.412892749164311	-0.213207426986295	-0.790424438664892	-0.702832962044099	0.16697629983819	0.251893474323173	0.222150185096183	-0.101411128466977	-0.588865667843423	-0.507854595801006	-0.348723577616297	-0.108215007228632	-0.439099974152983	0.0833597598550388
ASN247A	-1.52320419575377	-1.4558067896699	-1.27949908655132	-1.26503073345202	-0.790424438664892	-0.797511524012956	-1.32773090032625	-1.41240269531208	-1.11219345915037	-1.24338861859511	-0.703536490770223	-0.606749993525472	-0.963141309606916	-0.878206404816976	-0.799337203502437	-0.572876647514415
LEU289A	-1.06200488934714	-0.467460895765564	-0.908096370528315	-0.213207426986295	-0.790424438664892	-0.651266959543204	-0.829495166938103	-0.302871915555243	-1.0232372162006	-0.264550769913853	-0.703536490770223	-0.606749993525472	-0.963141309606916	-0.878206404816976	-0.799337203502437	-0.572876647514415
SER241A	-1.52320419575377	-0.961633842717732	-1.15569818121032	-0.563815195808202	-0.790424438664892	-0.505022395073453	-1.32773090032625	-0.857637305433659	-1.0232372162006	-0.590830052807604	-0.703536490770223	-0.606749993525472	-0.963141309606916	-0.878206404816976	-0.799337203502437	-0.572876647514415
ARG209A	-1.52320419575377	-1.4558067896699	-1.52710089723332	-1.26503073345202	-0.790424438664892	-0.797511524012956	-1.32773090032625	-1.41240269531208	-1.29010594504991	-1.24338861859511	-0.703536490770223	-0.606749993525472	-0.963141309606916	-0.878206404816976	-0.799337203502437	-0.572876647514415
SER121A	-1.52320419575377	-1.4558067896699	-1.15569818121032	-1.26503073345202	-0.790424438664892	-0.797511524012956	-1.32773090032625	-1.41240269531208	-1.0232372162006	-1.24338861859511	-0.703536490770223	-0.606749993525472	-0.963141309606916	-0.878206404816976	-0.799337203502437	-0.572876647514415
GLU180A	-1.98440350216039	-1.4558067896699	-1.77470270791532	-1.26503073345202	-0.967917363931472	-0.797511524012956	-1.8259666337144	-1.41240269531208	-1.46801843094945	-1.08024897714823	-0.703536490770223	-0.606749993525472	-0.963141309606916	-0.878206404816976	-0.799337203502437	-0.572876647514415
ARG181A	-1.98440350216039	-1.4558067896699	-1.77470270791532	-1.26503073345202	-0.967917363931472	-0.797511524012956	-1.8259666337144	-1.41240269531208	-1.46801843094945	-1.08024897714823	-0.703536490770223	-0.606749993525472	-0.963141309606916	-0.878206404816976	-0.799337203502437	-0.572876647514415
LEU201A	-1.98440350216039	-1.4558067896699	-1.77470270791532	-1.26503073345202	-0.967917363931472	-0.797511524012956	-1.8259666337144	-1.41240269531208	-1.46801843094945	-1.08024897714823	-0.703536490770223	-0.606749993525472	-0.963141309606916	-0.878206404816976	-0.799337203502437	-0.572876647514415
GLU224A	-1.98440350216039	-1.4558067896699	-1.77470270791532	-1.26503073345202	-0.967917363931472	-0.797511524012956	-1.8259666337144	-1.41240269531208	-1.46801843094945	-1.08024897714823	-0.703536490770223	-0.606749993525472	-0.963141309606916	-0.878206404816976	-0.799337203502437	-0.572876647514415
ARG248A	-1.98440350216039	-1.4558067896699	-1.77470270791532	-1.26503073345202	-0.967917363931472	-0.797511524012956	-1.8259666337144	-1.41240269531208	-1.46801843094945	-1.08024897714823	-0.703536490770223	-0.606749993525472	-0.963141309606916	-0.878206404816976	-0.799337203502437	-0.572876647514415
SER269A	-1.98440350216039	-1.4558067896699	-1.77470270791532	-1.26503073345202	-0.967917363931472	-0.797511524012956	-1.8259666337144	-1.41240269531208	-1.46801843094945	-1.08024897714823	-0.703536490770223	-0.606749993525472	-0.963141309606916	-0.878206404816976	-0.799337203502437	-0.572876647514415
GLU287A	-1.98440350216039	-1.4558067896699	-1.77470270791532	-1.26503073345202	-0.967917363931472	-0.797511524012956	-1.8259666337144	-1.41240269531208	-1.46801843094945	-1.08024897714823	-0.703536490770223	-0.606749993525472	-0.963141309606916	-0.878206404816976	-0.799337203502437	-0.572876647514415
ASN288A	-1.98440350216039	-1.4558067896699	-1.77470270791532	-1.26503073345202	-0.967917363931472	-0.797511524012956	-1.8259666337144	-1.41240269531208	-1.46801843094945	-1.08024897714823	-0.703536490770223	-0.606749993525472	-0.963141309606916	-0.878206404816976	-0.799337203502437	-0.572876647514415
ARG290A	-1.98440350216039	-1.4558067896699	-1.77470270791532	-1.26503073345202	-0.967917363931472	-0.797511524012956	-1.8259666337144	-1.41240269531208	-1.46801843094945	-1.08024897714823	-0.703536490770223	-0.606749993525472	-0.963141309606916	-0.878206404816976	-0.799337203502437	-0.572876647514415
