Degree	Degree_sidechain	SecondOrderDegree	SecondOrderDegree_sidechain	NodeEdgeBetweennessSTRIDE	NodeEdgeBetweennessSTRIDE_sidechain	IntermodularDegreeSTRIDE	IntermodularDegreeSTRIDE_sidechain	SecondOrderIntermodularDegreeSTRIDE	SecondOrderIntermodularDegreeSTRIDE_sidechain	NodeEdgeBetweennessWALKTRAP	NodeEdgeBetweennessWALKTRAP_sidechain	IntermodularDegreeWALKTRAP	IntermodularDegreeWALKTRAP_sidechain	SecondOrderIntermodularDegreeWALKTRAP	SecondOrderIntermodularDegreeWALKTRAP_sidechain
TRP607A	8	7	22	18	5149	1377.24227591794	6	5	19	12	1	1	1	1	1	1
VAL592A	6	5	15	11	1506	978.800438183478	6	5	15	8	1	1	1	1	1	1
ARG290A	5	3	17	8	10222	5869.5615937359	3	3	10	7	1	1	1	1	1	1
ASN284A	8	6	23	11	805	486.026303594918	6	5	25	12	805	486.026303594918	5	4	12	7
GLN77A	4	4	15	12	2672	2163.2929246449	4	4	18	13	1597	1551.82002091718	3	3	11	8
TRP73A	12	9	36	23	12342	5665.23375903398	11	9	57	32	8195	3591.73375903398	9	6	19	9
LEU388A	5	4	11	10	1394	1286	5	4	16	9	1	1	1	1	1	1
VAL553A	7	5	18	10	2620	2474.00402218393	7	5	22	9	958	958	3	3	7	5
ARG108A	7	5	18	7	3505	1581.78839941041	6	4	15	7	1	1	1	1	1	1
TRP107A	8	5	25	13	7003	6104.95597950612	7	4	30	10	1006	534	3	2	9	2
ARG104A	5	5	10	8	1014	489.542695670015	4	4	9	7	612	428	3	3	3	2
LYS98A	5	2	12	2	706	173.820224617424	4	2	11	2	464	173.820224617424	3	2	3	1
ARG627A	7	4	19	9	2056	852.292433407703	3	2	9	3	4625	1901.70940182042	5	4	8	5
ASP557A	4	4	12	9	1808	399.388387316857	4	4	12	8	1099	247.707566592297	2	2	4	3
GLN195A	9	6	32	8	3883	1103.15218449866	6	5	29	10	7897	1103.15218449866	7	5	22	8
THR199A	9	9	35	20	5592	4204.44873115984	7	7	36	17	6047	4659.44873115984	5	5	18	10
GLU317A	8	6	23	13	556	257.142588454019	6	4	25	11	556	257.142588454019	4	4	12	6
CYS166A	9	7	23	12	2380	886.916068602722	8	6	28	13	51	1	2	1	4	0
TYR135A	7	3	29	4	3914	835.805683622227	6	3	25	4	3119	1	2	1	4	0
MET640A	5	4	18	10	588	274.959784833203	3	3	8	8	750	436.959784833203	4	4	8	6
TRP387A	5	5	19	14	11458	4270.27369635753	4	4	13	11	5982	3011.0402151668	3	3	9	9
ALA379A	9	8	21	18	1762	907.832081198645	5	5	18	13	1762	907.832081198645	4	4	8	6
TYR374A	7	4	23	17	900	259.616194683862	7	4	27	12	664	23.616194683862	4	2	8	3
GLN160A	4	4	12	6	2028	2028	3	3	10	4	1003	1003	2	2	3	2
TYR111A	6	2	14	2	3628	900.194316377773	6	2	15	2	869	1	3	1	5	0
GLU688A	4	1	10	1	1	1	1	1	1	1	1	1	1	1	1	1
GLY684A	7	7	11	10	1925	1179.14331243873	3	3	3	2	1925	1179.14331243873	3	3	3	2
HIS326A	7	3	22	8	6272	1952.41410648868	4	3	13	6	3372	1952.41410648868	3	3	7	6
TRP88A	8	5	22	9	8031	7372	7	4	18	5	1	1	2	1	4	0
ASP142A	5	4	16	8	410	104.280270581809	3	3	11	6	1	1	1	1	1	1
VAL254A	7	6	24	13	5589	3762.94156768662	6	5	34	12	4014	3393.21549679914	3	3	8	2
VAL255A	7	6	23	16	4959	3248.49588379669	5	4	17	9	1	1	1	1	1	1
LYS155A	4	2	11	2	1274	359.039873040413	3	2	6	2	1	1	2	1	3	0
VAL151A	7	7	11	7	783	517.218486225687	4	4	7	5	774	508.218486225687	4	4	5	3
LYS157A	8	4	23	7	7094	2232	7	4	28	5	7094	2232	6	4	12	2
MET110A	6	4	15	7	3038	2036	6	4	17	6	3038	2036	4	3	7	3
GLY63A	7	7	27	24	1565	1000.88192622525	5	5	22	17	1	1	1	1	1	1
THR312A	7	5	28	18	5628	1018.94700438862	7	5	33	17	1	1	2	2	7	3
TYR643A	7	3	18	7	2908	55.2315139632943	5	3	18	7	4510	55.2315139632943	6	2	12	3
ARG610A	7	4	13	6	1684	1195.91903987182	4	3	8	4	443	345.515431560633	2	2	2	1
TRP584A	7	6	18	12	1754	804.319337022959	4	4	9	7	1	1	1	1	1	1
ASP563A	5	4	12	8	7826	4243.63248527663	4	4	11	8	7826	4243.63248527663	4	4	6	4
PRO573A	5	4	12	8	410	202.384438146283	3	3	9	9	82	55.526586167991	2	2	3	3
THR327A	10	9	34	28	23287	22768.5023625598	7	6	28	14	6190	5671.50236255982	5	5	11	9
VAL323A	10	10	31	26	16689	11890.9207749795	7	7	20	17	16689	11890.9207749795	7	7	16	13
ALA125A	7	7	16	14	754	754	3	3	5	3	1	1	2	2	4	3
LYS79A	4	2	8	1	754	1	2	1	2	0	154	1	2	1	3	0
HIS103A	6	6	24	19	22704	17554.7526640631	6	6	35	25	22704	17554.7526640631	6	6	18	15
SER138A	5	4	18	12	11910	2743.72287220553	5	4	27	14	6056	2719.57419145494	2	2	5	5
ILE143A	7	3	19	5	1492	443.544020493881	5	3	17	6	80	40.5	2	2	3	2
ALA383A	7	7	24	22	4599	2397.73020306498	4	4	15	13	4599	2397.73020306498	4	4	12	12
ASN321A	8	6	31	19	24531	12420.59421167	7	6	38	21	8586	2362.60652780612	3	2	5	4
PRO314A	7	7	30	21	7547	5169.89347219387	6	6	37	26	14195	11817.8934721939	5	5	20	10
ARG299A	10	8	33	13	31464	24622.4118975046	10	8	43	14	27676	24158.8975074532	8	7	13	4
GLY298A	6	6	18	12	678	678	5	5	20	10	467	467	3	3	10	7
PRO394A	5	4	10	8	1639	564.128100935724	3	3	5	3	1222	1	2	1	1	0
VAL393A	5	3	11	5	810	271	4	2	7	0	540	1	2	1	2	0
SER589A	5	3	10	3	694	655	4	2	9	0	1	1	1	1	1	1
ARG306A	6	3	17	6	1113	105.703743636798	4	2	12	3	1	1	1	1	1	1
PRO305A	5	5	12	8	1	1	1	1	1	1	1	1	1	1	1	1
SER649A	3	2	9	4	1409	1	2	1	4	0	1409	1	2	1	3	0
TRP645A	6	4	15	4	1	1	2	2	4	3	1	1	1	1	1	1
GLY221A	9	8	25	21	5547	4779.50791533617	7	6	42	23	1921	1907	4	3	13	6
TRP249A	12	8	39	24	10458	7119.9377479292	12	8	68	27	9241	6366.44566326537	8	4	25	7
ARG84A	5	4	14	4	884	502.113987962263	3	3	6	3	2303	1583.70496864743	3	3	4	3
PRO568A	8	6	22	13	14192	8699.1107011868	7	5	22	11	1	1	1	1	1	1
SER590A	3	2	5	3	1	1	1	1	1	1	1	1	1	1	1	1
GLU218A	9	6	30	10	5682	3164.66680071283	8	6	36	13	918	126.599857386011	3	2	6	2
SER231A	6	5	23	13	3538	1989.09949187997	6	5	28	16	1	1	1	1	1	1
ASN200A	7	3	22	6	901	262	5	2	19	0	345	297.435620927375	4	3	11	4
LEU241A	9	7	28	22	7032	4753.94877275207	9	7	38	20	6691	4619.58483660698	6	5	17	9
PHE582A	6	3	16	6	4101	1042.64494385911	5	3	12	2	2293	1	3	1	5	0
VAL658A	8	7	21	15	1196	1193	5	4	16	7	1192	1192	5	5	7	1
LYS297A	7	2	20	1	1442	284.323134138449	6	2	23	1	484	1	3	1	10	0
ARG235A	5	3	18	7	342	13	3	2	8	0	1	1	1	1	1	1
PRO232A	8	6	20	9	1326	1097.26345571436	5	5	10	5	1	1	1	1	1	1
ASN280A	8	4	27	12	3473	1245.27392911252	7	4	33	14	1872	27	4	2	14	1
TRP278A	7	4	32	16	15026	3370.41532816841	7	4	42	19	7604	186	5	2	17	4
TYR569A	4	3	15	6	376	297.794939889235	3	3	8	4	1	1	1	1	1	1
ASP177A	4	3	8	3	399	1	2	1	4	0	1	1	1	1	1	1
PHE191A	8	4	21	8	1311	631.577110398321	5	3	16	3	359	233.577110398321	3	2	5	1
ILE137A	9	3	30	8	10774	3260	9	3	39	6	10264	3237	5	2	15	3
LEU154A	8	6	24	10	5159	3283.67333437002	6	5	25	10	2897	2130	5	3	11	3
GLU115A	5	4	12	5	2090	744.652038579516	4	4	12	6	1274	387.79534110956	3	3	4	1
LEU85A	7	7	22	17	2456	1524.18460339902	6	6	24	18	1	1	1	1	1	1
LEU90A	5	5	16	13	1068	720.528910571756	5	5	16	13	1	1	1	1	1	1
ALA136A	8	8	32	23	4942	2144.51006153779	7	7	38	30	4318	3513.65900551121	5	5	14	9
TYR95A	9	2	27	2	3548	237.997109791107	7	2	34	2	530	1	5	1	14	0
MET651A	7	5	22	9	3348	441	6	4	21	9	1	1	1	1	1	1
VAL654A	7	6	16	8	3504	2629.83363141459	3	3	9	5	1	1	2	1	4	0
ASP184A	6	5	13	9	4102	2405.41412637958	5	5	13	8	4102	2405.41412637958	5	5	8	5
THR144A	6	5	14	9	2315	548.37841565474	4	3	10	7	1108	548.37841565474	2	2	4	4
ALA182A	4	2	4	3	812	589.583520568209	2	2	3	3	812	589.583520568209	2	2	2	2
ALA183A	4	3	7	5	1	1	1	1	1	1	1	1	1	1	1	1
PRO252A	9	7	23	14	2262	167.205835556997	5	3	19	11	2137	131	5	3	10	3
ASN313A	8	4	26	10	10671	3435.89376626559	7	4	32	11	17632	3435.89376626559	8	4	18	5
GLY67A	7	7	26	20	16077	13274.6062337344	6	6	36	25	5948	4352.10623373441	4	4	14	5
GLY623A	7	6	23	14	1	1	1	1	1	1	2894	1844.58303158728	3	3	6	4
MET624A	6	3	22	8	9478	6305.68364060057	4	3	12	8	9478	6305.68364060057	4	3	10	6
ASN315A	9	3	28	8	26232	12135.5123161361	8	3	40	8	6939	6939	4	2	10	0
ALA194A	7	7	22	16	3131	3131	4	4	11	7	3041	3041	3	3	5	2
PHE188A	4	3	11	5	2108	194.14639843825	4	3	6	3	1320	23.9836026490374	3	2	4	2
ILE271A	6	4	24	14	8094	3206.62448911271	6	4	24	13	1	1	1	1	1	1
LEU234A	8	6	26	18	1072	593	6	5	28	16	1	1	1	1	1	1
ALA611A	6	6	18	18	792	179.827177115644	3	3	8	7	1	1	1	1	1	1
LEU585A	7	7	20	17	11753	11079.0102836794	5	5	15	11	7343	7343	3	3	4	1
PHE106A	2	1	1	1	2	1	2	1	1	0	1	1	1	1	1	1
TYR101A	2	2	1	1	2	2	2	2	1	0	1	1	1	1	1	1
ALA329A	6	6	23	17	556	400.482773990308	3	3	10	7	1	1	1	1	1	1
ARG78A	9	8	30	18	9362	4541.26412059046	9	8	43	23	1	1	2	2	8	5
GLU66A	10	6	35	18	11111	4441.20872159888	9	6	47	22	7360	2065.15794631316	5	2	18	5
CYS316A	6	5	21	13	410	256.866611374256	5	5	17	11	87	87	4	3	10	5
ARG273A	9	7	26	19	5540	4912.35243505576	8	7	31	19	3670	2908	4	3	6	2
ILE245A	8	6	24	18	4892	2427.63182042161	6	5	30	15	3249	784.631820421615	3	2	8	4
ALA192A	6	5	21	13	3436	2930.82594423203	3	3	8	5	3436	2930.82594423203	3	3	6	5
VAL196A	7	7	18	16	1294	1294	4	4	13	8	1377	1341.56437907262	5	5	11	6
ALA562A	5	5	17	15	309	171.529865796968	2	2	4	3	1	1	1	1	1	1
TYR286A	5	3	16	8	398	157.014492757791	4	3	14	7	1	1	1	1	1	1
GLN204A	4	3	10	4	1804	610.243855842171	4	3	12	4	1	1	1	1	1	1
GLU208A	5	2	11	2	1280	374.5	5	2	18	2	1	1	1	1	1	1
LEU206A	8	6	21	9	2259	905	6	4	24	7	1	1	1	1	1	1
PHE169A	6	3	22	7	1054	220.929950444804	5	3	21	6	361	1	2	1	2	0
GLU80A	4	3	11	5	138	1	2	1	6	0	2602	483.704247729137	4	3	8	5
ILE325A	9	4	28	13	8769	1301.20879870193	6	3	25	9	1384	1384	2	2	2	1
ASN147A	5	1	13	1	393	1	3	1	5	0	1	1	1	1	1	1
PRO148A	4	4	8	3	387	387	3	3	5	1	1	1	1	1	1	1
PHE318A	7	4	20	9	950	569.179979082824	7	4	27	7	671	569.179979082824	4	4	8	6
GLN230A	5	2	11	1	284	1	3	1	6	0	1	1	1	1	1	1
SER229A	4	2	14	2	94	1	2	1	6	0	1	1	1	1	1	1
ASN588A	4	2	11	5	1	1	2	1	2	0	1	1	1	1	1	1
VAL591A	4	3	7	5	551	119.119825103535	3	3	6	4	1	1	1	1	1	1
ALA320A	7	7	21	17	887	358.14799143902	6	6	27	18	710	269.64799143902	2	2	5	3
GLY392A	4	4	12	9	2789	2529.65412226728	3	3	6	4	2789	2529.65412226728	3	3	2	1
PHE391A	7	4	19	7	10041	5564.4614744196	6	4	19	7	2616	1213	3	2	6	1
GLU302A	6	2	14	5	430	56.7908261088577	3	2	7	3	1	1	1	1	1	1
VAL261A	6	6	11	6	2224	1074.25140723934	4	4	11	7	1	1	1	1	1	1
LEU81A	7	6	27	19	1032	423.5	6	5	30	17	587	201	4	3	14	5
VAL64A	8	8	32	25	5900	3571.04941040381	6	6	31	23	1018	509.5	2	2	8	5
TYR233A	10	4	33	13	3610	195.400867167935	7	4	30	13	2742	195.400867167935	5	4	16	10
PRO139A	7	6	28	17	10806	6244	6	5	35	12	1	1	1	1	1	1
GLU581A	4	2	12	3	443	98.4845684393672	2	2	3	2	443	98.4845684393672	3	2	3	1
LEU567A	7	6	23	12	3566	673.058006991021	6	5	23	11	2601	2601	2	2	4	1
GLY294A	7	7	26	22	817	531.893201358291	5	5	19	15	857	789.07922502048	4	4	15	10
TYR566A	6	2	20	3	10966	690.70414801494	5	2	17	2	13315	690.70414801494	5	2	10	2
CYS220A	11	7	27	13	3454	1627	11	7	58	15	3452	1625	7	5	21	6
ARG167A	5	4	14	10	298	298	4	3	11	4	1	1	1	1	1	1
SER162A	6	3	15	6	408	56	4	2	11	2	1	1	1	1	1	1
PHE625A	7	4	18	4	5110	1023.50836050118	5	4	8	3	437	1	2	1	1	0
VAL644A	8	8	25	16	5227	3993	5	5	16	12	3662	2428	4	4	11	6
MET653A	3	2	4	2	1273	621.263945511013	2	2	3	2	1273	621.263945511013	2	2	1	1
TRP679A	4	3	7	3	3500	1598.52515897249	4	3	6	4	1273	652.736054488987	2	2	1	1
LEU328A	9	7	36	21	7772	6292.99146724524	6	6	29	21	1	1	1	1	1	1
LEU291A	7	7	22	14	9016	8687.09959398777	6	6	26	16	6716	3665.64530086895	4	4	14	7
ASP700A	2	2	4	4	410	63.2172219600879	2	2	3	3	1	1	1	1	1	1
GLY697A	5	5	5	4	2844	1893.67624298203	4	4	6	4	1	1	1	1	1	1
PRO260A	5	5	15	9	1226	816.802003863413	5	5	14	6	203	103	3	3	5	2
SER263A	4	3	12	6	410	310.197996136587	2	2	4	4	1	1	1	1	1	1
LEU307A	8	7	28	17	1932	1286.44882633318	8	7	33	20	334	190.357061704278	3	3	6	5
THR554A	5	4	11	7	1452	700.315157091514	5	4	17	9	1	1	1	1	1	1
LYS240A	4	1	12	1	570	1	3	1	7	0	570	1	3	1	7	0
ALA632A	6	6	12	7	3888	1335.217776797	4	4	7	5	2250	260.345877732724	2	2	2	2
ASN175A	3	2	13	2	3372	764.5	3	2	12	2	1528	764.5	2	2	2	1
TYR69A	7	3	15	2	2844	1006.5	6	3	15	2	2116	764.5	3	2	4	1
ARG608A	5	3	15	8	1601	801	3	3	8	7	1	1	1	1	1	1
ARG664A	3	1	5	1	817	1	2	1	3	0	1	1	1	1	1	1
SER665A	2	2	2	1	1	1	1	1	1	1	1	1	1	1	1	1
VAL187A	5	5	7	5	820	649.837204210788	3	3	6	3	32	32	2	2	2	1
LEU311A	7	6	34	25	2976	1054.88188500374	6	5	30	20	1	1	1	1	1	1
VAL310A	10	9	37	26	2002	1001.5	8	7	38	23	1725	674.466105493987	4	4	9	7
PHE164A	6	3	13	6	972	434.195786315619	5	2	11	2	896	434.195786315619	4	2	8	1
THR92A	8	6	28	15	1464	976.422819060545	7	5	30	15	475	475	2	2	3	0
TYR93A	7	4	27	8	1028	365.685104123815	5	3	25	12	883	1	4	1	8	0
ALA126A	6	6	17	15	2755	2302.84722716382	4	4	13	9	2755	2302.84722716382	4	4	10	7
ILE123A	6	4	20	11	643	126	4	3	16	6	898	284.015785984843	5	4	11	4
ILE259A	9	4	32	15	2440	892.343966329895	8	4	41	17	640	149.858356381272	4	2	9	3
PHE614A	7	5	20	9	9159	617.521424726302	6	4	19	7	7771	1	3	1	6	0
PHE223A	6	2	18	5	3340	621.784503200863	4	2	22	4	3340	621.784503200863	4	2	13	2
ALA170A	7	7	25	23	2156	1612.14894397343	5	5	25	22	361	361	3	3	5	2
ILE134A	7	5	25	16	2668	616.731005128037	7	5	36	22	1	1	1	1	1	1
LEU94A	8	8	35	28	10858	5438.94745341757	7	7	36	31	1	1	2	2	4	0
SER168A	5	4	17	11	796	188.801430184643	5	4	19	11	514	188.801430184643	3	3	4	4
GLU258A	4	1	13	1	214	1	3	1	8	0	3	1	2	1	2	0
ILE198A	5	4	17	11	1778	791.738276116611	4	4	12	9	788	282.738276116611	4	3	6	4
SER112A	5	4	8	4	1228	871.143302530044	5	4	7	3	1	1	1	1	1	1
VAL113A	4	2	6	1	4	1	2	1	4	0	1	1	1	1	1	1
ALA324A	4	4	20	15	430	267.02072994838	2	2	4	4	430	267.02072994838	2	2	2	2
HIS282A	7	6	20	12	870	520.107286722788	5	5	18	12	698	431.97927005162	3	3	3	2
GLY251A	9	9	28	24	1227	1011.93580806173	8	8	45	26	1072	923.141643618728	4	4	13	6
LEU561A	7	6	23	15	21907	7565.47994362083	6	6	16	13	10963	3915.81635939943	4	4	9	8
ARG691A	4	4	10	9	7379	7379	2	2	4	3	7379	7379	2	2	3	2
TYR205A	2	1	7	1	1	1	1	1	1	1	1	1	1	1	1	1
CYS631A	4	3	10	6	274	1	2	1	2	0	1	1	1	1	1	1
ARG682A	6	4	9	5	16994	5451.2108955165	5	4	7	4	15225	4628	4	3	4	2
ALA116A	5	5	11	8	817	383.804213684381	3	3	8	4	817	383.804213684381	2	2	3	1
VAL161A	6	6	21	12	2750	2468.15398095247	4	4	17	8	1	1	1	1	1	1
GLY140A	6	6	19	12	1146	568.999639968815	3	3	13	3	1	1	1	1	1	1
GLY687A	7	7	10	9	1966	867.826595877407	2	2	2	2	1966	867.826595877407	2	2	2	2
SER300A	5	3	18	5	410	149	5	3	16	3	1	1	2	1	3	0
TRP331A	9	7	25	16	2224	1383.42472914934	6	5	23	12	865	475.424729149342	4	3	4	1
PRO226A	4	4	9	5	192	96.5	2	2	4	4	1	1	1	1	1	1
TYR225A	4	1	14	1	1019	1	3	1	11	0	1	1	1	1	1	1
ILE281A	6	2	22	2	1780	7	5	2	24	1	1013	1	3	1	10	0
CYS215A	6	5	26	12	1082	511.61943388575	6	5	29	12	1	1	1	1	1	1
LEU248A	7	5	33	22	2740	1452.05816960269	6	5	32	23	3056	1344.35735619166	4	3	10	7
ASP100A	5	3	15	7	880	103.002890208893	4	3	18	8	1	1	1	1	1	1
LEU242A	7	5	18	5	3730	1464.25614415783	5	4	19	5	2451	88.1524322981492	3	2	5	2
PRO243A	4	3	12	5	1	1	2	1	7	0	434	337.52673398344	3	3	3	2
LEU558A	4	3	11	6	612	477.305044389673	3	3	9	6	1	1	1	1	1	1
LEU158A	7	5	25	10	1071	810	5	4	22	6	137	137	2	2	4	1
THR301A	5	4	17	10	548	547	4	3	15	7	547	547	3	3	6	3
GLY207A	5	5	12	11	410	348.499892596294	5	5	18	12	1	1	1	1	1	1
PRO209A	7	7	21	13	3156	3134.50010740371	7	7	28	14	1	1	1	1	1	1
THR153A	4	4	12	10	1476	1476	2	2	5	3	1	1	2	2	4	2
PRO216A	8	7	33	22	12237	9658.67975270321	6	5	26	15	11110	8722	5	4	13	6
TYR219A	9	3	29	3	19447	1845	8	3	44	2	17603	1	6	2	21	1
PRO295A	6	4	19	10	10414	4977.29585198506	5	3	19	4	10414	4977.29585198506	4	3	11	3
ASP287A	4	4	5	4	1	1	1	1	1	1	1	1	1	1	1	1
GLU239A	3	1	7	1	410	1	2	1	1	0	1	1	1	1	1	1
GLY238A	8	8	24	19	1206	1206	4	4	18	13	1	1	1	1	1	1
PHE145A	7	4	26	8	5358	2218	5	3	20	4	5266	2126	4	2	12	4
PHE292A	6	4	21	6	23312	6839.81732852282	5	4	18	8	7279	1	3	1	8	0
LEU685A	4	2	7	1	1	1	1	1	1	1	1	1	1	1	1	1
LEU293A	8	6	33	19	18937	7873.15855854261	5	4	17	11	12766	3591.3063016798	6	4	15	4
TYR203A	6	3	16	4	3006	1	6	3	20	2	1	1	1	1	1	1
TYR322A	5	2	20	4	410	1	4	2	12	3	1	1	2	2	4	3
ILE202A	6	3	21	6	2306	1427.32666562998	5	3	17	5	1	1	1	1	1	1
LEU564A	5	5	17	12	562	340.5	4	4	12	8	562	340.5	4	4	7	4
ASN179A	2	2	3	2	1	1	1	1	1	1	1	1	1	1	1	1
PHE565A	4	3	12	3	1128	1058	4	3	12	2	1058	1058	3	3	7	1
THR330A	5	5	19	16	406	147.04936155767	3	3	10	7	406	147.04936155767	2	2	3	3
VAL247A	8	8	27	22	10420	4571.52307583152	6	6	28	21	5919	3531	4	4	9	6
ASN630A	5	3	13	6	271	1	3	1	5	0	1	1	1	1	1	1
THR626A	5	3	17	8	1	1	1	1	1	1	410	86	3	2	3	0
LEU380A	7	4	25	12	519	266.5	4	3	16	7	268	15.5	3	2	10	6
ASP279A	5	5	23	12	29184	12008.8771548832	5	5	27	14	15411	4230.10249254677	4	4	12	7
LEU172A	11	9	33	23	1203	534.758292449527	10	8	47	32	881	394.906973200114	5	5	18	15
VAL65A	11	9	37	28	18130	13367.7526732683	9	8	47	32	5702	5702	3	3	11	4
GLY309A	7	7	25	21	3700	2778.84884686371	6	6	25	18	4413	2858.38274136972	5	5	10	9
ALA283A	5	5	23	16	1	1	2	2	6	3	1	1	2	2	7	3
GLN577A	5	3	14	3	85	43	2	2	2	1	1	1	1	1	1	1
PHE68A	6	4	26	16	1773	720.24168327861	5	4	25	17	1711	567.108294652866	4	2	14	5
GLY619A	7	7	19	17	1	1	1	1	1	1	1	1	1	1	1	1
MET622A	9	5	23	8	2081	2081	4	4	8	3	86	1	2	1	2	0
LEU122A	7	4	20	10	6818	5763.23695743883	5	4	21	13	2809	1906.23695743883	3	3	8	6
MET75A	5	4	10	6	1276	509.110085321553	5	4	8	5	409	329.761718152946	2	2	1	1
LEU628A	5	3	20	10	3040	1827	5	3	17	7	2250	1827	4	3	7	4
MET578A	6	5	21	14	1968	1423.94363434384	5	5	16	12	1	1	1	1	1	1
MET617A	6	3	15	2	870	43	3	2	5	1	410	1	2	1	1	0
LEU61A	8	7	23	15	2068	681.182749415707	8	7	34	23	912	1	2	1	4	0
VAL276A	8	8	24	18	3468	1927.68985952338	7	7	25	17	3193	1790.18985952338	6	6	15	10
LEU119A	4	4	12	6	615	615	3	3	9	2	870	711.984214015157	4	4	9	4
GLU266A	2	2	7	6	410	75.5305575141584	2	2	5	4	410	75.5305575141584	2	2	2	2
VAL228A	8	7	24	16	2725	2121.46944248584	6	5	26	14	2196	2121.46944248584	3	3	4	3
TYR296A	9	4	41	16	35916	5995.22533766362	9	4	46	17	269	1	3	2	9	6
CYS224A	7	6	28	20	5493	1671.07010907886	6	5	39	22	443	443	2	2	6	4
LEU141A	5	4	12	7	1002	818.364462638956	4	4	9	7	1	1	1	1	1	1
CYS663A	2	1	5	1	410	1	2	1	3	0	1	1	1	1	1	1
GLY662A	6	6	9	5	2826	2026	4	4	4	2	1	1	1	1	1	1
ILE277A	8	4	37	15	2360	792.408235371093	7	4	42	16	671	671	4	2	15	3
GLY683A	4	4	12	12	3532	1845.03009168386	3	3	3	3	3532	1845.03009168386	3	3	3	3
CYS618A	7	4	19	6	252	1	4	3	11	3	1	1	1	1	1	1
ILE304A	3	2	11	6	573	98.5752708506582	2	2	5	4	573	98.5752708506582	2	2	3	2
PHE689A	2	1	3	1	1	1	1	1	1	1	1	1	1	1	1	1
ILE270A	7	5	20	12	1244	1164	7	5	21	9	1	1	1	1	1	1
VAL74A	4	4	15	13	1750	1138.52709627227	3	3	7	6	1	1	2	2	8	5
ALA274A	5	5	20	17	948	948	3	3	10	7	791	773.737562245493	3	3	6	4
ILE176A	6	4	20	7	2794	1695.42324963286	6	4	23	4	359	126.422889601679	2	2	2	1
PHE173A	9	1	28	1	2152	1	9	1	38	0	311	1	4	1	14	0
ASP285A	5	4	16	8	1228	1144	4	3	13	5	1228	1144	4	3	8	2
ALA612A	5	5	8	8	1	1	1	1	1	1	1	1	1	1	1	1
LYS574A	6	1	15	1	7534	1	4	1	12	0	7534	1	3	1	6	0
GLU210A	2	1	7	1	1	1	1	1	1	1	410	1	2	1	3	0
THR211A	8	8	21	15	2461	1356.62885087796	7	7	33	24	1005	829.194826653111	4	4	6	3
GLY244A	4	4	10	7	1	1	2	2	5	2	14	10.3208337184104	2	2	2	2
LYS308A	4	2	13	1	758	185.727741115701	4	2	14	1	758	185.727741115701	3	2	7	1
LEU303A	8	6	30	17	5685	4547.25402301501	7	6	35	18	1	1	1	1	1	1
HIS395A	3	3	2	2	1	1	1	1	1	1	1	1	1	1	1	1
TYR397A	2	2	2	2	1	1	1	1	1	1	1	1	1	1	1	1
CYS181A	4	4	9	6	2028	1225.21542932197	4	4	8	7	2028	1225.21542932197	3	3	5	5
ALA576A	6	5	13	9	1745	1	2	1	6	0	1	1	1	1	1	1
ARG580A	2	2	5	4	1	1	1	1	1	1	1	1	1	1	1	1
GLY575A	7	7	16	14	1	1	2	2	6	6	1	1	1	1	1	1
LEU213A	9	8	29	21	2942	1037.5342192635	8	7	37	27	1402	829.534219263504	3	3	6	3
GLU246A	5	2	19	1	526	112.272258884299	4	2	16	1	423	112.272258884299	3	2	5	1
ALA96A	9	8	32	25	22290	3578.28142347994	9	8	51	34	12679	2761.28142347994	6	6	18	11
PRO97A	6	5	18	12	3402	2978.82574229065	5	4	30	15	1716	1292.82574229065	2	2	5	5
PRO72A	6	4	17	6	2299	876.654919247963	5	3	22	5	1	1	1	1	1	1
PHE133A	6	4	24	7	2620	1255.1717426361	6	4	23	6	2450	1255.1717426361	5	4	13	5
PRO376A	7	5	19	7	2694	1097.7401911451	5	4	19	7	1737	270	4	3	8	1
THR217A	7	6	22	10	1866	1330.4469483334	7	6	30	11	1109	573.446948333401	5	4	14	7
CYS62A	6	6	18	17	506	333.123144332106	5	5	17	15	1	1	1	1	1	1
SER375A	5	4	12	4	1512	684.259808854901	5	4	10	3	1	1	1	1	1	1
LYS253A	7	2	21	2	568	79.2050601107652	5	2	27	2	1	1	1	1	1	1
LEU171A	7	4	33	14	1643	1086.33461181156	5	4	25	12	1580	1023.33461181156	5	3	13	6
VAL267A	6	5	22	13	4361	1597.55433673463	3	2	16	7	4361	1597.55433673463	4	3	11	4
ASP696A	3	3	5	4	3610	1805.5	2	2	1	1	3610	1805.5	2	2	1	1
GLN559A	3	2	5	1	817	1	2	1	3	0	1	1	1	1	1	1
LEU384A	6	5	18	14	3525	1622	4	3	11	6	1611	806	2	2	6	6
THR250A	10	8	33	20	29309	18826	9	8	52	26	18509	18509	4	4	16	5
GLU109A	2	1	7	1	410	1	2	1	6	0	410	1	2	1	5	0
ASP99A	5	5	13	9	1110	883.773326630175	4	4	11	8	369	185	2	2	2	2
SER652A	3	2	9	2	1419	1	2	1	3	0	1	1	1	1	1	1
THR236A	6	6	18	13	3004	1504.23499515147	3	3	5	5	3004	1504.23499515147	3	3	3	3
GLU201A	3	3	8	6	540	112.503364617289	3	3	5	4	94	24.5432376577012	2	2	3	3
HIS193A	6	4	15	6	2423	808.299815611088	4	4	5	4	1437	438.939060616503	2	2	2	2
SER190A	4	2	8	3	750	413.139245005415	3	2	7	3	1	1	1	1	1	1
TYR641A	4	3	10	4	292	77.2703846530884	2	2	4	3	211	1	2	1	1	0
ARG83A	4	4	6	3	530	316.685000685959	2	2	2	1	1728	1369.38977227166	4	4	6	3
PHE82A	5	4	16	8	4294	1355.74407276124	5	4	13	8	4294	1355.74407276124	5	4	9	5
GLY165A	5	4	14	10	458	458	5	4	17	7	1	1	1	1	1	1
LEU555A	5	3	12	7	2410	1659	5	3	12	2	1	1	1	1	1	1
VAL621A	10	9	26	17	7280	4677.56598935211	7	7	20	14	3205	989.509623695948	3	3	6	6
GLU319A	5	3	15	5	1431	520.886012037737	4	3	8	4	884	382.886012037737	2	2	2	2
SER268A	4	3	13	6	71	36	2	2	4	2	340	340	3	2	5	1
ASN91A	4	2	11	3	592	6	4	2	13	2	1	1	1	1	1	1
ALA698A	4	4	6	4	3650	2513.10653505788	4	4	6	3	1	1	1	1	1	1
GLU570A	2	2	6	1	410	126.676865861551	2	2	5	1	1	1	1	1	1	1
LEU693A	2	1	3	1	1	1	1	1	1	1	410	1	2	1	2	0
PRO694A	4	4	2	1	410	410	2	2	1	0	819	819	3	3	2	0
LYS185A	2	2	4	3	410	80.1254066853833	2	2	4	3	410	80.1254066853833	2	2	1	1
MET180A	5	4	12	5	1226	1056.87459331462	5	4	10	4	410	330.874593314617	2	2	1	1
THR222A	5	4	17	11	1	1	3	3	14	8	1	1	3	3	10	6
VAL237A	7	5	26	18	2156	1105.13606385492	4	3	16	11	20	1	2	1	4	0
GLU262A	2	1	5	1	1	1	1	1	1	1	1	1	1	1	1	1
GLY572A	8	8	16	11	12175	11604.9830765771	7	7	14	7	10512	10088.8409285554	4	4	8	4
ILE264A	9	4	30	13	472	20.5	6	4	37	13	340	1	3	2	9	3
SER256A	7	5	26	16	22568	10471	4	3	24	14	12098	1	2	1	7	0
SER146A	5	3	11	4	464	148.408508075504	4	2	8	4	461	148.408508075504	3	2	5	4
GLU265A	2	2	5	5	1	1	1	1	1	1	1	1	1	1	1	1
LYS289A	3	2	5	3	9097	8127.58977571322	2	2	2	2	9097	8127.58977571322	2	2	2	2
PHE60A	4	3	15	12	410	101.069718157753	4	3	15	11	405	101.069718157753	2	2	4	4
ALA587A	5	5	10	8	1	1	1	1	1	1	1	1	1	1	1	1
PHE214A	6	3	25	5	12486	311	6	3	32	4	9066	311	5	3	18	4
LYS648A	4	3	16	4	2798	1253.22125484574	3	2	10	3	1	1	1	1	1	1
LEU579A	2	1	6	1	1	1	1	1	1	1	1	1	1	1	1	1
LEU661A	6	3	16	3	505	36	4	2	13	1	112	59.2090993092539	2	2	2	1
GLU76A	2	2	3	1	1	1	1	1	1	1	1	1	1	1	1	1
GLU150A	5	4	15	9	2828	1552.93133000779	4	4	12	7	1	1	1	1	1	1
PHE657A	4	2	12	2	345	1	2	1	4	0	114	53.7909006907461	3	2	5	1
ILE636A	7	3	15	1	2596	903.35224591338	5	3	11	1	1784	410	4	2	6	0
GLN86A	3	3	3	2	622	500.985403758637	3	3	4	2	622	500.985403758637	3	3	4	2
TYR129A	3	2	4	3	760	214.314999314041	3	2	3	1	760	214.314999314041	3	2	5	3
GLY70A	5	5	13	7	928	379.571754121862	4	4	8	5	1	1	1	1	1	1
GLU386A	6	4	14	6	1474	270.55733899119	5	4	13	6	1474	270.55733899119	5	4	5	3
THR385A	4	3	8	4	561	1	2	1	4	0	1	1	1	1	1	1
PRO275A	6	4	18	8	552	139.642938295722	5	3	19	7	376	121.905376050229	4	3	9	4
SER189A	3	3	7	4	410	205.5	2	2	3	3	1	1	1	1	1	1
HIS178A	4	3	13	9	1132	894.400142613989	3	3	13	10	1132	894.400142613989	3	3	6	4
ARG71A	3	1	8	1	73	1	2	1	3	0	1	1	1	1	1	1
ASP646A	4	4	7	3	15535	4189.41022428678	3	3	5	4	15535	4189.41022428678	3	3	4	3
ASN633A	5	2	13	2	1246	343.64775408662	3	2	5	2	1	1	1	1	1	1
ARG127A	2	2	3	2	1	1	1	1	1	1	1	1	1	1	1	1
SER124A	4	3	6	1	1	1	1	1	1	1	1	1	1	1	1	1
LYS87A	2	2	5	3	410	308.798351455146	2	2	4	3	410	308.798351455146	2	2	4	3
ILE650A	3	2	8	3	1	1	1	1	1	1	1	1	1	1	1	1
LEU620A	4	2	11	2	442	1	2	1	3	0	442	1	2	1	3	0
LYS102A	4	3	14	6	2366	887.20465889044	4	3	14	6	2366	887.20465889044	3	2	7	2
LYS257A	3	1	11	1	410	1	3	1	13	0	410	1	2	1	7	0
ASP174A	4	3	16	9	630	161.179775382576	4	3	17	8	221	48.179775382576	2	2	2	1
ARG634A	4	4	8	7	274	274	3	3	3	0	1	1	1	1	1	1
LEU637A	5	5	9	7	890	890	3	3	6	2	211	211	2	2	1	0
THR121A	5	4	12	6	42	14.6516328313936	2	2	4	3	409	409	2	2	1	0
GLU132A	4	4	13	11	410	202.069718937395	4	4	17	15	26	14.0037431622459	2	2	2	2
ASP639A	3	3	9	6	410	410	3	3	9	5	1	1	1	1	1	1
GLU606A	3	3	10	7	410	100.277054665855	2	2	3	3	1	1	1	1	1	1
GLU616A	2	1	6	1	1	1	1	1	1	1	1	1	1	1	1	1
LEU692A	2	1	3	1	410	1	2	1	1	0	410	1	2	1	2	0
GLN659A	4	2	11	1	410	166.721378808745	2	2	1	1	410	166.721378808745	2	2	1	1
GLU615A	2	2	3	1	410	244.278621191255	2	2	1	1	410	244.278621191255	2	2	1	1
ASN699A	3	1	6	1	410	1	3	1	6	0	1	1	1	1	1	1
LYS655A	4	1	14	1	410	1	3	1	6	0	1	1	1	1	1	1
LEU560A	5	4	15	8	7310	6359.49037630405	4	4	10	6	7310	6359.49037630405	4	4	5	2
GLU114A	3	1	5	1	409	1	2	1	4	0	1	1	1	1	1	1
SER629A	4	2	10	4	100	1	3	1	4	0	437	437	2	2	1	0
GLN690A	3	2	7	2	3610	1805.5	2	2	1	1	3610	1805.5	2	2	1	1
GLN377A	3	1	8	1	410	1	2	1	4	0	1	1	1	1	1	1
TYR332A	3	1	10	1	200	1	2	1	4	0	1	1	1	1	1	1
GLN118A	3	2	4	3	409	80.2382818470539	2	2	4	3	409	80.2382818470539	2	2	1	1
GLU117A	3	2	4	2	1	1	1	1	1	1	409	1	2	1	1	0
MET105A	3	2	7	3	302	123.092841691029	2	2	3	3	1	1	1	1	1	1
ALA686A	4	2	10	2	1	1	1	1	1	1	1	1	1	1	1	1
ILE131A	5	4	12	8	2092	1482.26804727964	5	4	13	7	777	703	3	2	5	1
ILE695A	3	1	5	1	1625	1	2	1	3	0	1	1	1	1	1	1
GLU130A	3	2	5	2	1094	122.014596241363	3	2	6	2	1094	122.014596241363	3	2	4	2
MET120A	2	1	3	1	1	1	1	1	1	1	1	1	1	1	1	1
SER197A	4	3	11	5	71	48.0163973509626	2	2	3	2	99	76.0163973509626	3	3	5	3
MET378A	3	1	10	1	146	1	2	1	4	0	1	1	1	1	1	1
ILE647A	4	1	13	1	662	1	4	1	12	0	469	1	3	1	5	0
GLN288A	2	1	3	1	1	1	1	1	1	1	1	1	1	1	1	1
GLU556A	2	1	2	1	1	1	1	1	1	1	1	1	1	1	1	1
PHE212A	8	3	33	5	588	171	7	3	31	5	654	1	4	2	9	2
LYS613A	3	2	8	3	1	1	1	1	1	1	410	410	2	2	1	0
LYS149A	3	1	5	1	1	1	1	1	1	1	1	1	1	1	1	1
HIS571A	2	1	7	1	1	1	1	1	1	1	410	1	2	1	3	0
ARG586A	4	2	11	3	655	1	2	1	3	0	1532	1532	2	2	2	0
HIS59A	2	1	7	1	410	1	2	1	7	0	1	1	1	1	1	1
THR635A	3	3	9	4	410	410	2	2	2	1	1	1	1	1	1	1
PHE681A	3	1	7	1	359	1	2	1	2	0	359	1	2	1	2	0
ASN227A	3	2	5	1	1	1	1	1	1	1	1	1	1	1	1	1
ARG156A	2	1	5	1	410	1	2	1	5	0	410	1	2	1	3	0
ALA680A	3	3	4	3	459	459	2	2	3	2	1	1	1	1	1	1
SER609A	3	2	8	4	1	1	1	1	1	1	1	1	1	1	1	1
SER152A	2	1	6	1	1	1	1	1	1	1	1	1	1	1	1	1
LYS333A	2	2	7	5	410	410	2	2	6	3	1	1	1	1	1	1
GLN583A	2	1	4	1	1	1	1	1	1	1	1	1	1	1	1	1
GLU390A	2	1	6	1	410	1	2	1	4	0	410	1	2	1	3	0
GLU186A	3	2	5	2	1	1	1	1	1	1	1	1	1	1	1	1
LYS381A	2	1	3	1	1	1	1	1	1	1	1	1	1	1	1	1
SER642A	2	2	6	3	1	1	1	1	1	1	410	410	2	2	5	1
LEU382A	2	1	6	1	1	1	1	1	1	1	1	1	1	1	1	1
GLN396A	3	2	5	4	1	1	1	1	1	1	1222	1222	2	2	1	0
LYS272A	2	2	2	1	410	410	2	2	1	0	1	1	1	1	1	1
GLU89A	1	1	1	1	1	1	1	1	1	1	1	1	1	1	1	1
GLU128A	1	1	1	1	1	1	1	1	1	1	1	1	1	1	1	1
ASP159A	1	1	1	1	1	1	1	1	1	1	1	1	1	1	1	1
GLN163A	1	1	1	1	1	1	1	1	1	1	1	1	1	1	1	1
LYS269A	1	1	1	1	1	1	1	1	1	1	1	1	1	1	1	1
GLN389A	1	1	1	1	1	1	1	1	1	1	1	1	1	1	1	1
ILE604A	1	1	1	1	1	1	1	1	1	1	1	1	1	1	1	1
GLU605A	1	1	1	1	1	1	1	1	1	1	1	1	1	1	1	1
TYR638A	1	1	1	1	1	1	1	1	1	1	1	1	1	1	1	1
SER656A	1	1	1	1	1	1	1	1	1	1	1	1	1	1	1	1
TRP660A	1	1	1	1	1	1	1	1	1	1	1	1	1	1	1	1
SER398A	1	1	1	1	1	1	1	1	1	1	1	1	1	1	1	1
