Degree	Degree_sidechain	SecondOrderDegree	SecondOrderDegree_sidechain	NodeEdgeBetweennessSTRIDE	NodeEdgeBetweennessSTRIDE_sidechain	IntermodularDegreeSTRIDE	IntermodularDegreeSTRIDE_sidechain	SecondOrderIntermodularDegreeSTRIDE	SecondOrderIntermodularDegreeSTRIDE_sidechain	NodeEdgeBetweennessWALKTRAP	NodeEdgeBetweennessWALKTRAP_sidechain	IntermodularDegreeWALKTRAP	IntermodularDegreeWALKTRAP_sidechain	SecondOrderIntermodularDegreeWALKTRAP	SecondOrderIntermodularDegreeWALKTRAP_sidechain
CYS229A	5	4	15	9	1826	330.650051990723	5	4	15	9	1382	330.650051990723	4	4	7	4
TRP146A	7	3	20	3	1642	1166.83908866779	5	3	14	3	3463	1166.83908866779	5	3	8	3
ARG273A	7	3	24	7	609	388.066432030465	5	3	13	6	928	1	4	1	4	0
ASP281A	4	4	13	6	372	84.0528852148047	3	3	8	6	1	1	1	1	1	1
ARG196A	8	6	25	13	1637	673.859237478097	7	6	27	17	156	1	2	1	3	0
ASP184A	5	5	16	11	372	86.8762072857348	4	4	18	14	1	1	1	1	1	1
CYS229B	5	4	15	9	1322	197.006856000973	5	4	15	9	860	197.006856000973	4	4	6	4
THR230B	7	6	16	11	368	260.836388270184	6	6	14	10	368	260.836388270184	3	3	5	5
MET169B	5	2	11	1	741	1	3	1	12	0	1	1	1	1	1	1
SER166B	2	1	4	1	1	1	1	1	1	1	1	1	1	1	1	1
CYS242A	7	5	20	8	211	96.9498459020741	5	4	23	12	1	1	1	1	1	1
HIS179A	8	6	20	11	2338	321.133428235869	8	6	31	15	1	1	1	1	1	1
ARG202A	4	3	7	2	1994	988.467395462526	3	3	3	2	1	1	1	1	1	1
GLU221A	4	2	9	2	844	321.064186181971	3	2	7	2	1	1	1	1	1	1
TRP146B	7	3	19	3	1489	920.501295219799	5	3	13	3	2052	920.501295219799	4	3	7	3
GLN104A	4	3	13	8	130	37.7105302658332	3	3	12	9	1	1	1	1	1	1
GLY108A	8	7	20	11	1875	1478.25018439602	7	6	28	13	1044	1044	2	2	2	0
ARG175A	7	6	21	14	5630	3444.42285146469	7	6	31	17	1	1	1	1	1	1
GLY279A	6	6	19	16	646	632.271426788644	3	3	9	7	24	10.2714267886438	2	2	5	5
THR118A	6	4	14	8	2540	661.665308578927	6	4	12	8	757	8.42704490571059	3	2	4	3
CYS238B	10	6	32	12	8500	3266.21387867611	9	5	47	15	3662	578.213878676109	6	4	14	4
CYS242B	7	5	20	8	359	184.950124743206	5	4	22	11	114	83.60334979364	3	3	8	3
PRO128A	5	5	12	9	776	776	4	4	14	8	1	1	1	1	1	1
TYR126A	6	2	17	3	1428	682	5	2	17	2	6	1	3	1	9	0
GLU271B	6	4	13	5	3659	846.807708574173	5	4	9	6	4953	693.30305880643	3	2	4	1
LEU252B	4	4	9	7	1541	1352.51202479343	3	3	5	4	508	319.512024793426	2	2	2	1
ARG175B	7	6	21	13	11280	7426.3985430961	7	6	28	13	6304	5138.3985430961	3	3	5	4
ASP184B	4	4	14	10	7164	1373.00992481356	3	3	12	10	7164	1373.00992481356	4	4	7	5
PRO219B	3	3	8	8	1464	732.924778281081	2	2	2	2	3282	2241.860944619	3	3	2	2
VAL218B	8	8	22	16	13079	5130.81238170218	6	6	23	17	1819	310.063833662082	2	2	2	2
CYS176A	7	6	19	11	3017	970.489595801643	5	4	23	12	1	1	1	1	1	1
ASP207B	4	3	10	9	407	63.7321714630005	3	3	9	9	516	63.7321714630005	4	3	3	2
HIS193B	7	7	17	12	1187	1013.70420450042	6	6	19	12	331	280.859176848394	2	2	3	2
ARG249A	7	6	19	11	19120	16243.7138404446	7	6	21	12	1	1	1	1	1	1
GLU171A	3	2	10	5	371	102.577157558172	2	2	6	5	2	1	2	1	2	0
ASN200B	5	2	17	7	22258	5700.31299323468	4	2	15	5	1	1	1	1	1	1
GLY199B	4	4	8	4	27752	25404.9939921835	3	3	5	2	16639	14291.9939921835	2	2	1	1
PRO152B	5	4	14	11	1375	432.810619704364	4	4	16	12	1	1	1	1	1	1
PRO153B	3	2	6	4	1	1	1	1	1	1	1	1	1	1	1	1
THR230A	7	6	16	11	380	275.977819082386	6	6	14	10	380	275.977819082386	3	3	5	5
THR231A	6	6	17	16	336	336	3	3	6	4	1	1	1	1	1	1
PRO223A	5	5	9	8	535	490.533040259102	4	4	11	8	354	309.533040259102	3	3	3	2
TYR163A	4	3	16	9	18646	702.970436344614	4	3	18	9	1	1	1	1	1	1
SER241A	5	3	14	5	19	1	2	1	2	0	1	1	1	1	1	1
TYR239A	6	1	24	1	896	1	4	1	20	0	1	1	1	1	1	1
ALA276B	5	3	14	7	306	1	3	1	12	0	274	1	2	1	2	0
CYS277B	5	3	14	3	1532	297	3	2	8	2	1	1	1	1	1	1
CYS124B	7	5	25	16	1570	1175.46307111507	6	4	18	11	1279	483.675544016181	3	2	5	1
LEU133B	6	6	22	17	3056	2747.74985678034	6	6	26	15	1350	1350	3	3	4	1
LEU257B	8	6	25	15	4427	2818.72973307603	7	6	33	17	6451	2132	3	2	8	0
THR256B	6	6	19	17	3009	1004.73964901657	3	3	6	6	14052	12047.7396490166	5	5	7	5
ASP186B	6	4	15	8	36134	16577.5879634858	5	3	17	5	18272	16577.5879634858	3	3	4	2
GLY187B	5	4	12	4	318	105.010894732876	4	3	11	2	3	2.01089473287625	2	2	2	1
HIS214B	5	5	12	9	1034	451.113340610637	5	5	12	9	77	64.4086516886051	2	2	3	2
ARG213A	9	7	21	13	4992	1148.83036000939	9	7	26	12	2641	1	4	2	6	1
THR211A	6	5	14	9	1473	1473	3	2	11	6	1473	1473	2	2	3	1
PRO151B	6	5	18	12	1160	457.492401570664	6	5	21	13	1	1	1	1	1	1
GLY154A	5	5	15	12	414	414	4	4	15	9	1	1	2	2	2	0
PRO153A	3	2	6	4	1	1	1	1	1	1	1	1	1	1	1	1
ILE162A	6	2	21	2	33048	1346.80180951044	5	2	18	2	11995	1	3	1	4	0
VAL173A	8	8	19	18	25703	24554.6177479897	6	6	22	17	13111	12350.7370568549	3	3	4	2
THR253A	7	7	26	14	1654	850.669186398638	5	5	20	11	515	258	3	3	3	2
TYR236A	8	4	30	10	3018	443.162488465291	8	4	33	8	4	1	2	1	3	0
ARG156A	9	4	26	10	882	245.177811261559	7	3	29	5	1	1	3	1	4	0
VAL217A	7	7	25	21	6539	3210.0632322686	5	5	20	12	1	1	1	1	1	1
GLU271A	6	4	16	5	8378	1405.89320597527	5	4	12	6	4389	1277.93304439591	2	2	1	1
PRO250A	5	4	12	7	1636	1456.69826078769	5	4	15	8	1	1	1	1	1	1
LEU194B	8	8	31	24	836	691.654525589181	8	8	41	24	567	557.154525589181	5	5	12	6
MET237B	7	3	24	7	6188	1434.27416126335	6	3	26	7	1	1	2	1	4	0
CYS176B	7	6	20	11	2972	1432.97194264425	5	4	22	11	524	110.843851495002	2	2	5	3
HIS179B	7	5	20	10	5876	747.864053936437	7	5	26	11	3013	65.3389200352491	3	2	7	3
THR123B	4	4	16	12	993	512.113476161288	3	3	11	7	726	370.435502876352	2	2	3	3
VAL122B	8	7	17	16	358	280.157914114896	5	5	14	10	850	480.564497123648	4	4	5	2
ALA203A	6	6	16	10	430	147.832516628543	4	4	12	7	74	29.5967847384786	2	2	1	1
GLU204A	5	2	19	3	372	1	5	2	18	2	1	1	1	1	1	1
PRO128B	5	5	14	10	2118	2003.40849233096	4	4	16	10	1	1	1	1	1	1
SER127B	6	5	12	9	1556	685.034162175567	6	5	17	9	1	1	1	1	1	1
LEU264B	6	6	16	14	469	237.5	3	3	5	2	464	232.5	2	2	4	4
LEU265B	8	5	24	16	445	431	6	4	25	10	1	1	1	1	1	1
PHE109B	8	3	35	10	4707	244	7	2	31	2	4435	1	5	1	9	0
VAL147B	8	6	24	11	1763	1712	7	5	28	8	2265	2265	4	3	10	2
MET246B	9	5	26	13	4700	2500.84547441082	8	5	34	13	2483	2470.84547441082	6	4	16	7
TYR239B	6	1	23	1	749	1	4	1	20	0	497	1	4	1	8	0
CYS124A	6	4	22	15	413	309.464436244498	5	3	16	9	1	1	3	1	8	0
CYS141A	8	7	26	13	707	272.166220396977	5	5	20	13	259	170.379721329944	4	4	4	1
ALA129A	4	4	9	9	2	1.5	2	2	2	2	1	1	1	1	1	1
CYS135B	6	5	27	18	476	144.512132857286	6	5	33	18	92	1	2	1	2	0
VAL274B	11	10	33	24	8538	8050.90157018839	9	8	43	23	920	492.220503894635	4	3	6	1
HIS233A	3	2	8	5	372	1	2	1	3	0	1	1	1	1	1	1
THR140A	6	4	16	8	1072	398.848506118687	4	3	7	2	642	1	2	1	2	0
VAL197B	10	8	31	22	12469	6409.92545210038	9	7	34	18	1	1	1	1	1	1
ALA161A	8	8	25	19	4162	1779.44775796778	6	6	24	21	391	391	3	3	5	1
LEU252A	6	5	15	8	6847	5730.33066467359	5	4	12	5	2868	1751.33066467359	2	2	1	1
CYS238A	9	5	32	12	13230	2593.42713006041	9	5	47	16	1	1	1	1	1	1
MET246A	9	5	24	12	12542	6228.93263005663	8	5	33	12	1	1	1	1	1	1
ARG213B	10	8	19	13	6282	834.795811663833	10	8	27	10	1	1	1	1	1	1
PRO98B	6	6	16	10	2256	1800.20418833617	4	4	16	9	1	1	1	1	1	1
GLY244B	4	4	9	8	741	281.117223809877	3	3	6	6	1	1	1	1	1	1
PRO177B	5	5	10	8	675	422.950501154249	3	3	3	2	1	1	1	1	1	1
CYS141B	8	7	27	14	3533	1349.59387295355	5	5	24	15	1	1	1	1	1	1
ASP208A	4	4	7	5	1	1	1	1	1	1	1	1	1	1	1	1
LEU264A	6	6	17	14	11890	5948	3	3	6	2	1214	312.13832570362	2	2	3	1
LEU265A	8	5	24	16	1091	1077	6	4	25	10	1238	902.86167429638	4	2	4	1
GLY187A	4	4	9	5	404	65.0727020479825	3	3	6	3	1	1	1	1	1	1
LEU188A	6	2	15	5	482	45.4032152615214	4	2	8	3	74	45.4032152615214	2	2	1	1
SER149B	4	2	12	2	372	1	4	2	14	1	1	1	1	1	1	1
ALA189A	6	6	17	12	4103	2715.78980622775	4	4	15	10	1	1	1	1	1	1
TYR205A	7	4	28	16	8902	999.557785669356	7	4	27	14	4574	797	3	2	6	2
ASN247B	2	1	6	1	1	1	1	1	1	1	1	1	1	1	1	1
GLY245B	7	7	19	15	1197	1014.93227503587	5	5	16	13	1	1	1	1	1	1
ARG110A	7	5	16	11	1240	799.926564293177	7	5	23	13	231	231	3	2	5	2
PRO142A	6	4	19	11	156	40	3	2	4	2	1	1	1	1	1	1
GLY226A	3	3	1	1	3	3	2	2	1	0	1	1	1	1	1	1
SER227A	2	1	2	1	3	1	2	1	1	0	1	1	1	1	1	1
ARG156B	8	3	23	6	1726	405.667939306329	7	3	29	5	1044	405.667939306329	4	3	4	2
GLU198B	5	3	16	6	6216	3157.65928803218	4	3	14	5	1	1	1	1	1	1
VAL272B	8	7	30	18	2155	1841.66783494882	4	3	17	7	3361	3225	4	3	7	1
GLN192A	6	3	12	6	382	1	4	1	7	0	11	1	2	1	3	0
PRO190A	7	5	20	12	1509	1509	2	2	6	3	1	1	1	1	1	1
PRO250B	5	4	12	7	1844	1660.72930104758	5	4	13	7	1418	1418	3	3	5	3
GLY266A	8	8	23	17	2459	2223.52942894575	5	5	18	8	25	25	2	2	3	1
ASN235A	5	5	14	8	1647	1521.57192689406	4	4	9	4	995	869.571926894063	3	3	2	1
LYS139A	5	1	15	1	1086	1	4	1	10	0	15	1	2	1	3	0
ARG267B	5	4	12	7	736	648.234347151947	3	3	3	1	438	350.234347151947	2	2	3	3
LYS101B	3	1	7	1	299	1	2	1	2	0	74	1	2	1	3	0
ARG282A	8	7	20	13	3047	1059.71581947885	7	6	26	14	894	311.994498784446	2	2	6	6
PHE134A	7	5	23	12	1347	806	5	4	21	13	542	1	3	1	9	0
ARG158A	8	6	22	10	13199	8837.98429274499	5	5	15	9	7860	5753.22533627515	4	4	9	4
GLU258A	6	3	21	8	7579	1697.40156056221	5	3	19	6	13268	1572.12229809582	3	2	4	3
THR140B	6	4	16	7	4522	2152.21420100835	4	3	7	3	1	1	1	1	1	1
ALA189B	7	6	19	12	35929	17193.5562973776	5	4	21	10	18478	1695.41203651423	3	2	5	2
LEU188B	6	3	19	9	372	1.98910526712375	4	3	12	6	372	1.98910526712375	3	2	3	1
SER240B	4	3	18	11	372	342	4	3	19	9	342	342	3	3	6	2
MET237A	7	5	20	10	2262	536.301846817531	7	5	28	15	1	1	1	1	1	1
ASP259B	6	5	12	4	445	208.217623414125	3	2	8	2	1	1	1	1	1	1
SER261B	5	1	8	1	1	1	2	1	3	0	1	1	1	1	1	1
PRO152A	5	4	14	10	1303	362.610824971627	4	4	16	11	1	1	1	1	1	1
LEU194A	7	7	26	22	530	374.567369943375	7	7	35	25	1	1	1	1	1	1
ALA119B	4	3	11	5	371	371	2	2	5	3	1	1	1	1	1	1
ALA159A	6	6	23	15	475	275.797963812076	4	4	14	9	217	186.169036119721	2	2	5	3
VAL216A	8	8	24	19	5761	5641.51480914531	6	6	25	17	5503	5503	4	4	8	4
CYS220B	5	5	19	15	372	309.725952918777	5	5	25	18	215	159.225952918777	2	2	2	2
VAL157B	8	7	28	21	1284	614.80829345897	6	5	22	14	215	56.7740470812229	3	3	4	3
ARG158B	7	5	20	9	17241	11482.9285441885	5	5	15	9	8123	6244.87108394718	2	2	2	1
GLU258B	6	3	21	7	9732	2077.18399064348	5	3	19	6	14847	1879.12891605283	3	2	5	1
CYS220A	5	5	19	16	372	337.144532979415	5	5	26	19	8	4.5	2	2	3	3
THR155A	9	8	25	18	4514	3003.8134298507	9	8	35	22	2400	1622.18699762136	4	4	5	3
LEU206B	5	3	14	6	475	78.3403954547989	4	2	13	4	110	110	2	2	3	2
SER215B	6	3	18	6	1544	468.574079129281	5	3	15	5	618	1	2	1	3	0
GLY279B	6	6	19	16	351	339.018514524098	3	3	9	7	1	1	1	1	1	1
THR118B	6	4	14	9	2052	874.594410229398	6	4	13	9	1	1	1	1	1	1
ASN263B	4	3	7	4	938	99.782376585875	4	3	5	1	1	1	1	1	1	1
GLY262A	5	5	9	6	1197	1071.72073753361	3	3	7	4	1	1	1	1	1	1
ASP207A	4	4	10	10	219	25.2343661744842	3	3	9	9	211	23.3487402210005	2	2	3	3
LEU206A	5	3	15	7	523	145.710686714247	4	2	13	4	523	145.710686714247	4	2	10	3
HIS178B	5	2	12	3	257	1.47632449536156	3	2	8	2	1	1	1	1	1	1
PRO219A	3	3	8	8	1151	686.468418355502	2	2	2	2	1	1	1	1	1	1
VAL218A	8	8	23	18	3123	1653.8032813787	6	6	21	17	1	1	1	1	1	1
GLY112B	5	5	15	12	1409	1124.83494893745	3	3	7	4	1	1	1	1	1	1
PHE113B	5	3	15	4	1437	1409	4	3	15	3	543	543	2	2	2	0
ILE255B	9	5	33	14	8668	3574.17437337866	6	3	23	5	1	1	1	1	1	1
TYR234B	7	4	26	10	7497	677.889647029575	5	3	20	5	1	1	1	1	1	1
THR256A	7	6	23	17	12646	6178.47057105425	4	3	12	6	6598	6598	2	2	2	1
VAL157A	9	8	31	25	644	283.396641914143	7	6	25	16	1	1	1	1	1	1
ARG273B	7	3	25	6	523	346.953570731	5	3	13	6	852	1	4	1	8	0
ASP281B	3	3	10	6	372	86.1142468217366	3	3	8	6	1	1	1	1	1	1
ILE232A	5	4	20	14	1261	631	3	3	12	11	1210	1001.6085381807	2	2	5	3
TYR234A	7	4	25	10	3990	483.832971216345	5	3	19	5	5199	692.224433035645	6	4	8	4
ARG174A	4	3	14	6	157	40.4498066916384	3	3	7	4	157	40.4498066916384	2	2	3	3
ASN247A	3	1	8	1	4	1	2	1	2	0	1	1	1	1	1	1
MET243A	5	3	9	3	4	4	3	2	3	0	1	1	1	1	1	1
ASN200A	5	2	16	7	1034	364.966360588658	4	2	13	5	1	1	1	1	1	1
VAL197A	9	8	29	22	2571	1147.93864210371	8	7	28	17	1645	849	4	3	8	3
VAL172B	6	6	18	18	3802	3622	5	5	17	11	1	1	1	1	1	1
VAL173B	8	8	22	20	7468	5504.92782873597	6	6	21	16	59	59	2	2	1	0
GLY117B	4	4	11	8	617	339.470962674024	3	3	11	8	248	248	2	2	2	0
ALA129B	5	4	9	8	2	1.5	3	2	7	2	1	1	1	1	1	1
ILE255A	9	5	35	14	9228	2576.86906497158	6	3	24	5	3376	2666.99799266393	3	3	7	5
VAL272A	7	7	27	18	593	542.565930931138	3	3	11	7	532	532	2	2	3	0
VAL274A	11	10	31	23	10386	9970.97996096875	9	8	39	21	623	523.2514375312	3	3	4	1
GLN104B	3	2	11	6	131	38.4096341183494	2	2	6	5	1	1	1	1	1	1
GLY105B	7	7	17	13	1465	1465	6	6	18	9	1	1	1	1	1	1
ASP148B	4	3	12	8	372	98.6138710946105	4	3	17	9	372	98.6138710946105	2	2	3	3
GLY154B	5	5	14	11	1100	1100	4	4	15	9	1	1	1	1	1	1
SER260B	4	2	9	1	367	1	2	1	3	0	1	1	1	1	1	1
LYS164A	3	2	9	3	372	113.039838420634	3	2	8	3	1	1	1	1	1	1
GLN136A	6	4	21	5	7000	1792.46126198345	6	4	23	2	3350	1374.46126198345	4	3	7	3
LEU130A	7	6	14	9	2824	1950.44153360875	6	6	16	11	1	1	1	1	1	1
SER127A	5	3	12	6	1574	801.103752541245	5	3	16	6	1	1	1	1	1	1
LEU114A	3	3	9	5	406	203.5	3	3	5	3	1	1	1	1	1	1
VAL217B	7	7	24	20	9466	4426.36012586827	5	5	19	11	1044	639.332060693671	2	2	3	2
VAL225A	2	2	2	2	1	1	1	1	1	1	1	1	1	1	1	1
GLY226B	3	3	1	1	3	2.36592995746555	2	2	1	1	1	1	1	1	1	1
SER227B	2	2	2	2	3	1.63407004253445	2	2	1	1	1	1	1	1	1	1
ALA276A	5	3	14	7	865	1	3	1	12	0	841	1	2	1	3	0
ASP268B	4	4	12	10	372	246.335182192589	3	3	10	9	1	1	1	1	1	1
LEU111B	8	7	26	14	8283	7860.66481780741	6	6	21	12	1	1	1	1	1	1
SER116B	3	1	8	1	125	1	2	1	4	0	372	1	3	1	4	0
SER96A	4	1	12	1	574	1	4	1	16	0	1	1	1	1	1	1
PRO278B	8	6	23	14	3891	2813.00066198092	7	5	25	9	2233	1842.00066198092	3	3	3	2
ARG282B	8	7	21	14	3147	1651.75708823389	7	6	27	16	1	1	1	1	1	1
THR125B	9	8	28	22	2964	1845.42762991144	7	6	26	17	1524	796.324455983819	3	2	4	1
TYR103A	5	1	12	1	2609	1	4	1	11	0	967	1	2	1	1	0
ARG202B	4	3	9	2	2582	1514.82482333543	3	3	3	2	1464	732.075221718919	2	2	2	2
THR125A	9	8	27	22	3645	1962.95350838485	7	6	28	19	2704	1962.95350838485	7	7	16	11
CYS275A	7	6	20	15	590	339.629245223531	5	5	21	16	227	100.7485624688	2	2	2	2
GLY266B	8	8	22	17	4208	3435.76035098343	5	5	17	8	2546	1773.76035098343	3	3	8	4
SER95B	4	3	14	8	372	185	4	3	17	6	1	1	1	1	1	1
THR155B	9	8	26	19	4012	2797.54106551921	9	8	36	23	1	1	1	1	1	1
LEU133A	7	7	25	19	2272	2259.74906468847	6	6	24	14	1281	1281	4	4	8	0
ARG249B	7	6	19	11	6524	4662.66237246998	7	6	20	12	4029	2321.66237246998	5	4	6	4
ASN131A	4	3	11	3	2338	1657	4	3	11	2	1657	1657	3	3	5	0
PHE270A	8	3	22	7	8130	355.102394204933	7	3	26	7	7460	1	5	1	7	0
GLN165B	4	3	6	4	370	127.270698952416	2	2	4	3	1	1	1	1	1	1
HIS168B	4	3	8	6	739	410.840951261904	2	2	6	5	739	410.840951261904	2	2	4	3
GLY244A	4	4	10	9	738	297.523138615704	3	3	6	6	1	1	1	1	1	1
GLY245A	7	7	19	15	3698	2531.39618422329	5	5	16	13	1	1	1	1	1	1
PRO190B	7	5	21	13	2462	2462	2	2	6	3	1	1	1	1	1	1
PRO191B	4	3	15	6	2136	1	2	1	6	0	1	1	1	1	1	1
GLN167B	3	3	5	4	1	1	1	1	1	1	1	1	1	1	1	1
ILE232B	5	4	20	14	2778	1389.5	3	3	13	11	1	1	1	1	1	1
CYS275B	7	6	19	14	516	326.711678552628	5	5	20	15	197	87.779496105365	2	2	3	2
TYR236B	10	4	35	10	6810	609.493527046641	10	4	47	8	41	1	2	1	4	0
ASP208B	4	4	8	5	1	1	1	1	1	1	1	1	1	1	1	1
THR211B	8	6	15	10	1473	1469	5	3	18	8	1	1	1	1	1	1
LYS132A	4	3	13	5	6847	4809.79153006273	3	3	8	6	4389	3112.06695560409	2	2	1	1
GLU198A	5	3	14	6	413	158.57956698725	4	3	13	5	354	126.428073105937	2	2	2	2
ASP228A	3	1	8	1	372	1	3	1	7	0	346	1	2	1	4	0
PRO142B	7	5	22	12	733	176.095984146422	4	3	9	5	1	1	1	1	1	1
LEU130B	6	5	12	9	1574	889.815133385342	5	5	13	10	1	1	1	1	1	1
ARG196B	8	6	27	14	13181	6259.91272575807	7	6	28	15	3675	3468.59153209035	3	3	6	4
PRO191A	4	3	15	6	1857	1	2	1	6	0	1	1	1	1	1	1
TYR126B	7	2	19	3	5364	1392	6	2	20	2	1647	1	3	1	3	0
ALA138A	4	4	14	8	380	235.701022783519	3	3	9	4	1	1	1	1	1	1
LEU137A	7	6	25	12	1124	775	6	5	32	13	1	1	1	1	1	1
GLY112A	5	5	14	11	1201	1069.59414674027	3	3	7	4	1	1	1	1	1	1
PHE113A	4	2	12	3	1223	1208	3	2	10	2	1208	1208	2	2	4	0
HIS193A	7	7	17	12	1745	1587.82716091622	6	6	19	12	840	682.827160916224	4	4	7	5
HIS214A	5	5	12	9	694	268.488666217653	5	5	12	9	686	262.374292171137	4	4	5	4
ILE251A	6	4	21	13	1777	42.5	5	4	23	15	1	1	1	1	1	1
VAL172A	5	5	17	16	1540	1540	4	4	11	7	2285	1929.26294314515	3	3	5	3
SER261A	5	1	8	1	1	1	2	1	3	0	1	1	1	1	1	1
CYS182B	6	4	9	6	741	740.523675504638	3	3	8	5	372	1	2	1	1	0
SER183B	2	2	4	4	1	1	1	1	1	1	372	372	2	2	1	0
ILE195A	6	5	24	14	4098	1612.43449404254	6	5	24	13	1760	67	3	2	6	1
LEU257A	8	6	26	16	5390	3707.31300237864	7	6	33	17	2393	775.313002378644	3	3	6	4
PHE109A	8	3	34	10	6863	578	7	2	31	2	3215	1	3	1	3	0
ASP259A	6	5	12	4	1390	281.785017279805	3	2	8	2	1	1	1	1	1	1
THR170B	5	4	12	6	372	133.664289645668	3	2	12	2	1	1	1	1	1	1
VAL97B	6	5	13	9	1112	979.335710354332	4	3	13	1	1	1	1	1	1	1
LEU137B	7	6	26	12	5160	3192	6	5	33	9	1	1	1	1	1	1
GLU285B	7	4	18	6	2024	455.726798606448	5	4	13	6	1	1	1	1	1	1
LYS132B	4	3	13	5	3683	2535.97014258712	3	3	8	6	2198	1505.69694119357	2	2	2	1
ARG110B	6	5	17	12	1592	1062.37660251911	6	5	21	13	1180	650.376602519114	4	4	6	5
ASP148A	4	3	11	8	372	99.1127210449704	4	3	18	9	1	1	1	1	1	1
ALA159B	6	6	23	15	567	385.435979591769	4	4	15	10	13	13	2	2	3	1
GLU221B	4	2	9	2	1119	336.250398383494	3	2	7	2	1	1	1	1	1	1
GLY262B	5	5	9	6	1963	1764.94492540935	3	3	7	4	1	1	1	1	1	1
SER185A	5	3	11	5	372	339.927297952018	4	3	11	4	1	1	1	1	1	1
GLN100B	3	2	6	3	508	189.487975206574	2	2	2	2	708	189.487975206574	3	2	4	1
TYR107A	6	2	16	3	401	103.196002777852	5	2	17	3	1	1	1	1	1	1
VAL147A	8	6	22	9	2625	2625	7	5	28	5	3993	3993	3	3	6	2
GLU286B	4	3	12	8	145	74.7422121081311	3	2	9	4	1	1	1	1	1	1
THR253B	7	7	29	14	2100	1077.97610378538	5	5	23	11	1	1	1	1	1	1
ILE254A	5	3	20	4	5081	3735.19819048956	3	3	6	2	1	1	2	1	2	0
ASP186A	5	4	10	7	1824	1441.49124227332	4	3	9	4	1	1	1	1	1	1
SER215A	6	3	18	7	1304	391.941678914776	5	3	15	5	1336	391.941678914776	5	3	12	4
ASN263A	4	3	7	4	774	126.214982720195	4	3	5	1	1	1	1	1	1	1
ILE251B	6	4	22	15	777	259.5	5	4	22	13	137	137	3	3	8	5
HIS233B	3	2	8	3	368	87.5014127617436	2	2	3	2	1	1	1	1	1	1
TYR163B	4	3	16	9	3966	147.862869075653	4	3	18	9	1873	147.862869075653	3	3	9	6
PHE134B	5	4	20	11	295	96	4	3	16	8	1	1	1	1	1	1
ILE195B	6	5	24	12	12248	4443.1637984028	6	5	25	11	4226	2555.6637984028	3	3	4	2
MET160B	6	2	17	3	828	618	4	2	12	2	795	618	4	2	4	0
TYR205B	7	4	29	16	26812	5635.37539012212	7	4	30	14	1	1	1	1	1	1
GLU204B	5	2	20	2	372	1	5	2	21	2	1	1	2	2	3	2
GLU171B	3	2	9	5	372	104.633807192466	2	2	6	5	372	104.633807192466	2	2	4	3
THR123A	5	4	18	10	1065	531.538738016547	4	3	16	5	1818	921.862340751901	4	4	10	7
VAL122A	8	7	16	15	478	389.219179502004	5	5	13	9	1231	751.89557676665	6	6	14	10
SER99B	5	4	9	4	541	88.7656528480531	3	2	4	2	711	361.765652848053	4	4	4	2
PRO222A	4	2	9	2	1	1	2	1	5	0	290	1	2	1	2	0
ALA203B	8	7	24	19	366	126.414926585011	6	5	26	18	1	1	1	1	1	1
GLY105A	7	7	17	13	1402	1402	6	6	19	9	967	967	2	2	1	0
LEU111A	8	7	26	14	10719	9842.39169763351	6	6	21	12	3693	3693	2	2	4	0
LYS164B	2	2	5	3	372	275.495350232257	2	2	4	3	1	1	1	1	1	1
PHE270B	8	3	24	7	7101	457.362534219153	7	3	29	7	1484	1	2	1	2	0
GLN192B	6	3	12	6	378	1	4	1	7	0	372	1	2	1	1	0
GLU180B	2	2	5	3	372	372	2	2	3	0	372	372	2	2	1	0
SER185B	7	4	17	9	790	788	6	4	20	7	576	576	4	2	7	1
ILE162B	6	2	21	2	2840	368.285104545072	5	2	19	2	1369	368.285104545072	2	2	1	1
ILE254B	5	3	20	4	1472	1104.71489545493	3	3	6	2	1369	1001.71489545493	2	2	1	1
GLY108B	8	7	21	11	2149	1539.59989226793	7	6	26	12	1823	1447.00952638628	3	3	7	3
VAL143A	7	6	20	13	1583	780	5	4	13	8	220	220	2	2	5	3
ASN235B	5	5	14	8	3841	2967.62509819773	4	4	9	4	1	1	1	1	1	1
PRO98A	5	5	16	9	18235	17557.1696399906	4	4	15	8	1	1	1	1	1	1
VAL97A	7	6	16	11	19439	19015.5079278629	6	5	21	6	1213	971.507927862909	2	2	3	1
PRO278A	9	7	22	15	2254	1647	8	6	26	9	2076	1545	4	3	11	3
ARG174B	4	3	14	6	348	90.4502834259472	3	3	7	4	59	1	2	1	1	0
GLU285A	6	4	19	7	3978	761.275425541363	5	4	15	7	1	1	1	1	1	1
THR284A	4	4	9	6	1	1	1	1	1	1	1	1	1	1	1	1
PRO222B	4	2	9	2	1	1	2	1	5	0	745	1	2	1	2	0
PRO223B	5	5	9	8	686	535.655460509043	4	4	11	8	963	812.655460509043	3	3	3	2
CYS135A	5	4	25	15	788	240.891755232504	5	4	26	14	341	89.6202786700561	3	2	6	3
GLN144A	7	4	16	7	1528	295.905853259728	4	3	8	4	1	1	2	1	3	0
GLN100A	3	2	8	4	2868	1117.66933532641	2	2	4	3	2868	1117.66933532641	2	2	1	1
ARG280B	6	3	12	2	963	446.514399661869	3	3	4	2	1	1	1	1	1	1
SER96B	5	2	14	5	372	1	3	2	13	2	1	1	1	1	1	1
GLN136B	7	5	21	8	7026	2672.8858618578	7	5	26	6	2415	664.999338019084	3	3	3	2
MET169A	5	3	13	6	2064	1093.49207213709	4	3	14	4	1217	242.492072137091	4	2	6	1
ARG283B	5	4	12	6	387	174.573480312254	3	3	7	4	1	1	1	1	1	1
LYS120B	4	2	8	2	371	221.485600338131	3	2	4	2	1	1	1	1	1	1
SER106B	2	1	6	1	372	1	2	1	5	0	1	1	1	1	1	1
GLU286A	4	3	12	7	227	115.454713850001	3	2	9	2	1	1	1	1	1	1
SER240A	4	3	18	11	372	165	4	3	19	9	1	1	2	2	3	0
ARG209A	3	1	4	1	1	1	1	1	1	1	1	1	1	1	1	1
ASN210A	4	2	7	1	1	1	1	1	1	1	1	1	1	1	1	1
SER269A	3	1	5	1	372	1	2	1	3	0	372	1	2	1	2	0
ALA119A	4	3	10	4	741	741	2	2	5	3	741	741	2	2	2	1
LYS120A	2	1	3	1	1	1	1	1	1	1	1	1	1	1	1	1
HIS178A	5	2	12	3	81	1.33500642053246	3	2	9	2	1	1	1	1	1	1
ASN288B	3	3	8	6	1	1	1	1	1	1	1	1	1	1	1	1
THR284B	4	4	11	7	1	1	1	1	1	1	1	1	1	1	1	1
CYS277A	7	4	15	5	457	98.8382864631787	3	2	8	1	1	1	1	1	1	1
VAL216B	9	9	26	20	15953	15300.5	7	7	31	21	1	1	1	1	1	1
GLN167A	4	3	6	3	267	267	2	2	3	2	1	1	1	1	1	1
HIS168A	4	3	9	7	371	177.738565652586	3	2	9	5	1	1	1	1	1	1
ARG280A	6	3	12	5	379	281.161713536821	2	2	2	1	1	1	1	1	1	1
PHE212B	3	1	9	1	372	1	2	1	4	0	1	1	1	1	1	1
PHE212A	3	1	7	1	372	1	2	1	3	0	1	1	1	1	1	1
ARG267A	5	4	13	8	13982	13923.5113681676	3	3	4	2	1	1	1	1	1	1
SER269B	3	1	5	1	372	1	2	1	3	0	372	1	2	1	2	0
LYS101A	4	2	9	3	30335	2348.00600781654	3	2	4	2	16639	2348.00600781654	2	2	1	1
CYS182A	5	4	9	7	372	371.664993579468	3	3	9	6	1	1	1	1	1	1
PRO151A	5	4	12	8	1112	430.638621667435	5	4	15	9	1	1	1	1	1	1
THR150A	2	2	4	3	372	138.928118353744	2	2	4	3	1	1	1	1	1	1
GLN144B	7	4	16	7	1679	420.165051062552	4	3	8	4	1	1	2	1	3	0
LEU114B	3	3	10	6	782	471.904015853578	3	3	6	4	1	1	1	1	1	1
ARG283A	4	3	12	5	193	140.040415632377	2	2	5	3	1	1	1	1	1	1
LEU145A	6	5	25	15	373	259	5	4	22	11	1	1	1	1	1	1
ALA138B	4	4	13	6	404	255.884994083398	3	3	8	2	1	1	1	1	1	1
ASP268A	4	4	13	10	372	244.608302366486	3	3	11	9	1	1	2	2	2	1
THR231B	6	6	18	17	374	374	3	3	7	5	1	1	1	1	1	1
SER99A	5	4	10	5	411	59.4886318323906	3	2	4	2	1	1	1	1	1	1
LEU145B	6	5	24	14	595	312.5	5	4	21	10	1	1	1	1	1	1
SER149A	4	2	12	2	372	1	4	2	14	1	1	1	1	1	1	1
GLY117A	4	4	11	8	521	285.134341634342	3	3	11	8	672	436.134341634342	4	4	10	7
SER116A	3	1	8	1	221	1	2	1	4	0	372	1	3	1	8	0
SER121B	2	2	7	7	1	1	1	1	1	1	1	1	1	1	1	1
ALA161B	6	6	21	16	8398	3626.40837286123	4	4	17	16	4061	1671.3362015972	2	2	2	2
THR150B	2	2	5	4	372	140.082024654672	2	2	5	4	1	1	1	1	1	1
VAL143B	7	6	22	15	867	637.5	5	4	14	9	1	1	1	1	1	1
THR102B	2	2	4	1	1	1	1	1	1	1	1	1	1	1	1	1
TYR103B	5	1	12	1	2407	1	4	1	11	0	1	1	1	1	1	1
SER166A	3	2	6	2	852	1	2	1	3	0	1	1	1	1	1	1
ARG209B	2	1	3	1	1	1	1	1	1	1	1	1	1	1	1	1
PRO177A	5	5	12	10	284	181.080677161006	3	3	4	3	1	1	1	1	1	1
LEU289A	3	3	8	7	372	186.5	3	3	6	6	1	1	1	1	1	1
TYR107B	5	2	14	3	333	84.844155475059	4	2	11	3	1	1	1	1	1	1
MET160A	6	2	18	3	848	527	4	2	12	2	983	527	4	2	8	2
THR102A	2	2	4	1	1	1	1	1	1	1	1	1	1	1	1	1
ASP228B	3	1	8	1	372	1	3	1	7	0	367	1	2	1	3	0
MET243B	3	1	6	1	1	1	2	1	2	0	1	1	1	1	1	1
LYS139B	5	1	15	1	3337	1	4	1	11	0	1	1	1	1	1	1
ASN210B	3	1	9	1	1	1	1	1	1	1	1	1	1	1	1	1
GLY199A	3	3	6	4	339	339	2	2	3	1	1	1	1	1	1	1
ASN288A	2	2	3	3	1	1	1	1	1	1	1	1	1	1	1	1
SER106A	2	1	6	1	372	1	2	1	5	0	1	1	1	1	1	1
ARG248A	3	2	7	3	378	19	3	2	5	0	1	1	1	1	1	1
LEU289B	3	3	7	6	372	186.5	3	3	6	5	1	1	1	1	1	1
SER241B	4	3	11	5	2	1	2	1	2	0	360	360	2	2	3	0
VAL225B	2	2	2	2	1	1	1	1	1	1	1	1	1	1	1	1
SER260A	4	2	9	1	24	1	2	1	3	0	1	1	1	1	1	1
ASN131B	4	3	11	3	3246	1855	4	3	12	2	1855	1855	3	3	2	0
GLN165A	4	3	7	4	522	82.3017392123104	4	3	7	4	1	1	1	1	1	1
THR170A	6	5	16	10	367	185	4	3	18	7	6	6	3	3	4	1
ARG248B	3	2	6	3	372	2	3	2	5	0	371	1	2	1	2	0
GLU180A	2	2	5	3	372	372	2	2	3	0	1	1	1	1	1	1
SER121A	2	2	7	7	1	1	1	1	1	1	1	1	1	1	1	1
HIS115A	1	1	1	1	1	1	1	1	1	1	1	1	1	1	1	1
ARG181A	1	1	1	1	1	1	1	1	1	1	1	1	1	1	1	1
SER183A	1	1	1	1	1	1	1	1	1	1	1	1	1	1	1	1
LEU201A	1	1	1	1	1	1	1	1	1	1	1	1	1	1	1	1
GLU224A	1	1	1	1	1	1	1	1	1	1	1	1	1	1	1	1
GLU287A	1	1	1	1	1	1	1	1	1	1	1	1	1	1	1	1
HIS115B	1	1	1	1	1	1	1	1	1	1	1	1	1	1	1	1
ARG181B	1	1	1	1	1	1	1	1	1	1	1	1	1	1	1	1
LEU201B	1	1	1	1	1	1	1	1	1	1	1	1	1	1	1	1
GLU224B	1	1	1	1	1	1	1	1	1	1	1	1	1	1	1	1
GLU287B	1	1	1	1	1	1	1	1	1	1	1	1	1	1	1	1
ARG290A	1	1	1	1	1	1	1	1	1	1	1	1	1	1	1	1
