Degree	Degree_sidechain	SecondOrderDegree	SecondOrderDegree_sidechain	NodeEdgeBetweennessSTRIDE	NodeEdgeBetweennessSTRIDE_sidechain	IntermodularDegreeSTRIDE	IntermodularDegreeSTRIDE_sidechain	SecondOrderIntermodularDegreeSTRIDE	SecondOrderIntermodularDegreeSTRIDE_sidechain	NodeEdgeBetweennessWALKTRAP	NodeEdgeBetweennessWALKTRAP_sidechain	IntermodularDegreeWALKTRAP	IntermodularDegreeWALKTRAP_sidechain	SecondOrderIntermodularDegreeWALKTRAP	SecondOrderIntermodularDegreeWALKTRAP_sidechain
ARG958A	2.40118096074864	2.31509345535502	1.50380409696711	1.80890533081506	1.96704995678434	1.95599150712237	2.79446231708829	3.22022627407739	1.98067918492503	2.70366416890303	-0.530024799008746	-0.393958673768615	-0.368889954536096	-0.0653278105298215	-0.426008721102485	0.244898236778
TRP898A	1.52001363570326	0.917049959669747	1.95900966145445	2.10710579747871	4.94197144599447	5.44893552415321	0.833436129657912	1.53277145796697	1.69617670282225	3.53319076028244	0.471399715886505	0.336643103769023	0.938568112174117	-0.0653278105298215	0.795313209703274	0.244898236778
GLY873A	-1.12348833943285	-0.48099353601553	-1.56883346332245	-0.874898869157829	-0.702176785879602	-0.630748589211167	-1.61784660463006	-1.2796532355504	-1.33851643960734	-0.94625283316637	-0.598742441125691	-0.467391247019425	-1.0226189878912	-0.86062289524069	-0.833116031371071	-0.496415344820271
GLY874A	-0.682904676910162	-0.014979037453771	-0.999826507713268	-0.576698402494174	-0.702176785879602	-0.630748589211167	-1.12759005777247	-0.717168296846929	-1.05401395750456	-0.448536878338724	0.0243489879571679	0.505405936018472	-0.368889954536096	-0.0653278105298215	-0.629562376236778	-0.867072135619407
ILE918A	0.198262648135209	-0.48099353601553	-0.772223725469597	-1.17309933582148	0.932000524495203	0.983938023148981	0.833436129657912	-0.154683358143455	-0.200506511196241	-0.94625283316637	-0.391817406436464	-0.362897846585488	0.28483907881901	-0.0653278105298215	-0.222455065968192	-0.496415344820271
ILE926A	-1.12348833943285	-0.947008034577289	-0.999826507713268	-1.02399910248966	-0.587594107713606	-0.493019690726865	-0.637333510914874	-0.717168296846929	-0.674677314700864	-0.780347514890488	-0.391817406436464	-0.248824368575846	-0.368889954536096	-0.0653278105298215	-0.629562376236778	-0.496415344820271
GLY824A	2.40118096074864	3.24712245247854	1.39000270584528	2.10710579747871	-0.389717010364212	-0.166563193286508	0.343179582800317	0.970286519263492	0.368498453009308	1.04461098614421	-0.598742441125691	-0.467391247019425	-1.0226189878912	-0.86062289524069	-0.833116031371071	-0.496415344820271
TYR827A	0.198262648135209	-0.014979037453771	0.479591576870592	-0.129397702498693	-0.0299020320643521	-0.220558488536284	-0.147076964057278	-0.154683358143455	-0.295340671897166	-0.282631560062842	0.294586906394591	0.183553985677583	0.28483907881901	0.729967274181047	-0.0189014108338986	0.244898236778
ILE740A	-0.242321014387477	-0.947008034577289	0.138187403505086	-0.725798635826001	-0.691183613804635	-0.621633293966202	-0.637333510914874	-0.717168296846929	-0.39017483259809	-0.448536878338724	-0.597198224448905	-0.467391247019425	-0.368889954536096	-0.86062289524069	-0.629562376236778	-0.867072135619407
PRO741A	0.638846310657894	-0.48099353601553	0.138187403505086	-1.02399910248966	-0.40155581106033	-0.434769741444428	0.343179582800317	-0.717168296846929	-0.0108381897943914	-1.11215815144225	-0.598742441125691	-0.467391247019425	-1.0226189878912	-0.86062289524069	-0.833116031371071	-0.496415344820271
THR940A	-0.242321014387477	-0.014979037453771	-0.772223725469597	-0.576698402494174	-0.295852233416423	0.0358073755768715	0.343179582800317	0.407801580560018	-0.295340671897166	-0.448536878338724	-0.598742441125691	-0.467391247019425	-1.0226189878912	-0.86062289524069	-0.833116031371071	-0.496415344820271
VAL980A	-0.682904676910162	-0.014979037453771	-0.658422334347762	0.168802764164962	-0.664123497927795	-0.59618642807401	-0.637333510914874	-0.154683358143455	-0.674677314700864	-0.11672624178696	-0.598742441125691	-0.467391247019425	-1.0226189878912	-0.86062289524069	-0.833116031371071	-0.496415344820271
ALA859A	0.638846310657894	0.917049959669747	0.934797141357934	1.51070486415141	-0.147021596093801	0.106633015308493	1.32369267651551	1.53277145796697	1.98067918492503	2.04004289579951	-0.598742441125691	-0.467391247019425	-1.0226189878912	-0.86062289524069	-0.833116031371071	-0.496415344820271
ARG858A	1.96059729822595	1.38306445823151	1.1623999236016	0.76520369749227	0.657171222621044	0.187740632552308	2.79446231708829	2.09525639667044	2.83418663123335	1.87413757752362	-0.598742441125691	-0.467391247019425	-1.0226189878912	-0.86062289524069	-0.833116031371071	-0.496415344820271
VAL769A	1.07942997318058	1.38306445823151	0.365790185748757	0.467003230828616	1.01148961488342	1.40591331872925	1.32369267651551	1.53277145796697	0.273664292308383	0.380989713040686	1.01033133608457	1.25297973807709	0.938568112174117	0.729967274181047	0.184652244300395	0.615555027577136
HIS888A	-1.12348833943285	-0.947008034577289	-1.34123068107877	-0.725798635826001	-0.693720499668089	-0.630748589211167	-1.12759005777247	-1.2796532355504	-1.24368227890641	-1.11215815144225	-0.583300274357838	-0.467391247019425	-0.368889954536096	-0.86062289524069	-0.629562376236778	-0.867072135619407
LEU887A	-0.242321014387477	-0.014979037453771	-0.999826507713268	-0.576698402494174	-0.702176785879602	-0.630748589211167	-0.637333510914874	-0.154683358143455	-1.05401395750456	-0.94625283316637	-0.598742441125691	-0.467391247019425	-1.0226189878912	-0.86062289524069	-0.833116031371071	-0.496415344820271
GLU829A	-0.682904676910162	-0.014979037453771	-0.658422334347762	-0.27849793583052	0.85589394859159	0.04110601754149	-0.147076964057278	0.407801580560018	-0.39017483259809	0.215084394764804	0.812671601456051	0.0930120870819886	-0.368889954536096	-0.0653278105298215	-0.222455065968192	-0.125758554021135
HIS893A	0.198262648135209	-0.014979037453771	0.934797141357934	0.76520369749227	0.84912891962238	1.76931483293787	0.343179582800317	0.407801580560018	0.747835095813006	1.2105163044201	2.16540541031995	3.28771212925794	1.59229714552922	0.729967274181047	1.40597417510615	-0.125758554021135
ARG803A	-0.242321014387477	-0.48099353601553	-0.430819552104091	0.0197025308331344	-0.506836574393661	-0.563527185181995	-0.637333510914874	-0.717168296846929	-0.769511475401789	-0.11672624178696	-0.451269748492697	-0.360715214574968	-0.368889954536096	-0.0653278105298215	-0.222455065968192	0.615555027577136
LEU799A	0.198262648135209	0.451035461107988	0.365790185748757	0.467003230828616	-0.135182795397684	-0.403465238725036	-0.147076964057278	0.407801580560018	-0.0108381897943914	1.04461098614421	0.436654840658836	-0.10670722947017	0.938568112174117	1.52526235889192	0.184652244300395	0.986211818376272
CYS818A	0.638846310657894	0.451035461107988	1.50380409696711	0.76520369749227	-0.518252560779203	-0.630748589211167	0.343179582800317	0.407801580560018	0.273664292308383	-0.11672624178696	-0.368654156284685	-0.108167504088454	0.938568112174117	0.729967274181047	2.01663514050903	0.986211818376272
LEU814A	1.96059729822595	1.38306445823151	1.73140687921078	1.21250439748775	0.654634336757591	0.325064529222338	1.8139492233731	1.53277145796697	1.69617670282225	1.54232694097186	2.10595306826372	1.29189868403661	2.89975521223944	2.32055744360278	3.64506438158338	3.21015256317109
ILE965A	0.198262648135209	0.451035461107988	-0.20321676986042	0.317902997496789	0.104552918698698	0.401607464822789	-0.147076964057278	0.407801580560018	-0.864345636102714	-0.448536878338724	-0.598742441125691	-0.467391247019425	-1.0226189878912	-0.86062289524069	-0.833116031371071	-0.496415344820271
LYS823A	-0.242321014387477	-1.41302253313905	0.479591576870592	-1.17309933582148	-0.522057889574384	-0.630748589211167	-1.12759005777247	-1.2796532355504	-1.14884811820549	-1.11215815144225	-0.442004448431985	-0.467391247019425	-0.368889954536096	-0.86062289524069	-0.0189014108338986	-0.867072135619407
ARG831A	0.198262648135209	-0.014979037453771	0.251988794626921	-0.129397702498693	1.90616469606145	0.160749529760964	0.343179582800317	-0.154683358143455	0.178830131607458	0.0491790764889222	1.7824396744772	0.788665216522399	0.28483907881901	0.729967274181047	-0.222455065968192	0.244898236778
SER768A	-0.242321014387477	-0.014979037453771	-0.20321676986042	0.0197025308331344	1.43430392545905	1.46347403789736	-0.637333510914874	-0.154683358143455	-0.485008993299015	0.0491790764889222	1.7824396744772	1.99415639413376	-0.368889954536096	-0.0653278105298215	-0.629562376236778	-0.125758554021135
PRO877A	0.198262648135209	0.451035461107988	0.479591576870592	0.467003230828616	0.0225269424470258	0.294539285813004	0.343179582800317	0.407801580560018	1.03233757791578	1.2105163044201	0.527763624589168	1.29135855478019	-0.368889954536096	-0.0653278105298215	-0.222455065968192	0.244898236778
ILE789A	0.638846310657894	-0.014979037453771	1.04859853247977	0.616103464160443	0.673238166422918	-0.494146826428853	0.343179582800317	-0.717168296846929	0.653000935112082	0.0491790764889222	-0.0242938373615683	-0.250613060235163	-0.368889954536096	-0.0653278105298215	0.184652244300395	1.35686860917541
LEU707A	1.96059729822595	1.84907895679327	1.50380409696711	1.36160463081958	0.240276312393475	0.903354681820541	2.79446231708829	2.65774133537391	2.6445183098315	2.04004289579951	1.09603536164615	1.92614643588744	2.89975521223944	3.91114761302452	2.62729610591191	2.46883898157282
HIS773A	0.638846310657894	0.451035461107988	0.820995750236099	0.317902997496789	0.957792197440316	0.930728243291937	0.833436129657912	0.407801580560018	0.747835095813006	0.380989713040686	-0.420385414956991	-0.297862683791191	-0.368889954536096	-0.0653278105298215	-0.222455065968192	-0.125758554021135
GLY729A	1.07942997318058	1.84907895679327	0.251988794626921	0.76520369749227	0.298201872942336	0.537140470717221	0.833436129657912	1.53277145796697	0.178830131607458	0.71280034959245	-0.598742441125691	-0.467391247019425	-1.0226189878912	-0.86062289524069	-0.833116031371071	-0.496415344820271
LYS728A	-0.682904676910162	-1.41302253313905	0.0243860123832506	-1.17309933582148	0.100747589903517	-0.630748589211167	-0.637333510914874	-1.2796532355504	-0.485008993299015	-1.11215815144225	-0.598742441125691	-0.467391247019425	-1.0226189878912	-0.86062289524069	-0.833116031371071	-0.496415344820271
ASN808A	-1.56407200195553	-0.947008034577289	-1.79643624556612	-1.17309933582148	-0.702176785879602	-0.630748589211167	-1.61784660463006	-1.2796532355504	-1.33851643960734	-0.94625283316637	-0.598742441125691	-0.467391247019425	-1.0226189878912	-0.86062289524069	-0.833116031371071	-0.496415344820271
ASP807A	-1.56407200195553	-1.41302253313905	-1.79643624556612	-1.17309933582148	-0.702176785879602	-0.630748589211167	-1.61784660463006	-1.2796532355504	-1.33851643960734	-0.94625283316637	-0.598742441125691	-0.467391247019425	-1.0226189878912	-0.86062289524069	-0.833116031371071	-0.496415344820271
GLN812A	0.198262648135209	-0.014979037453771	0.251988794626921	0.168802764164962	-0.537279204755106	-0.486437761330036	-0.147076964057278	-0.154683358143455	0.178830131607458	-0.11672624178696	-0.505317332180182	-0.374861795932436	-0.368889954536096	-0.0653278105298215	-0.629562376236778	-0.125758554021135
PRO975A	1.07942997318058	0.917049959669747	0.138187403505086	0.168802764164962	0.220826854106996	0.000500286666775707	1.32369267651551	0.970286519263492	0.747835095813006	-0.282631560062842	0.333192323314223	-0.467391247019425	-0.368889954536096	-0.86062289524069	-0.0189014108338986	-0.867072135619407
GLY724A	0.198262648135209	0.917049959669747	-0.317018160982256	0.616103464160443	0.6440639789932	1.77170505151815	0.343179582800317	0.970286519263492	-0.0108381897943914	0.546895031316568	0.0444238047553764	0.536747604864799	-0.368889954536096	-0.0653278105298215	-0.833116031371071	-0.867072135619407
SER720A	0.198262648135209	-0.947008034577289	-0.430819552104091	-0.725798635826001	-0.609580451863539	-0.630748589211167	-0.147076964057278	-1.2796532355504	-0.295340671897166	-1.11215815144225	-0.598742441125691	-0.467391247019425	-1.0226189878912	-0.86062289524069	-0.833116031371071	-0.496415344820271
ALA871A	0.198262648135209	0.917049959669747	-0.20321676986042	-0.27849793583052	-0.350818093791254	0.000485606502633547	0.833436129657912	1.53277145796697	0.653000935112082	0.380989713040686	-0.299164405829347	0.000322888071905864	0.938568112174117	1.52526235889192	0.184652244300395	-0.125758554021135
HIS870A	-1.12348833943285	-0.947008034577289	-1.1136278988351	-1.17309933582148	-0.572372792532884	-0.445499833959265	-0.637333510914874	-0.717168296846929	-0.674677314700864	-0.94625283316637	-0.361705181239151	-0.173413420894709	0.28483907881901	-0.0653278105298215	-0.222455065968192	-0.496415344820271
GLU868A	-0.682904676910162	-0.947008034577289	-0.430819552104091	-1.17309933582148	-0.295006604795271	-0.605585945891802	-0.147076964057278	-0.717168296846929	0.0839959709065334	-0.94625283316637	-0.38486843139093	-0.427459755050588	-0.368889954536096	-0.0653278105298215	-0.629562376236778	-0.496415344820271
ILE780A	2.40118096074864	0.917049959669747	1.50380409696711	1.21250439748775	-0.377455395357519	-0.407723155644059	2.3042057702307	0.970286519263492	2.17034750632688	1.04461098614421	-0.204967188545446	-0.333458675312139	1.59229714552922	0.729967274181047	1.81308148537474	1.35686860917541
LEU704A	1.52001363570326	1.84907895679327	0.934797141357934	1.80890533081506	1.6833415543881	1.32978967446512	1.8139492233731	2.65774133537391	1.41167422071948	2.20594821407539	-0.598742441125691	-0.467391247019425	0.28483907881901	0.729967274181047	0.591759554568981	0.986211818376272
GLY796A	-0.242321014387477	0.451035461107988	-0.0894153787385849	0.76520369749227	-0.585902850471304	-0.444594344758575	-0.147076964057278	0.407801580560018	-0.200506511196241	0.546895031316568	-0.438143906740022	-0.216657896248815	-0.368889954536096	-0.0653278105298215	-0.426008721102485	-0.496415344820271
VAL845A	1.52001363570326	2.31509345535502	0.365790185748757	1.21250439748775	-0.25737613115404	-0.113839529496601	0.833436129657912	1.53277145796697	0.273664292308383	0.878705667868332	-0.152463821534746	0.0697094445767903	0.28483907881901	0.729967274181047	0.388205899434688	0.986211818376272
LEU798A	0.198262648135209	0.917049959669747	0.593392967992428	1.95800556414689	-0.0260967032691715	-0.238170541069677	0.343179582800317	0.970286519263492	0.463332613710232	1.87413757752362	0.635858791964137	0.155604794276427	1.59229714552922	2.32055744360278	2.62729610591191	4.69277972636763
TRP817A	1.96059729822595	1.84907895679327	1.84520827033262	1.65980509748323	1.12353540718596	0.00575449719702542	1.32369267651551	1.53277145796697	1.03233757791578	1.37642162269598	4.94885597022541	2.69026773247091	4.86094231230475	4.70644269773539	5.06993996752343	4.69277972636763
CYS950A	-0.242321014387477	0.451035461107988	0.479591576870592	1.51070486415141	-0.42861592693717	-0.527627120820247	-0.147076964057278	0.407801580560018	-0.105672350495316	0.71280034959245	-0.291443322445421	-0.285591538487424	0.28483907881901	0.729967274181047	0.591759554568981	1.35686860917541
PRO959A	1.07942997318058	0.451035461107988	0.479591576870592	0.76520369749227	-0.265409603054977	-0.160548195952035	1.32369267651551	0.407801580560018	0.558166774411157	0.0491790764889222	-0.0551781708972738	-0.100940777847643	0.28483907881901	-0.0653278105298215	-0.0189014108338986	0.615555027577136
LEU964A	0.638846310657894	0.917049959669747	1.1623999236016	1.21250439748775	-0.0455461615556504	0.3180054840084	0.833436129657912	0.970286519263492	0.747835095813006	1.2105163044201	0.600341808398076	1.0382202729759	1.59229714552922	2.32055744360278	1.40597417510615	2.09818219077368
ARG841A	1.07942997318058	0.451035461107988	0.934797141357934	0.616103464160443	1.69687161232652	2.48116107557934	0.833436129657912	0.970286519263492	1.12717173861671	1.04461098614421	-0.598742441125691	-0.467391247019425	-0.368889954536096	-0.86062289524069	-0.426008721102485	-0.867072135619407
ASN842A	0.198262648135209	-0.48099353601553	0.593392967992428	-0.427598169162347	1.67826778266119	3.14906050570083	0.343179582800317	-0.717168296846929	0.558166774411157	-0.94625283316637	-0.598742441125691	-0.467391247019425	-1.0226189878912	-0.86062289524069	-0.833116031371071	-0.496415344820271
ASN816A	-1.12348833943285	-0.48099353601553	-0.658422334347762	-0.129397702498693	-0.638754639293257	-0.573777993930138	-1.12759005777247	-0.717168296846929	-1.05401395750456	-0.780347514890488	-0.389501081421286	-0.323652732957186	0.28483907881901	0.729967274181047	-0.0189014108338986	0.986211818376272
LEU907A	-0.682904676910162	-0.48099353601553	-0.0894153787385849	-0.576698402494174	-0.395636410712271	-0.446361241804144	-0.147076964057278	-0.154683358143455	-0.0108381897943914	-0.11672624178696	-0.0389638957910284	-0.17478041958412	0.938568112174117	0.729967274181047	1.60952783024045	1.72752539997454
ILE878A	-0.682904676910162	-0.48099353601553	-0.999826507713268	-0.576698402494174	-0.414240240377599	-0.518808951362175	-0.147076964057278	-0.154683358143455	-0.674677314700864	-0.11672624178696	-0.0729366626803045	-0.289750261808559	0.938568112174117	0.729967274181047	0.184652244300395	0.615555027577136
ILE886A	-1.12348833943285	-0.48099353601553	-0.886025116591433	-0.427598169162347	-0.581674707365547	-0.517798451754638	-0.637333510914874	-0.154683358143455	-0.57984315399994	-0.11672624178696	-0.475977215321261	-0.364089938620413	-0.368889954536096	-0.0653278105298215	-0.426008721102485	-0.125758554021135
GLU931A	-0.242321014387477	-0.947008034577289	-0.430819552104091	-1.02399910248966	-0.699217085705572	-0.628469765399926	-0.147076964057278	-0.717168296846929	-0.295340671897166	-0.94625283316637	-0.391817406436464	-0.467391247019425	-0.368889954536096	-0.86062289524069	-0.426008721102485	-0.867072135619407
LEU927A	1.07942997318058	0.917049959669747	0.479591576870592	0.616103464160443	0.841518262032019	0.105241365736111	1.32369267651551	0.970286519263492	0.842669256513931	1.04461098614421	0.899919843694419	0.63427765636817	0.938568112174117	1.52526235889192	0.591759554568981	0.986211818376272
TYR900A	1.07942997318058	-0.014979037453771	1.50380409696711	0.467003230828616	0.868155563598283	0.0634902504508873	0.833436129657912	0.407801580560018	0.747835095813006	0.0491790764889222	0.818848468163192	0.109950784661298	0.938568112174117	0.729967274181047	1.60952783024045	0.615555027577136
TRP951A	1.07942997318058	1.38306445823151	1.04859853247977	1.80890533081506	4.19781825938136	3.24545850762708	1.8139492233731	2.09525639667044	1.12717173861671	1.70823225924774	2.06657554300569	3.27285916979801	0.938568112174117	1.52526235889192	0.795313209703274	1.72752539997454
VAL902A	0.198262648135209	0.917049959669747	1.04859853247977	2.25620603081054	-0.567299020805976	-0.411711474554535	-0.637333510914874	-0.154683358143455	-0.105672350495316	0.380989713040686	-0.52539214897839	-0.389814005452262	0.28483907881901	0.729967274181047	0.184652244300395	0.615555027577136
GLY721A	-0.242321014387477	0.451035461107988	-0.772223725469597	-0.27849793583052	-0.360120008623918	-0.173614127796423	-0.147076964057278	0.407801580560018	-0.485008993299015	0.380989713040686	-0.598742441125691	-0.467391247019425	-1.0226189878912	-0.86062289524069	-0.833116031371071	-0.496415344820271
PHE723A	0.638846310657894	0.451035461107988	-0.20321676986042	0.168802764164962	4.28238112149648	4.69983783402141	0.833436129657912	0.970286519263492	0.178830131607458	0.0491790764889222	3.89801652167303	6.55314257455767	-0.368889954536096	-0.0653278105298215	-0.833116031371071	-0.867072135619407
VAL904A	1.07942997318058	0.917049959669747	1.84520827033262	1.06340416415592	-0.656090026026858	-0.589349956640286	-0.637333510914874	-0.154683358143455	-0.674677314700864	-0.282631560062842	-0.514582632240893	-0.401694287322318	-0.368889954536096	-0.0653278105298215	-0.426008721102485	-0.496415344820271
GLY810A	1.07942997318058	1.84907895679327	0.707194359114263	1.51070486415141	-0.459058557298615	-0.212651211776005	1.8139492233731	2.65774133537391	1.60134254212133	2.20594821407539	-0.309973922566844	-0.0165533951530391	0.28483907881901	0.729967274181047	0.184652244300395	0.244898236778
ILE981A	-0.242321014387477	-0.014979037453771	0.0243860123832506	0.616103464160443	-0.587594107713606	-0.494332172577648	0.343179582800317	0.407801580560018	0.653000935112082	1.37642162269598	-0.598742441125691	-0.467391247019425	-1.0226189878912	-0.86062289524069	-0.833116031371071	-0.496415344820271
GLY863A	0.198262648135209	0.917049959669747	-0.772223725469597	-0.129397702498693	-0.290355647378939	0.0277284853129819	-0.637333510914874	-0.154683358143455	-0.295340671897166	0.215084394764804	-0.452813965169482	-0.368707910618673	-0.368889954536096	-0.0653278105298215	-0.222455065968192	0.615555027577136
LEU862A	1.07942997318058	0.451035461107988	0.251988794626921	0.317902997496789	0.473669811831222	0.385396986544859	1.8139492233731	0.970286519263492	1.22200589931763	0.546895031316568	0.137848913700886	-0.110911410676472	0.938568112174117	-0.0653278105298215	0.795313209703274	0.615555027577136
LEU833A	0.638846310657894	0.451035461107988	0.479591576870592	0.0197025308331344	1.74930058683789	2.22867504866001	0.833436129657912	0.970286519263492	0.273664292308383	0.215084394764804	1.63033433181385	-0.387831626101828	0.938568112174117	-0.0653278105298215	0.998866864837567	-0.867072135619407
LYS860A	-0.242321014387477	-1.41302253313905	0.0243860123832506	-1.17309933582148	-0.587594107713606	-0.630748589211167	0.343179582800317	-1.2796532355504	0.747835095813006	-1.11215815144225	-0.547783290791777	-0.467391247019425	0.28483907881901	-0.86062289524069	0.184652244300395	-0.867072135619407
ALA755A	-0.682904676910162	-0.48099353601553	-1.34123068107877	-1.02399910248966	-0.701753971569026	-0.630748589211167	-0.637333510914874	-0.717168296846929	-1.05401395750456	-1.11215815144225	-0.598742441125691	-0.467391247019425	-1.0226189878912	-0.86062289524069	-0.833116031371071	-0.496415344820271
ASN756A	-1.12348833943285	-1.41302253313905	-0.886025116591433	-1.17309933582148	-0.587594107713606	-0.630748589211167	-0.637333510914874	-1.2796532355504	-0.769511475401789	-1.11215815144225	-0.598742441125691	-0.467391247019425	-1.0226189878912	-0.86062289524069	-0.833116031371071	-0.496415344820271
HIS850A	1.07942997318058	-0.014979037453771	0.593392967992428	-0.27849793583052	-0.323335163603838	-0.562106788739763	0.833436129657912	-0.154683358143455	0.0839959709065334	-0.448536878338724	-0.184892371747237	-0.358461137036068	1.59229714552922	0.729967274181047	0.795313209703274	-0.496415344820271
GLU985A	-1.12348833943285	-0.947008034577289	-1.1136278988351	-0.874898869157829	-0.587594107713606	-0.564414331341435	-0.637333510914874	-0.717168296846929	-0.769511475401789	-0.780347514890488	-0.598742441125691	-0.467391247019425	-1.0226189878912	-0.86062289524069	-0.833116031371071	-0.496415344820271
GLY983A	-0.682904676910162	-0.014979037453771	-1.22742928995694	-0.725798635826001	-0.246382959079074	0.121774509091757	-0.637333510914874	-0.154683358143455	-0.769511475401789	-0.448536878338724	-0.598742441125691	-0.467391247019425	-1.0226189878912	-0.86062289524069	-0.833116031371071	-0.496415344820271
SER912A	-0.242321014387477	-0.947008034577289	0.0243860123832506	-0.576698402494174	-0.31445606308175	-0.421564800591845	-0.147076964057278	-0.717168296846929	-0.105672350495316	-0.780347514890488	0.109280905180358	-0.135430066739327	0.938568112174117	-0.0653278105298215	0.998866864837567	-0.496415344820271
THR909A	0.198262648135209	0.917049959669747	0.934797141357934	1.51070486415141	-0.445105685049619	-0.394170946064732	-0.637333510914874	-0.154683358143455	-0.485008993299015	0.215084394764804	-0.178715505040096	-0.143588279130234	-0.368889954536096	-0.0653278105298215	-0.426008721102485	-0.496415344820271
GLY779A	0.638846310657894	1.38306445823151	1.1623999236016	2.25620603081054	-0.549963634072375	-0.397876132701742	-0.147076964057278	0.407801580560018	0.368498453009308	0.71280034959245	-0.397222164805212	-0.217177110082383	0.28483907881901	0.729967274181047	0.998866864837567	2.09818219077368
PRO914A	0.198262648135209	-0.014979037453771	0.479591576870592	-0.576698402494174	1.3987875233707	0.324078587698878	-0.147076964057278	-0.717168296846929	0.273664292308383	-0.614442196614606	3.23786389234733	1.04785789682027	0.938568112174117	-0.0653278105298215	0.998866864837567	-0.496415344820271
TRP880A	1.52001363570326	0.451035461107988	1.39000270584528	0.168802764164962	5.65483637362497	2.00388228822207	1.8139492233731	0.407801580560018	1.31684006001855	0.215084394764804	1.3423379215934	1.04785789682027	-0.368889954536096	-0.0653278105298215	-0.426008721102485	-0.496415344820271
VAL774A	0.638846310657894	1.38306445823151	1.04859853247977	2.10710579747871	0.411093293866029	0.707555559532823	0.833436129657912	1.53277145796697	0.842669256513931	1.70823225924774	0.371797740233855	0.0712459426882733	0.28483907881901	0.729967274181047	-0.0189014108338986	0.244898236778
CYS939A	0.638846310657894	0.917049959669747	1.04859853247977	1.36160463081958	-0.351663722412406	-0.448140451456224	1.32369267651551	1.53277145796697	1.5065083814204	2.53775885062715	-0.367109939607899	-0.287106042810162	0.28483907881901	0.729967274181047	0.591759554568981	1.35686860917541
GLN935A	-0.242321014387477	-0.014979037453771	0.0243860123832506	0.168802764164962	-0.299234747901028	-0.234233246055206	0.343179582800317	0.407801580560018	0.273664292308383	0.215084394764804	-0.265963747278464	-0.467391247019425	-0.368889954536096	-0.86062289524069	-0.0189014108338986	-0.867072135619407
ILE938A	-0.682904676910162	-0.48099353601553	-0.317018160982256	0.0197025308331344	-0.587594107713606	-0.462115627179321	-0.637333510914874	-0.154683358143455	-0.200506511196241	0.215084394764804	-0.523075823963212	-0.408324255732118	0.28483907881901	-0.0653278105298215	0.591759554568981	0.615555027577136
SER969A	-0.682904676910162	-0.48099353601553	-0.430819552104091	-0.129397702498693	-0.678499184487366	-0.623133732696325	-1.12759005777247	-0.717168296846929	-1.24368227890641	-0.780347514890488	-0.263647422263286	-0.455306960885136	0.28483907881901	-0.0653278105298215	0.795313209703274	0.615555027577136
ALA972A	1.52001363570326	1.38306445823151	0.593392967992428	0.616103464160443	-0.5495408197618	-0.551749363754807	0.343179582800317	-0.154683358143455	-0.0108381897943914	-0.282631560062842	-0.168678096640992	0.113635075439393	1.59229714552922	2.32055744360278	2.01663514050903	2.09818219077368
LEU815A	0.638846310657894	0.451035461107988	1.1623999236016	0.914303930824097	0.54639387325023	1.04730604048499	0.833436129657912	0.970286519263492	1.03233757791578	1.37642162269598	1.68129348214777	2.19557321655166	2.24602617888433	2.32055744360278	2.01663514050903	0.615555027577136
LYS913A	-1.12348833943285	-1.41302253313905	-0.544620943225927	-1.17309933582148	-0.671311341207581	-0.630748589211167	-1.12759005777247	-1.2796532355504	-0.864345636102714	-1.11215815144225	-0.542378532423028	-0.467391247019425	-0.368889954536096	-0.86062289524069	-0.0189014108338986	-0.867072135619407
TRP905A	2.40118096074864	1.38306445823151	1.39000270584528	0.467003230828616	0.213216196516634	0.18962798283565	1.32369267651551	0.970286519263492	0.653000935112082	-0.614442196614606	0.356355573466002	0.834493458904899	2.24602617888433	2.32055744360278	1.81308148537474	0.244898236778
LEU838A	0.638846310657894	0.451035461107988	1.84520827033262	1.06340416415592	0.614889791563482	0.596291160411693	1.32369267651551	0.970286519263492	1.8858450242241	1.54232694097186	-0.530024799008746	-0.360106303660847	-0.368889954536096	-0.0653278105298215	-0.426008721102485	-0.125758554021135
VAL843A	1.07942997318058	1.84907895679327	1.61760548808895	1.80890533081506	1.18526629653	1.76368220689647	1.32369267651551	2.09525639667044	1.41167422071948	2.04004289579951	4.36359784972379	3.30349934438057	1.59229714552922	2.32055744360278	1.81308148537474	4.3221229355685
VAL897A	1.52001363570326	2.31509345535502	1.73140687921078	2.70350673080602	-0.264986788744402	-0.115668110739384	0.833436129657912	1.53277145796697	1.12717173861671	2.37185353235127	-0.0111679956088935	0.0823386130665284	0.938568112174117	1.52526235889192	0.998866864837567	2.09818219077368
GLN787A	0.638846310657894	-0.014979037453771	0.479591576870592	-0.27849793583052	-0.183383626803305	-0.0663530237042949	0.343179582800317	0.407801580560018	0.178830131607458	0.215084394764804	-0.263647422263286	-0.16229256694404	-0.368889954536096	-0.0653278105298215	-0.629562376236778	-0.496415344820271
ALA955A	-0.242321014387477	0.451035461107988	-0.0894153787385849	0.616103464160443	-0.134337166776532	-0.196077835029401	-0.147076964057278	0.407801580560018	0.178830131607458	1.2105163044201	-0.598742441125691	-0.467391247019425	-1.0226189878912	-0.86062289524069	-0.833116031371071	-0.496415344820271
PHE856A	0.198262648135209	-0.947008034577289	0.251988794626921	-0.725798635826001	5.00327952102793	0.0527172480665402	-0.147076964057278	-0.717168296846929	-0.0108381897943914	-0.448536878338724	3.89801652167303	-0.467391247019425	-0.368889954536096	-0.86062289524069	-0.833116031371071	-0.867072135619407
ASP942A	-0.242321014387477	-0.947008034577289	-0.20321676986042	-1.02399910248966	-0.577869378570367	-0.630748589211167	-1.12759005777247	-1.2796532355504	-0.959179796803639	-1.11215815144225	-0.598742441125691	-0.467391247019425	-1.0226189878912	-0.86062289524069	-0.833116031371071	-0.496415344820271
ILE941A	-0.242321014387477	-0.947008034577289	-0.544620943225927	-0.725798635826001	-0.567721835116552	-0.630748589211167	-1.12759005777247	-1.2796532355504	-1.05401395750456	-1.11215815144225	-0.598742441125691	-0.467391247019425	-1.0226189878912	-0.86062289524069	-0.833116031371071	-0.496415344820271
GLY719A	0.198262648135209	0.917049959669747	-0.317018160982256	0.76520369749227	-0.493729330765817	-0.256261876230537	-0.637333510914874	-0.154683358143455	-0.769511475401789	-0.11672624178696	-0.598742441125691	-0.467391247019425	-0.368889954536096	-0.0653278105298215	-0.426008721102485	-0.125758554021135
VAL717A	0.198262648135209	0.917049959669747	-0.544620943225927	0.317902997496789	-0.652284697231677	-0.555547403440209	-0.637333510914874	-0.154683358143455	-0.864345636102714	-0.614442196614606	-0.420385414956991	-0.240819767588026	0.938568112174117	1.52526235889192	0.388205899434688	0.244898236778
ALA882A	0.638846310657894	1.38306445823151	1.39000270584528	2.10710579747871	1.89009775225958	2.78666271110487	0.833436129657912	1.53277145796697	1.12717173861671	2.37185353235127	3.36371755150533	5.64499112133532	0.938568112174117	1.52526235889192	-0.0189014108338986	0.244898236778
GLN791A	0.198262648135209	-0.014979037453771	0.251988794626921	-0.27849793583052	0.444918438712079	0.22614687601352	0.833436129657912	0.407801580560018	0.653000935112082	0.0491790764889222	0.400365748754382	0.809179034067481	0.28483907881901	-0.0653278105298215	-0.0189014108338986	-0.496415344820271
LYS852A	0.198262648135209	-0.947008034577289	0.479591576870592	-0.874898869157829	-0.614231409279871	-0.610296887108009	-0.147076964057278	-0.717168296846929	-0.0108381897943914	-0.614442196614606	-0.550871724145347	-0.467391247019425	-0.368889954536096	-0.86062289524069	-0.222455065968192	-0.867072135619407
ALA722A	-1.12348833943285	-0.48099353601553	-1.1136278988351	-0.27849793583052	-0.587594107713606	-0.545427268349223	-1.12759005777247	-0.717168296846929	-1.14884811820549	-0.614442196614606	-0.598742441125691	-0.467391247019425	-1.0226189878912	-0.86062289524069	-0.833116031371071	-0.496415344820271
ILE821A	1.07942997318058	-0.014979037453771	1.95900966145445	0.616103464160443	-0.319107020498082	-0.424520747455617	0.343179582800317	-0.154683358143455	0.368498453009308	0.215084394764804	-0.0698482293267339	-0.140120963754912	0.938568112174117	1.52526235889192	2.22018879564333	3.95146614476936
VAL851A	1.07942997318058	1.38306445823151	1.73140687921078	1.95800556414689	2.73657200203199	2.97100261687193	0.833436129657912	0.970286519263492	0.937503417214856	1.54232694097186	3.88489067992036	4.52581511608594	1.59229714552922	2.32055744360278	2.62729610591191	3.95146614476936
MET908A	1.52001363570326	0.451035461107988	1.73140687921078	1.51070486415141	-0.399441739507452	-0.50536064625304	1.32369267651551	0.407801580560018	1.60134254212133	1.2105163044201	-0.187208696762415	-0.268408669009894	0.938568112174117	0.729967274181047	0.998866864837567	1.35686860917541
HIS805A	-1.12348833943285	-0.947008034577289	-1.1136278988351	-1.02399910248966	-0.621419252559657	-0.630748589211167	-1.12759005777247	-1.2796532355504	-0.959179796803639	-1.11215815144225	-0.598742441125691	-0.467391247019425	-1.0226189878912	-0.86062289524069	-0.833116031371071	-0.496415344820271
TYR801A	0.198262648135209	-0.947008034577289	0.479591576870592	-0.725798635826001	-0.552923334246405	-0.624562783228192	-0.147076964057278	-0.717168296846929	0.0839959709065334	-0.614442196614606	-0.32618819767309	-0.457574771906103	0.938568112174117	-0.0653278105298215	1.60952783024045	-0.496415344820271
LEU844A	1.07942997318058	0.917049959669747	1.1623999236016	0.914303930824097	2.23680548693159	3.47669513359638	0.833436129657912	0.970286519263492	0.558166774411157	0.878705667868332	4.17829184850956	4.36863908103472	0.938568112174117	1.52526235889192	0.795313209703274	1.35686860917541
MET793A	0.638846310657894	-0.014979037453771	0.707194359114263	0.0197025308331344	2.21481914278166	1.65680701514862	0.833436129657912	0.407801580560018	0.842669256513931	0.380989713040686	0.942385802306014	1.37633682656792	-0.368889954536096	-0.0653278105298215	-0.629562376236778	-0.496415344820271
ASP837A	0.638846310657894	-0.014979037453771	1.27620131472344	0.0197025308331344	-0.587594107713606	-0.630748589211167	1.32369267651551	0.407801580560018	2.07551334562595	0.215084394764804	-0.598742441125691	-0.467391247019425	-1.0226189878912	-0.86062289524069	-0.833116031371071	-0.496415344820271
HIS835A	2.40118096074864	0.917049959669747	2.18661244369812	1.36160463081958	1.29900334607485	1.74302621416504	2.79446231708829	0.970286519263492	3.21352327403705	1.2105163044201	0.539345249665057	-0.467391247019425	1.59229714552922	-0.0653278105298215	0.998866864837567	-0.867072135619407
THR892A	1.07942997318058	1.38306445823151	0.820995750236099	0.76520369749227	0.281712114829886	0.276445673182711	1.8139492233731	2.09525639667044	1.79101086352318	0.878705667868332	0.65438939208556	0.123631577329961	2.24602617888433	2.32055744360278	2.42374245077762	1.35686860917541
PRO848A	0.638846310657894	0.451035461107988	0.479591576870592	-0.427598169162347	-0.652284697231677	-0.567359661514296	0.833436129657912	0.407801580560018	0.463332613710232	-0.282631560062842	-0.589477141064979	-0.462742336511366	0.28483907881901	-0.0653278105298215	1.40597417510615	-0.496415344820271
MET825A	1.07942997318058	-0.014979037453771	1.50380409696711	0.168802764164962	0.155713450278349	0.243521414263062	0.833436129657912	0.407801580560018	1.31684006001855	0.71280034959245	0.285321606333879	0.61008236557484	0.938568112174117	0.729967274181047	0.998866864837567	0.986211818376272
LEU782A	1.07942997318058	1.38306445823151	0.251988794626921	0.76520369749227	0.155713450278349	0.149305439536534	0.833436129657912	0.970286519263492	0.178830131607458	0.380989713040686	0.109280905180358	-0.240304765691018	0.938568112174117	0.729967274181047	0.388205899434688	0.986211818376272
THR783A	-0.242321014387477	0.451035461107988	-0.317018160982256	0.616103464160443	-0.259490202706918	0.0972888591706171	-0.147076964057278	0.407801580560018	-0.39017483259809	0.380989713040686	0.236678781015143	0.836904356508462	0.28483907881901	0.729967274181047	-0.0189014108338986	0.244898236778
LEU788A	0.638846310657894	0.917049959669747	0.934797141357934	1.06340416415592	-0.106854236589117	0.0296480304713483	0.343179582800317	0.970286519263492	0.463332613710232	0.71280034959245	-0.342402472779335	-0.20111481653516	0.28483907881901	0.729967274181047	0.184652244300395	-0.125758554021135
VAL726A	0.638846310657894	0.917049959669747	0.138187403505086	0.616103464160443	1.87825895156346	2.35349159792783	0.343179582800317	0.407801580560018	-0.105672350495316	0.380989713040686	1.42032086377106	1.78569981184129	0.938568112174117	1.52526235889192	0.795313209703274	0.615555027577136
GLU967A	-0.682904676910162	-0.48099353601553	-0.658422334347762	-0.576698402494174	-0.675539484313337	-0.630748589211167	-1.12759005777247	-1.2796532355504	-1.05401395750456	-1.11215815144225	-0.366337831269507	-0.412434375784864	0.938568112174117	0.729967274181047	0.388205899434688	-0.125758554021135
LYS970A	-1.12348833943285	-0.48099353601553	-1.22742928995694	-1.02399910248966	-0.500494359735027	-0.391762089377073	-1.12759005777247	-0.717168296846929	-1.05401395750456	-0.94625283316637	-0.414980656588243	-0.235451303429923	-0.368889954536096	-0.0653278105298215	-0.426008721102485	-0.125758554021135
MET947A	0.638846310657894	0.451035461107988	1.04859853247977	1.06340416415592	0.420818023009268	-0.589349956640286	0.343179582800317	-0.154683358143455	0.273664292308383	0.0491790764889222	1.45197730564515	-0.401694287322318	0.938568112174117	-0.0653278105298215	0.591759554568981	-0.496415344820271
LEU883A	0.198262648135209	0.451035461107988	-0.0894153787385849	0.168802764164962	0.313846002433634	1.194589283593	0.343179582800317	0.407801580560018	-0.0108381897943914	-0.282631560062842	-0.598742441125691	-0.467391247019425	-0.368889954536096	-0.86062289524069	-0.426008721102485	-0.867072135619407
GLU746A	-0.242321014387477	-0.014979037453771	-0.317018160982256	-0.27849793583052	-0.001573473255785	-0.321651981170779	0.343179582800317	0.407801580560018	-0.105672350495316	-0.11672624178696	0.0444238047553764	-0.467391247019425	-0.368889954536096	-0.86062289524069	-0.833116031371071	-0.867072135619407
VAL742A	1.52001363570326	2.31509345535502	1.39000270584528	2.25620603081054	1.35692890662371	2.08958172105262	0.343179582800317	0.970286519263492	0.653000935112082	1.2105163044201	-0.598742441125691	-0.467391247019425	-1.0226189878912	-0.86062289524069	-0.833116031371071	-0.496415344820271
VAL876A	0.198262648135209	0.451035461107988	-0.20321676986042	-0.576698402494174	-0.179578298008125	0.251870007746515	0.343179582800317	0.970286519263492	-0.200506511196241	-0.282631560062842	1.48208953084247	0.93326753785628	1.59229714552922	1.52526235889192	0.795313209703274	0.244898236778
ARG889A	-1.56407200195553	-1.41302253313905	-1.34123068107877	-1.17309933582148	-0.587594107713606	-0.630748589211167	-1.12759005777247	-1.2796532355504	-0.959179796803639	-1.11215815144225	-0.389501081421286	-0.467391247019425	-0.368889954536096	-0.86062289524069	-0.426008721102485	-0.867072135619407
CYS781A	0.198262648135209	0.917049959669747	0.479591576870592	1.21250439748775	-0.585480036160728	-0.532775249773535	0.343179582800317	0.970286519263492	0.273664292308383	1.04461098614421	-0.46671191526055	-0.390704630298824	-0.368889954536096	-0.0653278105298215	-0.426008721102485	-0.125758554021135
GLU709A	-0.682904676910162	-0.947008034577289	-0.999826507713268	-0.725798635826001	-0.491615259212939	-0.563476527469787	-0.637333510914874	-0.717168296846929	-0.769511475401789	-0.614442196614606	-0.598742441125691	-0.467391247019425	-1.0226189878912	-0.86062289524069	-0.833116031371071	-0.496415344820271
ALA767A	0.638846310657894	0.917049959669747	0.0243860123832506	0.616103464160443	0.535400701175263	1.00018913483725	-0.637333510914874	-0.717168296846929	-0.39017483259809	0.0491790764889222	-0.598742441125691	-0.467391247019425	-1.0226189878912	-0.86062289524069	-0.833116031371071	-0.496415344820271
ARG932A	1.07942997318058	1.38306445823151	0.365790185748757	1.06340416415592	0.45252909630244	0.837956337679975	1.32369267651551	1.53277145796697	1.03233757791578	2.04004289579951	0.48452555763918	0.724251680114877	0.938568112174117	1.52526235889192	-0.0189014108338986	0.615555027577136
ARG948A	-0.682904676910162	-0.48099353601553	-0.0894153787385849	0.0197025308331344	-0.470897357994733	-0.594287408231309	-0.637333510914874	-0.717168296846929	-0.200506511196241	-0.282631560062842	-0.381007889698967	-0.263557882106058	-0.368889954536096	-0.0653278105298215	-0.222455065968192	0.244898236778
GLN820A	0.198262648135209	-0.014979037453771	0.365790185748757	0.317902997496789	1.58017486260764	1.51256464580953	0.343179582800317	0.407801580560018	0.273664292308383	0.215084394764804	0.310801181500836	0.852575190931625	0.938568112174117	0.729967274181047	1.20242051997186	0.244898236778
GLY911A	0.638846310657894	1.38306445823151	0.138187403505086	0.76520369749227	-0.345744322064347	-0.16700567637704	1.32369267651551	2.09525639667044	0.273664292308383	0.878705667868332	0.0220326629419899	0.221526341172904	1.59229714552922	2.32055744360278	0.998866864837567	2.09818219077368
CYS797A	-0.682904676910162	-0.947008034577289	-0.886025116591433	-1.17309933582148	-0.362656894487372	-0.453912461576211	-0.637333510914874	-0.717168296846929	-0.864345636102714	-0.94625283316637	0.181859088989266	-0.186763718312166	0.938568112174117	-0.0653278105298215	-0.0189014108338986	-0.496415344820271
LYS754A	-0.682904676910162	-0.947008034577289	-1.34123068107877	-1.17309933582148	-0.24680577338965	-0.104359518320642	-0.637333510914874	-0.717168296846929	-1.14884811820549	-0.94625283316637	-0.598742441125691	-0.467391247019425	-1.0226189878912	-0.86062289524069	-0.833116031371071	-0.496415344820271
ILE809A	0.198262648135209	-0.014979037453771	0.820995750236099	0.467003230828616	0.192075480987853	0.159741234346044	0.833436129657912	0.407801580560018	0.937503417214856	0.380989713040686	0.210427097509794	-0.247922813173627	0.938568112174117	-0.0653278105298215	2.42374245077762	1.72752539997454
VAL802A	1.52001363570326	2.31509345535502	0.820995750236099	1.65980509748323	-0.132223095223654	-0.18682551899169	0.343179582800317	0.970286519263492	0.368498453009308	1.2105163044201	-0.234307305404366	-0.0141399090102865	0.938568112174117	1.52526235889192	1.81308148537474	3.21015256317109
ARG836A	1.96059729822595	0.917049959669747	1.84520827033262	0.467003230828616	2.28416068971606	1.3973929332341	2.3042057702307	1.53277145796697	3.11868911333612	1.2105163044201	1.3214909964568	0.592198249746761	0.28483907881901	-0.0653278105298215	0.591759554568981	-0.496415344820271
ALA702A	-0.242321014387477	0.451035461107988	-0.544620943225927	-0.129397702498693	-0.446374127981346	-0.216537047124121	0.343179582800317	0.970286519263492	-0.57984315399994	-0.614442196614606	-0.598742441125691	-0.467391247019425	-1.0226189878912	-0.86062289524069	-0.833116031371071	-0.496415344820271
ASP770A	-0.242321014387477	-0.947008034577289	-0.317018160982256	-0.874898869157829	-0.488655559038909	-0.630748589211167	-0.637333510914874	-1.2796532355504	-0.769511475401789	-1.11215815144225	-0.354756206193617	-0.467391247019425	0.28483907881901	-0.0653278105298215	-0.426008721102485	-0.867072135619407
THR725A	0.638846310657894	1.38306445823151	-0.317018160982256	0.467003230828616	-0.679344813108518	-0.604162311413354	-0.147076964057278	0.407801580560018	-0.769511475401789	-0.448536878338724	0.330875998299045	0.83913065263947	-0.368889954536096	-0.0653278105298215	-0.426008721102485	-0.496415344820271
ASP761A	-1.12348833943285	-0.947008034577289	-1.34123068107877	-1.17309933582148	-0.702176785879602	-0.630748589211167	-1.61784660463006	-1.2796532355504	-1.33851643960734	-0.94625283316637	-0.598742441125691	-0.467391247019425	-1.0226189878912	-0.86062289524069	-0.833116031371071	-0.496415344820271
VAL765A	0.198262648135209	-0.014979037453771	-0.317018160982256	-1.02399910248966	-0.702176785879602	-0.630748589211167	-1.12759005777247	-1.2796532355504	-0.864345636102714	-1.11215815144225	-0.598742441125691	-0.467391247019425	-1.0226189878912	-0.86062289524069	-0.833116031371071	-0.496415344820271
PRO936A	1.52001363570326	1.84907895679327	0.820995750236099	1.65980509748323	0.0445132865969585	0.581289808183249	1.8139492233731	2.65774133537391	1.41167422071948	2.20594821407539	0.200389689110689	0.299806306971792	2.24602617888433	2.32055744360278	1.40597417510615	1.35686860917541
SER924A	-0.682904676910162	-0.947008034577289	-1.1136278988351	-1.17309933582148	-0.473857058168762	-0.630748589211167	-0.637333510914874	-1.2796532355504	-0.864345636102714	-1.11215815144225	-0.598742441125691	-0.467391247019425	-1.0226189878912	-0.86062289524069	-0.833116031371071	-0.496415344820271
ALA839A	1.07942997318058	0.451035461107988	1.39000270584528	0.467003230828616	-0.360120008623918	-0.276911487918107	1.8139492233731	0.970286519263492	1.8858450242241	1.2105163044201	-0.598742441125691	-0.467391247019425	-1.0226189878912	-0.86062289524069	-0.833116031371071	-0.496415344820271
LEU777A	1.52001363570326	2.31509345535502	1.1623999236016	1.95800556414689	1.29604364590082	2.21435797114745	1.32369267651551	2.09525639667044	0.842669256513931	1.70823225924774	0.941613693967621	1.73206138418052	0.938568112174117	1.52526235889192	-0.0189014108338986	0.244898236778
MET766A	0.198262648135209	-1.41302253313905	0.593392967992428	-1.17309933582148	-0.101357650551633	-0.630748589211167	-0.147076964057278	-1.2796532355504	0.0839959709065334	-1.11215815144225	0.498423507730247	-0.467391247019425	0.28483907881901	-0.86062289524069	-0.0189014108338986	-0.867072135619407
ARG705A	1.07942997318058	-0.014979037453771	0.820995750236099	-0.129397702498693	-0.588016922024182	-0.630748589211167	1.32369267651551	0.407801580560018	2.07551334562595	0.546895031316568	-0.397994273143605	-0.467391247019425	2.24602617888433	0.729967274181047	1.81308148537474	-0.125758554021135
LEU718A	1.07942997318058	1.38306445823151	0.138187403505086	0.317902997496789	1.04531475972947	1.41252917950005	0.343179582800317	0.970286519263492	-0.0108381897943914	0.215084394764804	1.14081764527292	0.483653504559409	0.938568112174117	0.729967274181047	0.388205899434688	1.35686860917541
LYS716A	-1.12348833943285	-1.41302253313905	-0.886025116591433	-1.17309933582148	-0.702176785879602	-0.630748589211167	-1.61784660463006	-1.2796532355504	-1.33851643960734	-0.94625283316637	-0.581756057681053	-0.467391247019425	-0.368889954536096	-0.86062289524069	-0.426008721102485	-0.867072135619407
TYR764A	-0.242321014387477	-1.41302253313905	-0.0894153787385849	-1.17309933582148	-0.588862550645333	-0.630748589211167	-1.12759005777247	-1.2796532355504	-0.769511475401789	-1.11215815144225	-0.598742441125691	-0.467391247019425	-1.0226189878912	-0.86062289524069	-0.833116031371071	-0.496415344820271
GLU884A	-0.682904676910162	-0.014979037453771	0.0243860123832506	0.76520369749227	-0.587594107713606	-0.562797968366101	-0.147076964057278	0.407801580560018	0.463332613710232	1.37642162269598	-0.389501081421286	-0.359557994522295	0.938568112174117	1.52526235889192	0.591759554568981	1.35686860917541
ILE853A	0.198262648135209	-0.014979037453771	1.1623999236016	1.06340416415592	-0.468360472131279	-0.23657701623499	0.833436129657912	0.407801580560018	1.12717173861671	0.380989713040686	-0.598742441125691	-0.467391247019425	-0.368889954536096	-0.86062289524069	-0.222455065968192	-0.867072135619407
TYR978A	0.198262648135209	-0.947008034577289	0.138187403505086	-1.02399910248966	0.387415692473793	-0.507402103057917	0.343179582800317	-0.717168296846929	-0.105672350495316	-0.94625283316637	-0.598742441125691	-0.467391247019425	-1.0226189878912	-0.86062289524069	-0.833116031371071	-0.496415344820271
SER895A	1.07942997318058	-0.014979037453771	1.1623999236016	0.467003230828616	0.388261321094945	-0.093928163215232	1.32369267651551	-0.154683358143455	1.69617670282225	0.215084394764804	0.539345249665057	0.384508144363981	1.59229714552922	0.729967274181047	1.60952783024045	0.986211818376272
TYR891A	1.07942997318058	-0.48099353601553	1.73140687921078	-0.129397702498693	-0.215517514407053	-0.630748589211167	1.8139492233731	-0.154683358143455	3.0238549526352	0.546895031316568	-0.587160816049801	-0.467391247019425	0.938568112174117	-0.0653278105298215	1.60952783024045	0.244898236778
GLY857A	-0.242321014387477	0.451035461107988	0.138187403505086	0.914303930824097	-0.48569585886488	-0.24182932542601	-0.637333510914874	-0.154683358143455	-0.0108381897943914	0.71280034959245	-0.598742441125691	-0.467391247019425	-1.0226189878912	-0.86062289524069	-0.833116031371071	-0.496415344820271
PHE968A	0.638846310657894	-0.947008034577289	0.820995750236099	-0.874898869157829	-0.185920512666759	-0.541562298188514	0.833436129657912	-0.717168296846929	0.463332613710232	-0.614442196614606	0.34400184005172	-0.325858355641487	2.89975521223944	-0.0653278105298215	3.84861803671767	-0.125758554021135
VAL819A	0.638846310657894	0.917049959669747	0.365790185748757	0.168802764164962	-0.552077705625253	-0.368702628062473	-0.637333510914874	-0.154683358143455	-0.864345636102714	-0.780347514890488	-0.10382099621601	0.293217148788407	2.24602617888433	2.32055744360278	2.01663514050903	0.615555027577136
ASP896A	0.638846310657894	0.451035461107988	1.61760548808895	1.21250439748775	1.78101166013107	2.30896034063834	0.833436129657912	0.970286519263492	1.79101086352318	2.04004289579951	3.93584983025427	4.19773721476925	2.24602617888433	2.32055744360278	2.01663514050903	2.09818219077368
VAL834A	1.96059729822595	2.31509345535502	2.07281105257629	2.40530626414237	0.434348080947688	0.649878746372318	2.3042057702307	2.65774133537391	3.59285991684075	3.53319076028244	2.21482034397708	2.77093326085636	1.59229714552922	2.32055744360278	2.22018879564333	2.83949577237195
ASP855A	0.638846310657894	0.451035461107988	0.593392967992428	0.76520369749227	-0.209598114058994	-0.370764972344281	0.343179582800317	-0.154683358143455	0.842669256513931	0.71280034959245	-0.224269897005261	-0.467391247019425	-0.368889954536096	-0.86062289524069	-0.426008721102485	-0.867072135619407
GLU734A	-1.12348833943285	-0.947008034577289	-1.56883346332245	-1.17309933582148	-0.588439736334758	-0.564888849801279	-1.12759005777247	-0.717168296846929	-1.33851643960734	-0.94625283316637	-0.391045298098071	-0.362876088499026	-0.368889954536096	-0.0653278105298215	-0.833116031371071	-0.496415344820271
LYS708A	-1.12348833943285	-0.947008034577289	-1.22742928995694	-1.17309933582148	-0.588439736334758	-0.492273793546431	-1.12759005777247	-0.717168296846929	-1.33851643960734	-0.94625283316637	-0.391045298098071	-0.247640677860525	-0.368889954536096	-0.0653278105298215	-0.833116031371071	-0.496415344820271
PRO733A	0.638846310657894	0.451035461107988	0.251988794626921	-0.129397702498693	0.090600046449702	0.383463226251895	1.32369267651551	0.970286519263492	1.12717173861671	0.71280034959245	0.219692397570505	0.610248960193554	0.938568112174117	-0.0653278105298215	1.20242051997186	-0.496415344820271
TRP731A	1.52001363570326	0.451035461107988	1.39000270584528	0.168802764164962	1.51632990171072	-0.460576863201332	2.3042057702307	0.970286519263492	2.17034750632688	0.878705667868332	1.86196683333165	-0.267255724343716	1.59229714552922	-0.0653278105298215	1.60952783024045	-0.496415344820271
MET971A	1.07942997318058	0.917049959669747	0.934797141357934	0.317902997496789	0.0593117874671055	0.0352563145240577	0.833436129657912	0.970286519263492	0.273664292308383	0.215084394764804	-0.367109939607899	-0.467391247019425	0.28483907881901	-0.0653278105298215	0.591759554568981	-0.125758554021135
ILE923A	-0.682904676910162	-0.48099353601553	-0.544620943225927	-0.874898869157829	-0.590976622198211	-0.430971701759026	-0.637333510914874	-0.154683358143455	-0.769511475401789	-0.780347514890488	-0.591793466080157	-0.466185798217644	0.28483907881901	-0.0653278105298215	0.184652244300395	-0.125758554021135
TYR915A	-0.242321014387477	-1.41302253313905	-0.317018160982256	-1.17309933582148	1.34382166299587	-0.630748589211167	0.343179582800317	-1.2796532355504	-0.0108381897943914	-1.11215815144225	1.36086852171482	-0.467391247019425	0.28483907881901	-0.86062289524069	0.388205899434688	-0.867072135619407
THR854A	0.638846310657894	0.451035461107988	1.27620131472344	0.168802764164962	2.42115252634257	1.92792844592485	1.32369267651551	0.970286519263492	1.41167422071948	0.215084394764804	1.78861654118434	1.35787437466055	0.28483907881901	-0.0653278105298215	-0.0189014108338986	0.244898236778
LEU933A	0.638846310657894	0.451035461107988	0.707194359114263	0.616103464160443	1.8393600349905	2.94694772086604	0.833436129657912	0.970286519263492	0.747835095813006	0.71280034959245	2.70433703051801	4.5267831387625	1.59229714552922	1.52526235889192	1.81308148537474	0.986211818376272
LEU979A	1.52001363570326	1.84907895679327	1.50380409696711	2.25620603081054	1.76113938753401	2.75306717150078	1.32369267651551	2.09525639667044	1.79101086352318	2.86956948717892	0.587215966645401	0.811378345520376	0.28483907881901	0.729967274181047	0.591759554568981	1.35686860917541
THR785A	-0.242321014387477	-0.48099353601553	-0.658422334347762	-0.874898869157829	-0.383374795705578	-0.313928257097318	-0.637333510914874	-0.717168296846929	-0.57984315399994	-0.614442196614606	-0.00499112890175237	-0.228515399621461	0.28483907881901	-0.0653278105298215	-0.426008721102485	-0.496415344820271
ASP984A	0.198262648135209	-0.014979037453771	-0.317018160982256	-0.427598169162347	0.0922913036920046	-0.128354656261586	0.833436129657912	0.407801580560018	0.368498453009308	-0.11672624178696	0.228957697631217	0.329875520392486	0.938568112174117	0.729967274181047	-0.222455065968192	-0.125758554021135
LEU792A	0.638846310657894	0.917049959669747	0.593392967992428	0.467003230828616	1.23811808535196	0.556041472822605	1.32369267651551	1.53277145796697	0.273664292308383	0.380989713040686	1.22574956249611	0.0949564877496604	0.28483907881901	-0.0653278105298215	-0.629562376236778	-0.496415344820271
ASN771A	0.198262648135209	-0.48099353601553	0.0243860123832506	-0.576698402494174	-0.371958809320036	-0.254932625533157	0.343179582800317	-0.154683358143455	-0.105672350495316	-0.614442196614606	-0.598742441125691	-0.467391247019425	-0.368889954536096	-0.86062289524069	-0.629562376236778	-0.867072135619407
ALA822A	1.07942997318058	1.84907895679327	1.1623999236016	1.51070486415141	0.0521239441873198	0.332428222294469	-0.147076964057278	0.407801580560018	-0.200506511196241	0.546895031316568	0.0513727798009102	0.399394385834425	0.938568112174117	1.52526235889192	1.20242051997186	2.09818219077368
GLU906A	1.07942997318058	0.451035461107988	1.1623999236016	0.317902997496789	0.527790043584902	0.472602585641925	0.343179582800317	0.407801580560018	0.842669256513931	0.546895031316568	-0.598742441125691	-0.467391247019425	-1.0226189878912	-0.86062289524069	-0.833116031371071	-0.496415344820271
THR903A	1.52001363570326	0.917049959669747	0.934797141357934	1.06340416415592	-0.587594107713606	-0.424894838262383	-0.147076964057278	0.407801580560018	0.178830131607458	0.71280034959245	-0.598742441125691	-0.467391247019425	-1.0226189878912	-0.86062289524069	-0.833116031371071	-0.496415344820271
PHE961A	0.638846310657894	-0.014979037453771	1.04859853247977	0.616103464160443	0.061003044709408	0.198628996612239	0.343179582800317	0.407801580560018	0.273664292308383	0.878705667868332	0.290726364702628	0.371555912547233	0.28483907881901	0.729967274181047	0.591759554568981	1.72752539997454
GLN894A	0.638846310657894	0.917049959669747	0.820995750236099	1.36160463081958	1.29266113141621	1.55988553214011	0.833436129657912	0.970286519263492	1.22200589931763	1.54232694097186	1.14158975361131	1.09237533612643	0.28483907881901	-0.0653278105298215	0.184652244300395	-0.496415344820271
ALA763A	1.52001363570326	1.84907895679327	0.820995750236099	1.51070486415141	0.514259985646482	0.194825446832155	-0.147076964057278	0.407801580560018	0.558166774411157	1.70823225924774	-0.155552254888317	-0.261973518664719	-0.368889954536096	-0.0653278105298215	-0.426008721102485	0.244898236778
ILE759A	-0.242321014387477	-0.947008034577289	0.479591576870592	-0.27849793583052	-0.587594107713606	-0.611263701054913	-0.147076964057278	-0.717168296846929	0.273664292308383	-0.282631560062842	-0.543150640761421	-0.436469986281832	-0.368889954536096	-0.0653278105298215	-0.222455065968192	0.615555027577136
GLU711A	0.198262648135209	0.451035461107988	0.251988794626921	0.914303930824097	-0.3482812079278	0.00504325412511586	-0.147076964057278	0.407801580560018	0.747835095813006	1.37642162269598	0.047512238108947	0.541569400071926	0.28483907881901	0.729967274181047	0.388205899434688	-0.125758554021135
GLN849A	-0.242321014387477	-0.014979037453771	-0.430819552104091	-0.27849793583052	-0.165202611448553	-0.466968986057335	-0.147076964057278	-0.154683358143455	-0.57984315399994	-0.448536878338724	0.154835297145524	-0.342276188881593	0.28483907881901	-0.0653278105298215	-0.0189014108338986	-0.496415344820271
TYR813A	-0.682904676910162	-0.947008034577289	-0.20321676986042	-0.874898869157829	-0.623533324112535	-0.568302182936281	-0.637333510914874	-0.717168296846929	-0.485008993299015	-0.780347514890488	-0.389501081421286	-0.368292828025846	0.28483907881901	-0.0653278105298215	1.20242051997186	-0.496415344820271
LYS757A	-1.56407200195553	-0.947008034577289	-1.68263485444428	-1.17309933582148	-0.702176785879602	-0.630748589211167	-1.61784660463006	-1.2796532355504	-1.33851643960734	-0.94625283316637	-0.598742441125691	-0.467391247019425	-1.0226189878912	-0.86062289524069	-0.833116031371071	-0.496415344820271
MET945A	-1.12348833943285	-0.48099353601553	-1.1136278988351	-0.874898869157829	-0.702176785879602	-0.630748589211167	-1.61784660463006	-1.2796532355504	-1.33851643960734	-0.94625283316637	-0.598742441125691	-0.467391247019425	-1.0226189878912	-0.86062289524069	-0.833116031371071	-0.496415344820271
LEU778A	1.07942997318058	0.917049959669747	1.27620131472344	1.51070486415141	-0.531782618717623	-0.405524835866833	0.833436129657912	0.970286519263492	0.842669256513931	0.71280034959245	-0.364793614592722	-0.143125519340126	0.28483907881901	0.729967274181047	-0.0189014108338986	-0.125758554021135
LYS714A	-0.242321014387477	-0.48099353601553	0.0243860123832506	-0.725798635826001	0.206451167547424	0.382637231988785	0.343179582800317	-0.154683358143455	0.0839959709065334	-0.614442196614606	-0.598742441125691	-0.467391247019425	-1.0226189878912	-0.86062289524069	-0.833116031371071	-0.496415344820271
ALA864A	-0.682904676910162	-0.48099353601553	-1.1136278988351	-0.576698402494174	-0.66074098344319	-0.630748589211167	-1.12759005777247	-1.2796532355504	-0.959179796803639	-1.11215815144225	-0.523075823963212	-0.467391247019425	-0.368889954536096	-0.86062289524069	-0.222455065968192	-0.867072135619407
ARG832A	0.198262648135209	0.451035461107988	-0.544620943225927	0.0197025308331344	-0.311073548597145	-0.323004367769065	0.833436129657912	0.970286519263492	0.0839959709065334	0.0491790764889222	-0.222725680328476	0.0209789830475504	1.59229714552922	2.32055744360278	0.184652244300395	-0.125758554021135
LYS875A	-0.682904676910162	-1.41302253313905	-0.430819552104091	-1.17309933582148	-0.248919844942528	-0.630748589211167	-0.637333510914874	-1.2796532355504	-0.200506511196241	-1.11215815144225	0.629681925256996	-0.467391247019425	0.28483907881901	-0.86062289524069	-0.0189014108338986	-0.867072135619407
GLY917A	-1.12348833943285	-0.48099353601553	-1.34123068107877	-0.874898869157829	-0.473857058168762	-0.220560303187759	-1.12759005777247	-0.717168296846929	-0.959179796803639	-0.780347514890488	-0.598742441125691	-0.467391247019425	-1.0226189878912	-0.86062289524069	-0.833116031371071	-0.496415344820271
ASP954A	-0.682904676910162	-0.48099353601553	-1.22742928995694	-0.725798635826001	-0.359274380002767	-0.287896645056993	-0.147076964057278	-0.154683358143455	-0.864345636102714	-0.614442196614606	-0.598742441125691	-0.467391247019425	-1.0226189878912	-0.86062289524069	-0.833116031371071	-0.496415344820271
PRO772A	-0.682904676910162	-0.48099353601553	-0.544620943225927	-0.576698402494174	-0.556728663041585	-0.416349185777718	-0.637333510914874	-0.717168296846929	-0.57984315399994	-0.780347514890488	-0.598742441125691	-0.467391247019425	-0.368889954536096	-0.86062289524069	-0.222455065968192	-0.867072135619407
VAL943A	1.07942997318058	1.84907895679327	1.27620131472344	1.65980509748323	0.231820026181962	0.78874110646133	0.343179582800317	0.970286519263492	0.558166774411157	1.54232694097186	-0.598742441125691	-0.467391247019425	-1.0226189878912	-0.86062289524069	-0.833116031371071	-0.496415344820271
THR710A	-1.12348833943285	-0.48099353601553	-1.1136278988351	-0.427598169162347	-0.702176785879602	-0.630748589211167	-1.61784660463006	-1.2796532355504	-1.33851643960734	-0.94625283316637	-0.598742441125691	-0.467391247019425	-1.0226189878912	-0.86062289524069	-0.833116031371071	-0.496415344820271
ARG776A	-0.242321014387477	-0.48099353601553	-0.317018160982256	-0.129397702498693	0.233511283424265	-0.559570659503846	0.343179582800317	-0.154683358143455	0.178830131607458	0.215084394764804	0.91767833547745	-0.426405987758845	0.938568112174117	-0.0653278105298215	-0.0189014108338986	-0.125758554021135
LYS846A	-0.242321014387477	-0.947008034577289	0.138187403505086	-0.725798635826001	-0.355046236897011	-0.359568555673469	-0.637333510914874	-0.717168296846929	-0.769511475401789	-0.780347514890488	-0.598742441125691	-0.467391247019425	-1.0226189878912	-0.86062289524069	-0.833116031371071	-0.496415344820271
THR847A	0.198262648135209	0.451035461107988	0.251988794626921	0.168802764164962	-0.547849562519497	-0.479398103878581	-0.147076964057278	0.407801580560018	-0.200506511196241	0.0491790764889222	-0.598742441125691	-0.467391247019425	-1.0226189878912	-0.86062289524069	-0.833116031371071	-0.496415344820271
PRO934A	-0.242321014387477	-0.48099353601553	0.593392967992428	0.0197025308331344	-0.689069542251757	-0.630748589211167	-0.147076964057278	-0.717168296846929	0.0839959709065334	-0.448536878338724	-0.574807082635519	-0.467391247019425	0.938568112174117	-0.0653278105298215	1.81308148537474	0.615555027577136
VAL786A	1.07942997318058	1.84907895679327	0.707194359114263	1.21250439748775	-0.484850230243729	-0.449188471893467	0.833436129657912	1.53277145796697	0.368498453009308	0.71280034959245	-0.218865138636513	-0.205786925020027	1.59229714552922	2.32055744360278	0.998866864837567	1.72752539997454
ALA840A	0.198262648135209	0.451035461107988	0.479591576870592	0.168802764164962	0.480434840800432	0.719793671281103	0.343179582800317	0.407801580560018	0.178830131607458	0.546895031316568	0.436654840658836	0.788431578620688	-0.368889954536096	-0.0653278105298215	-0.426008721102485	0.244898236778
GLN982A	-1.56407200195553	-1.41302253313905	-1.56883346332245	-1.17309933582148	-0.702176785879602	-0.630748589211167	-1.61784660463006	-1.2796532355504	-1.33851643960734	-0.94625283316637	-0.598742441125691	-0.467391247019425	-1.0226189878912	-0.86062289524069	-0.833116031371071	-0.496415344820271
ASP956A	-1.12348833943285	-1.41302253313905	-1.22742928995694	-1.17309933582148	-0.587594107713606	-0.630748589211167	-1.12759005777247	-1.2796532355504	-1.14884811820549	-1.11215815144225	-0.598742441125691	-0.467391247019425	-1.0226189878912	-0.86062289524069	-0.833116031371071	-0.496415344820271
TYR869A	-0.242321014387477	-0.947008034577289	0.251988794626921	-1.17309933582148	0.0398623291806266	-0.630748589211167	0.343179582800317	-0.717168296846929	0.842669256513931	-1.11215815144225	0.147114213761597	-0.467391247019425	0.938568112174117	-0.0653278105298215	0.388205899434688	-0.867072135619407
LEU760A	0.198262648135209	-0.014979037453771	0.365790185748757	0.168802764164962	-0.209598114058994	-0.309371109192308	0.343179582800317	0.407801580560018	0.747835095813006	0.546895031316568	-0.598742441125691	-0.467391247019425	-1.0226189878912	-0.86062289524069	-0.833116031371071	-0.496415344820271
ASP916A	-1.56407200195553	-0.947008034577289	-1.68263485444428	-1.02399910248966	-0.702176785879602	-0.630748589211167	-1.61784660463006	-1.2796532355504	-1.33851643960734	-0.94625283316637	-0.598742441125691	-0.467391247019425	-1.0226189878912	-0.86062289524069	-0.833116031371071	-0.496415344820271
LYS879A	-0.242321014387477	-0.48099353601553	-0.0894153787385849	-0.874898869157829	-0.701753971569026	-0.630748589211167	-0.147076964057278	-0.154683358143455	-0.39017483259809	-0.780347514890488	-0.597970332787298	-0.467391247019425	0.938568112174117	0.729967274181047	0.184652244300395	-0.496415344820271
TYR727A	0.198262648135209	-0.947008034577289	-0.0894153787385849	-0.427598169162347	-0.19353117025712	-0.630748589211167	-0.147076964057278	-1.2796532355504	-0.485008993299015	-1.11215815144225	0.392644665370456	-0.322552789333056	0.938568112174117	-0.0653278105298215	0.388205899434688	-0.496415344820271
ILE946A	0.198262648135209	-0.014979037453771	0.0243860123832506	-0.27849793583052	-0.431998441421775	-0.487106055672204	0.343179582800317	0.407801580560018	0.0839959709065334	-0.282631560062842	-0.135477438090108	-0.323232772375081	1.59229714552922	0.729967274181047	2.01663514050903	0.244898236778
LEU861A	-0.242321014387477	0.451035461107988	0.0243860123832506	0.76520369749227	-0.258644574085767	-0.19195456427931	0.343179582800317	0.970286519263492	0.558166774411157	1.2105163044201	-0.598742441125691	-0.467391247019425	-0.368889954536096	-0.0653278105298215	-0.426008721102485	-0.496415344820271
PRO794A	-0.242321014387477	0.451035461107988	-0.0894153787385849	0.317902997496789	-0.350818093791254	0.000485606502633547	-0.637333510914874	-0.154683358143455	-0.674677314700864	-0.11672624178696	-0.315378680935593	-0.0249915367655115	-0.368889954536096	-0.0653278105298215	-0.629562376236778	-0.496415344820271
GLU922A	-1.12348833943285	-0.947008034577289	-1.56883346332245	-1.02399910248966	-0.477239572653367	-0.572768080233572	-1.12759005777247	-0.717168296846929	-1.14884811820549	-0.780347514890488	-0.598742441125691	-0.467391247019425	-1.0226189878912	-0.86062289524069	-0.833116031371071	-0.496415344820271
PRO919A	-0.682904676910162	-0.48099353601553	-1.1136278988351	-0.874898869157829	0.050855501255593	0.488663204285836	-0.147076964057278	-0.154683358143455	-0.674677314700864	-0.614442196614606	-0.598742441125691	-0.467391247019425	-1.0226189878912	-0.86062289524069	-0.833116031371071	-0.496415344820271
LYS739A	-1.12348833943285	-1.41302253313905	-0.999826507713268	-1.17309933582148	-0.593090693751089	-0.630748589211167	-1.12759005777247	-1.2796532355504	-1.05401395750456	-1.11215815144225	-0.588705032726586	-0.467391247019425	-0.368889954536096	-0.86062289524069	-0.629562376236778	-0.867072135619407
LEU747A	-1.12348833943285	-0.48099353601553	-0.886025116591433	-0.129397702498693	-0.593090693751089	-0.502883357929313	-1.12759005777247	-0.717168296846929	-0.959179796803639	-0.282631560062842	-0.13007267972136	0.156224259597737	0.28483907881901	0.729967274181047	0.388205899434688	0.986211818376272
TYR944A	1.07942997318058	-0.014979037453771	0.707194359114263	-0.27849793583052	-0.634949310498077	-0.528201517705315	-0.147076964057278	-0.154683358143455	-0.0108381897943914	-0.282631560062842	-0.258242663894538	-0.16855246158979	1.59229714552922	1.52526235889192	1.60952783024045	0.986211818376272
SER784A	-1.56407200195553	-0.947008034577289	-1.45503207220061	-1.02399910248966	-0.702176785879602	-0.630748589211167	-1.61784660463006	-1.2796532355504	-1.33851643960734	-0.94625283316637	-0.389501081421286	-0.379590469134527	-0.368889954536096	-0.0653278105298215	-0.629562376236778	-0.496415344820271
MET881A	1.07942997318058	0.917049959669747	1.73140687921078	0.914303930824097	2.80253103448178	4.8539151128175	1.32369267651551	1.53277145796697	1.98067918492503	1.54232694097186	3.22319383391787	-0.467391247019425	-0.368889954536096	-0.86062289524069	-0.426008721102485	-0.867072135619407
GLU866A	-0.682904676910162	-0.48099353601553	-0.772223725469597	-0.129397702498693	-0.702176785879602	-0.630748589211167	-0.637333510914874	-0.717168296846929	-0.295340671897166	-0.448536878338724	-0.598742441125691	-0.467391247019425	-0.368889954536096	-0.86062289524069	-0.222455065968192	-0.867072135619407
GLN976A	-0.682904676910162	-0.014979037453771	-0.317018160982256	0.0197025308331344	-0.675539484313337	-0.600698008422813	-0.637333510914874	-0.154683358143455	-0.39017483259809	-0.11672624178696	-0.561681240882844	-0.424210294187866	-0.368889954536096	-0.0653278105298215	-0.426008721102485	-0.125758554021135
SER811A	1.07942997318058	0.451035461107988	0.593392967992428	0.168802764164962	0.419549580077541	-0.280528680061694	1.32369267651551	0.407801580560018	1.41167422071948	0.380989713040686	0.19189649738837	-0.0155978517528264	-0.368889954536096	-0.0653278105298215	-0.426008721102485	-0.125758554021135
GLY930A	-0.242321014387477	0.451035461107988	-0.544620943225927	0.168802764164962	-0.359274380002767	-0.28851086126682	0.343179582800317	0.970286519263492	0.0839959709065334	0.546895031316568	-0.184892371747237	-0.255780467438781	-0.368889954536096	-0.0653278105298215	-0.426008721102485	0.244898236778
ILE744A	1.07942997318058	0.451035461107988	0.593392967992428	0.168802764164962	-0.48950118766006	-0.251324424639514	0.833436129657912	0.970286519263492	0.368498453009308	0.380989713040686	-0.581756057681053	-0.440871373380226	-0.368889954536096	-0.0653278105298215	-0.629562376236778	-0.496415344820271
PHE712A	-0.242321014387477	-0.48099353601553	0.593392967992428	-0.27849793583052	-0.393099524848817	-0.381656802793926	0.343179582800317	-0.154683358143455	0.653000935112082	0.0491790764889222	-0.246661038818648	-0.249325147121517	0.28483907881901	-0.0653278105298215	-0.629562376236778	-0.496415344820271
ASP974A	-0.682904676910162	-0.947008034577289	-0.886025116591433	-1.17309933582148	-0.563916506321371	-0.630748589211167	-0.147076964057278	-0.717168296846929	-0.485008993299015	-1.11215815144225	-0.598742441125691	-0.467391247019425	-1.0226189878912	-0.86062289524069	-0.833116031371071	-0.496415344820271
PHE910A	-1.12348833943285	-1.41302253313905	-0.658422334347762	-1.17309933582148	-0.587594107713606	-0.630748589211167	-0.637333510914874	-1.2796532355504	-0.485008993299015	-1.11215815144225	-0.419613306618599	-0.467391247019425	-0.368889954536096	-0.86062289524069	-0.426008721102485	-0.867072135619407
ILE715A	-1.12348833943285	-0.48099353601553	-0.886025116591433	-0.27849793583052	-0.587594107713606	-0.539083808939022	-0.637333510914874	-0.154683358143455	-0.674677314700864	0.0491790764889222	-0.598742441125691	-0.467391247019425	-1.0226189878912	-0.86062289524069	-0.833116031371071	-0.496415344820271
LEU730A	-0.242321014387477	-0.48099353601553	-0.430819552104091	-0.725798635826001	-0.69456612828924	-0.628767933500108	-0.147076964057278	-0.154683358143455	-0.57984315399994	-0.614442196614606	-0.587932924388194	-0.467391247019425	-0.368889954536096	-0.86062289524069	-0.629562376236778	-0.867072135619407
LYS929A	-1.56407200195553	-1.41302253313905	-1.45503207220061	-1.17309933582148	-0.587594107713606	-0.630748589211167	-1.12759005777247	-1.2796532355504	-1.05401395750456	-1.11215815144225	-0.598742441125691	-0.467391247019425	-1.0226189878912	-0.86062289524069	-0.833116031371071	-0.496415344820271
ALA743A	-0.682904676910162	-0.014979037453771	0.0243860123832506	0.76520369749227	-0.0151035311942051	0.178334901591566	-1.12759005777247	-0.717168296846929	-0.864345636102714	-0.282631560062842	-0.598742441125691	-0.467391247019425	-1.0226189878912	-0.86062289524069	-0.833116031371071	-0.496415344820271
LEU703A	-1.12348833943285	-0.947008034577289	-0.772223725469597	-0.129397702498693	-0.671734155518156	-0.630748589211167	-1.12759005777247	-1.2796532355504	-1.05401395750456	-1.11215815144225	-0.598742441125691	-0.467391247019425	-1.0226189878912	-0.86062289524069	-0.833116031371071	-0.496415344820271
CYS775A	0.638846310657894	0.451035461107988	0.934797141357934	0.467003230828616	-0.592667879440514	-0.492120140693997	0.833436129657912	0.970286519263492	0.842669256513931	0.878705667868332	-0.498368357134648	-0.327559186012739	0.28483907881901	-0.0653278105298215	-0.222455065968192	-0.496415344820271
ARG973A	-0.682904676910162	-1.41302253313905	-0.430819552104091	-1.17309933582148	-0.587594107713606	-0.630748589211167	-0.637333510914874	-1.2796532355504	-0.57984315399994	-1.11215815144225	-0.598742441125691	-0.467391247019425	-1.0226189878912	-0.86062289524069	-0.833116031371071	-0.496415344820271
GLY901A	1.96059729822595	2.78110795391678	2.41421522594179	4.04540883079247	-0.202410270779209	-0.187104939275074	-0.147076964057278	0.407801580560018	-0.105672350495316	0.71280034959245	0.313889614854407	0.236642610616485	1.59229714552922	2.32055744360278	1.20242051997186	1.72752539997454
GLU736A	-0.242321014387477	-0.48099353601553	-0.317018160982256	-0.576698402494174	-0.359274380002767	-0.429027800580659	0.343179582800317	-0.154683358143455	0.0839959709065334	0.0491790764889222	-0.598742441125691	-0.467391247019425	-0.368889954536096	-0.0653278105298215	-0.0189014108338986	-0.125758554021135
ALA920A	-0.682904676910162	-0.014979037453771	-1.34123068107877	-0.576698402494174	-0.574909678396337	-0.402106600149971	-0.637333510914874	-0.154683358143455	-0.864345636102714	-0.448536878338724	-0.544694857438206	-0.383009830894701	-0.368889954536096	-0.0653278105298215	-0.426008721102485	-0.125758554021135
SER921A	-1.12348833943285	-0.947008034577289	-1.56883346332245	-1.02399910248966	-0.702176785879602	-0.630748589211167	-1.61784660463006	-1.2796532355504	-1.33851643960734	-0.94625283316637	-0.598742441125691	-0.467391247019425	-1.0226189878912	-0.86062289524069	-0.833116031371071	-0.496415344820271
ILE732A	-0.682904676910162	-0.48099353601553	-0.317018160982256	-0.27849793583052	-0.577446564259791	-0.413500719206177	-0.147076964057278	-0.154683358143455	0.178830131607458	-0.11672624178696	-0.377919456345396	-0.122632889709836	0.28483907881901	0.729967274181047	-0.0189014108338986	-0.496415344820271
LEU828A	-0.242321014387477	-0.014979037453771	0.820995750236099	0.467003230828616	-0.5668762064954	-0.495538376410858	-0.637333510914874	-0.154683358143455	-0.105672350495316	0.215084394764804	-0.570946540943556	-0.423995090155281	-0.368889954536096	-0.0653278105298215	-0.222455065968192	-0.496415344820271
MET790A	-0.682904676910162	-0.48099353601553	-0.317018160982256	0.0197025308331344	-0.0142579025730539	0.521273923276495	-0.147076964057278	-0.154683358143455	-0.0108381897943914	0.215084394764804	0.047512238108947	0.541569400071926	-0.368889954536096	-0.0653278105298215	-0.426008721102485	-0.496415344820271
GLU928A	-1.12348833943285	-0.947008034577289	-1.1136278988351	-0.874898869157829	-0.587594107713606	-0.630748589211167	-0.637333510914874	-0.717168296846929	-0.864345636102714	-0.780347514890488	-0.598742441125691	-0.467391247019425	-1.0226189878912	-0.86062289524069	-0.833116031371071	-0.496415344820271
SER899A	-0.682904676910162	-0.48099353601553	0.138187403505086	0.0197025308331344	-0.587594107713606	-0.424894838262383	-0.637333510914874	-0.154683358143455	-0.200506511196241	0.215084394764804	-0.598742441125691	-0.467391247019425	-1.0226189878912	-0.86062289524069	-0.833116031371071	-0.496415344820271
GLU762A	-1.12348833943285	-0.947008034577289	-0.772223725469597	-1.17309933582148	-0.360965637245069	-0.544134054877821	-1.12759005777247	-0.717168296846929	-1.24368227890641	-0.94625283316637	-0.598742441125691	-0.467391247019425	-1.0226189878912	-0.86062289524069	-0.833116031371071	-0.496415344820271
LYS960A	-0.682904676910162	-0.48099353601553	-0.999826507713268	-0.27849793583052	1.01656338661033	1.00581621691875	-0.147076964057278	-0.154683358143455	-0.485008993299015	0.0491790764889222	0.953967427381904	0.396999710217883	-0.368889954536096	-0.0653278105298215	-0.629562376236778	-0.496415344820271
GLU963A	-1.12348833943285	-0.48099353601553	-0.999826507713268	-0.27849793583052	-0.587594107713606	-0.424894838262383	-0.637333510914874	-0.154683358143455	-0.57984315399994	-0.282631560062842	-0.541606424084636	-0.378188035687574	-0.368889954536096	-0.0653278105298215	-0.629562376236778	-0.496415344820271
ARG977A	-1.12348833943285	-0.947008034577289	-1.22742928995694	-1.02399910248966	-0.587594107713606	-0.608719959035836	-0.637333510914874	-0.717168296846929	-0.769511475401789	-0.94625283316637	-0.598742441125691	-0.467391247019425	-1.0226189878912	-0.86062289524069	-0.833116031371071	-0.496415344820271
GLU758A	-1.12348833943285	-0.48099353601553	-1.34123068107877	-0.725798635826001	-0.587594107713606	-0.424894838262383	-0.637333510914874	-0.154683358143455	-1.05401395750456	-0.780347514890488	-0.598742441125691	-0.467391247019425	-1.0226189878912	-0.86062289524069	-0.833116031371071	-0.496415344820271
GLU872A	-1.56407200195553	-1.41302253313905	-1.68263485444428	-1.17309933582148	-0.702176785879602	-0.630748589211167	-1.61784660463006	-1.2796532355504	-1.33851643960734	-0.94625283316637	-0.598742441125691	-0.467391247019425	-1.0226189878912	-0.86062289524069	-0.833116031371071	-0.496415344820271
GLY735A	-1.12348833943285	-0.48099353601553	-1.34123068107877	-0.725798635826001	-0.586748479092455	-0.423375622388222	-1.12759005777247	-0.717168296846929	-1.05401395750456	-0.780347514890488	-0.598742441125691	-0.467391247019425	-1.0226189878912	-0.86062289524069	-0.833116031371071	-0.496415344820271
VAL738A	-0.242321014387477	0.451035461107988	-0.772223725469597	-0.427598169162347	-0.582943150297274	-0.542453913441544	-0.147076964057278	0.407801580560018	-0.295340671897166	0.0491790764889222	-0.587160816049801	-0.449309514992699	0.28483907881901	0.729967274181047	-0.629562376236778	-0.867072135619407
MET952A	-1.12348833943285	-0.947008034577289	-0.658422334347762	-1.02399910248966	-0.360965637245069	-0.426414054136543	-0.637333510914874	-0.717168296846929	-0.39017483259809	-0.94625283316637	-0.598742441125691	-0.467391247019425	-1.0226189878912	-0.86062289524069	-0.833116031371071	-0.496415344820271
PHE795A	-0.242321014387477	-0.947008034577289	-0.317018160982256	-0.725798635826001	-0.59689602254627	-0.621375447467006	-0.147076964057278	-0.717168296846929	-0.200506511196241	-0.614442196614606	-0.598742441125691	-0.467391247019425	-1.0226189878912	-0.86062289524069	-0.833116031371071	-0.496415344820271
ILE890A	-1.12348833943285	-0.947008034577289	-1.56883346332245	-1.02399910248966	-0.580829078744396	-0.615556430469559	-0.637333510914874	-0.717168296846929	-1.14884811820549	-1.11215815144225	-0.377147348007004	-0.44328227098379	0.28483907881901	-0.0653278105298215	-0.426008721102485	-0.867072135619407
SER925A	-1.56407200195553	-1.41302253313905	-1.56883346332245	-1.17309933582148	-0.702176785879602	-0.630748589211167	-1.61784660463006	-1.2796532355504	-1.33851643960734	-0.94625283316637	-0.598742441125691	-0.467391247019425	-1.0226189878912	-0.86062289524069	-0.833116031371071	-0.496415344820271
PRO937A	-1.12348833943285	-0.48099353601553	-0.886025116591433	0.0197025308331344	-0.702176785879602	-0.630748589211167	-1.61784660463006	-1.2796532355504	-1.33851643960734	-0.94625283316637	-0.389501081421286	-0.140714621736563	0.28483907881901	0.729967274181047	0.388205899434688	0.986211818376272
ILE706A	-0.242321014387477	-0.014979037453771	0.251988794626921	0.168802764164962	-0.588016922024182	-0.560105051062691	-0.147076964057278	-0.154683358143455	0.558166774411157	0.0491790764889222	-0.527708473993568	-0.466185798217644	0.28483907881901	-0.0653278105298215	1.20242051997186	-0.125758554021135
LYS713A	-1.12348833943285	-1.41302253313905	-0.544620943225927	-1.17309933582148	-0.587594107713606	-0.630748589211167	-0.637333510914874	-1.2796532355504	-0.485008993299015	-1.11215815144225	-0.598742441125691	-0.467391247019425	-1.0226189878912	-0.86062289524069	-0.833116031371071	-0.496415344820271
LYS745A	-0.242321014387477	-0.947008034577289	-0.0894153787385849	-0.576698402494174	-0.0704922058796125	-0.26233873972718	-0.147076964057278	-0.717168296846929	-0.295340671897166	-0.780347514890488	0.424301107244554	0.117251421844739	0.938568112174117	-0.0653278105298215	0.184652244300395	-0.867072135619407
LYS949A	-1.56407200195553	-1.41302253313905	-1.1136278988351	-1.17309933582148	-0.587594107713606	-0.630748589211167	-1.12759005777247	-1.2796532355504	-0.864345636102714	-1.11215815144225	-0.598742441125691	-0.467391247019425	-1.0226189878912	-0.86062289524069	-0.833116031371071	-0.496415344820271
ASN826A	-0.682904676910162	-0.947008034577289	-0.430819552104091	-1.17309933582148	-0.359274380002767	-0.527821713736775	-0.637333510914874	-0.717168296846929	-1.05401395750456	-0.94625283316637	-0.598742441125691	-0.467391247019425	-1.0226189878912	-0.86062289524069	-0.833116031371071	-0.496415344820271
ILE953A	-1.12348833943285	-1.41302253313905	-0.20321676986042	-1.17309933582148	-0.587594107713606	-0.630748589211167	-0.637333510914874	-1.2796532355504	-0.0108381897943914	-1.11215815144225	-0.598742441125691	-0.467391247019425	-1.0226189878912	-0.86062289524069	-0.833116031371071	-0.496415344820271
ASP800A	-1.56407200195553	-0.947008034577289	-1.56883346332245	-1.17309933582148	-0.587594107713606	-0.601730965897339	-1.12759005777247	-0.717168296846929	-1.24368227890641	-0.94625283316637	-0.389501081421286	-0.421342150443822	-0.368889954536096	-0.0653278105298215	-0.426008721102485	-0.496415344820271
LYS806A	-1.56407200195553	-0.947008034577289	-1.45503207220061	-0.874898869157829	-0.587594107713606	-0.424894838262383	-1.12759005777247	-0.717168296846929	-1.24368227890641	-0.94625283316637	-0.598742441125691	-0.467391247019425	-1.0226189878912	-0.86062289524069	-0.833116031371071	-0.496415344820271
ARG962A	-1.56407200195553	-0.947008034577289	-1.56883346332245	-1.17309933582148	-0.587594107713606	-0.527821713736775	-1.12759005777247	-0.717168296846929	-1.24368227890641	-0.94625283316637	-0.598742441125691	-0.467391247019425	-1.0226189878912	-0.86062289524069	-0.833116031371071	-0.496415344820271
SER885A	-1.12348833943285	-0.48099353601553	-0.999826507713268	-0.576698402494174	-0.369421923456582	-0.0329371427289034	-0.637333510914874	-0.154683358143455	-0.674677314700864	-0.614442196614606	0.00890682118931511	0.481296959982837	0.28483907881901	0.729967274181047	0.184652244300395	0.244898236778
GLU865A	-1.12348833943285	-1.41302253313905	-1.22742928995694	-1.17309933582148	-0.702176785879602	-0.630748589211167	-1.61784660463006	-1.2796532355504	-1.33851643960734	-0.94625283316637	-0.598742441125691	-0.467391247019425	-1.0226189878912	-0.86062289524069	-0.833116031371071	-0.496415344820271
SER957A	-1.12348833943285	-0.947008034577289	-1.45503207220061	-0.874898869157829	-0.587594107713606	-0.629229373337006	-0.637333510914874	-0.717168296846929	-0.959179796803639	-0.780347514890488	-0.598742441125691	-0.467391247019425	-1.0226189878912	-0.86062289524069	-0.833116031371071	-0.496415344820271
LYS867A	-1.56407200195553	-1.41302253313905	-1.1136278988351	-1.17309933582148	-0.587594107713606	-0.630748589211167	-1.12759005777247	-1.2796532355504	-0.769511475401789	-1.11215815144225	-0.598742441125691	-0.467391247019425	-1.0226189878912	-0.86062289524069	-0.833116031371071	-0.496415344820271
LYS737A	-2.00465566447822	-1.41302253313905	-1.79643624556612	-1.17309933582148	-0.702176785879602	-0.630748589211167	-1.61784660463006	-1.2796532355504	-1.33851643960734	-0.94625283316637	-0.598742441125691	-0.467391247019425	-1.0226189878912	-0.86062289524069	-0.833116031371071	-0.496415344820271
PRO753A	-2.00465566447822	-1.41302253313905	-1.79643624556612	-1.17309933582148	-0.702176785879602	-0.630748589211167	-1.61784660463006	-1.2796532355504	-1.33851643960734	-0.94625283316637	-0.598742441125691	-0.467391247019425	-1.0226189878912	-0.86062289524069	-0.833116031371071	-0.496415344820271
GLU804A	-2.00465566447822	-1.41302253313905	-1.79643624556612	-1.17309933582148	-0.702176785879602	-0.630748589211167	-1.61784660463006	-1.2796532355504	-1.33851643960734	-0.94625283316637	-0.598742441125691	-0.467391247019425	-1.0226189878912	-0.86062289524069	-0.833116031371071	-0.496415344820271
ASP830A	-2.00465566447822	-1.41302253313905	-1.79643624556612	-1.17309933582148	-0.702176785879602	-0.630748589211167	-1.61784660463006	-1.2796532355504	-1.33851643960734	-0.94625283316637	-0.598742441125691	-0.467391247019425	-1.0226189878912	-0.86062289524069	-0.833116031371071	-0.496415344820271
ILE966A	-2.00465566447822	-1.41302253313905	-1.79643624556612	-1.17309933582148	-0.702176785879602	-0.630748589211167	-1.61784660463006	-1.2796532355504	-1.33851643960734	-0.94625283316637	-0.598742441125691	-0.467391247019425	-1.0226189878912	-0.86062289524069	-0.833116031371071	-0.496415344820271
ARG748A	-2.00465566447822	-1.41302253313905	-1.79643624556612	-1.17309933582148	-0.702176785879602	-0.630748589211167	-1.61784660463006	-1.2796532355504	-1.33851643960734	-0.94625283316637	-0.598742441125691	-0.467391247019425	-1.0226189878912	-0.86062289524069	-0.833116031371071	-0.496415344820271
