Degree	Degree_sidechain	SecondOrderDegree	SecondOrderDegree_sidechain	NodeEdgeBetweennessSTRIDE	NodeEdgeBetweennessSTRIDE_sidechain	IntermodularDegreeSTRIDE	IntermodularDegreeSTRIDE_sidechain	SecondOrderIntermodularDegreeSTRIDE	SecondOrderIntermodularDegreeSTRIDE_sidechain	NodeEdgeBetweennessWALKTRAP	NodeEdgeBetweennessWALKTRAP_sidechain	IntermodularDegreeWALKTRAP	IntermodularDegreeWALKTRAP_sidechain	SecondOrderIntermodularDegreeWALKTRAP	SecondOrderIntermodularDegreeWALKTRAP_sidechain
ILE46X	9	5	17	13	371	347.081710110821	7	4	17	6	371	347.081710110821	5	3	13	4
VAL160X	7	7	21	11	377	342.918289889179	4	4	16	8	899	864.918289889179	5	5	18	7
ARG68X	7	6	23	14	1096	468.97650988435	6	5	18	12	121	121	3	3	8	4
GLN61X	7	5	15	5	1059	281.549823118197	4	3	12	5	1114	281.549823118197	5	3	12	5
GLY115X	8	8	27	22	897	772.028613560483	6	6	33	18	11	11	2	2	3	0
THR144X	11	9	30	24	1852	1197.57727920661	11	9	45	27	1025	540.077279206605	5	5	11	10
ILE84X	6	4	19	6	438	270.770975337396	6	4	24	6	1	1	1	1	1	1
SER118X	4	3	15	11	160	121	4	3	20	10	1	1	1	1	1	1
ARG128X	5	4	5	2	81	62.1713372292472	2	2	1	1	1	1	1	1	1	1
GLN131X	3	2	9	4	1	1	1	1	1	1	1	1	1	1	1	1
VAL114X	8	8	32	27	220	106.01725226926	5	5	26	19	286	150.01725226926	5	5	19	16
PHE78X	8	3	30	8	2627	1136.85346794338	7	3	29	6	844	1	4	1	13	0
VAL7X	10	9	32	27	1255	952.998909947025	7	6	34	18	1	1	1	1	1	1
GLN43X	4	2	9	4	161	34.1388101841935	3	2	6	3	9	1	2	1	1	0
LEU52X	5	5	8	7	784	603.862606728874	4	4	7	4	9	9	2	2	1	0
LYS104X	5	3	19	8	222	45.108811289547	4	3	12	4	54	45.108811289547	3	3	3	1
VAL103X	7	7	15	10	1140	1140	5	5	12	3	1140	1140	5	5	10	3
CYS80X	9	5	30	14	295	43.4912976591844	5	3	22	7	132	1.5	4	2	14	3
ILE93X	6	4	26	14	352	184.476252832449	6	4	27	14	352	184.476252832449	6	4	20	9
ASP33X	3	1	4	1	472	1	2	1	1	0	472	1	2	1	1	0
PRO34X	3	3	3	2	160	160	2	2	1	0	1	1	1	1	1	1
ALA59X	6	5	20	15	1	1	4	3	19	8	296	151.038311984457	3	3	5	5
GLU37X	8	5	18	11	712	304.233094740153	7	4	30	9	434	304.233094740153	5	3	10	3
SER106X	2	1	8	1	1	1	1	1	1	1	1	1	1	1	1	1
VAL109X	9	9	20	12	1627	1123.81013838086	6	6	22	12	1433	929.810138380856	4	4	9	5
ASP69X	5	3	9	2	159	27	3	2	7	0	159	27	3	2	7	0
GLY75X	7	7	23	12	308	126.537720767073	5	5	21	9	14	9.89118871045299	2	2	2	2
ALA83X	9	7	28	17	332	273.527229054392	8	6	40	14	186	127.527229054392	3	2	11	6
ASN86X	6	2	17	4	286	73.6032401768586	6	2	24	3	237	73.6032401768586	3	2	7	3
THR20X	5	5	15	7	487	487	3	3	5	2	612	612	4	4	8	3
TYR40X	2	1	4	1	160	1	2	1	2	0	160	1	2	1	3	0
GLU31X	4	3	7	5	472	472	2	2	1	0	472	472	2	2	1	0
VAL29X	6	6	11	7	597	597	2	2	2	0	1057	1046.49643691149	4	4	6	3
VAL9X	9	8	35	26	253	151.371151451085	7	6	35	23	1	1	1	1	1	1
LYS147X	5	1	12	1	208	1	3	1	6	0	208	1	3	1	5	0
THR148X	6	6	11	8	169	169	3	3	3	1	1	1	2	2	2	1
LEU133X	7	6	19	11	828	573.495055221748	4	4	12	8	828	573.495055221748	4	4	12	8
TYR137X	8	4	17	10	987	104	6	3	16	4	827	104	4	3	9	4
LEU19X	7	6	32	24	2430	949.644708828496	6	6	35	26	2012	895.816206475395	5	5	16	13
GLY60X	5	5	17	15	1122	648.377372120091	3	3	12	11	153	144.455055473488	3	3	6	4
ARG135X	5	3	8	4	1	1	2	1	3	0	1	1	1	1	1	1
ASP132X	3	2	7	3	1	1	1	1	1	1	1	1	1	1	1	1
GLN25X	3	3	6	4	19	1.40718077079778	2	2	2	2	1	1	1	1	1	1
HIS27X	4	4	9	6	154	153.592819229202	3	3	3	1	41	11.5035630885146	2	2	3	3
TYR71X	8	1	25	1	160	1	7	1	31	0	1	1	2	1	4	0
TYR96X	6	4	22	13	1209	583.353022166761	5	4	21	13	1232	583.353022166761	5	3	14	6
GLU143X	6	3	19	4	922	167.418902653106	6	3	24	4	129	73.6855229906345	2	2	2	1
SER127X	3	2	10	2	160	56.3144770093655	3	2	9	2	160	56.3144770093655	3	2	2	1
ARG149X	6	4	16	6	1579	996.203848427804	5	4	14	6	1421	996.203848427804	4	4	7	5
LEU23X	5	3	19	4	3670	2026	4	2	15	1	3670	2026	4	2	12	1
LEU53X	5	4	16	11	254	139.908254327548	4	4	13	7	165	50.9082543275484	3	3	6	6
TYR4X	8	3	21	8	816	20.6459729008593	8	3	24	6	727	20.6459729008593	7	3	16	6
SER145X	4	3	11	6	178	109.875216546963	2	2	2	1	178	109.875216546963	2	2	2	1
ILE24X	4	4	9	2	2756	2350.95449902153	3	3	6	2	2756	2350.95449902153	3	3	6	2
LYS42X	4	1	10	1	2561	1	3	1	5	0	3703	1	3	1	4	0
ARG97X	4	3	11	4	1439	724	3	2	9	2	1439	724	3	2	6	2
LYS101X	2	2	3	2	1	1	1	1	1	1	1	1	1	1	1	1
GLY13X	5	5	17	14	525	471.05502874244	4	4	23	15	199	145.05502874244	2	2	1	1
GLY15X	8	7	26	18	858	791.987562456251	8	7	36	22	21	11	2	2	3	2
GLN129X	5	2	18	8	80	20	3	2	11	5	80	20	3	2	9	3
PHE90X	7	5	25	16	2920	418.807631472396	6	5	23	13	2920	418.807631472396	6	5	18	9
ASN116X	7	4	32	14	510	263	6	4	41	15	43	31	4	3	14	7
VAL14X	12	9	38	29	2418	1370.46077102735	12	9	64	38	2083	1368.2768358367	8	7	30	18
GLU162X	3	1	10	1	160	1	3	1	9	0	160	1	3	1	8	0
PRO140X	6	6	15	13	355	168.771048785231	5	5	13	9	650	463.771048785231	4	4	6	3
ARG41X	4	4	7	6	536	298.28488914188	4	4	6	5	1	1	1	1	1	1
GLU3X	4	3	7	5	164	49.3759029109937	3	2	5	3	26	1	2	1	2	0
LEU159X	9	7	27	21	3668	1956.67134284328	7	7	29	21	3668	1956.67134284328	7	7	19	15
LEU6X	7	5	24	9	398	202.412080197465	5	4	21	10	516	320.412080197465	5	5	19	12
ASP57X	6	3	20	5	1386	915.958991915996	5	3	23	5	284	1	3	1	6	0
LEU56X	7	7	20	15	544	310.748210126396	6	6	28	16	144	144	4	4	9	3
SER17X	6	3	21	6	687	221.773770688663	4	3	17	7	877	1	2	1	3	0
LEU79X	7	4	31	12	4439	3032.79793792746	5	4	22	12	3281	2229.40526615317	3	3	12	7
VAL112X	9	9	30	27	2463	1358.60002130145	6	6	18	15	2565	2192.49269307574	6	6	20	16
ARG164X	7	7	16	12	107	77.5744894609194	5	5	21	9	107	77.5744894609194	5	5	14	7
GLU49X	6	4	15	10	242	34.5541533261222	5	3	17	6	68	34.5541533261222	3	3	10	6
GLY138X	4	4	12	8	160	160	4	4	10	4	1	1	1	1	1	1
ALA155X	7	7	23	22	154	67.3737994163976	5	5	22	17	107	57	4	4	11	10
PHE82X	11	5	42	14	2833	1342.97138643952	9	5	48	14	3324	1218	8	4	32	6
VAL81X	12	10	42	32	1829	856.67715322256	9	7	48	29	2693	1841.17715322256	7	6	30	19
VAL44X	8	7	16	9	302	204.52113620842	4	3	9	6	1740	1690.09174567245	3	3	4	2
VAL45X	6	6	16	13	391	295.078833294999	4	4	10	8	1	1	1	1	1	1
PHE156X	8	2	31	3	4816	485.473553431605	6	2	20	3	5338	485.473553431605	7	2	20	2
ILE163X	6	5	18	14	160	70.3622356152017	5	4	20	11	160	70.3622356152017	5	4	12	8
PRO110X	6	5	17	14	574	330.702722370568	6	5	22	12	357	251.702722370568	4	4	9	8
THR35X	7	6	15	9	502	410.012895798044	7	6	20	9	16	16	2	2	3	1
LYS16X	9	4	28	13	3232	336.793608228853	8	4	43	13	2357	336.793608228853	4	3	11	6
MET72X	5	3	18	7	1986	331	5	3	17	4	974	331	4	3	12	6
GLN99X	6	4	14	4	811	294.118157345183	4	3	10	2	970	412.131660282109	5	4	11	3
TYR64X	4	1	10	1	210	1	4	1	9	0	210	1	4	1	10	0
GLU62X	2	2	6	4	1	1	1	1	1	1	1	1	1	1	1	1
VAL152X	10	7	31	15	2181	1442.5	7	5	30	11	1154	1057.5	4	3	11	5
ILE139X	6	3	20	9	435	311	5	3	18	8	296	1	2	1	3	0
THR58X	9	9	27	25	1998	1444.99787606302	8	8	38	24	914	469.273537801903	4	4	8	4
ALA134X	7	7	21	14	126	67	4	4	16	9	1	1	1	1	1	1
TYR141X	7	2	27	6	196	9.03228047950444	6	2	27	4	132	1	4	1	11	0
ASP92X	3	3	9	5	183	92	2	2	6	4	1	1	1	1	1	1
LYS88X	4	3	6	2	1	1	1	1	1	1	1	1	1	1	1	1
VAL8X	8	7	34	22	2690	1959.5	6	5	31	12	1839	1839	4	4	13	5
ASP154X	5	3	12	5	295	29.4757170899347	3	2	8	1	248	69.2489424061427	3	3	6	5
THR158X	5	5	17	14	681	331.804180615756	3	3	9	9	820	431.030955299548	4	4	10	10
ILE36X	3	2	10	5	160	59.2543415972974	2	2	6	5	1	1	1	1	1	1
VAL125X	10	8	25	19	1314	1117.91573493871	7	6	30	17	1499	1302.91573493871	5	4	11	7
ALA11X	8	5	25	15	2658	968.451572072398	7	5	35	19	2353	604.451572072398	5	3	15	10
LYS117X	6	2	18	4	848	54.9449712575603	6	2	23	3	199	54.9449712575603	2	2	1	1
HIS94X	4	3	11	6	200	28.0025859182565	3	2	8	3	200	28.0025859182565	3	2	6	3
SER136X	4	3	11	6	1	1	1	1	1	1	1	1	1	1	1	1
ILE21X	6	2	14	3	732	1	3	1	3	0	1598	877	4	2	7	0
ILE55X	6	3	17	4	1876	728.045500978467	5	3	14	3	1876	728.045500978467	5	3	14	3
GLU76X	7	3	20	4	418	182.150237925675	6	3	24	4	215	182.150237925675	4	3	13	4
ASP54X	3	3	7	5	56	28.4766012182528	2	2	3	3	1	1	1	1	1	1
PHE28X	4	2	10	1	654	208	3	2	6	0	628	208	3	2	5	0
GLY10X	8	8	29	22	3850	2466.54092469439	8	8	44	31	3182	2306.73534668569	5	5	18	12
MET111X	6	3	22	10	1245	1084.21200695235	5	3	17	6	1245	1084.21200695235	4	3	11	4
CYS51X	8	7	18	13	153	63.5706094640314	4	4	16	7	16	16	2	2	6	2
ARG123X	7	5	18	12	670	326.495645000133	5	4	13	6	32	32	2	2	2	1
SER89X	7	5	28	14	488	142.396759823141	6	4	37	10	215	142.396759823141	5	4	18	5
ALA146X	7	5	19	9	1496	877.039405980755	5	3	17	6	1269	877.039405980755	4	3	8	5
ASP119X	4	3	10	4	178	69.1247834530372	3	2	3	1	178	69.1247834530372	3	2	2	1
ASN26X	2	2	5	3	160	40.8371288080796	2	2	4	3	160	40.8371288080796	2	2	3	3
HIS166X	3	3	6	4	160	46.27513229623	3	3	6	4	160	46.27513229623	3	3	4	3
THR50X	5	5	12	11	171	123.098788360292	4	4	8	6	1	1	1	1	1	1
ALA130X	8	7	22	12	468	241.938017156796	5	5	25	15	183	90.8588872612485	3	3	12	7
GLU126X	3	2	11	3	81	19.8286627707528	2	2	1	1	230	1	2	1	4	0
GLY48X	4	4	10	8	302	181.683568160516	4	4	11	7	1	1	1	1	1	1
ILE100X	6	4	26	9	165	138.5	5	3	19	4	162	161.5	5	4	13	3
GLU91X	3	2	5	2	1	1	1	1	1	1	1	1	1	1	1	1
THR2X	3	3	9	5	204	204	3	3	9	3	204	204	3	3	7	2
ASP38X	4	2	11	5	160	2	4	2	17	3	160	2	4	2	8	2
LEU113X	10	7	34	16	1691	1325.4123367925	8	7	33	17	2247	1068.52374716755	6	4	24	7
ASP47X	5	3	11	9	166	26.2253843120991	5	3	15	7	93	26.2253843120991	3	2	7	4
GLY77X	8	8	25	21	1841	740.107599282548	7	7	30	23	1579	478.107599282548	3	3	10	9
ARG161X	6	4	14	7	5	5	3	3	10	5	160	160	4	4	8	3
TYR157X	3	1	9	1	313	1	2	1	6	0	468	1	3	1	7	0
ALA66X	3	3	4	3	160	109.58765911989	2	2	3	3	1	1	1	1	1	1
SER65X	4	4	8	7	790	681.41234088011	4	4	7	5	1	1	1	1	1	1
ILE142X	6	3	19	3	188	80.5242829100653	5	2	20	1	207	172.524282910065	4	3	8	2
GLY151X	6	6	19	16	1459	1071.01646192027	5	5	22	17	584	206.390261336666	2	2	4	4
CYS32X	4	2	3	1	160	1	2	1	1	0	1	1	1	1	1	1
ASN85X	4	2	12	3	190	10	4	2	13	2	1	1	1	1	1	1
THR124X	6	6	17	14	97	47.6610980679238	4	4	11	5	60	10.6610980679238	2	2	3	3
THR87X	5	5	14	13	439	196.259007119714	4	4	14	9	439	196.259007119714	4	4	7	5
GLU153X	2	1	9	1	1	1	1	1	1	1	1	1	1	1	1	1
LYS5X	5	3	13	5	44	28.8497620743249	3	3	8	4	162	28.8497620743249	4	3	8	2
ALA18X	5	4	18	11	505	177.676847000578	3	2	11	2	505	177.676847000578	2	2	3	2
ASP107X	3	2	10	1	1	1	1	1	1	1	1	1	1	1	1	1
ASP108X	4	1	9	1	3	1	2	1	2	0	3	1	2	1	2	0
LEU120X	5	4	9	3	454	284	4	3	9	2	1	1	1	1	1	1
ARG73X	6	3	12	3	322	1	4	1	10	0	317	1	3	1	6	0
THR74X	5	4	16	8	6	6	4	3	11	0	1	1	2	1	3	0
GLY12X	4	4	15	12	1	1	2	2	11	8	151	151	2	2	4	2
GLN70X	3	2	7	2	1	1	1	1	1	1	1	1	1	1	1	1
ASP30X	3	2	7	3	1	1	1	1	1	1	1	1	1	1	1	1
MET67X	3	1	4	1	160	1	2	1	3	0	1	1	1	1	1	1
GLN22X	5	5	12	7	1030	837.959022764117	5	5	12	6	584	391.959022764117	4	4	8	5
GLN95X	2	2	5	3	1	1	1	1	1	1	160	41.9864970630744	2	2	4	3
GLN150X	3	2	9	5	169	1	2	1	2	0	1	1	1	1	1	1
ALA122X	3	3	7	6	156	156	2	2	4	3	1	1	1	1	1	1
ALA121X	3	2	5	4	162	162	2	2	3	2	1	1	1	1	1	1
GLU63X	2	1	6	1	1	1	1	1	1	1	1	1	1	1	1	1
MET1X	1	1	1	1	1	1	1	1	1	1	1	1	1	1	1	1
SER39X	1	1	1	1	1	1	1	1	1	1	1	1	1	1	1	1
GLU98X	1	1	1	1	1	1	1	1	1	1	1	1	1	1	1	1
ARG102X	1	1	1	1	1	1	1	1	1	1	1	1	1	1	1	1
ASP105X	1	1	1	1	1	1	1	1	1	1	1	1	1	1	1	1
GLN165X	1	1	1	1	1	1	1	1	1	1	1	1	1	1	1	1
