Degree	Degree_sidechain	SecondOrderDegree	SecondOrderDegree_sidechain	NodeEdgeBetweennessSTRIDE	NodeEdgeBetweennessSTRIDE_sidechain	IntermodularDegreeSTRIDE	IntermodularDegreeSTRIDE_sidechain	SecondOrderIntermodularDegreeSTRIDE	SecondOrderIntermodularDegreeSTRIDE_sidechain	NodeEdgeBetweennessWALKTRAP	NodeEdgeBetweennessWALKTRAP_sidechain	IntermodularDegreeWALKTRAP	IntermodularDegreeWALKTRAP_sidechain	SecondOrderIntermodularDegreeWALKTRAP	SecondOrderIntermodularDegreeWALKTRAP_sidechain
CYS229A	5	4	15	9	1094	427.298571256795	5	4	15	9	598	317.727866998971	3	3	5	3
TRP146A	7	3	20	4	2289	1135.53680120026	6	3	19	4	2289	1135.53680120026	5	3	6	2
ARG273A	7	3	26	7	689	483.738585346963	5	3	13	6	806	1	4	1	6	0
ASP281A	5	4	17	6	431	94.244630594989	3	3	8	6	1	1	1	1	1	1
CYS242A	7	5	20	9	98	47.8232319353281	5	4	23	12	186	145	4	4	8	4
HIS179A	8	6	21	12	2808	336.224503720481	8	6	32	16	1249	256.224503720481	3	3	6	6
GLN104A	4	3	13	8	173	48.8944125019346	3	3	12	9	1	1	1	1	1	1
GLY108A	8	7	18	9	1672	1062.39259035554	7	6	24	11	1	1	1	1	1	1
ARG175A	7	6	20	14	3740	3142.20553391223	7	6	30	16	90	60.8678917256486	2	2	4	4
GLY279A	8	8	25	21	383	372.153057892386	3	3	10	7	383	372.153057892386	3	3	7	5
THR118A	6	4	15	8	2102	823.430943659665	6	4	11	7	1685	806.63954531311	4	3	5	3
PRO128A	4	4	11	6	876	876	3	3	10	4	1	1	1	1	1	1
TYR126A	7	2	20	3	3618	77	6	2	20	2	1765	1	4	1	11	0
CYS176A	7	6	20	12	2524	1042.92356540057	5	4	23	12	1684	1139.7467973359	4	4	7	4
ARG249A	7	6	19	11	5822	2944.13438983327	7	6	19	12	4349	1986.13438983327	5	4	9	4
GLU171A	3	2	9	5	188	47.1293438247277	2	2	6	5	188	47.1293438247277	3	2	6	3
THR230A	6	6	13	11	600	490.429295742176	5	5	9	5	854	781.488880321239	3	3	4	1
THR231A	6	6	19	17	590	590	3	3	7	5	583	73.5111196787612	2	2	2	2
ARG283A	4	4	12	9	344	253.322661709013	2	2	5	3	344	253.322661709013	2	2	3	2
TYR163A	4	3	16	9	3444	149.551234556119	4	3	18	9	3444	149.551234556119	4	3	13	6
SER241A	4	3	11	5	171	1	2	1	2	0	17	17	2	2	3	0
TYR239A	6	1	23	1	289	1	4	1	21	0	218	1	4	1	9	0
ARG213A	9	7	17	10	2230	432.531598957446	9	7	23	10	1554	1	4	2	6	1
THR211A	6	5	14	9	737	737	3	2	11	6	737	737	2	2	3	1
GLN165A	3	2	4	3	1	1	1	1	1	1	1	1	1	1	1	1
GLN167A	3	2	4	2	1	1	1	1	1	1	1	1	1	1	1	1
GLY154A	5	5	15	12	548	548	4	4	14	9	1	1	1	1	1	1
PRO153A	3	2	6	4	1	1	1	1	1	1	1	1	1	1	1	1
ILE162A	6	2	22	3	2482	236.427770927433	5	2	20	3	616	1	3	1	6	0
VAL173A	8	8	20	19	3813	3233.8915525019	6	6	21	16	3547	2760.60476274779	5	5	9	5
THR253A	7	7	29	15	1543	787.498120753605	5	5	22	11	1	1	2	2	2	0
TYR236A	9	4	33	10	1728	336.727116700871	9	4	39	8	6	1	2	1	3	0
ARG156A	8	4	27	10	140	55.1732018288808	6	3	26	5	140	55.1732018288808	3	3	5	5
VAL217A	7	7	23	19	2152	1310.64464333267	5	5	19	12	2266	1185.69067049398	5	5	14	12
GLU271A	6	4	15	4	4024	2312.39565257054	5	4	11	5	3558	2312.39565257054	4	4	6	4
PRO250A	4	3	11	7	4040	2233	4	3	12	6	4040	2233	4	3	8	3
ALA203A	7	6	19	13	187	69.763267901979	5	4	17	11	144	48.263267901979	3	2	7	4
GLU204A	5	2	19	3	188	1	5	2	19	2	1	1	2	2	2	2
CYS124A	7	5	26	17	466	286.253292576216	6	4	21	12	385	110.1821684792	4	2	13	5
CYS141A	8	7	26	14	685	251.514879842081	5	5	22	15	287	214.01004012329	4	4	3	1
ALA129A	5	4	10	8	2	1.5	3	2	7	2	1	1	1	1	1	1
HIS233A	3	2	8	5	150	1	2	1	3	0	1	1	1	1	1	1
THR140A	6	4	16	8	390	206.050715798573	4	3	7	2	241	57.0507157985726	3	2	5	2
ALA161A	7	7	24	17	1986	878.972754246073	5	5	19	16	455	455	3	3	5	1
LEU252A	6	5	15	9	835	696.586351044171	5	4	11	5	369	230.586351044171	3	3	4	2
CYS238A	10	6	31	14	2516	869.028698943621	9	5	47	16	757	331.028698943621	4	3	11	6
MET246A	9	5	25	11	970	505.934729561904	8	5	33	11	482	460.934729561904	6	4	11	3
PRO142A	7	5	22	12	599	39.4794639062201	4	3	9	5	1	1	1	1	1	1
ASP208A	4	4	7	5	1	1	1	1	1	1	1	1	1	1	1	1
LEU264A	6	6	16	14	519	304	3	3	5	2	499	238.372864428517	3	3	6	4
LEU265A	8	5	25	16	272	254	6	4	26	10	101	46.6271355714831	4	2	8	2
GLY187A	4	3	7	4	190	3	3	2	5	1	3	3	2	2	3	1
LEU188A	6	2	16	6	188	2	4	2	9	3	188	2	4	2	5	1
ALA189A	6	6	17	11	2053	1371.55833021171	4	4	14	9	736	220.343858454155	2	2	2	2
TYR205A	7	4	28	15	4636	1112.74711217417	7	4	27	13	2347	1033	3	2	11	5
ARG110A	7	5	16	11	1616	1219.33132552976	7	5	21	11	819	819	3	2	6	2
GLN192A	6	3	12	6	192	1	4	1	7	0	5	1	3	1	4	0
PRO190A	7	5	20	12	1170	1170	2	2	6	3	1	1	1	1	1	1
VAL143A	7	6	22	15	351	175	5	4	15	9	75	75	2	2	4	2
GLY266A	8	8	21	17	1208	1208	5	5	17	9	801	801	5	5	11	6
ASN235A	5	5	14	8	461	419.124028162592	4	4	9	4	244	202.124028162592	3	3	5	3
LYS139A	5	1	15	1	403	1	4	1	10	0	84	1	2	1	3	0
ARG282A	8	6	24	13	3145	1738.36325829916	6	5	25	12	1617	497.363258299162	3	3	9	7
PHE134A	6	5	21	11	576	288	5	4	20	12	289	1	2	1	6	0
ARG158A	8	6	23	10	4367	2761.88285125879	5	5	15	9	2529	1173.63045295987	5	4	15	7
GLU258A	6	3	21	8	2862	590.337490680716	5	3	19	6	1	1	1	1	1	1
LYS164A	3	2	9	3	188	121.534765866515	3	2	8	3	188	121.534765866515	3	2	5	3
ASP184A	5	5	14	9	188	39.0655363794207	4	4	17	13	188	39.0655363794207	5	5	5	3
MET237A	8	5	23	10	1530	372.572977440662	7	5	27	14	1	1	2	2	4	4
PRO152A	5	4	13	10	633	593.445266776949	4	4	16	12	633	593.445266776949	3	3	4	3
LEU194A	6	6	26	20	254	209.065270438096	6	6	31	21	39	22.0652704380956	2	2	5	3
LEU111A	7	6	20	13	2954	2721.04339945908	6	6	20	12	2740	2614.04339945908	4	4	12	4
PRO278A	9	7	25	19	484	360	8	6	27	10	288	288	5	4	16	7
VAL216A	9	9	26	20	2783	2566.84177159379	7	7	29	20	2740	2545.34177159379	6	6	18	13
GLY262A	5	5	9	6	941	850.410111020362	3	3	7	4	1	1	1	1	1	1
PRO98A	6	5	18	8	1346	1208.46840104255	5	4	18	8	1	1	1	1	1	1
VAL97A	6	5	12	6	268	187.605647349892	5	4	14	3	188	147.134162168738	2	2	3	1
GLN144A	7	5	16	8	2735	545.557295642333	4	4	8	7	328	61.7353318007719	2	2	2	2
PRO219A	3	3	6	6	187	99.4335238259845	2	2	1	1	372	273.479415677039	2	2	4	4
VAL218A	7	7	19	13	1228	632.889863506628	5	5	18	13	1135	587.864420668276	5	5	9	7
THR256A	6	6	19	18	431	216	3	3	6	6	1404	1189	4	4	12	8
ILE232A	7	5	27	16	2118	593.275980370226	5	4	20	12	465	301.853958635089	3	3	8	5
TYR234A	7	4	26	11	1027	97.2933887992413	5	3	19	5	753	30.200394108735	5	3	13	6
ARG174A	4	3	14	6	150	38.5813705476951	3	3	7	4	69	1	3	2	6	0
ASN247A	3	1	7	1	4	1	2	1	2	0	1	1	1	1	1	1
MET243A	4	2	6	1	4	4	3	2	3	0	1	1	1	1	1	1
ASN200A	5	2	15	6	490	166.346868591393	4	2	12	4	321	166.346868591393	3	2	10	4
VAL197A	9	8	29	22	3421	1843.65822840621	8	7	30	18	2142	838.658228406214	7	6	18	11
ILE255A	9	5	31	15	2105	320.592431198035	6	3	23	5	3691	1000.68542588854	7	3	19	4
VAL272A	8	7	31	18	451	189.649780148356	4	3	17	7	629	629	2	2	3	0
VAL274A	11	10	32	23	2975	2747.84993007277	9	8	40	22	360	200.192124913186	4	3	6	1
GLN136A	6	4	22	6	1252	380.384738962935	6	4	23	2	568	213.384738962935	4	3	8	2
LEU130A	7	6	13	9	1136	700.297025893111	6	6	17	12	1	1	1	1	1	1
SER127A	6	4	13	8	1014	458.88027463518	6	4	16	7	1	1	1	1	1	1
LEU114A	3	3	10	7	210	123.02053609378	3	3	6	5	1	1	1	1	1	1
ARG290A	2	2	1	1	2	1.82046466364289	2	2	1	1	1	1	1	1	1	1
GLU287A	2	2	1	1	2	1.17953533635711	2	2	1	1	1	1	1	1	1	1
ALA276A	5	3	14	7	137	1	3	1	12	0	95	1	2	1	3	0
TYR103A	5	1	12	1	859	1	4	1	11	0	332	1	2	1	2	0
ALA159A	6	6	24	16	377	232.114180002723	4	4	15	10	626	481.114180002723	5	5	19	12
THR125A	9	8	29	22	1454	898.820269110651	7	6	29	18	1228	884.492366199516	7	6	16	6
CYS275A	7	6	21	16	423	254.824659144862	5	5	21	16	41	18.8078750868141	2	2	3	2
LEU133A	7	7	25	18	312	287.241867704993	7	7	30	17	212	212	4	4	13	5
ASP207A	4	3	10	9	187	27.9885543999723	3	3	9	9	185	27.6751665974334	2	2	3	3
HIS193A	7	7	17	12	1069	967.846822322751	6	6	19	12	591	489.846822322751	4	4	6	4
ASN131A	4	3	11	3	560	484	4	3	12	2	484	484	3	3	5	0
PHE270A	8	3	24	7	3749	366.124982397168	7	3	30	7	3058	1	5	1	10	0
GLY244A	4	4	9	8	372	143.126452478414	3	3	6	6	1	1	1	1	1	1
GLY245A	7	7	19	15	2076	1512.83196898209	5	5	16	13	1	1	1	1	1	1
GLU221A	4	1	10	1	272	1	2	1	4	0	358	1	4	1	5	0
LYS132A	4	3	12	5	2420	1710.82562509353	3	3	8	6	1580	1126.06958156294	2	2	3	3
GLU198A	5	3	14	6	250	109.825256038836	4	3	13	5	250	109.825256038836	4	3	10	3
SER260A	4	2	9	1	183	1	2	1	3	0	1	1	1	1	1	1
ARG196A	7	5	24	12	1223	512.376464851933	6	5	24	15	270	90.0665718949307	3	2	10	4
ASP228A	4	2	9	2	1652	737	4	2	10	1	916	1	2	1	4	0
PRO191A	4	3	15	6	1438	1	2	1	6	0	1	1	1	1	1	1
ALA138A	4	4	15	9	202	128.817903484029	3	3	9	4	1	1	1	1	1	1
LEU137A	8	7	29	15	758	493	7	6	40	16	1	1	1	1	1	1
GLY112A	5	5	15	11	2311	1875.67803615844	3	3	8	5	1	1	1	1	1	1
PHE113A	6	3	19	4	3165	3138	5	3	21	3	3138	3138	3	3	7	0
HIS214A	5	5	12	9	454	192.583252729581	5	5	12	9	303	79.4780110798152	3	3	5	3
ILE251A	7	5	26	18	517	259	6	5	24	15	1	1	2	2	5	3
VAL172A	5	5	17	16	1005	1005	4	4	11	7	1967	1604.39523725221	3	3	7	5
SER261A	5	1	8	1	1	1	2	1	3	0	1	1	1	1	1	1
ILE195A	6	5	25	13	2038	697.135693252029	6	5	25	12	1006	50	3	2	8	1
LEU257A	9	7	27	17	2428	883.10506822418	8	7	37	20	1252	484	3	2	7	1
PHE109A	6	2	26	5	1198	188	6	2	26	2	671	188	4	2	12	2
ASP259A	6	5	12	4	267	115.138764797766	3	2	8	2	1	1	1	1	1	1
LEU145A	5	5	20	17	1036	602.577978264863	4	4	15	13	434	217.5	2	2	4	3
SER96A	3	2	9	4	188	1.52851481884573	3	2	12	3	1	1	1	1	1	1
ASP148A	4	3	11	8	188	46.3816716127663	3	3	12	9	1	1	1	1	1	1
CYS182A	4	3	11	6	188	187.5	3	3	9	6	1	1	2	1	4	0
ILE254A	6	4	23	8	969	733.572229072567	4	4	10	5	888	1	3	1	7	0
ASP186A	5	4	9	6	920	700.656141545845	4	3	8	4	920	700.656141545845	3	3	4	2
ASN263A	4	3	7	4	474	55.8612352022343	4	3	5	1	1	1	1	1	1	1
THR123A	6	5	18	12	279	114.615261037065	4	3	17	6	279	114.615261037065	4	3	10	3
TYR107A	5	2	14	3	160	40.5547332230513	4	2	10	3	160	40.5547332230513	2	2	2	2
VAL122A	9	7	23	18	432	336.810447774875	6	5	21	10	168	160.846942107614	5	4	11	3
ARG280A	6	3	13	4	190	135.410710815555	2	2	2	1	1	1	1	1	1	1
GLY105A	7	7	17	13	735	735	6	6	18	9	332	332	3	3	4	1
VAL157A	9	8	30	24	1872	993.146041364911	7	6	27	16	1295	481.646041364911	5	4	13	5
GLU285A	6	4	18	7	1298	256.243956469412	5	4	15	7	1	1	1	1	1	1
THR284A	4	4	9	6	1	1	1	1	1	1	1	1	1	1	1	1
CYS135A	4	4	20	15	394	141.332154717131	4	4	20	14	199	73.9899598767105	2	2	3	3
GLN100A	3	2	8	4	353	139.413648955829	2	2	4	3	600	139.413648955829	3	2	5	2
CYS220A	6	4	22	8	772	163.5	5	3	26	10	326	163.5	3	3	6	2
THR155A	9	8	26	19	2252	1197.02638751043	9	8	36	22	806	467.631455734612	2	2	3	2
SER185A	3	3	5	5	188	188	3	3	5	3	1	1	1	1	1	1
ARG267A	5	4	12	7	437	381.312858235469	3	3	3	1	303	247.312858235469	2	2	3	3
HIS168A	4	3	8	6	556	292.185031785888	2	2	6	5	556	292.185031785888	2	2	4	3
GLU286A	4	3	13	7	183	93.5551439644179	3	2	10	3	1	1	1	1	1	1
SER240A	4	3	18	11	188	143	4	3	19	9	143	143	3	3	6	2
ARG209A	3	1	4	1	1	1	1	1	1	1	1	1	1	1	1	1
ASN210A	4	2	7	1	1	1	1	1	1	1	1	1	1	1	1	1
SER269A	3	1	5	1	188	1	2	1	3	0	188	1	2	1	2	0
ALA119A	4	3	11	4	373	373	2	2	5	3	1	1	1	1	1	1
LYS120A	2	1	3	1	1	1	1	1	1	1	1	1	1	1	1	1
HIS178A	5	2	13	2	82	1.5	3	2	9	2	107	1	3	1	4	0
CYS277A	5	3	14	3	220	55.5892891844446	3	2	8	1	1	1	1	1	1	1
PRO223A	5	4	9	6	287	228	4	3	11	4	1	1	1	1	1	1
PHE212A	3	1	7	1	188	1	2	1	3	0	1	1	1	1	1	1
LYS101A	3	1	7	1	135	1	2	1	2	0	54	1	2	1	3	0
PRO151A	6	5	14	9	1882	721.023017844888	6	5	18	11	1604	501.868544265388	4	3	5	3
THR150A	2	2	5	4	188	59.8455264205008	2	2	5	4	1	1	1	1	1	1
ASP268A	4	4	12	9	188	126.956600540918	3	3	11	9	188	126.956600540918	3	3	5	4
SER99A	5	4	10	4	356	56.6871417645312	3	2	5	2	603	356.687141764531	4	4	4	2
VAL147A	7	5	18	7	314	314	5	3	22	3	286	286	2	2	4	2
SER149A	4	2	11	2	92	1	3	2	8	1	1	1	1	1	1	1
PRO222A	4	2	8	1	1	1	2	1	4	0	87	87	2	2	3	0
LEU206A	5	3	15	7	187	28.0717011788953	4	2	13	4	187	28.0717011788953	4	2	11	3
GLY117A	4	4	11	8	308	174.099361554249	3	3	11	8	123	123	2	2	2	0
SER116A	3	1	9	1	66	1	2	1	5	0	188	1	3	1	5	0
MET169A	4	2	10	4	188	41.8658378312619	3	2	12	3	188	41.8658378312619	4	2	6	1
SER215A	6	3	19	7	1292	338.48000069969	5	3	15	5	1137	338.48000069969	5	3	15	4
ARG202A	3	2	6	2	187	88.5664761740155	2	2	1	1	1	1	1	1	1	1
PRO177A	5	5	11	9	258	164.041578539495	3	3	4	3	1	1	2	2	2	0
LEU289A	3	3	8	7	188	68.7675555072905	3	3	7	6	1	1	1	1	1	1
MET160A	6	2	18	3	526	465	4	2	13	2	968	465	4	2	8	2
THR102A	2	2	4	1	1	1	1	1	1	1	1	1	1	1	1	1
ARG248A	3	2	5	3	526	171	3	2	4	0	356	1	2	1	3	0
GLY226A	3	3	3	2	556	397.457792477438	2	2	2	1	1	1	1	1	1	1
SER227A	3	2	4	2	1292	159.542207522562	3	2	4	1	1	1	1	1	1	1
ASN288A	2	2	3	3	1	1	1	1	1	1	1	1	1	1	1	1
SER106A	2	1	6	1	188	1	2	1	5	0	1	1	1	1	1	1
GLY199A	3	3	6	4	170	170	2	2	3	1	1	1	1	1	1	1
GLU224A	2	1	2	1	1	1	1	1	1	1	1	1	1	1	1	1
VAL225A	3	3	2	2	1	1	1	1	1	1	1	1	1	1	1	1
THR170A	5	4	10	6	188	40	3	2	12	3	1	1	3	3	5	2
SER121A	3	2	10	7	1	1	1	1	1	1	1	1	1	1	1	1
GLU180A	2	2	5	3	188	188	2	2	3	0	1	1	1	1	1	1
HIS115A	1	1	1	1	1	1	1	1	1	1	1	1	1	1	1	1
SER166A	1	1	1	1	1	1	1	1	1	1	1	1	1	1	1	1
ARG181A	1	1	1	1	1	1	1	1	1	1	1	1	1	1	1	1
SER183A	1	1	1	1	1	1	1	1	1	1	1	1	1	1	1	1
LEU201A	1	1	1	1	1	1	1	1	1	1	1	1	1	1	1	1
