Degree	Degree_sidechain	SecondOrderDegree	SecondOrderDegree_sidechain	NodeEdgeBetweennessSTRIDE	NodeEdgeBetweennessSTRIDE_sidechain	IntermodularDegreeSTRIDE	IntermodularDegreeSTRIDE_sidechain	SecondOrderIntermodularDegreeSTRIDE	SecondOrderIntermodularDegreeSTRIDE_sidechain	NodeEdgeBetweennessWALKTRAP	NodeEdgeBetweennessWALKTRAP_sidechain	IntermodularDegreeWALKTRAP	IntermodularDegreeWALKTRAP_sidechain	SecondOrderIntermodularDegreeWALKTRAP	SecondOrderIntermodularDegreeWALKTRAP_sidechain
CYS229A	-0.165675555129336	0.0103102414436899	-0.0197856305158038	0.128393075815638	0.146136795875967	-0.05695648390247	0.491401932466845	0.499459655399354	0.192196730506452	0.518206103385897	0.0851530888054236	0.103491512773792	0.329711278019984	0.790323581987474	0.0542329798826177	0.36308743559655
TRP146A	0.813316361544013	-0.492314028936195	0.623247361247821	-0.753179099679058	1.21616120621366	0.988119834233984	1.00110074539788	-0.0944100568132925	0.605181440685604	-0.398764769211652	2.03412270552954	1.637622065524	1.69766232512417	0.790323581987474	0.289242559373961	-0.0794253765367452
ARG273A	0.813316361544013	-0.492314028936195	1.39488695136417	-0.224235794382241	-0.216507460347269	0.0263263997758526	0.491401932466845	-0.0944100568132925	-0.0142956245831245	-0.0319764201726325	0.324884419543813	-0.490659366911913	1.01368680157208	-0.866806509276584	0.289242559373961	-0.964451000803336
ASP281A	-0.165675555129336	0.0103102414436899	0.237427566189646	-0.40055022948118	-0.44752528283022	-0.548410872174425	-0.527995693395227	-0.0944100568132925	-0.530526512307065	-0.0319764201726325	-0.602921932592743	-0.490659366911913	-1.0382397690842	-0.866806509276584	-0.885805338082755	-0.521938188670041
CYS242A	0.813316361544013	0.512934511823575	0.623247361247821	0.128393075815638	-0.745699449058214	-0.616910287121082	0.491401932466845	0.499459655399354	1.01816615086476	1.06838862694443	-0.389699354772541	-0.220529278626945	1.01368680157208	1.6188886276195	0.759261718356647	0.805600247729845
HIS179A	1.30281231988069	1.01555878220346	0.751853959600546	0.657336381112455	1.68088310492937	-0.19134537616286	2.02049837125995	1.68719907982465	1.94738174876785	1.80196532502247	0.835466051837596	-0.0118828549501018	0.329711278019984	0.790323581987474	0.289242559373961	1.69062587199644
GLN104A	-0.65517151346601	-0.492314028936195	-0.276998827221254	-0.0479213592833016	-0.67854310531317	-0.615329653098124	-0.527995693395227	-0.0944100568132925	-0.117541802127913	0.518206103385897	-0.602921932592743	-0.490659366911913	-1.0382397690842	-0.866806509276584	-0.885805338082755	-0.521938188670041
GLY108A	1.30281231988069	1.51818305258335	0.366034164542371	0.128393075815638	0.663688351671104	0.880188238154095	1.51079955832892	1.68719907982465	1.12141232840954	0.884994452424916	-0.602921932592743	-0.490659366911913	-1.0382397690842	-0.866806509276584	-0.885805338082755	-0.521938188670041
ARG175A	0.813316361544013	1.01555878220346	0.623247361247821	1.00996525131033	2.51541260320111	3.94916017664755	1.51079955832892	1.68719907982465	1.74088939367827	1.80196532502247	-0.500344584344105	-0.378352985819661	-0.35426424553211	-0.038241463644555	-0.180776599608726	0.805600247729845
GLY279A	1.30281231988069	2.02080732296323	1.26628035301145	2.24416629700291	-0.490505342827048	-0.138329202335392	-0.527995693395227	-0.0944100568132925	-0.324034157217489	0.151417754346877	-0.162646123255893	0.20558791291938	0.329711278019984	0.790323581987474	0.524252138865304	1.24811305986314
THR118A	0.323820403207339	0.0103102414436899	-0.0197856305158038	-0.0479213592833016	1.04871805580935	0.527576437002545	1.00110074539788	0.499459655399354	-0.220787979672701	0.151417754346877	1.33797980280845	1.02064258795817	1.01368680157208	0.790323581987474	0.0542329798826177	0.36308743559655
PRO128A	-0.65517151346601	0.0103102414436899	-0.534212023926704	-0.40055022948118	-0.0490643099429602	0.605147335501559	-0.527995693395227	-0.0944100568132925	-0.324034157217489	-0.398764769211652	-0.602921932592743	-0.490659366911913	-1.0382397690842	-0.866806509276584	-0.885805338082755	-0.521938188670041
TYR126A	0.813316361544013	-0.99493829931608	0.623247361247821	-0.929493534777997	2.40617161737584	-0.573857048740286	1.00110074539788	-0.68827976902594	0.708427618230392	-0.765553118250672	1.43018416078475	-0.490659366911913	1.01368680157208	-0.866806509276584	1.46429045683068	-0.964451000803336
CYS176A	0.813316361544013	1.01555878220346	0.623247361247821	0.657336381112455	1.4265844166148	0.851459745314514	0.491401932466845	0.499459655399354	1.01816615086476	1.06838862694443	1.33682724833375	1.64551961155038	1.01368680157208	1.6188886276195	0.524252138865304	0.805600247729845
ARG249A	0.813316361544013	1.01555878220346	0.494640762895096	0.481021946013516	4.37967270556352	3.65688640035106	1.51079955832892	1.68719907982465	0.605181440685604	1.06838862694443	4.40838492341937	3.23326096630466	1.69766232512417	1.6188886276195	0.994271297847991	0.805600247729845
GLU171A	-1.14466747180269	-0.99493829931608	-0.791425220632154	-0.576864664580119	-0.665111836564162	-0.617934188403399	-1.03769450632626	-0.68827976902594	-0.737018867396641	-0.215370594692142	-0.387394245823133	-0.404125174412598	0.329711278019984	-0.038241463644555	0.289242559373961	0.36308743559655
THR230A	0.323820403207339	1.01555878220346	-0.276998827221254	0.481021946013516	-0.296199654924721	0.0361992119030725	0.491401932466845	1.093329367612	-0.427280334762277	-0.215370594692142	0.380207034329596	0.973462370217339	0.329711278019984	0.790323581987474	-0.180776599608726	-0.521938188670041
THR231A	0.323820403207339	1.01555878220346	0.494640762895096	1.53890855660715	-0.305153834090727	0.18312574114215	-0.527995693395227	-0.0944100568132925	-0.633772689851853	-0.215370594692142	0.0678647716848667	-0.354635511630902	-0.35426424553211	-0.038241463644555	-0.650795758591412	-0.0794253765367452
ARG283A	-0.65517151346601	0.0103102414436899	-0.405605425573979	0.128393075815638	-0.52542664157447	-0.313675332599964	-1.03769450632626	-0.68827976902594	-0.84026504494143	-0.582158943731162	-0.207595747769341	-0.0173264302191789	-0.35426424553211	-0.038241463644555	-0.415786179100069	-0.0794253765367452
TYR163A	-0.65517151346601	-0.492314028936195	0.108820967836921	0.128393075815638	2.25036889988734	-0.466800448460158	-0.018296880464191	-0.0944100568132925	0.501935263140816	0.518206103385897	3.36532312381243	-0.211991602290487	1.01368680157208	0.790323581987474	1.93430961581336	1.69062587199644
SER241A	-0.65517151346601	-0.492314028936195	-0.534212023926704	-0.576864664580119	-0.680333941146371	-0.686002647241388	-1.03769450632626	-1.28214948123859	-1.15000357757579	-1.13234146728969	-0.584481060997483	-0.460644912658028	-0.35426424553211	-0.038241463644555	-0.415786179100069	-0.964451000803336
TYR239A	0.323820403207339	-1.49756256969597	1.009067156306	-1.28212240497588	-0.574674626987503	-0.686002647241388	-0.018296880464191	-1.28214948123859	0.811673795775181	-1.13234146728969	-0.352817611582019	-0.490659366911913	1.01368680157208	-0.866806509276584	0.994271297847991	-0.964451000803336
ARG213A	1.79230827821736	1.51818305258335	0.237427566189646	0.304707510914577	1.16333154913423	-0.0492346283305958	2.53019718419099	2.2810687920373	1.01816615086476	0.701600277905407	1.18699516662225	-0.490659366911913	1.01368680157208	-0.038241463644555	0.289242559373961	-0.521938188670041
THR211A	0.323820403207339	0.512934511823575	-0.148392228868529	0.128393075815638	-0.173527400350441	0.400038938242965	-0.527995693395227	-0.68827976902594	-0.220787979672701	-0.0319764201726325	0.245358160789251	0.890005528766814	-0.35426424553211	-0.038241463644555	-0.415786179100069	-0.521938188670041
GLN165A	-1.14466747180269	-0.99493829931608	-1.43445821239578	-0.929493534777997	-0.832554986968471	-0.686002647241388	-1.5473933192573	-1.28214948123859	-1.25324975512058	-0.948947292770182	-0.602921932592743	-0.490659366911913	-1.0382397690842	-0.866806509276584	-0.885805338082755	-0.521938188670041
GLN167A	-1.14466747180269	-0.99493829931608	-1.43445821239578	-1.10580796987694	-0.832554986968471	-0.686002647241388	-1.5473933192573	-1.28214948123859	-1.25324975512058	-0.948947292770182	-0.602921932592743	-0.490659366911913	-1.0382397690842	-0.866806509276584	-0.885805338082755	-0.521938188670041
GLY154A	-0.165675555129336	0.512934511823575	-0.0197856305158038	0.657336381112455	-0.342761386587952	0.121150541970488	-0.018296880464191	0.499459655399354	0.0889505529616637	0.518206103385897	-0.602921932592743	-0.490659366911913	-1.0382397690842	-0.866806509276584	-0.885805338082755	-0.521938188670041
PRO153A	-1.14466747180269	-0.99493829931608	-1.17724501569033	-0.753179099679058	-0.832554986968471	-0.686002647241388	-1.5473933192573	-1.28214948123859	-1.25324975512058	-0.948947292770182	-0.602921932592743	-0.490659366911913	-1.0382397690842	-0.866806509276584	-0.885805338082755	-0.521938188670041
ILE162A	0.323820403207339	-0.99493829931608	0.880460557953271	-0.929493534777997	1.38897686411758	-0.338605433104056	0.491401932466845	-0.68827976902594	0.708427618230392	-0.582158943731162	0.105899069350092	-0.490659366911913	0.329711278019984	-0.866806509276584	0.289242559373961	-0.964451000803336
VAL173A	1.30281231988069	2.02080732296323	0.623247361247821	1.89153742680503	2.58077811111295	4.0844520638702	1.00110074539788	1.68719907982465	0.811673795775181	1.80196532502247	3.48403623470692	4.68609256498169	1.69766232512417	2.44745367325153	0.994271297847991	1.24811305986314
THR253A	0.813316361544013	1.51818305258335	1.78070674642235	1.18627968640927	0.548179440429629	0.474553964231043	0.491401932466845	1.093329367612	0.914919973319969	0.884994452424916	-0.602921932592743	-0.490659366911913	-0.35426424553211	-0.038241463644555	-0.650795758591412	-0.964451000803336
TYR236A	1.79230827821736	0.0103102414436899	2.29513313983325	0.304707510914577	0.713831755000737	-0.190603720458909	2.53019718419099	0.499459655399354	2.67010499158137	0.334811928866387	-0.597159160219224	-0.490659366911913	-0.35426424553211	-0.866806509276584	-0.415786179100069	-0.964451000803336
ARG156A	1.30281231988069	0.0103102414436899	1.5234935497169	0.304707510914577	-0.708091896560989	-0.606064671691114	1.00110074539788	-0.0944100568132925	1.32790468349912	-0.215370594692142	-0.442716860608916	-0.389035673906948	0.329711278019984	0.790323581987474	0.0542329798826177	1.24811305986314
VAL217A	0.813316361544013	1.51818305258335	1.009067156306	1.89153742680503	1.09348895163938	1.24650896263103	0.491401932466845	1.093329367612	0.605181440685604	1.06838862694443	2.00761395261136	1.73170587899723	1.69766232512417	2.44745367325153	2.16931919530471	4.34570274479621
GLU271A	0.323820403207339	0.0103102414436899	-0.0197856305158038	-0.753179099679058	2.76971129151568	2.72469273210556	0.491401932466845	0.499459655399354	-0.220787979672701	-0.215370594692142	3.49671433392866	3.84529557538234	1.01368680157208	1.6188886276195	0.289242559373961	0.805600247729845
PRO250A	-0.65517151346601	-0.492314028936195	-0.534212023926704	-0.224235794382241	2.78403797818128	2.60753650873833	-0.018296880464191	-0.0944100568132925	-0.117541802127913	-0.0319764201726325	4.05224559073589	3.6963570015051	1.01368680157208	0.790323581987474	0.759261718356647	0.36308743559655
ALA203A	0.813316361544013	1.01555878220346	0.494640762895096	0.833650816211394	-0.666007254480762	-0.584535570481401	0.491401932466845	0.499459655399354	0.398689085596028	0.884994452424916	-0.4381066427101	-0.401998042391096	0.329711278019984	-0.038241463644555	0.524252138865304	0.805600247729845
GLU204A	-0.165675555129336	-0.99493829931608	0.494640762895096	-0.929493534777997	-0.665111836564162	-0.686002647241388	0.491401932466845	-0.68827976902594	0.605181440685604	-0.765553118250672	-0.602921932592743	-0.490659366911913	-0.35426424553211	-0.038241463644555	-0.650795758591412	-0.0794253765367452
CYS124A	0.813316361544013	0.512934511823575	1.39488695136417	1.53890855660715	-0.416185655749199	-0.265082894341788	1.00110074539788	0.499459655399354	0.811673795775181	1.06838862694443	-0.160341014306485	-0.285844166839479	1.01368680157208	-0.038241463644555	1.93430961581336	1.24811305986314
CYS141A	1.30281231988069	1.51818305258335	1.39488695136417	1.00996525131033	-0.220089132013672	-0.316342895487154	0.491401932466845	1.093329367612	0.914919973319969	1.61857115050296	-0.273291352827457	-0.0910731103557407	1.01368680157208	1.6188886276195	-0.415786179100069	-0.521938188670041
ALA129A	-0.165675555129336	0.0103102414436899	-0.662818622279429	-0.0479213592833016	-0.83165956905187	-0.685264847251249	-0.527995693395227	-0.68827976902594	-0.633772689851853	-0.765553118250672	-0.602921932592743	-0.490659366911913	-1.0382397690842	-0.866806509276584	-0.885805338082755	-0.521938188670041
HIS233A	-1.14466747180269	-0.99493829931608	-0.920031818984879	-0.576864664580119	-0.699137717394984	-0.686002647241388	-1.03769450632626	-1.28214948123859	-1.04675740003101	-1.13234146728969	-0.602921932592743	-0.490659366911913	-1.0382397690842	-0.866806509276584	-0.885805338082755	-0.521938188670041
THR140A	0.323820403207339	0.0103102414436899	0.108820967836921	-0.0479213592833016	-0.484237417410844	-0.383429815053096	-0.018296880464191	-0.0944100568132925	-0.633772689851853	-0.765553118250672	-0.326308858663832	-0.385513639084801	0.329711278019984	-0.038241463644555	0.0542329798826177	-0.0794253765367452
ALA161A	0.813316361544013	1.51818305258335	1.13767375465872	1.53890855660715	0.944849577483687	0.609533931608434	0.491401932466845	1.093329367612	0.605181440685604	1.80196532502247	-0.0796622010772194	0.361000772542084	0.329711278019984	0.790323581987474	0.0542329798826177	-0.521938188670041
LEU252A	0.323820403207339	0.512934511823575	-0.0197856305158038	0.128393075815638	-0.0857764445235841	0.340404558640795	0.491401932466845	0.499459655399354	-0.220787979672701	-0.215370594692142	-0.178781885901746	-0.0599775524911801	0.329711278019984	0.790323581987474	-0.180776599608726	-0.0794253765367452
CYS238A	2.28180423655404	1.01555878220346	2.0379199431278	1.00996525131033	1.419421073282	0.594860483800257	2.53019718419099	1.093329367612	3.49607441193967	1.80196532502247	0.268409250283327	0.128442588520126	1.01368680157208	0.790323581987474	1.46429045683068	1.69062587199644
MET246A	1.79230827821736	0.512934511823575	1.26628035301145	0.481021946013516	0.0351049742174946	0.0590790297416603	2.02049837125995	1.093329367612	2.05062792631264	0.884994452424916	-0.0485432302602168	0.372133751851144	2.38163784867627	1.6188886276195	1.46429045683068	0.36308743559655
PRO142A	0.813316361544013	0.512934511823575	0.880460557953271	0.657336381112455	-0.297095072841322	-0.629222351060275	-0.018296880464191	-0.0944100568132925	-0.427280334762277	-0.215370594692142	-0.602921932592743	-0.490659366911913	-1.0382397690842	-0.866806509276584	-0.885805338082755	-0.521938188670041
ASP208A	-0.65517151346601	0.0103102414436899	-1.0486384173376	-0.576864664580119	-0.832554986968471	-0.686002647241388	-1.5473933192573	-1.28214948123859	-1.25324975512058	-0.948947292770182	-0.602921932592743	-0.490659366911913	-1.0382397690842	-0.866806509276584	-0.885805338082755	-0.521938188670041
LEU264A	0.323820403207339	1.01555878220346	0.108820967836921	1.00996525131033	-0.368728506169368	-0.238895853217259	-0.527995693395227	-0.0944100568132925	-0.84026504494143	-0.765553118250672	-0.0289498041902523	-0.0453708056304474	0.329711278019984	0.790323581987474	0.289242559373961	0.805600247729845
LEU265A	1.30281231988069	0.512934511823575	1.26628035301145	1.36259412150821	-0.589896731569712	-0.312675852231142	1.00110074539788	0.499459655399354	1.32790468349912	0.701600277905407	-0.487666485122364	-0.405067268577782	1.01368680157208	-0.038241463644555	0.759261718356647	-0.0794253765367452
GLY187A	-0.65517151346601	-0.492314028936195	-1.0486384173376	-0.753179099679058	-0.66332100073096	-0.683051447280833	-0.527995693395227	-0.68827976902594	-0.84026504494143	-0.948947292770182	-0.600616823643336	-0.486907560130178	-0.35426424553211	-0.038241463644555	-0.415786179100069	-0.521938188670041
LEU188A	0.323820403207339	-0.99493829931608	0.108820967836921	-0.40055022948118	-0.665111836564162	-0.68452704726111	-0.018296880464191	-0.68827976902594	-0.427280334762277	-0.582158943731162	-0.387394245823133	-0.488783463521045	1.01368680157208	-0.038241463644555	0.0542329798826177	-0.521938188670041
ALA189A	0.323820403207339	1.01555878220346	0.237427566189646	0.481021946013516	1.00484257789593	1.33639319778838	-0.018296880464191	0.499459655399354	0.0889505529616637	0.518206103385897	0.244205606314548	-0.0791914790717288	-0.35426424553211	-0.038241463644555	-0.650795758591412	-0.0794253765367452
TYR205A	0.813316361544013	0.0103102414436899	1.65210014806962	1.18627968640927	3.31770705647523	0.954491369556563	1.51079955832892	0.499459655399354	1.43115086104391	1.25178280146394	2.10097086506237	1.44527293246369	0.329711278019984	-0.038241463644555	1.46429045683068	1.24811305986314
ARG110A	0.813316361544013	0.512934511823575	0.108820967836921	0.481021946013516	0.613544948341471	1.11176703268197	1.51079955832892	1.093329367612	0.811673795775181	0.884994452424916	0.339867627714963	1.04382960681798	0.329711278019984	-0.038241463644555	0.289242559373961	-0.0794253765367452
GLN192A	0.323820403207339	-0.492314028936195	-0.405605425573979	-0.40055022948118	-0.661530164897759	-0.686002647241388	-0.018296880464191	-1.28214948123859	-0.633772689851853	-1.13234146728969	-0.598311714693928	-0.490659366911913	0.329711278019984	-0.866806509276584	-0.180776599608726	-0.964451000803336
PRO190A	0.813316361544013	0.512934511823575	0.623247361247821	0.657336381112455	0.214188557537611	1.03897372970319	-1.03769450632626	-0.68827976902594	-0.737018867396641	-0.582158943731162	-0.602921932592743	-0.490659366911913	-1.0382397690842	-0.866806509276584	-0.885805338082755	-0.521938188670041
VAL143A	0.813316361544013	1.01555878220346	0.880460557953271	1.18627968640927	-0.519158716158266	-0.429248250673076	0.491401932466845	0.499459655399354	0.192196730506452	0.518206103385897	-0.517632901464662	-0.351842515987693	-0.35426424553211	-0.038241463644555	-0.180776599608726	-0.0794253765367452
GLY266A	1.30281231988069	2.02080732296323	0.751853959600546	1.53890855660715	0.248214438368433	1.09504652895374	0.491401932466845	1.093329367612	0.398689085596028	0.518206103385897	0.319121647170294	1.01006334578236	1.69766232512417	2.44745367325153	1.46429045683068	1.69062587199644
ASN235A	-0.165675555129336	0.512934511823575	-0.148392228868529	-0.0479213592833016	-0.420662745332202	-0.0690188395310549	-0.018296880464191	0.499459655399354	-0.427280334762277	-0.398764769211652	-0.322851195239721	-0.11337012049671	0.329711278019984	0.790323581987474	0.0542329798826177	0.36308743559655
LYS139A	-0.165675555129336	-1.49756256969597	-0.0197856305158038	-1.28212240497588	-0.472596984495036	-0.686002647241388	-0.018296880464191	-1.28214948123859	-0.324034157217489	-1.13234146728969	-0.507259911192328	-0.490659366911913	-0.35426424553211	-0.866806509276584	-0.415786179100069	-0.964451000803336
ARG282A	1.30281231988069	1.01555878220346	1.13767375465872	0.833650816211394	1.98263894282376	1.87765054243998	1.00110074539788	1.093329367612	1.22465850595433	1.06838862694443	1.25960609852859	0.440470152433692	0.329711278019984	0.790323581987474	0.994271297847991	2.13313868412973
PHE134A	0.323820403207339	0.512934511823575	0.751853959600546	0.481021946013516	-0.317689684923135	-0.262505452901702	0.491401932466845	0.499459655399354	0.708427618230392	1.06838862694443	-0.27098624387805	-0.490659366911913	-0.35426424553211	-0.866806509276584	0.289242559373961	-0.964451000803336
ARG158A	1.30281231988069	1.01555878220346	1.009067156306	0.304707510914577	3.07683963690968	3.38795603362499	0.491401932466845	1.093329367612	0.192196730506452	0.518206103385897	2.31073577945846	1.70908207603039	1.69766232512417	1.6188886276195	2.40432877479605	2.13313868412973
GLU258A	0.323820403207339	-0.492314028936195	0.751853959600546	-0.0479213592833016	1.7292356724258	0.183623742383958	0.491401932466845	-0.0944100568132925	0.605181440685604	-0.0319764201726325	-0.602921932592743	-0.490659366911913	-1.0382397690842	-0.866806509276584	-0.885805338082755	-0.521938188670041
LYS164A	-1.14466747180269	-0.99493829931608	-0.791425220632154	-0.929493534777997	-0.665111836564162	-0.508141549105986	-0.527995693395227	-0.68827976902594	-0.530526512307065	-0.582158943731162	-0.387394245823133	-0.264547790905456	0.329711278019984	-0.038241463644555	0.0542329798826177	0.36308743559655
ASP184A	-0.165675555129336	0.512934511823575	-0.148392228868529	0.128393075815638	-0.665111836564162	-0.629833142510657	-0.018296880464191	0.499459655399354	0.398689085596028	1.25178280146394	-0.387394245823133	-0.419252098142555	1.69766232512417	2.44745367325153	0.0542329798826177	0.36308743559655
MET237A	1.30281231988069	0.512934511823575	1.009067156306	0.304707510914577	0.536539007513821	-0.137709569058239	1.51079955832892	1.093329367612	1.43115086104391	1.43517697598345	-0.602921932592743	-0.490659366911913	-0.35426424553211	-0.038241463644555	-0.180776599608726	0.805600247729845
PRO152A	-0.165675555129336	0.0103102414436899	-0.276998827221254	0.304707510914577	-0.266650863676902	0.188209576730266	-0.018296880464191	0.499459655399354	0.29544290805124	1.06838862694443	0.125492495420057	0.620710717938564	0.329711278019984	0.790323581987474	-0.180776599608726	0.36308743559655
LEU194A	0.323820403207339	1.01555878220346	1.39488695136417	2.06785186190397	-0.606014254068523	-0.37898153828647	1.00110074539788	1.68719907982465	1.84413557122306	2.71893619762001	-0.559124862553999	-0.451142954667542	-0.35426424553211	-0.038241463644555	0.0542329798826177	0.36308743559655
LEU111A	0.813316361544013	1.01555878220346	0.623247361247821	0.833650816211394	1.81161412075305	3.32769333935479	1.00110074539788	1.68719907982465	0.708427618230392	1.06838862694443	2.55392477362096	4.4111576066182	1.01368680157208	1.6188886276195	1.69930003632202	0.805600247729845
PRO278A	1.79230827821736	1.51818305258335	1.26628035301145	1.89153742680503	-0.400068133250389	-0.156262254321711	2.02049837125995	1.68719907982465	1.43115086104391	0.701600277905407	-0.272138798352754	0.0477249062671556	1.69766232512417	1.6188886276195	2.63933835428739	2.13313868412973
VAL216A	1.79230827821736	2.52343159334312	1.39488695136417	2.06785186190397	1.65849765701435	3.10015342031798	1.51079955832892	2.2810687920373	1.63764321613349	2.5355420231005	2.55392477362096	4.28227998994755	2.38163784867627	3.27601871888356	3.10935751327008	4.7882155569295
GLY262A	-0.165675555129336	0.512934511823575	-0.791425220632154	-0.40055022948118	0.00913785463607772	0.567386895827898	-0.527995693395227	-0.0944100568132925	-0.633772689851853	-0.398764769211652	-0.602921932592743	-0.490659366911913	-1.0382397690842	-0.866806509276584	-0.885805338082755	-0.521938188670041
PRO98A	0.323820403207339	0.512934511823575	0.366034164542371	-0.0479213592833016	0.371782110859314	1.09573770152289	0.491401932466845	0.499459655399354	0.501935263140816	0.334811928866387	-0.602921932592743	-0.490659366911913	-1.0382397690842	-0.866806509276584	-0.885805338082755	-0.521938188670041
VAL97A	0.323820403207339	0.512934511823575	-0.405605425573979	-0.40055022948118	-0.593478403236115	-0.410647357692188	0.491401932466845	0.499459655399354	0.0889505529616637	-0.582158943731162	-0.387394245823133	-0.216525796577947	-0.35426424553211	-0.038241463644555	-0.415786179100069	-0.521938188670041
GLN144A	0.813316361544013	0.512934511823575	0.108820967836921	-0.0479213592833016	1.61551759701752	0.117546087468491	-0.018296880464191	0.499459655399354	-0.530526512307065	0.151417754346877	-0.226036619364602	-0.376725752041362	-0.35426424553211	-0.038241463644555	-0.650795758591412	-0.0794253765367452
PRO219A	-1.14466747180269	-0.492314028936195	-1.17724501569033	-0.40055022948118	-0.666007254480762	-0.540754141425105	-1.03769450632626	-0.68827976902594	-1.25324975512058	-0.948947292770182	-0.175324222477635	0.0204856928983311	-0.35426424553211	-0.038241463644555	-0.180776599608726	0.805600247729845
VAL218A	0.813316361544013	1.51818305258335	0.494640762895096	0.833650816211394	0.266122796700445	0.246414022886641	0.491401932466845	1.093329367612	0.501935263140816	1.25178280146394	0.704074841721363	0.610241589799394	1.69766232512417	2.44745367325153	0.994271297847991	2.13313868412973
THR256A	0.323820403207339	1.01555878220346	0.494640762895096	1.71522299170609	-0.44752528283022	-0.368748651481693	-0.527995693395227	-0.0944100568132925	-0.737018867396641	-0.0319764201726325	1.01411199541668	1.73791386143908	1.01368680157208	1.6188886276195	1.69930003632202	2.57565149626303
ILE232A	0.813316361544013	0.512934511823575	1.5234935497169	1.36259412150821	1.06304474247496	0.187959777711845	0.491401932466845	0.499459655399354	0.708427618230392	1.06838862694443	-0.0681366563301814	0.0737135942476617	0.329711278019984	0.790323581987474	0.759261718356647	1.24811305986314
TYR234A	0.813316361544013	0.0103102414436899	1.39488695136417	0.481021946013516	0.0861437954637279	-0.543912124628359	0.491401932466845	-0.0944100568132925	0.605181440685604	-0.215370594692142	0.263799032384512	-0.43588224858866	1.69766232512417	0.790323581987474	1.93430961581336	1.69062587199644
ARG174A	-0.65517151346601	-0.492314028936195	-0.148392228868529	-0.40055022948118	-0.699137717394984	-0.630547577602402	-0.527995693395227	-0.0944100568132925	-0.633772689851853	-0.398764769211652	-0.524548228312885	-0.490659366911913	0.329711278019984	-0.038241463644555	0.289242559373961	-0.964451000803336
ASN247A	-1.14466747180269	-1.49756256969597	-1.0486384173376	-1.28212240497588	-0.829868733218669	-0.686002647241388	-1.03769450632626	-1.28214948123859	-1.15000357757579	-1.13234146728969	-0.602921932592743	-0.490659366911913	-1.0382397690842	-0.866806509276584	-0.885805338082755	-0.521938188670041
MET243A	-0.65517151346601	-0.99493829931608	-1.17724501569033	-1.28212240497588	-0.829868733218669	-0.681575847300555	-0.527995693395227	-0.68827976902594	-1.04675740003101	-1.13234146728969	-0.602921932592743	-0.490659366911913	-1.0382397690842	-0.866806509276584	-0.885805338082755	-0.521938188670041
ASN200A	-0.165675555129336	-0.99493829931608	-0.0197856305158038	-0.40055022948118	-0.394695625750785	-0.442016811208957	-0.018296880464191	-0.68827976902594	-0.117541802127913	-0.398764769211652	-0.234104500687528	-0.180484615451941	0.329711278019984	-0.038241463644555	1.22928087733933	0.805600247729845
VAL197A	1.79230827821736	2.02080732296323	1.78070674642235	2.42048073210185	2.22977428780552	2.03302379825328	2.02049837125995	2.2810687920373	1.74088939367827	2.16875367406149	1.86469719774809	1.08070654414365	3.06561337222836	3.27601871888356	3.10935751327008	3.90318993266291
ILE255A	1.79230827821736	0.512934511823575	2.0379199431278	1.18627968640927	1.05140430955916	-0.21441206206868	1.00110074539788	-0.0944100568132925	1.01816615086476	-0.215370594692142	3.65000407906427	1.38465391331356	3.06561337222836	0.790323581987474	3.34436709276142	0.805600247729845
VAL272A	1.30281231988069	1.51818305258335	2.0379199431278	1.71522299170609	-0.429616924498208	-0.40763103537509	-0.018296880464191	-0.0944100568132925	0.398689085596028	0.151417754346877	0.120882277521241	0.687407962553087	-0.35426424553211	-0.038241463644555	-0.415786179100069	-0.964451000803336
VAL274A	2.77130019489071	3.026055863723	2.16652654148052	2.59679516720079	1.83041789700166	3.36724905539966	2.53019718419099	2.87493850424994	2.77335116912616	2.90233037213952	-0.18915487617408	-0.116994184353098	1.01368680157208	0.790323581987474	0.289242559373961	-0.521938188670041
GLN136A	0.323820403207339	0.0103102414436899	0.880460557953271	-0.40055022948118	0.287612826698859	-0.126182533910039	1.00110074539788	0.499459655399354	1.01816615086476	-0.765553118250672	0.0505764545643097	-0.0922461149227639	1.01368680157208	0.790323581987474	0.759261718356647	-0.0794253765367452
LEU130A	0.813316361544013	1.01555878220346	-0.276998827221254	0.128393075815638	0.183744348373191	0.345880030374709	1.00110074539788	1.68719907982465	0.398689085596028	1.06838862694443	-0.602921932592743	-0.490659366911913	-1.0382397690842	-0.866806509276584	-0.885805338082755	-0.521938188670041
SER127A	0.323820403207339	0.0103102414436899	-0.276998827221254	-0.0479213592833016	0.0745033625479203	-0.0103545230201894	1.00110074539788	0.499459655399354	0.29544290805124	0.151417754346877	-0.602921932592743	-0.490659366911913	-1.0382397690842	-0.866806509276584	-0.885805338082755	-0.521938188670041
LEU114A	-1.14466747180269	-0.492314028936195	-0.662818622279429	-0.224235794382241	-0.645412642398949	-0.505949146587938	-0.527995693395227	-0.0944100568132925	-0.737018867396641	-0.215370594692142	-0.602921932592743	-0.490659366911913	-1.0382397690842	-0.866806509276584	-0.885805338082755	-0.521938188670041
ARG290A	-1.63416343013936	-0.99493829931608	-1.82027800745395	-1.28212240497588	-0.83165956905187	-0.684791969599898	-1.03769450632626	-0.68827976902594	-1.25324975512058	-0.948947292770182	-0.602921932592743	-0.490659366911913	-1.0382397690842	-0.866806509276584	-0.885805338082755	-0.521938188670041
GLU287A	-1.63416343013936	-0.99493829931608	-1.82027800745395	-1.28212240497588	-0.83165956905187	-0.6857377249026	-1.03769450632626	-0.68827976902594	-1.25324975512058	-0.948947292770182	-0.602921932592743	-0.490659366911913	-1.0382397690842	-0.866806509276584	-0.885805338082755	-0.521938188670041
ALA276A	-0.165675555129336	-0.492314028936195	-0.148392228868529	-0.224235794382241	-0.710778150310791	-0.686002647241388	-0.527995693395227	-1.28214948123859	-0.117541802127913	-1.13234146728969	-0.494581811970586	-0.490659366911913	-0.35426424553211	-0.866806509276584	-0.415786179100069	-0.964451000803336
TYR103A	-0.165675555129336	-1.49756256969597	-0.405605425573979	-1.28212240497588	-0.0642864145251701	-0.686002647241388	-0.018296880464191	-1.28214948123859	-0.220787979672701	-1.13234146728969	-0.221426401465786	-0.490659366911913	-0.35426424553211	-0.866806509276584	-0.650795758591412	-0.964451000803336
ALA159A	0.323820403207339	1.01555878220346	1.13767375465872	1.36259412150821	-0.495877850326651	-0.344970567787484	-0.018296880464191	0.499459655399354	0.192196730506452	0.701600277905407	0.11742461409713	0.409988451358926	1.69766232512417	2.44745367325153	3.34436709276142	4.34570274479621
THR125A	1.79230827821736	2.02080732296323	1.78070674642235	2.42048073210185	0.468487245852177	0.638820924151167	1.51079955832892	1.68719907982465	1.63764321613349	2.16875367406149	0.811262407868816	1.16668695864761	3.06561337222836	3.27601871888356	2.63933835428739	1.69062587199644
CYS275A	0.813316361544013	1.01555878220346	0.751853959600546	1.36259412150821	-0.454688626163024	-0.311458985213247	0.491401932466845	1.093329367612	0.811673795775181	1.80196532502247	-0.556819753604591	-0.457253513652408	-0.35426424553211	-0.038241463644555	-0.415786179100069	-0.0794253765367452
LEU133A	0.813316361544013	1.51818305258335	1.26628035301145	1.71522299170609	-0.554080014905689	-0.263624152901262	1.51079955832892	2.2810687920373	1.74088939367827	1.98535949954198	-0.359732938430242	-0.0948437514387999	1.01368680157208	1.6188886276195	1.93430961581336	1.24811305986314
ASP207A	-0.65517151346601	-0.492314028936195	-0.662818622279429	0.128393075815638	-0.666007254480762	-0.646178336901067	-0.527995693395227	-0.0944100568132925	-0.427280334762277	0.518206103385897	-0.390851909247245	-0.440619331439824	-0.35426424553211	-0.038241463644555	-0.415786179100069	0.36308743559655
HIS193A	0.813316361544013	1.51818305258335	0.237427566189646	0.657336381112455	0.123751347960952	0.740676504709576	1.00110074539788	1.68719907982465	0.605181440685604	1.06838862694443	0.0770852074824971	0.426370044698302	1.01368680157208	1.6188886276195	0.289242559373961	0.805600247729845
ASN131A	-0.65517151346601	-0.492314028936195	-0.534212023926704	-0.929493534777997	-0.332016371588744	0.0267121432327185	-0.018296880464191	-0.0944100568132925	-0.117541802127913	-0.765553118250672	-0.0462381213108092	0.415401970877251	0.329711278019984	0.790323581987474	0.0542329798826177	-0.964451000803336
PHE270A	1.30281231988069	-0.492314028936195	1.13767375465872	-0.224235794382241	2.52347136445052	-0.147224230417248	1.51079955832892	-0.0944100568132925	1.74088939367827	0.151417754346877	2.92043709657676	-0.490659366911913	1.69766232512417	-0.866806509276584	1.22928087733933	-0.964451000803336
GLY244A	-0.65517151346601	0.0103102414436899	-0.791425220632154	-0.0479213592833016	-0.500354939909654	-0.476280856767308	-0.527995693395227	-0.0944100568132925	-0.737018867396641	-0.0319764201726325	-0.602921932592743	-0.490659366911913	-1.0382397690842	-0.866806509276584	-0.885805338082755	-0.521938188670041
GLY245A	0.813316361544013	1.51818305258335	0.494640762895096	1.18627968640927	1.02543718997774	1.54485657637171	0.491401932466845	1.093329367612	0.29544290805124	1.25178280146394	-0.602921932592743	-0.490659366911913	-1.0382397690842	-0.866806509276584	-0.885805338082755	-0.521938188670041
GLU221A	-0.65517151346601	-1.49756256969597	-0.662818622279429	-1.28212240497588	-0.589896731569712	-0.686002647241388	-1.03769450632626	-1.28214948123859	-0.943511222486218	-1.13234146728969	-0.191459985123488	-0.490659366911913	1.01368680157208	-0.866806509276584	0.0542329798826177	-0.964451000803336
LYS132A	-0.65517151346601	-0.492314028936195	-0.405605425573979	-0.576864664580119	1.33346095328834	1.83701601142485	-0.527995693395227	-0.0944100568132925	-0.530526512307065	-0.0319764201726325	1.21696158296455	1.61986247610426	-0.35426424553211	-0.038241463644555	-0.415786179100069	0.36308743559655
GLU198A	-0.165675555129336	-0.492314028936195	-0.148392228868529	-0.40055022948118	-0.609595925734925	-0.525420101576771	-0.018296880464191	-0.0944100568132925	-0.0142956245831245	-0.215370594692142	-0.315935868391498	-0.286513700096601	1.01368680157208	0.790323581987474	1.22928087733933	0.36308743559655
SER260A	-0.65517151346601	-0.99493829931608	-0.791425220632154	-1.28212240497588	-0.669588926147164	-0.686002647241388	-1.03769450632626	-1.28214948123859	-1.04675740003101	-1.13234146728969	-0.602921932592743	-0.490659366911913	-1.0382397690842	-0.866806509276584	-0.885805338082755	-0.521938188670041
ARG196A	0.813316361544013	0.512934511823575	1.13767375465872	0.657336381112455	0.261645707117442	0.06858445420858	1.00110074539788	1.093329367612	1.12141232840954	1.61857115050296	-0.292884778897422	-0.323579082681239	0.329711278019984	-0.038241463644555	1.22928087733933	0.805600247729845
ASP228A	-0.65517151346601	-0.99493829931608	-0.791425220632154	-1.10580796987694	0.645779993339092	0.400038938242965	-0.018296880464191	-0.68827976902594	-0.324034157217489	-0.948947292770182	0.451665411761231	-0.490659366911913	-0.35426424553211	-0.866806509276584	-0.180776599608726	-0.964451000803336
PRO191A	-0.65517151346601	-0.492314028936195	-0.0197856305158038	-0.40055022948118	0.454160559186568	-0.686002647241388	-1.03769450632626	-1.28214948123859	-0.737018867396641	-1.13234146728969	-0.602921932592743	-0.490659366911913	-1.0382397690842	-0.866806509276584	-0.885805338082755	-0.521938188670041
ALA138A	-0.65517151346601	0.0103102414436899	-0.0197856305158038	0.128393075815638	-0.652575985731753	-0.497394551381225	-0.527995693395227	-0.0944100568132925	-0.427280334762277	-0.398764769211652	-0.602921932592743	-0.490659366911913	-1.0382397690842	-0.866806509276584	-0.885805338082755	-0.521938188670041
LEU137A	1.30281231988069	1.51818305258335	1.78070674642235	1.18627968640927	-0.154723624101829	0.0399925430552174	1.51079955832892	1.68719907982465	2.77335116912616	1.80196532502247	-0.602921932592743	-0.490659366911913	-1.0382397690842	-0.866806509276584	-0.885805338082755	-0.521938188670041
GLY112A	-0.165675555129336	0.512934511823575	-0.0197856305158038	0.481021946013516	1.23586040037888	2.08027222594095	-0.527995693395227	-0.0944100568132925	-0.530526512307065	-0.215370594692142	-0.602921932592743	-0.490659366911913	-1.0382397690842	-0.866806509276584	-0.885805338082755	-0.521938188670041
PHE113A	0.323820403207339	-0.492314028936195	0.494640762895096	-0.753179099679058	2.00054730115577	3.94295449088961	0.491401932466845	-0.0944100568132925	0.811673795775181	-0.582158943731162	3.01264145455307	5.39404957024049	0.329711278019984	0.790323581987474	0.524252138865304	-0.964451000803336
HIS214A	-0.165675555129336	0.512934511823575	-0.405605425573979	0.128393075815638	-0.426930670748406	-0.403302403292089	0.491401932466845	1.093329367612	-0.117541802127913	0.518206103385897	-0.254850481232197	-0.343442199818724	0.329711278019984	0.790323581987474	0.0542329798826177	0.36308743559655
ILE251A	0.813316361544013	0.512934511823575	1.39488695136417	1.71522299170609	-0.37051934200257	-0.305297852329754	1.00110074539788	1.093329367612	1.12141232840954	1.61857115050296	-0.602921932592743	-0.490659366911913	-0.35426424553211	-0.038241463644555	0.0542329798826177	0.36308743559655
VAL172A	-0.165675555129336	0.512934511823575	0.237427566189646	1.36259412150821	0.0664446012985151	0.795499732957376	-0.018296880464191	0.499459655399354	-0.220787979672701	0.151417754346877	1.66300016467492	2.51715519555085	0.329711278019984	0.790323581987474	0.524252138865304	1.24811305986314
SER261A	-0.165675555129336	-1.49756256969597	-0.920031818984879	-1.28212240497588	-0.832554986968471	-0.686002647241388	-1.03769450632626	-1.28214948123859	-1.04675740003101	-1.13234146728969	-0.602921932592743	-0.490659366911913	-1.0382397690842	-0.866806509276584	-0.885805338082755	-0.521938188670041
ILE195A	0.323820403207339	0.512934511823575	1.26628035301145	0.833650816211394	0.991411309146918	0.341215167991877	1.00110074539788	1.093329367612	1.22465850595433	1.06838862694443	0.555395314484573	-0.398740100759389	0.329711278019984	-0.038241463644555	0.759261718356647	-0.521938188670041
LEU257A	1.79230827821736	1.51818305258335	1.5234935497169	1.53890855660715	1.34062429662115	0.61563157403303	2.02049837125995	2.2810687920373	2.46361263649179	2.5355420231005	0.838923715261707	0.415401970877251	0.329711278019984	-0.038241463644555	0.524252138865304	-0.521938188670041
PHE109A	0.323820403207339	-0.99493829931608	1.39488695136417	-0.576864664580119	0.239260259202428	-0.410065450929467	1.00110074539788	-0.68827976902594	1.32790468349912	-0.765553118250672	0.169289565458801	-0.139865432819628	1.01368680157208	-0.038241463644555	1.69930003632202	-0.0794253765367452
ASP259A	0.323820403207339	0.512934511823575	-0.405605425573979	-0.753179099679058	-0.594373821152715	-0.517579488156889	-0.527995693395227	-0.68827976902594	-0.530526512307065	-0.765553118250672	-0.602921932592743	-0.490659366911913	-1.0382397690842	-0.866806509276584	-0.885805338082755	-0.521938188670041
LEU145A	-0.165675555129336	0.512934511823575	0.623247361247821	1.53890855660715	0.0942025567131331	0.201685805621715	-0.018296880464191	0.499459655399354	0.192196730506452	1.25178280146394	-0.103865845045999	-0.0845262827890268	-0.35426424553211	-0.038241463644555	-0.180776599608726	0.36308743559655
SER96A	-1.14466747180269	-0.99493829931608	-0.791425220632154	-0.753179099679058	-0.665111836564162	-0.685222770785123	-0.527995693395227	-0.68827976902594	-0.117541802127913	-0.582158943731162	-0.602921932592743	-0.490659366911913	-1.0382397690842	-0.866806509276584	-0.885805338082755	-0.521938188670041
ASP148A	-0.65517151346601	-0.492314028936195	-0.534212023926704	-0.0479213592833016	-0.665111836564162	-0.619037453504623	-0.527995693395227	-0.0944100568132925	-0.117541802127913	0.518206103385897	-0.602921932592743	-0.490659366911913	-1.0382397690842	-0.866806509276584	-0.885805338082755	-0.521938188670041
CYS182A	-0.65517151346601	-0.492314028936195	-0.534212023926704	-0.40055022948118	-0.665111836564162	-0.410803250919606	-0.527995693395227	-0.0944100568132925	-0.427280334762277	-0.0319764201726325	-0.602921932592743	-0.490659366911913	-0.35426424553211	-0.866806509276584	-0.180776599608726	-0.964451000803336
ILE254A	0.323820403207339	0.0103102414436899	1.009067156306	-0.0479213592833016	0.0342095563008941	0.394980919530048	-0.018296880464191	0.499459655399354	-0.324034157217489	-0.215370594692142	0.419393886469525	-0.490659366911913	0.329711278019984	-0.866806509276584	0.524252138865304	-0.964451000803336
ASP186A	-0.165675555129336	0.0103102414436899	-0.791425220632154	-0.40055022948118	-0.00966592161253453	0.346409941424799	-0.018296880464191	-0.0944100568132925	-0.530526512307065	-0.398764769211652	0.456275629660046	0.821827961455443	0.329711278019984	0.790323581987474	-0.180776599608726	-0.0794253765367452
ASN263A	-0.65517151346601	-0.492314028936195	-1.0486384173376	-0.753179099679058	-0.409022312416395	-0.605049409658963	-0.018296880464191	-0.0944100568132925	-0.84026504494143	-0.948947292770182	-0.602921932592743	-0.490659366911913	-1.0382397690842	-0.866806509276584	-0.885805338082755	-0.521938188670041
THR123A	0.323820403207339	0.512934511823575	0.366034164542371	0.657336381112455	-0.583628806153508	-0.518351970295854	-0.018296880464191	-0.0944100568132925	0.398689085596028	-0.0319764201726325	-0.282511788625088	-0.277528113478148	1.01368680157208	0.790323581987474	1.22928087733933	0.36308743559655
TYR107A	-0.165675555129336	-0.99493829931608	-0.148392228868529	-0.929493534777997	-0.690183538228978	-0.627635683677566	-0.018296880464191	-0.68827976902594	-0.324034157217489	-0.582158943731162	-0.41966577111484	-0.416458508733919	-0.35426424553211	-0.038241463644555	-0.650795758591412	-0.0794253765367452
VAL122A	1.79230827821736	1.51818305258335	1.009067156306	1.71522299170609	-0.446629864913619	-0.190480757127753	1.00110074539788	1.093329367612	0.811673795775181	0.701600277905407	-0.410445335317209	-0.190801946192386	1.69766232512417	1.6188886276195	1.46429045683068	0.36308743559655
ARG280A	0.323820403207339	-0.492314028936195	-0.276998827221254	-0.753179099679058	-0.66332100073096	-0.487666205012849	-1.03769450632626	-0.68827976902594	-1.15000357757579	-0.948947292770182	-0.602921932592743	-0.490659366911913	-1.0382397690842	-0.866806509276584	-0.885805338082755	-0.521938188670041
GLY105A	0.813316361544013	1.51818305258335	0.237427566189646	0.833650816211394	-0.175318236183642	0.39708773828241	1.00110074539788	1.68719907982465	0.501935263140816	0.518206103385897	-0.221426401465786	0.13026465546534	0.329711278019984	0.790323581987474	-0.180776599608726	-0.521938188670041
VAL157A	1.79230827821736	2.02080732296323	1.90931334477507	2.77310960229973	0.842771934991221	0.778008031829227	1.51079955832892	1.68719907982465	1.43115086104391	1.80196532502247	0.88848355767397	0.410986171891725	1.69766232512417	1.6188886276195	1.93430961581336	1.24811305986314
GLU285A	0.323820403207339	0.0103102414436899	0.366034164542371	-0.224235794382241	0.328802050862486	-0.309364670109133	0.491401932466845	0.499459655399354	0.192196730506452	0.151417754346877	-0.602921932592743	-0.490659366911913	-1.0382397690842	-0.866806509276584	-0.885805338082755	-0.521938188670041
THR284A	-0.65517151346601	0.0103102414436899	-0.791425220632154	-0.40055022948118	-0.832554986968471	-0.686002647241388	-1.5473933192573	-1.28214948123859	-1.25324975512058	-0.948947292770182	-0.602921932592743	-0.490659366911913	-1.0382397690842	-0.866806509276584	-0.885805338082755	-0.521938188670041
CYS135A	-0.65517151346601	0.0103102414436899	0.623247361247821	1.18627968640927	-0.480655745744441	-0.47892852250847	-0.018296880464191	0.499459655399354	0.708427618230392	1.43517697598345	-0.374716146601391	-0.353737253679885	-0.35426424553211	-0.038241463644555	-0.415786179100069	0.36308743559655
GLN100A	-1.14466747180269	-0.99493829931608	-0.920031818984879	-0.753179099679058	-0.517367880325065	-0.481759469572008	-1.03769450632626	-0.68827976902594	-0.943511222486218	-0.582158943731162	0.0874581977548312	-0.231008733493283	0.329711278019984	-0.038241463644555	0.0542329798826177	-0.0794253765367452
CYS220A	0.323820403207339	0.0103102414436899	0.880460557953271	-0.0479213592833016	-0.142187773269421	-0.446217650446269	0.491401932466845	-0.0944100568132925	1.32790468349912	0.701600277905407	-0.228341728314009	-0.18582506589589	0.329711278019984	0.790323581987474	0.289242559373961	-0.0794253765367452
THR155A	1.79230827821736	2.02080732296323	1.39488695136417	1.89153742680503	1.18303074329944	1.07885386658056	2.53019718419099	2.87493850424994	2.360366458947	2.90233037213952	0.324884419543813	0.384696163186239	-0.35426424553211	-0.038241463644555	-0.415786179100069	-0.0794253765367452
SER185A	-1.14466747180269	-0.492314028936195	-1.30585161404305	-0.576864664580119	-0.665111836564162	-0.410065450929467	-0.527995693395227	-0.0944100568132925	-0.84026504494143	-0.582158943731162	-0.602921932592743	-0.490659366911913	-1.0382397690842	-0.866806509276584	-0.885805338082755	-0.521938188670041
ARG267A	-0.165675555129336	0.0103102414436899	-0.405605425573979	-0.224235794382241	-0.442152775330616	-0.124813001129792	-0.527995693395227	-0.0944100568132925	-1.04675740003101	-0.948947292770182	-0.254850481232197	-0.0286002409336487	-0.35426424553211	-0.038241463644555	-0.415786179100069	0.36308743559655
HIS168A	-0.65517151346601	-0.492314028936195	-0.920031818984879	-0.40055022948118	-0.335598043255147	-0.256330020080984	-1.03769450632626	-0.68827976902594	-0.737018867396641	-0.215370594692142	0.0367458008678642	0.055575621585192	-0.35426424553211	-0.038241463644555	-0.180776599608726	0.36308743559655
GLU286A	-0.65517151346601	-0.492314028936195	-0.276998827221254	-0.224235794382241	-0.669588926147164	-0.549428278632898	-0.527995693395227	-0.68827976902594	-0.324034157217489	-0.582158943731162	-0.602921932592743	-0.490659366911913	-1.0382397690842	-0.866806509276584	-0.885805338082755	-0.521938188670041
SER240A	-0.65517151346601	-0.492314028936195	0.366034164542371	0.481021946013516	-0.665111836564162	-0.476467450041961	-0.018296880464191	-0.0944100568132925	0.605181440685604	0.518206103385897	-0.439259197184804	-0.224281085408681	0.329711278019984	0.790323581987474	0.289242559373961	-0.0794253765367452
ARG209A	-1.14466747180269	-1.49756256969597	-1.43445821239578	-1.28212240497588	-0.832554986968471	-0.686002647241388	-1.5473933192573	-1.28214948123859	-1.25324975512058	-0.948947292770182	-0.602921932592743	-0.490659366911913	-1.0382397690842	-0.866806509276584	-0.885805338082755	-0.521938188670041
ASN210A	-0.65517151346601	-0.99493829931608	-1.0486384173376	-1.28212240497588	-0.832554986968471	-0.686002647241388	-1.5473933192573	-1.28214948123859	-1.25324975512058	-0.948947292770182	-0.602921932592743	-0.490659366911913	-1.0382397690842	-0.866806509276584	-0.885805338082755	-0.521938188670041
SER269A	-1.14466747180269	-1.49756256969597	-1.30585161404305	-1.28212240497588	-0.665111836564162	-0.686002647241388	-1.03769450632626	-1.28214948123859	-1.04675740003101	-1.13234146728969	-0.387394245823133	-0.490659366911913	-0.35426424553211	-0.866806509276584	-0.650795758591412	-0.964451000803336
ALA119A	-0.65517151346601	-0.492314028936195	-0.534212023926704	-0.753179099679058	-0.499459521993054	-0.137079454578101	-1.03769450632626	-0.68827976902594	-0.84026504494143	-0.582158943731162	-0.602921932592743	-0.490659366911913	-1.0382397690842	-0.866806509276584	-0.885805338082755	-0.521938188670041
LYS120A	-1.63416343013936	-1.49756256969597	-1.5630648107485	-1.28212240497588	-0.832554986968471	-0.686002647241388	-1.5473933192573	-1.28214948123859	-1.25324975512058	-0.948947292770182	-0.602921932592743	-0.490659366911913	-1.0382397690842	-0.866806509276584	-0.885805338082755	-0.521938188670041
HIS178A	-0.165675555129336	-0.99493829931608	-0.276998827221254	-1.10580796987694	-0.760026135723823	-0.685264847251249	-0.527995693395227	-0.68827976902594	-0.427280334762277	-0.765553118250672	-0.480751158274141	-0.490659366911913	0.329711278019984	-0.866806509276584	-0.180776599608726	-0.964451000803336
CYS277A	-0.165675555129336	-0.492314028936195	-0.148392228868529	-0.929493534777997	-0.636458463232943	-0.605450693197451	-0.527995693395227	-0.68827976902594	-0.530526512307065	-0.948947292770182	-0.602921932592743	-0.490659366911913	-1.0382397690842	-0.866806509276584	-0.885805338082755	-0.521938188670041
PRO223A	-0.165675555129336	0.0103102414436899	-0.791425220632154	-0.40055022948118	-0.576465462820704	-0.351041451718361	-0.018296880464191	-0.0944100568132925	-0.220787979672701	-0.398764769211652	-0.602921932592743	-0.490659366911913	-1.0382397690842	-0.866806509276584	-0.885805338082755	-0.521938188670041
PHE212A	-1.14466747180269	-1.49756256969597	-1.0486384173376	-1.28212240497588	-0.665111836564162	-0.686002647241388	-1.03769450632626	-1.28214948123859	-1.04675740003101	-1.13234146728969	-0.602921932592743	-0.490659366911913	-1.0382397690842	-0.866806509276584	-0.885805338082755	-0.521938188670041
LYS101A	-1.14466747180269	-1.49756256969597	-1.0486384173376	-1.28212240497588	-0.712568986143992	-0.686002647241388	-1.03769450632626	-1.28214948123859	-1.15000357757579	-1.13234146728969	-0.541836545433442	-0.490659366911913	-0.35426424553211	-0.866806509276584	-0.415786179100069	-0.964451000803336
PRO151A	0.323820403207339	0.512934511823575	-0.148392228868529	0.128393075815638	0.851726114157227	0.376463303689985	1.00110074539788	1.093329367612	0.501935263140816	0.884994452424916	1.24462289035744	0.448921633654565	1.01368680157208	0.790323581987474	0.0542329798826177	0.36308743559655
THR150A	-1.63416343013936	-0.99493829931608	-1.30585161404305	-0.753179099679058	-0.665111836564162	-0.599170189615869	-1.03769450632626	-0.68827976902594	-0.84026504494143	-0.398764769211652	-0.602921932592743	-0.490659366911913	-1.0382397690842	-0.866806509276584	-0.885805338082755	-0.521938188670041
ASP268A	-0.65517151346601	0.0103102414436899	-0.405605425573979	0.128393075815638	-0.665111836564162	-0.50014108996737	-0.527995693395227	-0.0944100568132925	-0.220787979672701	0.518206103385897	-0.387394245823133	-0.25437695285502	0.329711278019984	0.790323581987474	0.0542329798826177	0.805600247729845
SER99A	-0.165675555129336	0.0103102414436899	-0.662818622279429	-0.753179099679058	-0.514681626575264	-0.603830701951927	-0.527995693395227	-0.68827976902594	-0.84026504494143	-0.765553118250672	0.0909158611789426	0.176575348412259	1.01368680157208	1.6188886276195	-0.180776599608726	-0.0794253765367452
VAL147A	0.813316361544013	0.512934511823575	0.366034164542371	-0.224235794382241	-0.552289179072488	-0.224139853414483	0.491401932466845	-0.0944100568132925	0.914919973319969	-0.582158943731162	-0.274443907302161	0.0439730994854199	-0.35426424553211	-0.038241463644555	-0.180776599608726	-0.0794253765367452
SER149A	-0.65517151346601	-0.99493829931608	-0.534212023926704	-1.10580796987694	-0.751071956557817	-0.686002647241388	-0.527995693395227	-0.68827976902594	-0.530526512307065	-0.948947292770182	-0.602921932592743	-0.490659366911913	-1.0382397690842	-0.866806509276584	-0.885805338082755	-0.521938188670041
PRO222A	-0.65517151346601	-0.99493829931608	-0.920031818984879	-1.28212240497588	-0.832554986968471	-0.686002647241388	-1.03769450632626	-1.28214948123859	-0.943511222486218	-1.13234146728969	-0.503802247768217	-0.329331675297279	-0.35426424553211	-0.038241463644555	-0.415786179100069	-0.964451000803336
LEU206A	-0.165675555129336	-0.492314028936195	-0.0197856305158038	-0.224235794382241	-0.666007254480762	-0.646055645515728	-0.018296880464191	-0.68827976902594	-0.0142956245831245	-0.398764769211652	-0.388546800297837	-0.439875470873863	1.01368680157208	-0.038241463644555	1.46429045683068	0.36308743559655
GLY117A	-0.65517151346601	0.0103102414436899	-0.534212023926704	-0.0479213592833016	-0.557661686572091	-0.430577232745865	-0.527995693395227	-0.0944100568132925	-0.220787979672701	0.334811928866387	-0.46231028667888	-0.261799153226037	-0.35426424553211	-0.038241463644555	-0.650795758591412	-0.964451000803336
SER116A	-1.14466747180269	-1.49756256969597	-0.791425220632154	-1.28212240497588	-0.774352822389433	-0.686002647241388	-1.03769450632626	-1.28214948123859	-0.84026504494143	-1.13234146728969	-0.387394245823133	-0.490659366911913	0.329711278019984	-0.866806509276584	0.0542329798826177	-0.964451000803336
MET169A	-0.65517151346601	-0.99493829931608	-0.662818622279429	-0.753179099679058	-0.665111836564162	-0.625701017743548	-0.527995693395227	-0.68827976902594	-0.117541802127913	-0.582158943731162	-0.387394245823133	-0.413999003153594	1.01368680157208	-0.038241463644555	0.289242559373961	-0.521938188670041
SER215A	0.323820403207339	-0.492314028936195	0.494640762895096	-0.224235794382241	0.323429543362882	-0.188017164864823	0.491401932466845	-0.0944100568132925	0.192196730506452	-0.215370594692142	0.70637995067077	0.142420510750715	1.69766232512417	0.790323581987474	2.40432877479605	0.805600247729845
ARG202A	-1.14466747180269	-0.99493829931608	-1.17724501569033	-1.10580796987694	-0.666007254480762	-0.556789556726027	-1.03769450632626	-0.68827976902594	-1.25324975512058	-0.948947292770182	-0.602921932592743	-0.490659366911913	-1.0382397690842	-0.866806509276584	-0.885805338082755	-0.521938188670041
PRO177A	-0.165675555129336	0.512934511823575	-0.534212023926704	0.128393075815638	-0.602432582402121	-0.445418497164072	-0.527995693395227	-0.0944100568132925	-0.943511222486218	-0.582158943731162	-0.602921932592743	-0.490659366911913	-0.35426424553211	-0.038241463644555	-0.650795758591412	-0.964451000803336
LEU289A	-1.14466747180269	-0.492314028936195	-0.920031818984879	-0.224235794382241	-0.665111836564162	-0.586004843671366	-0.527995693395227	-0.0944100568132925	-0.633772689851853	-0.0319764201726325	-0.602921932592743	-0.490659366911913	-1.0382397690842	-0.866806509276584	-0.885805338082755	-0.521938188670041
MET160A	0.323820403207339	-0.99493829931608	0.366034164542371	-0.929493534777997	-0.362460580753164	-0.00132425639255689	-0.018296880464191	-0.68827976902594	-0.0142956245831245	-0.765553118250672	0.511598244445829	0.379759806450762	1.01368680157208	-0.038241463644555	0.759261718356647	-0.0794253765367452
THR102A	-1.63416343013936	-0.99493829931608	-1.43445821239578	-1.28212240497588	-0.832554986968471	-0.686002647241388	-1.5473933192573	-1.28214948123859	-1.25324975512058	-0.948947292770182	-0.602921932592743	-0.490659366911913	-1.0382397690842	-0.866806509276584	-0.885805338082755	-0.521938188670041
ARG248A	-1.14466747180269	-0.99493829931608	-1.30585161404305	-0.929493534777997	-0.362460580753164	-0.435150650594187	-0.527995693395227	-0.68827976902594	-0.943511222486218	-1.13234146728969	-0.193765094072895	-0.490659366911913	-0.35426424553211	-0.866806509276584	-0.415786179100069	-0.964451000803336
GLY226A	-1.14466747180269	-0.492314028936195	-1.5630648107485	-1.10580796987694	-0.335598043255147	-0.100989536480758	-1.03769450632626	-0.68827976902594	-1.15000357757579	-0.948947292770182	-0.602921932592743	-0.490659366911913	-1.0382397690842	-0.866806509276584	-0.885805338082755	-0.521938188670041
SER227A	-1.14466747180269	-0.99493829931608	-1.43445821239578	-1.10580796987694	0.323429543362882	-0.45205776894792	-0.527995693395227	-0.68827976902594	-0.943511222486218	-0.948947292770182	-0.602921932592743	-0.490659366911913	-1.0382397690842	-0.866806509276584	-0.885805338082755	-0.521938188670041
ASN288A	-1.63416343013936	-0.99493829931608	-1.5630648107485	-0.929493534777997	-0.832554986968471	-0.686002647241388	-1.5473933192573	-1.28214948123859	-1.25324975512058	-0.948947292770182	-0.602921932592743	-0.490659366911913	-1.0382397690842	-0.866806509276584	-0.885805338082755	-0.521938188670041
SER106A	-1.63416343013936	-1.49756256969597	-1.17724501569033	-1.28212240497588	-0.665111836564162	-0.686002647241388	-1.03769450632626	-1.28214948123859	-0.84026504494143	-1.13234146728969	-0.602921932592743	-0.490659366911913	-1.0382397690842	-0.866806509276584	-0.885805338082755	-0.521938188670041
GLY199A	-1.14466747180269	-0.492314028936195	-1.17724501569033	-0.753179099679058	-0.681229359062972	-0.436626250574465	-1.03769450632626	-0.68827976902594	-1.04675740003101	-0.948947292770182	-0.602921932592743	-0.490659366911913	-1.0382397690842	-0.866806509276584	-0.885805338082755	-0.521938188670041
GLU224A	-1.63416343013936	-1.49756256969597	-1.69167140910123	-1.28212240497588	-0.832554986968471	-0.686002647241388	-1.5473933192573	-1.28214948123859	-1.25324975512058	-0.948947292770182	-0.602921932592743	-0.490659366911913	-1.0382397690842	-0.866806509276584	-0.885805338082755	-0.521938188670041
VAL225A	-1.14466747180269	-0.492314028936195	-1.69167140910123	-1.10580796987694	-0.832554986968471	-0.686002647241388	-1.5473933192573	-1.28214948123859	-1.25324975512058	-0.948947292770182	-0.602921932592743	-0.490659366911913	-1.0382397690842	-0.866806509276584	-0.885805338082755	-0.521938188670041
THR170A	-0.165675555129336	0.0103102414436899	-0.662818622279429	-0.40055022948118	-0.665111836564162	-0.62845424801056	-0.527995693395227	-0.68827976902594	-0.117541802127913	-0.582158943731162	-0.602921932592743	-0.490659366911913	0.329711278019984	0.790323581987474	0.0542329798826177	-0.0794253765367452
SER121A	-1.14466747180269	-0.99493829931608	-0.662818622279429	-0.224235794382241	-0.832554986968471	-0.686002647241388	-1.5473933192573	-1.28214948123859	-1.25324975512058	-0.948947292770182	-0.602921932592743	-0.490659366911913	-1.0382397690842	-0.866806509276584	-0.885805338082755	-0.521938188670041
GLU180A	-1.63416343013936	-0.99493829931608	-1.30585161404305	-0.929493534777997	-0.665111836564162	-0.410065450929467	-1.03769450632626	-0.68827976902594	-1.04675740003101	-1.13234146728969	-0.602921932592743	-0.490659366911913	-1.0382397690842	-0.866806509276584	-0.885805338082755	-0.521938188670041
HIS115A	-2.12365938847603	-1.49756256969597	-1.82027800745395	-1.28212240497588	-0.832554986968471	-0.686002647241388	-1.5473933192573	-1.28214948123859	-1.25324975512058	-0.948947292770182	-0.602921932592743	-0.490659366911913	-1.0382397690842	-0.866806509276584	-0.885805338082755	-0.521938188670041
SER166A	-2.12365938847603	-1.49756256969597	-1.82027800745395	-1.28212240497588	-0.832554986968471	-0.686002647241388	-1.5473933192573	-1.28214948123859	-1.25324975512058	-0.948947292770182	-0.602921932592743	-0.490659366911913	-1.0382397690842	-0.866806509276584	-0.885805338082755	-0.521938188670041
ARG181A	-2.12365938847603	-1.49756256969597	-1.82027800745395	-1.28212240497588	-0.832554986968471	-0.686002647241388	-1.5473933192573	-1.28214948123859	-1.25324975512058	-0.948947292770182	-0.602921932592743	-0.490659366911913	-1.0382397690842	-0.866806509276584	-0.885805338082755	-0.521938188670041
SER183A	-2.12365938847603	-1.49756256969597	-1.82027800745395	-1.28212240497588	-0.832554986968471	-0.686002647241388	-1.5473933192573	-1.28214948123859	-1.25324975512058	-0.948947292770182	-0.602921932592743	-0.490659366911913	-1.0382397690842	-0.866806509276584	-0.885805338082755	-0.521938188670041
LEU201A	-2.12365938847603	-1.49756256969597	-1.82027800745395	-1.28212240497588	-0.832554986968471	-0.686002647241388	-1.5473933192573	-1.28214948123859	-1.25324975512058	-0.948947292770182	-0.602921932592743	-0.490659366911913	-1.0382397690842	-0.866806509276584	-0.885805338082755	-0.521938188670041
