Degree	Degree_sidechain	SecondOrderDegree	SecondOrderDegree_sidechain	NodeEdgeBetweennessSTRIDE	NodeEdgeBetweennessSTRIDE_sidechain	IntermodularDegreeSTRIDE	IntermodularDegreeSTRIDE_sidechain	SecondOrderIntermodularDegreeSTRIDE	SecondOrderIntermodularDegreeSTRIDE_sidechain	NodeEdgeBetweennessWALKTRAP	NodeEdgeBetweennessWALKTRAP_sidechain	IntermodularDegreeWALKTRAP	IntermodularDegreeWALKTRAP_sidechain	SecondOrderIntermodularDegreeWALKTRAP	SecondOrderIntermodularDegreeWALKTRAP_sidechain
ARG110A	0.312161274114333	0.531858875050011	0.465895056587727	0.830390771199552	1.00908681336414	2.03205999740752	0.912537366169337	1.03949671151334	0.737239157422196	0.775079520732682	0.912665201004515	1.55305259967411	0.613377369467655	0.156296910104126	1.12263969469628	0.0788747596765375
TRP146A	0.312161274114333	-0.480222091064573	0.465895056587727	-0.566661513393685	2.9849040234846	0.840520978483488	0.912537366169337	-0.108341910777447	0.551507955809407	-0.409117698025937	2.62233427626904	1.55556266492218	2.11615192466341	1.11361548449189	0.870303249558129	1.07625881752179
CYS229A	0.797745478292185	0.531858875050011	-0.170006274130898	-0.0427669066712214	0.708588214819418	-0.195817042499649	0.912537366169337	0.465577400367949	0.180045552583827	-0.0707756355234743	0.645173701212795	0.186402634671203	1.36476464706553	2.07093405887966	0.617966804419973	0.0788747596765375
ARG196A	1.28332968247004	0.531858875050011	1.48333718573753	0.655759235625397	0.863508476763458	0.946809747809793	1.40121857865346	1.03949671151334	1.20156716145417	1.11342158323514	1.14145580295403	1.51583135310379	1.36476464706553	1.11361548449189	1.6273125849726	2.07364287536703
ASP184A	0.312161274114333	0.531858875050011	0.211534524300277	0.306496164477088	-0.642876984853205	-0.591879200762237	-0.0648250587989147	-0.108341910777447	0.365776754196617	0.267566426978988	-0.330316576751052	-0.336855670638911	2.11615192466341	2.07093405887966	2.13198547524891	1.57495084644441
HIS178A	-0.173422930063518	-0.480222091064573	-0.170006274130898	-0.392029977819531	-0.642876984853205	-0.64030124819466	-0.553506271283041	-0.682261221922843	-0.470013653060938	-0.747459760528399	-0.550001085090635	-0.401553429573439	-0.889397185728099	-0.801021664283644	-0.643715421270805	-0.419817269246087
HIS179A	1.28332968247004	0.531858875050011	0.847435855018902	0.481127700051242	1.20838122068913	-0.334018691670801	1.40121857865346	1.03949671151334	1.85162636709894	1.9592767394913	0.749893777727	-0.401553429573439	1.36476464706553	1.11361548449189	2.38432192038706	2.57233490428966
CYS242A	0.797745478292185	0.531858875050011	0.211534524300277	0.131864628902933	-0.501969610924205	-0.443041163644246	0.423856153685211	0.465577400367949	1.10870156064778	1.28259261448638	-0.304136557622501	-0.258600387105397	-0.138009908130222	0.156296910104126	0.870303249558129	1.57495084644441
GLY279A	0.312161274114333	1.0378993581073	0.847435855018902	2.05281152021863	-0.439690108635144	-0.176227953547536	-1.04218748376717	-0.682261221922843	-0.841476056286517	-0.409117698025937	-0.0332302727270565	0.212282798362216	-0.138009908130222	0.156296910104126	-0.139042530994494	0.577566788599162
THR118A	0.312161274114333	0.531858875050011	-0.170006274130898	0.655759235625397	0.643194737415904	0.392324308378599	0.912537366169337	1.03949671151334	-0.191416850641753	0.605908489481451	1.2700793751943	0.919389931737777	1.36476464706553	2.07093405887966	-0.139042530994494	0.577566788599162
ASN288A	-0.65900713424137	-0.986262574121866	-1.1874484032807	-0.74129304896784	-0.642876984853205	-0.640849917095492	-1.04218748376717	-1.25618053306824	-1.2129384595121	-1.08580182303086	-0.550001085090635	-0.401553429573439	-0.889397185728099	-0.801021664283644	-0.643715421270805	-0.419817269246087
GLU287A	-1.14459133841922	-0.480222091064573	-1.44180893556815	-0.915924584541994	-0.793126284125565	-0.640849917095492	-1.53086869625129	-1.25618053306824	-1.2129384595121	-0.91663079177963	-0.550001085090635	-0.401553429573439	-0.889397185728099	-0.801021664283644	-0.643715421270805	-0.419817269246087
PRO128A	-0.173422930063518	0.531858875050011	-0.297186540274623	0.131864628902933	-0.209255950165618	0.25235985142499	-0.0648250587989147	0.465577400367949	0.087179951777432	0.605908489481451	-0.550001085090635	-0.401553429573439	-0.889397185728099	-0.801021664283644	-0.643715421270805	-0.419817269246087
TYR126A	0.312161274114333	-0.986262574121866	0.338714790444002	-1.09055612011615	1.56493137129401	-0.630475200705057	0.423856153685211	-0.682261221922843	0.087179951777432	-0.747459760528399	1.21202802843099	-0.401553429573439	-0.138009908130222	-0.801021664283644	-0.391378976132649	-0.918509298168711
CYS176A	1.28332968247004	1.0378993581073	0.720255588875177	0.306496164477088	2.47265511715707	1.20913070019665	1.88989979113759	1.61341602265874	1.48016396387336	1.45176364573761	0.564357120424658	-0.0779059097682521	-0.138009908130222	0.156296910104126	0.870303249558129	1.57495084644441
ARG249A	1.28332968247004	1.0378993581073	0.974616121162627	0.655759235625397	1.21772314603249	1.52047895794877	1.88989979113759	1.61341602265874	1.57302956467975	1.11342158323514	0.731681590507139	0.868769621992123	0.613377369467655	1.11361548449189	0.617966804419973	0.577566788599162
GLU171A	-0.65900713424137	-0.986262574121866	-0.297186540274623	-0.566661513393685	-0.0154109992909156	-0.469467364238254	-0.0648250587989147	-0.682261221922843	-0.00568564902896298	-0.239946666774705	-0.550001085090635	-0.401553429573439	-0.138009908130222	-0.801021664283644	-0.391378976132649	-0.918509298168711
THR230A	0.312161274114333	0.531858875050011	-0.297186540274623	-0.0427669066712214	-0.551793212755453	-0.455298663055226	0.423856153685211	0.465577400367949	-0.284282451448148	-0.409117698025937	-0.540894991480704	-0.401553429573439	-0.138009908130222	-0.801021664283644	-0.139042530994494	-0.918509298168711
THR231A	0.312161274114333	1.0378993581073	-0.170006274130898	0.306496164477088	-0.628085603059553	-0.374142561922801	-0.553506271283041	-0.108341910777447	-0.655744854673728	-0.578288729277168	-0.493088000028567	-0.345369561204963	-0.138009908130222	0.156296910104126	-0.391378976132649	0.0788747596765375
TYR163A	0.312161274114333	-0.480222091064573	1.10179638730635	0.131864628902933	-0.0122970241764626	-0.574102595360669	0.912537366169337	-0.108341910777447	1.48016396387336	0.436737458230219	-0.550001085090635	-0.401553429573439	-0.138009908130222	0.156296910104126	0.365630359281817	0.0788747596765375
ARG213A	0.797745478292185	0.531858875050011	0.720255588875177	0.481127700051242	2.2219801204436	1.75204421195326	1.40121857865346	1.03949671151334	0.644373556615802	0.605908489481451	0.525656222582452	-0.401553429573439	-0.138009908130222	-0.801021664283644	-0.643715421270805	-0.918509298168711
THR211A	-0.173422930063518	0.531858875050011	-0.805907604849523	-0.217398442245376	-0.0574496633360318	0.548010699122403	-1.04218748376717	-0.682261221922843	-0.748610455480123	-0.409117698025937	0.525656222582452	1.16911212964334	-0.138009908130222	0.156296910104126	-0.643715421270805	-0.918509298168711
GLN165A	-0.173422930063518	-0.480222091064573	-0.424366806418348	-0.74129304896784	-0.143083978983491	-0.606593747006391	0.423856153685211	-0.108341910777447	-0.0985512498353579	-0.578288729277168	-0.550001085090635	-0.401553429573439	-0.889397185728099	-0.801021664283644	-0.643715421270805	-0.419817269246087
GLN167A	-0.65900713424137	-0.480222091064573	-1.1874484032807	-1.09055612011615	-0.688808117791388	-0.485769026083226	-1.04218748376717	-0.682261221922843	-0.934341657092912	-0.747459760528399	-0.550001085090635	-0.401553429573439	-0.889397185728099	-0.801021664283644	-0.643715421270805	-0.419817269246087
GLY154A	-0.173422930063518	0.531858875050011	-0.297186540274623	0.306496164477088	-0.350163324094618	0.0749825597595154	-0.0648250587989147	0.465577400367949	-0.0985512498353579	0.267566426978988	-0.333731361854776	-0.085758237773239	-0.138009908130222	0.156296910104126	-0.643715421270805	-0.918509298168711
PRO153A	-1.14459133841922	-0.986262574121866	-1.06026813713697	-0.566661513393685	-0.793126284125565	-0.640849917095492	-1.53086869625129	-1.25618053306824	-1.2129384595121	-0.91663079177963	-0.334869623556017	-0.0874203177300821	-0.138009908130222	0.156296910104126	-0.391378976132649	-0.419817269246087
THR253A	1.76891388664789	2.55602080727918	2.3735990487436	2.40207459136694	0.498394894593838	0.340239940479855	0.912537366169337	1.61341602265874	1.29443276226057	1.62093467698884	0.859166901046171	0.638147132836721	1.36476464706553	2.07093405887966	1.6273125849726	3.07102693321228
TYR236A	2.25449809082574	-0.480222091064573	2.62795958103105	0.306496164477088	4.12461891537441	-0.0907744978208336	2.86726221610584	-0.108341910777447	3.15174477838847	0.267566426978988	3.06284155464945	0.325179800748396	2.11615192466341	1.11361548449189	3.14133125580153	1.57495084644441
LEU137A	1.28332968247004	1.5439398411646	1.48333718573753	1.00502230677371	0.289758561925483	0.293808022489434	1.40121857865346	1.61341602265874	2.5016855727437	1.62093467698884	-0.291615678908846	-0.119100055643833	0.613377369467655	1.11361548449189	0.617966804419973	0.577566788599162
MET237A	0.797745478292185	0.531858875050011	0.720255588875177	0.481127700051242	2.51780775631664	-0.0712005858114538	1.40121857865346	1.03949671151334	1.29443276226057	1.11342158323514	3.63880197547758	0.351039913391439	2.11615192466341	2.07093405887966	2.88899481066337	3.07102693321228
CYS238A	2.25449809082574	1.0378993581073	1.8648779841687	0.655759235625397	1.61475497312526	0.662829572166936	2.86726221610584	1.61341602265874	3.52320718161404	1.9592767394913	2.73160739958821	1.32080531131577	4.37031375745704	3.9855712076552	4.40301348149231	3.07102693321228
CYS124A	0.797745478292185	0.025818391992719	0.593075322731452	0.830390771199552	0.353595051771771	0.286248643067371	0.912537366169337	-0.108341910777447	0.458642355003012	0.0983953957277569	-0.422515774551602	-0.401553429573439	-0.138009908130222	-0.801021664283644	-0.391378976132649	-0.918509298168711
CYS141A	0.797745478292185	1.0378993581073	1.22897665345008	0.830390771199552	0.926566472831132	0.552107445316904	0.912537366169337	1.61341602265874	1.20156716145417	1.28259261448638	-0.0696546471667801	-0.401553429573439	-0.138009908130222	-0.801021664283644	-0.391378976132649	-0.918509298168711
ALA129A	-0.65900713424137	-0.480222091064573	-0.933087870993248	-0.392029977819531	-0.793126284125565	-0.640849917095492	-1.04218748376717	-1.25618053306824	-0.841476056286517	-1.08580182303086	-0.550001085090635	-0.401553429573439	-0.889397185728099	-0.801021664283644	-0.643715421270805	-0.419817269246087
HIS233A	-0.65900713424137	-0.480222091064573	-0.0428260079871727	-0.217398442245376	-0.649104935082111	-0.585459629476023	-0.553506271283041	-0.682261221922843	-0.0985512498353579	-0.409117698025937	-0.282509585298915	-0.301454311838051	0.613377369467655	1.11361548449189	0.113293914143662	1.07625881752179
THR140A	0.312161274114333	0.531858875050011	0.0843542581565523	0.131864628902933	0.39874769093134	0.404544929283453	0.912537366169337	1.03949671151334	0.272911153390222	0.605908489481451	0.471019660922867	0.292039360036605	1.36476464706553	2.07093405887966	0.617966804419973	2.07364287536703
MET246A	1.76891388664789	0.531858875050011	1.48333718573753	0.830390771199552	-0.0107400366192361	0.113982220185711	1.88989979113759	1.03949671151334	2.31595437113091	1.11342158323514	0.301418667437904	0.168539995623764	2.86753920226128	1.11361548449189	2.88899481066337	3.56971896213491
ILE251A	1.28332968247004	1.0378993581073	1.48333718573753	1.52891691349617	-0.558799656762973	-0.435029394792528	1.40121857865346	1.61341602265874	1.48016396387336	1.9592767394913	-0.463493195796291	-0.275235352853359	-0.138009908130222	0.156296910104126	0.365630359281817	0.0788747596765375
PRO250A	-0.173422930063518	0.025818391992719	-0.170006274130898	-0.0427669066712214	-0.36729018722411	0.047305381392538	0.423856153685211	0.465577400367949	0.458642355003012	0.267566426978988	-0.406580110734223	-0.192131355011201	-0.138009908130222	0.156296910104126	-0.643715421270805	-0.918509298168711
VAL203A	1.76891388664789	2.55602080727918	1.48333718573753	2.5767061269411	0.381620827801848	0.563386224998198	1.88989979113759	2.76125464494953	2.03735756871173	3.31264498950115	0.00774714851763252	-0.181043744411521	-0.138009908130222	0.156296910104126	0.113293914143662	0.577566788599162
VAL216A	1.28332968247004	2.04998032422189	1.3561569195938	2.5767061269411	-0.165660298563275	0.261487722580954	0.912537366169337	1.61341602265874	1.57302956467975	2.97430292699869	-0.510161925547187	-0.372467030328683	-0.138009908130222	0.156296910104126	-0.139042530994494	0.577566788599162
HIS193A	0.312161274114333	1.0378993581073	0.0843542581565523	0.655759235625397	-0.22404733195927	0.115116073914143	0.423856153685211	1.03949671151334	0.087179951777432	0.605908489481451	-0.332593100153535	-0.127488966162459	-0.138009908130222	0.156296910104126	-0.139042530994494	0.577566788599162
TYR205A	1.28332968247004	0.025818391992719	1.8648779841687	1.35428537792202	0.163642569790135	-0.62119632463147	1.88989979113759	0.465577400367949	1.85162636709894	1.11342158323514	-0.550001085090635	-0.401553429573439	-0.889397185728099	-0.801021664283644	-0.643715421270805	-0.419817269246087
ASP208A	-0.65900713424137	0.025818391992719	-1.1874484032807	-0.566661513393685	-0.793126284125565	-0.640849917095492	-1.53086869625129	-1.25618053306824	-1.2129384595121	-0.91663079177963	-0.550001085090635	-0.401553429573439	-0.889397185728099	-0.801021664283644	-0.643715421270805	-0.419817269246087
GLY244A	-0.173422930063518	0.531858875050011	-0.297186540274623	0.306496164477088	-0.494184673138072	-0.433625533353624	-0.0648250587989147	0.465577400367949	-0.0985512498353579	0.775079520732682	-0.550001085090635	-0.401553429573439	-0.889397185728099	-0.801021664283644	-0.643715421270805	-0.419817269246087
TYR107A	0.797745478292185	-0.986262574121866	0.720255588875177	-0.74129304896784	-0.362619224552431	-0.61116633425053	0.912537366169337	-0.682261221922843	0.551507955809407	-0.409117698025937	-0.550001085090635	-0.401553429573439	-0.889397185728099	-0.801021664283644	-0.643715421270805	-0.419817269246087
VAL147A	1.76891388664789	1.5439398411646	0.720255588875177	0.830390771199552	0.581693728905457	0.205820130221591	0.912537366169337	0.465577400367949	1.29443276226057	0.436737458230219	-0.550001085090635	-0.401553429573439	-0.138009908130222	0.156296910104126	0.113293914143662	0.0788747596765375
ASP259A	0.312161274114333	0.531858875050011	-0.424366806418348	-0.74129304896784	-0.418670776612586	-0.548201450796303	-0.553506271283041	-0.682261221922843	-0.655744854673728	-0.747459760528399	-0.116323376917676	-0.401553429573439	-0.138009908130222	-0.801021664283644	-0.139042530994494	-0.918509298168711
LEU265A	0.797745478292185	0.531858875050011	0.974616121162627	0.830390771199552	-0.40543638237616	-0.0357261537083944	0.423856153685211	0.465577400367949	0.180045552583827	-0.0707756355234743	0.299142144035421	0.291533912430157	1.36476464706553	1.11361548449189	0.365630359281817	-0.918509298168711
GLY187A	-0.65900713424137	0.025818391992719	-0.805907604849523	-0.392029977819531	-0.597724345693636	-0.567097450271861	-0.553506271283041	-0.108341910777447	-0.748610455480123	-0.239946666774705	-0.483981906418636	-0.34094748656885	-0.138009908130222	0.156296910104126	-0.391378976132649	-0.419817269246087
LEU188A	0.797745478292185	0.025818391992719	0.211534524300277	0.306496164477088	-0.25985804577548	-0.355226362184356	0.423856153685211	0.465577400367949	-0.0985512498353579	0.605908489481451	-0.238117378950502	-0.365758735081124	0.613377369467655	0.156296910104126	-0.139042530994494	-0.419817269246087
ALA189A	0.312161274114333	0.531858875050011	0.465895056587727	0.655759235625397	0.361379989557903	0.154222980754782	-0.0648250587989147	-0.108341910777447	0.180045552583827	0.0983953957277569	0.277515171711835	-0.401553429573439	-0.138009908130222	-0.801021664283644	-0.391378976132649	-0.918509298168711
ARG267A	0.312161274114333	0.025818391992719	-0.424366806418348	-0.74129304896784	-0.492627685580845	-0.155241242111252	-0.553506271283041	-0.108341910777447	-1.1200728587057	-1.08580182303086	-0.550001085090635	-0.401553429573439	-0.889397185728099	-0.801021664283644	-0.643715421270805	-0.419817269246087
LYS101A	-1.63017554259707	-1.49230305717916	-1.31462866942442	-1.2651876556903	-0.642876984853205	-0.640849917095492	-1.04218748376717	-1.25618053306824	-1.1200728587057	-1.08580182303086	-0.550001085090635	-0.401553429573439	-0.889397185728099	-0.801021664283644	-0.643715421270805	-0.419817269246087
ARG181A	-1.63017554259707	-0.986262574121866	-1.31462866942442	-0.74129304896784	-0.793126284125565	-0.640849917095492	-1.53086869625129	-1.25618053306824	-1.2129384595121	-0.91663079177963	-0.550001085090635	-0.401553429573439	-0.889397185728099	-0.801021664283644	-0.643715421270805	-0.419817269246087
PRO177A	0.312161274114333	0.025818391992719	-0.551547072562073	0.131864628902933	-0.375075125010243	-0.0783803015619375	-0.553506271283041	-0.108341910777447	-0.377148052254543	0.267566426978988	-0.550001085090635	-0.401553429573439	-0.889397185728099	-0.801021664283644	-0.643715421270805	-0.419817269246087
MET133A	-0.173422930063518	0.025818391992719	0.465895056587727	0.830390771199552	-0.269978464897452	-0.314277413621187	-0.0648250587989147	-0.108341910777447	-0.00568564902896298	0.436737458230219	-0.550001085090635	-0.401553429573439	-0.889397185728099	-0.801021664283644	-0.643715421270805	-0.419817269246087
VAL272A	1.28332968247004	2.04998032422189	1.61051745188125	1.70354844907032	0.882192327450176	1.90360591556879	0.423856153685211	1.03949671151334	0.737239157422196	1.11342158323514	4.43899995145025	6.845472383655	1.36476464706553	2.07093405887966	1.87964903011075	2.07364287536703
ARG280A	-0.173422930063518	-0.480222091064573	-0.424366806418348	-0.74129304896784	-0.793126284125565	-0.640849917095492	-1.04218748376717	-1.25618053306824	-1.02720725789931	-1.08580182303086	-0.550001085090635	-0.401553429573439	-0.889397185728099	-0.801021664283644	-0.643715421270805	-0.419817269246087
THR284A	-0.65900713424137	-0.480222091064573	-0.805907604849523	-0.566661513393685	-0.793126284125565	-0.640849917095492	-1.53086869625129	-1.25618053306824	-1.2129384595121	-0.91663079177963	-0.550001085090635	-0.401553429573439	-0.889397185728099	-0.801021664283644	-0.643715421270805	-0.419817269246087
GLU204A	-0.65900713424137	-0.986262574121866	-0.0428260079871727	-1.09055612011615	-0.642876984853205	-0.638976777516309	-0.0648250587989147	-0.682261221922843	0.272911153390222	-0.747459760528399	-0.545448038285669	-0.399078727506187	-0.138009908130222	0.156296910104126	-0.391378976132649	0.0788747596765375
VAL217A	1.28332968247004	1.5439398411646	1.3561569195938	1.87817998464448	1.21928013358972	1.91382324356159	0.912537366169337	1.03949671151334	1.10870156064778	1.11342158323514	2.01450252780615	2.07331794907786	1.36476464706553	2.07093405887966	1.6273125849726	3.07102693321228
ARG282A	1.76891388664789	1.5439398411646	0.974616121162627	1.17965384234786	1.62487539224723	1.50360257070846	1.40121857865346	1.61341602265874	1.01583595984138	1.79010570824007	0.441424856690591	0.0661076762205367	-0.138009908130222	0.156296910104126	-0.139042530994494	0.577566788599162
PHE134A	0.312161274114333	0.025818391992719	1.22897665345008	0.481127700051242	-0.208477456387005	-0.265949955579161	-0.0648250587989147	-0.108341910777447	0.087179951777432	0.267566426978988	-0.550001085090635	-0.401553429573439	-0.889397185728099	-0.801021664283644	-0.643715421270805	-0.419817269246087
GLU271A	-0.173422930063518	-0.480222091064573	-0.0428260079871727	-1.09055612011615	2.29749401696909	0.680953138749059	-0.0648250587989147	-0.108341910777447	-0.562879253867333	-0.578288729277168	3.69912984564337	0.333666100223719	0.613377369467655	0.156296910104126	0.113293914143662	-0.419817269246087
LYS164A	-0.65900713424137	-0.986262574121866	-0.0428260079871727	-1.09055612011615	2.10364906609438	0.908664409621986	-0.0648250587989147	-0.682261221922843	-0.191416850641753	-0.747459760528399	-0.550001085090635	-0.401553429573439	-0.889397185728099	-0.801021664283644	-0.643715421270805	-0.419817269246087
MET169A	1.28332968247004	0.531858875050011	0.465895056587727	-0.392029977819531	2.38702080150961	2.37847863202932	1.40121857865346	1.03949671151334	0.644373556615802	-0.239946666774705	-0.550001085090635	-0.401553429573439	-0.889397185728099	-0.801021664283644	-0.643715421270805	-0.419817269246087
ASN268A	0.797745478292185	0.025818391992719	0.465895056587727	0.306496164477088	0.0289631460900403	0.444850307027305	0.423856153685211	-0.108341910777447	0.365776754196617	-0.0707756355234743	0.438010071586867	1.0328215731822	2.11615192466341	1.11361548449189	1.87964903011075	0.0788747596765375
PHE109A	0.797745478292185	-0.480222091064573	1.8648779841687	0.131864628902933	2.38234983883793	0.22192989795226	1.40121857865346	-0.108341910777447	1.48016396387336	0.0983953957277569	0.777212058556793	-0.401553429573439	2.11615192466341	0.156296910104126	1.87964903011075	-0.918509298168711
ARG175A	0.797745478292185	1.0378993581073	0.974616121162627	1.00502230677371	2.08496521540767	3.71788607555353	1.40121857865346	1.61341602265874	1.57302956467975	1.28259261448638	2.44704197427787	3.58854619123733	2.11615192466341	2.07093405887966	3.64600414607784	3.07102693321228
ARG209A	-1.14459133841922	-0.986262574121866	-1.44180893556815	-1.2651876556903	-0.793126284125565	-0.640849917095492	-1.53086869625129	-1.25618053306824	-1.2129384595121	-0.91663079177963	-0.550001085090635	-0.401553429573439	-0.889397185728099	-0.801021664283644	-0.643715421270805	-0.419817269246087
ASN210A	-0.65900713424137	-0.986262574121866	-1.1874484032807	-1.2651876556903	-0.793126284125565	-0.640849917095492	-1.53086869625129	-1.25618053306824	-1.2129384595121	-0.91663079177963	-0.550001085090635	-0.401553429573439	-0.889397185728099	-0.801021664283644	-0.643715421270805	-0.419817269246087
PRO152A	0.312161274114333	0.531858875050011	0.338714790444002	0.830390771199552	-0.449032033978503	-0.185308181016223	0.423856153685211	1.03949671151334	0.830104758228591	1.62093467698884	-0.274541753390225	-0.378790781796056	0.613377369467655	0.156296910104126	0.113293914143662	0.577566788599162
GLU258A	-0.65900713424137	-1.49230305717916	-0.0428260079871727	-1.2651876556903	0.0795652416999024	-0.640849917095492	-0.0648250587989147	-1.25618053306824	-0.0985512498353579	-1.08580182303086	0.191007282417492	-0.401553429573439	0.613377369467655	-0.801021664283644	0.617966804419973	-0.918509298168711
GLY262A	-0.173422930063518	0.531858875050011	-0.933087870993248	-0.566661513393685	-0.354834286766298	0.0674342383867034	-0.553506271283041	-0.108341910777447	-0.748610455480123	-0.747459760528399	-0.550001085090635	-0.401553429573439	-0.889397185728099	-0.801021664283644	-0.643715421270805	-0.419817269246087
VAL97A	-0.173422930063518	0.025818391992719	-0.551547072562073	-0.217398442245376	-0.494184673138072	-0.16907983129474	-0.553506271283041	-0.108341910777447	-0.562879253867333	-0.0707756355234743	-0.330316576751052	-0.0807719979027095	-0.138009908130222	0.156296910104126	-0.643715421270805	-0.918509298168711
ASN239A	0.312161274114333	-0.986262574121866	0.847435855018902	-0.392029977819531	-0.522988942946763	-0.569065006972147	0.423856153685211	-0.682261221922843	1.38729836306696	-0.239946666774705	-0.291615678908846	-0.306714653299648	1.36476464706553	0.156296910104126	1.87964903011075	0.0788747596765375
VAL274A	1.76891388664789	2.04998032422189	1.61051745188125	2.05281152021863	0.890755759014922	1.63687700689751	1.88989979113759	2.18733533380414	2.40881997193731	2.46678983324499	-0.290477417207604	-0.401553429573439	0.613377369467655	0.156296910104126	0.365630359281817	-0.419817269246087
PRO98A	-0.173422930063518	0.531858875050011	-0.0428260079871727	0.306496164477088	-0.532330868290122	-0.336477208926078	-0.0648250587989147	0.465577400367949	-0.00568564902896298	0.267566426978988	-0.550001085090635	-0.401553429573439	-0.889397185728099	-0.801021664283644	-0.643715421270805	-0.419817269246087
ASP207A	-0.65900713424137	0.025818391992719	-0.805907604849523	0.131864628902933	-0.597724345693636	-0.596199517334799	-0.553506271283041	-0.108341910777447	-0.562879253867333	0.267566426978988	-0.0503041982456769	-0.152669082280239	1.36476464706553	2.07093405887966	-0.139042530994494	0.577566788599162
LEU206A	-0.65900713424137	-0.480222091064573	-0.551547072562073	-0.392029977819531	-0.597724345693636	-0.526851340245417	-0.553506271283041	-0.682261221922843	-0.562879253867333	-0.409117698025937	-0.336007885257259	-0.278976780847501	-0.138009908130222	0.156296910104126	-0.139042530994494	0.577566788599162
PRO219A	-1.14459133841922	-0.480222091064573	-1.1874484032807	-0.566661513393685	-0.642876984853205	-0.505205897069984	-1.04218748376717	-0.682261221922843	-1.2129384595121	-0.91663079177963	-0.330316576751052	-0.222347063695533	-0.138009908130222	0.156296910104126	-0.643715421270805	-0.419817269246087
VAL218A	0.797745478292185	1.0378993581073	0.720255588875177	1.87817998464448	0.202567258720798	0.335109194269672	0.423856153685211	0.465577400367949	0.737239157422196	1.79010570824007	2.08052170647815	2.00801439190233	2.11615192466341	2.07093405887966	0.870303249558129	2.07364287536703
GLN100A	-0.65900713424137	-0.480222091064573	-0.170006274130898	-0.566661513393685	-0.589939407907503	-0.563556757600362	-0.0648250587989147	-0.108341910777447	-0.284282451448148	-0.239946666774705	-0.550001085090635	-0.401553429573439	-0.889397185728099	-0.801021664283644	-0.643715421270805	-0.419817269246087
ILE254A	0.797745478292185	1.0378993581073	0.974616121162627	1.00502230677371	-0.368847174781337	-0.132596277992815	-0.0648250587989147	0.465577400367949	-0.470013653060938	-0.409117698025937	-0.336007885257259	-0.0890823976869253	-0.138009908130222	0.156296910104126	-0.391378976132649	-0.419817269246087
LEU264A	0.312161274114333	0.531858875050011	0.338714790444002	0.481127700051242	-0.759651051645194	-0.590527774610079	-0.553506271283041	-0.108341910777447	-0.748610455480123	-0.747459760528399	-0.509023663845946	-0.401553429573439	-0.138009908130222	-0.801021664283644	-0.139042530994494	-0.918509298168711
THR256A	0.312161274114333	0.531858875050011	0.847435855018902	1.17965384234786	-0.782227371224979	-0.634820371996094	-0.0648250587989147	-0.108341910777447	-0.0985512498353579	-0.0707756355234743	-0.346252240568431	-0.104041117298514	0.613377369467655	0.156296910104126	0.870303249558129	-0.419817269246087
ILE232A	0.797745478292185	0.531858875050011	1.48333718573753	1.52891691349617	0.881413833671563	0.18737276257943	0.423856153685211	0.465577400367949	0.830104758228591	1.11342158323514	0.571186690632107	-0.401553429573439	0.613377369467655	0.156296910104126	0.365630359281817	0.0788747596765375
TYR234A	-0.173422930063518	-0.480222091064573	0.974616121162627	0.131864628902933	-0.361062236995204	-0.598886223262684	-0.0648250587989147	-0.682261221922843	0.180045552583827	-0.409117698025937	-0.182342555589675	-0.346113012301992	1.36476464706553	1.11361548449189	0.870303249558129	1.07625881752179
ARG174A	-0.65900713424137	-0.986262574121866	-0.678727338705798	-1.09055612011615	-0.633535059509846	-0.618204952977056	-0.553506271283041	-0.682261221922843	-0.841476056286517	-0.91663079177963	-0.422515774551602	-0.371635990350262	0.613377369467655	0.156296910104126	-0.139042530994494	-0.419817269246087
VAL173A	0.797745478292185	1.5439398411646	0.465895056587727	0.830390771199552	0.28430910547519	0.808024363577113	0.423856153685211	1.03949671151334	0.458642355003012	0.944250551983913	-0.243808687456708	-0.175307266782141	0.613377369467655	1.11361548449189	0.113293914143662	0.577566788599162
ASN200A	-0.173422930063518	-0.986262574121866	-0.0428260079871727	-0.392029977819531	-0.449810527757116	-0.536431471438259	-0.0648250587989147	-0.682261221922843	-0.00568564902896298	-0.578288729277168	-0.455525363887602	-0.263600793155457	-0.138009908130222	0.156296910104126	0.113293914143662	0.577566788599162
VAL197A	2.74008229500359	3.06206129033647	1.73769771802498	2.75133766251525	1.2473059096198	1.70826344428853	2.37858100362171	2.76125464494953	1.94449196790533	2.46678983324499	1.37479945170851	1.71354295699013	0.613377369467655	1.11361548449189	0.617966804419973	1.07625881752179
LEU252A	0.797745478292185	0.531858875050011	0.847435855018902	0.306496164477088	-0.342378386308486	0.0404696489367249	-0.0648250587989147	0.465577400367949	-0.470013653060938	-0.239946666774705	-0.550001085090635	-0.401553429573439	-0.889397185728099	-0.801021664283644	-0.643715421270805	-0.419817269246087
ASP148A	-0.173422930063518	-0.480222091064573	-0.297186540274623	-0.217398442245376	-0.424898726841492	-0.501751909911297	-0.553506271283041	-0.108341910777447	-0.284282451448148	0.267566426978988	-0.550001085090635	-0.401553429573439	-0.889397185728099	-0.801021664283644	-0.643715421270805	-0.419817269246087
SER149A	-0.173422930063518	-0.480222091064573	-0.0428260079871727	-0.74129304896784	-0.780670383667753	-0.620721060101327	-0.553506271283041	-0.682261221922843	-0.191416850641753	-0.91663079177963	-0.550001085090635	-0.401553429573439	-0.889397185728099	-0.801021664283644	-0.643715421270805	-0.419817269246087
LEU130A	-0.173422930063518	0.531858875050011	-0.551547072562073	0.131864628902933	-0.504305092260044	-0.294211818040931	-0.0648250587989147	0.465577400367949	-0.284282451448148	0.267566426978988	-0.550001085090635	-0.401553429573439	-0.889397185728099	-0.801021664283644	-0.643715421270805	-0.419817269246087
SER127A	0.312161274114333	0.531858875050011	-0.424366806418348	-0.0427669066712214	-0.319023572950088	-0.46859098930285	0.912537366169337	1.03949671151334	0.087179951777432	0.0983953957277569	-0.550001085090635	-0.401553429573439	-0.889397185728099	-0.801021664283644	-0.643715421270805	-0.419817269246087
GLN144A	0.797745478292185	-0.986262574121866	-0.0428260079871727	-1.09055612011615	-0.201471012379485	-0.55923797066048	0.423856153685211	-0.682261221922843	-0.191416850641753	-0.747459760528399	-0.550001085090635	-0.401553429573439	-0.138009908130222	-0.801021664283644	-0.139042530994494	-0.918509298168711
LEU114A	-0.65900713424137	-0.480222091064573	-0.805907604849523	-0.915924584541994	-0.638984515960139	-0.48343168672479	-0.553506271283041	-0.108341910777447	-0.655744854673728	-0.578288729277168	-0.550001085090635	-0.401553429573439	-0.889397185728099	-0.801021664283644	-0.643715421270805	-0.419817269246087
ALA276A	-0.173422930063518	-0.480222091064573	-0.0428260079871727	-0.392029977819531	-0.700485524470587	-0.640849917095492	-0.553506271283041	-1.25618053306824	-0.191416850641753	-1.08580182303086	-0.550001085090635	-0.401553429573439	-0.889397185728099	-0.801021664283644	-0.643715421270805	-0.419817269246087
PRO278A	2.25449809082574	2.55602080727918	1.48333718573753	2.5767061269411	0.295208018375776	0.309820953343841	2.37858100362171	2.76125464494953	1.66589516548615	1.9592767394913	-0.550001085090635	-0.401553429573439	-0.889397185728099	-0.801021664283644	-0.643715421270805	-0.419817269246087
GLN136A	-0.173422930063518	0.025818391992719	-0.170006274130898	-0.0427669066712214	-0.540115806076254	-0.521334828692635	0.423856153685211	0.465577400367949	0.365776754196617	-0.578288729277168	-0.550001085090635	-0.401553429573439	-0.889397185728099	-0.801021664283644	-0.643715421270805	-0.419817269246087
ARG158A	0.797745478292185	0.531858875050011	0.720255588875177	-0.217398442245376	1.58672919709518	1.56100995782353	0.423856153685211	1.03949671151334	-0.191416850641753	-0.0707756355234743	0.576877999138313	0.678798542374613	1.36476464706553	0.156296910104126	1.37497613983444	-0.918509298168711
GLY266A	1.28332968247004	2.04998032422189	0.974616121162627	1.70354844907032	0.359823002000677	1.22007202401395	0.423856153685211	1.03949671151334	0.365776754196617	0.436737458230219	1.09364881150189	1.99849002810808	1.36476464706553	2.07093405887966	1.6273125849726	1.07625881752179
TYR103A	-0.173422930063518	-1.49230305717916	-0.297186540274623	-1.2651876556903	-0.30033972226337	-0.640849917095492	-0.0648250587989147	-1.25618053306824	-0.284282451448148	-1.08580182303086	-0.279094800195191	-0.401553429573439	-0.138009908130222	-0.801021664283644	-0.643715421270805	-0.918509298168711
ALA159A	0.797745478292185	1.5439398411646	1.22897665345008	1.70354844907032	-0.141526991426264	-0.103595527155289	0.423856153685211	1.03949671151334	0.272911153390222	0.944250551983913	0.15572116967901	0.544409327153116	1.36476464706553	2.07093405887966	0.870303249558129	1.07625881752179
THR125A	1.28332968247004	2.04998032422189	1.3561569195938	2.5767061269411	1.01220078847859	1.5227537287689	0.912537366169337	1.61341602265874	0.922970359034986	2.12844777074253	-0.381538353306913	-0.290746096144348	-0.138009908130222	0.156296910104126	-0.643715421270805	-0.419817269246087
CYS275A	0.312161274114333	0.531858875050011	0.720255588875177	1.17965384234786	-0.565027606991879	-0.454374405679782	0.423856153685211	1.03949671151334	0.737239157422196	1.79010570824007	-0.550001085090635	-0.401553429573439	-0.889397185728099	-0.801021664283644	-0.643715421270805	-0.419817269246087
PRO142A	0.312161274114333	0.025818391992719	0.338714790444002	0.306496164477088	-0.529995386954282	-0.539651098564371	-0.0648250587989147	-0.108341910777447	-0.470013653060938	-0.0707756355234743	0.0555541399697697	0.420246692219245	0.613377369467655	1.11361548449189	0.113293914143662	0.577566788599162
PRO151A	1.28332968247004	1.5439398411646	0.847435855018902	1.00502230677371	1.21928013358972	1.47108447195151	1.88989979113759	2.18733533380414	1.29443276226057	1.62093467698884	1.1186905689292	1.50108217702272	1.36476464706553	2.07093405887966	0.870303249558129	1.57495084644441
TYR220A	-0.65900713424137	-0.986262574121866	0.211534524300277	-0.392029977819531	1.00908681336414	-0.545737025028969	-0.0648250587989147	-0.682261221922843	0.644373556615802	-0.0707756355234743	0.727128543702173	-0.275894843723699	-0.138009908130222	0.156296910104126	-0.139042530994494	0.577566788599162
ASN131A	-1.14459133841922	-0.480222091064573	-0.678727338705798	-0.74129304896784	-0.642876984853205	-0.408420295993807	-0.553506271283041	-0.108341910777447	-0.377148052254543	-0.409117698025937	-0.36218790438581	-0.127310236694318	-0.138009908130222	0.156296910104126	0.617966804419973	0.0788747596765375
PHE270A	1.28332968247004	0.025818391992719	1.73769771802498	1.00502230677371	1.49642391877604	-0.343704712540588	1.40121857865346	0.465577400367949	1.48016396387336	0.775079520732682	5.08097955095038	-0.340056471170242	3.61892647985916	1.11361548449189	2.88899481066337	1.07625881752179
ASP281A	-0.173422930063518	0.025818391992719	-0.297186540274623	-0.392029977819531	-0.225604319516496	-0.633188507154353	-0.0648250587989147	-0.108341910777447	-0.284282451448148	-0.239946666774705	-0.550001085090635	-0.401553429573439	-0.889397185728099	-0.801021664283644	-0.643715421270805	-0.419817269246087
GLY245A	0.797745478292185	1.5439398411646	0.720255588875177	1.17965384234786	1.11029100458386	1.68023946979424	0.423856153685211	1.03949671151334	0.644373556615802	1.62093467698884	0.357193490798731	0.199625550266394	-0.138009908130222	0.156296910104126	-0.391378976132649	0.0788747596765375
LEU194A	0.312161274114333	1.0378993581073	1.48333718573753	1.17965384234786	2.48355403005766	4.65429752593215	0.912537366169337	1.61341602265874	2.03735756871173	1.9592767394913	4.1237014602064	6.42294687322456	2.11615192466341	3.02825263326743	4.15067703635415	5.06579504890278
ARG283A	-0.65900713424137	-0.480222091064573	-0.933087870993248	-0.74129304896784	-0.429569689513171	-0.204861782837657	-0.553506271283041	-0.108341910777447	-0.748610455480123	-0.409117698025937	-0.238117378950502	-0.146328273622079	-0.138009908130222	0.156296910104126	-0.139042530994494	0.577566788599162
ARG202A	-1.63017554259707	-0.986262574121866	-1.6961694678556	-1.09055612011615	-0.642876984853205	-0.53368959962888	-1.04218748376717	-0.682261221922843	-1.2129384595121	-0.91663079177963	-0.330316576751052	-0.259978363780616	-0.138009908130222	0.156296910104126	-0.643715421270805	-0.419817269246087
SER260A	-0.65900713424137	-0.986262574121866	-0.805907604849523	-1.2651876556903	-0.645212466189045	-0.640849917095492	-1.04218748376717	-1.25618053306824	-1.02720725789931	-1.08580182303086	-0.333731361854776	-0.401553429573439	-0.138009908130222	-0.801021664283644	-0.643715421270805	-0.918509298168711
VAL157A	2.25449809082574	2.55602080727918	1.99205825031243	2.75133766251525	2.05849642693482	1.79517019116483	1.88989979113759	2.18733533380414	1.38729836306696	1.62093467698884	0.697533739469898	-0.0890823976869253	2.11615192466341	2.07093405887966	1.87964903011075	0.0788747596765375
ASP228A	-0.65900713424137	-0.480222091064573	-0.551547072562073	-0.566661513393685	-0.0543356882215788	-0.530464970173203	-0.553506271283041	-0.682261221922843	-0.562879253867333	-0.747459760528399	0.0976698229157001	-0.255718138184632	-0.138009908130222	0.156296910104126	0.113293914143662	0.0788747596765375
ASN235A	-1.14459133841922	-0.480222091064573	-0.805907604849523	-0.392029977819531	-0.642876984853205	-0.439351364440213	-0.553506271283041	-0.108341910777447	-0.470013653060938	-0.0707756355234743	-0.330316576751052	-0.135343217400281	0.613377369467655	1.11361548449189	0.365630359281817	1.07625881752179
GLU198A	-0.173422930063518	-0.480222091064573	-0.297186540274623	-0.566661513393685	-0.148533435433784	-0.142585681056991	-0.0648250587989147	-0.108341910777447	-0.470013653060938	-0.0707756355234743	0.284344741919283	0.256729353335823	0.613377369467655	1.11361548449189	0.365630359281817	1.57495084644441
GLY112A	-0.173422930063518	0.531858875050011	-0.0428260079871727	0.481127700051242	3.46679167244621	6.24321917490908	-0.0648250587989147	0.465577400367949	-0.0985512498353579	-0.239946666774705	-0.550001085090635	-0.401553429573439	-0.889397185728099	-0.801021664283644	-0.643715421270805	-0.419817269246087
PHE113A	0.312161274114333	-0.480222091064573	0.0843542581565523	-0.566661513393685	4.20869624346465	3.7661117110646	0.423856153685211	-0.108341910777447	0.272911153390222	-0.409117698025937	3.43732965435786	5.42071265924814	0.613377369467655	1.11361548449189	0.870303249558129	0.0788747596765375
VAL172A	-1.14459133841922	-0.480222091064573	-0.933087870993248	-0.217398442245376	-0.793126284125565	-0.640849917095492	-1.04218748376717	-0.682261221922843	-1.02720725789931	-0.91663079177963	-0.330316576751052	-0.180700083973928	0.613377369467655	1.11361548449189	-0.139042530994494	0.0788747596765375
SER261A	-0.173422930063518	-1.49230305717916	-0.933087870993248	-1.2651876556903	-0.793126284125565	-0.640849917095492	-1.04218748376717	-1.25618053306824	-1.02720725789931	-1.08580182303086	-0.550001085090635	-0.401553429573439	-0.889397185728099	-0.801021664283644	-0.643715421270805	-0.419817269246087
ARG156A	0.797745478292185	-0.480222091064573	0.974616121162627	-0.392029977819531	-0.413999813940906	-0.524443268453172	0.912537366169337	-0.108341910777447	0.922970359034986	-0.239946666774705	-0.189172125797123	-0.247762555023321	0.613377369467655	1.11361548449189	0.113293914143662	1.07625881752179
ILE195A	0.312161274114333	0.025818391992719	1.3561569195938	0.830390771199552	0.264846761009859	-0.0313229662409207	0.912537366169337	0.465577400367949	1.20156716145417	0.605908489481451	0.3150778078528	0.40372430951707	1.36476464706553	2.07093405887966	1.12263969469628	2.07364287536703
LEU257A	1.28332968247004	1.0378993581073	1.61051745188125	1.70354844907032	1.31970583103083	0.884463144594702	1.40121857865346	1.61341602265874	2.03735756871173	2.63596086449622	0.978684379676514	-0.360832470630781	1.36476464706553	0.156296910104126	1.12263969469628	0.577566788599162
LEU201A	-1.63017554259707	-0.986262574121866	-1.1874484032807	-0.915924584541994	-0.642876984853205	-0.519447748349432	-1.04218748376717	-0.682261221922843	-0.934341657092912	-0.578288729277168	-0.550001085090635	-0.401553429573439	-0.889397185728099	-0.801021664283644	-0.643715421270805	-0.419817269246087
CYS182A	-0.65900713424137	-0.480222091064573	-0.424366806418348	-0.392029977819531	-0.642876984853205	-0.398594248504205	-0.553506271283041	-0.108341910777447	-0.562879253867333	-0.239946666774705	-0.550001085090635	-0.401553429573439	-0.138009908130222	-0.801021664283644	0.113293914143662	-0.918509298168711
ILE162A	0.797745478292185	-0.480222091064573	0.720255588875177	-0.566661513393685	-0.171109755013568	-0.401826167849516	0.912537366169337	-0.108341910777447	0.458642355003012	-0.239946666774705	-0.550001085090635	-0.401553429573439	-0.889397185728099	-0.801021664283644	-0.643715421270805	-0.419817269246087
ASP186A	-0.173422930063518	0.025818391992719	-0.551547072562073	0.131864628902933	-0.0590066508932583	0.545494591998132	-0.0648250587989147	-0.108341910777447	-0.470013653060938	-0.239946666774705	0.523379699179969	1.16578796972966	0.613377369467655	1.11361548449189	-0.139042530994494	-0.419817269246087
ASN263A	-0.65900713424137	-0.480222091064573	-1.06026813713697	-0.74129304896784	-0.642876984853205	-0.607693027181148	-0.0648250587989147	-0.108341910777447	-0.841476056286517	-0.91663079177963	-0.550001085090635	-0.401553429573439	-0.889397185728099	-0.801021664283644	-0.643715421270805	-0.419817269246087
SER185A	-0.65900713424137	-0.480222091064573	-0.805907604849523	-0.566661513393685	-0.642876984853205	-0.425924487715478	-0.553506271283041	-0.108341910777447	-0.841476056286517	-0.409117698025937	-0.550001085090635	-0.401553429573439	-0.889397185728099	-0.801021664283644	-0.643715421270805	-0.419817269246087
LYS132A	-0.65900713424137	-0.480222091064573	-0.297186540274623	-0.74129304896784	1.27221771053542	1.81834466725266	-0.553506271283041	-0.108341910777447	-0.655744854673728	-0.239946666774705	1.43057427506933	1.7552461655365	-0.138009908130222	0.156296910104126	-0.391378976132649	-0.419817269246087
HIS168A	-0.65900713424137	0.025818391992719	-0.551547072562073	-0.0427669066712214	-0.561913631877426	-0.484198965993453	-0.553506271283041	-0.108341910777447	-0.284282451448148	0.0983953957277569	-0.550001085090635	-0.401553429573439	-0.889397185728099	-0.801021664283644	-0.643715421270805	-0.419817269246087
THR150A	-1.14459133841922	-1.49230305717916	-0.297186540274623	-1.2651876556903	-0.642876984853205	-0.640849917095492	-1.04218748376717	-1.25618053306824	-0.655744854673728	-1.08580182303086	-0.550001085090635	-0.401553429573439	-0.889397185728099	-0.801021664283644	-0.643715421270805	-0.419817269246087
SER269A	-1.14459133841922	-0.986262574121866	-0.551547072562073	-0.74129304896784	-0.646769453746271	-0.640849917095492	-1.04218748376717	-1.25618053306824	-1.02720725789931	-1.08580182303086	-0.330316576751052	-0.393243029789223	0.613377369467655	0.156296910104126	0.365630359281817	0.0788747596765375
GLY105A	0.797745478292185	1.5439398411646	-0.0428260079871727	0.131864628902933	-0.153204398105463	0.393270110979756	0.912537366169337	1.61341602265874	0.458642355003012	0.267566426978988	-0.279094800195191	-0.00597839984476748	-0.138009908130222	0.156296910104126	-0.643715421270805	-0.918509298168711
LEU111A	1.28332968247004	1.5439398411646	1.61051745188125	1.70354844907032	2.30839292986967	3.33798940173461	1.40121857865346	2.18733533380414	1.29443276226057	1.62093467698884	1.40553251764202	2.4538999362831	1.36476464706553	2.07093405887966	2.38432192038706	1.07625881752179
ALA161A	0.312161274114333	1.0378993581073	0.720255588875177	1.35428537792202	-0.224825825737883	-0.178869601778355	-0.0648250587989147	0.465577400367949	0.087179951777432	0.944250551983913	-0.150471227954917	-0.109858397147465	-0.138009908130222	0.156296910104126	-0.139042530994494	0.577566788599162
VAL143A	0.797745478292185	1.5439398411646	0.974616121162627	1.00502230677371	-0.450589021535729	-0.255885527082079	0.423856153685211	1.03949671151334	0.458642355003012	0.944250551983913	-0.376985306501948	-0.210414234536476	0.613377369467655	1.11361548449189	1.37497613983444	1.07625881752179
LYS139A	-0.65900713424137	-1.49230305717916	-0.933087870993248	-1.2651876556903	-0.594610370579183	-0.640849917095492	-0.0648250587989147	-1.25618053306824	-0.377148052254543	-1.08580182303086	-0.550001085090635	-0.401553429573439	-0.889397185728099	-0.801021664283644	-0.643715421270805	-0.419817269246087
GLU285A	0.797745478292185	0.025818391992719	0.338714790444002	-0.392029977819531	0.0663308474634769	-0.315153068645193	0.423856153685211	0.465577400367949	-0.191416850641753	-0.0707756355234743	-0.550001085090635	-0.401553429573439	-0.889397185728099	-0.801021664283644	-0.643715421270805	-0.419817269246087
GLY108A	1.28332968247004	1.0378993581073	0.593075322731452	0.481127700051242	-0.0247529246342748	0.0860468315040109	1.40121857865346	1.03949671151334	0.922970359034986	0.0983953957277569	-0.0810372641791937	0.283223512645942	-0.138009908130222	0.156296910104126	0.113293914143662	-0.419817269246087
CYS135A	1.28332968247004	1.0378993581073	1.8648779841687	1.35428537792202	-0.472386847336901	-0.383263125477657	0.912537366169337	1.03949671151334	1.75876076629254	1.79010570824007	-0.550001085090635	-0.401553429573439	-0.889397185728099	-0.801021664283644	-0.643715421270805	-0.419817269246087
GLU180A	-1.14459133841922	-0.480222091064573	-1.06026813713697	-0.74129304896784	-0.765100508095487	-0.618204952977056	-1.04218748376717	-0.682261221922843	-1.1200728587057	-0.91663079177963	-0.509023663845946	-0.371635990350262	-0.138009908130222	0.156296910104126	-0.391378976132649	-0.419817269246087
LEU289A	-1.63017554259707	-0.986262574121866	-1.56898920171187	-1.09055612011615	-0.642876984853205	-0.398045579603372	-1.04218748376717	-0.682261221922843	-1.2129384595121	-1.08580182303086	-0.550001085090635	-0.401553429573439	-0.889397185728099	-0.801021664283644	-0.643715421270805	-0.419817269246087
THR123A	0.312161274114333	0.025818391992719	0.465895056587727	-0.217398442245376	-0.560356644320199	-0.278530491200515	0.423856153685211	0.465577400367949	0.644373556615802	-0.0707756355234743	-0.550001085090635	-0.401553429573439	-0.889397185728099	-0.801021664283644	-0.643715421270805	-0.419817269246087
SER215A	-0.65900713424137	-0.986262574121866	-0.297186540274623	-0.74129304896784	0.653315156537877	-0.0426454483001388	-0.553506271283041	-0.682261221922843	-0.655744854673728	-0.409117698025937	0.48240227793528	-0.401553429573439	-0.138009908130222	-0.801021664283644	-0.643715421270805	-0.918509298168711
GLU286A	-0.65900713424137	-0.480222091064573	-0.424366806418348	-0.0427669066712214	-0.790012309011112	-0.638904508623058	-0.553506271283041	-0.682261221922843	-0.562879253867333	-0.409117698025937	-0.550001085090635	-0.401553429573439	-0.889397185728099	-0.801021664283644	-0.643715421270805	-0.419817269246087
ALA119A	-1.14459133841922	-0.480222091064573	-1.31462866942442	-0.566661513393685	-0.642876984853205	-0.398045579603372	-1.04218748376717	-0.682261221922843	-0.841476056286517	-0.409117698025937	-0.550001085090635	-0.401553429573439	-0.138009908130222	0.156296910104126	-0.643715421270805	-0.918509298168711
LYS120A	-1.14459133841922	-1.49230305717916	-1.56898920171187	-1.2651876556903	-0.642876984853205	-0.640849917095492	-1.04218748376717	-1.25618053306824	-1.1200728587057	-1.08580182303086	-0.550001085090635	-0.401553429573439	-0.138009908130222	-0.801021664283644	-0.643715421270805	-0.918509298168711
GLN192A	-0.65900713424137	-0.480222091064573	-0.678727338705798	-0.392029977819531	-0.793126284125565	-0.640849917095492	-1.04218748376717	-1.25618053306824	-0.934341657092912	-1.08580182303086	-0.550001085090635	-0.401553429573439	-0.889397185728099	-0.801021664283644	-0.643715421270805	-0.419817269246087
PRO190A	0.797745478292185	0.531858875050011	0.338714790444002	0.655759235625397	-0.552571706534067	-0.252111366395673	-1.04218748376717	-0.682261221922843	-0.655744854673728	-0.578288729277168	-0.550001085090635	-0.401553429573439	-0.889397185728099	-0.801021664283644	-0.643715421270805	-0.419817269246087
GLN104A	-1.14459133841922	-1.49230305717916	-0.551547072562073	-1.2651876556903	-0.793126284125565	-0.640849917095492	-1.04218748376717	-1.25618053306824	-0.748610455480123	-1.08580182303086	-0.550001085090635	-0.401553429573439	-0.889397185728099	-0.801021664283644	-0.643715421270805	-0.419817269246087
ILE255A	1.28332968247004	0.025818391992719	2.11923851645615	1.35428537792202	0.660321600545396	-0.274011722142729	0.423856153685211	-0.682261221922843	0.830104758228591	-0.409117698025937	1.09478707320313	-0.401553429573439	1.36476464706553	-0.801021664283644	1.87964903011075	-0.918509298168711
ARG273A	0.797745478292185	-0.480222091064573	1.10179638730635	-0.217398442245376	-0.234946244859856	0.25740032626914	0.423856153685211	-0.108341910777447	-0.00568564902896298	-0.0707756355234743	-0.550001085090635	-0.401553429573439	-0.138009908130222	-0.801021664283644	-0.391378976132649	-0.918509298168711
THR155A	1.28332968247004	1.5439398411646	0.847435855018902	1.00502230677371	-0.269199971118839	-0.18162146158532	1.88989979113759	2.18733533380414	1.57302956467975	1.9592767394913	-0.152747751357399	0.0330303056622226	1.36476464706553	2.07093405887966	0.870303249558129	1.07625881752179
HIS214A	-0.173422930063518	0.531858875050011	-0.805907604849523	-0.0427669066712214	-0.390645000582508	-0.233734888215897	0.423856153685211	1.03949671151334	-0.470013653060938	0.0983953957277569	-0.481705383016153	-0.31742578794941	-0.138009908130222	0.156296910104126	-0.139042530994494	0.577566788599162
LEU145A	0.312161274114333	1.0378993581073	0.974616121162627	1.87817998464448	-0.198357037265032	-0.0384534354330747	0.423856153685211	1.03949671151334	0.644373556615802	1.9592767394913	-0.550001085090635	-0.401553429573439	-0.889397185728099	-0.801021664283644	-0.643715421270805	-0.419817269246087
CYS277A	-0.173422930063518	-0.986262574121866	-0.170006274130898	-0.915924584541994	-0.642876984853205	-0.640849917095492	-0.0648250587989147	-0.682261221922843	-0.191416850641753	-1.08580182303086	-0.550001085090635	-0.401553429573439	-0.889397185728099	-0.801021664283644	-0.643715421270805	-0.419817269246087
PRO223A	-1.14459133841922	-0.480222091064573	-1.06026813713697	-0.392029977819531	-0.404657888597547	-0.0130811895899583	-1.04218748376717	-0.682261221922843	-0.841476056286517	-0.578288729277168	-0.197139957705813	0.11369135704794	-0.138009908130222	0.156296910104126	-0.643715421270805	-0.918509298168711
PRO222A	-0.65900713424137	-0.986262574121866	-1.1874484032807	-1.2651876556903	-0.793126284125565	-0.640849917095492	-1.04218748376717	-1.25618053306824	-0.934341657092912	-1.08580182303086	-0.197139957705813	-0.401553429573439	-0.138009908130222	-0.801021664283644	-0.643715421270805	-0.918509298168711
SER95A	-1.63017554259707	-1.49230305717916	-1.56898920171187	-1.2651876556903	-0.642876984853205	-0.640849917095492	-1.04218748376717	-1.25618053306824	-1.1200728587057	-1.08580182303086	-0.330316576751052	-0.401553429573439	-0.138009908130222	-0.801021664283644	-0.643715421270805	-0.918509298168711
THR170A	-0.65900713424137	0.025818391992719	-0.678727338705798	-0.217398442245376	-0.628864096838166	-0.386723097544154	-0.553506271283041	-0.108341910777447	-1.02720725789931	-0.747459760528399	-0.330316576751052	-0.0807719979027095	-0.138009908130222	0.156296910104126	-0.643715421270805	-0.918509298168711
GLU221A	-1.14459133841922	-1.49230305717916	-1.06026813713697	-1.2651876556903	-0.735517744508183	-0.640849917095492	-1.04218748376717	-1.25618053306824	-0.934341657092912	-1.08580182303086	-0.550001085090635	-0.401553429573439	-0.889397185728099	-0.801021664283644	-0.643715421270805	-0.419817269246087
GLY117A	-0.65900713424137	0.025818391992719	-0.678727338705798	0.131864628902933	-0.636649034624299	-0.505185038163574	-0.553506271283041	-0.108341910777447	-0.377148052254543	0.436737458230219	-0.381538353306913	-0.266372929389742	-0.138009908130222	0.156296910104126	-0.643715421270805	-0.419817269246087
SER116A	-0.65900713424137	-0.986262574121866	-0.551547072562073	-0.74129304896784	-0.650661922639338	-0.499947918136334	-0.553506271283041	-0.682261221922843	-0.377148052254543	-0.747459760528399	-0.341699193763466	-0.215400474407005	0.613377369467655	0.156296910104126	-0.391378976132649	-0.918509298168711
SER240A	-0.65900713424137	-0.480222091064573	0.211534524300277	0.131864628902933	-0.508976054931724	-0.354013704928635	-0.0648250587989147	-0.108341910777447	0.365776754196617	0.267566426978988	-0.290477417207604	-0.022599199413199	0.613377369467655	1.11361548449189	-0.139042530994494	-0.419817269246087
PRO191A	-0.65900713424137	-0.480222091064573	-0.297186540274623	-0.392029977819531	0.0351910963189464	-0.640849917095492	-1.04218748376717	-1.25618053306824	-0.748610455480123	-1.08580182303086	-0.550001085090635	-0.401553429573439	-0.889397185728099	-0.801021664283644	-0.643715421270805	-0.419817269246087
VAL122A	1.28332968247004	1.0378993581073	0.593075322731452	0.655759235625397	-0.389866506803895	-0.066351268615758	0.912537366169337	0.465577400367949	0.922970359034986	0.267566426978988	-0.469184504302498	-0.283545752637575	-0.138009908130222	0.156296910104126	-0.391378976132649	-0.419817269246087
SER166A	-1.14459133841922	-0.986262574121866	-0.933087870993248	-1.09055612011615	-0.682580167562482	-0.640849917095492	-1.04218748376717	-1.25618053306824	-0.748610455480123	-1.08580182303086	-0.550001085090635	-0.401553429573439	-0.889397185728099	-0.801021664283644	-0.643715421270805	-0.419817269246087
MET160A	0.312161274114333	-0.480222091064573	0.0843542581565523	-0.392029977819531	0.597263604477722	1.60603374487822	-0.0648250587989147	-0.108341910777447	-0.284282451448148	-0.239946666774705	0.48240227793528	1.1059530912833	-0.138009908130222	0.156296910104126	-0.643715421270805	-0.918509298168711
GLY226A	-1.14459133841922	-0.480222091064573	-1.56898920171187	-0.915924584541994	-0.643655478631818	-0.399303633165507	-1.04218748376717	-0.682261221922843	-1.02720725789931	-0.747459760528399	-0.550001085090635	-0.401553429573439	-0.889397185728099	-0.801021664283644	-0.643715421270805	-0.419817269246087
SER227A	-0.65900713424137	-0.480222091064573	-1.44180893556815	-0.915924584541994	-0.347049348980165	-0.16241206732104	-0.0648250587989147	-0.108341910777447	-0.841476056286517	-0.578288729277168	-0.550001085090635	-0.401553429573439	-0.889397185728099	-0.801021664283644	-0.643715421270805	-0.419817269246087
ALA138A	-0.65900713424137	0.025818391992719	-0.170006274130898	0.131864628902933	-0.714498412485625	-0.513786507319823	-0.553506271283041	-0.108341910777447	-0.470013653060938	-0.409117698025937	-0.550001085090635	-0.401553429573439	-0.889397185728099	-0.801021664283644	-0.643715421270805	-0.419817269246087
THR102A	-1.14459133841922	-0.480222091064573	-0.805907604849523	-0.74129304896784	-0.642876984853205	-0.398045579603372	-1.04218748376717	-0.682261221922843	-0.934341657092912	-0.747459760528399	-0.550001085090635	-0.401553429573439	-0.889397185728099	-0.801021664283644	-0.643715421270805	-0.419817269246087
SER99A	-1.63017554259707	-1.49230305717916	-1.31462866942442	-1.2651876556903	-0.642876984853205	-0.640849917095492	-1.04218748376717	-1.25618053306824	-1.1200728587057	-1.08580182303086	-0.550001085090635	-0.401553429573439	-0.889397185728099	-0.801021664283644	-0.643715421270805	-0.419817269246087
GLY199A	-1.14459133841922	-0.480222091064573	-1.1874484032807	-0.74129304896784	-0.600838320808089	-0.330110687248064	-0.553506271283041	-0.108341910777447	-0.748610455480123	-0.578288729277168	-0.550001085090635	-0.401553429573439	-0.889397185728099	-0.801021664283644	-0.643715421270805	-0.419817269246087
SER106A	-1.63017554259707	-1.49230305717916	-1.1874484032807	-1.2651876556903	-0.642876984853205	-0.640849917095492	-1.04218748376717	-1.25618053306824	-0.841476056286517	-1.08580182303086	-0.550001085090635	-0.401553429573439	-0.889397185728099	-0.801021664283644	-0.643715421270805	-0.419817269246087
GLU224A	-0.65900713424137	-0.480222091064573	-1.06026813713697	-0.566661513393685	-0.496520154473912	-0.161909006084952	-0.553506271283041	-0.108341910777447	-0.562879253867333	-0.239946666774705	-0.550001085090635	-0.401553429573439	-0.889397185728099	-0.801021664283644	-0.643715421270805	-0.419817269246087
VAL225A	-1.14459133841922	-0.986262574121866	-1.56898920171187	-0.915924584541994	-0.793126284125565	-0.640849917095492	-1.53086869625129	-1.25618053306824	-1.2129384595121	-0.91663079177963	-0.550001085090635	-0.401553429573439	-0.889397185728099	-0.801021664283644	-0.643715421270805	-0.419817269246087
MET243A	-1.63017554259707	-1.49230305717916	-1.44180893556815	-1.2651876556903	-0.793126284125565	-0.640849917095492	-1.53086869625129	-1.25618053306824	-1.2129384595121	-0.91663079177963	-0.550001085090635	-0.401553429573439	-0.889397185728099	-0.801021664283644	-0.643715421270805	-0.419817269246087
HIS115A	-1.14459133841922	-0.480222091064573	-1.06026813713697	-0.566661513393685	-0.793126284125565	-0.640849917095492	-1.53086869625129	-1.25618053306824	-1.2129384595121	-0.91663079177963	-0.550001085090635	-0.401553429573439	-0.889397185728099	-0.801021664283644	-0.643715421270805	-0.419817269246087
ASN247A	-1.14459133841922	-1.49230305717916	-1.06026813713697	-1.2651876556903	-0.740967200958476	-0.640849917095492	-1.04218748376717	-1.25618053306824	-1.1200728587057	-1.08580182303086	-0.550001085090635	-0.401553429573439	-0.889397185728099	-0.801021664283644	-0.643715421270805	-0.419817269246087
SER96A	-1.63017554259707	-1.49230305717916	-1.44180893556815	-1.2651876556903	-0.793126284125565	-0.640849917095492	-1.53086869625129	-1.25618053306824	-1.2129384595121	-0.91663079177963	-0.330316576751052	-0.401553429573439	-0.138009908130222	-0.801021664283644	-0.643715421270805	-0.918509298168711
ARG248A	-1.14459133841922	-0.986262574121866	-1.31462866942442	-1.2651876556903	-0.642876984853205	-0.556560328432425	-0.553506271283041	-0.682261221922843	-0.841476056286517	-1.08580182303086	-0.406580110734223	-0.401553429573439	-0.138009908130222	-0.801021664283644	-0.643715421270805	-0.918509298168711
PHE212A	-1.63017554259707	-1.49230305717916	-1.44180893556815	-1.2651876556903	-0.793126284125565	-0.640849917095492	-1.53086869625129	-1.25618053306824	-1.2129384595121	-0.91663079177963	-0.550001085090635	-0.401553429573439	-0.889397185728099	-0.801021664283644	-0.643715421270805	-0.419817269246087
SER241A	-1.63017554259707	-0.986262574121866	-1.1874484032807	-0.566661513393685	-0.793126284125565	-0.640849917095492	-1.53086869625129	-1.25618053306824	-1.2129384595121	-0.91663079177963	-0.550001085090635	-0.401553429573439	-0.889397185728099	-0.801021664283644	-0.643715421270805	-0.419817269246087
SER121A	-1.63017554259707	-1.49230305717916	-1.06026813713697	-1.2651876556903	-0.793126284125565	-0.640849917095492	-1.53086869625129	-1.25618053306824	-1.2129384595121	-0.91663079177963	-0.550001085090635	-0.401553429573439	-0.889397185728099	-0.801021664283644	-0.643715421270805	-0.419817269246087
SER94A	-2.11575974677492	-1.49230305717916	-1.82334973399932	-1.2651876556903	-0.793126284125565	-0.640849917095492	-1.53086869625129	-1.25618053306824	-1.2129384595121	-0.91663079177963	-0.550001085090635	-0.401553429573439	-0.889397185728099	-0.801021664283644	-0.643715421270805	-0.419817269246087
SER183A	-2.11575974677492	-1.49230305717916	-1.82334973399932	-1.2651876556903	-0.793126284125565	-0.640849917095492	-1.53086869625129	-1.25618053306824	-1.2129384595121	-0.91663079177963	-0.550001085090635	-0.401553429573439	-0.889397185728099	-0.801021664283644	-0.643715421270805	-0.419817269246087
