Degree	Degree_sidechain	SecondOrderDegree	SecondOrderDegree_sidechain	NodeEdgeBetweennessSTRIDE	NodeEdgeBetweennessSTRIDE_sidechain	IntermodularDegreeSTRIDE	IntermodularDegreeSTRIDE_sidechain	SecondOrderIntermodularDegreeSTRIDE	SecondOrderIntermodularDegreeSTRIDE_sidechain	NodeEdgeBetweennessWALKTRAP	NodeEdgeBetweennessWALKTRAP_sidechain	IntermodularDegreeWALKTRAP	IntermodularDegreeWALKTRAP_sidechain	SecondOrderIntermodularDegreeWALKTRAP	SecondOrderIntermodularDegreeWALKTRAP_sidechain
ARG202A	3	3	4	2	1112	640.133825993583	3	3	3	2	1112	640.133825993583	3	3	5	3
GLU221A	4	2	8	2	610	133.87421977806	3	2	6	2	994	133.87421977806	4	2	6	2
CYS229A	6	4	16	9	2498	971.43922882434	6	4	18	9	1220	931.187327201872	3	3	6	4
TRP146A	7	3	21	3	659	295.454859230972	5	3	15	3	1029	295.454859230972	5	3	8	2
ARG273A	6	3	22	7	607	453.402279119169	4	3	9	6	1342	453.402279119169	6	3	8	3
ASP281A	5	4	18	6	509	93.8056728003295	3	3	7	6	490	85.4690012408472	2	2	5	2
ARG196A	7	5	25	11	1937	1007.24501364241	6	5	24	13	625	174.457572279977	3	2	7	2
ASP184A	4	4	13	8	190	16.5424277200225	4	4	14	9	190	16.5424277200225	3	3	7	3
CYS242A	7	5	19	9	294	167.358836422193	5	4	24	13	149	75	2	2	5	4
HIS179A	8	6	19	11	2234	275.71147914078	7	5	30	16	1967	275.71147914078	6	5	11	9
ARG175A	6	5	20	13	3250	2651	6	5	26	11	1569	970	3	2	8	4
GLY279A	10	10	26	23	808	782.789397997388	5	5	13	8	1	1	1	1	1	1
THR118A	6	4	17	8	1966	877.153942015167	6	4	16	9	1	1	1	1	1	1
PRO128A	4	4	8	5	624	624	3	3	8	3	1	1	1	1	1	1
TYR126A	6	2	19	3	3346	1375	5	2	15	2	1486	1	4	1	11	0
ASN268A	4	3	16	10	1734	356.932794454733	3	2	8	5	1667	356.932794454733	2	2	6	6
LEU111A	10	9	31	21	3268	2542.06720554527	6	6	21	13	4051	3184.86859976791	7	7	23	9
CYS176A	7	6	20	11	2620	945.640437176047	7	6	26	14	1420	792.663657307877	4	4	8	6
SER106A	3	2	9	2	136	1	2	1	5	0	1	1	1	1	1	1
TYR107A	6	2	14	3	206	64.9203679579753	4	2	11	3	198	64.9203679579753	2	2	2	2
ARG249A	8	6	21	11	2972	1940.91933278819	8	6	23	12	1687	1253.91933278819	5	4	7	4
GLU171A	3	2	10	5	189	54.9242291467318	2	2	7	5	189	54.9242291467318	2	2	4	3
TYR205A	8	4	28	15	4592	1058.1011323029	8	4	33	12	2457	812	4	2	11	4
VAL203A	8	8	22	18	1838	1082.76597833827	7	7	31	21	1838	1082.76597833827	4	4	11	8
LEU114A	4	3	12	6	599	306.3476521519	3	3	6	4	599	306.3476521519	3	3	5	5
PRO142A	6	4	17	11	499	154.1523478481	3	2	4	2	795	629.1523478481	4	4	10	7
CYS135A	8	6	33	21	2118	599.560354033528	7	5	35	17	783	1	4	2	8	1
VAL274A	11	10	33	25	6514	5874.36161378395	9	8	41	22	54	30.6402173362563	3	3	7	4
TYR163A	4	3	18	9	1894	72.7750126669754	4	3	21	9	1894	72.7750126669754	4	3	9	3
ARG213A	7	5	19	8	2354	307.136832485303	7	5	18	6	2354	307.136832485303	7	5	13	3
THR211A	6	5	13	7	748	748	3	2	9	4	748	748	2	2	6	4
THR230A	6	6	14	11	187	146.748098377531	5	5	11	7	141	141	3	3	5	2
GLY154A	5	5	15	12	559	559	4	4	13	9	338	338	3	3	5	2
PRO153A	3	2	6	4	1	1	1	1	1	1	1	1	1	1	1	1
ILE162A	8	3	26	5	3554	334	7	3	26	5	989	1	4	1	13	0
VAL173A	9	9	27	22	3150	2848.12690472874	7	7	32	22	2562	2332.06030777391	5	5	11	6
THR253A	7	7	29	16	538	276.372841954922	5	5	22	12	401	207.872841954922	5	5	10	4
TYR236A	8	4	32	11	4956	274.16643811031	8	4	37	9	623	94.050248508945	3	2	7	4
GLU271A	6	4	16	5	1685	352.431418241969	5	4	11	6	913	261.942536034778	2	2	1	1
PRO250A	5	4	13	8	582	539	5	4	14	7	11	6	2	2	2	2
LEU137A	7	6	25	12	1668	767.064474200731	6	5	31	11	778	707.064474200731	3	3	10	6
MET237A	8	4	23	8	2356	385.284583907713	7	4	26	9	679	31.961793086778	6	3	9	3
SER269A	6	4	16	6	3098	1626	5	3	14	5	1345	1	2	1	2	0
CYS124A	7	5	20	18	374	277.829729678767	6	4	19	12	369	277.829729678767	4	4	9	6
CYS141A	8	7	26	15	544	276.75063032537	5	5	23	14	687	120.674323067304	4	3	11	6
ALA129A	4	4	8	8	2	1.5	2	2	3	3	1	1	1	1	1	1
HIS233A	3	3	8	6	196	53.51797148285	2	2	3	2	210	56.5438387623188	3	3	7	4
THR140A	6	4	16	8	512	285.690163933574	4	3	7	3	774	360.04822167286	6	4	13	6
CYS238A	10	6	32	13	3986	1097.07917631655	9	5	48	16	608	605.41479260691	4	4	12	7
MET246A	10	5	29	12	1534	815.720961939475	9	5	41	12	1	1	2	1	3	0
VAL216A	8	8	24	20	2040	1929.25595114433	7	7	32	22	1788	1780.5	4	4	8	5
HIS193A	7	7	17	11	1179	895.563449321667	6	6	20	11	278	248.042487659631	2	2	3	3
ASP208A	4	4	6	4	1	1	1	1	1	1	1	1	1	1	1	1
GLY187A	4	3	7	4	306	65.5874468076598	3	2	6	2	117	65.5874468076598	2	2	3	2
LEU188A	5	3	13	8	418	137.91255319234	4	3	11	7	418	137.91255319234	4	3	6	4
ALA189A	6	6	17	11	1254	648.353309719268	4	4	15	9	574	76.5646742055304	2	2	2	2
ARG110A	7	5	21	12	981	564.510121649453	6	5	21	13	818	243	3	2	10	2
GLY108A	8	7	19	11	954	496.191797438892	7	6	26	12	169	169	2	2	6	2
THR231A	6	5	16	11	180	180	3	3	6	4	44	11.9741327205313	3	2	4	2
GLN192A	5	4	10	6	429	70.8651734411924	3	2	5	1	201	70.8651734411924	2	2	1	1
PRO190A	6	4	18	11	1662	1662	2	2	7	3	1	1	1	1	1	1
ILE254A	8	4	30	7	2656	1495	5	4	16	5	69	1	3	1	9	0
THR256A	6	5	26	16	479	362	4	3	13	7	170	170	3	3	11	5
ASN235A	5	5	15	7	367	312.993025118368	4	4	10	4	367	312.993025118368	4	4	9	5
LYS139A	6	1	16	1	517	1	5	1	12	0	435	1	3	1	4	0
ILE195A	6	5	24	13	1908	776.790759320587	6	5	24	12	1711	648.290759320587	4	3	8	4
ARG282A	9	7	26	15	2771	1703.24974609141	7	6	25	14	1681	1468.11742865988	5	4	8	1
PHE134A	7	5	23	11	229	180.064897077393	5	4	19	12	226	179	4	2	9	3
ARG158A	9	6	25	9	2372	1385.02771553518	6	5	18	8	2560	1385.02771553518	7	5	14	8
GLU258A	5	2	21	5	1560	199.564410484751	5	2	19	4	1285	199.564410484751	4	2	17	4
LYS164A	3	2	8	3	190	137.511117792809	3	2	7	3	1	1	1	1	1	1
PRO152A	5	4	14	10	704	512.050445580404	4	4	16	12	556	492.079632042025	3	3	4	3
LEU194A	7	7	28	23	236	202.779038060525	7	7	37	25	1	1	2	2	5	2
LEU252A	5	5	14	10	1065	854.810744106924	4	4	10	6	520	309.810744106924	2	2	1	1
VAL217A	7	7	24	19	2416	1816.2866825246	5	5	19	12	2746	1650.44097161238	5	5	17	12
GLY262A	5	5	8	6	405	405	3	3	7	3	1	1	1	1	1	1
ASN239A	6	1	23	1	269	1	4	1	21	0	1	1	1	1	1	1
PRO98A	5	5	16	7	1070	879.863167514697	4	4	15	7	647	456.863167514697	3	3	8	4
VAL97A	6	5	13	8	929	629.5	4	4	10	3	400	365	3	3	4	1
ASP207A	4	4	10	10	278	30.9575123403687	3	3	9	8	388	70.0701624362619	4	4	4	3
LEU206A	5	3	15	7	100	35.2212022320372	4	2	14	4	210	106.108552136144	3	3	9	7
GLN144A	8	5	21	8	2595	565.957376423444	5	4	11	7	1248	299.857813567157	3	3	4	4
PRO219A	3	3	7	7	614	339.991954228358	2	2	2	2	1370	971.237428428203	3	3	7	7
VAL218A	7	7	19	16	1218	831.62085649266	5	5	20	15	2481	1447.72109320504	6	6	15	14
GLN100A	6	3	21	5	1139	279.689255893076	5	3	17	5	520	211.189255893076	2	2	1	1
ILE232A	7	5	28	17	1653	526.242037038537	5	4	22	14	829	1	3	2	8	1
TYR234A	7	3	27	8	1427	32.5923545796867	5	2	18	3	1120	1	4	2	9	1
ARG174A	4	3	15	7	1001	324.976006388879	2	2	4	3	972	616.097903573995	3	2	7	3
ARG156A	7	4	25	10	417	105.724803110607	5	3	19	5	417	105.724803110607	5	3	13	5
ASN200A	5	2	14	6	500	145.113165169073	4	2	13	4	282	145.113165169073	2	2	5	5
VAL197A	10	8	29	20	2630	1650.74404885567	8	6	34	15	2769	1938.5	6	5	15	8
VAL272A	9	8	33	21	2331	1984.88381039863	5	4	22	11	736	736	3	3	9	6
LEU130A	7	6	13	8	764	538.479613844594	6	6	17	11	1	1	1	1	1	1
SER127A	5	3	13	6	466	149.855618858756	5	3	16	6	121	1	2	1	4	0
ALA276A	5	3	16	8	184	1	3	1	12	0	184	1	2	1	3	0
PRO278A	9	8	28	24	1339	1177.98579144659	8	7	29	17	925	925	3	3	6	3
GLU204A	5	2	16	3	190	1.91911419244535	5	2	20	2	4	1.91911419244535	2	2	4	2
GLN136A	6	4	21	4	974	414	6	4	22	0	514	372	4	3	4	0
ARG181A	3	3	5	5	1	1	1	1	1	1	1	1	1	1	1	1
PRO177A	5	4	10	8	942	687.313727068991	3	3	8	7	942	687.313727068991	3	3	4	4
GLY266A	6	6	18	15	1090	1090	4	4	12	7	1135	1135	3	3	8	6
TYR103A	6	2	16	2	464	9	5	2	14	0	168	1	2	1	1	0
ALA159A	6	6	24	15	320	245.407645420313	4	4	15	9	204	196.5	3	3	9	7
THR125A	8	8	27	24	598	332.149611192321	6	6	24	21	48	48	3	3	6	1
CYS275A	7	6	20	16	253	149.267426248347	5	5	20	17	171	93.4885023037275	3	3	7	4
PRO151A	6	5	15	10	1554	1007.94042504124	6	5	21	10	1330	857.130477231839	4	3	12	8
TYR220A	8	3	28	6	1753	1	7	2	35	4	818	6	5	3	14	4
CYS277A	6	4	15	3	255	35.5214712177379	4	3	10	1	1	1	1	1	1	1
VAL122A	7	7	22	21	547	346.415038800651	5	5	18	16	1	1	1	1	1	1
GLN104A	4	2	13	5	175	137	3	2	11	4	1	1	1	1	1	1
ALA161A	7	7	25	18	1017	445.582335950668	5	5	22	20	561	327.709240679413	4	4	8	2
ASN131A	4	3	14	6	3058	1684	4	3	14	4	1684	1684	3	3	5	1
PHE270A	8	3	26	7	2103	101.076909536133	7	3	28	7	2103	101.076909536133	5	2	17	4
PRO223A	5	5	10	8	484	484	4	4	12	7	1	1	1	1	1	1
ARG283A	3	2	11	3	124	72.0559208159736	2	2	5	3	1	1	1	1	1	1
GLY245A	7	7	21	15	1177	883	5	5	19	15	1	1	1	1	1	1
LYS132A	4	3	12	4	1405	1010.5141715495	3	3	7	5	913	652.057463965222	2	2	1	1
ALA138A	4	4	15	7	118	87.038206913222	3	3	10	3	78	47.038206913222	2	2	5	2
GLU198A	5	3	15	6	521	228.798839465208	4	3	8	5	440	228.798839465208	3	3	8	6
SER260A	4	2	9	1	189	1	2	1	3	0	189	1	2	1	2	0
GLY112A	5	5	20	15	1348	1081.90043714371	3	3	8	5	1086	1086	2	2	5	3
PHE113A	7	4	22	11	1602	1159	5	3	16	3	2697	1294.69860577736	6	4	17	7
HIS214A	5	4	11	9	2130	1158.50303194909	5	4	10	7	1	1	2	1	3	0
ILE251A	7	5	26	19	437	179.5	6	5	28	17	1	1	1	1	1	1
VAL172A	6	6	18	16	1081	1081	4	4	9	5	2464	1488.84178865209	4	4	12	9
GLY117A	5	5	15	13	308	159.084956136403	4	4	16	13	1	1	1	1	1	1
SER261A	5	1	8	1	1	1	2	1	3	0	1	1	1	1	1	1
LEU257A	6	5	22	14	2720	1399.99512205562	6	5	28	14	2251	1165.49512205562	4	3	14	8
PHE109A	7	3	29	12	1565	45	6	2	27	2	2314	419.5	7	3	19	7
ASP259A	6	5	11	4	563	65.2333735330158	3	2	7	2	463	1	2	1	5	0
LEU265A	7	5	21	13	926	906	5	4	19	9	1402	1052	6	5	13	7
LEU145A	7	7	29	23	1257	694.223272468613	6	6	26	15	9	9	2	2	6	2
ASP148A	4	3	12	8	190	47.2980809116547	4	3	17	9	1	1	1	1	1	1
ASP186A	5	4	10	7	704	628.43532579447	4	3	9	5	704	628.43532579447	3	3	4	3
SER215A	5	3	17	7	562	184.256071920378	5	3	16	5	344	184.256071920378	2	2	6	4
ASN263A	4	3	7	4	230	36.7666264669842	4	3	5	1	1	1	1	1	1	1
LEU264A	4	2	12	4	9	1	2	1	4	0	147	1	2	1	5	0
HIS115A	2	2	6	4	190	190	2	2	4	2	1	1	1	1	1	1
SER185A	4	3	7	5	190	190	4	3	8	3	1	1	1	1	1	1
ASP228A	4	1	9	1	190	1	4	1	10	0	166	1	2	1	4	0
THR123A	4	4	12	9	197	197	3	3	9	3	192	192	2	2	2	0
GLY105A	7	7	18	12	527	527	6	6	18	10	168	168	2	2	1	0
VAL157A	9	8	30	22	4003	1911.53469049285	7	6	29	15	1055	142	3	2	9	1
VAL143A	6	6	20	17	781	623	4	4	14	10	565	515	3	3	6	4
GLU285A	5	3	13	5	861	134.543292415719	4	3	11	5	8	1	2	1	1	0
THR284A	3	3	7	5	1	1	1	1	1	1	8	8	2	2	1	0
MET169A	5	2	11	2	330	1	3	1	9	0	330	1	3	1	8	0
VAL147A	8	6	21	9	470	470	7	5	28	5	692	692	4	4	14	6
HIS168A	4	3	10	6	589	308.381425398098	2	2	7	5	589	308.381425398098	2	2	4	3
ASN210A	3	1	7	1	1	1	1	1	1	1	1	1	1	1	1	1
SER149A	4	2	12	2	192	9	4	2	14	1	1	1	1	1	1	1
ALA119A	5	3	16	4	190	108	3	2	9	3	1	1	1	1	1	1
LYS120A	5	1	13	1	189	1	3	1	7	0	1	1	1	1	1	1
HIS178A	5	2	12	3	190	27.4426385347236	3	2	8	2	110	1	2	1	3	0
GLU224A	2	1	2	1	1	1	1	1	1	1	1	1	1	1	1	1
VAL225A	3	3	2	2	1	1	1	1	1	1	1	1	1	1	1	1
ILE255A	9	5	36	15	491	110.5	6	3	23	4	567	69	6	2	18	0
GLN167A	4	2	6	4	1	1	1	1	1	1	1	1	1	1	1	1
ARG280A	5	3	14	5	134	99.4785287822621	2	2	3	2	1	1	1	1	1	1
THR155A	9	8	27	16	992	545.403587174162	9	8	34	18	623	417.374400712541	7	7	22	13
CYS182A	5	4	9	7	348	321.557361465276	3	3	8	5	1	1	1	1	1	1
SER121A	3	2	8	1	189	1	2	1	5	0	189	1	2	1	3	0
THR150A	2	2	5	4	190	74.1900521906033	2	2	5	4	1	1	1	1	1	1
ARG267A	8	5	17	4	791	412.364325108587	6	4	13	2	1	1	1	1	1	1
LYS101A	3	1	10	1	152	1	2	1	5	0	1	1	1	1	1	1
SER99A	5	4	15	6	175	34.6356748914131	3	2	9	3	1	1	1	1	1	1
GLU286A	5	3	14	7	5	2.30119635685172	4	2	12	2	186	35.8825713401251	2	2	4	3
PRO191A	4	3	12	6	1112	1	2	1	5	0	1	1	1	1	1	1
PRO222A	5	2	14	2	1	1	2	1	4	0	390	385	3	2	7	1
SER116A	5	3	13	7	67	1	3	2	9	3	1	1	1	1	1	1
SER240A	4	3	18	11	190	159	4	3	19	9	1	1	2	2	5	2
SER227A	4	3	6	4	1306	745	4	3	9	3	1	1	1	1	1	1
GLU180A	3	3	5	4	201	131.134826558808	2	2	2	1	201	131.134826558808	2	2	1	1
GLY244A	4	4	8	7	377	150.831869674711	3	3	6	6	297	110.831869674711	2	2	2	2
SER166A	3	2	6	2	1	1	1	1	1	1	1	1	1	1	1	1
MET160A	6	2	17	3	337	219	4	2	12	2	228	1	3	1	5	0
THR102A	5	5	15	10	196	196	4	4	11	6	1	1	1	1	1	1
GLY199A	3	3	6	4	256	256	3	3	6	3	1	1	1	1	1	1
MET133A	6	5	22	12	554	354.137889514643	6	5	22	10	554	354.137889514643	4	4	10	8
GLY226A	3	3	4	4	562	562	2	2	3	2	1	1	1	1	1	1
LEU289A	4	4	9	8	190	79.7986738624059	4	4	9	7	1	1	1	1	1	1
MET243A	2	1	3	1	1	1	1	1	1	1	1	1	1	1	1	1
THR170A	5	4	11	6	187	36	3	2	9	3	187	36	3	2	8	2
SER96A	2	2	5	5	1	1	1	1	1	1	1	1	1	1	1	1
ASN247A	2	1	6	1	1	1	1	1	1	1	1	1	1	1	1	1
GLN165A	5	5	12	9	11	6	3	3	11	8	11	6	3	3	5	4
ARG290A	2	2	2	1	3	2.6359416528702	2	2	1	1	1	1	1	1	1	1
GLU287A	3	2	1	1	3	1.3640583471298	2	2	1	1	1	1	1	1	1	1
PHE212A	3	1	8	1	179	1	2	1	3	0	1	1	1	1	1	1
SER241A	3	3	10	5	1	1	1	1	1	1	1	1	1	1	1	1
ASN288A	2	2	2	2	1	1	1	1	1	1	1	1	1	1	1	1
ARG209A	2	1	3	1	1	1	1	1	1	1	1	1	1	1	1	1
ARG248A	2	1	4	1	190	1	2	1	4	0	1	1	1	1	1	1
SER95A	1	1	1	1	1	1	1	1	1	1	1	1	1	1	1	1
SER183A	1	1	1	1	1	1	1	1	1	1	1	1	1	1	1	1
LEU201A	1	1	1	1	1	1	1	1	1	1	1	1	1	1	1	1
LYS291A	1	1	1	1	1	1	1	1	1	1	1	1	1	1	1	1
LYS292A	1	1	1	1	1	1	1	1	1	1	1	1	1	1	1	1
GLY293A	1	1	1	1	1	1	1	1	1	1	1	1	1	1	1	1
