Degree	Degree_sidechain	SecondOrderDegree	SecondOrderDegree_sidechain	NodeEdgeBetweennessSTRIDE	NodeEdgeBetweennessSTRIDE_sidechain	IntermodularDegreeSTRIDE	IntermodularDegreeSTRIDE_sidechain	SecondOrderIntermodularDegreeSTRIDE	SecondOrderIntermodularDegreeSTRIDE_sidechain	NodeEdgeBetweennessWALKTRAP	NodeEdgeBetweennessWALKTRAP_sidechain	IntermodularDegreeWALKTRAP	IntermodularDegreeWALKTRAP_sidechain	SecondOrderIntermodularDegreeWALKTRAP	SecondOrderIntermodularDegreeWALKTRAP_sidechain
GLY85N	5	5	8	6	1443	1274.10757133229	4	4	9	5	1	1	1	1	1	1
VAL84N	7	5	15	9	807	807	6	4	20	5	1	1	1	1	1	1
ILE57M	8	7	24	13	9442	2374.70999235825	6	6	22	14	2502	776.80101562435	4	3	10	4
LEU78M	7	2	24	6	3724	1726.19898437565	4	2	14	5	2721	1726.19898437565	3	2	6	2
PHE44O	10	4	21	8	6192	1220.56260526904	9	4	28	8	1	1	1	1	1	1
VAL49O	7	7	22	18	404	326	6	6	23	16	1	1	1	1	1	1
ASP64O	4	4	5	2	581	64.553875086369	2	2	2	1	884	367.553875086369	4	4	8	3
GLN66O	2	1	3	1	1	1	1	1	1	1	284	1	2	1	3	0
GLN40N	5	3	11	1	680	64.7392534124712	4	3	11	2	169	1	2	1	1	0
GLN40O	4	2	11	2	284	220.260746587529	3	2	8	2	1	1	1	1	1	1
ALA37M	9	8	22	15	8476	8022.9142736157	6	5	18	7	1569	1502	3	2	7	1
MET59M	4	3	12	10	746	301	4	3	10	5	746	301	4	3	7	2
PHE87O	7	3	22	12	1544	389.563004821986	6	3	26	9	1267	389.563004821986	3	3	9	8
VAL71O	8	8	28	17	1267	989.159290058598	6	6	28	16	1743	1465.1592900586	6	6	14	6
ALA37O	7	7	21	13	4538	3909.19092785336	5	5	16	7	2865	2865	3	3	7	1
GLN55O	6	1	20	1	1168	1	4	1	13	0	15813	1	4	1	10	0
GLN23M	7	2	14	3	1298	116.456836442314	6	2	15	2	1414	116.456836442314	4	2	4	2
VAL24M	5	5	19	13	1062	886.057205122545	4	4	18	13	791	791	2	2	3	1
GLU42O	4	3	10	5	522	176.801247359328	3	2	7	2	1	1	1	1	1	1
VAL43O	4	4	13	6	324	225.979649459434	3	3	12	5	324	225.979649459434	2	2	2	1
ASP76O	7	5	21	8	3068	1776.15338227	7	5	21	6	2785	1718.02516113923	5	4	14	4
LYS60O	3	1	10	1	1	1	2	1	6	0	1	1	2	1	4	0
ASP76M	7	4	19	3	2754	1721.99312293043	7	4	19	3	1406	635.626301322891	4	2	7	1
PRO92O	8	7	17	12	1823	943.083789309764	5	5	19	12	1	1	1	1	1	1
PRO94O	5	5	13	12	1	1	2	2	2	0	9	9	2	2	4	3
GLY38O	6	6	17	12	8342	6751.51923445439	6	6	19	14	1	1	1	1	1	1
TYR96O	5	3	16	7	274	273.503650422293	3	3	7	6	6	1	2	1	4	0
VAL95O	8	7	24	13	657	431.158546362901	5	5	18	12	522	362.158546362901	5	4	7	5
HIS72O	5	3	15	5	664	517.446124913631	3	2	6	1	1438	1291.44612491363	5	3	13	3
ILE70O	6	3	14	6	1323	334.003712585704	4	3	10	5	1589	1	4	1	12	0
CYS73N	6	6	14	13	1750	342.52069185811	6	6	20	14	1	1	1	1	1	1
GLY79N	8	8	19	17	1405	1233.8717368096	5	5	18	12	1	1	1	1	1	1
ALA39O	7	7	18	11	7794	5090.61378103171	6	6	22	12	1	1	1	1	1	1
TYR52O	5	2	14	2	1630	1	5	2	16	2	1	1	1	1	1	1
GLN23O	6	3	13	3	4578	256.020350540566	5	3	12	2	4316	99.0203505405656	3	2	3	1
GLU20M	3	1	10	1	284	1	3	1	10	0	1	1	1	1	1	1
LEU26R	7	5	24	16	7526	4221.38062424453	6	5	24	19	98	32.1712151768115	2	2	2	2
GLY54N	8	8	20	14	5501	4331.43447050391	3	3	11	6	5501	4331.43447050391	3	3	7	5
PHE19Q	7	3	24	8	1937	284	6	2	23	2	284	284	4	2	11	2
VAL89O	10	9	27	18	3492	2529.58920715431	9	8	39	24	34	17.5	2	2	5	5
ASP76N	6	4	20	5	2514	1786.53136539029	6	4	20	5	1140	637.277527073391	2	2	2	1
TYR56N	6	2	22	3	3188	503.722472926609	5	2	17	3	1517	503.722472926609	3	2	3	1
HIS25N	4	3	13	5	4333	3830.41161385955	2	2	5	2	8796	4267.95405669749	3	3	8	4
VAL24N	6	6	18	14	1944	1253.5	4	4	18	11	1	1	2	2	4	1
ALA37N	8	8	20	16	18017	17915.1847228378	5	5	12	5	1	1	1	1	1	1
VAL36N	5	5	11	8	350	350	3	3	6	1	1	1	1	1	1	1
GLN61M	5	5	12	8	1228	792.784578734424	5	5	14	9	945	610.441687424487	4	4	5	3
TYR63N	4	3	10	5	284	101.657108690063	4	3	12	6	1	1	2	1	2	0
MET50M	6	4	22	11	908	318	5	4	21	12	629	318	4	4	6	4
TYR96M	7	3	18	7	984	418.739125770191	5	3	13	6	463	1	3	1	4	0
ALA28N	3	3	6	4	1	1	2	2	3	1	1	1	1	1	1	1
PRO29N	5	4	13	9	573	29	3	2	8	1	545	1	2	1	5	0
ASP64N	5	5	8	5	385	45.513692696572	2	2	2	1	385	45.513692696572	2	2	2	2
HIS72N	5	3	16	5	556	340.486307303428	3	2	7	1	443	398.486307303428	3	3	3	1
GLY21O	4	4	10	7	570	568	4	4	13	8	1	1	1	1	1	1
THR22O	3	2	6	3	532	264	3	2	7	2	1	1	1	1	1	1
ALA39N	6	6	18	13	17372	14670.7411762544	5	5	20	11	169	169	2	2	1	0
LEU34N	8	6	30	15	315	95.4620273164666	6	5	26	12	1	1	1	1	1	1
VAL49N	7	7	27	19	3243	3229	5	5	25	19	1	1	2	2	6	6
PHE44M	10	4	21	6	6423	2723.34805719744	9	4	28	8	2964	1	2	1	3	0
VAL49M	7	7	23	19	1094	860	6	6	25	17	563	563	2	2	3	2
ASN102M	6	3	17	6	1	1	4	1	17	0	1057	639.545511434269	3	2	12	3
LEU81M	8	6	20	12	2102	1282.40545568197	7	6	20	11	2102	1282.40545568197	7	6	18	8
GLY79M	8	8	21	18	1565	1478.0064319121	4	4	13	8	1	1	1	1	1	1
ARG101O	6	5	13	9	804	473.255494112398	4	3	12	5	708	473.255494112398	3	3	6	5
GLU83O	4	2	15	4	1200	235.744505887602	4	2	13	2	708	235.744505887602	2	2	2	2
HIS69M	6	3	13	2	3767	1024.21977980968	5	2	16	2	284	153.174706592654	2	2	1	1
VAL89M	7	5	20	13	4238	3492.71441086568	7	5	28	11	1	1	1	1	1	1
GLN55M	6	3	18	4	12165	4454.22307353335	4	3	10	4	8847	4454.22307353335	3	3	4	4
LEU25Q	2	2	1	1	1	1	1	1	1	1	1	1	1	1	1	1
LYS24Q	2	1	1	1	1	1	1	1	1	1	1	1	1	1	1	1
ILE105M	3	1	6	1	54	1	2	1	3	0	284	1	3	1	3	0
LEU106M	4	4	10	4	512	396.543163557686	3	3	8	3	742	626.543163557686	3	3	5	1
TYR56M	6	2	24	3	3258	489.373698677109	5	2	18	3	2814	489.373698677109	5	2	12	1
HIS25M	2	2	6	4	1	1	1	1	1	1	1	1	1	1	1	1
PRO26M	7	5	20	6	4543	2626.5	6	4	24	6	1	1	1	1	1	1
ILE57N	7	4	24	9	6774	2061.95396708515	5	3	21	8	6774	2061.95396708515	5	3	15	6
MET58M	4	3	11	3	5072	3426.82134012772	3	3	5	3	9366	3426.82134012772	4	3	10	3
MET58N	5	4	12	5	4956	2091.17865987228	4	4	8	6	4956	2091.17865987228	4	4	8	6
LEU103M	7	6	22	16	1229	1033.94279487745	6	6	25	20	1	1	1	1	1	1
LEU99M	8	6	21	14	1806	677	7	5	24	14	1	1	2	2	6	3
GLN55N	5	3	15	2	16493	4393.77692646665	3	2	7	2	8847	4393.77692646665	2	2	2	2
LEU53O	7	6	28	15	7968	2719.1472010278	5	5	20	17	5604	1532.96147907451	4	4	15	10
TRP23R	8	8	27	20	16755	6820.06337825032	7	7	27	21	12780	5304.77844698154	5	5	15	14
PRO27R	4	4	8	6	286	284.496349577707	3	3	3	2	1	1	1	1	1	1
GLN40M	4	3	9	8	1	1	2	2	4	3	1	1	1	1	1	1
GLU41M	5	3	12	3	5230	1278.5	4	2	13	1	1	1	1	1	1	1
GLY54O	9	9	28	18	8275	6536.62025538596	3	3	12	7	16874	15135.620255386	7	7	22	11
PRO77O	3	3	12	9	284	225.871778869228	2	2	6	4	1	1	2	2	7	3
ILE57O	7	4	27	11	356	64.6985882932997	5	3	23	7	309	92.8843102465986	5	4	17	8
GLY85M	5	5	9	7	550	469.021477882649	4	4	9	7	1	1	1	1	1	1
SER86M	4	3	11	6	284	12.3244045907306	4	3	11	5	1	1	1	1	1	1
ASP21P	3	2	6	3	285	65.1202557460694	2	2	5	3	1	1	1	1	1	1
THR18P	6	4	12	4	1374	493.133261333109	6	4	17	5	1062	273.253517079179	4	3	11	4
ASN91M	3	1	9	1	284	1	3	1	5	0	1	1	1	1	1	1
PRO92M	7	6	15	8	863	543.792401419029	4	4	10	6	1	1	1	1	1	1
ILE70M	5	3	14	4	1867	843.780220190318	3	3	7	3	1200	1	2	1	4	0
GLN61N	5	5	12	8	1908	991.876895422186	5	5	15	11	1908	991.876895422186	5	5	12	9
LYS65N	5	3	13	5	543	215.041195286348	3	3	6	5	543	215.041195286348	3	3	6	5
GLU48M	3	3	11	6	284	209.690928694798	3	3	11	5	132	57.6909286947984	2	2	3	2
THR45M	5	4	18	10	4317	2455.92978262449	4	3	13	8	3657	3038.3090713052	4	3	3	1
MET58O	8	5	19	4	2812	1965.48565285144	7	5	19	4	1932	236.696979768754	4	3	11	2
SER20R	2	2	7	4	284	48.3030202312461	2	2	6	4	284	48.3030202312461	2	2	3	2
GLY85O	5	5	10	7	1355	1217.10516479105	4	4	9	5	1	1	1	1	1	1
VAL84O	8	6	17	10	905	905	7	5	25	7	1	1	1	1	1	1
ASP64M	4	4	9	4	551	54.6331238357217	2	2	4	2	551	54.6331238357217	2	2	4	2
LYS65M	5	2	12	4	407	154.471381050121	3	2	6	4	407	154.471381050121	3	2	5	3
GLY21M	7	7	15	8	8238	5855.37928868071	7	7	19	9	1	1	1	1	1	1
THR22M	3	2	10	2	284	6	3	2	11	1	1	1	1	1	1	1
ALA39M	6	6	15	9	1021	772.087267842637	5	5	20	10	1	1	1	1	1	1
GLN32O	2	1	4	1	1	1	1	1	1	1	1	1	1	1	1	1
VAL36O	5	4	13	8	163	134	3	2	7	1	163	134	3	2	6	1
ASP75M	2	2	3	2	1	1	1	1	1	1	1	1	1	1	1	1
HIS74M	4	2	8	4	729	479	3	2	7	2	1	1	1	1	1	1
HIS25O	4	4	10	8	525	347.698752640672	3	3	3	2	1	1	1	1	1	1
PRO26O	8	7	25	17	1665	1135.7616330895	6	5	25	12	1	1	1	1	1	1
ASP75N	2	2	2	1	1	1	1	1	1	1	1	1	1	1	1	1
HIS74N	3	1	4	1	565	1	2	1	3	0	1	1	1	1	1	1
GLN68M	7	6	17	11	4465	3874.78673062119	6	5	22	10	4465	3874.78673062119	6	5	13	7
ASN102N	6	4	19	8	1280	115.852963253523	4	2	18	3	1834	669.852963253523	4	3	16	5
MET98N	6	3	21	9	2705	51.0586650258287	3	2	11	6	5206	904.85709893158	6	3	15	5
ARG67N	3	2	8	2	1	1	1	1	1	1	1	1	1	1	1	1
HIS69N	6	3	13	1	1170	253.575829286712	5	2	15	1	1	1	1	1	1	1
LEU34M	6	4	23	6	86	10.5	5	4	21	7	1	1	1	1	1	1
HIS69O	7	4	15	5	2202	726.996287414296	6	3	23	5	1	1	2	2	3	1
TYR56O	7	3	23	4	3331	676.97483886077	5	2	17	4	3331	676.97483886077	5	2	14	3
LEU103N	9	8	20	18	6677	5168.32791781194	8	8	28	23	5296	4477.82791781194	7	7	14	11
LEU46N	3	2	12	7	284	119.5	3	2	11	7	284	119.5	3	2	10	6
PHE87N	4	3	17	9	4698	1140.81708696644	4	3	13	7	4698	1140.81708696644	4	3	11	7
VAL71N	8	8	22	16	4125	3020.68993171477	6	6	25	16	4374	3269.68993171477	6	6	13	6
ASN91N	3	1	8	1	284	1	3	1	4	0	1	1	1	1	1	1
PRO92N	7	6	9	4	2440	1361.14006950477	4	4	7	3	1609	530.140069504765	2	2	2	2
PHE19R	8	3	30	8	1699	197.3014117067	7	2	28	2	624	197.3014117067	5	2	18	3
LYS47N	2	1	5	1	284	1	2	1	4	0	284	1	2	1	4	0
THR45N	6	6	14	8	1597	1145.15881260109	5	5	9	5	1866	1803.95468012026	5	5	8	3
LEU82M	9	7	27	17	4466	4084.15724448112	7	6	20	13	4111	4081.15724448112	5	5	10	5
PRO94M	6	5	16	9	249	1	3	2	8	0	249	1	2	1	4	0
LEU30N	9	7	26	18	1127	703.085906198465	7	7	27	20	591	167.585906198465	4	4	16	11
VAL84M	6	5	14	12	992	991	5	4	16	8	1	1	1	1	1	1
ARG101N	7	5	13	5	668	222.052226123304	4	3	11	4	1075	928.052226123304	5	5	12	6
ARG27N	4	2	9	5	328	300	4	2	6	2	1	1	1	1	1	1
LEU81O	7	5	20	12	2100	1610.41445803747	6	5	17	13	2100	1610.41445803747	6	5	7	5
ILE70N	4	2	12	2	483	230.424170713288	2	2	4	1	518	1	3	1	7	0
ARG101M	7	5	15	8	1309	1117.11053551447	4	3	14	6	2053	1861.11053551447	5	5	15	10
MET98M	7	4	24	9	4770	2066.25422322673	4	3	18	10	5826	2483.70871179246	7	4	19	7
CYS73O	7	6	21	15	1842	185.279459696384	7	6	29	17	756	1	2	1	7	0
MET50N	6	3	20	8	1772	489.252947725973	4	3	13	7	1110	489.252947725973	3	3	7	6
VAL95N	6	4	17	4	365	239.335167028271	4	3	11	4	365	239.335167028271	4	3	8	4
LEU34O	7	5	28	14	579	58.1134513915038	5	4	22	8	1	1	1	1	1	1
GLN23N	6	3	17	8	3088	862.00719443648	5	3	17	8	1	1	1	1	1	1
GLU83M	4	2	13	4	2750	192.889464485526	4	2	10	2	1309	192.889464485526	2	2	4	4
LEU26P	7	7	22	15	1876	1706.20759858097	6	6	23	17	35	18	2	2	3	3
TRP23P	8	7	25	16	14697	3419.49106719149	7	6	24	16	11086	2674.20547805717	4	4	11	11
GLU41O	2	1	9	1	284	1	2	1	8	0	1	1	1	1	1	1
GLU83N	4	2	15	4	794	147.947773876696	4	2	12	2	369	147.947773876696	2	2	4	4
LEU17M	5	4	13	10	1310	1310	4	4	12	7	457	457	2	2	2	0
LYS100M	4	3	5	1	621	283	3	2	4	0	504	374.835859340748	2	2	2	1
PRO26N	8	6	27	12	5951	3264.09922596126	7	5	36	13	6577	4026.45755716205	4	3	13	4
GLN32N	2	1	4	1	1	1	1	1	1	1	1	1	1	1	1	1
VAL36M	5	4	13	8	423	190	3	2	7	1	423	190	3	2	7	1
ALA28M	3	3	8	6	1	1	2	2	5	3	1	1	1	1	1	1
ARG27M	6	4	13	8	618	128.5	6	4	12	4	1	1	1	1	1	1
PRO29M	5	4	14	9	1277	363	3	2	11	3	915	1	2	1	6	0
GLY38M	5	4	13	9	1214	957.650401344226	5	4	11	8	1	1	1	1	1	1
LEU99O	7	6	25	18	2502	28.5	5	4	20	13	1	1	1	1	1	1
TYR52M	5	2	14	2	5928	1278.5	5	2	16	1	1	1	1	1	1	1
LEU31M	3	3	5	3	98	98	2	2	3	1	1	1	1	1	1	1
LYS35M	3	1	5	1	468	1	2	1	4	0	1	1	1	1	1	1
TYR52N	4	1	14	1	17326	1	4	1	13	0	1	1	1	1	1	1
ARG67M	2	2	5	2	1	1	1	1	1	1	284	131.825293407346	2	2	1	1
GLU97M	3	2	8	2	1	1	1	1	1	1	1248	130.164140659252	3	2	5	1
ARG67O	4	2	10	3	264	264	2	2	3	2	284	264	4	2	7	0
PHE44N	11	5	29	13	23317	10718.1537972421	10	5	37	13	9175	7922	5	2	10	1
LEU62N	7	6	20	9	842	621	7	6	23	8	439	439	3	3	3	1
PHE87M	5	4	19	13	4170	1063.83790620114	5	4	18	12	1908	1	2	1	4	0
VAL71M	7	7	23	17	4808	3178.89196943228	5	5	19	13	1	1	2	2	4	2
LEU30M	8	6	24	15	3356	1975.8403210913	7	6	28	14	1719	473.340321091304	3	2	12	3
HIS51N	2	2	4	2	1	1	1	1	1	1	1	1	1	1	1	1
PRO27P	3	3	9	7	522	104.260874229809	2	2	4	2	1	1	1	1	1	1
LEU78O	10	6	24	16	3536	1606.5	7	5	27	15	4687	1923.14565668873	8	4	15	6
GLY54M	9	9	22	16	9758	7872.78899472383	3	3	11	6	14052	12166.7889947238	6	6	15	8
HIS72M	7	4	17	6	1029	497.366876164278	5	3	11	3	1750	1696.36687616428	5	3	5	1
GLU41N	5	3	17	2	15702	1505.90555151974	5	3	17	1	15702	1505.90555151974	4	2	8	2
MET59N	3	1	4	1	842	1	3	1	3	0	842	1	3	1	4	0
LEU22P	6	5	17	10	556	370	6	5	22	8	142	142	3	3	7	4
MET50O	7	3	23	9	585	259.782881427882	5	3	19	10	579	259.782881427882	3	3	5	5
TRP23Q	8	7	22	14	14715	5905.86814601083	7	6	21	10	11660	5407.97039606063	5	5	10	7
GLN68O	4	4	11	5	1922	1922	4	4	12	3	287	287	2	2	1	0
TYR63O	4	2	5	1	296	2	4	2	8	0	287	1	2	1	1	0
GLN68N	7	6	16	11	3176	2754.08693152539	6	5	20	9	371	182.086931525392	3	3	4	3
LEU22Q	5	4	14	8	438	429	5	4	18	5	1	1	1	1	1	1
ALA28O	3	3	5	4	1	1	2	2	2	0	1	1	1	1	1	1
PRO29O	5	5	14	11	1127	472.163517054321	3	3	7	4	844	189.163517054321	2	2	5	4
ASP21Q	3	2	4	2	565	81.0472947660479	2	2	4	2	1	1	1	1	1	1
THR18Q	5	3	9	1	1902	734.952705233952	5	3	12	1	169	1	2	1	3	0
HIS51O	4	3	14	2	7781	6276.09444848026	2	2	4	2	15478	13973.0944484803	3	3	6	1
SER93M	3	1	9	1	1	1	1	1	1	1	1	1	1	1	1	1
LEU22R	5	4	14	6	2474	1145	5	4	20	4	1	1	1	1	1	1
ASN107N	3	1	8	1	284	1	3	1	9	0	1	1	1	1	1	1
LYS90N	3	1	8	1	830	1	3	1	6	0	282	1	2	1	1	0
VAL104M	5	4	13	8	309	181.5	4	3	8	3	54	54	2	2	2	0
GLY79O	9	9	23	22	767	720.615375512561	5	5	21	14	415	415	2	2	7	3
ILE105O	3	1	6	1	284	1	3	1	5	0	283	1	2	1	2	0
VAL104O	3	3	6	6	2	2	2	2	2	0	283	283	2	2	1	0
LEU30O	9	8	27	21	1121	438.537691327487	7	7	27	22	596	138.453227983518	2	2	5	4
GLU97N	2	1	6	1	1	1	1	1	1	1	284	1	2	1	4	0
SER88N	4	4	11	9	298	298	4	4	13	7	282	282	2	2	1	0
PRO94N	5	5	10	8	1	1	2	2	2	0	1	1	1	1	1	1
THR18R	4	2	6	1	880	284	4	2	8	0	1	1	1	1	1	1
ASN102O	5	4	16	11	1524	1034.46879692469	5	4	18	9	647	157.468796924686	2	2	5	4
GLU48O	3	3	10	5	284	283.274225942633	3	3	10	4	1	1	1	1	1	1
VAL89N	8	7	22	18	1306	844.190399583803	8	7	30	18	25	13	2	2	5	5
LEU103O	7	6	19	18	5946	4702.98979364731	6	6	24	22	283	1	2	1	1	0
VAL24O	7	6	20	14	4458	2802.24857326319	5	5	20	13	4275	4275	3	3	3	1
LEU53N	7	4	25	10	2240	13.5	3	2	11	3	2240	13.5	3	2	7	2
LEU106N	4	3	13	9	296	115	4	3	14	9	1	1	1	1	1	1
SER93O	3	1	9	1	1	1	1	1	1	1	1	1	1	1	1	1
LEU26Q	5	5	17	14	5425	4085.77178096123	4	4	16	14	2154	1204.25381514389	3	3	2	2
CYS73M	5	5	16	15	788	161.647685614525	5	5	16	14	1	1	1	1	1	1
THR16M	3	3	4	4	1	1	1	1	1	1	1	1	1	1	1	1
ARG27O	3	1	5	1	284	1	3	1	3	0	1	1	1	1	1	1
LEU31O	3	3	4	3	4	2.5	2	2	2	2	1	1	1	1	1	1
THR45O	4	3	13	5	2	1.72577405736659	3	2	7	2	1	1	1	1	1	1
MET98O	7	5	23	16	3712	1318.67436936021	5	4	19	14	573	149.258832704179	2	2	3	3
TYR96N	4	2	9	2	265	156.461617560352	2	2	1	1	1	1	1	1	1	1
LYS60N	3	1	8	1	284	1	3	1	8	0	62	1	2	1	2	0
LEU99N	6	6	20	16	2822	1371.67208218806	5	5	20	19	3655	1365.37364828231	3	3	11	8
PRO77M	5	3	12	4	410	262.633178392463	3	2	9	3	65	1	2	1	3	0
ILE33O	3	3	13	9	284	276.5	3	3	11	8	284	276.5	3	3	12	7
GLN32M	2	1	4	1	1	1	1	1	1	1	1	1	1	1	1	1
LEU81N	6	4	16	10	1626	1273.00246552218	6	4	16	8	1626	1273.00246552218	6	4	13	5
ASN91O	3	1	9	1	284	1	3	1	5	0	1	1	1	1	1	1
LEU82N	8	6	25	15	5526	4890.5	6	5	18	10	4889	4889	4	4	11	6
VAL43M	4	4	13	5	238	238	3	3	13	4	113	113	2	2	3	1
GLY38N	4	4	10	9	284	180.798776296368	4	4	9	8	1	1	1	1	1	1
SER86N	4	1	8	1	284	1	4	1	13	0	1	1	1	1	1	1
SER86O	4	2	11	3	284	1	3	1	9	0	1	1	1	1	1	1
ILE105N	4	1	5	1	846	1	3	1	5	0	1	1	1	1	1	1
SER88O	5	4	13	10	284	97.3326631994227	5	4	20	10	1	1	1	1	1	1
PRO27Q	3	3	5	4	265	109.538382439648	2	2	1	1	546	421.606115351349	2	2	2	2
LEU62O	6	5	22	12	540	475	6	5	23	10	475	475	3	3	8	5
GLU42M	3	1	7	1	328	1	2	1	5	0	1	1	1	1	1	1
ARG15M	3	1	3	1	283	1	2	1	2	0	1	1	1	1	1	1
TYR63M	4	3	10	5	284	102.041661591099	4	3	12	6	284	102.041661591099	3	2	9	4
GLU42N	7	3	21	5	9078	543.538123738708	6	3	19	4	5140	543.538123738708	6	3	11	4
PHE19P	7	3	25	10	7209	3699.75173002826	6	2	22	5	2506	1	3	1	10	0
LEU78N	9	4	26	9	3114	1267.04603291485	6	4	19	8	2001	1256.04603291485	4	3	8	3
PRO77N	4	3	10	6	284	225.746161683097	2	2	5	3	1	1	1	1	1	1
HIS74O	3	1	4	1	565	1	2	1	3	0	1	1	1	1	1	1
ILE33M	5	4	20	8	284	284	4	4	11	7	284	284	4	4	9	6
LYS90O	6	2	17	4	284	58	5	2	17	2	1	1	1	1	1	1
ASP21R	2	1	3	1	284	1	2	1	3	0	1	1	1	1	1	1
GLU97O	3	2	5	1	1	1	1	1	1	1	1	1	1	1	1	1
HIS51M	3	2	12	3	1	1	1	1	1	1	1	1	1	1	1	1
GLN66N	2	1	4	1	1	1	1	1	1	1	1	1	1	1	1	1
SER20P	3	3	3	2	281	281	2	2	2	0	281	281	2	2	2	0
GLU48N	3	3	14	9	284	63.045319879737	3	3	13	8	284	63.045319879737	2	2	4	4
LEU46O	2	2	6	3	1	1	1	1	1	1	1	1	1	1	1	1
LEU82O	8	6	26	15	1250	608.360326052336	6	5	25	14	1432	869.714669363603	4	4	12	7
SER93N	3	1	8	1	1	1	1	1	1	1	1	1	1	1	1	1
VAL43N	7	7	21	10	964	850	6	6	22	10	1	1	3	3	9	3
GLU17Q	3	1	6	1	284	1	3	1	8	0	1	1	1	1	1	1
LEU62M	6	5	19	8	858	446	6	5	20	7	1	1	3	3	7	3
GLN66M	2	1	3	1	1	1	1	1	1	1	1	1	1	1	1	1
LEU31N	6	5	20	7	565	379.610536493362	5	4	24	8	127	87.0502624017445	3	3	8	3
ILE33N	4	3	18	7	332	332	3	3	10	6	332	332	3	3	8	5
VAL95M	6	6	20	14	713	365.952173123303	4	4	12	10	609	289.34275551888	3	3	7	7
LYS35N	3	1	7	1	1	1	2	1	3	0	1	1	1	1	1	1
GLU80M	3	2	8	3	1	1	1	1	1	1	1	1	1	1	1	1
SER20Q	2	2	2	2	1	1	1	1	1	1	1	1	1	1	1	1
SER88M	4	3	9	5	422	87	4	3	11	5	1	1	1	1	1	1
LEU53M	5	4	18	13	1258	505.505527219002	3	3	9	8	1258	505.505527219002	4	4	8	7
MET59O	4	3	14	6	1258	711	4	3	12	3	711	711	3	3	7	3
LYS35O	3	1	7	1	562	1	2	1	5	0	1	1	1	1	1	1
GLU80O	2	1	8	1	1	1	1	1	1	1	1	1	1	1	1	1
THR22N	3	3	6	3	284	284	3	3	6	2	1	1	1	1	1	1
GLU80N	3	2	7	3	1	1	1	1	1	1	1	1	1	1	1	1
GLU17P	3	1	8	1	284	1	3	1	10	0	284	1	3	1	5	0
VAL104N	3	3	9	8	1	1	1	1	1	1	1	1	1	1	1	1
LYS60M	3	2	9	4	284	283	3	2	11	3	283	283	2	2	3	1
LYS90M	4	2	10	3	420	227	4	2	10	1	1	1	1	1	1	1
ASP75O	2	2	2	1	1	1	1	1	1	1	1	1	1	1	1	1
GLN61O	4	4	10	7	404	404	4	4	12	7	1	1	1	1	1	1
LEU25R	2	1	3	1	284	1	2	1	2	0	1	1	1	1	1	1
LYS100O	2	2	2	1	1	1	1	1	1	1	1	1	1	1	1	1
LEU46M	2	2	7	5	284	142.5	2	2	6	4	1	1	1	1	1	1
LYS500M	1	1	1	1	1	1	1	1	1	1	1	1	1	1	1	1
LYS47M	1	1	1	1	1	1	1	1	1	1	1	1	1	1	1	1
LYS24P	1	1	1	1	1	1	1	1	1	1	1	1	1	1	1	1
LEU25P	1	1	1	1	1	1	1	1	1	1	1	1	1	1	1	1
LYS100N	1	1	1	1	1	1	1	1	1	1	1	1	1	1	1	1
LYS47O	1	1	1	1	1	1	1	1	1	1	1	1	1	1	1	1
LYS65O	1	1	1	1	1	1	1	1	1	1	1	1	1	1	1	1
LYS24R	1	1	1	1	1	1	1	1	1	1	1	1	1	1	1	1
ILE501M	1	1	1	1	1	1	1	1	1	1	1	1	1	1	1	1
LEU106O	1	1	1	1	1	1	1	1	1	1	1	1	1	1	1	1
