Degree	Degree_sidechain	SecondOrderDegree	SecondOrderDegree_sidechain	NodeEdgeBetweennessSTRIDE	NodeEdgeBetweennessSTRIDE_sidechain	IntermodularDegreeSTRIDE	IntermodularDegreeSTRIDE_sidechain	SecondOrderIntermodularDegreeSTRIDE	SecondOrderIntermodularDegreeSTRIDE_sidechain	NodeEdgeBetweennessWALKTRAP	NodeEdgeBetweennessWALKTRAP_sidechain	IntermodularDegreeWALKTRAP	IntermodularDegreeWALKTRAP_sidechain	SecondOrderIntermodularDegreeWALKTRAP	SecondOrderIntermodularDegreeWALKTRAP_sidechain
GLY85N	0.00629851324296396	0.659834711784059	-0.777132836594136	-0.176953907703448	-0.17647989929293	0.121497284167163	0.0775649720946223	0.609643361686431	-0.344986182725328	-0.0680562190331624	-0.440988071335295	-0.351595458864948	-0.844226694190281	-0.725573799233141	-0.749351119977985	-0.491100538682876
VAL84N	0.938478473201655	0.659834711784059	0.182473383562628	0.386254228643009	-0.360115760011976	-0.10873567694553	1.12116641482227	0.609643361686431	0.952098125535258	-0.0680562190331624	-0.440988071335295	-0.351595458864948	-0.844226694190281	-0.725573799233141	-0.749351119977985	-0.491100538682876
ILE57M	1.404568453181	1.63883759242607	1.41625280947847	1.13719841043829	2.13311640556816	0.663973942547738	1.12116641482227	1.79295113256632	1.18793163612809	1.59526274889661	0.46386435045365	0.0959743837947458	1.12859779118069	0.877186234893798	1.24293569002336	0.754891685175393
LEU78M	0.938478473201655	-0.80866960917896	1.41625280947847	-0.176953907703448	0.482126072877108	0.344328921046264	0.0775649720946223	-0.573664409193462	0.244597593756757	-0.0680562190331624	0.543097729250843	0.643694599336722	0.470989629390367	0.0758062178303281	0.35747488557832	-0.0757697973967866
PHE44O	2.33674841313969	0.170333271463053	1.00499300083985	0.19851818319419	1.19472560786863	0.0951054702767142	2.68656857891373	0.609643361686431	1.89543216790659	0.486383436943427	-0.440988071335295	-0.351595458864948	-0.844226694190281	-0.725573799233141	-0.749351119977985	-0.491100538682876
VAL49O	0.938478473201655	1.63883759242607	1.14207960371939	2.07587863768238	-0.476476218926718	-0.345816086452373	1.12116641482227	1.79295113256632	1.30584839142451	1.96488918621433	-0.440988071335295	-0.351595458864948	-0.844226694190281	-0.725573799233141	-0.749351119977985	-0.491100538682876
ASP64O	-0.459791466736382	0.170333271463053	-1.18839264523275	-0.927898089498724	-0.425370012405851	-0.474680440628051	-0.966036470633022	-0.573664409193462	-1.17040346980025	-0.807309093668616	-0.121521982395016	-0.140125691624858	1.12859779118069	1.67856625195727	0.800205287800842	0.339560943889303
GLN66O	-1.39197142669507	-1.29817104949997	-1.46256585099183	-1.11563413494754	-0.592836677841459	-0.506005552335375	-1.48783719199684	-1.16531829463341	-1.28832022509666	-0.807309093668616	-0.338599732524311	-0.351595458864948	-0.186618532399957	-0.725573799233141	-0.306620717755463	-0.906431279968966
GLN40N	0.00629851324296396	-0.319168168857954	-0.365873027955523	-1.11563413494754	-0.396785185029773	-0.47458906938176	0.0775649720946223	0.0179894762464848	-0.109152672132494	-0.622495875009752	-0.380206301299092	-0.351595458864948	-0.186618532399957	-0.725573799233141	-0.749351119977985	-0.906431279968966
GLN40O	-0.459791466736382	-0.80866960917896	-0.365873027955523	-0.927898089498724	-0.511124494534085	-0.397933977304715	-0.4442357492692	-0.573664409193462	-0.462902938021744	-0.622495875009752	-0.440988071335295	-0.351595458864948	-0.844226694190281	-0.725573799233141	-0.749351119977985	-0.491100538682876
ALA37M	1.87065843316035	2.12833903274708	1.14207960371939	1.51267050133592	1.85419778692885	3.44792110258687	1.12116641482227	1.20129724712638	0.716264614942424	0.301570218284564	0.126308449002596	0.514351246929897	0.470989629390367	0.0758062178303281	0.578840086689581	-0.491100538682876
MET59M	-0.459791466736382	-0.319168168857954	-0.228786425075985	0.573990274091828	-0.377728633445721	-0.358138353058758	0.0775649720946223	0.0179894762464848	-0.227069427428911	-0.0680562190331624	-0.171449864924753	-0.178521500344993	1.12859779118069	0.877186234893798	0.578840086689581	-0.0757697973967866
PHE87O	0.938478473201655	-0.319168168857954	1.14207960371939	0.949462364989466	-0.147317600656729	-0.314486474783596	1.12116641482227	0.0179894762464848	1.65959865731376	0.671196655602291	0.0170459814375177	-0.127428334268449	0.470989629390367	0.877186234893798	1.0215704889121	2.41621465031975
VAL71O	1.404568453181	2.12833903274708	1.96459922099662	1.88814259223356	-0.227297370183735	-0.0189510634682579	1.12116641482227	1.79295113256632	1.89543216790659	1.96488918621433	0.189260996540092	0.493097355249083	2.44381411476134	3.28132628608421	2.12839649446841	1.58555316774757
ALA37O	0.938478473201655	1.63883759242607	1.00499300083985	1.13719841043829	0.717156875747083	1.42030527013116	0.599365693458444	1.20129724712638	0.48043110434959	0.301570218284564	0.595196389281873	1.30068393180556	0.470989629390367	0.877186234893798	0.578840086689581	-0.491100538682876
GLN55O	0.47238849322231	-1.29817104949997	0.867906397960317	-1.11563413494754	-0.255882197559813	-0.506005552335375	0.0775649720946223	-1.16531829463341	0.12668083846034	-0.992122312327479	5.27973423707206	-0.351595458864948	1.12859779118069	-0.725573799233141	1.24293569002336	-0.906431279968966
GLN23M	0.938478473201655	-0.80866960917896	0.0453867806830901	-0.740162044049905	-0.218346565651832	-0.449097955528497	1.12116641482227	-0.573664409193462	0.362514349053173	-0.622495875009752	0.070230030219195	-0.28498688646074	1.12859779118069	0.0758062178303281	-0.0852555166442018	-0.0757697973967866
VAL24M	0.00629851324296396	0.659834711784059	0.730819795080779	1.13719841043829	-0.286488174346321	-0.0697691185985045	0.0775649720946223	0.609643361686431	0.716264614942424	1.41044953023774	-0.155169033665056	0.104165965237602	-0.186618532399957	0.0758062178303281	-0.306620717755463	-0.491100538682876
GLU42O	-0.459791466736382	-0.319168168857954	-0.502959630835061	-0.364689953152267	-0.442405414579473	-0.41935475874751	-0.4442357492692	-0.573664409193462	-0.580819693318161	-0.622495875009752	-0.440988071335295	-0.351595458864948	-0.844226694190281	-0.725573799233141	-0.749351119977985	-0.491100538682876
VAL43O	-0.459791466736382	0.170333271463053	-0.0916998221964476	-0.176953907703448	-0.499575069331629	-0.39511518346937	-0.4442357492692	0.0179894762464848	0.0087640831639229	-0.0680562190331624	-0.324127882515691	-0.221801730470361	-0.186618532399957	0.0758062178303281	-0.527985918866724	-0.491100538682876
ASP76O	0.938478473201655	0.659834711784059	1.00499300083985	0.19851818319419	0.292715499556834	0.36895097740689	1.64296713618609	1.20129724712638	1.07001488083167	0.116756999625701	0.566252689264634	0.63897901285749	1.78620595297102	1.67856625195727	2.12839649446841	0.754891685175393
LYS60O	-0.925881446715727	-1.29817104949997	-0.502959630835061	-1.11563413494754	-0.592836677841459	-0.506005552335375	-0.966036470633022	-1.16531829463341	-0.698736448614578	-0.992122312327479	-0.440988071335295	-0.351595458864948	-0.186618532399957	-0.725573799233141	-0.0852555166442018	-0.906431279968966
ASP76M	0.938478473201655	0.170333271463053	0.730819795080779	-0.740162044049905	0.202052511717557	0.342255891204763	1.64296713618609	0.609643361686431	0.834181370238841	-0.437682656350889	0.067335660217471	0.0145288283044884	1.12859779118069	0.0758062178303281	0.578840086689581	-0.491100538682876
PRO92O	1.404568453181	1.63883759242607	0.456646589321703	0.949462364989466	-0.0667603598696006	-0.0416612476382501	0.599365693458444	1.20129724712638	0.834181370238841	1.22563631157888	-0.440988071335295	-0.351595458864948	-0.844226694190281	-0.725573799233141	-0.749351119977985	-0.491100538682876
PRO94O	0.00629851324296396	0.659834711784059	-0.0916998221964476	0.949462364989466	-0.592836677841459	-0.506005552335375	-0.966036470633022	-0.573664409193462	-1.17040346980025	-0.992122312327479	-0.438093701333571	-0.346980153304416	-0.186618532399957	0.0758062178303281	-0.0852555166442018	0.339560943889303
GLY38O	0.47238849322231	1.14933615210507	0.456646589321703	0.949462364989466	1.81550721250062	2.82126235720364	1.12116641482227	1.79295113256632	0.834181370238841	1.59526274889661	-0.440988071335295	-0.351595458864948	-0.844226694190281	-0.725573799233141	-0.749351119977985	-0.491100538682876
TYR96O	0.00629851324296396	-0.319168168857954	0.319559986442166	0.0107821377453714	-0.514011850834699	-0.371691047066712	-0.4442357492692	0.0179894762464848	-0.580819693318161	0.116756999625701	-0.439179090084217	-0.351595458864948	-0.186618532399957	-0.725573799233141	-0.0852555166442018	-0.906431279968966
VAL95O	1.404568453181	1.63883759242607	1.41625280947847	1.13719841043829	-0.403426104521185	-0.293984420683432	0.599365693458444	1.20129724712638	0.716264614942424	1.22563631157888	-0.252492224973024	-0.143238327957147	1.78620595297102	1.67856625195727	0.578840086689581	1.17022242646148
HIS72O	0.00629851324296396	-0.319168168857954	0.182473383562628	-0.364689953152267	-0.401404955110756	-0.251454078774573	-0.4442357492692	-0.573664409193462	-0.698736448614578	-0.807309093668616	0.0789131402243668	0.392879938120183	1.78620595297102	0.877186234893798	1.90703129335715	0.339560943889303
ILE70O	0.47238849322231	-0.319168168857954	0.0453867806830901	-0.176953907703448	-0.211128174900297	-0.341871131239497	0.0775649720946223	0.0179894762464848	-0.227069427428911	-0.0680562190331624	0.133544374006906	-0.351595458864948	1.12859779118069	-0.725573799233141	1.68566609224589	-0.906431279968966
CYS73N	0.47238849322231	1.14933615210507	0.0453867806830901	1.13719841043829	-0.0878380608640823	-0.337673191668471	1.12116641482227	1.79295113256632	0.952098125535258	1.59526274889661	-0.440988071335295	-0.351595458864948	-0.844226694190281	-0.725573799233141	-0.749351119977985	-0.491100538682876
GLY79N	1.404568453181	2.12833903274708	0.730819795080779	1.88814259223356	-0.187451853235263	0.101665416962406	0.599365693458444	1.20129724712638	0.716264614942424	1.22563631157888	-0.440988071335295	-0.351595458864948	-0.844226694190281	-0.725573799233141	-0.749351119977985	-0.491100538682876
ALA39O	0.938478473201655	1.63883759242607	0.593733192201241	0.761726319540647	1.65728008722698	2.00261756500073	1.12116641482227	1.79295113256632	1.18793163612809	1.22563631157888	-0.440988071335295	-0.351595458864948	-0.844226694190281	-0.725573799233141	-0.749351119977985	-0.491100538682876
TYR52O	0.00629851324296396	-0.80866960917896	0.0453867806830901	-0.927898089498724	-0.12248633647145	-0.506005552335375	0.599365693458444	-0.573664409193462	0.48043110434959	-0.622495875009752	-0.440988071335295	-0.351595458864948	-0.844226694190281	-0.725573799233141	-0.749351119977985	-0.491100538682876
GLN23O	0.47238849322231	-0.319168168857954	-0.0916998221964476	-0.740162044049905	0.728706300949538	-0.380308402358793	0.599365693458444	0.0179894762464848	0.0087640831639229	-0.622495875009752	1.12016274834455	-0.29504622525305	0.470989629390367	0.0758062178303281	-0.306620717755463	-0.491100538682876
GLU20M	-0.925881446715727	-1.29817104949997	-0.502959630835061	-1.11563413494754	-0.511124494534085	-0.506005552335375	-0.4442357492692	-1.16531829463341	-0.227069427428911	-0.992122312327479	-0.440988071335295	-0.351595458864948	-0.844226694190281	-0.725573799233141	-0.749351119977985	-0.491100538682876
LEU26R	0.938478473201655	0.659834711784059	1.41625280947847	1.70040654678474	1.57989893837053	1.57418065695909	1.12116641482227	1.20129724712638	1.42376514672092	2.51932884219092	-0.405893835064392	-0.333612373523188	-0.186618532399957	0.0758062178303281	-0.527985918866724	-0.0757697973967866
GLY54N	1.404568453181	2.12833903274708	0.867906397960317	1.3249344558871	0.995209287496204	1.62842517034574	-0.4442357492692	0.0179894762464848	-0.109152672132494	0.116756999625701	1.54889130484991	2.14668932753965	0.470989629390367	0.877186234893798	0.578840086689581	1.17022242646148
PHE19Q	0.938478473201655	-0.319168168857954	1.41625280947847	0.19851818319419	-0.0338444980426017	-0.3665174943511	1.12116641482227	-0.573664409193462	1.30584839142451	-0.622495875009752	-0.338599732524311	-0.188329024661123	1.12859779118069	0.0758062178303281	1.46430089113462	-0.0757697973967866
VAL89O	2.33674841313969	2.61784047306808	1.82751261811708	2.07587863768238	0.415139406702865	0.740312461607925	2.68656857891373	2.97625890344622	3.19251647616718	3.44339493548524	-0.429048795078184	-0.342076391146351	-0.186618532399957	0.0758062178303281	0.136109684467059	1.17022242646148
ASP76N	0.47238849322231	0.170333271463053	0.867906397960317	-0.364689953152267	0.132755960502822	0.374066188400681	1.12116641482227	0.609643361686431	0.952098125535258	-0.0680562190331624	-0.0289021423398497	0.0154814422279855	-0.186618532399957	0.0758062178303281	-0.527985918866724	-0.491100538682876
TYR56N	0.47238849322231	-0.80866960917896	1.14207960371939	-0.740162044049905	0.327363775164201	-0.258218338718467	0.599365693458444	-0.573664409193462	0.598347859646007	-0.437682656350889	0.107495043991391	-0.061568230777117	0.470989629390367	0.0758062178303281	-0.306620717755463	-0.491100538682876
HIS25N	-0.459791466736382	-0.319168168857954	-0.0916998221964476	-0.364689953152267	0.657966071584497	1.38147568172716	-0.966036470633022	-0.573664409193462	-0.816653203910995	-0.622495875009752	2.74100994930996	2.11006663918645	0.470989629390367	0.877186234893798	0.800205287800842	0.754891685175393
VAL24N	0.47238849322231	1.14933615210507	0.593733192201241	1.3249344558871	-0.031823348632172	0.111340004644501	0.0775649720946223	0.609643361686431	0.716264614942424	1.04082309292002	-0.440988071335295	-0.351595458864948	-0.186618532399957	0.0758062178303281	-0.0852555166442018	-0.491100538682876
ALA37N	1.404568453181	2.12833903274708	0.867906397960317	1.70040654678474	4.6090244333446	8.32372885529791	0.599365693458444	1.20129724712638	0.0087640831639229	-0.0680562190331624	-0.440988071335295	-0.351595458864948	-0.844226694190281	-0.725573799233141	-0.749351119977985	-0.491100538682876
VAL36N	0.00629851324296396	0.659834711784059	-0.365873027955523	0.19851818319419	-0.492067942950033	-0.333986710510244	-0.4442357492692	0.0179894762464848	-0.698736448614578	-0.807309093668616	-0.440988071335295	-0.351595458864948	-0.844226694190281	-0.725573799233141	-0.749351119977985	-0.491100538682876
GLN61M	0.00629851324296396	0.659834711784059	-0.228786425075985	0.19851818319419	-0.23855805975613	-0.11574232537579	0.599365693458444	1.20129724712638	0.244597593756757	0.671196655602291	-0.0994524111318706	-5.07766156953838e-07	1.12859779118069	1.67856625195727	0.136109684467059	0.339560943889303
TYR63N	-0.459791466736382	-0.319168168857954	-0.502959630835061	-0.364689953152267	-0.511124494534085	-0.456392603171103	0.0775649720946223	0.0179894762464848	0.0087640831639229	0.116756999625701	-0.440988071335295	-0.351595458864948	-0.186618532399957	-0.725573799233141	-0.527985918866724	-0.906431279968966
MET50M	0.47238849322231	0.170333271463053	1.14207960371939	0.761726319540647	-0.330953461375776	-0.349759211766416	0.599365693458444	0.609643361686431	1.07001488083167	1.22563631157888	-0.213780026199966	-0.168713976028862	1.12859779118069	1.67856625195727	0.35747488557832	0.754891685175393
TYR96M	0.938478473201655	-0.319168168857954	0.593733192201241	0.0107821377453714	-0.30900955349111	-0.30010583714904	0.599365693458444	0.0179894762464848	0.12668083846034	0.116756999625701	-0.273838203735738	-0.351595458864948	0.470989629390367	-0.725573799233141	-0.0852555166442018	-0.906431279968966
ALA28N	-0.925881446715727	-0.319168168857954	-1.05130604235321	-0.552425998601086	-0.592836677841459	-0.506005552335375	-0.966036470633022	-0.573664409193462	-1.05248671450383	-0.807309093668616	-0.440988071335295	-0.351595458864948	-0.844226694190281	-0.725573799233141	-0.749351119977985	-0.491100538682876
PRO29N	0.00629851324296396	0.170333271463053	-0.0916998221964476	0.386254228643009	-0.427679897446342	-0.492204613736224	-0.4442357492692	-0.573664409193462	-0.462902938021744	-0.807309093668616	-0.244170911218067	-0.351595458864948	-0.186618532399957	-0.725573799233141	0.136109684467059	-0.906431279968966
ASP64N	0.00629851324296396	0.659834711784059	-0.777132836594136	-0.364689953152267	-0.481962195897884	-0.484065168773702	-0.966036470633022	-0.573664409193462	-1.17040346980025	-0.807309093668616	-0.302058311252546	-0.32591492218716	-0.186618532399957	0.0758062178303281	-0.527985918866724	-0.0757697973967866
HIS72N	0.00629851324296396	-0.319168168857954	0.319559986442166	-0.364689953152267	-0.432588403157386	-0.338675920822979	-0.4442357492692	-0.573664409193462	-0.580819693318161	-0.807309093668616	-0.281074128740048	-0.122280363323335	0.470989629390367	0.877186234893798	-0.306620717755463	-0.491100538682876
GLY21O	-0.459791466736382	0.170333271463053	-0.502959630835061	0.0107821377453714	-0.428546104336527	-0.226536545702569	0.0775649720946223	0.609643361686431	0.12668083846034	0.486383436943427	-0.440988071335295	-0.351595458864948	-0.844226694190281	-0.725573799233141	-0.749351119977985	-0.491100538682876
THR22O	-0.925881446715727	-0.80866960917896	-1.05130604235321	-0.740162044049905	-0.439518058278859	-0.376375307636208	-0.4442357492692	-0.573664409193462	-0.580819693318161	-0.622495875009752	-0.440988071335295	-0.351595458864948	-0.844226694190281	-0.725573799233141	-0.749351119977985	-0.491100538682876
ALA39N	0.47238849322231	1.14933615210507	0.593733192201241	1.13719841043829	4.42278995195501	6.72457292048332	0.599365693458444	1.20129724712638	0.952098125535258	1.04082309292002	-0.380206301299092	-0.254674042093773	-0.186618532399957	0.0758062178303281	-0.749351119977985	-0.906431279968966
LEU34N	1.404568453181	1.14933615210507	2.23877242675569	1.51267050133592	-0.502173690002182	-0.459446100944451	1.12116641482227	1.20129724712638	1.65959865731376	1.22563631157888	-0.440988071335295	-0.351595458864948	-0.844226694190281	-0.725573799233141	-0.749351119977985	-0.491100538682876
VAL49N	0.938478473201655	1.63883759242607	1.82751261811708	2.2636146831312	0.343244234817578	1.08504551188103	0.599365693458444	1.20129724712638	1.54168190201734	2.51932884219092	-0.440988071335295	-0.351595458864948	-0.186618532399957	0.0758062178303281	0.35747488557832	1.58555316774757
PHE44M	2.33674841313969	0.170333271463053	1.00499300083985	-0.176953907703448	1.26142353841281	0.835814389911041	2.68656857891373	0.609643361686431	1.89543216790659	0.486383436943427	0.631014218053207	-0.351595458864948	-0.186618532399957	-0.725573799233141	-0.306620717755463	-0.906431279968966
VAL49M	0.938478473201655	1.63883759242607	1.27916620659893	2.2636146831312	-0.277248634184356	-0.0826124717399947	1.12116641482227	1.79295113256632	1.54168190201734	2.1497024048732	-0.237658578714188	-0.0273702432375646	-0.186618532399957	0.0758062178303281	-0.306620717755463	-0.0757697973967866
ASN102M	0.47238849322231	-0.319168168857954	0.456646589321703	-0.176953907703448	-0.592836677841459	-0.506005552335375	0.0775649720946223	-1.16531829463341	0.598347859646007	-0.992122312327479	-0.0589312311077356	0.01678987233198	0.470989629390367	0.0758062178303281	1.68566609224589	0.339560943889303
LEU81M	1.404568453181	1.14933615210507	0.867906397960317	0.949462364989466	0.0137968809175282	0.12558723389619	1.64296713618609	1.79295113256632	0.952098125535258	1.04082309292002	0.319145850367453	0.387664256748203	3.10142227655166	3.28132628608421	3.01385729891345	2.41621465031975
GLY79M	1.404568453181	2.12833903274708	1.00499300083985	2.07587863768238	-0.14125415242544	0.221997128999262	0.0775649720946223	0.609643361686431	0.12668083846034	0.486383436943427	-0.440988071335295	-0.351595458864948	-0.844226694190281	-0.725573799233141	-0.749351119977985	-0.491100538682876
ARG101O	0.47238849322231	0.659834711784059	-0.0916998221964476	0.386254228643009	-0.360981966902161	-0.273235228144058	0.0775649720946223	0.0179894762464848	0.0087640831639229	-0.0680562190331624	-0.185198122432942	-0.079145032868847	0.470989629390367	0.877186234893798	0.35747488557832	1.17022242646148
GLU83O	-0.459791466736382	-0.80866960917896	0.182473383562628	-0.552425998601086	-0.246642657397849	-0.390302176898132	0.0775649720946223	-0.573664409193462	0.12668083846034	-0.622495875009752	-0.185198122432942	-0.216168255949021	-0.186618532399957	0.0758062178303281	-0.527985918866724	-0.0757697973967866
HIS69M	0.47238849322231	-0.319168168857954	-0.0916998221964476	-0.927898089498724	0.494541704969748	-0.00167007538572648	0.599365693458444	-0.573664409193462	0.48043110434959	-0.622495875009752	-0.338599732524311	-0.26380386267627	-0.186618532399957	0.0758062178303281	-0.749351119977985	-0.491100538682876
VAL89M	0.938478473201655	0.659834711784059	0.867906397960317	1.13719841043829	0.630536186728665	1.21502788302633	1.64296713618609	1.20129724712638	1.89543216790659	1.04082309292002	-0.440988071335295	-0.351595458864948	-0.844226694190281	-0.725573799233141	-0.749351119977985	-0.491100538682876
GLN55M	0.47238849322231	-0.319168168857954	0.593733192201241	-0.552425998601086	2.91934352622533	1.68894652645591	0.0775649720946223	0.0179894762464848	-0.227069427428911	-0.252869437692026	2.75946155807094	2.21752769283112	0.470989629390367	0.877186234893798	-0.0852555166442018	0.754891685175393
LEU25Q	-1.39197142669507	-0.80866960917896	-1.7367390567509	-1.11563413494754	-0.592836677841459	-0.506005552335375	-1.48783719199684	-1.16531829463341	-1.28832022509666	-0.807309093668616	-0.440988071335295	-0.351595458864948	-0.844226694190281	-0.725573799233141	-0.749351119977985	-0.491100538682876
LYS24Q	-1.39197142669507	-1.29817104949997	-1.7367390567509	-1.11563413494754	-0.592836677841459	-0.506005552335375	-1.48783719199684	-1.16531829463341	-1.28832022509666	-0.807309093668616	-0.440988071335295	-0.351595458864948	-0.844226694190281	-0.725573799233141	-0.749351119977985	-0.491100538682876
ILE105M	-0.925881446715727	-1.29817104949997	-1.05130604235321	-1.11563413494754	-0.577533689448205	-0.506005552335375	-0.966036470633022	-1.16531829463341	-1.05248671450383	-0.992122312327479	-0.338599732524311	-0.351595458864948	0.470989629390367	-0.725573799233141	-0.306620717755463	-0.906431279968966
LEU106M	-0.459791466736382	0.170333271463053	-0.502959630835061	-0.552425998601086	-0.445292770880087	-0.311046019707749	-0.4442357492692	0.0179894762464848	-0.462902938021744	-0.437682656350889	-0.172897049925615	0.00928864627513422	0.470989629390367	0.877186234893798	0.136109684467059	-0.491100538682876
TYR56M	0.47238849322231	-0.80866960917896	1.41625280947847	-0.740162044049905	0.347575269268499	-0.265290715589553	0.599365693458444	-0.573664409193462	0.716264614942424	-0.437682656350889	0.576744780520883	-0.0698462279746842	1.78620595297102	0.0758062178303281	1.68566609224589	-0.491100538682876
HIS25M	-1.39197142669507	-0.80866960917896	-1.05130604235321	-0.552425998601086	-0.592836677841459	-0.506005552335375	-1.48783719199684	-1.16531829463341	-1.28832022509666	-0.807309093668616	-0.440988071335295	-0.351595458864948	-0.844226694190281	-0.725573799233141	-0.749351119977985	-0.491100538682876
PRO26M	0.938478473201655	0.659834711784059	0.867906397960317	-0.176953907703448	0.71860055389739	0.788078886667153	1.12116641482227	0.609643361686431	1.42376514672092	0.116756999625701	-0.440988071335295	-0.351595458864948	-0.844226694190281	-0.725573799233141	-0.749351119977985	-0.491100538682876
ILE57N	0.938478473201655	0.170333271463053	1.41625280947847	0.386254228643009	1.36276974456436	0.509819417501008	0.599365693458444	0.0179894762464848	1.07001488083167	0.486383436943427	2.00945793137423	0.837396079171165	1.78620595297102	0.877186234893798	2.34976169557967	1.58555316774757
MET58M	-0.459791466736382	-0.319168168857954	-0.365873027955523	-0.740162044049905	0.871341702199867	1.18254980362047	-0.4442357492692	0.0179894762464848	-0.816653203910995	-0.437682656350889	2.94723381193279	1.6248060761952	1.12859779118069	0.877186234893798	1.24293569002336	0.339560943889303
MET58N	0.00629851324296396	0.170333271463053	-0.228786425075985	-0.364689953152267	0.837848369112745	0.524223995741515	0.0775649720946223	0.609643361686431	-0.462902938021744	0.116756999625701	1.35171234848247	0.854256190061824	1.12859779118069	1.67856625195727	0.800205287800842	1.58555316774757
LEU103M	0.938478473201655	1.14933615210507	1.14207960371939	1.70040654678474	-0.238269324126068	0.00312230796959314	1.12116641482227	1.79295113256632	1.54168190201734	2.70414206084979	-0.440988071335295	-0.351595458864948	-0.844226694190281	-0.725573799233141	-0.749351119977985	-0.491100538682876
LEU99M	1.404568453181	1.14933615210507	1.00499300083985	1.3249344558871	-0.0716688655806443	-0.172811463298731	1.64296713618609	1.20129724712638	1.42376514672092	1.59526274889661	-0.440988071335295	-0.351595458864948	-0.186618532399957	0.0758062178303281	0.35747488557832	0.339560943889303
GLN55N	0.00629851324296396	-0.319168168857954	0.182473383562628	-0.927898089498724	4.16899133313104	1.65915318487652	-0.4442357492692	-0.573664409193462	-0.580819693318161	-0.622495875009752	2.75946155807094	2.18265551299741	-0.186618532399957	0.0758062178303281	-0.527985918866724	-0.0757697973967866
LEU53O	0.938478473201655	1.14933615210507	1.96459922099662	1.51267050133592	1.70752008685766	0.83374382712315	0.599365693458444	1.20129724712638	0.952098125535258	2.1497024048732	1.58615631862211	0.532213332746755	1.12859779118069	1.67856625195727	2.34976169557967	3.24687613289193
TRP23R	1.404568453181	2.12833903274708	1.82751261811708	2.45135072858002	4.24464006820713	2.85504712577003	1.64296713618609	2.38460501800627	1.77751541261018	2.88895527950865	4.18240621016847	2.70822431090811	1.78620595297102	2.47994626902074	2.34976169557967	4.90819909803629
PRO27R	-0.459791466736382	0.170333271463053	-0.777132836594136	-0.176953907703448	-0.510547023273962	-0.366272848278041	-0.4442357492692	0.0179894762464848	-1.05248671450383	-0.622495875009752	-0.440988071335295	-0.351595458864948	-0.844226694190281	-0.725573799233141	-0.749351119977985	-0.491100538682876
GLN40M	-0.459791466736382	-0.319168168857954	-0.640046233714599	0.19851818319419	-0.592836677841459	-0.506005552335375	-0.966036470633022	-0.573664409193462	-0.934569959207412	-0.437682656350889	-0.440988071335295	-0.351595458864948	-0.844226694190281	-0.725573799233141	-0.749351119977985	-0.491100538682876
GLU41M	0.00629851324296396	-0.319168168857954	-0.228786425075985	-0.740162044049905	0.916961931749567	0.123662271250886	0.0775649720946223	-0.573664409193462	0.12668083846034	-0.807309093668616	-0.440988071335295	-0.351595458864948	-0.844226694190281	-0.725573799233141	-0.749351119977985	-0.491100538682876
GLY54O	1.87065843316035	2.61784047306808	1.96459922099662	2.07587863768238	1.79616192528651	2.7153406566628	-0.4442357492692	0.0179894762464848	0.0087640831639229	0.301570218284564	5.6636000585507	8.37976666878822	3.10142227655166	4.08270630314768	3.89931810335849	3.66220687417802
PRO77O	-0.925881446715727	-0.319168168857954	-0.228786425075985	0.386254228643009	-0.511124494534085	-0.39516835187623	-0.966036470633022	-0.573664409193462	-0.698736448614578	-0.252869437692026	-0.440988071335295	-0.351595458864948	-0.186618532399957	0.0758062178303281	0.578840086689581	0.339560943889303
ILE57O	0.938478473201655	0.170333271463053	1.82751261811708	0.761726319540647	-0.490335529169665	-0.47460911283936	0.599365693458444	0.0179894762464848	1.30584839142451	0.301570218284564	-0.329554826268923	-0.2985861878641	1.78620595297102	1.67856625195727	2.79249209780219	2.41621465031975
GLY85M	0.00629851324296396	0.659834711784059	-0.640046233714599	0.0107821377453714	-0.434320816937754	-0.275322135216007	0.0775649720946223	0.609643361686431	-0.344986182725328	0.301570218284564	-0.440988071335295	-0.351595458864948	-0.844226694190281	-0.725573799233141	-0.749351119977985	-0.491100538682876
SER86M	-0.459791466736382	-0.319168168857954	-0.365873027955523	-0.176953907703448	-0.511124494534085	-0.500423859034353	0.0775649720946223	0.0179894762464848	-0.109152672132494	-0.0680562190331624	-0.440988071335295	-0.351595458864948	-0.844226694190281	-0.725573799233141	-0.749351119977985	-0.491100538682876
ASP21P	-0.925881446715727	-0.80866960917896	-1.05130604235321	-0.740162044049905	-0.510835758904024	-0.47440127688847	-0.966036470633022	-0.573664409193462	-0.816653203910995	-0.437682656350889	-0.440988071335295	-0.351595458864948	-0.844226694190281	-0.725573799233141	-0.749351119977985	-0.491100538682876
THR18P	0.47238849322231	0.170333271463053	-0.228786425075985	-0.552425998601086	-0.196402657767166	-0.263437662254727	1.12116641482227	0.609643361686431	0.598347859646007	-0.0680562190331624	-0.0571222498566581	-0.194528812458702	1.12859779118069	0.877186234893798	1.46430089113462	0.754891685175393
ASN91M	-0.925881446715727	-1.29817104949997	-0.640046233714599	-1.11563413494754	-0.511124494534085	-0.506005552335375	-0.4442357492692	-1.16531829463341	-0.816653203910995	-0.992122312327479	-0.440988071335295	-0.351595458864948	-0.844226694190281	-0.725573799233141	-0.749351119977985	-0.491100538682876
PRO92M	0.938478473201655	1.14933615210507	0.182473383562628	0.19851818319419	-0.343946564728538	-0.238468245047172	0.0775649720946223	0.609643361686431	-0.227069427428911	0.116756999625701	-0.440988071335295	-0.351595458864948	-0.844226694190281	-0.725573799233141	-0.749351119977985	-0.491100538682876
ILE70M	0.00629851324296396	-0.319168168857954	0.0453867806830901	-0.552425998601086	-0.0540559921468993	-0.0906070497844652	-0.4442357492692	0.0179894762464848	-0.580819693318161	-0.437682656350889	-0.00719436732692025	-0.351595458864948	-0.186618532399957	-0.725573799233141	-0.0852555166442018	-0.906431279968966
GLN61N	0.00629851324296396	0.659834711784059	-0.228786425075985	0.19851818319419	-0.0422178313143821	-0.0176115811554146	0.599365693458444	1.20129724712638	0.362514349053173	1.04082309292002	0.248957377825648	0.220054496790658	1.78620595297102	2.47994626902074	1.68566609224589	2.83154539160584
LYS65N	0.00629851324296396	-0.319168168857954	-0.0916998221964476	-0.364689953152267	-0.436341966348184	-0.400506645412669	-0.4442357492692	0.0179894762464848	-0.698736448614578	-0.0680562190331624	-0.244894503718498	-0.228112269016444	0.470989629390367	0.877186234893798	0.35747488557832	1.17022242646148
GLU48M	-0.925881446715727	-0.319168168857954	-0.365873027955523	-0.176953907703448	-0.511124494534085	-0.403143741866922	-0.4442357492692	0.0179894762464848	-0.109152672132494	-0.0680562190331624	-0.393592762557065	-0.318889714060344	-0.186618532399957	0.0758062178303281	-0.306620717755463	-0.0757697973967866
THR45M	0.00629851324296396	0.170333271463053	0.593733192201241	0.573990274091828	0.653346301503515	0.704006418922753	0.0775649720946223	0.0179894762464848	0.12668083846034	0.486383436943427	0.881739019452543	1.40066822186626	1.12859779118069	0.877186234893798	-0.306620717755463	-0.491100538682876
MET58O	1.404568453181	0.659834711784059	0.730819795080779	-0.552425998601086	0.218799178261118	0.462271086018758	1.64296713618609	1.20129724712638	0.834181370238841	-0.252869437692026	0.25764048783082	-0.215618761199028	1.12859779118069	0.877186234893798	1.46430089113462	-0.0757697973967866
SER20R	-1.39197142669507	-0.80866960917896	-0.914219439473674	-0.552425998601086	-0.511124494534085	-0.48269033527231	-0.966036470633022	-0.573664409193462	-0.698736448614578	-0.252869437692026	-0.338599732524311	-0.324305722327044	-0.186618532399957	0.0758062178303281	-0.306620717755463	-0.0757697973967866
GLY85O	0.00629851324296396	0.659834711784059	-0.502959630835061	0.0107821377453714	-0.201888634738333	0.093401330142899	0.0775649720946223	0.609643361686431	-0.344986182725328	-0.0680562190331624	-0.440988071335295	-0.351595458864948	-0.844226694190281	-0.725573799233141	-0.749351119977985	-0.491100538682876
VAL84O	1.404568453181	1.14933615210507	0.456646589321703	0.573990274091828	-0.33181966826596	-0.0604323918485022	1.64296713618609	1.20129724712638	1.54168190201734	0.301570218284564	-0.440988071335295	-0.351595458864948	-0.844226694190281	-0.725573799233141	-0.749351119977985	-0.491100538682876
ASP64M	-0.459791466736382	0.170333271463053	-0.640046233714599	-0.552425998601086	-0.434032081307693	-0.479570286301895	-0.966036470633022	-0.573664409193462	-0.934569959207412	-0.622495875009752	-0.242000133716774	-0.320653802031484	-0.186618532399957	0.0758062178303281	-0.0852555166442018	-0.0757697973967866
LYS65M	0.00629851324296396	-0.80866960917896	-0.228786425075985	-0.552425998601086	-0.475610012036534	-0.430360941385389	-0.4442357492692	-0.573664409193462	-0.698736448614578	-0.252869437692026	-0.294098793747805	-0.263055794072052	0.470989629390367	0.0758062178303281	0.136109684467059	0.339560943889303
GLY21M	0.938478473201655	1.63883759242607	0.182473383562628	0.19851818319419	1.78547870697424	2.37956334406546	1.64296713618609	2.38460501800627	0.834181370238841	0.671196655602291	-0.440988071335295	-0.351595458864948	-0.844226694190281	-0.725573799233141	-0.749351119977985	-0.491100538682876
THR22M	-0.925881446715727	-0.80866960917896	-0.502959630835061	-0.927898089498724	-0.511124494534085	-0.503541099014098	-0.4442357492692	-0.573664409193462	-0.109152672132494	-0.807309093668616	-0.440988071335295	-0.351595458864948	-0.844226694190281	-0.725573799233141	-0.749351119977985	-0.491100538682876
ALA39M	0.47238849322231	1.14933615210507	0.182473383562628	0.386254228643009	-0.298326335178838	-0.125943836689544	0.599365693458444	1.20129724712638	0.952098125535258	0.856009874261154	-0.440988071335295	-0.351595458864948	-0.844226694190281	-0.725573799233141	-0.749351119977985	-0.491100538682876
GLN32O	-1.39197142669507	-1.29817104949997	-1.32547924811229	-1.11563413494754	-0.592836677841459	-0.506005552335375	-1.48783719199684	-1.16531829463341	-1.28832022509666	-0.807309093668616	-0.440988071335295	-0.351595458864948	-0.844226694190281	-0.725573799233141	-0.749351119977985	-0.491100538682876
VAL36O	0.00629851324296396	0.170333271463053	-0.0916998221964476	0.19851818319419	-0.546061505771514	-0.440451093989408	-0.4442357492692	-0.573664409193462	-0.580819693318161	-0.807309093668616	-0.382377078800385	-0.274866003921101	0.470989629390367	0.0758062178303281	0.35747488557832	-0.491100538682876
ASP75M	-1.39197142669507	-0.80866960917896	-1.46256585099183	-0.927898089498724	-0.592836677841459	-0.506005552335375	-1.48783719199684	-1.16531829463341	-1.28832022509666	-0.807309093668616	-0.440988071335295	-0.351595458864948	-0.844226694190281	-0.725573799233141	-0.749351119977985	-0.491100538682876
HIS74M	-0.459791466736382	-0.80866960917896	-0.777132836594136	-0.552425998601086	-0.382637139156765	-0.270403814821299	-0.4442357492692	-0.573664409193462	-0.580819693318161	-0.622495875009752	-0.440988071335295	-0.351595458864948	-0.844226694190281	-0.725573799233141	-0.749351119977985	-0.491100538682876
HIS25O	-0.459791466736382	0.170333271463053	-0.502959630835061	0.19851818319419	-0.441539207689289	-0.335120973849799	-0.4442357492692	0.0179894762464848	-1.05248671450383	-0.622495875009752	-0.440988071335295	-0.351595458864948	-0.844226694190281	-0.725573799233141	-0.749351119977985	-0.491100538682876
PRO26O	1.404568453181	1.63883759242607	1.55333941235801	1.88814259223356	-0.112380589419301	0.0533078627696407	1.12116641482227	1.20129724712638	1.54168190201734	1.22563631157888	-0.440988071335295	-0.351595458864948	-0.844226694190281	-0.725573799233141	-0.749351119977985	-0.491100538682876
ASP75N	-1.39197142669507	-0.80866960917896	-1.59965245387136	-1.11563413494754	-0.592836677841459	-0.506005552335375	-1.48783719199684	-1.16531829463341	-1.28832022509666	-0.807309093668616	-0.440988071335295	-0.351595458864948	-0.844226694190281	-0.725573799233141	-0.749351119977985	-0.491100538682876
HIS74N	-0.925881446715727	-1.29817104949997	-1.32547924811229	-1.11563413494754	-0.429989782486834	-0.506005552335375	-0.966036470633022	-1.16531829463341	-1.05248671450383	-0.992122312327479	-0.440988071335295	-0.351595458864948	-0.844226694190281	-0.725573799233141	-0.749351119977985	-0.491100538682876
GLN68M	0.938478473201655	1.14933615210507	0.456646589321703	0.761726319540647	0.696079174752601	1.40334776250422	1.12116641482227	1.20129724712638	1.18793163612809	0.856009874261154	1.17407038962666	1.88324322090401	2.44381411476134	2.47994626902074	1.90703129335715	2.00088390903366
ASN102N	0.47238849322231	0.170333271463053	0.730819795080779	0.19851818319419	-0.223543806992937	-0.449395598985647	0.0775649720946223	-0.573664409193462	0.716264614942424	-0.437682656350889	0.222184455309701	0.0342746411953504	1.12859779118069	0.877186234893798	2.57112689669093	1.17022242646148
MET98N	0.47238849322231	-0.319168168857954	1.00499300083985	0.386254228643009	0.187904465844548	-0.481332103679056	-0.4442357492692	-0.573664409193462	-0.109152672132494	0.116756999625701	1.44216141103634	0.169851627963224	2.44381411476134	0.877186234893798	2.34976169557967	1.17022242646148
ARG67N	-0.925881446715727	-0.80866960917896	-0.777132836594136	-0.927898089498724	-0.592836677841459	-0.506005552335375	-1.48783719199684	-1.16531829463341	-1.28832022509666	-0.807309093668616	-0.440988071335295	-0.351595458864948	-0.844226694190281	-0.725573799233141	-0.749351119977985	-0.491100538682876
HIS69N	0.47238849322231	-0.319168168857954	-0.0916998221964476	-1.11563413494754	-0.25530472629969	-0.381513284063392	0.599365693458444	-0.573664409193462	0.362514349053173	-0.807309093668616	-0.440988071335295	-0.351595458864948	-0.844226694190281	-0.725573799233141	-0.749351119977985	-0.491100538682876
LEU34M	0.47238849322231	0.170333271463053	1.27916620659893	-0.176953907703448	-0.568294149286241	-0.501323091024949	0.599365693458444	0.609643361686431	1.07001488083167	0.301570218284564	-0.440988071335295	-0.351595458864948	-0.844226694190281	-0.725573799233141	-0.749351119977985	-0.491100538682876
HIS69O	0.938478473201655	0.170333271463053	0.182473383562628	-0.364689953152267	0.0426704439236675	-0.148168759984795	1.12116641482227	0.0179894762464848	1.30584839142451	-0.0680562190331624	-0.440988071335295	-0.351595458864948	-0.186618532399957	0.0758062178303281	-0.306620717755463	-0.491100538682876
TYR56O	0.938478473201655	-0.319168168857954	1.27916620659893	-0.552425998601086	0.368652970262981	-0.17282386498936	0.599365693458444	-0.573664409193462	0.598347859646007	-0.252869437692026	0.763793441882293	0.0383833452067938	1.78620595297102	0.0758062178303281	2.12839649446841	0.339560943889303
LEU103N	1.87065843316035	2.12833903274708	0.867906397960317	2.07587863768238	1.3347623884484	2.04092213750038	2.16476785754991	2.97625890344622	1.89543216790659	3.25858171682638	1.47472307355573	2.23114563896293	3.10142227655166	4.08270630314768	2.12839649446841	3.66220687417802
LEU46N	-0.925881446715727	-0.80866960917896	-0.228786425075985	0.0107821377453714	-0.511124494534085	-0.447598008621111	-0.4442357492692	-0.573664409193462	-0.109152672132494	0.301570218284564	-0.338599732524311	-0.283231245249566	0.470989629390367	0.0758062178303281	1.24293569002336	1.58555316774757
PHE87N	-0.459791466736382	-0.319168168857954	0.456646589321703	0.386254228643009	0.763354576556906	0.0557996487891599	0.0775649720946223	0.0179894762464848	0.12668083846034	0.301570218284564	1.25836891592687	0.305980058568276	1.12859779118069	0.877186234893798	1.46430089113462	2.00088390903366
VAL71N	1.404568453181	2.12833903274708	1.14207960371939	1.70040654678474	0.597909060531727	0.982371423952832	1.12116641482227	1.79295113256632	1.54168190201734	1.96488918621433	1.14114693085705	1.53415489332238	2.44381411476134	3.28132628608421	1.90703129335715	1.58555316774757
ASN91N	-0.925881446715727	-1.29817104949997	-0.777132836594136	-1.11563413494754	-0.511124494534085	-0.506005552335375	-0.4442357492692	-1.16531829463341	-0.934569959207412	-0.992122312327479	-0.440988071335295	-0.351595458864948	-0.844226694190281	-0.725573799233141	-0.749351119977985	-0.491100538682876
PRO92N	0.938478473201655	1.14933615210507	-0.640046233714599	-0.552425998601086	0.111389523878279	0.164394790003202	0.0775649720946223	0.609643361686431	-0.580819693318161	-0.437682656350889	0.140780299011216	-0.0463275707292344	-0.186618532399957	0.0758062178303281	-0.527985918866724	-0.0757697973967866
PHE19R	1.404568453181	-0.319168168857954	2.23877242675569	0.19851818319419	-0.102563577997213	-0.409250419124989	1.64296713618609	-0.573664409193462	1.89543216790659	-0.622495875009752	-0.215589007451043	-0.238346584241168	1.78620595297102	0.0758062178303281	3.01385729891345	0.339560943889303
LYS47N	-1.39197142669507	-1.29817104949997	-1.18839264523275	-1.11563413494754	-0.511124494534085	-0.506005552335375	-0.966036470633022	-1.16531829463341	-0.934569959207412	-0.992122312327479	-0.338599732524311	-0.351595458864948	-0.186618532399957	-0.725573799233141	-0.0852555166442018	-0.906431279968966
THR45N	0.47238849322231	1.14933615210507	0.0453867806830901	0.19851818319419	-0.132014612263475	0.0579396448212364	0.599365693458444	1.20129724712638	-0.344986182725328	-0.0680562190331624	0.233761935316597	0.688552886203366	1.78620595297102	2.47994626902074	0.800205287800842	0.339560943889303
LEU82M	1.87065843316035	1.63883759242607	1.82751261811708	1.88814259223356	0.696367910382662	1.50654453415613	1.64296713618609	1.79295113256632	0.952098125535258	1.41044953023774	1.04599451705038	2.00230109342246	1.78620595297102	2.47994626902074	1.24293569002336	1.17022242646148
PRO94M	0.47238849322231	0.659834711784059	0.319559986442166	0.386254228643009	-0.521230241586234	-0.506005552335375	-0.4442357492692	-0.573664409193462	-0.462902938021744	-0.992122312327479	-0.351262601281853	-0.351595458864948	-0.186618532399957	-0.725573799233141	-0.0852555166442018	-0.906431279968966
LEU30N	1.87065843316035	1.63883759242607	1.69042601523754	2.07587863768238	-0.26772035839233	-0.159953963664866	1.64296713618609	2.38460501800627	1.77751541261018	2.70414206084979	-0.227528283708155	-0.25548985146694	1.12859779118069	1.67856625195727	2.57112689669093	3.66220687417802
VAL84M	0.47238849322231	0.659834711784059	0.0453867806830901	0.949462364989466	-0.306699668450619	-0.0180437947225386	0.599365693458444	0.609643361686431	0.48043110434959	0.486383436943427	-0.440988071335295	-0.351595458864948	-0.844226694190281	-0.725573799233141	-0.749351119977985	-0.491100538682876
ARG101N	0.938478473201655	0.659834711784059	-0.0916998221964476	-0.364689953152267	-0.40025001259051	-0.397050973766327	0.0775649720946223	0.0179894762464848	-0.109152672132494	-0.252869437692026	-0.0524188986038567	0.183233202901376	1.78620595297102	2.47994626902074	1.68566609224589	1.58555316774757
ARG27N	-0.459791466736382	-0.80866960917896	-0.640046233714599	-0.364689953152267	-0.498420126811384	-0.358631243723013	0.0775649720946223	-0.573664409193462	-0.698736448614578	-0.622495875009752	-0.440988071335295	-0.351595458864948	-0.844226694190281	-0.725573799233141	-0.749351119977985	-0.491100538682876
LEU81O	0.938478473201655	0.659834711784059	0.867906397960317	0.949462364989466	0.0132194096574054	0.287259808948945	1.12116641482227	1.20129724712638	0.598347859646007	1.41044953023774	0.318422257867022	0.576896978307701	2.44381411476134	2.47994626902074	0.578840086689581	1.17022242646148
ILE70N	-0.459791466736382	-0.80866960917896	-0.228786425075985	-0.927898089498724	-0.453666104151868	-0.39292452043626	-0.966036470633022	-0.573664409193462	-0.934569959207412	-0.807309093668616	-0.253939409973886	-0.351595458864948	0.470989629390367	-0.725573799233141	0.578840086689581	-0.906431279968966
ARG101M	0.938478473201655	0.659834711784059	0.182473383562628	0.19851818319419	-0.215170473721157	0.0441149108967935	0.0775649720946223	0.0179894762464848	0.244597593756757	0.116756999625701	0.301417834106894	0.721526853355601	1.78620595297102	2.47994626902074	2.34976169557967	3.24687613289193
MET98M	0.938478473201655	0.170333271463053	1.41625280947847	0.386254228643009	0.784143541921326	0.511938973607099	0.0775649720946223	0.0179894762464848	0.716264614942424	0.856009874261154	1.66647508616994	1.08071195647472	3.10142227655166	1.67856625195727	3.23522250002471	2.00088390903366
CYS73O	0.938478473201655	1.14933615210507	1.00499300083985	1.51267050133592	-0.0612743828984341	-0.415175927037	1.64296713618609	1.79295113256632	2.01334892320301	2.1497024048732	-0.167831902422599	-0.351595458864948	-0.186618532399957	-0.725573799233141	0.578840086689581	-0.906431279968966
MET50N	0.47238849322231	-0.319168168857954	0.867906397960317	0.19851818319419	-0.0814858770027316	-0.265350232606068	0.0775649720946223	0.0179894762464848	0.12668083846034	0.301570218284564	-0.0397560298463145	-0.0699158907917114	0.470989629390367	0.877186234893798	0.578840086689581	1.58555316774757
VAL95N	0.47238849322231	0.170333271463053	0.456646589321703	-0.552425998601086	-0.487736908499112	-0.388532373543391	0.0775649720946223	0.0179894762464848	-0.109152672132494	-0.252869437692026	-0.309294236256856	-0.214096756157956	1.12859779118069	0.877186234893798	0.800205287800842	0.754891685175393
LEU34O	0.938478473201655	0.659834711784059	1.96459922099662	1.3249344558871	-0.425947483665974	-0.477854865341099	0.599365693458444	0.609643361686431	1.18793163612809	0.486383436943427	-0.440988071335295	-0.351595458864948	-0.844226694190281	-0.725573799233141	-0.749351119977985	-0.491100538682876
GLN23N	0.47238849322231	-0.319168168857954	0.456646589321703	0.19851818319419	0.298490212158062	-0.0816231443409083	0.599365693458444	0.0179894762464848	0.598347859646007	0.486383436943427	-0.440988071335295	-0.351595458864948	-0.844226694190281	-0.725573799233141	-0.749351119977985	-0.491100538682876
GLU83M	-0.459791466736382	-0.80866960917896	-0.0916998221964476	-0.552425998601086	0.200897569197311	-0.411425026721493	0.0775649720946223	-0.573664409193462	-0.227069427428911	-0.622495875009752	0.0322414239465683	-0.240891894809	-0.186618532399957	0.0758062178303281	-0.0852555166442018	0.754891685175393
LEU26P	0.938478473201655	1.63883759242607	1.14207960371939	1.51267050133592	-0.0514573714763467	0.334475353622539	1.12116641482227	1.79295113256632	1.30584839142451	2.1497024048732	-0.428686998827968	-0.341787934548818	-0.186618532399957	0.0758062178303281	-0.306620717755463	0.339560943889303
TRP23P	1.404568453181	1.63883759242607	1.55333941235801	1.70040654678474	3.65042214154078	1.17893678052376	1.64296713618609	1.79295113256632	1.42376514672092	1.96488918621433	3.56952336230343	1.19061205455033	1.12859779118069	1.67856625195727	1.46430089113462	3.66220687417802
GLU41O	-1.39197142669507	-1.29817104949997	-0.640046233714599	-1.11563413494754	-0.511124494534085	-0.506005552335375	-0.966036470633022	-1.16531829463341	-0.462902938021744	-0.992122312327479	-0.440988071335295	-0.351595458864948	-0.844226694190281	-0.725573799233141	-0.749351119977985	-0.491100538682876
GLU83N	-0.459791466736382	-0.80866960917896	0.182473383562628	-0.552425998601086	-0.363869323202774	-0.43357636645844	0.0775649720946223	-0.573664409193462	0.0087640831639229	-0.622495875009752	-0.307847051255994	-0.266819349129831	-0.186618532399957	0.0758062178303281	-0.0852555166442018	0.754891685175393
LEU17M	0.00629851324296396	0.170333271463053	-0.0916998221964476	0.573990274091828	-0.214881738091095	0.139188327174931	0.0775649720946223	0.609643361686431	0.0087640831639229	0.301570218284564	-0.276008981237031	-0.0885230419146157	-0.186618532399957	0.0758062178303281	-0.527985918866724	-0.906431279968966
LYS100M	-0.459791466736382	-0.319168168857954	-1.18839264523275	-1.11563413494754	-0.413820587203395	-0.367010385015355	-0.4442357492692	-0.573664409193462	-0.934569959207412	-0.992122312327479	-0.259004557476902	-0.135924618822239	-0.186618532399957	0.0758062178303281	-0.527985918866724	-0.491100538682876
PRO26N	1.404568453181	1.14933615210507	1.82751261811708	0.949462364989466	1.12514032102383	1.10234559267992	1.64296713618609	1.20129724712638	2.83876621027793	1.41044953023774	1.93818407008178	1.97074412204208	1.12859779118069	0.877186234893798	1.90703129335715	0.754891685175393
GLN32N	-1.39197142669507	-1.29817104949997	-1.32547924811229	-1.11563413494754	-0.592836677841459	-0.506005552335375	-1.48783719199684	-1.16531829463341	-1.28832022509666	-0.807309093668616	-0.440988071335295	-0.351595458864948	-0.844226694190281	-0.725573799233141	-0.749351119977985	-0.491100538682876
VAL36M	0.00629851324296396	0.170333271463053	-0.0916998221964476	0.19851818319419	-0.470990241955551	-0.412849216791106	-0.4442357492692	-0.573664409193462	-0.580819693318161	-0.807309093668616	-0.288310053744357	-0.242558864997376	0.470989629390367	0.0758062178303281	0.578840086689581	-0.491100538682876
ALA28M	-0.925881446715727	-0.319168168857954	-0.777132836594136	-0.176953907703448	-0.592836677841459	-0.506005552335375	-0.966036470633022	-0.573664409193462	-0.816653203910995	-0.437682656350889	-0.440988071335295	-0.351595458864948	-0.844226694190281	-0.725573799233141	-0.749351119977985	-0.491100538682876
ARG27M	0.47238849322231	0.170333271463053	-0.0916998221964476	0.19851818319419	-0.41468679409358	-0.443161992642813	1.12116641482227	0.609643361686431	0.0087640831639229	-0.252869437692026	-0.440988071335295	-0.351595458864948	-0.844226694190281	-0.725573799233141	-0.749351119977985	-0.491100538682876
PRO29M	0.00629851324296396	0.170333271463053	0.0453867806830901	0.386254228643009	-0.224410013883121	-0.327579131874924	-0.4442357492692	-0.573664409193462	-0.109152672132494	-0.437682656350889	-0.110306298638335	-0.351595458864948	-0.186618532399957	-0.725573799233141	0.35747488557832	-0.906431279968966
GLY38M	0.00629851324296396	0.170333271463053	-0.0916998221964476	0.386254228643009	-0.242600358576989	-0.0344815005566338	0.599365693458444	0.609643361686431	-0.109152672132494	0.486383436943427	-0.440988071335295	-0.351595458864948	-0.844226694190281	-0.725573799233141	-0.749351119977985	-0.491100538682876
LEU99O	0.938478473201655	1.14933615210507	1.55333941235801	2.07587863768238	0.129291132942086	-0.492451059068352	0.599365693458444	0.609643361686431	0.952098125535258	1.41044953023774	-0.440988071335295	-0.351595458864948	-0.844226694190281	-0.725573799233141	-0.749351119977985	-0.491100538682876
TYR52M	0.00629851324296396	-0.80866960917896	0.0453867806830901	-0.927898089498724	1.11849940153242	0.123662271250886	0.599365693458444	-0.573664409193462	0.48043110434959	-0.807309093668616	-0.440988071335295	-0.351595458864948	-0.844226694190281	-0.725573799233141	-0.749351119977985	-0.491100538682876
LEU31M	-0.925881446715727	-0.319168168857954	-1.18839264523275	-0.740162044049905	-0.564829321725504	-0.458195157902602	-0.966036470633022	-0.573664409193462	-1.05248671450383	-0.807309093668616	-0.440988071335295	-0.351595458864948	-0.844226694190281	-0.725573799233141	-0.749351119977985	-0.491100538682876
LYS35M	-0.925881446715727	-1.29817104949997	-1.18839264523275	-1.11563413494754	-0.457997138602789	-0.506005552335375	-0.966036470633022	-1.16531829463341	-0.934569959207412	-0.992122312327479	-0.440988071335295	-0.351595458864948	-0.844226694190281	-0.725573799233141	-0.749351119977985	-0.491100538682876
TYR52N	-0.459791466736382	-1.29817104949997	0.0453867806830901	-1.11563413494754	4.40950811297218	-0.506005552335375	0.0775649720946223	-1.16531829463341	0.12668083846034	-0.992122312327479	-0.440988071335295	-0.351595458864948	-0.844226694190281	-0.725573799233141	-0.749351119977985	-0.491100538682876
ARG67M	-1.39197142669507	-0.80866960917896	-1.18839264523275	-0.927898089498724	-0.592836677841459	-0.506005552335375	-1.48783719199684	-1.16531829463341	-1.28832022509666	-0.807309093668616	-0.338599732524311	-0.276120620849801	-0.186618532399957	0.0758062178303281	-0.749351119977985	-0.491100538682876
GLU97M	-0.925881446715727	-0.80866960917896	-0.777132836594136	-0.927898089498724	-0.592836677841459	-0.506005552335375	-1.48783719199684	-1.16531829463341	-1.28832022509666	-0.807309093668616	0.0101718526834234	-0.277078961789198	0.470989629390367	0.0758062178303281	0.136109684467059	-0.491100538682876
ARG67O	-0.459791466736382	-0.80866960917896	-0.502959630835061	-0.740162044049905	-0.516899207135313	-0.376375307636208	-0.966036470633022	-0.573664409193462	-1.05248671450383	-0.622495875009752	-0.338599732524311	-0.199867288562454	1.12859779118069	0.0758062178303281	0.578840086689581	-0.906431279968966
PHE44N	2.80283839311904	0.659834711784059	2.10168582387616	1.13719841043829	6.13932327266999	4.77637950171447	3.20836930027756	1.20129724712638	2.95668296557434	1.41044953023774	2.87813072814163	4.21813395925695	1.78620595297102	0.0758062178303281	1.24293569002336	-0.491100538682876
LEU62N	0.938478473201655	1.14933615210507	0.867906397960317	0.386254228643009	-0.350010012959828	-0.200413340497033	1.64296713618609	1.79295113256632	1.30584839142451	0.486383436943427	-0.282521313740909	-0.098907479425813	0.470989629390367	0.877186234893798	-0.306620717755463	-0.491100538682876
PHE87M	0.00629851324296396	0.170333271463053	0.730819795080779	1.13719841043829	0.61090216388449	0.0178573292479155	0.599365693458444	0.609643361686431	0.716264614942424	1.22563631157888	0.248957377825648	-0.351595458864948	-0.186618532399957	-0.725573799233141	-0.0852555166442018	-0.906431279968966
VAL71M	0.938478473201655	1.63883759242607	1.27916620659893	1.88814259223356	0.795115495863659	1.06034773140997	0.599365693458444	1.20129724712638	0.834181370238841	1.41044953023774	-0.440988071335295	-0.351595458864948	-0.186618532399957	0.0758062178303281	-0.0852555166442018	-0.0757697973967866
LEU30M	1.404568453181	1.14933615210507	1.41625280947847	1.51267050133592	0.375871361014516	0.467374805325646	1.64296713618609	1.79295113256632	1.89543216790659	1.59526274889661	0.18057788653492	-0.0790960950654187	0.470989629390367	0.0758062178303281	1.68566609224589	0.339560943889303
HIS51N	-1.39197142669507	-0.80866960917896	-1.32547924811229	-0.927898089498724	-0.592836677841459	-0.506005552335375	-1.48783719199684	-1.16531829463341	-1.28832022509666	-0.807309093668616	-0.440988071335295	-0.351595458864948	-0.844226694190281	-0.725573799233141	-0.749351119977985	-0.491100538682876
PRO27P	-0.925881446715727	-0.319168168857954	-0.640046233714599	0.0107821377453714	-0.442405414579473	-0.455109231444652	-0.966036470633022	-0.573664409193462	-0.934569959207412	-0.622495875009752	-0.440988071335295	-0.351595458864948	-0.844226694190281	-0.725573799233141	-0.749351119977985	-0.491100538682876
LEU78O	2.33674841313969	1.14933615210507	1.41625280947847	1.70040654678474	0.427843774425566	0.285330409126654	1.64296713618609	1.20129724712638	1.77751541261018	1.78007596755547	1.2543891571745	0.757315733318581	3.75903043834199	1.67856625195727	2.34976169557967	1.58555316774757
GLY54M	1.87065843316035	2.61784047306808	1.14207960371939	1.70040654678474	2.22435686466756	3.37392575415233	-0.4442357492692	0.0179894762464848	-0.109152672132494	0.116756999625701	4.64261104044258	6.66700874058627	2.44381411476134	3.28132628608421	2.34976169557967	2.41621465031975
HIS72M	0.938478473201655	0.170333271463053	0.456646589321703	-0.176953907703448	-0.296016450138347	-0.261350953028391	0.599365693458444	0.0179894762464848	-0.109152672132494	-0.437682656350889	0.1917935702916	0.626484062472929	1.78620595297102	0.877186234893798	0.136109684467059	-0.491100538682876
GLU41N	0.00629851324296396	-0.319168168857954	0.456646589321703	-0.927898089498724	3.94060144975248	0.235748344594817	0.599365693458444	0.0179894762464848	0.598347859646007	-0.807309093668616	5.23957485329814	0.51660441113565	1.12859779118069	0.0758062178303281	0.800205287800842	-0.0757697973967866
MET59N	-0.925881446715727	-1.29817104949997	-1.32547924811229	-1.11563413494754	-0.350010012959828	-0.506005552335375	-0.4442357492692	-1.16531829463341	-1.05248671450383	-0.992122312327479	-0.136717424904066	-0.351595458864948	0.470989629390367	-0.725573799233141	-0.0852555166442018	-0.906431279968966
LEU22P	0.47238849322231	0.659834711784059	0.456646589321703	0.573990274091828	-0.432588403157386	-0.324128897225136	1.12116641482227	1.20129724712638	1.18793163612809	0.486383436943427	-0.38997480005491	-0.270250698360569	0.470989629390367	0.877186234893798	0.578840086689581	0.754891685175393
MET50O	0.938478473201655	-0.319168168857954	1.27916620659893	0.386254228643009	-0.424215069885606	-0.378453886010462	0.599365693458444	0.0179894762464848	0.834181370238841	0.856009874261154	-0.231869838710741	-0.202300199911869	0.470989629390367	0.877186234893798	0.136109684467059	1.17022242646148
TRP23Q	1.404568453181	1.63883759242607	1.14207960371939	1.3249344558871	3.65561938288188	2.4044488304924	1.64296713618609	1.79295113256632	1.07001488083167	0.856009874261154	3.77719440992712	2.76775710795647	1.78620595297102	2.47994626902074	1.24293569002336	2.00088390903366
GLN68O	-0.459791466736382	0.170333271463053	-0.365873027955523	-0.364689953152267	-0.0381755324935226	0.44083741369923	0.0775649720946223	0.609643361686431	0.0087640831639229	-0.437682656350889	-0.337514343773664	-0.186598285075924	-0.186618532399957	0.0758062178303281	-0.749351119977985	-0.906431279968966
TYR63O	-0.459791466736382	-0.80866960917896	-1.18839264523275	-1.11563413494754	-0.507659666973348	-0.50551266167112	0.0775649720946223	-0.573664409193462	-0.462902938021744	-0.992122312327479	-0.337514343773664	-0.351595458864948	-0.186618532399957	-0.725573799233141	-0.749351119977985	-0.906431279968966
GLN68N	0.938478473201655	1.14933615210507	0.319559986442166	0.761726319540647	0.323898947603465	0.85096529409701	1.12116641482227	1.20129724712638	0.952098125535258	0.671196655602291	-0.307123458755563	-0.247124018613842	0.470989629390367	0.877186234893798	-0.0852555166442018	0.339560943889303
LEU22Q	0.00629851324296396	0.170333271463053	0.0453867806830901	0.19851818319419	-0.46665920750463	-0.295048348034068	0.599365693458444	0.609643361686431	0.716264614942424	-0.0680562190331624	-0.440988071335295	-0.351595458864948	-0.844226694190281	-0.725573799233141	-0.749351119977985	-0.491100538682876
ALA28O	-0.925881446715727	-0.319168168857954	-1.18839264523275	-0.552425998601086	-0.592836677841459	-0.506005552335375	-0.966036470633022	-0.573664409193462	-1.17040346980025	-0.992122312327479	-0.440988071335295	-0.351595458864948	-0.844226694190281	-0.725573799233141	-0.749351119977985	-0.491100538682876
PRO29O	0.00629851324296396	0.659834711784059	0.0453867806830901	0.761726319540647	-0.26772035839233	-0.273773453441565	-0.4442357492692	0.0179894762464848	-0.580819693318161	-0.252869437692026	-0.135993832403635	-0.243041443046187	-0.186618532399957	0.0758062178303281	0.136109684467059	0.754891685175393
ASP21Q	-0.925881446715727	-0.80866960917896	-1.32547924811229	-0.927898089498724	-0.429989782486834	-0.466550988046291	-0.966036470633022	-0.573664409193462	-0.934569959207412	-0.622495875009752	-0.440988071335295	-0.351595458864948	-0.844226694190281	-0.725573799233141	-0.749351119977985	-0.491100538682876
THR18Q	0.00629851324296396	-0.319168168857954	-0.640046233714599	-1.11563413494754	-0.0439502450947505	-0.144247115920572	0.599365693458444	0.0179894762464848	0.0087640831639229	-0.807309093668616	-0.380206301299092	-0.351595458864948	-0.186618532399957	-0.725573799233141	-0.306620717755463	-0.906431279968966
HIS51O	-0.459791466736382	-0.319168168857954	0.0453867806830901	-0.927898089498724	1.65352652403618	2.58692991864137	-0.966036470633022	-0.573664409193462	-0.934569959207412	-0.622495875009752	5.15853249324987	7.70909019117897	0.470989629390367	0.877186234893798	0.35747488557832	-0.491100538682876
SER93M	-0.925881446715727	-1.29817104949997	-0.640046233714599	-1.11563413494754	-0.592836677841459	-0.506005552335375	-1.48783719199684	-1.16531829463341	-1.28832022509666	-0.807309093668616	-0.440988071335295	-0.351595458864948	-0.844226694190281	-0.725573799233141	-0.749351119977985	-0.491100538682876
LEU22R	0.00629851324296396	0.170333271463053	0.0453867806830901	-0.176953907703448	0.121206535300367	0.0578613675727916	0.599365693458444	0.609643361686431	0.952098125535258	-0.252869437692026	-0.440988071335295	-0.351595458864948	-0.844226694190281	-0.725573799233141	-0.749351119977985	-0.491100538682876
ASN107N	-0.925881446715727	-1.29817104949997	-0.777132836594136	-1.11563413494754	-0.511124494534085	-0.506005552335375	-0.4442357492692	-1.16531829463341	-0.344986182725328	-0.992122312327479	-0.440988071335295	-0.351595458864948	-0.844226694190281	-0.725573799233141	-0.749351119977985	-0.491100538682876
LYS90N	-0.925881446715727	-1.29817104949997	-0.777132836594136	-1.11563413494754	-0.353474840520564	-0.506005552335375	-0.4442357492692	-1.16531829463341	-0.698736448614578	-0.992122312327479	-0.339323325024742	-0.351595458864948	-0.186618532399957	-0.725573799233141	-0.749351119977985	-0.906431279968966
VAL104M	0.00629851324296396	0.170333271463053	-0.0916998221964476	0.19851818319419	-0.50390610378255	-0.417038787437277	0.0775649720946223	0.0179894762464848	-0.462902938021744	-0.437682656350889	-0.421812870073874	-0.321019059526423	-0.186618532399957	0.0758062178303281	-0.527985918866724	-0.906431279968966
GLY79O	1.87065843316035	2.61784047306808	1.27916620659893	2.82682281947766	-0.371665185214432	-0.151313851890597	0.599365693458444	1.20129724712638	1.07001488083167	1.59526274889661	-0.291204423746081	-0.112753396107409	-0.186618532399957	0.0758062178303281	0.578840086689581	0.339560943889303
ILE105O	-0.925881446715727	-1.29817104949997	-1.05130604235321	-1.11563413494754	-0.511124494534085	-0.506005552335375	-0.4442357492692	-1.16531829463341	-0.816653203910995	-0.992122312327479	-0.338961528774526	-0.351595458864948	-0.186618532399957	-0.725573799233141	-0.527985918866724	-0.906431279968966
VAL104O	-0.925881446715727	-0.319168168857954	-1.05130604235321	-0.176953907703448	-0.592547942211398	-0.50551266167112	-0.966036470633022	-0.573664409193462	-1.17040346980025	-0.992122312327479	-0.338961528774526	-0.18890593785619	-0.186618532399957	0.0758062178303281	-0.749351119977985	-0.906431279968966
LEU30O	1.87065843316035	2.12833903274708	1.82751261811708	2.63908677402884	-0.269452772172699	-0.2903473090202	1.64296713618609	2.38460501800627	1.77751541261018	3.07376849816751	-0.225719302457077	-0.27229687793677	-0.186618532399957	0.0758062178303281	0.136109684467059	0.754891685175393
GLU97N	-1.39197142669507	-1.29817104949997	-1.05130604235321	-1.11563413494754	-0.592836677841459	-0.506005552335375	-1.48783719199684	-1.16531829463341	-1.28832022509666	-0.807309093668616	-0.338599732524311	-0.351595458864948	-0.186618532399957	-0.725573799233141	-0.0852555166442018	-0.906431279968966
SER88N	-0.459791466736382	0.170333271463053	-0.365873027955523	0.386254228643009	-0.507082195713226	-0.359617025051524	0.0775649720946223	0.609643361686431	0.12668083846034	0.301570218284564	-0.339323325024742	-0.189482851051257	-0.186618532399957	0.0758062178303281	-0.749351119977985	-0.906431279968966
PRO94N	0.00629851324296396	0.659834711784059	-0.502959630835061	0.19851818319419	-0.592836677841459	-0.506005552335375	-0.966036470633022	-0.573664409193462	-1.17040346980025	-0.992122312327479	-0.440988071335295	-0.351595458864948	-0.844226694190281	-0.725573799233141	-0.749351119977985	-0.491100538682876
THR18R	-0.459791466736382	-0.80866960917896	-1.05130604235321	-1.11563413494754	-0.339038059017495	-0.3665174943511	0.0775649720946223	-0.573664409193462	-0.462902938021744	-0.992122312327479	-0.440988071335295	-0.351595458864948	-0.844226694190281	-0.725573799233141	-0.749351119977985	-0.491100538682876
ASN102O	0.00629851324296396	0.170333271463053	0.319559986442166	0.761726319540647	-0.153092313257957	0.00338156946805287	0.599365693458444	0.609643361686431	0.716264614942424	0.671196655602291	-0.207267693696087	-0.261326545302913	-0.186618532399957	0.0758062178303281	0.136109684467059	0.754891685175393
GLU48O	-0.925881446715727	-0.319168168857954	-0.502959630835061	-0.364689953152267	-0.511124494534085	-0.366875221608334	-0.4442357492692	0.0179894762464848	-0.227069427428911	-0.252869437692026	-0.440988071335295	-0.351595458864948	-0.844226694190281	-0.725573799233141	-0.749351119977985	-0.491100538682876
VAL89N	1.404568453181	1.63883759242607	1.14207960371939	2.07587863768238	-0.216036680611341	-0.0904048761907463	2.16476785754991	2.38460501800627	2.13126567849943	2.33451562353206	-0.432304961330123	-0.34467250052415	-0.186618532399957	0.0758062178303281	0.136109684467059	1.17022242646148
LEU103O	0.938478473201655	1.14933615210507	0.730819795080779	2.07587863768238	1.12369664287352	1.81156132037751	1.12116641482227	1.79295113256632	1.42376514672092	3.07376849816751	-0.338961528774526	-0.351595458864948	-0.186618532399957	-0.725573799233141	-0.749351119977985	-0.906431279968966
VAL24O	0.938478473201655	1.14933615210507	0.867906397960317	1.3249344558871	0.694058025342171	0.874703717684785	0.599365693458444	1.20129724712638	0.952098125535258	1.41044953023774	1.10532910208572	2.11413153684935	0.470989629390367	0.877186234893798	-0.306620717755463	-0.491100538682876
LEU53N	0.938478473201655	0.170333271463053	1.55333941235801	0.573990274091828	0.0536423978660005	-0.499844419032183	-0.4442357492692	-0.573664409193462	-0.109152672132494	-0.437682656350889	0.369073732897191	-0.344384043926617	0.470989629390367	0.0758062178303281	0.578840086689581	-0.0757697973967866
LEU106N	-0.459791466736382	-0.319168168857954	-0.0916998221964476	0.386254228643009	-0.507659666973348	-0.449816016610261	0.0775649720946223	0.0179894762464848	0.244597593756757	0.671196655602291	-0.440988071335295	-0.351595458864948	-0.844226694190281	-0.725573799233141	-0.749351119977985	-0.491100538682876
SER93O	-0.925881446715727	-1.29817104949997	-0.640046233714599	-1.11563413494754	-0.592836677841459	-0.506005552335375	-1.48783719199684	-1.16531829463341	-1.28832022509666	-0.807309093668616	-0.440988071335295	-0.351595458864948	-0.844226694190281	-0.725573799233141	-0.749351119977985	-0.491100538682876
LEU26Q	0.00629851324296396	0.659834711784059	0.456646589321703	1.3249344558871	0.973265379611539	1.50734032411428	0.0775649720946223	0.609643361686431	0.48043110434959	1.59526274889661	0.337959255378659	0.342577544105689	0.470989629390367	0.877186234893798	-0.527985918866724	-0.0757697973967866
CYS73M	0.00629851324296396	0.659834711784059	0.319559986442166	1.51267050133592	-0.365601736983143	-0.426823807861741	0.599365693458444	1.20129724712638	0.48043110434959	1.59526274889661	-0.440988071335295	-0.351595458864948	-0.844226694190281	-0.725573799233141	-0.749351119977985	-0.491100538682876
THR16M	-0.925881446715727	-0.319168168857954	-1.32547924811229	-0.552425998601086	-0.592836677841459	-0.506005552335375	-1.48783719199684	-1.16531829463341	-1.28832022509666	-0.807309093668616	-0.440988071335295	-0.351595458864948	-0.844226694190281	-0.725573799233141	-0.749351119977985	-0.491100538682876
ARG27O	-0.925881446715727	-1.29817104949997	-1.18839264523275	-1.11563413494754	-0.511124494534085	-0.506005552335375	-0.4442357492692	-1.16531829463341	-1.05248671450383	-0.992122312327479	-0.440988071335295	-0.351595458864948	-0.844226694190281	-0.725573799233141	-0.749351119977985	-0.491100538682876
LEU31O	-0.925881446715727	-0.319168168857954	-1.32547924811229	-0.740162044049905	-0.591970470951275	-0.505266216338992	-0.966036470633022	-0.573664409193462	-1.17040346980025	-0.622495875009752	-0.440988071335295	-0.351595458864948	-0.844226694190281	-0.725573799233141	-0.749351119977985	-0.491100538682876
THR45O	-0.459791466736382	-0.319168168857954	-0.0916998221964476	-0.364689953152267	-0.592547942211398	-0.505647825078141	-0.4442357492692	-0.573664409193462	-0.580819693318161	-0.622495875009752	-0.440988071335295	-0.351595458864948	-0.844226694190281	-0.725573799233141	-0.749351119977985	-0.491100538682876
MET98O	0.938478473201655	0.659834711784059	1.27916620659893	1.70040654678474	0.478661245316372	0.143463842850881	0.599365693458444	0.609643361686431	0.834181370238841	1.59526274889661	-0.234040616212034	-0.266062981992748	-0.186618532399957	0.0758062178303281	-0.306620717755463	0.339560943889303
TYR96N	-0.459791466736382	-0.80866960917896	-0.640046233714599	-0.927898089498724	-0.516610471505252	-0.429379972389836	-0.966036470633022	-0.573664409193462	-1.28832022509666	-0.807309093668616	-0.440988071335295	-0.351595458864948	-0.844226694190281	-0.725573799233141	-0.749351119977985	-0.491100538682876
LYS60N	-0.925881446715727	-1.29817104949997	-0.777132836594136	-1.11563413494754	-0.511124494534085	-0.506005552335375	-0.4442357492692	-1.16531829463341	-0.462902938021744	-0.992122312327479	-0.41891850007215	-0.351595458864948	-0.186618532399957	-0.725573799233141	-0.527985918866724	-0.906431279968966
LEU99N	0.47238849322231	1.14933615210507	0.867906397960317	1.70040654678474	0.221686534561731	0.169585920730615	0.599365693458444	1.20129724712638	0.952098125535258	2.51932884219092	0.881015426952112	0.43552970183016	0.470989629390367	0.877186234893798	1.46430089113462	2.41621465031975
PRO77M	0.00629851324296396	-0.319168168857954	-0.228786425075985	-0.552425998601086	-0.47474380514635	-0.377049001246265	-0.4442357492692	-0.573664409193462	-0.344986182725328	-0.437682656350889	-0.417833111321503	-0.351595458864948	-0.186618532399957	-0.725573799233141	-0.306620717755463	-0.906431279968966
ILE33O	-0.925881446715727	-0.319168168857954	-0.0916998221964476	0.386254228643009	-0.511124494534085	-0.370214174333015	-0.4442357492692	0.0179894762464848	-0.109152672132494	0.486383436943427	-0.338599732524311	-0.192655873624122	0.470989629390367	0.877186234893798	1.68566609224589	2.00088390903366
GLN32M	-1.39197142669507	-1.29817104949997	-1.32547924811229	-1.11563413494754	-0.592836677841459	-0.506005552335375	-1.48783719199684	-1.16531829463341	-1.28832022509666	-0.807309093668616	-0.440988071335295	-0.351595458864948	-0.844226694190281	-0.725573799233141	-0.749351119977985	-0.491100538682876
LEU81N	0.47238849322231	0.170333271463053	0.319559986442166	0.573990274091828	-0.123641278991695	0.120952587830348	1.12116641482227	0.609643361686431	0.48043110434959	0.486383436943427	0.146930835264879	0.382239547651944	2.44381411476134	1.67856625195727	1.90703129335715	1.17022242646148
ASN91O	-0.925881446715727	-1.29817104949997	-0.640046233714599	-1.11563413494754	-0.511124494534085	-0.506005552335375	-0.4442357492692	-1.16531829463341	-0.816653203910995	-0.992122312327479	-0.440988071335295	-0.351595458864948	-0.844226694190281	-0.725573799233141	-0.749351119977985	-0.491100538682876
LEU82N	1.404568453181	1.14933615210507	1.55333941235801	1.51267050133592	1.00242767824774	1.90398335054136	1.12116641482227	1.20129724712638	0.716264614942424	0.856009874261154	1.32747199971803	2.4683562386202	1.12859779118069	1.67856625195727	1.46430089113462	1.58555316774757
VAL43M	-0.459791466736382	0.170333271463053	-0.0916998221964476	-0.364689953152267	-0.524406333516909	-0.389190464906848	-0.4442357492692	0.0179894762464848	0.12668083846034	-0.252869437692026	-0.40046689131116	-0.286981181017498	-0.186618532399957	0.0758062178303281	-0.306620717755463	-0.491100538682876
GLY38N	-0.459791466736382	0.170333271463053	-0.502959630835061	0.386254228643009	-0.511124494534085	-0.417384414054352	0.0775649720946223	0.609643361686431	-0.344986182725328	0.486383436943427	-0.440988071335295	-0.351595458864948	-0.844226694190281	-0.725573799233141	-0.749351119977985	-0.491100538682876
SER86N	-0.459791466736382	-1.29817104949997	-0.777132836594136	-1.11563413494754	-0.511124494534085	-0.506005552335375	0.0775649720946223	-1.16531829463341	0.12668083846034	-0.992122312327479	-0.440988071335295	-0.351595458864948	-0.844226694190281	-0.725573799233141	-0.749351119977985	-0.491100538682876
SER86O	-0.459791466736382	-0.80866960917896	-0.365873027955523	-0.740162044049905	-0.511124494534085	-0.506005552335375	-0.4442357492692	-1.16531829463341	-0.344986182725328	-0.992122312327479	-0.440988071335295	-0.351595458864948	-0.844226694190281	-0.725573799233141	-0.749351119977985	-0.491100538682876
ILE105N	-0.459791466736382	-1.29817104949997	-1.18839264523275	-1.11563413494754	-0.348855070439582	-0.506005552335375	-0.4442357492692	-1.16531829463341	-0.816653203910995	-0.992122312327479	-0.440988071335295	-0.351595458864948	-0.844226694190281	-0.725573799233141	-0.749351119977985	-0.491100538682876
SER88O	0.00629851324296396	0.170333271463053	-0.0916998221964476	0.573990274091828	-0.511124494534085	-0.458524081981521	0.599365693458444	0.609643361686431	0.952098125535258	0.856009874261154	-0.440988071335295	-0.351595458864948	-0.844226694190281	-0.725573799233141	-0.749351119977985	-0.491100538682876
PRO27Q	-0.925881446715727	-0.319168168857954	-1.18839264523275	-0.552425998601086	-0.516610471505252	-0.452507996917492	-0.966036470633022	-0.573664409193462	-1.28832022509666	-0.807309093668616	-0.243809114967852	-0.108942240993085	-0.186618532399957	0.0758062178303281	-0.527985918866724	-0.0757697973967866
LEU62O	0.47238849322231	0.659834711784059	1.14207960371939	0.949462364989466	-0.437208173238368	-0.27237537747832	1.12116641482227	1.20129724712638	1.30584839142451	0.856009874261154	-0.269496648733152	-0.0781386044034183	0.470989629390367	0.877186234893798	0.800205287800842	1.17022242646148
GLU42M	-0.925881446715727	-1.29817104949997	-0.914219439473674	-1.11563413494754	-0.498420126811384	-0.506005552335375	-0.966036470633022	-1.16531829463341	-0.816653203910995	-0.992122312327479	-0.440988071335295	-0.351595458864948	-0.844226694190281	-0.725573799233141	-0.749351119977985	-0.491100538682876
ARG15M	-0.925881446715727	-1.29817104949997	-1.46256585099183	-1.11563413494754	-0.511413230164146	-0.506005552335375	-0.966036470633022	-1.16531829463341	-1.17040346980025	-0.992122312327479	-0.440988071335295	-0.351595458864948	-0.844226694190281	-0.725573799233141	-0.749351119977985	-0.491100538682876
TYR63M	-0.459791466736382	-0.319168168857954	-0.502959630835061	-0.364689953152267	-0.511124494534085	-0.45620306063627	0.0775649720946223	0.0179894762464848	0.0087640831639229	0.116756999625701	-0.338599732524311	-0.293303191041597	0.470989629390367	0.0758062178303281	1.0215704889121	0.754891685175393
GLU42N	0.938478473201655	-0.319168168857954	1.00499300083985	-0.364689953152267	2.02801663622581	-0.23859357614193	1.12116641482227	0.0179894762464848	0.834181370238841	-0.252869437692026	1.41828285852212	-0.0385980564534558	2.44381411476134	0.877186234893798	1.46430089113462	0.754891685175393
PHE19P	0.938478473201655	-0.319168168857954	1.55333941235801	0.573990274091828	1.48836974364106	1.31707464479403	1.12116641482227	-0.573664409193462	1.18793163612809	-0.0680562190331624	0.465311535454512	-0.351595458864948	0.470989629390367	-0.725573799233141	1.24293569002336	-0.906431279968966
LEU78N	1.87065843316035	0.170333271463053	1.69042601523754	0.386254228643009	0.305997338539658	0.118016717805926	1.12116641482227	0.609643361686431	0.834181370238841	0.486383436943427	0.282604429095689	0.372457157939516	1.12859779118069	0.877186234893798	0.800205287800842	0.339560943889303
PRO77N	-0.459791466736382	-0.319168168857954	-0.502959630835061	-0.176953907703448	-0.511124494534085	-0.395230267414544	-0.966036470633022	-0.573664409193462	-0.816653203910995	-0.437682656350889	-0.440988071335295	-0.351595458864948	-0.844226694190281	-0.725573799233141	-0.749351119977985	-0.491100538682876
HIS74O	-0.925881446715727	-1.29817104949997	-1.32547924811229	-1.11563413494754	-0.429989782486834	-0.506005552335375	-0.966036470633022	-1.16531829463341	-1.05248671450383	-0.992122312327479	-0.440988071335295	-0.351595458864948	-0.844226694190281	-0.725573799233141	-0.749351119977985	-0.491100538682876
ILE33M	0.00629851324296396	0.170333271463053	0.867906397960317	0.19851818319419	-0.511124494534085	-0.3665174943511	0.0775649720946223	0.609643361686431	-0.109152672132494	0.301570218284564	-0.338599732524311	-0.188329024661123	1.12859779118069	1.67856625195727	1.0215704889121	1.58555316774757
LYS90O	0.47238849322231	-0.80866960917896	0.456646589321703	-0.552425998601086	-0.511124494534085	-0.477910784472818	0.599365693458444	-0.573664409193462	0.598347859646007	-0.622495875009752	-0.440988071335295	-0.351595458864948	-0.844226694190281	-0.725573799233141	-0.749351119977985	-0.491100538682876
ASP21R	-1.39197142669507	-1.29817104949997	-1.46256585099183	-1.11563413494754	-0.511124494534085	-0.506005552335375	-0.966036470633022	-1.16531829463341	-1.05248671450383	-0.992122312327479	-0.440988071335295	-0.351595458864948	-0.844226694190281	-0.725573799233141	-0.749351119977985	-0.491100538682876
GLU97O	-0.925881446715727	-0.80866960917896	-1.18839264523275	-1.11563413494754	-0.592836677841459	-0.506005552335375	-1.48783719199684	-1.16531829463341	-1.28832022509666	-0.807309093668616	-0.440988071335295	-0.351595458864948	-0.844226694190281	-0.725573799233141	-0.749351119977985	-0.491100538682876
HIS51M	-0.925881446715727	-0.80866960917896	-0.228786425075985	-0.740162044049905	-0.592836677841459	-0.506005552335375	-1.48783719199684	-1.16531829463341	-1.28832022509666	-0.807309093668616	-0.440988071335295	-0.351595458864948	-0.844226694190281	-0.725573799233141	-0.749351119977985	-0.491100538682876
GLN66N	-1.39197142669507	-1.29817104949997	-1.32547924811229	-1.11563413494754	-0.592836677841459	-0.506005552335375	-1.48783719199684	-1.16531829463341	-1.28832022509666	-0.807309093668616	-0.440988071335295	-0.351595458864948	-0.844226694190281	-0.725573799233141	-0.749351119977985	-0.491100538682876
SER20P	-0.925881446715727	-0.319168168857954	-1.46256585099183	-0.927898089498724	-0.511990701424269	-0.367996166343866	-0.966036470633022	-0.573664409193462	-1.17040346980025	-0.992122312327479	-0.339685121274957	-0.190059764246323	-0.186618532399957	0.0758062178303281	-0.527985918866724	-0.906431279968966
GLU48N	-0.925881446715727	-0.319168168857954	0.0453867806830901	0.386254228643009	-0.511124494534085	-0.475423993405914	-0.4442357492692	0.0179894762464848	0.12668083846034	0.486383436943427	-0.338599732524311	-0.315800695134205	-0.186618532399957	0.0758062178303281	-0.0852555166442018	0.754891685175393
LEU46O	-1.39197142669507	-0.80866960917896	-1.05130604235321	-0.740162044049905	-0.592836677841459	-0.506005552335375	-1.48783719199684	-1.16531829463341	-1.28832022509666	-0.807309093668616	-0.440988071335295	-0.351595458864948	-0.844226694190281	-0.725573799233141	-0.749351119977985	-0.491100538682876
LEU82O	1.404568453181	1.14933615210507	1.69042601523754	1.51267050133592	-0.232205875894779	-0.206643317785069	1.12116641482227	1.20129724712638	1.54168190201734	1.59526274889661	0.0767423627230738	0.149577496638763	1.12859779118069	1.67856625195727	1.68566609224589	2.00088390903366
SER93N	-0.925881446715727	-1.29817104949997	-0.777132836594136	-1.11563413494754	-0.592836677841459	-0.506005552335375	-1.48783719199684	-1.16531829463341	-1.28832022509666	-0.807309093668616	-0.440988071335295	-0.351595458864948	-0.844226694190281	-0.725573799233141	-0.749351119977985	-0.491100538682876
VAL43N	0.938478473201655	1.63883759242607	1.00499300083985	0.573990274091828	-0.314784266092338	-0.0875413783825486	1.12116641482227	1.79295113256632	1.18793163612809	0.856009874261154	-0.440988071335295	-0.351595458864948	0.470989629390367	0.877186234893798	1.0215704889121	0.339560943889303
GLU17Q	-0.925881446715727	-1.29817104949997	-1.05130604235321	-1.11563413494754	-0.511124494534085	-0.506005552335375	-0.4442357492692	-1.16531829463341	-0.462902938021744	-0.992122312327479	-0.440988071335295	-0.351595458864948	-0.844226694190281	-0.725573799233141	-0.749351119977985	-0.491100538682876
LEU62M	0.47238849322231	0.659834711784059	0.730819795080779	0.19851818319419	-0.345390242878845	-0.286669206741726	1.12116641482227	1.20129724712638	0.952098125535258	0.301570218284564	-0.440988071335295	-0.351595458864948	0.470989629390367	0.877186234893798	0.578840086689581	0.339560943889303
GLN66M	-1.39197142669507	-1.29817104949997	-1.46256585099183	-1.11563413494754	-0.592836677841459	-0.506005552335375	-1.48783719199684	-1.16531829463341	-1.28832022509666	-0.807309093668616	-0.440988071335295	-0.351595458864948	-0.844226694190281	-0.725573799233141	-0.749351119977985	-0.491100538682876
LEU31N	0.47238849322231	0.659834711784059	0.867906397960317	0.0107821377453714	-0.429989782486834	-0.319391953509072	0.599365693458444	0.609643361686431	1.42376514672092	0.486383436943427	-0.395401743808143	-0.301951927046446	0.470989629390367	0.877186234893798	0.800205287800842	0.339560943889303
ILE33N	-0.459791466736382	-0.319168168857954	0.593733192201241	0.0107821377453714	-0.497265184291138	-0.342858742466841	-0.4442357492692	0.0179894762464848	-0.227069427428911	0.116756999625701	-0.321233512513967	-0.160637191297931	0.470989629390367	0.877186234893798	0.800205287800842	1.17022242646148
VAL95M	0.47238849322231	1.14933615210507	0.867906397960317	1.3249344558871	-0.387256909237747	-0.326124033303182	0.0775649720946223	0.609643361686431	0.0087640831639229	0.856009874261154	-0.221015951204276	-0.185246718504267	0.470989629390367	0.877186234893798	0.578840086689581	2.00088390903366
LYS35N	-0.925881446715727	-1.29817104949997	-0.914219439473674	-1.11563413494754	-0.592836677841459	-0.506005552335375	-0.966036470633022	-1.16531829463341	-1.05248671450383	-0.992122312327479	-0.440988071335295	-0.351595458864948	-0.844226694190281	-0.725573799233141	-0.749351119977985	-0.491100538682876
GLU80M	-0.925881446715727	-0.80866960917896	-0.777132836594136	-0.740162044049905	-0.592836677841459	-0.506005552335375	-1.48783719199684	-1.16531829463341	-1.28832022509666	-0.807309093668616	-0.440988071335295	-0.351595458864948	-0.844226694190281	-0.725573799233141	-0.749351119977985	-0.491100538682876
SER20Q	-1.39197142669507	-0.80866960917896	-1.59965245387136	-0.927898089498724	-0.592836677841459	-0.506005552335375	-1.48783719199684	-1.16531829463341	-1.28832022509666	-0.807309093668616	-0.440988071335295	-0.351595458864948	-0.844226694190281	-0.725573799233141	-0.749351119977985	-0.491100538682876
SER88M	-0.459791466736382	-0.319168168857954	-0.640046233714599	-0.364689953152267	-0.471278977585613	-0.463616955209412	0.0775649720946223	0.0179894762464848	-0.109152672132494	-0.0680562190331624	-0.440988071335295	-0.351595458864948	-0.844226694190281	-0.725573799233141	-0.749351119977985	-0.491100538682876
LEU53M	0.00629851324296396	0.170333271463053	0.593733192201241	1.13719841043829	-0.229895990854288	-0.257339487903885	-0.4442357492692	0.0179894762464848	-0.344986182725328	0.486383436943427	0.0137898151855783	-0.060539563228315	1.12859779118069	1.67856625195727	0.800205287800842	2.00088390903366
MET59O	-0.459791466736382	-0.319168168857954	0.0453867806830901	-0.176953907703448	-0.229895990854288	-0.156053180714048	0.0775649720946223	0.0179894762464848	0.0087640831639229	-0.437682656350889	-0.184112733682296	0.0580129096322802	0.470989629390367	0.877186234893798	0.578840086689581	0.339560943889303
LYS35O	-0.925881446715727	-1.29817104949997	-0.914219439473674	-1.11563413494754	-0.430855989377018	-0.506005552335375	-0.966036470633022	-1.16531829463341	-0.816653203910995	-0.992122312327479	-0.440988071335295	-0.351595458864948	-0.844226694190281	-0.725573799233141	-0.749351119977985	-0.491100538682876
GLU80O	-1.39197142669507	-1.29817104949997	-0.777132836594136	-1.11563413494754	-0.592836677841459	-0.506005552335375	-1.48783719199684	-1.16531829463341	-1.28832022509666	-0.807309093668616	-0.440988071335295	-0.351595458864948	-0.844226694190281	-0.725573799233141	-0.749351119977985	-0.491100538682876
THR22N	-0.925881446715727	-0.319168168857954	-1.05130604235321	-0.740162044049905	-0.511124494534085	-0.3665174943511	-0.4442357492692	0.0179894762464848	-0.698736448614578	-0.622495875009752	-0.440988071335295	-0.351595458864948	-0.844226694190281	-0.725573799233141	-0.749351119977985	-0.491100538682876
GLU80N	-0.925881446715727	-0.80866960917896	-0.914219439473674	-0.740162044049905	-0.592836677841459	-0.506005552335375	-1.48783719199684	-1.16531829463341	-1.28832022509666	-0.807309093668616	-0.440988071335295	-0.351595458864948	-0.844226694190281	-0.725573799233141	-0.749351119977985	-0.491100538682876
GLU17P	-0.925881446715727	-1.29817104949997	-0.777132836594136	-1.11563413494754	-0.511124494534085	-0.506005552335375	-0.4442357492692	-1.16531829463341	-0.227069427428911	-0.992122312327479	-0.338599732524311	-0.351595458864948	0.470989629390367	-0.725573799233141	0.136109684467059	-0.906431279968966
VAL104N	-0.925881446715727	-0.319168168857954	-0.640046233714599	0.19851818319419	-0.592836677841459	-0.506005552335375	-1.48783719199684	-1.16531829463341	-1.28832022509666	-0.807309093668616	-0.440988071335295	-0.351595458864948	-0.844226694190281	-0.725573799233141	-0.749351119977985	-0.491100538682876
LYS60M	-0.925881446715727	-0.80866960917896	-0.640046233714599	-0.552425998601086	-0.511124494534085	-0.367010385015355	-0.4442357492692	-0.573664409193462	-0.109152672132494	-0.437682656350889	-0.338961528774526	-0.18890593785619	-0.186618532399957	0.0758062178303281	-0.306620717755463	-0.491100538682876
LYS90M	-0.459791466736382	-0.80866960917896	-0.502959630835061	-0.740162044049905	-0.471856448845736	-0.394612262213657	0.0775649720946223	-0.573664409193462	-0.227069427428911	-0.807309093668616	-0.440988071335295	-0.351595458864948	-0.844226694190281	-0.725573799233141	-0.749351119977985	-0.491100538682876
ASP75O	-1.39197142669507	-0.80866960917896	-1.59965245387136	-1.11563413494754	-0.592836677841459	-0.506005552335375	-1.48783719199684	-1.16531829463341	-1.28832022509666	-0.807309093668616	-0.440988071335295	-0.351595458864948	-0.844226694190281	-0.725573799233141	-0.749351119977985	-0.491100538682876
GLN61O	-0.459791466736382	0.170333271463053	-0.502959630835061	0.0107821377453714	-0.476476218926718	-0.307370614640453	0.0775649720946223	0.609643361686431	0.0087640831639229	0.301570218284564	-0.440988071335295	-0.351595458864948	-0.844226694190281	-0.725573799233141	-0.749351119977985	-0.491100538682876
LEU25R	-1.39197142669507	-1.29817104949997	-1.46256585099183	-1.11563413494754	-0.511124494534085	-0.506005552335375	-0.966036470633022	-1.16531829463341	-1.17040346980025	-0.992122312327479	-0.440988071335295	-0.351595458864948	-0.844226694190281	-0.725573799233141	-0.749351119977985	-0.491100538682876
LYS100O	-1.39197142669507	-0.80866960917896	-1.59965245387136	-1.11563413494754	-0.592836677841459	-0.506005552335375	-1.48783719199684	-1.16531829463341	-1.28832022509666	-0.807309093668616	-0.440988071335295	-0.351595458864948	-0.844226694190281	-0.725573799233141	-0.749351119977985	-0.491100538682876
LEU46M	-1.39197142669507	-0.80866960917896	-0.914219439473674	-0.364689953152267	-0.511124494534085	-0.436261523343237	-0.966036470633022	-0.573664409193462	-0.698736448614578	-0.252869437692026	-0.440988071335295	-0.351595458864948	-0.844226694190281	-0.725573799233141	-0.749351119977985	-0.491100538682876
LYS500M	-1.85806140667442	-1.29817104949997	-1.7367390567509	-1.11563413494754	-0.592836677841459	-0.506005552335375	-1.48783719199684	-1.16531829463341	-1.28832022509666	-0.807309093668616	-0.440988071335295	-0.351595458864948	-0.844226694190281	-0.725573799233141	-0.749351119977985	-0.491100538682876
LYS47M	-1.85806140667442	-1.29817104949997	-1.7367390567509	-1.11563413494754	-0.592836677841459	-0.506005552335375	-1.48783719199684	-1.16531829463341	-1.28832022509666	-0.807309093668616	-0.440988071335295	-0.351595458864948	-0.844226694190281	-0.725573799233141	-0.749351119977985	-0.491100538682876
LYS24P	-1.85806140667442	-1.29817104949997	-1.7367390567509	-1.11563413494754	-0.592836677841459	-0.506005552335375	-1.48783719199684	-1.16531829463341	-1.28832022509666	-0.807309093668616	-0.440988071335295	-0.351595458864948	-0.844226694190281	-0.725573799233141	-0.749351119977985	-0.491100538682876
LEU25P	-1.85806140667442	-1.29817104949997	-1.7367390567509	-1.11563413494754	-0.592836677841459	-0.506005552335375	-1.48783719199684	-1.16531829463341	-1.28832022509666	-0.807309093668616	-0.440988071335295	-0.351595458864948	-0.844226694190281	-0.725573799233141	-0.749351119977985	-0.491100538682876
LYS100N	-1.85806140667442	-1.29817104949997	-1.7367390567509	-1.11563413494754	-0.592836677841459	-0.506005552335375	-1.48783719199684	-1.16531829463341	-1.28832022509666	-0.807309093668616	-0.440988071335295	-0.351595458864948	-0.844226694190281	-0.725573799233141	-0.749351119977985	-0.491100538682876
LYS47O	-1.85806140667442	-1.29817104949997	-1.7367390567509	-1.11563413494754	-0.592836677841459	-0.506005552335375	-1.48783719199684	-1.16531829463341	-1.28832022509666	-0.807309093668616	-0.440988071335295	-0.351595458864948	-0.844226694190281	-0.725573799233141	-0.749351119977985	-0.491100538682876
LYS65O	-1.85806140667442	-1.29817104949997	-1.7367390567509	-1.11563413494754	-0.592836677841459	-0.506005552335375	-1.48783719199684	-1.16531829463341	-1.28832022509666	-0.807309093668616	-0.440988071335295	-0.351595458864948	-0.844226694190281	-0.725573799233141	-0.749351119977985	-0.491100538682876
LYS24R	-1.85806140667442	-1.29817104949997	-1.7367390567509	-1.11563413494754	-0.592836677841459	-0.506005552335375	-1.48783719199684	-1.16531829463341	-1.28832022509666	-0.807309093668616	-0.440988071335295	-0.351595458864948	-0.844226694190281	-0.725573799233141	-0.749351119977985	-0.491100538682876
ILE501M	-1.85806140667442	-1.29817104949997	-1.7367390567509	-1.11563413494754	-0.592836677841459	-0.506005552335375	-1.48783719199684	-1.16531829463341	-1.28832022509666	-0.807309093668616	-0.440988071335295	-0.351595458864948	-0.844226694190281	-0.725573799233141	-0.749351119977985	-0.491100538682876
LEU106O	-1.85806140667442	-1.29817104949997	-1.7367390567509	-1.11563413494754	-0.592836677841459	-0.506005552335375	-1.48783719199684	-1.16531829463341	-1.28832022509666	-0.807309093668616	-0.440988071335295	-0.351595458864948	-0.844226694190281	-0.725573799233141	-0.749351119977985	-0.491100538682876
