Degree	Degree_sidechain	SecondOrderDegree	SecondOrderDegree_sidechain	NodeEdgeBetweennessSTRIDE	NodeEdgeBetweennessSTRIDE_sidechain	IntermodularDegreeSTRIDE	IntermodularDegreeSTRIDE_sidechain	SecondOrderIntermodularDegreeSTRIDE	SecondOrderIntermodularDegreeSTRIDE_sidechain	NodeEdgeBetweennessWALKTRAP	NodeEdgeBetweennessWALKTRAP_sidechain	IntermodularDegreeWALKTRAP	IntermodularDegreeWALKTRAP_sidechain	SecondOrderIntermodularDegreeWALKTRAP	SecondOrderIntermodularDegreeWALKTRAP_sidechain
ARG102A	7	6	16	7	9029	3987.00241567991	6	6	13	9	4277	1538.04978073954	4	3	7	4
ASN118A	4	3	10	7	486	48.1776896193388	2	2	5	5	65	31.8629403166658	2	2	3	3
PHE235A	6	4	20	9	2382	731.369058747527	4	3	11	4	1882	731.369058747527	3	3	4	3
VAL213A	5	5	17	11	1499	1391.65692102938	3	3	8	4	1499	1391.65692102938	3	3	4	2
HIS104A	9	7	37	22	5852	3145.81467839995	8	7	46	30	1596	861.215584203479	3	3	13	10
THR97A	7	7	22	17	7154	6021.61519888952	7	7	30	23	4713	3580.61519888952	4	4	9	5
ILE96A	6	2	23	7	544	104.301697655368	5	2	20	3	634	1	4	1	7	0
LEU19A	6	5	25	17	1837	942	5	4	21	10	93	93	2	2	3	0
ASN229A	2	2	3	3	1	1	1	1	1	1	232	163.955914744472	2	2	3	3
LYS227A	4	4	7	6	841	422.661101697469	3	3	8	7	1072	490.705186952997	4	4	4	4
GLY244A	4	4	12	8	316	252.347625489013	4	4	12	7	195	195	2	2	4	0
ILE245A	7	3	12	4	997	110.223517529659	6	3	15	4	1060	1	5	1	6	0
ASN77A	8	5	30	16	5646	2379.99469403881	8	5	40	18	3138	1942.58982469319	5	4	15	9
ILE24A	15	6	37	15	5072	258	14	6	73	19	1930	258	8	6	23	14
GLU120A	4	2	16	5	6734	2535.54137599005	3	2	11	5	4730	2535.54137599005	3	2	6	2
VAL133A	8	7	22	12	6488	5989.5	7	6	24	12	3340	3105.5	5	5	10	6
GLU121A	4	4	8	6	628	289.908843270405	3	3	7	6	692	323.045902953739	4	4	5	4
ALA79A	7	7	28	21	437	312.054990040507	5	5	28	16	660	535.054990040507	5	5	15	10
HIS80A	9	6	33	19	7106	3395.91142907355	8	6	51	24	1	1	3	3	9	7
LEU210A	8	7	33	26	2173	1962.5	6	5	23	15	1140	366.430271335453	3	2	5	2
PRO200A	11	9	37	26	6487	2447.40691843356	6	5	26	18	1	1	3	2	6	1
THR20A	8	7	32	20	3727	1938.169216907	7	6	42	26	3727	1938.169216907	7	6	18	14
GLY21A	8	8	29	22	3308	2225.78110132346	8	8	46	29	865	865	3	3	8	5
GLY23A	8	7	26	23	1581	486.353595572998	6	5	32	22	1	1	1	1	1	1
LEU82A	6	5	20	13	2685	1154.39810711216	4	4	10	8	2685	1154.39810711216	4	4	7	7
VAL239A	7	6	21	13	1031	714	4	4	13	8	1031	714	3	3	5	4
ASP101A	6	5	26	18	563	289.498419427968	4	3	21	13	281	233.14062813274	3	3	8	7
SER25A	8	6	29	20	310	83.6422087047723	8	6	46	23	1	1	3	3	7	7
VAL204A	8	5	25	15	279	235.5	5	3	18	6	271	235.5	4	4	5	3
ALA181A	9	7	26	19	232	118.915655573378	8	6	34	19	232	118.915655573378	4	4	14	12
LEU177A	8	6	24	10	1412	661.345876843227	6	5	22	9	970	440.345876843227	4	4	7	5
ALA197A	8	6	29	17	3842	3833.31866950124	6	5	24	13	1607	1607	3	3	4	1
VAL192A	6	6	17	13	846	673.594142603034	6	6	20	13	273	130.605687839239	3	3	4	2
VAL193A	8	6	19	8	1252	586.394312160761	7	5	22	8	691	25.3943121607608	4	2	7	2
ASN158A	3	2	6	3	232	116.5	3	2	6	2	232	116.5	2	2	3	3
SER13A	6	6	18	17	1022	456.514853969078	4	4	16	13	1022	456.514853969078	3	3	7	7
SER182A	6	4	16	9	1260	563.671624137498	5	4	16	9	837	563.671624137498	4	4	9	8
TYR194A	5	1	17	1	2084	1	4	1	13	0	953	1	2	1	2	0
MET184A	8	6	32	20	6209	3169.03373892257	6	6	22	19	3206	1789.94065735613	6	5	13	7
MET230A	4	3	10	5	1732	1192	4	3	8	2	1	1	1	1	1	1
GLU87A	7	5	17	11	3664	2180.18370248935	7	5	23	9	1	1	1	1	1	1
VAL95A	8	8	26	19	3090	1634.87129941959	6	6	28	23	347	347	3	3	9	5
ARG180A	6	4	21	13	123	35.0508363659732	3	2	13	5	123	35.0508363659732	2	2	6	5
ILE212A	8	6	25	17	626	408.240662081273	5	5	19	14	1	1	2	1	2	0
ILE155A	9	6	28	17	4196	3089.68824859959	9	6	40	17	2349	1249.68824859959	5	3	13	4
PRO146A	7	6	24	20	4189	2909.72904836631	6	5	32	20	3799	2773.31175140041	4	3	11	3
GLY207A	4	4	13	12	1144	798.893109219097	4	4	12	9	1	1	1	1	1	1
GLY208A	7	7	22	18	2328	1386.55243568482	7	7	26	17	142	142	2	2	3	0
ALA236A	8	8	21	18	1248	623.501474649607	4	4	11	9	3128	2503.50147464961	4	4	11	9
VAL232A	8	6	27	20	2936	2540.61058981476	6	5	32	19	2492	291.610589814759	5	3	11	6
MET3A	5	4	14	7	696	696	5	4	12	4	452	452	3	3	3	0
TYR228A	7	3	17	3	1512	232	6	3	18	2	847	1	3	1	4	0
GLY188A	8	8	28	24	5214	4437.9381834256	8	8	42	24	3131	3131	4	4	7	2
PHE6A	7	3	27	5	3268	587.185698043341	7	3	27	5	1183	163.974020223095	3	2	4	2
PRO219A	5	5	15	13	33	28	3	3	8	6	1	1	1	1	1	1
THR218A	8	8	22	15	575	306.086268979236	6	6	23	14	1	1	1	1	1	1
LEU72A	6	5	17	12	540	270.5	4	4	13	11	528	264.5	3	3	6	6
PHE69A	8	4	23	12	4623	624.390045721792	6	4	20	9	3030	198.086885516326	4	3	8	4
ASN214A	6	4	19	11	1750	690.150623653802	5	4	18	10	1355	431	3	2	5	0
GLY216A	5	5	10	7	850	536.195628019403	4	4	9	5	503	448.346251673206	3	3	5	3
GLY67A	4	4	10	3	1	1	1	1	1	1	1	1	1	1	1	1
PHE63A	6	3	18	3	731	9.10272982680385	3	2	7	2	1	1	1	1	1	1
ARG205A	3	2	8	2	1	1	1	1	1	1	187	73.7711628312394	2	2	1	1
LEU201A	4	3	12	2	1	1	1	1	1	1	187	114.228837168761	2	2	1	1
ARG237A	5	3	14	3	762	1	2	1	4	0	1	1	1	1	1	1
GLU234A	5	2	11	2	693	1	3	1	7	0	1	1	1	1	1	1
ASP150A	4	3	10	3	1	1	2	2	4	0	1	1	1	1	1	1
CYS148A	9	8	22	13	923	164.487219482143	6	5	27	13	1	1	1	1	1	1
SER178A	6	4	21	12	367	79.0058709022431	4	3	15	10	314	79.0058709022431	2	2	5	4
ILE159A	5	3	21	8	482	160	3	2	12	2	482	223.15487274466	4	2	9	2
PRO157A	8	8	24	15	1441	1378.54567614029	6	6	26	13	400	149.77738432668	3	3	8	4
SER246A	2	2	6	3	1	1	1	1	1	1	232	232	2	2	4	0
ARG238A	5	3	9	1	245	1	2	1	4	0	1	1	1	1	1	1
GLU242A	4	2	10	2	421	1	2	1	2	0	421	1	2	1	2	0
ARG14A	4	3	11	8	218	104.210862140587	2	2	4	3	218	104.210862140587	2	2	3	3
PHE48A	5	3	15	3	404	112.270827004211	4	3	10	2	90	1	2	1	3	0
PRO27A	9	9	29	24	646	428.659805267841	7	7	41	25	184	58.6598052678409	3	3	7	5
ALA107A	9	8	28	23	1873	1471.00614641258	6	5	21	13	1	1	1	1	1	1
VAL81A	6	4	21	9	403	1	3	2	12	4	1	1	1	1	1	1
GLN105A	5	4	16	11	3830	2334.82585175154	5	4	19	12	1	1	1	1	1	1
GLY108A	6	6	16	14	360	273.90849923586	6	6	17	10	1	1	1	1	1	1
ALA22A	6	4	18	11	959	657.811677269121	5	3	20	7	1	1	1	1	1	1
THR26A	6	5	20	15	262	259	5	4	16	6	1	1	1	1	1	1
LEU78A	6	3	18	5	1391	762	5	3	12	2	224	1	2	1	4	0
VAL233A	8	5	22	12	1767	1486.63967587335	5	4	21	12	1067	874.639675873349	4	3	10	5
ASP231A	5	4	15	10	348	277	5	4	14	7	1	1	2	2	4	2
LEU215A	5	3	12	5	1042	612	4	3	11	5	583	1	3	1	4	0
ASP135A	3	3	10	7	232	55.298731217783	3	3	9	6	1	1	2	2	2	0
TYR131A	7	4	19	8	1211	381.851805620845	6	4	21	6	210	1	3	1	2	0
ILE30A	8	5	25	16	3225	2124.51302827838	7	5	29	16	2886	1981.51302827838	4	4	11	9
PRO31A	3	3	9	8	1	1	2	2	4	4	1	1	1	1	1	1
ASP144A	4	1	11	1	167	1	2	1	6	0	1	1	1	1	1	1
LEU140A	8	8	20	16	535	425.601489833973	7	7	23	14	354	244.601489833973	3	3	7	3
THR16A	7	7	23	20	2588	1851.32301518771	6	6	24	19	1987	1250.32301518771	5	5	16	11
VAL17A	7	7	24	21	1840	1058.15412315677	5	5	23	19	1840	1058.15412315677	5	5	17	15
PHE220A	7	2	25	6	1908	1	5	2	20	4	1	1	1	1	1	1
CYS124A	7	7	17	14	1684	1328.80129764441	7	7	25	17	1	1	1	1	1	1
VAL125A	6	5	19	13	3106	2452	5	4	23	10	1605	1605	2	2	5	4
ALA94A	7	4	23	6	352	70.5	6	4	23	5	66	33.5	2	2	3	3
ASP49A	5	4	9	3	820	748	5	4	9	2	455	383	4	3	3	0
ASP51A	4	3	8	6	73	73	2	2	4	3	73	73	2	2	3	2
GLU114A	5	3	16	7	4830	613.105217895567	5	3	19	8	1	1	1	1	1	1
SER109A	4	1	13	1	430	1	4	1	13	0	1	1	1	1	1	1
VAL112A	7	7	20	14	4106	3446.93860579319	6	6	24	16	1	1	2	2	3	1
GLN98A	5	3	18	7	9768	2726.15596630721	5	3	20	7	5063	1	3	1	5	0
LEU226A	9	7	21	9	1628	1310.37940293973	8	6	27	11	226	166.603135047775	3	2	2	1
THR225A	4	3	15	6	231	65.3968649522255	3	3	11	5	226	60.3968649522255	2	2	2	1
SER189A	8	4	28	8	10466	3920.95555399266	8	4	38	8	2710	1	3	1	5	0
GLU164A	6	4	20	10	9594	1522.48082362183	6	4	29	11	4183	1046.48082362183	3	3	7	6
GLY163A	4	4	9	5	784	784	4	4	11	4	1	1	1	1	1	1
ARG156A	11	8	24	12	4671	2091.2081202207	9	6	34	11	4660	2091.2081202207	6	5	12	7
PHE161A	8	4	23	9	948	322.743135388683	8	4	36	10	472	322.743135388683	6	4	12	4
ALA64A	7	7	20	11	1594	1167.69683979453	2	2	5	3	1	1	1	1	1	1
TYR61A	9	5	32	18	2208	1	8	5	42	16	2208	1	5	2	12	2
SER190A	5	3	16	10	232	26.0115452362053	4	2	14	5	1	1	1	1	1	1
GLU66A	4	1	8	1	403	1	3	1	6	0	1	1	1	1	1	1
TYR43A	4	3	8	2	244	110.027842106312	4	3	7	1	1	1	1	1	1	1
LEU191A	9	6	30	17	7280	2203.11936184609	8	6	35	16	1	1	1	1	1	1
ALA84A	7	7	19	18	224	218.41521211239	4	4	13	9	1	1	1	1	1	1
LYS65A	3	1	8	1	232	1	2	1	3	0	1	1	1	1	1	1
PRO70A	6	6	17	8	769	769	4	4	7	1	1	1	1	1	1	1
GLU58A	4	3	14	5	656	83.3996085361564	3	2	8	2	481	1	2	1	3	0
PRO57A	8	6	20	8	2290	2102	7	5	21	6	189	1	3	1	5	0
GLY29A	5	5	13	11	392	392	5	5	15	10	1	1	1	1	1	1
LEU147A	7	5	20	12	710	260.498998992199	7	5	26	9	50	18.4989989921993	4	3	9	5
LYS139A	4	3	13	6	232	8.00327972271977	4	3	16	6	232	8.00327972271977	4	3	8	3
VAL186A	9	9	36	26	587	568.5	6	6	28	19	493	493	2	2	4	1
ASN99A	6	4	24	14	4026	1252.11544240882	5	4	33	17	2053	1	2	1	3	0
LEU183A	10	8	30	21	822	454.992445687811	8	6	31	15	608	259.992445687811	5	4	15	8
LEU83A	6	5	28	14	268	134.5	5	5	31	21	127	64	3	3	13	10
GLY117A	6	6	10	7	642	642	5	5	13	6	1	1	1	1	1	1
PHE53A	6	4	21	14	278	38.2439677607722	6	4	30	13	225	13.4673000222089	3	2	7	2
CYS127A	6	6	13	12	589	273.71148287345	5	5	19	14	1	1	1	1	1	1
ARG379P	3	2	9	2	232	114.724184677113	3	2	6	1	172	114.724184677113	2	2	1	1
GLU198A	5	3	17	2	172	58.2758153228873	2	2	2	1	172	58.2758153228873	2	2	1	1
CYS151A	7	7	14	12	410	263.763932908085	5	5	18	12	1	1	1	1	1	1
VAL47A	6	6	13	10	1244	1244	5	5	10	6	1	1	1	1	1	1
LEU103A	11	10	27	16	2221	695.543073448086	9	9	38	24	250	48.8593718672599	6	6	14	12
LEU154A	5	4	21	13	544	223.532699977791	5	4	23	12	229	216.532699977791	3	3	4	1
HIS56A	5	3	11	3	1164	93.6003914638436	5	3	13	1	1	1	1	1	1	1
HIS380P	2	1	5	1	232	1	2	1	4	0	1	1	1	1	1	1
LEU166A	6	5	18	16	1425	845	5	5	21	17	1	1	1	1	1	1
PHE162A	4	1	12	1	1142	1	4	1	13	0	1	1	1	1	1	1
LEU199A	8	6	28	10	1354	557.942977873572	7	6	23	10	817	28.5	4	2	11	4
VAL145A	8	6	20	14	545	512.501001007801	5	4	20	9	530	512.501001007801	4	4	6	2
ILE100A	5	3	17	3	764	297	5	3	16	3	275	138	3	2	5	1
HIS116A	4	2	15	3	9022	4394	4	2	16	2	8552	4394	3	2	4	0
MET240A	6	3	17	5	1484	1264.43483838297	5	3	15	5	1484	1264.43483838297	3	3	7	3
LEU86A	5	5	12	6	307	154	4	4	10	5	69	35	2	2	1	1
ILE185A	8	4	30	8	2374	1275.07552105707	5	4	19	9	1920	334.287198877313	5	2	9	4
THR18A	7	7	22	18	630	457.012931893822	6	6	22	18	58	58	2	2	4	1
PHE60A	4	3	15	8	224	71.9345207324596	3	3	12	8	161	51.3246075399767	2	2	5	3
GLU5A	3	3	10	7	676	171.72373210804	3	3	10	7	1	1	1	1	1	1
LYS111A	5	2	17	1	3006	612.202429046188	5	2	18	1	746	612.202429046188	2	2	4	1
ARG126A	5	1	11	1	232	1	4	1	15	0	1	1	1	1	1	1
VAL160A	9	9	23	18	9442	9131.5	9	9	33	19	4322	4322	3	3	5	2
GLU134A	3	1	11	1	18	1	2	1	4	0	1	1	1	1	1	1
SER28A	6	3	21	4	944	491.110694165617	5	3	21	4	712	491.110694165617	4	3	11	3
LEU383P	5	4	9	2	683	683	4	3	10	0	1	1	1	1	1	1
ARG106A	5	3	17	12	1970	1912	3	2	9	4	1912	1912	2	2	4	3
ALA174A	9	8	22	13	279	161.25532447106	4	4	17	10	135	135	5	5	12	7
SER55A	4	2	10	3	500	1	3	1	10	0	1	1	1	1	1	1
GLU241A	2	1	4	1	1	1	1	1	1	1	1	1	1	1	1	1
GLY243A	6	6	15	11	262	128.25330169543	4	4	10	7	141	64.6009271844427	3	3	6	2
ASN152A	3	1	10	1	232	1	2	1	6	0	1	1	1	1	1	1
ILE223A	6	3	19	5	707	471.5	5	3	18	3	72	36.5	2	2	3	3
MET71A	7	3	27	4	3188	1407	6	3	24	3	1791	138	3	2	5	1
ILE50A	5	5	15	10	1405	1205.81108358396	4	4	20	11	1405	1205.81108358396	3	3	7	5
TYR54A	4	2	16	7	1087	1	3	2	14	5	1	1	1	1	1	1
THR132A	6	5	18	11	513	458.701268782217	5	4	14	7	210	210	2	2	2	0
ALA74A	7	6	20	14	3770	1394.48697172162	6	5	22	14	3281	905.486971721617	5	4	11	8
GLY176A	7	7	17	13	1	1	1	1	1	1	1	1	2	2	4	1
ILE92A	5	4	17	13	1446	788.832972000771	5	4	21	14	1	1	1	1	1	1
ASN46A	3	1	5	1	358	1	3	1	6	0	294	1	2	1	3	0
LEU187A	5	3	30	11	554	1	3	1	20	0	1004	451	4	2	14	1
ILE68A	8	3	21	4	2501	195.626443168985	5	2	16	2	1	1	1	1	1	1
ILE175A	5	2	15	2	516	1	2	1	6	0	166	111.416211794729	2	2	2	1
VAL119A	7	6	23	11	848	842	6	5	22	8	881	881	4	3	8	2
LEU9A	5	4	20	10	262	129	5	4	23	10	25	25	2	2	3	0
LYS209A	5	1	16	1	312	1	5	1	19	0	307	1	4	1	6	0
VAL211A	8	8	31	24	820	728	6	6	29	17	941	575.569728664547	3	3	3	1
PRO167A	5	5	18	18	445	223	4	4	17	14	1	1	1	1	1	1
VAL136A	8	8	22	20	1980	1843.5827030341	6	6	29	17	1590	1590	4	4	10	3
PRO76A	6	4	18	8	235	155.670142239175	5	3	22	5	1	1	1	1	1	1
THR203A	6	6	22	19	2362	1547.10792683771	5	5	21	18	1233	889.553471741629	2	2	5	4
LYS89A	3	2	8	2	304	43.7764824703414	3	2	8	2	1	1	1	1	1	1
GLY90A	4	4	8	7	682	682	4	4	10	6	1	1	1	1	1	1
LEU91A	3	2	6	4	322	104	3	2	6	3	1	1	1	1	1	1
SER143A	4	3	11	6	1	1	2	1	6	0	1	1	1	1	1	1
ALA196A	6	6	24	17	971	662.950448352807	5	5	22	14	632	333.495215426457	4	4	8	6
MET384P	4	2	12	5	237	119	3	2	11	5	237	119	2	2	2	2
LEU10A	4	3	17	6	280	67	4	3	14	6	69	35	2	2	1	1
LYS75A	5	1	16	1	227	1	3	1	12	0	210	1	3	1	7	0
SER179A	4	3	11	8	3	1	2	1	2	0	1	1	1	1	1	1
SER44A	3	2	6	1	232	65	3	2	6	0	1	1	1	1	1	1
PRO195A	7	7	15	10	1945	1510	6	6	13	7	468	217.504784573543	2	2	3	3
LEU15A	9	7	19	14	380	120.533508060649	7	6	25	15	380	120.533508060649	7	6	17	12
ASP149A	5	3	12	4	246	35.1449146564348	3	3	8	5	9	1.99672027728023	2	2	3	2
SER206A	4	3	5	3	461	3	3	2	4	0	1	1	1	1	1	1
GLN73A	3	2	10	5	490	1	2	1	5	0	1	1	1	1	1	1
ARG62A	3	3	4	2	67	48.972157893688	2	2	3	2	1	1	1	1	1	1
LEU171A	5	3	18	6	113	57	2	2	5	5	166	55.5837882052714	3	2	5	1
LYS129A	5	1	12	1	256	1	5	1	15	0	1	1	1	1	1	1
GLU93A	4	1	16	1	232	1	4	1	16	0	195	1	3	1	9	0
GLU217A	4	1	11	1	232	1	4	1	13	0	1	1	1	1	1	1
LYS381P	4	2	9	1	690	228	4	2	10	0	1	1	1	1	1	1
TYR123A	2	2	10	7	232	119.499972573504	2	2	8	5	232	119.499972573504	2	2	5	4
TYR122A	6	2	22	4	2676	1	6	2	28	3	1422	1	3	1	7	0
ASP221A	6	5	17	12	1276	482.095110461286	6	5	19	11	491	123.992646629325	2	2	3	3
ASN11A	2	2	3	3	1	1	1	1	1	1	1	1	1	1	1	1
LEU7A	4	3	7	6	561	497.399072815557	3	3	4	3	561	497.399072815557	3	3	3	2
ASP32A	4	2	9	1	645	1	3	1	8	0	232	232	2	2	1	0
PHE33A	2	1	3	1	1	1	1	1	1	1	232	1	2	1	1	0
ILE137A	4	3	14	6	231	114.311624649701	3	3	8	6	231	114.311624649701	3	3	5	4
GLU173A	5	2	14	1	1314	134.797570953812	3	2	7	1	1406	134.797570953812	5	2	9	1
ILE113A	5	3	16	6	1298	790	4	3	9	5	856	569	4	2	7	1
ALA224A	7	6	23	17	287	217.57060510753	6	5	25	15	1	1	2	2	2	1
LEU115A	8	5	26	13	448	305.5	8	5	32	13	415	305.5	5	5	13	8
ASN165A	3	1	10	1	232	1	3	1	11	0	1	1	1	1	1	1
ALA170A	6	5	14	8	513	400.5	3	3	6	5	330	288	3	2	7	1
LYS2A	2	1	6	1	232	1	2	1	5	0	1	1	1	1	1	1
PHE52A	5	3	10	4	1259	983	4	3	9	2	1	1	1	1	1	1
MET1A	4	3	11	7	232	112.5	4	3	13	7	9	1	2	1	2	0
ASP8A	2	2	1	1	1	1	1	1	1	1	1	1	1	1	1	1
LYS4A	2	2	1	1	1	1	1	1	1	1	1	1	1	1	1	1
GLU59A	3	2	5	2	511	1	2	1	3	0	1	1	1	1	1	1
LYS85A	3	1	9	1	1	1	1	1	1	1	1	1	1	1	1	1
ASP222A	2	2	5	3	1	1	1	1	1	1	1	1	1	1	1	1
LYS110A	3	1	10	1	232	1	3	1	11	0	1	1	1	1	1	1
GLU128A	2	1	5	1	1	1	1	1	1	1	1	1	1	1	1	1
SER153A	6	3	14	6	952	144.236067091915	6	3	23	4	1	1	1	1	1	1
PHE385P	2	1	4	1	232	1	2	1	3	0	1	1	1	1	1	1
ASP169A	2	1	5	1	1	1	1	1	1	1	1	1	1	1	1	1
ILE202A	2	1	3	1	1	1	1	1	1	1	1	1	1	1	1	1
GLU12A	1	1	1	1	1	1	1	1	1	1	1	1	1	1	1	1
GLN45A	1	1	1	1	1	1	1	1	1	1	1	1	1	1	1	1
GLU88A	1	1	1	1	1	1	1	1	1	1	1	1	1	1	1	1
LYS130A	1	1	1	1	1	1	1	1	1	1	1	1	1	1	1	1
LYS138A	1	1	1	1	1	1	1	1	1	1	1	1	1	1	1	1
GLU141A	1	1	1	1	1	1	1	1	1	1	1	1	1	1	1	1
SER142A	1	1	1	1	1	1	1	1	1	1	1	1	1	1	1	1
GLN168A	1	1	1	1	1	1	1	1	1	1	1	1	1	1	1	1
ARG172A	1	1	1	1	1	1	1	1	1	1	1	1	1	1	1	1
