Degree	Degree_sidechain	SecondOrderDegree	SecondOrderDegree_sidechain	NodeEdgeBetweennessSTRIDE	NodeEdgeBetweennessSTRIDE_sidechain	IntermodularDegreeSTRIDE	IntermodularDegreeSTRIDE_sidechain	SecondOrderIntermodularDegreeSTRIDE	SecondOrderIntermodularDegreeSTRIDE_sidechain	NodeEdgeBetweennessWALKTRAP	NodeEdgeBetweennessWALKTRAP_sidechain	IntermodularDegreeWALKTRAP	IntermodularDegreeWALKTRAP_sidechain	SecondOrderIntermodularDegreeWALKTRAP	SecondOrderIntermodularDegreeWALKTRAP_sidechain
CYS229A	-0.187258751839455	-0.0104332441576551	-0.16833368950418	-0.232864731375768	-0.0981288288973863	0.103093002573209	0.460529486464306	0.483461414964044	-0.147795070402287	0.126181938220361	-0.613043642298662	-0.502632125496929	-0.469481435191103	-0.948827388230631	-0.551424356028822	-1.03477470126477
TRP146A	0.77367431681038	-0.519053896843344	0.350639740587758	-0.939613721543467	0.478588284684514	-0.249862945519135	0.460529486464306	-0.120865353741011	-0.0487571366275588	-0.587020321286027	0.273958133961104	-0.502632125496929	0.153300060470564	-0.948827388230631	-0.551424356028822	-1.03477470126477
ARG273A	0.77367431681038	-0.519053896843344	1.38858660077163	-0.0561774838338429	-0.403363331760072	-0.239349480891803	0.460529486464306	-0.120865353741011	-0.0487571366275588	-0.052118626656236	0.133051566075267	-0.286170257598259	1.3988630517939	-0.181103982815805	1.69263302328847	0.111708632522901
ASP281A	-0.187258751839455	-0.0104332441576551	0.350639740587758	-0.232864731375768	-0.573590266048877	-0.514561773426173	-0.559961989223644	-0.120865353741011	-0.543946805501202	-0.052118626656236	-0.613043642298662	-0.502632125496929	0.153300060470564	-0.181103982815805	0.196594770410276	0.111708632522901
ARG196A	0.77367431681038	0.498187408528034	1.25884324324865	0.650571506333856	0.259934722537687	0.134025313011389	0.970775224308281	1.0877881836691	1.04066013489446	1.55258645723314	-0.276489825477813	5.36589899546107e-06	0.153300060470564	-0.181103982815805	0.196594770410276	0.111708632522901
ASP184A	-0.187258751839455	0.498187408528034	-0.0385903319811955	0.297197011250007	-0.211124293899438	-0.421575825637425	-0.0497162513796692	0.483461414964044	0.347394598471356	1.19598532747994	0.0752697360789166	-0.304737770606984	0.776081556132231	1.35434282801385	0.196594770410276	0.876030855048015
CYS242A	0.77367431681038	0.498187408528034	0.480383098110743	0.120509763708082	-0.547175741762683	-0.459046698136748	0.460529486464306	0.483461414964044	0.941622201119728	1.01768476260335	-0.469095925465648	-0.424225707050251	-0.469481435191103	-0.181103982815805	0.196594770410276	0.493869743785458
HIS179A	0.77367431681038	0.498187408528034	0.610126455633727	0.120509763708082	2.10308152828544	-0.0872893471099551	1.48102096215226	1.0877881836691	1.33777393621864	1.01768476260335	1.54921325914372	-0.386272230087383	1.3988630517939	0.586619422599021	1.5056282416787	0.493869743785458
ARG202A	-0.667725286164373	-0.519053896843344	-0.817050477119103	-1.11630096908539	-0.0130153617529836	0.160048121443757	-0.559961989223644	-0.120865353741011	-1.03913647437485	-0.765320886162624	0.348973141324787	0.530777468769107	0.153300060470564	0.586619422599021	-0.551424356028822	0.111708632522901
GLU221A	-0.667725286164373	-1.02767454952903	-0.946793834642088	-1.11630096908539	-0.419505541046079	-0.513345258599443	-0.559961989223644	-0.725192122446067	-0.74202267305066	-0.765320886162624	-0.21262569758711	-0.436566523761754	-0.469481435191103	-0.181103982815805	-0.738429137638596	-0.270452478739656
GLN104A	-0.667725286164373	-0.519053896843344	-0.298077047027165	-0.0561774838338429	-0.620549420335444	-0.520475948445507	-0.559961989223644	-0.120865353741011	-0.147795070402287	0.482783067973555	-0.613043642298662	-0.502632125496929	-1.09226293085277	-0.948827388230631	-0.92543391924837	-0.652613590002213
GLY108A	1.2541408511353	1.51542871389941	0.350639740587758	0.120509763708082	-0.0753829885398304	0.119391265914083	1.48102096215226	1.69211495237416	1.23873600244391	1.01768476260335	-0.613043642298662	-0.502632125496929	-1.09226293085277	-0.948827388230631	-0.92543391924837	-0.652613590002213
ARG175A	0.77367431681038	1.00680806121372	0.869613170679697	0.827258753875781	1.8389362854235	3.35012754306837	1.48102096215226	1.69211495237416	1.63488773754283	1.55258645723314	1.45899250704415	2.74642333526123	0.153300060470564	0.586619422599021	0.196594770410276	0.876030855048015
GLY279A	1.73460738546022	2.53267001927079	1.51832995829462	2.59413122929503	-0.542773321048317	-0.312650542170794	-0.0497162513796692	0.483461414964044	-0.147795070402287	0.304482503096958	-0.546138365460782	-0.407941477395612	1.3988630517939	2.12206623342867	0.570604333629824	1.25819196631057
THR118A	0.293207782485462	-0.0104332441576551	0.0911530255417891	-0.0561774838338429	0.466848496112873	0.148023634545127	0.970775224308281	0.483461414964044	-0.0487571366275588	0.126181938220361	0.41283726921549	0.500910355410483	0.153300060470564	0.586619422599021	-0.177414792809273	0.493869743785458
PRO128A	-0.667725286164373	-0.0104332441576551	-0.817050477119103	-0.586239226459617	-0.396025963902796	-0.0652281849989576	-0.559961989223644	-0.120865353741011	-0.444908871726474	-0.587020321286027	-0.613043642298662	-0.502632125496929	-1.09226293085277	-0.948827388230631	-0.92543391924837	-0.652613590002213
TYR126A	0.77367431681038	-1.02767454952903	0.480383098110743	-0.939613721543467	1.33706032398582	0.632538930457959	0.970775224308281	-0.725192122446067	0.446432532246085	-0.765320886162624	-0.227831442322992	-0.502632125496929	0.776081556132231	-0.948827388230631	0.757609115239598	-1.03477470126477
ASP148A	-0.667725286164373	-0.519053896843344	-0.557563762073134	-0.0561774838338429	-0.573590266048877	-0.507207446882701	-0.0497162513796692	-0.120865353741011	0.347394598471356	0.482783067973555	-0.613043642298662	-0.502632125496929	-1.09226293085277	-0.948827388230631	-0.92543391924837	-0.652613590002213
VAL147A	0.77367431681038	0.498187408528034	0.350639740587758	-0.232864731375768	-0.368143966045146	-0.0212561279718218	0.970775224308281	0.483461414964044	0.941622201119728	-0.40871975640943	-0.235941172848796	0.115737604393803	-0.469481435191103	-0.181103982815805	-0.738429137638596	-1.03477470126477
CYS176A	0.77367431681038	1.00680806121372	0.480383098110743	0.297197011250007	1.85140981078087	1.38407092493685	0.460529486464306	0.483461414964044	0.941622201119728	1.01768476260335	1.24104349916318	0.278471709314468	0.153300060470564	0.586619422599021	0.757609115239598	0.493869743785458
SER106A	-1.14819182048929	-1.02767454952903	-0.817050477119103	-1.11630096908539	-0.583862581049064	-0.559335246856509	-1.07020772706762	-1.32951889115112	-0.841060606825389	-1.12192201591582	-0.613043642298662	-0.502632125496929	-1.09226293085277	-0.948827388230631	-0.92543391924837	-0.652613590002213
TYR107A	0.293207782485462	-1.02767454952903	-0.16833368950418	-0.939613721543467	-0.539104637119679	-0.495300298187398	-0.0497162513796692	-0.725192122446067	-0.246833004177016	-0.587020321286027	-0.394080918101965	-0.410644552195997	-0.469481435191103	-0.181103982815805	-0.738429137638596	-0.270452478739656
ARG249A	0.77367431681038	1.00680806121372	0.739869813156712	0.473884258791932	3.03199229901659	2.89126990846239	1.48102096215226	1.69211495237416	0.941622201119728	1.01768476260335	0.799063185506886	1.44716382518649	0.776081556132231	1.35434282801385	-0.177414792809273	0.493869743785458
GLU171A	-1.14819182048929	-1.02767454952903	-0.817050477119103	-0.586239226459617	-0.574324002834605	-0.500840737863378	-1.07020772706762	-0.725192122446067	-0.74202267305066	-0.230419191532833	-0.42651984020518	-0.418603512285856	-0.469481435191103	-0.181103982815805	-0.551424356028822	0.111708632522901
THR230A	0.293207782485462	0.498187408528034	-0.427820404550149	-0.232864731375768	-0.27202444711483	-0.125624376295974	0.460529486464306	1.0877881836691	-0.444908871726474	-0.052118626656236	-0.322107059685458	-0.175646592557493	0.153300060470564	-0.181103982815805	-0.177414792809273	0.111708632522901
THR231A	0.293207782485462	1.00680806121372	0.480383098110743	1.53400774404348	-0.50828769211912	-0.242273572502951	-0.559961989223644	-0.120865353741011	-0.642984739275931	-0.230419191532833	-0.524850322830548	-0.358013398345064	0.153300060470564	0.586619422599021	-0.177414792809273	0.111708632522901
ARG283A	-0.667725286164373	-0.0104332441576551	-0.427820404550149	0.297197011250007	-0.512690112833485	-0.364721064477278	-1.07020772706762	-0.725192122446067	-0.841060606825389	-0.587020321286027	-0.287640704950793	-0.208044579800165	0.153300060470564	0.586619422599021	0.00958998880050121	1.25819196631057
PRO223A	-0.667725286164373	-0.0104332441576551	-0.946793834642088	-0.232864731375768	-0.517092533547851	-0.483782642006933	-0.559961989223644	-0.120865353741011	-0.543946805501202	0.126181938220361	-0.125446094434722	-0.0300589485507677	0.776081556132231	1.35434282801385	-0.364419574419047	-0.652613590002213
TYR163A	-0.187258751839455	-0.519053896843344	0.739869813156712	0.120509763708082	0.735396159689178	-0.465259321778562	0.460529486464306	-0.120865353741011	1.04066013489446	0.482783067973555	1.38296378336474	-0.367490047087876	0.776081556132231	0.586619422599021	1.13161867845915	0.876030855048015
SER241A	-0.667725286164373	-0.519053896843344	-0.557563762073134	-0.409551978917693	-0.620549420335444	-0.559335246856509	-1.07020772706762	-1.32951889115112	-1.13817440814957	-1.12192201591582	-0.613043642298662	-0.502632125496929	-1.09226293085277	-0.948827388230631	-0.92543391924837	-0.652613590002213
TYR239A	0.77367431681038	-1.02767454952903	1.25884324324865	-0.586239226459617	-0.55744805676287	-0.543018189280371	0.460529486464306	-0.725192122446067	1.5358498037681	-0.40871975640943	-0.47315079072855	-0.479192323310213	0.776081556132231	-0.181103982815805	1.69263302328847	0.111708632522901
ARG213A	1.2541408511353	1.00680806121372	0.480383098110743	0.297197011250007	0.761810683975372	-0.0209849014077024	1.99126669999623	1.69211495237416	0.941622201119728	0.482783067973555	-0.41739639336365	-0.181811271010608	1.3988630517939	2.12206623342867	0.757609115239598	-0.270452478739656
THR211A	0.293207782485462	0.498187408528034	-0.298077047027165	-0.0561774838338429	-0.175171191398785	0.283076793031775	-0.559961989223644	-0.725192122446067	-0.345870937951745	-0.230419191532833	-0.613043642298662	-0.502632125496929	-1.09226293085277	-0.948827388230631	-0.92543391924837	-0.652613590002213
GLN165A	-0.667725286164373	-0.0104332441576551	-0.946793834642088	-0.409551978917693	-0.429777856046266	-0.450106728408862	-0.0497162513796692	0.483461414964044	-0.543946805501202	-0.052118626656236	-0.332244222842713	-0.376013156337573	-0.469481435191103	-0.181103982815805	-0.551424356028822	-0.270452478739656
GLN167A	-0.667725286164373	-0.519053896843344	-1.20628054968806	-0.939613721543467	-0.633022945692813	-0.460076421717597	-1.07020772706762	-0.725192122446067	-1.03913647437485	-0.587020321286027	-0.613043642298662	-0.502632125496929	-1.09226293085277	-0.948827388230631	-0.92543391924837	-0.652613590002213
GLY154A	-0.187258751839455	0.498187408528034	-0.0385903319811955	0.650571506333856	-0.561850477477235	-0.32674620837087	-0.0497162513796692	0.483461414964044	0.149318730921899	0.482783067973555	-0.613043642298662	-0.502632125496929	-0.469481435191103	-0.181103982815805	-0.364419574419047	-0.270452478739656
PRO153A	-1.14819182048929	-1.02767454952903	-1.20628054968806	-0.762926474001542	-0.709331571408485	-0.559335246856509	-1.58045346491159	-1.32951889115112	-1.2372123419243	-0.943621451039221	-0.613043642298662	-0.502632125496929	-1.09226293085277	-0.948827388230631	-0.92543391924837	-0.652613590002213
ILE162A	0.77367431681038	-0.519053896843344	0.999356528202681	-0.586239226459617	1.16243096898265	-0.088187543205922	0.970775224308281	-0.120865353741011	0.941622201119728	-0.230419191532833	1.86042416807143	-0.0103319210379307	2.02164454745556	-0.181103982815805	1.69263302328847	-0.652613590002213
VAL173A	1.2541408511353	2.0240493665851	0.610126455633727	1.88738223912733	0.878474832906061	1.66069564678934	0.970775224308281	1.69211495237416	0.842584267345	1.73088702210973	1.72154503281704	2.53101695590413	2.02164454745556	2.8897896388435	1.5056282416787	2.02251418883569
THR253A	0.77367431681038	1.51542871389941	1.77781667334059	1.18063324895963	-0.148756667112591	-0.107642714258155	0.460529486464306	1.0877881836691	1.04066013489446	1.01768476260335	-0.173090761273818	-0.113037394763967	0.776081556132231	1.35434282801385	1.31862346006892	2.7868364113608
TYR236A	1.73460738546022	-0.0104332441576551	2.42653346095551	0.473884258791932	0.207105673965299	-0.342923671769205	2.50151243784021	0.483461414964044	2.82334294283957	0.482783067973555	-0.169035896010916	-0.209028041753841	0.776081556132231	0.586619422599021	1.5056282416787	0.493869743785458
ARG156A	1.73460738546022	-0.0104332441576551	1.51832995829462	0.297197011250007	-0.51122263926203	-0.485732938986754	1.48102096215226	-0.120865353741011	1.63488773754283	-0.230419191532833	-0.441725584941061	-0.396900836083827	1.3988630517939	0.586619422599021	0.570604333629824	0.493869743785458
VAL217A	0.77367431681038	1.51542871389941	0.999356528202681	1.88738223912733	0.810237311833394	0.811027735114743	0.460529486464306	1.0877881836691	0.644508399795542	1.01768476260335	1.29882532915953	1.15840102581002	0.776081556132231	1.35434282801385	1.31862346006892	2.40467530009824
GLU271A	0.293207782485462	-0.0104332441576551	0.480383098110743	-0.409551978917693	4.26613757261043	2.30426440603769	0.460529486464306	0.483461414964044	0.05028079714717	0.126181938220361	3.81182807584291	3.61099002068894	1.3988630517939	1.35434282801385	0.944613896849373	0.493869743785458
PRO250A	0.293207782485462	0.498187408528034	-0.16833368950418	0.120509763708082	2.32467003757518	2.05796065324813	0.970775224308281	1.0877881836691	0.446432532246085	0.661083632850152	1.53704866335501	-0.0906710073320988	0.776081556132231	0.586619422599021	0.196594770410276	-0.270452478739656
ALA203A	1.2541408511353	1.51542871389941	0.999356528202681	1.71069499158541	-0.577992686763243	-0.489183410644447	0.970775224308281	1.0877881836691	1.13969806866919	1.90918758698633	-0.613043642298662	-0.502632125496929	-1.09226293085277	-0.948827388230631	-0.92543391924837	-0.652613590002213
GLU204A	-0.187258751839455	-1.02767454952903	0.610126455633727	-0.939613721543467	-0.573590266048877	-0.559335246856509	0.460529486464306	-0.725192122446067	0.743546333570271	-0.765320886162624	-0.613043642298662	-0.502632125496929	-0.469481435191103	-0.181103982815805	-0.364419574419047	-0.270452478739656
THR125A	1.73460738546022	2.0240493665851	1.90756003086357	2.59413122929503	0.414753184326212	0.634517680265559	1.48102096215226	1.69211495237416	1.43681186999337	2.08748815186293	0.281054148171182	0.555578307776884	2.02164454745556	2.12206623342867	1.31862346006892	0.111708632522901
CYS124A	0.77367431681038	0.498187408528034	1.25884324324865	1.35732049650156	-0.550844425691321	-0.378106732752824	0.970775224308281	0.483461414964044	0.545470466020814	0.839384197726749	-0.482274237570079	-0.424509410509606	0.776081556132231	-0.181103982815805	0.38359955202005	0.493869743785458
CYS141A	1.2541408511353	1.51542871389941	1.38858660077163	1.00394600141771	-0.318249864615669	-0.16582499856482	0.460529486464306	1.0877881836691	0.941622201119728	1.55258645723314	-0.613043642298662	-0.502632125496929	-1.09226293085277	-0.948827388230631	-0.92543391924837	-0.652613590002213
ALA129A	-0.667725286164373	-0.0104332441576551	-0.946793834642088	-0.0561774838338429	-0.708597834622757	-0.558756667158783	-1.07020772706762	-0.725192122446067	-1.13817440814957	-0.765320886162624	-0.613043642298662	-0.502632125496929	-1.09226293085277	-0.948827388230631	-0.92543391924837	-0.652613590002213
HIS233A	-1.14819182048929	-1.02767454952903	-0.946793834642088	-0.586239226459617	-0.573590266048877	-0.559335246856509	-1.07020772706762	-1.32951889115112	-1.03913647437485	-1.12192201591582	-0.613043642298662	-0.502632125496929	-1.09226293085277	-0.948827388230631	-0.92543391924837	-0.652613590002213
THR140A	0.293207782485462	-0.0104332441576551	0.0911530255417891	-0.0561774838338429	-0.358605387830688	-0.317007722323869	-0.0497162513796692	-0.120865353741011	-0.642984739275931	-0.765320886162624	-0.316024761791106	-0.462046034487837	0.153300060470564	-0.181103982815805	-0.177414792809273	-0.270452478739656
CYS238A	3.17600698843497	1.51542871389941	2.03730338838656	0.827258753875781	2.67686369472443	1.13814149172069	3.01175817568418	1.69211495237416	3.51660847926268	1.73088702210973	3.86048645899773	1.93582951399557	3.2672075387789	2.12206623342867	3.00166649455689	1.25819196631057
MET246A	1.73460738546022	0.498187408528034	1.38858660077163	0.827258753875781	1.67604671899197	1.32567740833307	1.99126669999623	1.0877881836691	2.2291153401912	1.19598532747994	0.939969753392723	2.043987299752	1.3988630517939	0.586619422599021	1.87963780489824	1.64035307757313
PRO142A	0.77367431681038	0.498187408528034	0.869613170679697	0.473884258791932	-0.418038067474624	-0.487194877870216	-0.0497162513796692	-0.120865353741011	-0.543946805501202	-0.40871975640943	-0.195392520219778	-0.399000942556916	0.153300060470564	-0.181103982815805	-0.364419574419047	-0.652613590002213
ASP208A	-0.667725286164373	-0.0104332441576551	-1.07653719216507	-0.586239226459617	-0.709331571408485	-0.559335246856509	-1.58045346491159	-1.32951889115112	-1.2372123419243	-0.943621451039221	-0.613043642298662	-0.502632125496929	-1.09226293085277	-0.948827388230631	-0.92543391924837	-0.652613590002213
LEU264A	0.293207782485462	1.00680806121372	0.0911530255417891	1.00394600141771	0.728058791831902	0.933400373275203	-0.559961989223644	-0.120865353741011	-0.841060606825389	-0.765320886162624	1.12547983917048	0.774271405271815	0.153300060470564	0.586619422599021	0.38359955202005	0.876030855048015
LEU265A	1.2541408511353	0.498187408528034	1.25884324324865	1.35732049650156	-0.42244048818899	-0.125400473562406	0.970775224308281	0.483461414964044	1.23873600244391	0.661083632850152	-0.225804009691541	-0.0407863620030238	1.3988630517939	-0.181103982815805	1.13161867845915	-0.270452478739656
GLY187A	-0.667725286164373	-0.0104332441576551	-0.946793834642088	-0.586239226459617	-0.572122792477422	-0.535523287339136	-0.559961989223644	-0.120865353741011	-0.841060606825389	-0.587020321286027	-0.611016209667211	-0.499307557056656	-0.469481435191103	-0.181103982815805	-0.364419574419047	-1.03477470126477
LEU188A	0.293207782485462	-1.02767454952903	0.220896383064774	-0.232864731375768	-0.573590266048877	-0.558178087461058	-0.0497162513796692	-0.725192122446067	-0.345870937951745	-0.40871975640943	-0.42651984020518	-0.502632125496929	1.3988630517939	-0.948827388230631	0.00958998880050121	-1.03477470126477
ALA189A	0.293207782485462	1.00680806121372	0.220896383064774	0.473884258791932	1.02815713719449	1.36542672176444	-0.0497162513796692	0.483461414964044	0.05028079714717	0.482783067973555	0.123928119233738	-0.154706086948602	0.153300060470564	0.586619422599021	0.00958998880050121	-0.270452478739656
TYR205A	0.77367431681038	-0.0104332441576551	1.6480733158176	1.18063324895963	2.75463979401156	1.03099343845221	1.48102096215226	0.483461414964044	1.43681186999337	1.19598532747994	1.82190294807386	1.65002593957968	0.153300060470564	-0.181103982815805	0.38359955202005	0.111708632522901
ARG110A	0.77367431681038	0.498187408528034	0.0911530255417891	0.473884258791932	0.00606179467593421	0.314117483528424	1.48102096215226	1.0877881836691	0.842584267345	1.01768476260335	-0.103144335488762	0.333496837231668	0.153300060470564	-0.181103982815805	-0.364419574419047	-1.03477470126477
GLN192A	0.293207782485462	-0.519053896843344	-0.427820404550149	-0.409551978917693	-0.500216587476116	-0.559335246856509	-0.0497162513796692	-1.32951889115112	-0.642984739275931	-1.12192201591582	-0.511672010726117	-0.502632125496929	-0.469481435191103	-0.948827388230631	-0.551424356028822	-1.03477470126477
PRO190A	0.77367431681038	0.498187408528034	0.610126455633727	0.650571506333856	0.270207037537874	0.985472546070496	-1.07020772706762	-0.725192122446067	-0.74202267305066	-0.587020321286027	-0.613043642298662	-0.502632125496929	-0.469481435191103	-0.181103982815805	-0.364419574419047	-1.03477470126477
GLY266A	1.2541408511353	2.0240493665851	0.739869813156712	1.53400774404348	-0.533968479619586	-0.33441436047214	0.460529486464306	1.0877881836691	0.347394598471356	0.482783067973555	-0.403204364943494	-0.232721556788797	1.3988630517939	2.12206623342867	1.69263302328847	2.40467530009824
ASN235A	-0.187258751839455	0.498187408528034	-0.16833368950418	0.120509763708082	0.251863617894683	0.84900656284991	-0.0497162513796692	0.483461414964044	-0.444908871726474	-0.230419191532833	0.714924731301674	1.52048100484324	0.776081556132231	1.35434282801385	-0.177414792809273	0.111708632522901
LYS139A	-0.187258751839455	-1.02767454952903	-0.0385903319811955	-0.939613721543467	0.537287227542723	-0.387651508230037	-0.0497162513796692	-0.725192122446067	-0.345870937951745	-0.587020321286027	0.228340899753459	-0.502632125496929	-0.469481435191103	-0.948827388230631	-0.551424356028822	-1.03477470126477
ARG282A	1.2541408511353	1.00680806121372	0.999356528202681	0.650571506333856	1.06411023969515	1.0855749213495	0.970775224308281	1.0877881836691	1.04066013489446	0.839384197726749	0.654101752358147	0.206343712362103	0.776081556132231	0.586619422599021	0.944613896849373	1.25819196631057
PHE134A	0.293207782485462	0.498187408528034	0.739869813156712	0.473884258791932	-0.410700699617348	-0.360303830838947	0.460529486464306	0.483461414964044	0.644508399795542	1.01768476260335	-0.374820308103182	-0.502632125496929	-0.469481435191103	-0.948827388230631	-0.177414792809273	-1.03477470126477
ARG158A	1.2541408511353	1.00680806121372	0.999356528202681	0.297197011250007	2.29972298686044	2.38204180289575	0.460529486464306	1.0877881836691	0.149318730921899	0.482783067973555	3.96185809057028	3.72271891472782	2.02164454745556	2.12206623342867	1.87963780489824	1.64035307757313
GLU258A	0.293207782485462	-0.519053896843344	0.739869813156712	-0.0561774838338429	1.42070631755876	0.0622688238325546	0.460529486464306	-0.120865353741011	0.545470466020814	-0.052118626656236	2.35410401382972	0.241751624983911	0.153300060470564	-0.181103982815805	0.570604333629824	0.493869743785458
LYS164A	-0.667725286164373	-1.02767454952903	-0.0385903319811955	-0.939613721543467	0.465381022541418	0.165785942923871	-0.0497162513796692	-0.725192122446067	0.149318730921899	-0.587020321286027	0.271930701329653	0.539019972042077	0.153300060470564	-0.181103982815805	0.196594770410276	0.111708632522901
MET169A	1.2541408511353	-0.0104332441576551	0.350639740587758	-0.586239226459617	0.296621561824067	0.597824148594431	1.48102096215226	0.483461414964044	0.941622201119728	-0.587020321286027	-0.349477400210046	-0.502632125496929	0.153300060470564	-0.948827388230631	0.196594770410276	-1.03477470126477
LEU252A	0.293207782485462	1.00680806121372	-0.0385903319811955	-0.0561774838338429	5.00867919976677	8.3525219290318	0.460529486464306	1.0877881836691	0.05028079714717	-0.052118626656236	-0.226817726007267	-0.0214093309902102	-0.469481435191103	-0.181103982815805	-0.738429137638596	-0.652613590002213
SER269A	-0.667725286164373	-1.53629520221472	-0.946793834642088	-1.29298821662732	1.0787849754097	-0.559335246856509	-0.559961989223644	-1.32951889115112	-0.642984739275931	-1.12192201591582	0.551716404469877	-0.502632125496929	-0.469481435191103	-0.948827388230631	-0.738429137638596	-1.03477470126477
MET237A	0.77367431681038	0.498187408528034	0.610126455633727	0.297197011250007	-0.0350274653248119	-0.316928376749836	1.48102096215226	1.0877881836691	1.23873600244391	1.37428589235654	-0.0828700091742531	-0.400220357829427	0.776081556132231	0.586619422599021	0.196594770410276	0.493869743785458
PRO152A	-0.187258751839455	-0.0104332441576551	-0.16833368950418	0.120509763708082	-0.17370371782733	-0.258474564252784	-0.0497162513796692	0.483461414964044	0.149318730921899	0.661083632850152	-0.369751726524555	-0.195671485965131	0.153300060470564	0.586619422599021	-0.551424356028822	-0.652613590002213
LEU194A	0.293207782485462	1.00680806121372	1.12909988572567	1.88738223912733	-0.517826270333579	-0.291452846809616	0.970775224308281	1.69211495237416	1.83296360509229	2.80069041136932	-0.55323437967086	-0.453594741002906	0.776081556132231	1.35434282801385	1.13161867845915	2.7868364113608
ILE255A	1.73460738546022	0.498187408528034	2.03730338838656	1.00394600141771	1.98274869542611	0.674724753088503	0.970775224308281	-0.120865353741011	0.941622201119728	-0.230419191532833	4.55488213526967	0.953251380586897	2.02164454745556	-0.181103982815805	2.44065214972757	0.111708632522901
TYR234A	0.77367431681038	-0.0104332441576551	1.51832995829462	0.473884258791932	1.08538860648125	-0.320341698041062	0.460529486464306	-0.120865353741011	0.644508399795542	-0.230419191532833	1.96585066490687	-0.0778608543985722	2.02164454745556	1.35434282801385	2.81466171294712	2.40467530009824
CYS220A	-0.187258751839455	0.498187408528034	0.480383098110743	1.35732049650156	-0.561850477477235	-0.348810560415566	0.460529486464306	1.0877881836691	1.33777393621864	2.44408928161612	-0.511672010726117	-0.368099617093481	-0.469481435191103	-0.181103982815805	-0.364419574419047	0.493869743785458
THR155A	1.73460738546022	2.0240493665851	1.25884324324865	1.71069499158541	1.01128119112276	1.43985844071924	2.50151243784021	2.90076848978427	2.2291153401912	2.80069041136932	0.621662830254932	0.96518304727269	1.3988630517939	2.12206623342867	0.944613896849373	1.25819196631057
VAL216A	1.73460738546022	2.53267001927079	1.38858660077163	2.06406948666926	0.38173502896847	1.07283736236383	1.48102096215226	2.29644172107921	1.73392567131756	2.62238984649272	0.711883582354497	1.66831106600118	1.3988630517939	2.12206623342867	1.69263302328847	3.16899752262336
GLY262A	-0.187258751839455	0.498187408528034	-0.817050477119103	-0.409551978917693	-0.0284238342532634	0.41108954252513	-0.559961989223644	-0.120865353741011	-0.642984739275931	-0.40871975640943	-0.613043642298662	-0.502632125496929	-1.09226293085277	-0.948827388230631	-0.92543391924837	-0.652613590002213
PRO98A	-0.187258751839455	0.498187408528034	-0.16833368950418	-0.232864731375768	0.426492972897854	0.916928915174771	-0.0497162513796692	0.483461414964044	0.149318730921899	0.304482503096958	0.373302332902198	0.994961225819625	0.153300060470564	0.586619422599021	0.38359955202005	0.493869743785458
VAL97A	-0.187258751839455	0.498187408528034	-0.687307119596118	0.120509763708082	-0.515625059976396	-0.256159485248363	-0.0497162513796692	0.483461414964044	-0.345870937951745	-0.40871975640943	-0.131528392329075	0.052695535054942	0.776081556132231	1.35434282801385	0.00958998880050121	0.111708632522901
GLN100A	-1.14819182048929	-1.02767454952903	-1.07653719216507	-0.586239226459617	-0.429777856046266	-0.453449253995649	-1.07020772706762	-0.725192122446067	-0.940098540600117	-0.40871975640943	-0.0220470302307263	-0.350524632131689	0.153300060470564	-0.181103982815805	-0.364419574419047	-0.652613590002213
PRO219A	-1.14819182048929	-0.519053896843344	-1.07653719216507	-0.232864731375768	-0.302841392115389	-0.226564337130899	-1.07020772706762	-0.725192122446067	-1.13817440814957	-0.765320886162624	0.681472092882734	0.97980253674332	0.153300060470564	0.586619422599021	-0.364419574419047	0.493869743785458
VAL218A	0.77367431681038	1.51542871389941	0.480383098110743	1.00394600141771	0.0875065778916988	0.0780553001964533	0.460529486464306	1.0877881836691	0.644508399795542	1.37428589235654	0.440207609740077	-0.0425618608888204	0.153300060470564	0.586619422599021	0.196594770410276	1.25819196631057
THR256A	0.293207782485462	1.00680806121372	0.480383098110743	1.71069499158541	0.377332608254104	0.266444597828576	-0.559961989223644	-0.120865353741011	-0.74202267305066	-0.052118626656236	3.73884050111068	5.35796150965789	1.3988630517939	2.12206623342867	1.31862346006892	2.02251418883569
ILE232A	0.77367431681038	0.498187408528034	1.51832995829462	1.35732049650156	0.207105673965299	0.0167877402935077	0.460529486464306	0.483461414964044	0.743546333570271	1.01768476260335	0.752432234983515	0.406432794073778	2.02164454745556	2.12206623342867	2.06664258650802	2.7868364113608
ARG174A	-0.667725286164373	-0.519053896843344	-0.16833368950418	-0.409551978917693	-0.608075894978075	-0.519217136412878	-0.559961989223644	-0.120865353741011	-0.642984739275931	-0.40871975640943	-0.397122067049142	-0.44500160182465	0.153300060470564	-0.181103982815805	0.38359955202005	0.111708632522901
ASN247A	-1.14819182048929	-1.53629520221472	-1.07653719216507	-1.29298821662732	-0.64623020783591	-0.559335246856509	-1.07020772706762	-1.32951889115112	-1.13817440814957	-1.12192201591582	-0.613043642298662	-0.502632125496929	-1.09226293085277	-0.948827388230631	-0.92543391924837	-0.652613590002213
MET243A	-0.667725286164373	-1.02767454952903	-1.20628054968806	-1.29298821662732	-0.64623020783591	-0.459819538847728	-0.559961989223644	-0.725192122446067	-1.03913647437485	-1.12192201591582	-0.613043642298662	-0.502632125496929	-1.09226293085277	-0.948827388230631	-0.92543391924837	-0.652613590002213
ASN200A	-0.187258751839455	-1.02767454952903	-0.0385903319811955	-0.409551978917693	-0.393091016759885	-0.459180372096777	-0.0497162513796692	-0.725192122446067	-0.0487571366275588	-0.40871975640943	-0.613043642298662	-0.502632125496929	-1.09226293085277	-0.948827388230631	-0.92543391924837	-0.652613590002213
VAL197A	2.21507391978513	2.0240493665851	2.03730338838656	2.4174439817531	1.72007092613563	1.38642899465746	2.50151243784021	2.29644172107921	2.13007740641647	2.08748815186293	1.94659005490809	1.54197746527081	1.3988630517939	1.35434282801385	1.5056282416787	2.02251418883569
VAL272A	1.73460738546022	2.0240493665851	2.16704674590954	2.06406948666926	-0.603673474263709	-0.449859625985288	0.460529486464306	0.483461414964044	0.842584267345	0.839384197726749	0.376343481849374	1.05492818877086	2.02164454745556	2.12206623342867	2.62765693133734	2.02251418883569
VAL274A	2.69554045411005	3.04129067195648	2.16704674590954	2.94750572437888	0.993671508265296	1.80565001730342	2.50151243784021	2.90076848978427	2.9223808766143	3.15729154112251	0.536510659733995	1.08946033378839	2.02164454745556	2.12206623342867	2.44065214972757	2.40467530009824
LEU130A	0.77367431681038	1.00680806121372	-0.298077047027165	0.120509763708082	0.132264521821083	0.346763945837308	0.970775224308281	1.69211495237416	0.248356664696627	0.839384197726749	-0.613043642298662	-0.502632125496929	-1.09226293085277	-0.948827388230631	-0.92543391924837	-0.652613590002213
SER127A	-0.187258751839455	-0.519053896843344	-0.427820404550149	-0.409551978917693	-0.247811133185819	-0.122264913411367	0.460529486464306	-0.120865353741011	0.05028079714717	-0.052118626656236	-0.613043642298662	-0.502632125496929	-1.09226293085277	-0.948827388230631	-0.92543391924837	-0.652613590002213
LEU114A	-1.62865835481421	-1.02767454952903	-1.20628054968806	-0.762926474001542	-0.573590266048877	-0.417401127684378	-1.07020772706762	-0.725192122446067	-1.03913647437485	-0.765320886162624	-0.425506123889454	-0.298740727711712	-0.469481435191103	-0.181103982815805	-0.738429137638596	-0.652613590002213
ALA276A	-0.187258751839455	-0.519053896843344	-0.0385903319811955	-0.232864731375768	-0.452523696403822	-0.559335246856509	-0.559961989223644	-1.32951889115112	-0.147795070402287	-1.12192201591582	-0.264325229689108	-0.502632125496929	-0.469481435191103	-0.948827388230631	-0.551424356028822	-1.03477470126477
GLN136A	0.293207782485462	-0.0104332441576551	0.610126455633727	-0.586239226459617	0.901220673263617	0.845295707514485	0.970775224308281	0.483461414964044	0.842584267345	-0.587020321286027	0.395604091848158	0.372108036151388	0.776081556132231	0.586619422599021	-0.177414792809273	-0.270452478739656
TYR103A	-0.187258751839455	-1.53629520221472	-0.427820404550149	-1.29298821662732	0.0449498443194975	-0.559335246856509	-0.0497162513796692	-1.32951889115112	-0.246833004177016	-1.12192201591582	-0.237968605480246	-0.502632125496929	-0.469481435191103	-0.948827388230631	-0.738429137638596	-1.03477470126477
ALA159A	0.293207782485462	1.00680806121372	1.12909988572567	1.35732049650156	-0.319717338187124	-0.208705588386287	-0.0497162513796692	0.483461414964044	0.149318730921899	0.661083632850152	0.0499268281857804	0.522385914119274	1.3988630517939	2.12206623342867	2.25364736811779	3.55115863388591
CYS275A	0.77367431681038	1.51542871389941	0.610126455633727	1.18063324895963	-0.478938220690015	-0.374182152799782	0.460529486464306	1.0877881836691	0.743546333570271	1.73088702210973	-0.334271655474164	-0.301484830536037	0.776081556132231	1.35434282801385	0.944613896849373	1.25819196631057
LEU133A	0.293207782485462	1.00680806121372	0.999356528202681	1.53400774404348	-0.440050171046452	-0.185086582746858	0.970775224308281	1.69211495237416	1.33777393621864	1.55258645723314	-0.34846368389432	-0.0687759440413348	0.776081556132231	1.35434282801385	1.5056282416787	0.876030855048015
ASP207A	-0.667725286164373	-0.519053896843344	-0.687307119596118	0.120509763708082	-0.574324002834605	-0.525247449444285	-0.559961989223644	-0.120865353741011	-0.444908871726474	0.482783067973555	-0.430574705468081	-0.454712051825272	-0.469481435191103	-0.181103982815805	-0.551424356028822	0.111708632522901
HIS193A	0.77367431681038	1.51542871389941	0.220896383064774	0.650571506333856	-0.232402660685539	0.0946747578497366	0.970775224308281	1.69211495237416	0.545470466020814	1.01768476260335	-0.122404945487546	0.160928053260757	0.776081556132231	1.35434282801385	0.196594770410276	0.876030855048015
ASN131A	-0.667725286164373	-0.519053896843344	-0.427820404550149	-0.939613721543467	0.889480884691976	0.770240898516621	-0.0497162513796692	-0.120865353741011	0.05028079714717	-0.765320886162624	0.551716404469877	1.40733244343977	0.153300060470564	0.586619422599021	0.196594770410276	-0.652613590002213
PHE270A	1.73460738546022	-0.519053896843344	0.999356528202681	-0.232864731375768	5.08131914155381	-0.357958126861892	1.99126669999623	-0.120865353741011	1.83296360509229	0.126181938220361	3.81182807584291	-0.502632125496929	2.64442604311723	-0.181103982815805	2.25364736811779	-0.270452478739656
GLY244A	-0.667725286164373	-0.0104332441576551	-0.817050477119103	-0.0561774838338429	-0.500950324261844	-0.433431521816018	-0.559961989223644	-0.120865353741011	-0.74202267305066	-0.052118626656236	-0.613043642298662	-0.502632125496929	-1.09226293085277	-0.948827388230631	-0.92543391924837	-0.652613590002213
GLY245A	0.77367431681038	1.51542871389941	0.480383098110743	1.18063324895963	-0.261752132114643	-0.110745190721274	0.460529486464306	1.0877881836691	0.248356664696627	1.19598532747994	-0.613043642298662	-0.502632125496929	-1.09226293085277	-0.948827388230631	-0.92543391924837	-0.652613590002213
LYS132A	-0.667725286164373	-0.519053896843344	-0.427820404550149	-0.586239226459617	1.23433717398395	1.5999025932518	-0.559961989223644	-0.120865353741011	-0.543946805501202	-0.052118626656236	1.05756084601687	1.44170953498066	-0.469481435191103	-0.181103982815805	-0.364419574419047	0.111708632522901
GLU198A	-0.187258751839455	-0.519053896843344	-0.0385903319811955	-0.409551978917693	-0.49287921961884	-0.417564677542062	-0.0497162513796692	-0.120865353741011	0.05028079714717	-0.230419191532833	-0.313997329159655	-0.298975670580173	0.153300060470564	0.586619422599021	-0.177414792809273	0.493869743785458
ASP228A	-1.62865835481421	-1.53629520221472	-1.20628054968806	-1.29298821662732	-0.573590266048877	-0.559335246856509	-1.07020772706762	-1.32951889115112	-0.940098540600117	-1.12192201591582	-0.613043642298662	-0.502632125496929	-1.09226293085277	-0.948827388230631	-0.92543391924837	-0.652613590002213
PRO191A	-0.667725286164373	-0.519053896843344	-0.0385903319811955	-0.409551978917693	0.292219141109702	-0.559335246856509	-1.07020772706762	-1.32951889115112	-0.74202267305066	-1.12192201591582	-0.613043642298662	-0.502632125496929	-1.09226293085277	-0.948827388230631	-0.92543391924837	-0.652613590002213
ALA138A	-0.667725286164373	-0.0104332441576551	-0.16833368950418	0.120509763708082	-0.572122792477422	-0.414237942121808	-0.559961989223644	-0.120865353741011	-0.444908871726474	-0.230419191532833	-0.456931329676943	-0.349052123263429	-0.469481435191103	-0.181103982815805	-0.551424356028822	-0.270452478739656
LEU137A	0.77367431681038	1.00680806121372	1.51832995829462	1.18063324895963	-0.127478300326491	0.174186983819563	0.970775224308281	1.0877881836691	2.13007740641647	1.19598532747994	0.0438445302914278	0.551088246964727	0.776081556132231	1.35434282801385	1.31862346006892	1.64035307757313
GLY112A	-0.187258751839455	0.498187408528034	-0.298077047027165	0.297197011250007	0.223247883251307	0.846559499869234	-0.559961989223644	-0.120865353741011	-0.74202267305066	-0.587020321286027	-0.613043642298662	-0.502632125496929	-1.09226293085277	-0.948827388230631	-0.92543391924837	-0.652613590002213
PHE113A	-0.187258751839455	-0.519053896843344	0.0911530255417891	-0.762926474001542	0.323769822895989	1.05953074737936	-0.0497162513796692	-0.120865353741011	0.248356664696627	-0.587020321286027	0.805145483401238	1.82290349847386	0.153300060470564	0.586619422599021	0.570604333629824	-0.652613590002213
HIS214A	-0.187258751839455	0.498187408528034	-0.427820404550149	0.120509763708082	-0.378416281045333	-0.25536497867637	0.460529486464306	1.0877881836691	-0.147795070402287	0.482783067973555	-0.159912449169387	-0.0715736946600881	0.776081556132231	1.35434282801385	0.00958998880050121	0.493869743785458
ILE251A	0.293207782485462	0.498187408528034	1.12909988572567	1.71069499158541	-0.573590266048877	-0.491641422222629	0.970775224308281	1.0877881836691	1.04066013489446	1.55258645723314	-0.533973769672077	-0.405388498618951	0.776081556132231	1.35434282801385	1.13161867845915	2.40467530009824
VAL172A	-0.187258751839455	0.498187408528034	0.0911530255417891	1.18063324895963	-0.318249864615669	0.0574307109188421	-0.0497162513796692	0.483461414964044	-0.345870937951745	-0.052118626656236	0.0762834523946421	0.275336509874724	-0.469481435191103	-0.181103982815805	-0.177414792809273	0.876030855048015
SER261A	-0.187258751839455	-1.53629520221472	-0.946793834642088	-1.29298821662732	-0.709331571408485	-0.559335246856509	-1.07020772706762	-1.32951889115112	-1.03913647437485	-1.12192201591582	-0.613043642298662	-0.502632125496929	-1.09226293085277	-0.948827388230631	-0.92543391924837	-0.652613590002213
ILE195A	0.293207782485462	0.498187408528034	1.12909988572567	0.650571506333856	-0.363741545330781	-0.342798280673726	0.970775224308281	1.0877881836691	1.04066013489446	0.839384197726749	-0.135583257591976	-0.191572142423833	2.02164454745556	2.12206623342867	2.06664258650802	2.40467530009824
LEU257A	1.73460738546022	1.51542871389941	1.38858660077163	1.53400774404348	0.365592819682463	0.379765252140741	1.99126669999623	2.29644172107921	2.42719120774066	2.80069041136932	0.721007029196026	0.72256565178198	1.3988630517939	1.35434282801385	1.69263302328847	1.25819196631057
PHE109A	0.293207782485462	-1.02767454952903	1.38858660077163	-0.586239226459617	0.180691149679105	-0.334846324139026	0.970775224308281	-0.725192122446067	1.33777393621864	-0.765320886162624	0.0732423034474657	-0.180148986790472	0.776081556132231	-0.181103982815805	1.31862346006892	-0.652613590002213
ASP259A	0.293207782485462	0.498187408528034	-0.427820404550149	-0.762926474001542	-0.349800546401956	-0.406500780378953	-0.559961989223644	-0.725192122446067	-0.543946805501202	-0.765320886162624	-0.613043642298662	-0.502632125496929	-1.09226293085277	-0.948827388230631	-0.92543391924837	-0.652613590002213
LEU145A	-0.187258751839455	0.498187408528034	0.480383098110743	1.18063324895963	0.0508197386053184	0.118761878749539	-0.0497162513796692	0.483461414964044	0.149318730921899	1.19598532747994	-0.0149510160206481	0.100779517045196	0.153300060470564	0.586619422599021	0.570604333629824	1.64035307757313
SER96A	-1.14819182048929	-1.53629520221472	-1.07653719216507	-1.29298821662732	-0.573590266048877	-0.559335246856509	-0.559961989223644	-1.32951889115112	-0.345870937951745	-1.12192201591582	-0.425506123889454	-0.502632125496929	-0.469481435191103	-0.948827388230631	-0.364419574419047	-1.03477470126477
ILE254A	0.293207782485462	-0.519053896843344	0.999356528202681	-0.586239226459617	0.128595837892445	0.419437771992932	-0.559961989223644	-0.120865353741011	-0.642984739275931	-0.587020321286027	0.496975723420702	0.825268891093405	-0.469481435191103	-0.181103982815805	-0.177414792809273	-0.652613590002213
ASP186A	-0.187258751839455	-0.0104332441576551	-0.687307119596118	-0.232864731375768	-0.042364833182088	0.250322254799319	-0.0497162513796692	-0.120865353741011	-0.543946805501202	-0.40871975640943	0.308424488695769	0.66045819205871	0.153300060470564	0.586619422599021	0.00958998880050121	-0.270452478739656
ASN263A	-0.667725286164373	-0.519053896843344	-1.07653719216507	-0.762926474001542	-0.325587232472945	-0.491152268802935	-0.0497162513796692	-0.120865353741011	-0.841060606825389	-0.943621451039221	-0.613043642298662	-0.502632125496929	-1.09226293085277	-0.948827388230631	-0.92543391924837	-0.652613590002213
THR123A	-0.667725286164373	-0.0104332441576551	-0.0385903319811955	0.473884258791932	-0.441517644617907	-0.347838673882272	-0.559961989223644	-0.120865353741011	-0.345870937951745	-0.052118626656236	-0.243037187058874	-0.198812775068555	0.153300060470564	0.586619422599021	0.00958998880050121	0.111708632522901
SER185A	-0.667725286164373	-0.519053896843344	-0.946793834642088	-0.586239226459617	-0.573590266048877	-0.366758399424556	-0.559961989223644	-0.120865353741011	-0.841060606825389	-0.40871975640943	-0.613043642298662	-0.502632125496929	-1.09226293085277	-0.948827388230631	-0.92543391924837	-0.652613590002213
VAL122A	1.73460738546022	1.51542871389941	1.12909988572567	1.71069499158541	-0.480405694261471	-0.296296591285014	0.970775224308281	1.0877881836691	0.842584267345	0.839384197726749	-0.613043642298662	-0.502632125496929	-0.469481435191103	-0.181103982815805	-0.551424356028822	-0.652613590002213
PRO222A	-0.667725286164373	-1.02767454952903	-1.07653719216507	-1.11630096908539	-0.709331571408485	-0.559335246856509	-1.07020772706762	-1.32951889115112	-0.940098540600117	-1.12192201591582	-0.391039769154789	-0.502632125496929	-0.469481435191103	-0.948827388230631	-0.551424356028822	-1.03477470126477
GLY105A	0.77367431681038	1.51542871389941	0.350639740587758	0.827258753875781	-0.274225657472012	0.126860274645898	0.970775224308281	1.69211495237416	0.446432532246085	0.482783067973555	-0.237968605480246	0.11241303595353	0.153300060470564	0.586619422599021	-0.177414792809273	-0.652613590002213
VAL157A	1.73460738546022	2.0240493665851	1.6480733158176	2.4174439817531	-0.20452066282789	-0.248497277265177	1.48102096215226	1.69211495237416	1.33777393621864	2.08748815186293	-0.0666505481226459	-0.179946908579202	1.3988630517939	1.35434282801385	1.69263302328847	1.64035307757313
LEU111A	0.77367431681038	1.00680806121372	0.739869813156712	0.827258753875781	3.42307400580941	5.43951934249652	0.970775224308281	1.69211495237416	0.743546333570271	1.01768476260335	4.43830475896124	7.57543956226733	0.776081556132231	1.35434282801385	1.31862346006892	0.493869743785458
ALA161A	0.293207782485462	1.00680806121372	0.739869813156712	1.18063324895963	-0.22286408247108	-0.214091920021078	-0.0497162513796692	0.483461414964044	0.149318730921899	1.19598532747994	-0.162953598116563	0.0839413703036177	0.776081556132231	1.35434282801385	1.5056282416787	1.25819196631057
VAL143A	0.77367431681038	1.00680806121372	0.739869813156712	1.00394600141771	-0.415103120331713	-0.284509890436911	0.460529486464306	0.483461414964044	0.05028079714717	0.482783067973555	-0.191337654956876	0.0858164884313482	0.776081556132231	0.586619422599021	0.570604333629824	0.493869743785458
PRO278A	1.73460738546022	1.51542871389941	1.6480733158176	2.24075673421118	-0.0320925181819015	0.145374824973113	1.99126669999623	1.69211495237416	1.5358498037681	1.01768476260335	-0.0291430444408044	0.454843585301624	0.153300060470564	0.586619422599021	-0.364419574419047	-0.270452478739656
GLU285A	0.293207782485462	-0.0104332441576551	0.350639740587758	-0.232864731375768	0.459511128255597	-0.206749596822045	0.460529486464306	0.483461414964044	0.149318730921899	0.126181938220361	-0.613043642298662	-0.502632125496929	-1.09226293085277	-0.948827388230631	-0.92543391924837	-0.652613590002213
THR284A	-0.667725286164373	-0.0104332441576551	-0.817050477119103	-0.409551978917693	-0.709331571408485	-0.559335246856509	-1.58045346491159	-1.32951889115112	-1.2372123419243	-0.943621451039221	-0.613043642298662	-0.502632125496929	-1.09226293085277	-0.948827388230631	-0.92543391924837	-0.652613590002213
CYS135A	0.293207782485462	0.498187408528034	1.51832995829462	1.53400774404348	-0.239006291757087	-0.420605922108431	0.970775224308281	1.0877881836691	1.73392567131756	1.90918758698633	-0.319065910738282	-0.502632125496929	-0.469481435191103	-0.948827388230631	-0.738429137638596	-1.03477470126477
GLN144A	0.293207782485462	-0.519053896843344	0.0911530255417891	-0.409551978917693	-0.0937264081830206	-0.494480401964107	-0.559961989223644	-0.725192122446067	-0.74202267305066	-0.765320886162624	-0.613043642298662	-0.502632125496929	-1.09226293085277	-0.948827388230631	-0.92543391924837	-0.652613590002213
GLU286A	-0.667725286164373	-0.519053896843344	-0.298077047027165	-0.409551978917693	-0.551578162477049	-0.432912340772774	-0.559961989223644	-0.725192122446067	-0.444908871726474	-0.765320886162624	-0.613043642298662	-0.502632125496929	-1.09226293085277	-0.948827388230631	-0.92543391924837	-0.652613590002213
SER240A	-0.667725286164373	-0.519053896843344	0.350639740587758	0.473884258791932	-0.573590266048877	-0.377661221770711	-0.0497162513796692	-0.120865353741011	0.545470466020814	0.482783067973555	-0.453890180729767	-0.241653502935518	0.153300060470564	0.586619422599021	0.570604333629824	0.876030855048015
ARG209A	-1.14819182048929	-1.53629520221472	-1.46576726473403	-1.29298821662732	-0.709331571408485	-0.559335246856509	-1.58045346491159	-1.32951889115112	-1.2372123419243	-0.943621451039221	-0.613043642298662	-0.502632125496929	-1.09226293085277	-0.948827388230631	-0.92543391924837	-0.652613590002213
ASN210A	-0.667725286164373	-1.02767454952903	-1.07653719216507	-1.29298821662732	-0.709331571408485	-0.559335246856509	-1.58045346491159	-1.32951889115112	-1.2372123419243	-0.943621451039221	-0.613043642298662	-0.502632125496929	-1.09226293085277	-0.948827388230631	-0.92543391924837	-0.652613590002213
ALA119A	-0.187258751839455	-0.519053896843344	-0.0385903319811955	-0.762926474001542	-0.439316434260725	-0.133500589330563	-0.559961989223644	-0.725192122446067	-0.543946805501202	-0.587020321286027	-0.613043642298662	-0.502632125496929	-1.09226293085277	-0.948827388230631	-0.92543391924837	-0.652613590002213
LYS120A	-1.62865835481421	-1.53629520221472	-1.46576726473403	-1.29298821662732	-0.709331571408485	-0.559335246856509	-1.58045346491159	-1.32951889115112	-1.2372123419243	-0.943621451039221	-0.613043642298662	-0.502632125496929	-1.09226293085277	-0.948827388230631	-0.92543391924837	-0.652613590002213
HIS178A	-0.187258751839455	-1.02767454952903	-0.427820404550149	-0.939613721543467	-0.656502522836097	-0.558762910639803	-0.559961989223644	-0.725192122446067	-0.543946805501202	-0.765320886162624	-0.427533556520905	-0.502632125496929	0.776081556132231	-0.948827388230631	0.196594770410276	-1.03477470126477
CYS277A	0.77367431681038	-0.0104332441576551	-0.0385903319811955	-0.586239226459617	-0.52663111176231	-0.482449683626985	-0.559961989223644	-0.725192122446067	-0.543946805501202	-0.943621451039221	-0.387998620207613	-0.392184369539393	-0.469481435191103	-0.181103982815805	-0.738429137638596	-0.652613590002213
HIS168A	-0.667725286164373	-0.519053896843344	-0.817050477119103	-0.232864731375768	-0.573590266048877	-0.457286452012582	-0.559961989223644	-0.725192122446067	-0.444908871726474	-0.230419191532833	-0.425506123889454	-0.356036849150503	-0.469481435191103	-0.181103982815805	-0.551424356028822	0.111708632522901
ARG280A	0.293207782485462	-0.519053896843344	-0.0385903319811955	-0.586239226459617	-0.546442004976955	-0.379331424295924	-1.07020772706762	-0.725192122446067	-1.13817440814957	-0.943621451039221	-0.374820308103182	-0.244052784584189	0.153300060470564	-0.181103982815805	-0.177414792809273	-0.652613590002213
PHE212A	-1.14819182048929	-1.53629520221472	-1.07653719216507	-1.29298821662732	-0.573590266048877	-0.559335246856509	-1.07020772706762	-1.32951889115112	-1.03913647437485	-1.12192201591582	-0.613043642298662	-0.502632125496929	-1.09226293085277	-0.948827388230631	-0.92543391924837	-0.652613590002213
ARG267A	-0.187258751839455	-0.0104332441576551	-0.427820404550149	-0.232864731375768	-0.514891323190668	-0.292668645197309	-0.559961989223644	-0.120865353741011	-1.03913647437485	-0.943621451039221	-0.442739301256787	-0.28080141827521	-0.469481435191103	-0.181103982815805	-0.551424356028822	0.111708632522901
LYS101A	-1.14819182048929	-1.53629520221472	-1.07653719216507	-1.29298821662732	-0.638159103192907	-0.559335246856509	-1.07020772706762	-1.32951889115112	-1.13817440814957	-1.12192201591582	-0.523836606514822	-0.502632125496929	-0.469481435191103	-0.948827388230631	-0.551424356028822	-1.03477470126477
CYS182A	0.293207782485462	-0.0104332441576551	-0.817050477119103	-0.409551978917693	-0.439316434260725	-0.134072925547269	-0.559961989223644	-0.120865353741011	-0.543946805501202	-0.230419191532833	-0.0544859523339406	0.105763899072985	0.153300060470564	-0.181103982815805	-0.177414792809273	-0.270452478739656
PRO151A	-0.187258751839455	-0.519053896843344	-0.427820404550149	-1.11630096908539	-0.303575128901117	-0.42617070953057	0.460529486464306	-0.120865353741011	0.149318730921899	-0.765320886162624	-0.239996038111697	-0.502632125496929	0.153300060470564	-0.948827388230631	0.00958998880050121	-1.03477470126477
THR150A	-1.62865835481421	-1.02767454952903	-1.46576726473403	-1.11630096908539	-0.573590266048877	-0.478425296024024	-1.07020772706762	-0.725192122446067	-0.940098540600117	-0.765320886162624	-0.613043642298662	-0.502632125496929	-1.09226293085277	-0.948827388230631	-0.92543391924837	-0.652613590002213
ASP268A	-0.667725286164373	-0.0104332441576551	-0.298077047027165	0.120509763708082	-0.573590266048877	-0.416566344853679	-0.559961989223644	-0.120865353741011	-0.246833004177016	0.482783067973555	-0.425506123889454	-0.297541544321621	0.153300060470564	0.586619422599021	-0.177414792809273	0.493869743785458
SER99A	-0.187258751839455	-0.0104332441576551	-0.817050477119103	-0.762926474001542	-0.551578162477049	-0.51935460872121	-0.559961989223644	-0.725192122446067	-0.940098540600117	-0.765320886162624	-0.148761569696407	0.0368633401038128	0.776081556132231	1.35434282801385	-0.364419574419047	-0.270452478739656
SER149A	-0.667725286164373	-1.02767454952903	-0.557563762073134	-1.11630096908539	-0.570655318905967	-0.540820696529294	-0.0497162513796692	-0.725192122446067	-0.147795070402287	-0.943621451039221	-0.613043642298662	-0.502632125496929	-1.09226293085277	-0.948827388230631	-0.92543391924837	-0.652613590002213
LEU206A	-0.187258751839455	-0.519053896843344	-0.0385903319811955	-0.232864731375768	-0.574324002834605	-0.522978855078746	-0.0497162513796692	-0.725192122446067	-0.0487571366275588	-0.40871975640943	-0.42651984020518	-0.450405391141357	0.776081556132231	-0.181103982815805	1.13161867845915	0.493869743785458
GLY117A	-0.667725286164373	-0.0104332441576551	-0.557563762073134	-0.0561774838338429	-0.488476798904474	-0.366302687691054	-0.559961989223644	-0.120865353741011	-0.246833004177016	0.304482503096958	-0.613043642298662	-0.502632125496929	-1.09226293085277	-0.948827388230631	-0.92543391924837	-0.652613590002213
SER116A	-1.14819182048929	-1.53629520221472	-0.817050477119103	-1.29298821662732	-0.660171206764735	-0.559335246856509	-1.07020772706762	-1.32951889115112	-0.841060606825389	-1.12192201591582	-0.613043642298662	-0.502632125496929	-1.09226293085277	-0.948827388230631	-0.92543391924837	-0.652613590002213
SER215A	0.293207782485462	-0.519053896843344	0.480383098110743	-0.232864731375768	0.0544884225339564	-0.236457988808892	0.460529486464306	-0.120865353741011	0.149318730921899	-0.230419191532833	0.273958133961104	-0.038812038823131	1.3988630517939	0.586619422599021	1.87963780489824	0.876030855048015
SER166A	-1.14819182048929	-1.02767454952903	-0.817050477119103	-1.11630096908539	-0.509755165690575	-0.559335246856509	-1.07020772706762	-1.32951889115112	-0.74202267305066	-1.12192201591582	-0.613043642298662	-0.502632125496929	-1.09226293085277	-0.948827388230631	-0.92543391924837	-0.652613590002213
ARG290A	-1.62865835481421	-1.02767454952903	-1.85499733730298	-1.29298821662732	-0.708597834622757	-0.558420980994007	-1.07020772706762	-0.725192122446067	-1.2372123419243	-0.943621451039221	-0.613043642298662	-0.502632125496929	-1.09226293085277	-0.948827388230631	-0.92543391924837	-0.652613590002213
GLU287A	-1.62865835481421	-1.02767454952903	-1.85499733730298	-1.29298821662732	-0.708597834622757	-0.55909235332356	-1.07020772706762	-0.725192122446067	-1.2372123419243	-0.943621451039221	-0.613043642298662	-0.502632125496929	-1.09226293085277	-0.948827388230631	-0.92543391924837	-0.652613590002213
PRO177A	-0.187258751839455	0.498187408528034	-0.557563762073134	0.120509763708082	-0.561850477477235	-0.411761565270849	-0.559961989223644	-0.120865353741011	-0.940098540600117	-0.587020321286027	-0.613043642298662	-0.502632125496929	-0.469481435191103	-0.181103982815805	-0.551424356028822	-1.03477470126477
LEU289A	-1.14819182048929	-0.519053896843344	-0.946793834642088	-0.232864731375768	-0.573590266048877	-0.452298002777297	-0.559961989223644	-0.120865353741011	-0.74202267305066	-0.052118626656236	-0.613043642298662	-0.502632125496929	-1.09226293085277	-0.948827388230631	-0.92543391924837	-0.652613590002213
MET160A	0.293207782485462	-1.02767454952903	0.0911530255417891	-0.939613721543467	-0.420973014617534	-0.189044240312208	-0.0497162513796692	-0.725192122446067	-0.147795070402287	-0.765320886162624	0.0286387855555461	0.0292988249467114	1.3988630517939	-0.181103982815805	1.87963780489824	-0.270452478739656
GLY226A	-1.14819182048929	-0.519053896843344	-1.85499733730298	-1.29298821662732	-0.70786409783703	-0.557020928065607	-1.07020772706762	-0.725192122446067	-1.2372123419243	-1.12192201591582	-0.613043642298662	-0.502632125496929	-1.09226293085277	-0.948827388230631	-0.92543391924837	-0.652613590002213
SER227A	-1.62865835481421	-1.53629520221472	-1.72525397978	-1.29298821662732	-0.70786409783703	-0.559335246856509	-1.07020772706762	-1.32951889115112	-1.2372123419243	-1.12192201591582	-0.613043642298662	-0.502632125496929	-1.09226293085277	-0.948827388230631	-0.92543391924837	-0.652613590002213
THR102A	-1.62865835481421	-1.02767454952903	-1.46576726473403	-1.29298821662732	-0.709331571408485	-0.559335246856509	-1.58045346491159	-1.32951889115112	-1.2372123419243	-0.943621451039221	-0.613043642298662	-0.502632125496929	-1.09226293085277	-0.948827388230631	-0.92543391924837	-0.652613590002213
ARG248A	-1.14819182048929	-1.02767454952903	-1.07653719216507	-0.939613721543467	-0.397493437474251	-0.419318960006945	-0.559961989223644	-0.725192122446067	-0.74202267305066	-1.12192201591582	-0.613043642298662	-0.502632125496929	-1.09226293085277	-0.948827388230631	-0.92543391924837	-0.652613590002213
GLY199A	-1.14819182048929	-0.519053896843344	-1.20628054968806	-0.762926474001542	-0.59706984319216	-0.382289859352515	-1.07020772706762	-0.725192122446067	-1.03913647437485	-0.943621451039221	-0.613043642298662	-0.502632125496929	-1.09226293085277	-0.948827388230631	-0.92543391924837	-0.652613590002213
ASN288A	-1.62865835481421	-1.02767454952903	-1.59551062225701	-0.939613721543467	-0.709331571408485	-0.559335246856509	-1.58045346491159	-1.32951889115112	-1.2372123419243	-0.943621451039221	-0.613043642298662	-0.502632125496929	-1.09226293085277	-0.948827388230631	-0.92543391924837	-0.652613590002213
SER260A	-0.667725286164373	-1.02767454952903	-0.817050477119103	-1.29298821662732	-0.701994203551209	-0.559335246856509	-1.07020772706762	-1.32951889115112	-1.03913647437485	-1.12192201591582	-0.613043642298662	-0.502632125496929	-1.09226293085277	-0.948827388230631	-0.92543391924837	-0.652613590002213
VAL225A	-1.62865835481421	-1.02767454952903	-1.72525397978	-1.11630096908539	-0.709331571408485	-0.559335246856509	-1.58045346491159	-1.32951889115112	-1.2372123419243	-0.943621451039221	-0.613043642298662	-0.502632125496929	-1.09226293085277	-0.948827388230631	-0.92543391924837	-0.652613590002213
THR170A	-0.187258751839455	-0.0104332441576551	-0.298077047027165	-0.0561774838338429	-0.700526729979753	-0.557020928065607	-0.559961989223644	-0.725192122446067	-0.345870937951745	-0.587020321286027	-0.600879046509956	-0.499307557056656	0.153300060470564	-0.181103982815805	0.196594770410276	0.111708632522901
SER183A	-1.62865835481421	-1.02767454952903	-1.46576726473403	-0.762926474001542	-0.709331571408485	-0.559335246856509	-1.58045346491159	-1.32951889115112	-1.2372123419243	-0.943621451039221	-0.425506123889454	-0.195109544771699	-0.469481435191103	-0.181103982815805	-0.738429137638596	-0.652613590002213
GLU180A	-1.62865835481421	-1.02767454952903	-1.33602390721104	-0.939613721543467	-0.573590266048877	-0.345260758698085	-1.07020772706762	-0.725192122446067	-1.03913647437485	-1.12192201591582	-0.613043642298662	-0.502632125496929	-1.09226293085277	-0.948827388230631	-0.92543391924837	-0.652613590002213
SER121A	-1.62865835481421	-1.02767454952903	-0.946793834642088	-0.232864731375768	-0.709331571408485	-0.559335246856509	-1.58045346491159	-1.32951889115112	-1.2372123419243	-0.943621451039221	-0.613043642298662	-0.502632125496929	-1.09226293085277	-0.948827388230631	-0.92543391924837	-0.652613590002213
HIS115A	-2.10912488913913	-1.53629520221472	-1.85499733730298	-1.29298821662732	-0.709331571408485	-0.559335246856509	-1.58045346491159	-1.32951889115112	-1.2372123419243	-0.943621451039221	-0.613043642298662	-0.502632125496929	-1.09226293085277	-0.948827388230631	-0.92543391924837	-0.652613590002213
ARG181A	-2.10912488913913	-1.53629520221472	-1.85499733730298	-1.29298821662732	-0.709331571408485	-0.559335246856509	-1.58045346491159	-1.32951889115112	-1.2372123419243	-0.943621451039221	-0.613043642298662	-0.502632125496929	-1.09226293085277	-0.948827388230631	-0.92543391924837	-0.652613590002213
LEU201A	-2.10912488913913	-1.53629520221472	-1.85499733730298	-1.29298821662732	-0.709331571408485	-0.559335246856509	-1.58045346491159	-1.32951889115112	-1.2372123419243	-0.943621451039221	-0.613043642298662	-0.502632125496929	-1.09226293085277	-0.948827388230631	-0.92543391924837	-0.652613590002213
GLU224A	-2.10912488913913	-1.53629520221472	-1.85499733730298	-1.29298821662732	-0.709331571408485	-0.559335246856509	-1.58045346491159	-1.32951889115112	-1.2372123419243	-0.943621451039221	-0.613043642298662	-0.502632125496929	-1.09226293085277	-0.948827388230631	-0.92543391924837	-0.652613590002213
