Degree	Degree_sidechain	SecondOrderDegree	SecondOrderDegree_sidechain	NodeEdgeBetweennessSTRIDE	NodeEdgeBetweennessSTRIDE_sidechain	IntermodularDegreeSTRIDE	IntermodularDegreeSTRIDE_sidechain	SecondOrderIntermodularDegreeSTRIDE	SecondOrderIntermodularDegreeSTRIDE_sidechain	NodeEdgeBetweennessWALKTRAP	NodeEdgeBetweennessWALKTRAP_sidechain	IntermodularDegreeWALKTRAP	IntermodularDegreeWALKTRAP_sidechain	SecondOrderIntermodularDegreeWALKTRAP	SecondOrderIntermodularDegreeWALKTRAP_sidechain
CYS229A	5	4	14	7	834	573.460675714924	5	4	12	7	1	1	2	1	3	0
TRP146A	7	3	18	3	1620	268.441376316851	5	3	13	3	876	1	3	1	3	0
ARG273A	7	3	26	8	418	277.526956634189	5	3	13	6	737	131.219528812534	5	2	15	3
ASP281A	5	4	18	7	186	39.6925721783455	3	3	8	6	1	1	3	2	7	3
ARG196A	7	5	25	12	1322	600.191919966824	6	5	24	15	333	303.377587001751	3	2	7	3
ASP184A	5	5	15	10	680	120.049650169758	4	4	17	13	680	120.049650169758	4	4	7	5
CYS242A	7	5	19	9	222	87.6678774886316	5	4	23	12	143	48.1678774886316	2	2	7	4
HIS179A	7	5	20	9	3834	408.93507065861	7	5	27	12	2134	71	5	3	14	4
ARG202A	4	3	9	2	950	622.680445346015	3	3	3	2	950	622.680445346015	3	3	3	3
GLU221A	4	2	8	2	396	40.7438662623864	3	2	6	2	396	40.7438662623864	2	2	2	2
GLN104A	4	3	13	8	122	34.5816297769923	3	3	12	9	1	1	1	1	1	1
GLY108A	8	7	18	9	865	587.545393347556	7	6	26	12	1	1	1	1	1	1
ARG175A	7	6	22	13	3474	3379.49980330617	7	6	30	15	2045	1955.57276282849	3	3	7	5
GLY279A	9	9	27	23	228	214.181265826894	4	4	12	8	67	57.9641743296755	5	5	9	6
THR118A	6	4	16	8	1604	612.289061975754	6	4	13	7	1013	604.712932331801	3	3	5	4
PRO128A	4	4	9	5	428	428	3	3	9	3	1	1	1	1	1	1
TYR126A	7	2	19	3	2790	1031	6	2	18	2	381	1	4	1	10	0
ASP148A	4	3	11	8	186	46.048072183257	4	3	17	9	1	1	1	1	1	1
VAL147A	7	5	18	7	466	466	6	4	23	4	373	373	2	2	2	0
CYS176A	7	6	19	10	3491	1680.46281163454	5	4	23	12	1830	470.897882293146	3	3	10	4
SER106A	3	2	9	2	172	1	2	1	5	0	1	1	1	1	1	1
TYR107A	6	2	14	3	233	56.3380536171997	4	2	11	3	217	56.3380536171997	2	2	2	2
ARG249A	7	6	21	11	5100	2982.96183592686	7	6	23	12	1394	1173.96183592686	4	4	5	4
GLU171A	3	2	9	5	185	51.5500877606712	2	2	6	5	185	51.5500877606712	2	2	3	3
THR230A	6	5	12	7	597	375.806506575976	5	5	9	6	288	197.708558607751	3	2	5	3
THR231A	6	6	19	17	275	275	3	3	7	5	88	88	3	3	5	3
ARG283A	4	4	12	10	269	169.182692154861	2	2	5	3	322	178.218517825186	3	3	6	6
PRO223A	4	4	8	7	263	66.2914413922492	3	3	8	7	482	285.291441392249	4	4	4	1
TYR163A	5	3	21	9	1970	82.2990202108553	5	3	24	9	1970	82.2990202108553	4	3	12	5
SER241A	4	3	11	6	122	1	2	1	2	0	1	1	1	1	1	1
TYR239A	7	2	25	5	208	15.1009593322091	5	2	29	4	139	15.1009593322091	4	2	15	3
ARG213A	8	6	19	10	2006	466.23438997703	8	6	23	9	194	194	5	5	10	2
THR211A	6	5	13	8	729	729	3	2	10	5	1	1	1	1	1	1
GLN165A	4	4	8	6	382	95.3936668336702	4	4	8	6	278	77.1716724646328	2	2	3	2
GLN167A	4	3	6	3	105	86.7780056309626	2	2	3	3	1	1	1	1	1	1
GLY154A	5	5	15	12	202	202	4	4	15	9	1	1	2	2	4	2
PRO153A	3	2	6	4	1	1	1	1	1	1	1	1	1	1	1	1
ILE162A	7	3	23	5	2552	408.158862904088	6	3	23	5	2441	297.158862904088	6	2	15	1
VAL173A	8	8	20	19	2165	1919.51779657435	6	6	22	16	2304	1825.98819675505	6	6	14	8
THR253A	7	7	29	15	765	391.34599241389	5	5	24	12	435	235.373115026623	4	4	13	10
TYR236A	9	4	34	11	1250	188.019675887408	9	4	42	9	439	177.626884973377	4	3	14	4
ARG156A	9	4	27	10	271	64.6060236464421	7	3	30	5	170	64.6060236464421	5	3	9	4
VAL217A	7	7	23	19	2072	1185.24737971144	5	5	20	12	1887	1000.24737971144	4	4	13	9
GLU271A	6	4	19	6	6782	2475.68038037946	5	4	14	7	4366	2475.68038037946	5	4	11	4
PRO250A	6	5	14	9	4136	2262.82832753537	6	5	18	10	2122	248.828327535367	4	3	7	2
ALA203A	8	7	23	18	180	61.6241771771849	6	5	25	17	1	1	1	1	1	1
GLU204A	5	2	20	3	186	1	5	2	21	2	1	1	2	2	4	2
THR125A	9	8	30	23	1533	1032.71000625789	7	6	28	18	883	637.600179713549	6	5	13	3
CYS124A	7	5	25	16	217	157.614996011903	6	4	19	11	130	47.9972066394962	4	2	8	4
CYS141A	8	7	26	14	534	341.065724599971	5	5	23	15	1	1	1	1	1	1
ALA129A	4	4	8	8	2	1.5	2	2	2	2	1	1	1	1	1	1
HIS233A	3	2	8	5	186	1	2	1	3	0	1	1	1	1	1	1
THR140A	6	4	16	8	479	210.415855313698	4	3	7	2	294	25.4158553136976	3	2	5	2
CYS238A	12	7	31	13	4616	1467.93424021822	10	6	49	16	4414	1467.93424021822	8	5	22	6
MET246A	9	5	26	13	3252	1630	8	5	36	13	1533	1533	5	3	16	7
PRO142A	7	5	22	11	398	63.3426377298526	4	3	8	4	413	63.3426377298526	3	2	4	1
ASP208A	4	4	7	5	1	1	1	1	1	1	1	1	1	1	1	1
LEU264A	6	6	16	14	1960	1291	3	3	5	2	1716	769.161975732396	3	3	8	5
LEU265A	8	5	25	16	392	376	6	4	26	10	383	278.838024267604	5	2	12	2
GLY187A	4	4	8	5	188	21.5779425124864	3	3	5	3	3	3	2	2	4	0
LEU188A	6	2	17	7	186	2	4	2	10	4	185	1	5	1	6	0
ALA189A	6	6	17	11	2369	1664.35076756723	4	4	14	9	728	210.305986505594	3	3	6	2
TYR205A	7	4	28	15	4722	1375.33848055909	7	4	28	13	2403	1296	3	2	8	3
ARG110A	7	5	16	11	976	755.824904692195	7	5	22	12	504	504	3	2	4	0
GLN192A	6	3	12	6	286	1	4	1	7	0	101	1	2	1	3	0
PRO190A	7	5	20	12	1336	1336	2	2	6	3	1	1	2	2	4	0
GLY266A	8	8	21	17	240	195.373296599055	5	5	17	9	208	163.373296599055	5	5	15	9
ASN235A	5	5	14	9	1311	1218.06811977929	4	4	9	5	1311	1218.06811977929	4	4	5	3
LYS139A	5	2	15	3	1700	149.366542501751	4	2	10	3	831	1	2	1	3	0
ARG282A	8	6	23	12	2418	1422.50698916029	6	5	24	11	1251	427.506989160293	4	3	11	6
PHE134A	6	5	21	11	408	173	5	4	20	12	236	1	2	1	5	0
ARG158A	8	6	23	10	4102	2542.89445405316	5	5	15	9	4514	2542.89445405316	6	5	16	7
GLU258A	6	3	21	8	2904	538.18102547733	5	3	19	6	2928	448.80774639115	3	2	9	4
LYS164A	4	2	15	3	1602	627.638985632401	4	2	15	3	874	627.638985632401	3	2	7	3
MET169A	8	4	18	5	1372	1001	7	4	23	3	261	1	3	1	7	0
LEU252A	6	6	15	8	7794	7702.49489424091	5	5	14	6	382	290.494894240913	2	2	2	1
SER269A	4	1	8	1	2438	1	3	1	7	0	1150	1	2	1	2	0
MET237A	7	5	20	10	920	210.484424582845	7	5	26	14	524	62.6090596463102	4	3	7	4
PRO152A	5	4	14	9	731	260.999343034743	4	4	15	10	241	185.6619463828	3	3	3	1
LEU194A	6	6	24	19	262	232.5	6	6	32	22	60	30.5	4	4	12	10
ILE255A	9	5	31	14	3670	1067.45636270715	6	3	23	5	5099	876.833078632235	6	2	19	3
TYR234A	7	4	27	11	2447	207.534682909706	5	3	20	5	2545	256.534682909706	6	4	21	9
CYS220A	5	5	19	16	202	182.932313965184	5	5	27	20	101	81.9323139651841	2	2	4	4
THR155A	9	8	25	18	2346	1728.67355598117	9	8	36	22	1219	884.010952633116	5	5	11	6
VAL216A	9	9	26	20	1488	1411.49937946041	7	7	31	21	1308	1307	5	5	15	11
GLY262A	5	5	9	6	929	839.626720913819	3	3	7	4	1	1	1	1	1	1
PRO98A	5	5	14	7	1549	1276.76561002297	4	4	15	8	974	901.924964079662	3	3	8	4
VAL97A	5	5	10	9	265	263	4	4	10	4	476	335.075035920338	4	4	6	3
GLN100A	3	2	7	5	382	92.505105759087	2	2	4	4	584	92.505105759087	3	2	4	1
PRO219A	3	3	7	7	555	288.575688391599	2	2	2	2	1278	892.805772010895	3	3	4	4
VAL218A	7	7	19	14	1087	551.823464389341	5	5	20	14	1040	277.769916380704	3	3	7	6
THR256A	6	6	19	18	1482	714.626703400945	3	3	6	6	4294	3526.62670340095	5	5	13	8
ILE232A	7	5	27	16	1250	498.876947130092	5	4	21	12	1348	547.876947130092	6	5	17	10
ARG174A	4	3	14	6	139	35.6694764795104	3	3	7	4	214	35.6694764795104	3	2	8	3
ASN247A	3	1	7	1	87	1	2	1	2	0	1	1	1	1	1	1
MET243A	4	2	6	1	87	87	3	2	3	0	1	1	1	1	1	1
ASN200A	5	2	15	6	432	87.5523584334741	4	2	13	4	1	1	1	1	1	1
VAL197A	10	8	31	22	3312	1682.50062053959	9	7	35	18	2526	1231	5	4	14	8
VAL272A	9	8	32	20	145	95.6072090859694	5	4	22	11	977	938	6	5	20	8
VAL274A	11	10	32	25	2322	2044.78521529293	9	8	43	24	1135	958.773911343933	6	5	19	9
LEU130A	7	6	13	9	1148	784.037493586365	6	6	16	11	1	1	1	1	1	1
SER127A	5	3	12	6	630	378.709704612317	5	3	14	6	1	1	1	1	1	1
LEU114A	2	2	6	4	186	123.657362270147	2	2	3	2	186	123.657362270147	2	2	2	1
ALA276A	5	3	15	7	351	1	3	1	12	0	345	1	2	1	3	0
GLN136A	6	4	20	5	2196	1214.86125359473	6	4	22	3	996	527.227796096477	4	3	5	2
TYR103A	5	1	12	1	1029	1	4	1	11	0	371	1	2	1	2	0
ALA159A	6	6	24	16	532	304.008954383145	4	4	15	10	655	617.632238458059	5	5	18	12
CYS275A	7	7	20	15	315	161.006559843533	5	5	21	16	276	122.006559843533	4	4	11	6
LEU133A	6	6	23	17	368	324.420149013964	6	6	27	15	262	262	4	4	14	5
ASP207A	4	3	10	9	185	30.458169329334	3	3	9	9	181	29.8278460994628	2	2	3	3
HIS193A	7	7	17	12	651	566.185753386534	6	6	19	12	485	400.185753386534	4	4	7	5
ASN131A	4	3	12	3	2180	1150	4	3	14	2	1150	1150	3	3	7	1
PHE270A	9	3	23	7	7893	175.027122612733	8	3	32	7	4366	1	7	2	18	2
GLY244A	4	4	9	8	285	109.804133238211	3	3	6	6	1	1	1	1	1	1
GLY245A	7	7	19	15	611	388.664878234361	5	5	16	13	1	1	1	1	1	1
LYS132A	4	3	12	5	2650	1866.98134068372	3	3	8	6	1649	1170.68063398814	2	2	4	3
GLU198A	5	3	15	6	296	123.516024907009	4	3	14	5	296	123.516024907009	3	3	5	4
ASP228A	2	1	6	1	186	1	2	1	4	0	1	1	1	1	1	1
PRO191A	4	3	15	6	1366	1	2	1	6	0	1	1	1	1	1	1
ALA138A	4	4	14	9	188	126.39094035369	3	3	9	5	155	93.3909403536898	2	2	3	2
LEU137A	7	6	27	15	794	634.899040667791	6	5	35	13	649	634.899040667791	4	4	13	7
GLY112A	5	5	13	10	1272	1215.95340421781	3	3	6	3	1	1	1	1	1	1
PHE113A	5	3	16	4	1409	1400	4	3	16	3	1400	1400	3	3	9	1
HIS214A	5	5	12	9	452	263.686600804622	5	5	12	9	448	260.316924034493	4	4	6	4
ILE251A	6	5	24	18	186	59.5	6	5	24	15	79	59.5	4	4	12	9
VAL172A	5	5	16	15	534	534	4	4	10	6	681	469.011803244952	2	2	5	5
SER261A	5	1	8	1	1	1	2	1	3	0	1	1	1	1	1	1
ILE195A	6	5	24	12	472	188.128037013776	6	5	24	11	472	188.128037013776	6	5	17	9
LEU257A	9	7	26	17	1466	812.5567334017	8	7	38	22	1317	738.0567334017	5	4	15	6
PHE109A	6	2	26	5	1214	195	6	2	27	2	678	195	4	2	13	1
ASP259A	6	5	12	4	491	133.077280864143	3	2	8	2	1	1	1	1	1	1
LEU145A	5	5	19	15	1037	587.001486287718	4	4	15	13	591	364.001486287718	3	3	9	7
SER96A	3	1	7	1	186	1	3	1	10	0	186	1	2	1	4	0
ILE254A	6	3	23	5	1143	846.841137095912	3	3	7	3	1096	799.841137095912	2	2	5	1
ASP186A	5	4	10	7	910	700.694013494406	4	3	8	4	910	700.694013494406	3	3	6	2
ASN263A	4	3	7	4	524	59.9227191358571	4	3	5	1	1	1	1	1	1	1
THR123A	4	4	15	11	366	183.772203903523	3	3	10	6	366	183.772203903523	3	3	6	3
SER185A	4	3	8	5	186	167.422057487514	3	3	5	4	1	1	1	1	1	1
VAL122A	9	7	24	18	313	228.314107810524	6	5	22	11	1	1	2	2	3	1
PRO222A	4	2	7	2	1	1	2	1	4	0	220	1	2	1	3	0
GLY105A	7	7	18	13	594	594	6	6	18	9	371	371	3	3	5	1
VAL157A	9	8	28	22	689	269.62156658219	7	6	27	18	540	195.12156658219	5	4	15	7
LEU111A	7	6	21	13	5633	5185.12123077937	6	6	21	12	4984	4860.62123077937	4	4	13	4
ALA161A	6	6	21	15	664	299.354166411872	4	4	15	13	445	353.871962986223	4	4	14	6
VAL143A	7	6	21	14	402	238.5	5	4	14	9	417	355	4	3	9	4
PRO278A	9	7	28	21	924	610	8	6	29	12	577	577	3	3	4	2
GLU285A	6	4	18	7	1594	305.699293304413	5	4	15	7	1	1	1	1	1	1
THR284A	4	4	9	6	1	1	1	1	1	1	1	1	1	1	1	1
CYS135A	6	5	27	17	642	120.887826425171	6	5	31	17	291	1	2	1	2	0
GLN144A	6	3	16	6	840	57.0465957821894	3	2	6	2	1	1	1	1	1	1
GLU286A	4	3	13	6	216	110.252801801318	3	2	9	2	1	1	1	1	1	1
SER240A	4	3	18	11	186	158	4	3	19	9	158	158	3	3	9	5
ARG209A	3	1	4	1	1	1	1	1	1	1	1	1	1	1	1	1
ASN210A	4	2	7	1	1	1	1	1	1	1	1	1	1	1	1	1
ALA119A	5	3	15	4	369	369	3	2	8	3	1	1	1	1	1	1
LYS120A	2	1	4	1	1	1	1	1	1	1	1	1	1	1	1	1
HIS178A	5	2	12	3	73	1.49460447623342	3	2	8	2	184	1	4	1	7	0
CYS277A	7	4	15	5	250	67.4433642692431	3	2	8	1	223	67.4433642692431	2	2	2	1
HIS168A	4	3	9	7	186	89.1890561016092	3	2	9	5	186	89.1890561016092	2	2	3	3
ARG280A	6	3	15	5	223	156.556635730757	2	2	2	1	236	156.556635730757	3	2	5	1
PHE212A	3	1	7	1	186	1	2	1	3	0	1	1	1	1	1	1
ARG267A	5	4	12	7	266	231.449325051957	3	3	3	1	169	134.449325051957	2	2	3	3
LYS101A	3	1	7	1	98	1	2	1	2	0	89	1	2	1	3	0
CYS182A	6	4	9	6	369	368.505395523767	3	3	8	5	552	367	3	2	5	2
PRO151A	5	3	12	2	554	116.078819607255	5	3	15	2	369	1	3	1	6	0
THR150A	2	2	4	2	186	70.9211803927449	2	2	4	2	1	1	1	1	1	1
ASP268A	4	4	13	9	186	124.378769220634	3	3	11	9	186	124.378769220634	3	3	5	4
SER99A	5	4	9	4	216	35.5506749480427	3	2	4	2	459	325.550674948043	4	4	4	2
SER149A	4	2	11	2	190	17	4	2	12	1	1	1	1	1	1	1
LEU206A	5	3	15	7	185	32.4186549585892	4	2	13	4	185	32.4186549585892	4	2	12	4
GLY117A	4	4	11	8	302	167.815876813782	3	3	11	8	1	1	1	1	1	1
SER116A	3	1	9	1	68	1	2	1	5	0	1	1	1	1	1	1
SER215A	6	3	19	7	1042	280.025741239212	5	3	15	5	876	280.025741239212	5	3	16	5
SER166A	3	2	9	2	273	1	2	1	6	0	1	1	1	1	1	1
ARG290A	2	2	1	1	2	1.79009500860126	2	2	1	1	1	1	1	1	1	1
GLU287A	2	2	1	1	2	1.20990499139874	2	2	1	1	1	1	1	1	1	1
PRO177A	5	5	11	9	202	128.530988527428	3	3	4	3	1	1	2	2	3	0
LEU289A	3	3	8	7	186	93.5	3	3	6	6	1	1	1	1	1	1
MET160A	6	2	16	3	394	321	4	2	12	2	634	321	5	2	16	2
GLY226A	3	3	1	1	3	3	2	2	1	0	1	1	1	1	1	1
SER227A	2	1	2	1	3	1	2	1	1	0	1	1	1	1	1	1
THR102A	2	2	4	1	1	1	1	1	1	1	1	1	1	1	1	1
ARG248A	3	2	7	3	426	122	3	2	6	0	1	1	1	1	1	1
GLY199A	3	3	6	4	154	154	2	2	3	1	1	1	1	1	1	1
ASN288A	2	2	3	3	1	1	1	1	1	1	1	1	1	1	1	1
SER260A	4	2	9	1	11	1	2	1	3	0	1	1	1	1	1	1
VAL225A	2	2	2	2	1	1	1	1	1	1	1	1	1	1	1	1
THR170A	5	4	13	8	13	3	3	2	10	3	13	3	3	2	7	3
SER183A	2	2	4	4	1	1	1	1	1	1	186	186	2	2	2	1
GLU180A	2	2	5	3	186	186	2	2	3	0	1	1	1	1	1	1
SER121A	2	2	8	7	1	1	1	1	1	1	1	1	1	1	1	1
HIS115A	1	1	1	1	1	1	1	1	1	1	1	1	1	1	1	1
ARG181A	1	1	1	1	1	1	1	1	1	1	1	1	1	1	1	1
LEU201A	1	1	1	1	1	1	1	1	1	1	1	1	1	1	1	1
GLU224A	1	1	1	1	1	1	1	1	1	1	1	1	1	1	1	1
