Degree	Degree_sidechain	SecondOrderDegree	SecondOrderDegree_sidechain	NodeEdgeBetweennessSTRIDE	NodeEdgeBetweennessSTRIDE_sidechain	IntermodularDegreeSTRIDE	IntermodularDegreeSTRIDE_sidechain	SecondOrderIntermodularDegreeSTRIDE	SecondOrderIntermodularDegreeSTRIDE_sidechain	NodeEdgeBetweennessWALKTRAP	NodeEdgeBetweennessWALKTRAP_sidechain	IntermodularDegreeWALKTRAP	IntermodularDegreeWALKTRAP_sidechain	SecondOrderIntermodularDegreeWALKTRAP	SecondOrderIntermodularDegreeWALKTRAP_sidechain
CYS229A	5	4	13	8	916	366.734344919679	5	4	12	7	542	366.734344919679	4	4	8	5
TRP146A	7	3	19	3	754	286.301645294089	5	3	14	3	1085	286.301645294089	5	3	8	3
CYS141A	10	8	35	16	812	349.676109157304	6	6	30	16	1	1	1	1	1	1
PRO142A	7	5	22	13	463	63.4497790132072	4	3	9	5	1	1	1	1	1	1
ARG273A	7	3	25	8	426	335.624797257052	5	3	13	6	563	1	4	1	9	0
ASP281A	4	4	13	7	592	164.643677154504	3	3	8	6	1	1	1	1	1	1
ARG196A	8	6	26	13	1091	512.220320767826	7	6	27	17	603	80.5129859520343	4	2	12	4
ASP184A	5	5	16	11	492	111.040847877176	4	4	18	14	1	1	1	1	1	1
CYS242A	7	5	21	9	96	47.3832917961284	5	4	24	12	86	43.5	3	3	11	9
HIS179A	8	6	22	12	1936	224.772160381612	8	6	32	17	758	165.080138639095	5	5	16	14
GLN104A	4	3	13	8	169	46.8081057906751	3	3	12	9	18	1	2	1	5	0
GLY108A	8	7	20	11	1456	1037.93986813135	7	6	27	13	818	664	3	2	9	0
ARG175A	7	6	21	14	3250	2298.24727849971	7	6	31	17	2126	1275	3	2	9	1
GLY279A	6	6	19	16	303	286.786373547689	3	3	9	7	303	286.786373547689	3	3	6	5
THR118A	6	4	13	8	1468	508.936513855712	6	4	11	7	1082	500.619098771402	4	3	5	3
PRO128A	4	4	11	6	646	602.753502059747	3	3	10	5	1	1	1	1	1	1
TYR126A	7	2	20	3	1812	61	6	2	20	2	804	1	4	1	10	0
ASP148A	4	3	11	8	186	42.8440598411959	4	3	17	9	1	1	1	1	1	1
VAL147A	7	5	20	8	207	207	6	4	23	4	359	359	3	3	8	2
CYS176A	7	6	21	12	2091	709.308525020769	5	4	24	12	1879	918.623887786871	5	5	15	12
ARG249A	7	6	20	12	3540	2560.26815845472	7	6	24	13	2182	1431.76815845472	5	4	7	5
GLU171A	3	2	9	5	185	52.8146680956103	2	2	6	5	185	52.8146680956103	2	2	4	3
THR230A	5	4	14	10	479	346.094689392962	4	3	11	5	833	578.587872815386	4	3	6	3
THR231A	6	6	17	14	349	349	3	3	7	5	358	122.506816577576	2	2	3	2
TYR163A	6	4	26	14	2760	146.486133039062	6	4	30	13	1356	146.486133039062	4	4	9	5
SER241A	4	3	14	6	1	1	1	1	1	1	1	1	1	1	1	1
TYR239A	6	2	23	6	449	10.7223921157956	4	2	21	5	358	10.7223921157956	3	2	7	3
ASN235A	5	5	13	7	621	551.809941706281	4	4	9	4	161	91.8099417062808	2	2	3	2
GLU198A	5	3	15	6	354	124.343396409084	4	3	8	5	259	124.343396409084	4	3	8	2
ARG213A	9	6	25	12	2444	518.973368301011	9	6	31	11	1047	333.973368301011	6	5	13	5
THR211A	7	6	16	8	729	729	4	3	14	6	1	1	1	1	1	1
GLN165A	5	4	13	5	614	141.508543135916	5	4	14	5	1	1	1	1	1	1
GLN167A	4	3	6	3	215	178.866995680032	2	2	4	3	1	1	1	1	1	1
GLY154A	5	5	15	12	200	200	4	4	14	9	52	52	2	2	4	2
PRO153A	3	2	6	4	1	1	1	1	1	1	1	1	1	1	1	1
ILE162A	7	3	25	7	2854	330.581491816078	6	3	27	7	1964	330.581491816078	4	2	11	1
VAL173A	8	7	24	19	3321	2982.47603416498	6	6	26	20	720	44	3	2	5	2
THR253A	7	7	28	15	1839	937.297425329017	5	5	24	12	1926	980.797425329017	6	6	16	9
TYR236A	11	4	41	11	3594	474.120548231177	11	4	55	9	1394	397.117440954587	4	2	11	5
ARG156A	8	4	27	10	286	92.0453234928327	6	3	25	5	286	92.0453234928327	5	3	12	6
VAL217A	7	7	23	19	2517	2044.90742267177	5	5	19	12	4079	2790.17097970433	6	6	18	15
GLU271A	6	4	18	5	2934	636.710368347727	5	4	13	6	3498	459.91830130612	4	2	9	1
PRO250A	5	4	14	9	774	652.624461184053	5	4	17	10	458	458	3	3	5	3
ALA203A	7	6	19	13	186	62.6301755160676	5	4	18	10	186	62.6301755160676	3	3	11	10
GLU204A	5	2	18	3	186	1	5	2	18	2	1	1	3	2	6	2
THR125A	9	8	31	22	1811	1118.52122368343	7	6	29	18	1541	1061.92064008595	7	6	17	6
CYS124A	7	5	27	17	309	231.600446636444	6	4	22	13	234	89.5035598916488	4	2	12	5
ALA129A	5	4	10	8	2	1.5	3	2	7	2	1	1	1	1	1	1
HIS233A	3	2	8	5	166	1	2	1	3	0	1	1	1	1	1	1
THR140A	6	4	16	9	381	209.846661884635	4	3	7	2	99	44.8466618846351	2	2	3	2
ALA161A	8	8	26	20	1379	582.289961728079	6	6	25	22	756	396.265995893058	4	4	10	7
LEU252A	6	5	16	8	975	830.104323281053	5	4	13	5	1152	1007.10432328105	6	5	10	3
ARG248A	4	3	10	4	186	102.528734222386	4	3	10	4	1	1	2	1	2	0
MET243A	6	4	11	5	552	374.841122889984	4	3	8	4	1	1	2	1	3	0
CYS238A	10	6	32	14	4446	1477.22804454401	9	5	49	16	2596	1477.22804454401	8	6	24	12
MET246A	9	5	26	14	1878	973.675671262918	8	5	36	14	856	850.675671262918	5	3	16	9
ASP208A	4	4	8	6	1	1	1	1	1	1	1	1	1	1	1	1
VAL172A	6	6	20	17	670	670	4	4	12	7	677	677	3	3	5	3
GLY187A	4	4	9	5	188	21.7738251089279	3	3	6	3	3	3	2	2	3	0
LEU188A	6	2	16	6	186	1	4	2	9	3	186	1	4	1	7	0
ALA189A	6	6	17	12	2029	1354.78715331249	4	4	15	10	1267	627.498254502302	5	5	13	6
TYR205A	7	4	29	16	4698	71.192152243655	7	4	27	13	1492	1	3	2	8	1
ARG110A	7	5	16	11	1102	808.407966236781	7	5	22	12	447	447	3	2	6	2
GLN192A	6	3	13	6	360	1	4	1	7	0	360	1	4	2	9	3
PRO190A	7	5	20	12	1492	1492	2	2	6	3	3538	2284.44209205727	6	4	15	9
VAL143A	8	7	27	21	443	318.5	5	4	14	8	1	1	1	1	1	1
GLY266A	8	8	22	18	549	521.175927219159	5	5	17	9	463	463	5	5	14	4
LEU264A	6	5	16	11	1207	799	3	3	5	2	1038	755.140898895479	3	3	5	1
LYS139A	5	1	16	1	696	1	4	1	10	0	1	1	1	1	1	1
ARG282A	7	6	21	14	1883	887.439339990563	6	5	25	13	1076	306.439339990563	3	3	9	7
PHE134A	7	5	24	11	437	227	5	4	20	11	211	1	3	1	9	0
ARG158A	8	6	22	9	2261	1401.21765595439	5	5	15	8	1757	1151.68378670185	4	4	9	7
GLU258A	5	2	20	5	1646	186.597935547402	5	2	19	4	892	186.597935547402	2	2	3	3
LYS164A	4	2	16	3	1592	632.207932958393	4	2	15	3	78	1	2	1	5	0
MET169A	9	5	22	8	1585	978	8	5	29	7	608	1	3	1	8	0
MET237A	8	5	24	10	1076	241.897273105744	7	5	30	15	574	73.892734298421	5	2	15	1
PRO152A	5	4	13	9	565	212.968281139609	4	4	14	10	185	151.220668058812	3	3	4	1
LEU194A	8	8	33	25	242	211.324328737082	8	8	45	28	188	184.324328737082	5	5	18	9
VAL216A	8	8	24	19	4499	4080.89623155	6	6	25	16	1418	561.272473617145	3	3	7	6
GLY262A	5	5	8	6	930	930	3	3	7	3	1	1	1	1	1	1
PRO98A	6	5	18	8	1459	1202.02663169899	5	4	20	9	1459	1202.02663169899	4	4	11	6
VAL97A	5	5	13	11	651	629.5	4	4	12	6	651	629.5	4	4	5	1
GLN144A	7	5	18	8	1855	413.876748577615	4	4	8	7	420	75.9640097862317	2	2	3	3
PRO219A	3	3	7	7	364	184.071538897387	2	2	2	2	890	552.779368746085	3	3	7	7
VAL218A	7	7	19	14	1046	529.141333687979	5	5	18	12	1281	632.397473189573	6	6	14	12
THR256A	5	5	15	14	909	436.824072780841	3	3	6	6	1698	1698	3	3	10	6
ILE232A	7	5	29	18	384	129.304302230666	5	4	22	14	187	61.9415878530543	4	3	15	8
TYR234A	7	3	28	8	1297	71.9936791260679	5	2	19	3	1086	71.9936791260679	3	2	8	2
ARG174A	5	4	18	10	143	37.2623344545816	3	3	7	4	186	37.2623344545816	4	3	7	5
ASN247A	5	3	13	4	367	76.6301428876297	4	3	9	4	1	1	1	1	1	1
ASN200A	5	2	15	6	504	99.2284907959535	4	2	13	4	314	99.2284907959535	3	2	11	5
VAL197A	10	8	32	22	2425	1555.10376845	8	6	30	14	984	984	7	6	15	7
VAL272A	8	8	32	23	910	832.996892723411	4	4	21	13	1844	1844	4	4	11	6
VAL274A	11	10	32	25	5299	4820.40555298617	9	8	43	23	588	408.019567908996	5	4	8	2
GLN136A	6	4	21	5	1496	674.701438671282	6	4	23	2	674	337.701438671282	4	3	8	2
LEU130A	7	6	14	9	1224	802.416657700833	6	6	17	12	1	1	1	1	1	1
SER127A	6	5	12	10	908	487.497255653785	6	5	16	9	1	1	1	1	1	1
LEU114A	3	3	10	7	370	219.550220986793	3	3	6	5	1	1	1	1	1	1
ARG290A	2	2	1	1	2	1.78526843679525	2	2	1	1	1	1	1	1	1	1
GLU287A	2	2	1	1	2	1.21473156320475	2	2	1	1	1	1	1	1	1	1
ALA276A	5	3	14	7	185	1	3	1	12	0	160	1	2	1	3	0
TYR103A	5	1	12	1	871	1	4	1	11	0	871	1	4	1	11	0
ALA159A	6	6	23	14	1211	664.314501184853	4	4	13	7	1138	627.814501184853	3	3	7	4
LEU145A	7	7	26	21	1951	993.616390230245	6	6	24	17	1072	431.905310607038	3	3	7	5
CYS275A	7	7	20	15	269	162.711957679448	5	5	21	16	61	27.9804320910042	2	2	4	3
LEU133A	9	8	34	23	844	751.797662220126	8	7	40	19	286	286	4	4	11	5
ASP207A	4	3	10	9	168	21.646934369916	3	3	9	9	164	21.0642143302641	2	2	4	4
LEU206A	5	3	15	7	202	36.765531586146	4	2	13	4	202	36.765531586146	4	2	8	3
ASN131A	4	3	11	3	554	494	4	3	12	2	494	494	3	3	3	1
PHE270A	8	3	25	7	3941	415.585133716395	7	3	32	7	1085	415.585133716395	3	2	7	5
GLY244A	5	5	13	10	186	71.6571791971861	4	4	10	8	144	53.6819503341308	2	2	3	3
GLY245A	8	7	24	17	1133	885.524771136945	6	5	22	14	1	1	2	1	3	0
LYS132A	4	3	13	4	2559	1832.14539439986	3	3	8	5	1604	1145.08169869388	2	2	3	1
ASP228A	3	1	7	1	186	1	3	1	6	0	186	1	2	1	4	0
PRO191A	4	3	15	6	1275	1	2	1	6	0	2348	1074	3	2	7	3
ALA138A	4	4	15	9	196	123.107265701579	3	3	9	4	181	108.107265701579	2	2	4	1
LEU137A	8	7	30	15	882	504.277607884204	7	6	42	17	468	458.277607884204	4	4	10	6
GLY112A	5	5	15	12	1260	1010.08726120862	3	3	7	5	1	1	1	1	1	1
PHE113A	5	3	16	4	1988	1927	4	3	15	3	777	777	2	2	3	0
ILE251A	6	4	22	14	271	16.5	5	4	24	16	178	1	3	2	9	2
SER261A	5	1	8	1	1	1	2	1	3	0	1	1	1	1	1	1
ARG267A	5	4	12	6	579	478.759557818281	3	3	3	1	654	283.859101104521	3	2	6	2
ILE195A	6	5	27	15	2384	941.734004106942	6	5	28	14	1071	816.734004106942	3	3	6	4
LEU257A	8	6	27	17	1963	1003.89865303708	7	6	34	19	2345	805.398653037076	6	4	15	4
PHE109A	8	4	33	14	2043	363.426205999181	7	3	30	6	1334	1	5	1	13	0
ASP259A	6	5	12	4	567	168.914126882036	3	2	8	2	1	1	1	1	1	1
LEU265A	8	5	25	16	497	478.5	6	4	25	9	1	1	2	1	5	0
SER96A	4	2	12	5	186	1	4	2	14	2	1	1	2	1	3	0
SER185A	5	3	11	5	186	167.226174891072	4	3	11	4	1	1	1	1	1	1
HIS193A	7	7	17	12	752	659.717450075026	6	6	19	12	1668	818.756409071598	5	5	12	8
HIS214A	5	5	13	10	808	356.373281100477	5	5	12	9	804	352.956001140128	4	4	10	7
ILE254A	6	4	23	9	1471	1141.41850818392	4	4	11	6	2164	881.418508183922	4	2	13	1
ASP186A	5	4	10	7	912	708.50770849182	4	3	9	4	912	708.50770849182	3	3	7	4
ASN263A	4	3	7	4	600	83.0858731179645	4	3	5	1	1	1	1	1	1	1
SER166A	3	2	9	2	155	1	2	1	7	0	1	1	1	1	1	1
THR123A	5	4	19	11	364	186.298561328718	4	3	17	6	364	186.298561328718	4	3	10	3
TYR107A	4	2	14	3	158	34.779331941188	3	2	8	3	158	34.779331941188	3	2	7	2
VAL122A	8	7	17	16	307	223.920834000832	5	5	14	10	91	80.213626452311	4	4	7	3
ARG202A	4	3	9	3	562	378.928461102613	3	3	3	1	562	378.928461102613	3	3	5	3
GLU221A	5	2	9	1	202	1	3	1	5	0	415	22.6550419697618	4	2	5	1
GLY105A	7	7	16	13	627	627	6	6	17	9	644	644	6	6	9	2
VAL157A	9	8	29	22	2886	1043.05841214695	7	6	25	14	2076	431.558412146946	5	4	15	7
LEU111A	8	7	28	18	3081	2822.91883781601	6	6	21	13	186	58.9188378160119	2	2	2	2
PRO278A	9	7	22	15	1485	1077	8	6	26	9	1267	901	5	4	13	4
GLU285A	6	3	19	4	1536	268.936304294016	5	3	15	4	1	1	1	1	1	1
THR284A	4	4	9	5	1	1	1	1	1	1	1	1	1	1	1	1
CYS135A	5	4	28	16	2028	449.539796908956	5	4	30	15	750	1	2	1	4	0
GLN100A	3	2	8	4	376	145.895676718947	2	2	4	3	376	145.895676718947	2	2	5	4
PRO222A	3	2	6	1	1	1	1	1	1	1	207	185.344958030238	2	2	3	1
CYS220A	4	2	16	2	670	1	3	1	14	0	267	11	3	2	7	1
THR155A	9	8	25	16	1846	1465.35373388213	9	8	32	16	1259	1097.60134696292	5	5	13	6
HIS168A	4	3	10	7	186	96.9310404106079	3	2	10	5	186	96.9310404106079	2	2	4	3
GLU286A	4	3	12	8	171	84.1161137373613	3	2	10	4	1	1	1	1	1	1
SER240A	4	3	18	11	186	154	4	3	19	9	154	154	3	3	7	3
SER269A	3	1	5	1	186	1	2	1	3	0	186	1	2	1	2	0
ASN210A	4	2	8	1	1	1	1	1	1	1	1	1	1	1	1	1
ALA119A	4	3	10	4	369	369	2	2	5	3	1	1	1	1	1	1
LYS120A	2	1	3	1	1	1	1	1	1	1	1	1	1	1	1	1
HIS178A	5	3	13	7	75	13.8510584257342	3	3	9	7	112	1	2	1	4	0
CYS277A	7	4	15	5	364	51.8546144163159	3	2	8	1	1	1	1	1	1	1
ILE255A	8	4	29	13	2216	440.191819689079	5	2	20	3	2942	1527.69181968908	6	4	16	8
ASP268A	4	4	13	10	186	128.081162183988	3	3	11	9	186	128.081162183988	3	3	3	2
ARG280A	6	3	12	5	213	162.145385583684	2	2	2	1	1	1	1	1	1	1
PHE212A	3	1	9	1	186	1	2	1	3	0	1	1	1	1	1	1
LYS101A	3	1	7	1	116	1	2	1	2	0	1	1	1	1	1	1
CYS182A	6	4	10	7	369	368.456919831749	3	3	9	7	1	1	1	1	1	1
PRO151A	5	3	12	1	566	126.920087704134	5	3	14	1	371	1	3	1	6	0
THR150A	2	2	4	2	186	70.0799122958657	2	2	4	2	1	1	1	1	1	1
ARG283A	4	4	12	9	205	134.517361260441	2	2	5	3	205	134.517361260441	2	2	3	2
SER99A	5	4	10	4	724	101.240442181719	3	2	5	2	1	1	1	1	1	1
PRO223A	4	4	5	5	375	375	3	3	6	3	1	1	1	1	1	1
SER149A	3	1	9	1	190	1	3	1	9	0	1	1	1	1	1	1
GLY117A	4	4	11	8	306	168.878353661335	3	3	11	8	123	123	2	2	2	0
SER116A	3	1	8	1	64	1	2	1	4	0	186	1	3	1	4	0
GLY226A	3	3	1	1	3	2.56943255489633	2	2	1	1	1	1	1	1	1	1
SER227A	2	2	2	2	3	1.43056744510367	2	2	1	1	1	1	1	1	1	1
SER215A	6	3	19	7	890	255.466130747458	5	3	16	5	1	1	2	2	3	1
PRO177A	5	5	13	11	144	91.3180496658691	3	3	6	5	462	304.885978695895	4	4	6	5
LEU289A	3	3	8	7	186	66.7164708482734	3	3	7	6	1	1	1	1	1	1
THR102A	2	2	4	1	1	1	1	1	1	1	1	1	1	1	1	1
MET160A	7	3	25	8	685	651	5	3	21	7	407	266	4	2	11	4
ASN288A	2	2	3	3	1	1	1	1	1	1	1	1	1	1	1	1
SER106A	2	1	6	1	186	1	2	1	5	0	186	1	2	1	5	0
GLY199A	3	3	6	4	286	286	3	3	6	3	1	1	1	1	1	1
SER260A	4	2	9	1	10	1	2	1	3	0	1	1	1	1	1	1
ARG209A	3	1	4	1	1	1	1	1	1	1	1	1	1	1	1	1
THR170A	5	4	15	9	120	22.5	3	2	11	3	120	22.5	3	2	8	3
VAL225A	2	2	2	2	1	1	1	1	1	1	1	1	1	1	1	1
SER183A	2	2	4	4	1	1	1	1	1	1	1	1	1	1	1	1
GLU180A	2	2	5	3	186	186	2	2	3	0	186	186	2	2	3	1
SER121A	2	2	7	7	1	1	1	1	1	1	1	1	1	1	1	1
HIS115A	1	1	1	1	1	1	1	1	1	1	1	1	1	1	1	1
ARG181A	1	1	1	1	1	1	1	1	1	1	1	1	1	1	1	1
LEU201A	1	1	1	1	1	1	1	1	1	1	1	1	1	1	1	1
GLU224A	1	1	1	1	1	1	1	1	1	1	1	1	1	1	1	1
