Degree	Degree_sidechain	SecondOrderDegree	SecondOrderDegree_sidechain	NodeEdgeBetweennessSTRIDE	NodeEdgeBetweennessSTRIDE_sidechain	IntermodularDegreeSTRIDE	IntermodularDegreeSTRIDE_sidechain	SecondOrderIntermodularDegreeSTRIDE	SecondOrderIntermodularDegreeSTRIDE_sidechain	NodeEdgeBetweennessWALKTRAP	NodeEdgeBetweennessWALKTRAP_sidechain	IntermodularDegreeWALKTRAP	IntermodularDegreeWALKTRAP_sidechain	SecondOrderIntermodularDegreeWALKTRAP	SecondOrderIntermodularDegreeWALKTRAP_sidechain
ILE142A	-0.254300709791735	-0.0535386195250264	0.201829771689738	0.332698543631118	0.061860941349129	-0.0211807277918044	0.318068409693101	0.378995245255004	0.392617964474628	0.484927698614343	0.0690560402166091	-0.0668544203092856	0.126152873305893	0.558303975950992	-0.0987351426328389	0.543450472065773
VAL112A	1.40114704806819	1.72394354870585	1.40555703278542	2.36875230373307	0.0491856744072927	0.602717351354541	0.765520579261362	0.921350510016475	0.546513081600457	1.02337584557074	0.0851735975157052	0.510398493493619	1.22833060850474	1.28805562955622	1.39126791891728	1.70002455364165
CYS118A	0.987285108603208	1.27957300664813	0.502761586963659	1.09621870366935	1.97875131116838	3.56544863203614	0.318068409693101	0.921350510016475	0.700408198726285	1.42721195578803	-0.442986357054674	-0.260548085396158	0.126152873305893	0.558303975950992	0.172174504921727	0.254306951671804
GLU143A	0.573423169138227	0.390831922532694	0.603072192054966	0.0781918236183733	1.34498796407656	0.373920417486213	0.765520579261362	0.378995245255004	0.854303315852113	0.350315661875244	0.878653341471205	0.550732630498107	0.677241740905318	1.28805562955622	-0.0987351426328389	0.543450472065773
TYR96A	0.159561229673246	-0.497909161582747	0.603072192054966	0.0781918236183733	-0.0512414405934107	-0.529518833825479	0.318068409693101	-0.163360019506467	0.315670405911714	0.215703625136146	0.114929087914036	-0.562197378108975	0.677241740905318	-0.901199331259474	0.578538976253577	-0.902267129904072
VAL9A	1.81500898753317	2.16831409076357	2.00742066333326	2.2414989437267	-0.63917882258782	-0.475019485251981	1.21297274882962	1.46370577477795	1.39293622579251	1.15798788230983	-0.37975593995822	-0.273410531663126	0.677241740905318	1.28805562955622	0.71399380003086	0.832593992459742
GLY138A	-0.254300709791735	0.390831922532694	-0.19941264867549	0.205445183624746	-0.00249041389404016	0.655337143313218	0.318068409693101	0.921350510016475	-0.0690673869028567	-0.0535204483420511	-0.106997277973517	0.363474497238754	-0.424935994293532	-0.171447677654241	-0.0987351426328389	-0.034836568722165
ILE139A	0.987285108603208	-0.0535386195250264	0.904004007328886	0.332698543631118	0.605922399314105	0.751631417408507	1.21297274882962	0.378995245255004	1.00819843297794	0.350315661875244	1.4849214583372	1.39506902498946	2.33050834370359	1.28805562955622	0.984903447585426	0.832593992459742
ARG97A	0.159561229673246	0.835202464590414	0.101519166598431	0.0781918236183733	0.735600130334431	1.49975153295311	0.318068409693101	0.921350510016475	0.161775288785886	0.0810915883970473	1.25803584404993	2.32674616906694	0.126152873305893	0.558303975950992	-0.0987351426328389	-0.034836568722165
MET111A	0.987285108603208	-0.0535386195250264	1.30524642769411	0.205445183624746	2.18155558223776	0.519437634278073	1.21297274882962	0.378995245255004	1.16209355010377	0.350315661875244	2.0180406613073	1.02069474959347	0.677241740905318	0.558303975950992	0.71399380003086	0.832593992459742
ASP108A	-0.668162649256717	-0.942279703640467	-0.500344463949411	-1.06708841643898	-0.618703391374084	-0.616609172876927	-0.576835929443421	-0.705715284267938	-0.530752738280342	-0.861192668776642	-0.407031806156691	-0.502602389691048	0.126152873305893	-0.171447677654241	-0.505099613964688	-0.613123609510103
HIS166A	-1.0820245887217	-0.942279703640467	-0.901586884314638	-1.06708841643898	-0.308646861566087	-0.436906994146472	-0.576835929443421	-0.705715284267938	-0.530752738280342	-0.861192668776642	-0.407031806156691	-0.253365749473079	-0.424935994293532	-0.171447677654241	-0.640554437741971	-0.613123609510103
ALA59A	0.573423169138227	1.27957300664813	0.502761586963659	1.22347206367572	-0.0492913995254359	0.575645330268842	-0.12938375987516	0.378995245255004	-0.453805179717428	-0.322744521820248	1.37581799354332	2.00034697914196	0.677241740905318	1.28805562955622	0.0367196811444442	0.832593992459742
GLY60A	0.987285108603208	1.72394354870585	0.703382797146272	0.968965343662978	0.167163159019769	0.856170324563042	0.765520579261362	1.46370577477795	0.546513081600457	0.888763808831638	0.450918166995193	1.26469888953276	1.22833060850474	2.01780728316146	0.30762932869901	0.832593992459742
ARG161A	-0.254300709791735	-0.497909161582747	-0.901586884314638	-0.812581696426232	-0.47732541394591	-0.263132019409704	-1.02428809901168	-0.705715284267938	-0.915490531094913	-0.591968595298445	-0.208661870167816	0.0221901932801103	0.126152873305893	0.558303975950992	-0.369644790187405	-0.323980089116134
ASP47A	-0.254300709791735	-0.0535386195250264	-0.500344463949411	-0.0490615363879988	-0.0297909888456877	-0.372471247083371	0.318068409693101	0.378995245255004	-0.146014945465771	0.215703625136146	0.334375829601729	-0.163997054995363	0.126152873305893	0.558303975950992	-0.234189966410122	0.543450472065773
ASP57A	-0.254300709791735	-0.0535386195250264	0.302140376781045	0.205445183624746	-0.384698463217106	-0.334898778922605	0.318068409693101	0.378995245255004	0.315670405911714	0.484927698614343	-0.605401742145566	-0.562197378108975	-0.976024861892958	-0.901199331259474	-0.776009261519255	-0.613123609510103
SER17A	0.159561229673246	-0.497909161582747	0.302140376781045	-0.303568256400743	-0.570927385208701	-0.533937218950903	-0.12938375987516	-0.163360019506467	-0.0690673869028567	-0.18813248508115	-0.605401742145566	-0.562197378108975	-0.976024861892958	-0.901199331259474	-0.776009261519255	-0.613123609510103
ARG149A	0.573423169138227	0.390831922532694	0.402450981872352	0.205445183624746	2.90307077738845	3.76260932720297	0.765520579261362	0.921350510016475	0.392617964474628	0.350315661875244	3.32976186303374	5.30307733058238	0.677241740905318	1.28805562955622	0.172174504921727	0.543450472065773
GLU153A	-0.254300709791735	-0.497909161582747	0.101519166598431	-0.68532833641986	-0.618703391374084	-0.587202158224484	-0.576835929443421	-0.705715284267938	-0.376857621154513	-0.457356558559346	-0.605401742145566	-0.562197378108975	-0.424935994293532	-0.901199331259474	-0.234189966410122	-0.902267129904072
ALA83A	0.987285108603208	1.27957300664813	1.20493582260281	1.09621870366935	-0.229670198313107	-0.0713463352526122	1.21297274882962	1.46370577477795	1.39293622579251	1.02337584557074	0.0182237441194599	0.124696652848015	2.33050834370359	2.74755893676669	2.88127098046739	2.56745511482356
SER89A	0.573423169138227	0.390831922532694	1.40555703278542	0.714458623650234	0.387517799700924	0.316018065940311	0.765520579261362	0.378995245255004	1.62377890148126	0.619539735353441	0.28354353350458	0.790898230171919	0.677241740905318	1.28805562955622	1.39126791891728	1.98916807403562
GLY115A	1.40114704806819	2.16831409076357	1.40555703278542	1.85973886370758	-0.602128042296298	-0.457578820592732	1.21297274882962	2.00606103953942	1.70072646004417	2.10027213948352	-0.449185417554327	-0.330100555710125	0.677241740905318	1.28805562955622	0.984903447585426	0.832593992459742
THR144A	1.81500898753317	1.72394354870585	1.1046252175115	1.85973886370758	2.60276445292032	1.26838933946925	2.5553292575344	2.54841630430089	2.23935936998457	2.77333232317902	-0.266933038864548	-0.424345866663182	-0.424935994293532	-0.171447677654241	-0.234189966410122	0.543450472065773
PRO110A	0.987285108603208	0.835202464590414	0.402450981872352	0.332698543631118	0.0365104074654563	0.00966654798992099	1.66042491839788	1.46370577477795	1.08514599154086	0.484927698614343	-0.487619592652171	-0.421505691239889	0.126152873305893	0.558303975950992	-0.369644790187405	-0.034836568722165
GLY151A	0.159561229673246	0.835202464590414	0.201829771689738	0.714458623650234	0.612747543052017	0.911089778698142	0.318068409693101	0.921350510016475	0.315670405911714	1.29259991904893	-0.605401742145566	-0.562197378108975	-0.976024861892958	-0.901199331259474	-0.776009261519255	-0.613123609510103
TYR71A	1.40114704806819	-0.497909161582747	1.00431461242019	-0.176314896394371	0.804826588247537	-0.544148747146736	1.21297274882962	-0.705715284267938	0.931250874415028	-0.18813248508115	-0.330163455961002	-0.479301389271865	0.677241740905318	-0.171447677654241	0.849448623808143	-0.613123609510103
VAL7A	1.40114704806819	1.72394354870585	1.80679945315065	2.49600566373944	0.867227902422731	1.66808726741884	0.765520579261362	0.921350510016475	1.08514599154086	1.02337584557074	0.81294330017489	1.42270102126849	1.22833060850474	1.28805562955622	1.12035827136271	1.98916807403562
ASP154A	-0.668162649256717	-1.38665024569819	-0.600655069040718	-1.06708841643898	-0.618703391374084	-0.659577771918994	-1.02428809901168	-1.24807054902941	-0.915490531094913	-0.99580470551574	-0.605401742145566	-0.562197378108975	-0.424935994293532	-0.901199331259474	-0.640554437741971	-0.902267129904072
ILE93A	0.159561229673246	0.390831922532694	1.00431461242019	0.968965343662978	-0.507551050499519	-0.432581356142354	0.765520579261362	0.921350510016475	1.16209355010377	1.56182399252713	-0.265693226764617	-0.247366337053252	1.77941947610417	2.01780728316146	2.74581615669011	2.85659863521752
LEU113A	1.81500898753317	1.72394354870585	1.90711005824196	1.60523214369484	-0.208219746565384	0.0199201856841491	1.66042491839788	2.00606103953942	1.77767401860708	1.69643602926623	0.113689275814106	-0.276788209600781	1.77941947610417	1.28805562955622	2.61036133291282	2.27831159442959
MET72A	0.159561229673246	-0.0535386195250264	0.101519166598431	-0.303568256400743	-0.646003966325732	-0.621392111501897	0.318068409693101	-0.163360019506467	0.0848277302229717	-0.322744521820248	-0.435547484455092	-0.497722720124556	0.126152873305893	-0.171447677654241	0.443084152476294	-0.613123609510103
VAL103A	0.573423169138227	1.27957300664813	-0.299723253766797	0.205445183624746	-0.518276276373381	-0.29998440655398	-0.576835929443421	-0.163360019506467	-0.761595413969084	-0.457356558559346	-0.279331159863853	-0.0634619545241558	-0.424935994293532	-0.171447677654241	-0.640554437741971	-0.323980089116134
GLN129A	-0.254300709791735	-0.497909161582747	-0.0991020435841829	-0.303568256400743	-0.308646861566087	-0.151175580103987	-0.12938375987516	-0.163360019506467	-0.299910062591599	-0.322744521820248	-0.605401742145566	-0.562197378108975	-0.424935994293532	-0.901199331259474	-0.234189966410122	-0.902267129904072
GLU126A	-0.668162649256717	-0.942279703640467	-0.299723253766797	-0.430821616407115	-0.618703391374084	-0.659577771918994	-0.576835929443421	-0.705715284267938	-0.530752738280342	-0.457356558559346	-0.605401742145566	-0.562197378108975	-0.976024861892958	-0.901199331259474	-0.776009261519255	-0.613123609510103
ALA11A	1.40114704806819	0.390831922532694	0.904004007328886	0.587205263643862	1.63359404213684	0.922448232236201	1.66042491839788	0.921350510016475	1.62377890148126	1.29259991904893	-0.605401742145566	-0.562197378108975	-0.424935994293532	-0.901199331259474	-0.369644790187405	-0.902267129904072
VAL14A	2.22887092699815	2.16831409076357	2.00742066333326	2.36875230373307	2.086003569907	1.72092857187926	3.00278142710267	3.09077156906236	3.39357274842828	3.58100454361361	1.9200955054128	1.45312188623338	2.33050834370359	2.74755893676669	3.28763545179924	4.0131727167934
ILE84A	0.573423169138227	-0.0535386195250264	0.703382797146272	-0.303568256400743	-0.618703391374084	-0.628051658735807	0.765520579261362	-0.163360019506467	0.931250874415028	-0.322744521820248	-0.442986357054674	-0.562197378108975	1.77941947610417	0.558303975950992	1.39126791891728	-0.613123609510103
LYS117A	0.573423169138227	-0.942279703640467	0.502761586963659	-0.68532833641986	-0.092192303020882	-0.609233601838271	1.21297274882962	-0.705715284267938	0.777355757289199	-0.591968595298445	-0.0512057334766464	-0.492372894654591	0.677241740905318	-0.171447677654241	0.30762932869901	-0.323980089116134
ALA121A	-1.0820245887217	-0.497909161582747	-1.20251869958856	-0.558074976413487	-0.77470667681207	-0.659577771918994	-1.47174026857994	-1.24807054902941	-1.14633320678366	-0.861192668776642	-0.605401742145566	-0.562197378108975	-0.976024861892958	-0.901199331259474	-0.776009261519255	-0.613123609510103
ALA122A	-1.0820245887217	-0.497909161582747	-0.801276279223331	-0.303568256400743	-0.77470667681207	-0.659577771918994	-1.47174026857994	-1.24807054902941	-1.14633320678366	-0.861192668776642	-0.465302974853423	-0.301996079814713	-0.424935994293532	-0.171447677654241	-0.505099613964688	-0.323980089116134
LEU79A	0.987285108603208	0.390831922532694	1.80679945315065	1.09621870366935	2.88064530510674	2.93000987253632	0.765520579261362	0.921350510016475	1.00819843297794	1.15798788230983	4.04265382049376	4.41635530607366	1.77941947610417	2.01780728316146	2.20399686158097	1.98916807403562
VAL114A	1.40114704806819	1.72394354870585	1.90711005824196	2.36875230373307	0.964729955821472	1.19463587067191	0.765520579261362	0.921350510016475	1.3159886672296	1.96566010274443	0.734835137879271	1.05902211715616	1.77941947610417	2.01780728316146	2.61036133291282	3.43488567600546
ALA146A	0.573423169138227	0.835202464590414	0.402450981872352	0.45995190363749	2.11720422699459	1.26580040029913	0.318068409693101	0.378995245255004	0.161775288785886	0.350315661875244	3.0718809462482	2.10819198602026	1.22833060850474	1.28805562955622	0.443084152476294	1.12173751285371
SER145A	0.159561229673246	0.390831922532694	0.00120856150712402	0.0781918236183733	-0.441249654188375	-0.331961806665345	-0.576835929443421	-0.705715284267938	-0.453805179717428	-0.591968595298445	-0.605401742145566	-0.562197378108975	-0.976024861892958	-0.901199331259474	-0.776009261519255	-0.613123609510103
VAL81A	2.64273286646313	2.61268463282129	2.70959489897241	3.64128590379679	-0.0453913173894863	-0.171001291492057	2.10787708796614	2.00606103953942	2.62409716279914	3.31178047013541	0.090132845915427	-0.0319404005388102	2.88159721130302	2.74755893676669	3.96490957068565	3.72402919639943
THR58A	0.987285108603208	1.72394354870585	1.1046252175115	1.98699222371396	1.45906536655309	2.81028881429532	1.21297274882962	2.00606103953942	1.08514599154086	1.83104806600533	0.722437016879966	0.116530647845	-0.424935994293532	-0.171447677654241	-0.505099613964688	-0.034836568722165
THR124A	0.159561229673246	0.835202464590414	0.101519166598431	0.587205263643862	-0.437349572052426	-0.430248528523021	0.318068409693101	0.921350510016475	0.0848277302229717	0.350315661875244	-0.176426755569624	-0.244130838618242	0.126152873305893	0.558303975950992	-0.0987351426328389	-0.323980089116134
THR87A	-0.254300709791735	-0.0535386195250264	-0.299723253766797	0.0781918236183733	0.0413855101353934	0.11670698892338	-0.12938375987516	-0.163360019506467	-0.146014945465771	0.0810915883970473	0.432320985496236	0.514465169956018	0.677241740905318	0.558303975950992	0.172174504921727	0.254306951671804
PRO34A	-1.0820245887217	-0.497909161582747	-1.60376111995379	-1.06708841643898	-0.77470667681207	-0.659577771918994	-1.47174026857994	-1.24807054902941	-1.14633320678366	-0.861192668776642	-0.605401742145566	-0.562197378108975	-0.976024861892958	-0.901199331259474	-0.776009261519255	-0.613123609510103
TYR32A	-1.49588652818668	-1.38665024569819	-1.50345051486248	-1.06708841643898	-0.77470667681207	-0.659577771918994	-1.47174026857994	-1.24807054902941	-1.14633320678366	-0.861192668776642	-0.605401742145566	-0.562197378108975	-0.976024861892958	-0.901199331259474	-0.776009261519255	-0.613123609510103
GLY77A	0.987285108603208	1.72394354870585	1.00431461242019	1.73248550370121	0.748275397276267	1.07827432889514	1.21297274882962	2.00606103953942	1.3159886672296	2.23488417622262	-0.343801389060237	-0.0763347768692464	-0.424935994293532	-0.171447677654241	-0.369644790187405	-0.034836568722165
PHE78A	1.40114704806819	-0.0535386195250264	1.30524642769411	0.205445183624746	2.98887258437934	-0.279381413853114	1.66042491839788	0.378995245255004	1.39293622579251	0.215703625136146	2.6528244564717	-0.0348867824506914	2.33050834370359	1.28805562955622	1.52672274269456	0.832593992459742
ILE55A	0.573423169138227	0.390831922532694	0.703382797146272	0.45995190363749	0.255890027612624	-0.390408971889297	0.765520579261362	0.378995245255004	0.623460640163371	0.0810915883970473	0.17691969291056	0.890785092897038	0.126152873305893	0.558303975950992	0.578538976253577	0.254306951671804
LEU23A	0.987285108603208	0.835202464590414	0.904004007328886	0.587205263643862	3.52025877540248	2.88255729329303	1.21297274882962	0.921350510016475	1.00819843297794	0.350315661875244	4.85597055804815	4.35054129366809	1.77941947610417	1.28805562955622	1.39126791891728	0.254306951671804
ARG123A	1.40114704806819	0.835202464590414	0.402450981872352	0.841711983656606	0.745350335674305	1.38657856586852	1.21297274882962	0.921350510016475	0.546513081600457	0.484927698614343	0.536465201890396	0.613765065773967	0.677241740905318	0.558303975950992	-0.0987351426328389	0.543450472065773
GLN43A	-1.0820245887217	-0.942279703640467	-1.00189748940595	-0.939835056432604	-0.615778329772122	-0.524267714354063	-1.02428809901168	-0.705715284267938	-1.06938564822074	-0.726580632037543	-0.605401742145566	-0.562197378108975	-0.976024861892958	-0.901199331259474	-0.776009261519255	-0.613123609510103
VAL44A	0.573423169138227	1.27957300664813	0.201829771689738	0.587205263643862	-0.332047354381785	-0.281550382344146	-0.576835929443421	-0.163360019506467	-0.607700296843256	-0.0535204483420511	-0.605401742145566	-0.562197378108975	-0.976024861892958	-0.901199331259474	-0.776009261519255	-0.613123609510103
TYR137A	0.573423169138227	-0.497909161582747	0.101519166598431	-0.430821616407115	0.649798323343538	0.383056782078265	0.318068409693101	-0.705715284267938	-0.0690673869028567	-0.99580470551574	1.11669726465785	0.883877093827278	0.677241740905318	-0.171447677654241	0.578538976253577	-0.323980089116134
LEU159A	1.40114704806819	1.27957300664813	1.60617824296803	1.60523214369484	4.48065400138008	5.25669339643585	1.66042491839788	2.00606103953942	1.93156913573291	2.36949621296172	1.02619098136293	1.12534249518127	-0.424935994293532	-0.171447677654241	-0.234189966410122	0.254306951671804
ARG68A	-0.254300709791735	-0.942279703640467	0.00120856150712402	-0.812581696426232	-0.529001502247242	-0.329188797005849	-0.576835929443421	-0.705715284267938	-0.68464785540617	-0.726580632037543	-0.213621118567538	-0.103966773148283	1.22833060850474	-0.171447677654241	0.443084152476294	-0.902267129904072
LYS104A	0.159561229673246	-0.497909161582747	0.101519166598431	-0.430821616407115	-0.525101420111293	-0.615460803978658	0.318068409693101	-0.163360019506467	0.0848277302229717	-0.322744521820248	-0.605401742145566	-0.562197378108975	-0.424935994293532	-0.901199331259474	-0.0987351426328389	-0.902267129904072
VAL109A	0.573423169138227	1.27957300664813	0.402450981872352	0.587205263643862	0.197388795573379	0.894247442889178	0.318068409693101	0.921350510016475	0.546513081600457	0.754151772092539	0.372810004699574	1.1139146903686	0.126152873305893	0.558303975950992	0.172174504921727	0.543450472065773
ASP119A	0.159561229673246	0.390831922532694	0.00120856150712402	-0.303568256400743	-0.365198052537357	-0.289890373034348	0.318068409693101	0.378995245255004	-0.299910062591599	-0.726580632037543	-0.350000449559889	-0.215368627270493	-0.424935994293532	-0.171447677654241	-0.640554437741971	-0.323980089116134
LYS147A	0.159561229673246	-1.38665024569819	-0.19941264867549	-1.06708841643898	-0.705480218898964	-0.659577771918994	-0.576835929443421	-1.24807054902941	-0.68464785540617	-0.99580470551574	-0.517375083050503	-0.562197378108975	-0.424935994293532	-0.901199331259474	-0.640554437741971	-0.902267129904072
ALA155A	0.573423169138227	1.27957300664813	0.502761586963659	1.35072542368209	-0.11169271370063	-0.360470992373964	0.318068409693101	0.921350510016475	0.469565523037543	1.42721195578803	-0.605401742145566	-0.562197378108975	-0.976024861892958	-0.901199331259474	-0.776009261519255	-0.613123609510103
GLY15A	0.987285108603208	1.27957300664813	1.1046252175115	1.60523214369484	-0.0687918102051842	0.483521252637918	1.66042491839788	2.00606103953942	1.77767401860708	2.36949621296172	-0.56448794284786	-0.508762760129707	0.677241740905318	0.558303975950992	0.71399380003086	1.12173751285371
ALA130A	1.40114704806819	1.27957300664813	0.703382797146272	0.205445183624746	-0.480250475547872	-0.311287135148186	0.318068409693101	0.378995245255004	0.854303315852113	0.350315661875244	-0.48513996845231	-0.470596861838832	-0.424935994293532	-0.171447677654241	-0.234189966410122	-0.034836568722165
ASP105A	-1.49588652818668	-1.38665024569819	-1.40313990977117	-1.06708841643898	-0.618703391374084	-0.659577771918994	-1.02428809901168	-1.24807054902941	-1.14633320678366	-0.99580470551574	-0.605401742145566	-0.562197378108975	-0.976024861892958	-0.901199331259474	-0.776009261519255	-0.613123609510103
SER106A	-0.668162649256717	-0.942279703640467	-0.901586884314638	-1.06708841643898	-0.618703391374084	-0.393938395104405	-1.02428809901168	-0.705715284267938	-1.14633320678366	-0.99580470551574	-0.605401742145566	-0.562197378108975	-0.976024861892958	-0.901199331259474	-0.776009261519255	-0.613123609510103
ILE36A	-0.668162649256717	-1.38665024569819	-0.500344463949411	-1.06708841643898	-0.627478576179971	-0.659577771918994	-0.576835929443421	-1.24807054902941	-0.68464785540617	-0.99580470551574	-0.594243433246191	-0.562197378108975	-0.424935994293532	-0.901199331259474	-0.640554437741971	-0.902267129904072
TYR64A	-0.254300709791735	-0.497909161582747	-0.801276279223331	-0.939835056432604	-0.00444045496201498	-0.563792861235707	0.318068409693101	-0.163360019506467	-0.607700296843256	-0.726580632037543	-0.605401742145566	-0.562197378108975	-0.976024861892958	-0.901199331259474	-0.776009261519255	-0.613123609510103
ALA18A	0.159561229673246	0.390831922532694	0.502761586963659	0.968965343662978	0.485994873633653	-0.0789032152418182	-0.12938375987516	-0.163360019506467	-0.222962504028685	-0.322744521820248	0.326936957002146	-0.164887461686609	-0.424935994293532	-0.171447677654241	-0.369644790187405	-0.034836568722165
VAL29A	-0.254300709791735	0.390831922532694	-0.801276279223331	-0.558074976413487	-0.164343822535951	0.0149658061860271	-0.576835929443421	-0.163360019506467	-0.761595413969084	-0.591968595298445	-0.407031806156691	-0.256043555214788	-0.424935994293532	-0.171447677654241	-0.776009261519255	-0.613123609510103
ARG41A	-1.49588652818668	-0.942279703640467	-1.30282930467987	-0.812581696426232	-0.618703391374084	-0.526758083511699	-1.02428809901168	-0.705715284267938	-0.992438089657827	-0.591968595298445	-0.605401742145566	-0.562197378108975	-0.976024861892958	-0.901199331259474	-0.776009261519255	-0.613123609510103
LEU52A	-0.254300709791735	-0.0535386195250264	-0.801276279223331	-0.939835056432604	-0.456849982732174	-0.251157230066564	-0.12938375987516	0.378995245255004	-0.838542972531998	-0.726580632037543	-0.605401742145566	-0.562197378108975	-0.976024861892958	-0.901199331259474	-0.776009261519255	-0.613123609510103
ARG135A	-1.0820245887217	-0.942279703640467	-1.30282930467987	-1.06708841643898	-0.464650147004073	-0.659577771918994	-1.02428809901168	-1.24807054902941	-0.915490531094913	-0.99580470551574	-0.605401742145566	-0.562197378108975	-0.976024861892958	-0.901199331259474	-0.776009261519255	-0.613123609510103
ASP132A	-1.49588652818668	-0.942279703640467	-1.50345051486248	-1.06708841643898	-0.77470667681207	-0.659577771918994	-1.47174026857994	-1.24807054902941	-1.14633320678366	-0.861192668776642	-0.605401742145566	-0.562197378108975	-0.976024861892958	-0.901199331259474	-0.776009261519255	-0.613123609510103
LEU133A	0.159561229673246	-0.0535386195250264	0.00120856150712402	-0.176314896394371	-0.180919171613736	0.0570840211811111	-0.576835929443421	-0.163360019506467	-0.453805179717428	-0.0535204483420511	0.14964382671209	0.431771525032563	0.126152873305893	0.558303975950992	0.443084152476294	1.12173751285371
SER136A	-1.0820245887217	-0.497909161582747	-0.700965674132024	-0.430821616407115	-0.77470667681207	-0.659577771918994	-1.47174026857994	-1.24807054902941	-1.14633320678366	-0.861192668776642	-0.605401742145566	-0.562197378108975	-0.976024861892958	-0.901199331259474	-0.776009261519255	-0.613123609510103
GLY12A	-0.254300709791735	0.390831922532694	0.201829771689738	0.841711983656606	-0.645028945791744	-0.571528130882952	-0.576835929443421	-0.163360019506467	-0.0690673869028567	0.754151772092539	-0.605401742145566	-0.562197378108975	-0.976024861892958	-0.901199331259474	-0.776009261519255	-0.613123609510103
GLY13A	-0.254300709791735	0.390831922532694	0.101519166598431	0.587205263643862	-0.231620239381082	0.0631757422475839	-0.12938375987516	0.378995245255004	0.546513081600457	1.02337584557074	-0.258254354165035	0.0127247182808312	0.126152873305893	0.558303975950992	-0.0987351426328389	-0.034836568722165
GLU49A	-0.254300709791735	-0.497909161582747	-0.400033858858104	-0.303568256400743	-0.388598545353055	-0.402000986425108	0.318068409693101	-0.163360019506467	-0.0690673869028567	-0.0535204483420511	-0.269412663064409	-0.204953113914861	0.126152873305893	0.558303975950992	-0.0987351426328389	0.543450472065773
TYR4A	0.987285108603208	-0.0535386195250264	0.402450981872352	-0.303568256400743	0.493795037905552	-0.432631522374744	1.21297274882962	0.378995245255004	0.392617964474628	0.0810915883970473	0.290982406104163	-0.271446341428737	0.677241740905318	0.558303975950992	-0.369644790187405	-0.034836568722165
GLU98A	-1.49588652818668	-0.942279703640467	-1.30282930467987	-0.812581696426232	-0.77470667681207	-0.659577771918994	-1.47174026857994	-1.24807054902941	-1.14633320678366	-0.861192668776642	-0.407031806156691	-0.467350359462963	-0.424935994293532	-0.171447677654241	-0.505099613964688	-0.323980089116134
HIS94A	-0.254300709791735	-0.0535386195250264	-1.10220809449725	-1.06708841643898	-0.162393781467976	-0.659577771918994	-1.02428809901168	-1.24807054902941	-0.915490531094913	-0.99580470551574	0.569940128588518	0.0798088373526588	0.677241740905318	0.558303975950992	-0.234189966410122	-0.613123609510103
THR158A	0.159561229673246	0.835202464590414	0.101519166598431	0.841711983656606	-0.505601009431545	-0.45971927894791	-0.12938375987516	0.378995245255004	-0.222962504028685	0.350315661875244	-0.35248007375975	-0.392774441466826	0.126152873305893	0.558303975950992	-0.505099613964688	-0.323980089116134
CYS51A	-0.254300709791735	0.390831922532694	-0.0991020435841829	0.45995190363749	-0.471475290741985	-0.150784091426115	-0.12938375987516	0.378995245255004	-0.146014945465771	0.215703625136146	-0.230978487966564	0.133207861580115	-0.424935994293532	-0.171447677654241	-0.505099613964688	-0.323980089116134
THR148A	0.159561229673246	0.835202464590414	-0.299723253766797	0.205445183624746	-0.684029767151241	-0.505174884145514	-0.576835929443421	-0.163360019506467	-0.761595413969084	-0.591968595298445	-0.605401742145566	-0.562197378108975	-0.976024861892958	-0.901199331259474	-0.776009261519255	-0.613123609510103
THR20A	0.573423169138227	0.835202464590414	1.00431461242019	0.841711983656606	-0.11169271370063	0.406300227549542	0.318068409693101	0.378995245255004	0.2387228473488	0.215703625136146	-0.558288882348208	-0.562197378108975	-0.424935994293532	-0.901199331259474	0.0367196811444442	-0.902267129904072
TYR40A	-0.668162649256717	-0.942279703640467	-0.700965674132024	-0.812581696426232	-0.464650147004073	-0.656257279708811	-0.576835929443421	-0.705715284267938	-0.68464785540617	-0.861192668776642	-0.605401742145566	-0.562197378108975	-0.976024861892958	-0.901199331259474	-0.776009261519255	-0.613123609510103
ASN85A	-0.254300709791735	-0.942279703640467	-0.19941264867549	-0.812581696426232	-0.482200516615847	-0.592278829217468	-0.12938375987516	-0.705715284267938	-0.299910062591599	-0.726580632037543	-0.37727631575836	-0.562197378108975	0.677241740905318	-0.901199331259474	0.849448623808143	-0.902267129904072
SER127A	-0.668162649256717	-0.497909161582747	0.101519166598431	-0.303568256400743	-0.618703391374084	-0.529447670818713	-0.576835929443421	-0.163360019506467	-0.376857621154513	-0.0535204483420511	-0.438027108654952	-0.405352566319222	-0.424935994293532	-0.171447677654241	-0.505099613964688	-0.034836568722165
ASN116A	0.987285108603208	-0.0535386195250264	1.70648884805934	0.45995190363749	0.983255345967233	0.789817077825604	1.21297274882962	0.378995245255004	2.3932544871104	1.02337584557074	0.943123570667589	1.22236904824548	1.22833060850474	0.558303975950992	1.93308721402641	1.12173751285371
PHE82A	2.64273286646313	0.390831922532694	2.6092842938811	0.714458623650234	0.238339658000851	-0.306551260981103	2.5553292575344	0.921350510016475	2.85493983848788	1.02337584557074	0.211634431708613	-0.271431662498748	2.88159721130302	0.558303975950992	3.82945474690837	0.832593992459742
LEU56A	-0.668162649256717	-0.0535386195250264	-0.299723253766797	-0.0490615363879988	-0.345697641857609	-0.139477616499852	-0.12938375987516	0.378995245255004	-0.0690673869028567	0.0810915883970473	-0.605401742145566	-0.562197378108975	-0.976024861892958	-0.901199331259474	-0.776009261519255	-0.613123609510103
ARG164A	0.159561229673246	0.835202464590414	0.00120856150712402	0.332698543631118	-0.283296327682415	-0.0206467002980095	0.318068409693101	0.921350510016475	0.315670405911714	0.619539735353441	-0.00533268577921903	0.301920561263043	0.677241740905318	1.28805562955622	0.0367196811444442	0.832593992459742
VAL160A	0.573423169138227	1.27957300664813	0.402450981872352	0.714458623650234	0.993980571841095	1.30449337040387	-0.12938375987516	0.378995245255004	0.0848277302229717	0.484927698614343	0.959241127966685	0.890785092897038	0.677241740905318	1.28805562955622	0.984903447585426	0.832593992459742
LEU19A	1.40114704806819	1.72394354870585	2.00742066333326	2.49600566373944	1.32548755339681	1.25123007118709	1.66042491839788	2.54841630430089	2.23935936998457	3.71561658035271	1.61758135302976	2.02881964732055	1.77941947610417	2.74755893676669	1.25581309513999	2.56745511482356
VAL152A	1.40114704806819	1.72394354870585	0.904004007328886	1.73248550370121	0.0930615984367262	0.32176247166875	1.21297274882962	2.00606103953942	0.777355757289199	1.69643602926623	-0.545890761348903	-0.498479318023525	0.126152873305893	0.558303975950992	0.443084152476294	1.41088103324768
CYS80A	0.987285108603208	0.390831922532694	1.60617824296803	0.841711983656606	-0.500725906761608	-0.485071155935675	0.765520579261362	0.378995245255004	1.00819843297794	0.484927698614343	-0.307846838162253	-0.498098538626656	2.33050834370359	1.28805562955622	3.01672580424467	2.27831159442959
THR74A	-0.254300709791735	0.390831922532694	-0.500344463949411	-0.176314896394371	-0.505601009431545	-0.549133960143641	-1.02428809901168	-0.705715284267938	-0.838542972531998	-0.322744521820248	0.349253574800895	0.728499049921509	1.22833060850474	2.01780728316146	0.443084152476294	0.832593992459742
ILE100A	0.987285108603208	0.390831922532694	1.30524642769411	0.205445183624746	0.803851567713549	1.26460592620023	0.765520579261362	0.378995245255004	0.777355757289199	0.215703625136146	1.80479298011926	2.90325787816596	1.22833060850474	2.01780728316146	1.52672274269456	1.41088103324768
GLY10A	0.573423169138227	1.27957300664813	1.30524642769411	1.73248550370121	1.00080571557901	1.56461075997397	0.765520579261362	1.46370577477795	1.16209355010377	1.69643602926623	0.186838189710004	0.540584975735521	0.677241740905318	1.28805562955622	0.984903447585426	2.27831159442959
ALA134A	0.987285108603208	1.27957300664813	0.603072192054966	0.841711983656606	-0.452949900596224	-0.115017049449088	0.318068409693101	0.378995245255004	0.546513081600457	0.619539735353441	-0.402072557756969	-0.184560095628807	-0.424935994293532	-0.171447677654241	-0.0987351426328389	-0.034836568722165
TYR157A	-0.668162649256717	-1.38665024569819	-0.500344463949411	-1.06708841643898	-0.609928206568198	-0.659577771918994	-1.02428809901168	-1.24807054902941	-0.761595413969084	-0.99580470551574	-0.37727631575836	-0.562197378108975	0.126152873305893	-0.901199331259474	-0.234189966410122	-0.902267129904072
LEU6A	1.40114704806819	1.27957300664813	1.1046252175115	0.841711983656606	0.915978929122102	1.6677247703442	0.765520579261362	0.921350510016475	0.931250874415028	1.02337584557074	0.572419752788379	1.30065970436942	0.677241740905318	0.558303975950992	1.12035827136271	0.254306951671804
VAL8A	1.40114704806819	1.72394354870585	1.90711005824196	2.36875230373307	1.45711532548512	1.20985934241367	1.21297274882962	1.46370577477795	1.54683134291834	1.29259991904893	-0.53845188874932	-0.43785339485331	-0.424935994293532	-0.171447677654241	0.0367196811444442	-0.323980089116134
PHE156A	0.987285108603208	-0.497909161582747	1.1046252175115	-0.0490615363879988	2.19715591078156	-0.199986267016773	1.21297274882962	-0.163360019506467	1.16209355010377	-0.0535204483420511	3.1735455384425	0.0752297436087027	2.88159721130302	0.558303975950992	1.79763239024912	0.254306951671804
PHE90A	0.573423169138227	-0.0535386195250264	0.703382797146272	0.0781918236183733	0.555221331546759	-0.270150728334168	0.765520579261362	0.378995245255004	0.546513081600457	-0.0535204483420511	1.08570196215959	-0.0220843497706641	1.77941947610417	1.28805562955622	0.849448623808143	-0.034836568722165
TYR141A	0.987285108603208	0.390831922532694	1.1046252175115	0.714458623650234	-0.123392960108479	-0.590564994901028	1.21297274882962	0.378995245255004	1.16209355010377	0.754151772092539	-0.285530220363505	-0.249497622262221	0.126152873305893	0.558303975950992	-0.0987351426328389	0.832593992459742
GLY48A	-0.668162649256717	-0.0535386195250264	-0.901586884314638	-0.303568256400743	-0.61285326817016	-0.437376452153683	-0.12938375987516	0.378995245255004	-0.453805179717428	-0.0535204483420511	-0.605401742145566	-0.562197378108975	-0.976024861892958	-0.901199331259474	-0.776009261519255	-0.613123609510103
ILE163A	-0.254300709791735	-0.0535386195250264	-0.0991020435841829	0.205445183624746	-0.618703391374084	-0.541953331463122	0.318068409693101	0.378995245255004	0.546513081600457	0.619539735353441	-0.605401742145566	-0.562197378108975	-0.976024861892958	-0.901199331259474	-0.776009261519255	-0.613123609510103
ASP33A	-1.49588652818668	-1.38665024569819	-1.50345051486248	-1.06708841643898	-0.77470667681207	-0.659577771918994	-1.47174026857994	-1.24807054902941	-1.14633320678366	-0.861192668776642	-0.605401742145566	-0.562197378108975	-0.976024861892958	-0.901199331259474	-0.776009261519255	-0.613123609510103
LYS16A	1.40114704806819	-0.0535386195250264	1.40555703278542	0.587205263643862	0.733650089266456	-0.417457917148009	1.66042491839788	0.378995245255004	2.16241181142165	0.888763808831638	0.284783345604511	-0.226390992457426	1.22833060850474	1.28805562955622	0.984903447585426	1.12173751285371
VAL125A	0.987285108603208	1.27957300664813	0.904004007328886	0.587205263643862	1.41518944252366	1.23821177799002	0.765520579261362	0.921350510016475	0.777355757289199	0.484927698614343	0.873694093071483	1.58687705712175	0.126152873305893	0.558303975950992	0.172174504921727	0.543450472065773
LYS42A	-0.668162649256717	-0.942279703640467	-0.700965674132024	-0.812581696426232	-0.456849982732174	-0.56522868049673	-0.576835929443421	-0.705715284267938	-0.838542972531998	-0.726580632037543	-0.208661870167816	-0.431340586500595	-0.424935994293532	-0.171447677654241	-0.776009261519255	-0.613123609510103
ASN26A	-1.0820245887217	-1.38665024569819	-0.700965674132024	-1.06708841643898	-0.618703391374084	-0.659577771918994	-0.576835929443421	-1.24807054902941	-0.453805179717428	-0.99580470551574	-0.605401742145566	-0.562197378108975	-0.424935994293532	-0.901199331259474	-0.505099613964688	-0.902267129904072
GLN22A	0.159561229673246	0.835202464590414	-0.0991020435841829	0.205445183624746	2.68856625991122	3.68667002487505	0.765520579261362	1.46370577477795	0.0848277302229717	0.350315661875244	2.83755645936134	3.68123321861392	0.126152873305893	0.558303975950992	0.0367196811444442	0.832593992459742
ILE46A	1.40114704806819	0.835202464590414	0.402450981872352	0.714458623650234	-0.306696820498113	-0.139340267921947	1.21297274882962	0.921350510016475	0.315670405911714	0.350315661875244	-0.369837443158777	-0.173046763845875	0.677241740905318	0.558303975950992	0.172174504921727	-0.034836568722165
ILE21A	0.159561229673246	-0.497909161582747	-0.0991020435841829	-0.430821616407115	-0.607978165500223	-0.589017312452619	-0.12938375987516	-0.705715284267938	-0.68464785540617	-0.726580632037543	-0.605401742145566	-0.562197378108975	-0.976024861892958	-0.901199331259474	-0.776009261519255	-0.613123609510103
ASP69A	-1.0820245887217	-0.497909161582747	-0.901586884314638	-0.303568256400743	-0.411999038168753	-0.500901866669753	-0.576835929443421	-0.163360019506467	-0.838542972531998	-0.457356558559346	-0.144191640971431	-0.342122976188754	0.126152873305893	0.558303975950992	-0.505099613964688	-0.034836568722165
GLN150A	-0.668162649256717	-1.38665024569819	-0.400033858858104	-1.06708841643898	-0.684029767151241	-0.659577771918994	-0.576835929443421	-1.24807054902941	-0.607700296843256	-0.99580470551574	-0.605401742145566	-0.562197378108975	-0.976024861892958	-0.901199331259474	-0.776009261519255	-0.613123609510103
GLN61A	-0.254300709791735	-0.497909161582747	-0.400033858858104	-0.939835056432604	-0.465625167538061	-0.419830051866038	-0.576835929443421	-0.163360019506467	-0.838542972531998	-0.591968595298445	-0.244616421065799	-0.562197378108975	-0.424935994293532	-0.901199331259474	-0.369644790187405	-0.902267129904072
LEU120A	-0.254300709791735	-0.0535386195250264	-0.500344463949411	-0.558074976413487	-0.498775865693633	-0.257027066879716	-0.576835929443421	-0.163360019506467	-0.530752738280342	-0.726580632037543	-0.142951828871501	-0.0501315779407326	0.126152873305893	0.558303975950992	-0.369644790187405	-0.323980089116134
VAL45A	-0.254300709791735	0.390831922532694	-0.299723253766797	0.45995190363749	-0.721080547442763	-0.589575777188257	-0.576835929443421	-0.163360019506467	-0.68464785540617	-0.322744521820248	-0.605401742145566	-0.562197378108975	-0.976024861892958	-0.901199331259474	-0.776009261519255	-0.613123609510103
GLU3A	-1.0820245887217	-1.38665024569819	-1.20251869958856	-1.06708841643898	-0.618703391374084	-0.659577771918994	-0.576835929443421	-1.24807054902941	-0.838542972531998	-0.99580470551574	-0.605401742145566	-0.562197378108975	-0.976024861892958	-0.901199331259474	-0.776009261519255	-0.613123609510103
HIS27A	-0.668162649256717	-0.497909161582747	-0.801276279223331	-0.812581696426232	-0.160443740400001	-0.344577155357142	-0.12938375987516	-0.163360019506467	-0.530752738280342	-0.726580632037543	-0.605401742145566	-0.562197378108975	-0.976024861892958	-0.901199331259474	-0.776009261519255	-0.613123609510103
ARG102A	-1.0820245887217	-0.942279703640467	-0.901586884314638	-0.812581696426232	-0.77470667681207	-0.659577771918994	-1.47174026857994	-1.24807054902941	-1.14633320678366	-0.861192668776642	-0.605401742145566	-0.562197378108975	-0.976024861892958	-0.901199331259474	-0.776009261519255	-0.613123609510103
ASP30A	-1.0820245887217	-0.942279703640467	-1.00189748940595	-0.939835056432604	-0.77470667681207	-0.659577771918994	-1.47174026857994	-1.24807054902941	-1.14633320678366	-0.861192668776642	-0.605401742145566	-0.562197378108975	-0.976024861892958	-0.901199331259474	-0.776009261519255	-0.613123609510103
ASP92A	-1.0820245887217	-0.497909161582747	-0.700965674132024	-0.68532833641986	-0.642103884189782	-0.546681036772794	-1.02428809901168	-0.705715284267938	-0.68464785540617	-0.457356558559346	-0.605401742145566	-0.562197378108975	-0.976024861892958	-0.901199331259474	-0.776009261519255	-0.613123609510103
ILE24A	-0.668162649256717	-0.0535386195250264	-0.500344463949411	-0.430821616407115	-0.216019910837283	-0.0717746451537098	-0.576835929443421	-0.163360019506467	-0.68464785540617	-0.457356558559346	-0.208661870167816	0.04379906439029	-0.424935994293532	-0.171447677654241	-0.776009261519255	-0.613123609510103
GLN165A	-1.49588652818668	-0.942279703640467	-1.30282930467987	-0.812581696426232	-0.77470667681207	-0.659577771918994	-1.47174026857994	-1.24807054902941	-1.14633320678366	-0.861192668776642	-0.605401742145566	-0.562197378108975	-0.976024861892958	-0.901199331259474	-0.776009261519255	-0.613123609510103
ALA66A	-1.0820245887217	-0.497909161582747	-1.40313990977117	-0.812581696426232	-0.77470667681207	-0.659577771918994	-1.47174026857994	-1.24807054902941	-1.14633320678366	-0.861192668776642	-0.605401742145566	-0.562197378108975	-0.976024861892958	-0.901199331259474	-0.776009261519255	-0.613123609510103
SER65A	-1.0820245887217	-0.942279703640467	-1.40313990977117	-1.06708841643898	-0.622603473510034	-0.40057937952477	-1.02428809901168	-0.705715284267938	-1.06938564822074	-0.99580470551574	-0.605401742145566	-0.562197378108975	-0.976024861892958	-0.901199331259474	-0.776009261519255	-0.613123609510103
GLU162A	-1.49588652818668	-1.38665024569819	-1.20251869958856	-1.06708841643898	-0.618703391374084	-0.659577771918994	-1.02428809901168	-1.24807054902941	-0.915490531094913	-0.99580470551574	-0.605401742145566	-0.562197378108975	-0.976024861892958	-0.901199331259474	-0.776009261519255	-0.613123609510103
PRO140A	0.159561229673246	0.390831922532694	0.00120856150712402	0.205445183624746	-0.548501912926991	-0.352103490215075	0.318068409693101	0.378995245255004	-0.0690673869028567	-0.18813248508115	-0.270652475164339	0.0595225381693506	-0.424935994293532	-0.171447677654241	-0.0987351426328389	-0.034836568722165
PHE28A	-0.254300709791735	-0.942279703640467	-0.400033858858104	-1.06708841643898	-0.482200516615847	-0.54170029845752	-0.12938375987516	-0.705715284267938	-0.376857621154513	-0.99580470551574	-0.517375083050503	-0.398708066791341	0.126152873305893	-0.171447677654241	-0.234189966410122	-0.902267129904072
GLY75A	0.573423169138227	1.27957300664813	0.803693402237579	0.587205263643862	-0.0980424262248065	0.0408881924872739	0.765520579261362	1.46370577477795	0.546513081600457	0.484927698614343	0.225272364807848	0.387600558819099	1.77941947610417	2.74755893676669	1.52672274269456	2.27831159442959
GLU76A	0.573423169138227	-0.497909161582747	0.201829771689738	-0.68532833641986	-0.415899120304703	-0.440425286046958	0.765520579261362	-0.163360019506467	0.623460640163371	-0.591968595298445	-0.5905239969464	-0.562197378108975	-0.424935994293532	-0.901199331259474	-0.234189966410122	-0.902267129904072
LYS88A	-0.668162649256717	-1.38665024569819	-0.901586884314638	-1.06708841643898	-0.344722621323622	-0.659577771918994	-1.02428809901168	-1.24807054902941	-0.838542972531998	-0.99580470551574	-0.0586446060762292	-0.562197378108975	-0.424935994293532	-0.901199331259474	-0.369644790187405	-0.902267129904072
LEU53A	0.987285108603208	0.835202464590414	1.20493582260281	1.09621870366935	3.24530298481803	2.09145002421709	0.765520579261362	0.921350510016475	0.469565523037543	0.754151772092539	4.37740308747499	2.40709088870918	1.22833060850474	0.558303975950992	0.849448623808143	0.832593992459742
THR50A	-1.0820245887217	-0.497909161582747	-1.20251869958856	-0.558074976413487	-0.763981450938209	-0.648632413409431	-1.02428809901168	-0.705715284267938	-1.06938564822074	-0.726580632037543	-0.605401742145566	-0.562197378108975	-0.976024861892958	-0.901199331259474	-0.776009261519255	-0.613123609510103
ASP38A	-1.0820245887217	-0.942279703640467	-0.801276279223331	-0.939835056432604	-0.618703391374084	-0.656257279708811	-0.576835929443421	-0.705715284267938	-0.68464785540617	-0.861192668776642	-0.605401742145566	-0.562197378108975	-0.976024861892958	-0.901199331259474	-0.776009261519255	-0.613123609510103
THR35A	0.573423169138227	0.835202464590414	0.00120856150712402	-0.303568256400743	-0.294996574090264	-0.349111750266944	0.318068409693101	0.378995245255004	-0.299910062591599	-0.18813248508115	-0.249575669465521	-0.541473380899697	0.126152873305893	-0.171447677654241	-0.369644790187405	-0.902267129904072
LYS5A	-1.0820245887217	-1.38665024569819	-0.700965674132024	-1.06708841643898	-0.651854089529656	-0.659577771918994	-1.02428809901168	-1.24807054902941	-0.838542972531998	-0.99580470551574	-0.605401742145566	-0.562197378108975	-0.976024861892958	-0.901199331259474	-0.776009261519255	-0.613123609510103
LYS101A	-1.0820245887217	-1.38665024569819	-1.00189748940595	-1.06708841643898	-0.773731656278083	-0.659577771918994	-1.02428809901168	-1.24807054902941	-1.06938564822074	-0.99580470551574	-0.605401742145566	-0.562197378108975	-0.976024861892958	-0.901199331259474	-0.776009261519255	-0.613123609510103
THR2A	-1.0820245887217	-0.497909161582747	-0.901586884314638	-0.812581696426232	-0.618703391374084	-0.424481446660877	-0.576835929443421	-0.163360019506467	-0.607700296843256	-0.591968595298445	-0.407031806156691	-0.236132226039712	-0.424935994293532	-0.171447677654241	-0.505099613964688	-0.323980089116134
ASN86A	0.159561229673246	-0.0535386195250264	-0.0991020435841829	-0.303568256400743	0.180813446495593	0.287391379917285	0.765520579261362	0.378995245255004	0.2387228473488	-0.322744521820248	0.609614115786293	0.751194654537171	1.22833060850474	1.28805562955622	0.849448623808143	0.543450472065773
GLU31A	-1.49588652818668	-0.942279703640467	-1.30282930467987	-0.68532833641986	-0.77470667681207	-0.659577771918994	-1.47174026857994	-1.24807054902941	-1.14633320678366	-0.861192668776642	-0.407031806156691	-0.499924583949339	-0.424935994293532	-0.171447677654241	-0.776009261519255	-0.613123609510103
MET1A	-1.0820245887217	-0.497909161582747	-1.40313990977117	-0.939835056432604	-0.605053103898261	-0.516950365707622	-0.576835929443421	-0.163360019506467	-1.06938564822074	-0.726580632037543	-0.605401742145566	-0.562197378108975	-0.976024861892958	-0.901199331259474	-0.776009261519255	-0.613123609510103
GLN95A	-1.49588652818668	-1.38665024569819	-1.30282930467987	-1.06708841643898	-0.77470667681207	-0.659577771918994	-1.47174026857994	-1.24807054902941	-1.14633320678366	-0.861192668776642	-0.407031806156691	-0.562197378108975	-0.424935994293532	-0.901199331259474	-0.505099613964688	-0.902267129904072
GLU91A	-1.49588652818668	-1.38665024569819	-1.30282930467987	-1.06708841643898	-0.77470667681207	-0.659577771918994	-1.47174026857994	-1.24807054902941	-1.14633320678366	-0.861192668776642	-0.605401742145566	-0.562197378108975	-0.976024861892958	-0.901199331259474	-0.776009261519255	-0.613123609510103
SER39A	-1.49588652818668	-0.942279703640467	-1.40313990977117	-0.939835056432604	-0.77470667681207	-0.659577771918994	-1.47174026857994	-1.24807054902941	-1.14633320678366	-0.861192668776642	-0.605401742145566	-0.562197378108975	-0.976024861892958	-0.901199331259474	-0.776009261519255	-0.613123609510103
GLU63A	-1.49588652818668	-0.942279703640467	-1.30282930467987	-0.939835056432604	-0.618703391374084	-0.468812387341332	-1.02428809901168	-0.705715284267938	-1.06938564822074	-0.726580632037543	-0.605401742145566	-0.562197378108975	-0.976024861892958	-0.901199331259474	-0.776009261519255	-0.613123609510103
GLU37A	-0.254300709791735	-0.942279703640467	-0.19941264867549	-0.812581696426232	-0.633328699383895	-0.659577771918994	-0.12938375987516	-0.705715284267938	-0.376857621154513	-0.861192668776642	-0.605401742145566	-0.562197378108975	-0.976024861892958	-0.901199331259474	-0.776009261519255	-0.613123609510103
GLN99A	0.159561229673246	-0.497909161582747	-0.600655069040718	-0.812581696426232	-0.614803309238135	-0.472242447869498	-0.12938375987516	-0.163360019506467	-0.607700296843256	-0.591968595298445	-0.40455218195683	-0.302374002064799	0.126152873305893	0.558303975950992	-0.0987351426328389	-0.034836568722165
MET67A	-1.0820245887217	-0.942279703640467	-1.20251869958856	-0.812581696426232	-0.464650147004073	-0.131619510499999	-1.02428809901168	-0.705715284267938	-0.915490531094913	-0.726580632037543	-0.605401742145566	-0.562197378108975	-0.976024861892958	-0.901199331259474	-0.776009261519255	-0.613123609510103
GLU62A	-1.0820245887217	-1.38665024569819	-0.901586884314638	-1.06708841643898	-0.318397066905962	-0.659577771918994	-0.576835929443421	-1.24807054902941	-0.761595413969084	-0.99580470551574	-0.21858036696726	-0.562197378108975	-0.424935994293532	-0.901199331259474	-0.369644790187405	-0.902267129904072
GLN70A	-1.49588652818668	-1.38665024569819	-1.30282930467987	-1.06708841643898	-0.77470667681207	-0.659577771918994	-1.47174026857994	-1.24807054902941	-1.14633320678366	-0.861192668776642	-0.407031806156691	-0.562197378108975	-0.424935994293532	-0.901199331259474	-0.369644790187405	-0.902267129904072
GLN25A	-1.49588652818668	-0.942279703640467	-1.40313990977117	-0.939835056432604	-0.618703391374084	-0.569478338838598	-1.02428809901168	-0.705715284267938	-0.992438089657827	-0.726580632037543	-0.605401742145566	-0.562197378108975	-0.976024861892958	-0.901199331259474	-0.776009261519255	-0.613123609510103
GLN131A	-0.668162649256717	-0.942279703640467	-0.299723253766797	-0.558074976413487	-0.618703391374084	-0.393938395104405	-1.02428809901168	-0.705715284267938	-0.761595413969084	-0.591968595298445	-0.605401742145566	-0.562197378108975	-0.976024861892958	-0.901199331259474	-0.776009261519255	-0.613123609510103
ASP107A	-0.668162649256717	-0.497909161582747	-0.901586884314638	-0.939835056432604	-0.728880711714662	-0.657917525813902	-0.576835929443421	-0.705715284267938	-0.838542972531998	-0.99580470551574	-0.605401742145566	-0.562197378108975	-0.976024861892958	-0.901199331259474	-0.776009261519255	-0.613123609510103
ARG73A	-1.0820245887217	-1.38665024569819	-1.00189748940595	-1.06708841643898	-0.763006430404221	-0.659577771918994	-1.02428809901168	-1.24807054902941	-0.915490531094913	-0.99580470551574	-0.421909551355856	-0.562197378108975	-0.424935994293532	-0.901199331259474	-0.369644790187405	-0.902267129904072
ASP54A	-1.90974846765166	-1.38665024569819	-1.60376111995379	-1.06708841643898	-0.77470667681207	-0.659577771918994	-1.47174026857994	-1.24807054902941	-1.14633320678366	-0.861192668776642	-0.605401742145566	-0.562197378108975	-0.976024861892958	-0.901199331259474	-0.776009261519255	-0.613123609510103
ARG128A	-1.90974846765166	-1.38665024569819	-1.60376111995379	-1.06708841643898	-0.77470667681207	-0.659577771918994	-1.47174026857994	-1.24807054902941	-1.14633320678366	-0.861192668776642	-0.605401742145566	-0.562197378108975	-0.976024861892958	-0.901199331259474	-0.776009261519255	-0.613123609510103
