Degree	Degree_sidechain	SecondOrderDegree	SecondOrderDegree_sidechain	NodeEdgeBetweennessSTRIDE	NodeEdgeBetweennessSTRIDE_sidechain	IntermodularDegreeSTRIDE	IntermodularDegreeSTRIDE_sidechain	SecondOrderIntermodularDegreeSTRIDE	SecondOrderIntermodularDegreeSTRIDE_sidechain	NodeEdgeBetweennessWALKTRAP	NodeEdgeBetweennessWALKTRAP_sidechain	IntermodularDegreeWALKTRAP	IntermodularDegreeWALKTRAP_sidechain	SecondOrderIntermodularDegreeWALKTRAP	SecondOrderIntermodularDegreeWALKTRAP_sidechain
ASP896B	7	5	25	14	11535	7710.44558181218	6	5	27	16	2012	47.2519168891652	4	2	8	2
HIS835B	11	8	33	19	18429	12882	10	7	48	21	323	323	3	2	8	2
GLY810B	8	8	23	17	1724	1481.36529507444	7	7	25	17	138	138	2	2	3	1
ILE809B	6	4	26	14	630	409.98631582292	5	4	21	10	334	46.900243205593	4	2	13	6
THR940B	5	4	7	3	431	291	5	4	8	1	1	1	1	1	1	1
TYR978B	4	1	15	1	264	1	3	1	8	0	1	1	1	1	1	1
ALA972B	8	7	20	11	357	90.4966277366467	5	4	16	8	1	1	1	1	1	1
PHE968B	8	2	28	3	1722	59	6	2	19	1	1287	1	4	1	12	0
TYR827B	7	4	18	6	1139	341.460279500547	5	3	16	4	1139	341.460279500547	4	3	7	3
VAL769B	7	6	20	15	2447	2051.74682465603	6	5	23	15	1307	918.746824656026	4	4	11	8
ARG958B	11	9	30	21	4480	2387.65998677159	10	9	35	24	3467	1361.92222253103	8	6	24	13
TRP898B	8	5	31	18	8337	5496.16628476401	5	5	24	21	8337	5496.16628476401	5	5	17	14
LYS846B	6	1	18	1	310	1	4	1	12	0	171	1	4	1	8	0
THR847B	5	4	19	7	58	11.2372717402823	3	3	10	5	158	158	2	2	3	0
ALA882B	7	7	25	20	6242	5037.94406645509	6	6	26	20	4206	3035.83371523599	4	4	15	12
ILE953B	4	3	18	8	1917	779.100045508814	4	3	18	7	1917	779.100045508814	3	3	9	8
GLY911B	7	7	18	15	2187	1564.67690981168	7	7	19	13	1065	442.676909811678	3	3	8	8
SER912B	5	2	19	5	2295	16.5115401768683	4	2	15	2	1	1	1	1	1	1
ARG932B	7	6	18	12	3599	2702.84599646417	6	5	20	14	4127	3230.84599646417	7	6	13	9
LEU927B	5	4	16	10	259	117.768391536615	4	3	13	8	259	117.768391536615	3	3	10	9
GLN976B	4	4	13	9	48	34.2512851832315	3	3	9	6	1	1	1	1	1	1
PRO975B	8	6	16	11	2240	1579.44124115638	7	5	21	6	1	1	1	1	1	1
ASN842B	6	4	19	8	17058	9232.0931337085	5	3	22	9	1	1	1	1	1	1
VAL843B	9	9	30	23	8377	6483.33524021039	8	8	32	20	4301	2437.33524021039	6	6	16	10
GLY779B	8	8	25	21	5862	3883.32578859376	7	7	35	26	5185	3641.27878274882	5	5	10	4
LEU704B	9	9	24	22	3259	1666.92499758697	9	9	38	29	1	1	2	2	2	0
CYS939B	6	5	23	18	603	277.158520044838	6	5	26	20	95	95	2	2	6	3
PRO936B	9	8	23	18	1463	1296.1797351791	8	8	29	18	860	816.083091919662	4	4	10	5
ILE740B	7	3	20	5	506	155.438508896327	5	3	17	3	117	58.4385088963268	2	2	2	2
LEU730B	7	5	15	5	597	186.584377513165	6	5	15	4	1	1	1	1	1	1
MET947B	5	3	26	12	357	202	4	3	16	10	415	202	4	2	6	1
TRP905B	12	7	32	13	2993	1471	8	5	29	4	981	1	4	2	8	2
ILE981B	6	5	19	14	287	181.115799096221	5	5	22	17	1	1	1	1	1	1
LEU814B	10	7	34	19	2242	462.76003519392	8	6	34	20	2247	917.95777950414	6	4	26	11
ASP916B	3	3	5	2	183	183	2	2	3	0	183	183	2	2	2	0
GLY917B	3	3	7	4	349	349	2	2	6	2	1	1	1	1	1	1
LEU861B	5	4	16	9	639	202.5	4	3	13	5	46	23.5	2	2	4	4
LEU862B	4	2	8	2	507	507	2	2	5	1	1	1	1	1	1	1
PRO934B	5	3	22	10	35	1	4	2	17	4	233	233	3	3	7	3
LEU792B	6	5	18	8	973	421.5	6	5	16	7	534	1	3	2	3	1
PRO794B	5	5	14	9	534	534	3	3	8	4	534	534	2	2	2	1
MET908B	9	5	32	19	1386	321.989873127485	7	4	32	14	1386	321.989873127485	7	4	16	8
THR909B	6	6	26	19	186	148.40536790347	3	3	10	8	67	44.916908080338	2	2	3	3
ILE923B	5	4	12	4	291	291	4	4	13	4	45	45	2	2	3	2
LYS879B	5	3	14	3	45	1	4	3	13	2	45	1	4	3	4	0
SER899B	3	2	10	4	267	267	2	2	5	2	1	1	1	1	1	1
THR903B	9	6	26	15	266	266	4	4	15	10	1	1	1	1	1	1
GLN849B	6	5	21	11	4042	1792.61453084228	5	4	16	6	1926	1222.61453084228	3	3	3	1
TRP817B	12	8	34	20	5345	1882.90351359072	9	6	36	16	6095	3198.94573408658	8	7	27	14
ALA859B	9	6	29	15	8353	3468.99329796504	6	4	28	9	6084	3348.99329796504	4	3	11	5
LEU858B	10	7	30	16	6552	2870.41029349013	8	7	33	18	6552	2870.41029349013	7	7	17	14
LEU707B	8	7	22	14	2857	1642.5645860619	8	7	32	17	1393	552.266950618458	5	4	9	6
LEU844B	8	6	23	11	4947	2344.26022040741	6	6	17	13	2587	1437.75979767218	6	4	17	4
THR854B	6	5	25	14	3349	2217.41799546061	5	4	23	11	2054	1040.74020232782	2	2	5	3
VAL980B	4	4	12	11	7	4	2	2	4	3	1	1	1	1	1	1
LYS745B	5	3	23	8	6843	2916.6961318334	5	3	22	8	4433	2916.6961318334	4	3	9	5
PRO959B	8	5	20	16	974	415.150756579558	7	4	19	7	947	720.150756579558	6	5	21	13
GLY901B	9	9	35	33	2169	979.107714029523	3	3	10	9	2169	979.107714029523	3	3	9	8
ASP984B	5	4	13	9	815	322.963443047224	4	4	14	11	1	1	1	1	1	1
GLY983B	3	3	4	4	1	1	1	1	1	1	1	1	1	1	1	1
VAL845B	10	10	24	21	2641	1353.61651121931	7	7	25	18	2356	1151.43257689744	7	7	19	11
VAL851B	9	8	33	25	4300	1940.22629090814	7	6	34	24	1277	429.714691642933	2	2	5	5
GLY796B	6	6	19	15	2105	1518.31678657288	5	5	19	15	1223	1132.59998049386	3	3	9	7
SER752B	3	2	6	5	138	1	2	1	1	0	394	206.684963786022	2	2	3	3
THR751B	6	6	12	9	1406	1406	5	5	13	7	1409	1203.31503621398	4	4	8	5
LEU788B	8	7	31	23	8608	6305.9379918596	6	6	33	26	8608	6305.9379918596	6	6	18	17
GLY930B	5	5	10	9	267	90.3050818801421	5	5	12	8	265	88.3050818801421	2	2	6	5
GLN812B	6	4	19	10	1320	439.208530054927	4	3	16	7	1	1	1	1	1	1
TYR801B	6	2	23	4	652	9.01290022413708	4	2	19	3	652	9.01290022413708	4	2	15	2
VAL802B	10	10	24	20	2153	1197.63621874227	6	6	25	18	2638	1904.72229135959	6	6	17	13
VAL834B	8	8	25	21	7967	5981.04682273491	7	7	30	19	4579	4579	4	4	8	3
TYR915B	5	1	15	1	2713	1	5	1	18	0	1479	1	3	1	7	0
ASN771B	4	3	12	5	1227	710.322158784532	4	3	13	3	1227	710.322158784532	4	3	8	3
PRO772B	4	3	11	5	569	479.677841215468	3	2	8	2	569	479.677841215468	2	2	3	2
ILE886B	3	2	7	2	651	110.113256977163	3	2	8	2	651	110.113256977163	3	2	6	1
MET881B	7	5	15	6	1880	994.517252031602	6	5	14	7	1800	994.517252031602	5	4	9	2
GLN894B	7	6	22	17	2395	1603.01289514496	6	5	24	14	2395	1603.01289514496	6	5	17	10
VAL897B	8	8	28	24	3199	2012.06538033894	5	5	22	17	3199	2012.06538033894	5	5	18	15
ILE780B	10	7	29	19	946	219.213135165791	8	6	38	22	1164	486.394032441178	5	5	20	18
GLY729B	8	8	16	13	886	683.26935508267	6	6	14	9	1	1	1	1	1	1
ILE744B	7	5	21	16	43	43	5	4	16	10	17	17	2	2	2	1
LEU815B	8	7	30	19	1569	1113.24405685649	6	6	24	15	1	1	2	1	3	0
MET971B	7	4	22	4	100	1	4	2	12	1	531	531	2	2	2	1
ALA743B	4	4	17	15	265	133	2	2	4	3	1	1	1	1	1	1
VAL742B	9	9	26	20	2229	1989.01692456217	5	5	21	14	1	1	1	1	1	1
TYR900B	8	4	30	12	5548	1283.47881623877	6	4	22	7	2655	1283.47881623877	5	4	11	5
VAL904B	8	6	32	15	156	156	3	3	7	5	156	156	3	3	8	5
PRO937B	3	3	10	10	1	1	1	1	1	1	1	1	1	1	1	1
ILE759B	7	3	27	10	2603	704.417001535411	6	3	26	7	2603	704.417001535411	5	3	16	5
LEU933B	8	6	24	16	3685	2723.86208357728	7	6	29	16	3126	1932.86208357728	5	3	11	4
MET952B	3	2	14	3	267	1	3	2	12	1	1	1	1	1	1	1
VAL774B	9	9	28	22	2676	1671.88895130998	8	8	29	19	1536	746.201583680767	5	5	14	9
TRP951B	8	7	27	18	10211	3498.15989861591	8	7	27	18	9237	2524.15989861591	6	5	17	10
ALA767B	9	9	26	24	2780	2280.04923530605	5	5	21	18	1218	1218	2	2	3	1
LEU777B	9	7	29	22	2153	1347.84853797467	8	7	35	26	1168	899.899673193203	3	3	7	5
PRO733B	5	5	12	7	2651	2147.9686310415	5	5	14	7	1446	1149.9686310415	2	2	2	1
TRP731B	8	5	25	8	3979	1542.0313689585	8	5	30	11	1646	297.031368958497	3	2	3	1
CYS950B	5	5	20	17	760	159.837587603331	4	4	12	9	865	264.837587603331	5	5	13	10
ILE946B	6	3	16	4	222	1	4	2	12	1	269	1	3	1	6	0
PRO914B	7	5	25	9	1137	267	5	3	22	6	1	1	1	1	1	1
MET793B	7	4	19	5	2058	1647.78277118576	6	4	20	5	359	359	3	2	5	0
ARG832B	2	1	6	1	267	1	2	1	5	0	267	1	2	1	4	0
HIS893B	7	5	18	10	1325	922.759512342074	6	5	16	9	611	611	5	4	7	0
GLU711B	5	4	16	10	1027	552.410789127029	3	3	14	10	1027	552.410789127029	3	3	6	4
SER924B	3	2	7	3	277	1	2	1	4	0	277	1	2	1	3	0
SER925B	4	3	5	3	18	18	2	2	2	1	1	1	1	1	1	1
PHE961B	6	4	20	12	5336	3373.88026457553	5	4	16	11	4306	2743.70848499569	3	3	7	5
GLN820B	6	5	22	13	5150	3347.36945823283	5	5	20	13	1	1	1	1	1	1
VAL819B	7	6	21	13	442	429.020516554402	3	3	6	2	442	429.020516554402	4	4	6	2
ILE918B	7	3	11	1	2697	1190.0949648774	7	3	15	1	1	1	2	1	3	0
LEU979B	9	8	31	25	3820	2699.60447256987	7	7	33	24	1018	697.010126872515	2	2	6	3
ASP855B	8	6	26	9	13933	3455.78841159488	7	6	28	13	7761	1304.77298329104	4	4	9	7
CYS781B	6	6	19	15	829	781.938013665462	5	5	15	11	467	467	3	3	9	6
TYR813B	4	1	18	1	267	1	3	1	10	0	265	1	3	1	9	0
ASN700B	2	1	5	1	267	1	2	1	4	0	1	1	1	1	1	1
LEU703B	6	3	14	4	2083	845	5	3	10	2	1817	579	4	2	5	1
GLU884B	4	4	17	14	267	99.4545311049168	4	4	20	15	166	65.5648823240109	2	2	7	5
SER895B	8	4	22	10	5481	1756.81271355205	7	3	28	4	1	1	3	2	10	1
SER811B	9	5	26	10	837	99.5037163244198	7	4	27	9	1	1	1	1	1	1
GLU762B	3	1	15	1	267	1	2	1	7	0	267	1	2	1	6	0
HIS773B	7	5	26	13	2623	1287.9350081801	6	4	25	11	1	1	1	1	1	1
PHE795B	5	2	15	4	267	13.3144825118891	4	2	15	3	126	13.3144825118891	3	2	8	2
PRO848B	7	5	23	6	276	85.4353455236916	6	4	22	4	59	38.6726172639738	3	3	5	2
PRO741B	6	2	17	3	380	1	4	1	15	0	1	1	1	1	1	1
TRP880B	7	4	20	9	2873	529.975815065316	6	3	18	5	1	1	1	1	1	1
VAL902B	8	7	30	23	769	672.088578870031	5	5	22	15	136	39.0885788700306	2	2	5	4
ARG841B	6	5	16	8	1	1	4	4	14	12	1	1	2	2	3	3
ARG948B	6	3	17	8	1035	61	4	2	14	4	354	225.628595946274	3	3	8	7
TYR727B	6	1	16	1	679	1	4	1	10	0	1	1	1	1	1	1
VAL726B	7	6	15	12	4603	3117.0676159095	5	4	11	7	1	1	1	1	1	1
SER768B	6	4	17	7	1589	612.418944323977	4	3	11	5	1582	605.418944323977	3	2	4	1
VAL765B	4	3	9	4	1	1	1	1	1	1	1	1	1	1	1	1
CYS818B	7	5	31	14	254	15	5	4	18	6	267	28	6	5	20	8
ARG803B	5	4	16	7	109	50.6007988287305	3	3	9	6	315	171.725124202342	4	4	6	3
LEU799B	6	4	20	11	504	1	4	3	14	9	984	85.8756746263888	3	2	8	3
ALA763B	10	9	24	18	483	145.346655376643	5	5	29	25	454	131.170615980531	2	2	6	6
GLU829B	3	2	9	4	267	1	3	2	9	3	267	1	2	1	4	0
GLU931B	4	2	8	1	269	71.6040111768244	3	2	6	1	529	1	2	1	6	0
LYS929B	3	2	5	1	267	196.395988823176	3	2	6	1	1	1	1	1	1	1
LEU747B	9	8	33	22	3708	3234.79067203514	8	7	37	22	2154	1901.79067203514	4	4	11	9
HIS850B	8	4	21	3	106	14	6	3	16	1	14	14	2	2	3	0
ASN816B	4	3	14	6	1662	704.385469157719	3	2	8	3	1662	704.385469157719	2	2	2	2
GLY824B	9	9	26	22	1100	652.038741592907	4	4	17	13	120	40.7261092221153	2	2	3	3
LEU778B	6	5	15	10	4521	2604.0434775057	5	5	19	12	2319	1494.0434775057	3	2	6	4
ILE853B	6	4	27	14	267	227.273890777885	6	4	26	8	267	227.273890777885	4	4	8	5
MET825B	8	4	30	12	1613	660.576303530994	6	4	29	13	583	260.748083110835	5	3	9	2
SER784B	5	2	12	4	267	73.1625525382267	4	2	10	2	228	73.1625525382267	3	2	7	1
THR783B	6	5	17	13	779	521.5	5	4	16	9	758	511	5	4	13	5
LYS949B	2	1	7	1	267	1	2	1	6	0	267	1	2	1	5	0
LEU964B	6	5	23	12	1062	1062	5	4	17	7	781	781	3	3	6	3
ASP837B	6	5	19	7	21431	2731.8563029788	6	5	21	10	5044	963.070743089824	2	2	3	3
THR785B	7	5	21	11	2658	821.753570949441	5	3	15	3	1215	155.837447461773	4	2	9	1
VAL786B	9	9	31	22	319	141.168928300173	6	6	26	18	260	111.668928300173	5	5	12	10
GLY719B	6	6	15	13	1046	1046	3	3	7	6	227	227	2	2	2	0
LEU718B	7	5	17	8	1709	1116.4323840905	5	5	14	7	1	1	1	1	1	1
GLN787B	8	4	25	8	785	489.653554455945	5	4	15	8	305	108.557469800804	2	2	2	1
ILE789B	7	4	31	15	5339	374.702364556555	5	2	24	6	2544	1	3	1	6	0
HIS888B	3	2	4	2	464	1	2	1	2	0	1	1	1	1	1	1
ILE890B	4	2	8	2	704	464	3	2	4	0	1	1	1	1	1	1
THR725B	7	7	17	15	23	23	4	4	7	4	129	54.7615353354016	3	3	5	3
GLU906B	8	5	26	12	1014	490.810897429684	5	4	18	7	1	1	1	1	1	1
LEU760B	4	3	13	5	49	17.0902055102696	3	3	8	6	47	16.0902055102696	2	2	5	3
THR892B	7	6	21	14	6502	1211.18728644795	5	4	22	10	3712	177	4	3	12	7
GLU746B	6	3	24	7	2000	778.083876512332	5	3	19	5	1502	1	3	1	6	0
ILE941B	3	2	4	2	1	1	1	1	1	1	234	117.5	2	2	1	1
MET945B	3	3	6	3	1	1	1	1	1	1	234	117.5	2	2	1	1
PRO919B	4	3	9	3	1773	944.5	4	3	10	3	1	1	1	1	1	1
LEU883B	6	5	9	3	1376	959.5	5	4	10	2	1376	959.5	4	4	4	2
ARG973B	3	1	11	1	267	1	2	1	6	0	1	1	1	1	1	1
VAL717B	6	6	11	10	304	304	3	3	6	3	1	1	1	1	1	1
PRO877B	4	4	13	11	2658	1419.10587809869	3	3	10	8	1	1	1	1	1	1
ASN826B	3	2	10	2	267	60.9376569742867	2	2	3	2	1	1	1	1	1	1
ILE965B	5	3	9	1	1151	376.062343025713	4	3	5	1	257	1	2	1	2	0
ALA822B	8	8	26	18	1605	1470.52118376123	4	4	12	8	890	755.521183761226	2	2	4	3
VAL943B	8	8	23	18	401	224.5	5	5	16	11	59	59	2	2	3	1
GLY724B	9	9	24	20	2385	2321.6352521213	8	8	31	18	1129	1097.2384646646	4	4	7	4
SER720B	6	1	15	1	23	1	4	1	14	0	249	1	3	1	3	0
GLN935B	4	3	14	8	531	195	4	3	16	7	1	1	1	1	1	1
LYS823B	5	1	19	1	170	1	2	1	3	0	1	1	1	1	1	1
LYS875B	4	2	11	1	985	215.883189619955	4	2	11	1	539	1	2	1	1	0
PHE723B	7	2	18	1	1508	135.116810380045	6	2	22	1	1	1	1	1	1	1
ALA839B	6	4	23	9	2311	1512.97185784328	6	4	25	9	1	1	1	1	1	1
ARG748B	5	4	12	7	267	140.416048755488	5	4	17	6	1	1	1	1	1	1
LYS714B	5	4	17	5	1339	931.903915344859	5	4	15	5	1	1	1	1	1	1
PHE712B	4	3	15	7	381	234.004516533734	4	3	12	7	321	197.442530199196	3	2	2	1
GLU967B	3	2	6	1	1	1	1	1	1	1	797	63.7852509948338	3	2	2	1
ARG776B	5	5	17	15	267	242.353857084454	3	3	8	6	22	22	3	3	5	2
LEU782B	7	5	22	13	433	97.4097944897304	5	4	16	9	920	342.228897214344	6	4	15	7
LEU798B	6	6	25	24	6634	3378.11879068778	5	5	26	22	6634	3378.11879068778	5	5	23	21
LEU907B	6	5	26	15	267	141.075179106582	6	5	28	16	267	141.075179106582	6	5	24	17
ASP974B	3	2	8	1	703	220	3	2	8	0	1	1	1	1	1	1
ALA920B	4	4	5	5	1755	1755	3	3	6	4	1079	1079	2	2	2	1
ILE878B	4	3	6	4	2423	487.376868221581	4	3	7	4	1290	102.886743022837	3	2	3	1
TYR944B	6	4	22	8	37	4	4	3	16	6	294	129.371404053726	3	3	6	4
ALA722B	5	4	10	6	374	218.930942210624	4	3	11	5	1	1	1	1	1	1
GLY721B	6	6	13	10	1247	346.017756912591	5	5	19	13	1	1	1	1	1	1
ASP942B	4	2	11	2	1	1	1	1	1	1	1	1	1	1	1	1
PHE856B	7	3	29	11	2133	336.937493364935	7	3	29	10	1316	336.937493364935	5	3	9	5
VAL876B	5	5	11	7	1672	1287.50987480125	4	4	11	7	539	539	2	2	1	0
HIS805B	4	3	7	2	142	1	2	1	4	0	1	1	1	1	1	1
LYS852B	6	1	25	1	363	1	4	1	17	0	363	1	4	1	11	0
ALA840B	6	5	21	12	1132	808.20140905002	5	4	15	8	1	1	1	1	1	1
ALA755B	5	4	7	2	1706	745.582998464589	4	3	7	2	1174	479.582998464589	2	2	4	2
ASN756B	2	1	4	1	267	1	2	1	3	0	1	1	1	1	1	1
TYR891B	6	2	18	4	579	51.4827479683985	5	2	20	4	579	51.4827479683985	4	2	8	3
ILE732B	2	1	4	1	267	1	2	1	4	0	1	1	1	1	1	1
GLY863B	2	2	3	2	1	1	1	1	1	1	1	1	1	1	1	1
ILE938B	5	4	16	11	399	343.300461274461	4	4	17	12	261	261	2	2	6	3
ASP954B	4	4	5	4	1325	664.95722962001	4	4	5	4	1	1	1	1	1	1
SER957B	2	2	3	3	267	134.723649101129	2	2	3	3	1	1	1	1	1	1
LEU887B	3	2	6	4	1	1	1	1	1	1	1	1	1	1	1	1
LYS716B	2	1	5	1	1	1	1	1	1	1	1	1	1	1	1	1
LYS970B	2	2	2	1	1	1	1	1	1	1	267	204.214749005166	2	2	2	1
GLY857B	5	5	19	16	698	698	2	2	6	2	1	1	1	1	1	1
SER885B	4	3	11	5	669	241	4	3	13	3	429	1	2	1	4	0
GLU922B	4	2	5	2	323	153.5	3	2	4	2	1	1	1	1	1	1
ARG977B	3	1	5	1	267	1	3	1	6	0	1	1	1	1	1	1
GLU709B	3	1	7	1	286	1	2	1	4	0	1	1	1	1	1	1
THR710B	4	4	7	5	1	1	1	1	1	1	1	1	1	1	1	1
LYS737B	2	1	5	1	1	1	1	1	1	1	1	1	1	1	1	1
VAL738B	6	6	11	5	531	266.561491103673	4	4	11	6	117	59.5614911036732	3	3	2	1
ILE715B	3	3	10	9	267	89.1293428419996	3	3	10	9	1	1	1	1	1	1
ALA955B	5	5	16	14	1845	819.581357038292	4	4	17	15	1	1	2	2	5	4
PHE910B	3	1	12	1	267	1	3	1	11	0	205	1	2	1	5	0
CYS775B	7	5	22	7	320	154.62809333361	6	5	19	8	241	36.3058864664053	5	3	12	2
MET790B	3	3	11	7	267	126.194113533595	3	3	10	9	267	126.194113533595	3	3	9	5
MET766B	7	3	25	8	1408	59.9086899754299	5	3	25	8	119	59.9086899754299	3	3	10	8
LYS860B	6	4	16	8	5463	4394.46684382069	4	4	14	12	5463	4394.46684382069	4	4	5	5
ILE706B	5	4	18	13	267	219	5	4	24	15	27	1	2	1	4	0
GLU963B	3	3	7	5	267	267	3	3	8	3	1	1	1	1	1	1
LYS960B	3	1	6	1	695	1	3	1	7	0	480	1	2	1	5	0
PRO753B	3	3	3	2	138	138	2	2	1	0	1	1	1	1	1	1
ALA698B	2	2	1	1	2	1.37202686184767	2	2	1	1	1	1	1	1	1	1
PRO699B	2	2	1	1	2	1.62797313815233	2	2	1	1	1	1	1	1	1	1
ARG705B	6	2	20	4	267	1	6	2	32	4	246	1	3	1	5	0
ILE821B	7	4	32	15	297	77.9197841646941	5	3	23	11	297	77.9197841646941	4	3	13	9
ASP770B	3	1	10	1	267	1	2	1	4	0	267	1	2	1	3	0
ASP956B	3	1	6	1	267	1	2	1	3	0	1	1	1	1	1	1
ILE926B	3	2	8	2	522	344.905035122601	2	2	6	2	1	1	1	1	1	1
SER969B	3	3	7	6	79	13.9794834455983	2	2	2	2	335	269.979483445598	3	3	4	3
LEU833B	5	3	17	6	1171	983	4	3	10	4	939	1	3	1	7	0
ARG836B	5	2	18	2	661	219	4	2	15	1	219	219	2	2	3	1
LEU828B	6	5	23	13	756	461.653818797725	4	4	16	11	536	351.653818797725	2	2	4	2
LEU838B	7	5	34	16	7897	3588.0400206117	7	5	34	16	131	131	2	2	4	2
ASP761B	3	2	3	1	1	1	1	1	1	1	267	75.0553104342915	2	2	1	1
LYS757B	2	2	2	1	1	1	1	1	1	1	267	192.944689565709	2	2	1	1
LYS728B	4	1	15	1	778	1	3	1	9	0	1	1	1	1	1	1
GLU736B	4	1	9	1	789	1	4	1	8	0	1	1	1	1	1	1
LYS739B	4	1	12	1	267	1	3	1	9	0	1	1	2	1	2	0
LYS708B	4	2	7	1	268	268	2	2	1	0	268	268	2	2	1	0
ARG831B	4	3	12	4	1876	399.581055676023	3	2	6	2	1004	399.581055676023	2	2	2	1
LYS913B	5	1	18	1	183	1	4	1	10	0	183	1	3	1	4	0
ALA750B	4	3	7	2	352	1	3	2	7	1	88	88	2	2	1	0
ASP800B	2	2	3	1	267	27.6831691132236	2	2	2	1	267	27.6831691132236	2	2	3	1
CYS797B	4	2	9	1	581	240.316830886776	3	2	6	1	797	240.316830886776	4	2	8	1
ALA702B	3	3	5	3	1	1	1	1	1	1	1	1	1	1	1	1
GLN701B	2	1	2	1	1	1	1	1	1	1	1	1	1	1	1	1
GLU749B	3	1	6	1	180	1	2	1	3	0	88	1	2	1	1	0
LYS713B	2	1	7	1	267	1	2	1	5	0	1	1	1	1	1	1
GLU804B	2	1	3	1	1	1	1	1	1	1	1	1	1	1	1	1
GLY735B	3	3	4	1	264	264	2	2	3	0	1	1	1	1	1	1
LYS754B	3	1	5	1	1	1	1	1	1	1	1	1	1	1	1	1
GLN982B	2	1	2	1	1	1	1	1	1	1	1	1	1	1	1	1
TYR764B	4	1	17	1	267	1	2	1	8	0	1	1	1	1	1	1
GLN791B	2	2	5	4	267	134	2	2	4	4	1	1	1	1	1	1
GLU928B	2	1	5	1	267	1	2	1	4	0	267	1	2	1	3	0
GLU758B	2	2	4	4	267	267	2	2	3	2	1	1	1	1	1	1
SER921B	3	2	4	2	1	1	1	1	1	1	1	1	1	1	1	1
GLU734B	3	1	4	1	268	1	2	1	1	0	268	1	2	1	1	0
LYS806B	1	1	1	1	1	1	1	1	1	1	1	1	1	1	1	1
ASP807B	1	1	1	1	1	1	1	1	1	1	1	1	1	1	1	1
ASN808B	1	1	1	1	1	1	1	1	1	1	1	1	1	1	1	1
ASP830B	1	1	1	1	1	1	1	1	1	1	1	1	1	1	1	1
ARG889B	1	1	1	1	1	1	1	1	1	1	1	1	1	1	1	1
ARG962B	1	1	1	1	1	1	1	1	1	1	1	1	1	1	1	1
ILE966B	1	1	1	1	1	1	1	1	1	1	1	1	1	1	1	1
