Degree	Degree_sidechain	SecondOrderDegree	SecondOrderDegree_sidechain	NodeEdgeBetweennessSTRIDE	NodeEdgeBetweennessSTRIDE_sidechain	IntermodularDegreeSTRIDE	IntermodularDegreeSTRIDE_sidechain	SecondOrderIntermodularDegreeSTRIDE	SecondOrderIntermodularDegreeSTRIDE_sidechain	NodeEdgeBetweennessWALKTRAP	NodeEdgeBetweennessWALKTRAP_sidechain	IntermodularDegreeWALKTRAP	IntermodularDegreeWALKTRAP_sidechain	SecondOrderIntermodularDegreeWALKTRAP	SecondOrderIntermodularDegreeWALKTRAP_sidechain
ILE142A	0.215530324693424	-0.914824837523643	0.643190045428875	-0.758431091714137	-0.48333016288736	-0.582373195084672	0.43285272972952	-1.14785078704668	0.805038901565962	-0.884282927740599	-0.410471310256735	-0.414931204421858	0.255319490893443	-0.107889044824939	0.485052260915019	-0.525826311450649
VAL112A	1.55602380754277	1.83774547006962	1.52144151308276	2.32140852067552	-0.624774201165821	-0.3966082873499	0.898580350324574	1.04467318821102	0.641822904826292	0.711864827930174	1.45810991927714	2.73052759344007	1.53191694536066	2.39317517611682	1.91911981492464	3.34541464293011
GLU3A	-0.231300836256358	-0.456063119591433	-0.23506142222501	-0.338452962751911	-0.598138635515981	-0.542272349221981	0.43285272972952	-0.0515887994178282	0.0705669162374457	-0.158761220617521	-0.716182429612862	-0.608375595528783	-0.382979236340164	-0.107889044824939	-0.411239960340994	-0.173895315597852
LEU52A	0.662361485643207	0.461460316272988	-0.125279988768275	-0.618438382060062	-0.443836048303115	-0.105505424271271	0.43285272972952	1.04467318821102	-0.255865077241895	-0.303865562042136	-0.716182429612862	-0.608375595528783	-1.02127796357377	-0.941577118472192	-0.769756848843399	-0.525826311450649
TYR96A	-0.231300836256358	-0.456063119591433	0.423627178515403	0.22151787586439	-0.598138635515981	-0.562459922069445	-0.0328748908655331	-0.0515887994178282	0.315390911346951	0.421656145080942	-0.45570407791657	-0.571305580223276	0.893618218127049	-0.107889044824939	0.305793816663816	0.178035680254944
VAL9A	2.00285496849255	2.29650718800183	2.07034868036644	2.18141581102144	-0.446591451646201	-0.291233659300764	1.83003559151468	2.14093517583987	1.94755087874365	2.59822126645018	-0.613238889421514	-0.433480666582796	-0.382979236340164	-0.107889044824939	-0.411239960340994	-0.525826311450649
GLY138A	-0.67813199720614	0.0026985983407777	-0.23506142222501	0.50150329517254	-0.598138635515981	-0.344651052619484	-0.0328748908655331	0.496542194396596	0.0705669162374457	0.276551803656327	-0.483779588877847	-0.213537043817387	-0.382979236340164	-0.107889044824939	0.126535372412614	0.178035680254944
ILE139A	1.10919264659299	0.0026985983407777	0.75297147888561	0.22151787586439	0.0705059090731058	-0.109577937726039	1.36430797091963	0.496542194396596	1.1314708950453	0.566760486505558	0.698511372713706	0.271767383139432	2.80851439982787	1.55948710246957	2.27763670342704	1.58575966366613
ARG97A	-0.231300836256358	0.461460316272988	0.0942828781451965	0.22151787586439	2.37034923276963	2.07010692591351	-0.0328748908655331	0.496542194396596	0.152174914607281	0.131447462231711	5.03773756683996	4.82800541786732	0.893618218127049	1.55948710246957	0.305793816663816	0.529966676107741
MET111A	1.10919264659299	0.0026985983407777	1.30187864616929	-0.0584675434437609	4.81898433699286	1.85675774330355	1.36430797091963	0.496542194396596	1.29468689178497	0.421656145080942	3.44367244448301	3.93224518283573	0.893618218127049	0.725799028822315	1.38134448217103	1.23382866781333
ALA59A	1.10919264659299	0.920222034205199	0.313845745058668	0.921481424134766	0.5903586731355	0.997053756607537	0.898580350324574	1.04467318821102	-0.17425707887206	-0.303865562042136	0.586209328868598	0.724535756892909	0.893618218127049	0.725799028822315	0.664310705166221	0.881897671960537
GLY60A	-1.12496315815592	-0.456063119591433	-1.00353145642216	-0.338452962751911	-0.598138635515981	-0.344651052619484	-0.96433013205564	-0.599719793232252	-1.07194506094025	-0.884282927740599	-0.198345227438198	0.271398895532851	-0.382979236340164	-0.107889044824939	-0.411239960340994	-0.173895315597852
ASP57A	-0.231300836256358	-0.456063119591433	0.313845745058668	-0.618438382060062	-0.434651370492825	-0.190366832243209	-0.0328748908655331	-0.0515887994178282	0.152174914607281	-0.303865562042136	-0.17806846952172	0.121372942507982	0.893618218127049	0.725799028822315	0.843569149417424	0.178035680254944
SER17A	0.215530324693424	-0.456063119591433	0.313845745058668	-0.758431091714137	-0.642225089005371	-0.533098934188361	-0.0328748908655331	-0.0515887994178282	-0.0926490805022245	-0.448969903466752	-0.532131857755602	-0.519297875318425	-0.382979236340164	-0.107889044824939	-0.411239960340994	-0.173895315597852
ARG41A	-0.67813199720614	-0.456063119591433	-0.454624289138482	-0.478445672405987	0.00988703552519414	0.144945877556142	-0.0328748908655331	-0.0515887994178282	-0.17425707887206	-0.158761220617521	0.0293783614699375	0.433343973226183	-0.382979236340164	-0.107889044824939	-0.411239960340994	-0.173895315597852
ASP54A	0.215530324693424	0.461460316272988	-0.564405722595217	-0.758431091714137	0.423197536988228	-0.174153649012139	0.43285272972952	0.496542194396596	-0.33747307561173	-0.448969903466752	1.10560628165222	-0.142586501563574	0.893618218127049	0.725799028822315	-0.411239960340994	-0.173895315597852
LEU133A	-0.231300836256358	0.0026985983407777	-0.0154985553115391	-0.198460253097836	0.450751570419097	0.415633232579945	-0.498602511460587	-0.0515887994178282	-0.419081073981565	-0.013656879192905	1.32553111751556	1.24948642043571	0.255319490893443	0.725799028822315	0.126535372412614	0.881897671960537
PHE90A	0.215530324693424	-0.456063119591433	0.643190045428875	-0.198460253097836	1.61904258788794	0.348443748749694	0.43285272972952	-0.0515887994178282	0.315390911346951	-0.303865562042136	1.34424812482308	1.12440827823117	0.255319490893443	0.725799028822315	-0.231981516089791	0.178035680254944
ALA83A	1.10919264659299	1.37898375213741	1.08231577925582	1.06147413378884	-0.260142492097322	-0.104209524380067	1.36430797091963	1.59280418202544	1.45790288852464	1.00207351077941	0.0215796084251384	0.117465841250989	2.80851439982787	3.22686324976408	2.27763670342704	2.28962165537172
SER89A	0.662361485643207	0.461460316272988	1.19209721271255	0.50150329517254	-0.309739752272886	0.0140673899028361	0.898580350324574	0.496542194396596	1.53951088689448	0.421656145080942	-0.502496596185365	-0.245336121807567	-0.382979236340164	-0.107889044824939	0.126535372412614	0.881897671960537
ALA146A	0.215530324693424	0.461460316272988	0.204064311601932	0.641496004826615	1.01009844906574	0.461857038603768	-0.0328748908655331	-0.0515887994178282	0.152174914607281	0.421656145080942	2.2754192383721	1.33553541878327	0.893618218127049	0.725799028822315	0.664310705166221	1.23382866781333
LEU19A	1.10919264659299	1.37898375213741	1.9605672469097	2.18141581102144	1.09000514601526	0.356011156811872	1.36430797091963	2.14093517583987	1.86594288037382	3.03353429072403	1.09000877556262	0.99118104961759	2.17021567259426	3.22686324976408	1.91911981492464	2.99348364707732
TYR32A	0.215530324693424	-0.914824837523643	0.313845745058668	-0.898423801368212	-0.0635903869571231	-0.283887830634883	-0.0328748908655331	-0.599719793232252	-0.5006890723514	-0.739178586315984	0.224347187589917	-0.0527232414349894	0.255319490893443	-0.107889044824939	0.305793816663816	-0.525826311450649
GLY151A	1.10919264659299	1.83774547006962	0.533408611972139	1.06147413378884	0.676694644552223	0.936457709898358	1.36430797091963	2.14093517583987	1.04986289667547	1.14717785220402	-0.716182429612862	-0.608375595528783	-1.02127796357377	-0.941577118472192	-0.769756848843399	-0.525826311450649
THR144A	2.00285496849255	1.37898375213741	0.972534345799082	1.34145955309699	0.748335131472482	0.841249676179522	2.76149083270479	2.14093517583987	2.60041486570233	1.58249087647787	-0.716182429612862	-0.608375595528783	-0.382979236340164	-0.941577118472192	-0.052723071838589	-0.877757307303445
ASP154A	-0.67813199720614	-1.37358655545585	-0.454624289138482	-1.03841651102229	-0.594464764391865	-0.582373195084672	-0.96433013205564	-1.14785078704668	-0.66390506909107	-0.884282927740599	-0.575804874806478	-0.608375595528783	-0.382979236340164	-0.941577118472192	-0.590498404592196	-0.877757307303445
ILE93A	0.215530324693424	0.461460316272988	1.08231577925582	1.20146684344292	-0.524661213033664	-0.396264239966265	0.898580350324574	1.04467318821102	1.37629489015481	1.8726995593271	-0.330924029199784	-0.261920152997782	1.53191694536066	1.55948710246957	1.91911981492464	2.28962165537172
LEU113A	2.00285496849255	1.83774547006962	2.18013011382317	2.04142310136737	0.273487288680507	0.916925135298615	1.83003559151468	2.14093517583987	2.02915887711349	1.72759521790248	2.25358272984666	1.61362177042845	2.80851439982787	2.39317517611682	3.71170425743666	2.64155265122452
ASP30A	-0.67813199720614	-0.914824837523643	-0.674187156051953	-1.03841651102229	-0.59905710329701	-0.582373195084672	-0.96433013205564	-1.14785078704668	-0.745513067460906	-0.884282927740599	-0.716182429612862	-0.608375595528783	-1.02127796357377	-0.941577118472192	-0.769756848843399	-0.525826311450649
GLU31A	-1.12496315815592	-1.37358655545585	-0.893750022965424	-1.03841651102229	-0.751522754947818	-0.582373195084672	-1.43005775265069	-1.14785078704668	-1.07194506094025	-0.739178586315984	-0.716182429612862	-0.608375595528783	-1.02127796357377	-0.941577118472192	-0.769756848843399	-0.525826311450649
ASP132A	-0.67813199720614	-0.456063119591433	-1.4426571902491	-1.03841651102229	-0.751522754947818	-0.582373195084672	-1.43005775265069	-1.14785078704668	-1.07194506094025	-0.739178586315984	-0.716182429612862	-0.608375595528783	-1.02127796357377	-0.941577118472192	-0.769756848843399	-0.525826311450649
LYS128A	-1.12496315815592	-0.914824837523643	-1.1133128898789	-0.898423801368212	-0.751522754947818	-0.582373195084672	-1.43005775265069	-1.14785078704668	-1.07194506094025	-0.739178586315984	-0.716182429612862	-0.608375595528783	-1.02127796357377	-0.941577118472192	-0.769756848843399	-0.525826311450649
LEU120A	-0.231300836256358	0.461460316272988	-0.454624289138482	-0.338452962751911	-0.0360363535262541	0.156691838419756	-0.0328748908655331	0.496542194396596	-0.255865077241895	-0.448969903466752	0.0169003565982589	0.602230396034563	0.255319490893443	0.725799028822315	-0.231981516089791	-0.173895315597852
PRO121A	-1.12496315815592	-0.456063119591433	-1.22309432333563	-0.618438382060062	-0.464042339485752	-0.223930612776764	-0.96433013205564	-0.599719793232252	-0.908729064200576	-0.448969903466752	-0.716182429612862	-0.608375595528783	-1.02127796357377	-0.941577118472192	-0.769756848843399	-0.525826311450649
ASP108A	0.215530324693424	-0.456063119591433	-0.674187156051953	-1.03841651102229	-0.302392010024654	-0.496144709895599	-0.0328748908655331	-0.0515887994178282	-0.66390506909107	-0.594074244891368	0.0465356181684957	-0.447854958701008	0.255319490893443	0.725799028822315	-0.411239960340994	-0.173895315597852
SER106A	-0.67813199720614	-0.456063119591433	-0.674187156051953	-0.758431091714137	-0.751522754947818	-0.582373195084672	-1.43005775265069	-1.14785078704668	-1.07194506094025	-0.739178586315984	-0.716182429612862	-0.608375595528783	-1.02127796357377	-0.941577118472192	-0.769756848843399	-0.525826311450649
HIS166A	-1.12496315815592	-0.914824837523643	-0.783968589508689	-0.898423801368212	-0.0139931267815589	-0.180696236863583	-0.498602511460587	-0.599719793232252	-0.419081073981565	-0.594074244891368	0.536297309381883	0.139375463663695	0.255319490893443	-0.107889044824939	-0.231981516089791	-0.173895315597852
ALA11A	1.10919264659299	0.920222034205199	0.533408611972139	0.781488714480691	0.11091849143838	-0.0424470785635375	1.36430797091963	1.04467318821102	1.21307889341514	1.58249087647787	-0.171829467085881	-0.263938999324942	0.255319490893443	-0.107889044824939	0.485052260915019	0.178035680254944
VAL14A	2.00285496849255	2.29650718800183	2.18013011382317	2.60139393998367	2.62200940477157	2.52354479926079	2.76149083270479	3.23719716346872	3.41649484940069	3.90416033927172	1.8792425836963	1.60489235425293	2.17021567259426	2.39317517611682	3.35318736893426	4.0492766346357
LEU79A	1.10919264659299	0.461460316272988	2.07034868036644	1.20146684344292	1.36279007698086	1.2740768014284	0.898580350324574	1.04467318821102	1.1314708950453	1.43738653505325	1.21478882427941	1.85506678255003	0.255319490893443	0.725799028822315	0.843569149417424	0.881897671960537
VAL114A	1.10919264659299	1.83774547006962	1.85078581345297	2.88137935929182	-0.449346854989288	-0.32394097520755	0.43285272972952	1.04467318821102	0.968254898305632	2.01780390075172	-0.125036948817086	-0.113597509724923	1.53191694536066	2.39317517611682	2.27763670342704	4.4012076304885
TYR137A	0.215530324693424	-0.914824837523643	-0.344842855681746	-0.758431091714137	1.03581554693455	-0.0286371865879163	0.43285272972952	-0.599719793232252	-0.0926490805022245	-0.884282927740599	2.29101674446169	0.422444515986204	0.893618218127049	-0.107889044824939	0.843569149417424	-0.877757307303445
GLY77A	1.10919264659299	1.83774547006962	0.972534345799082	1.90143039171329	1.56852685993135	2.07603047787389	1.36430797091963	2.14093517583987	1.45790288852464	2.59822126645018	-0.716182429612862	-0.608375595528783	-1.02127796357377	-0.941577118472192	-0.769756848843399	-0.525826311450649
PHE78A	1.10919264659299	-0.456063119591433	1.41166007962602	-0.0584675434437609	2.34922447380597	-0.582373195084672	1.36430797091963	-0.0515887994178282	1.29468689178497	-0.013656879192905	0.0293783614699375	-0.608375595528783	-0.382979236340164	-0.941577118472192	-0.411239960340994	-0.877757307303445
GLN22A	0.662361485643207	0.920222034205199	-0.125279988768275	-0.0584675434437609	1.53270661647122	2.5240394796529	1.36430797091963	1.59280418202544	0.396998909716786	0.131447462231711	1.78721729776767	2.83720674565292	0.893618218127049	0.725799028822315	0.305793816663816	0.529966676107741
HIS27A	-1.12496315815592	-1.37358655545585	-0.564405722595217	-1.03841651102229	-0.598138635515981	-0.582373195084672	-0.498602511460587	-1.14785078704668	-0.33747307561173	-0.884282927740599	-0.716182429612862	-0.608375595528783	-1.02127796357377	-0.941577118472192	-0.769756848843399	-0.525826311450649
ARG164A	0.215530324693424	0.461460316272988	-0.0154985553115391	0.50150329517254	0.12928784705896	0.232310238481426	-0.0328748908655331	0.496542194396596	-0.0926490805022245	-0.013656879192905	0.177554669321122	-0.0421279505760741	0.893618218127049	0.725799028822315	-0.052723071838589	0.178035680254944
GLU168A	-1.12496315815592	-0.456063119591433	-1.22309432333563	-0.478445672405987	-0.751522754947818	-0.582373195084672	-1.43005775265069	-1.14785078704668	-1.07194506094025	-0.739178586315984	-0.198345227438198	0.271398895532851	-0.382979236340164	-0.107889044824939	-0.411239960340994	-0.173895315597852
ARG123A	-0.231300836256358	0.0026985983407777	0.0942828781451965	0.22151787586439	0.53708754183582	0.620802917256858	-0.498602511460587	-0.0515887994178282	-0.66390506909107	-0.303865562042136	0.503542546593727	0.618993592234958	-0.382979236340164	-0.107889044824939	-0.769756848843399	-0.525826311450649
ILE84A	0.215530324693424	0.0026985983407777	0.643190045428875	-0.198460253097836	0.390132696871186	0.516471654490517	0.898580350324574	0.496542194396596	0.886646899935797	-0.013656879192905	0.253982449160153	0.804033451868358	1.53191694536066	0.725799028822315	1.38134448217103	-0.525826311450649
LEU56A	0.662361485643207	0.920222034205199	0.423627178515403	0.641496004826615	1.11204837275995	1.32611254119592	0.898580350324574	1.04467318821102	0.478606908086621	0.421656145080942	0.770259900725858	0.23948020173008	0.255319490893443	-0.107889044824939	-0.052723071838589	-0.525826311450649
TYR71A	-0.67813199720614	-0.914824837523643	-0.454624289138482	-0.478445672405987	-0.480574759544273	-0.503736893891535	-0.498602511460587	-0.599719793232252	-0.33747307561173	-0.303865562042136	-0.36367879198794	-0.608375595528783	-0.382979236340164	-0.941577118472192	-0.590498404592196	-0.877757307303445
GLN43A	-0.67813199720614	-1.37358655545585	-0.674187156051953	-1.03841651102229	-0.388727981441377	-0.582373195084672	-0.498602511460587	-1.14785078704668	-0.582297070721235	-0.884282927740599	-0.716182429612862	-0.608375595528783	-1.02127796357377	-0.941577118472192	-0.769756848843399	-0.525826311450649
VAL44A	0.662361485643207	1.37898375213741	-0.0154985553115391	0.361510585518465	0.0695874412920769	0.158899508093181	-0.498602511460587	-0.0515887994178282	-0.582297070721235	0.131447462231711	-0.716182429612862	-0.608375595528783	-1.02127796357377	-0.941577118472192	-0.769756848843399	-0.525826311450649
ARG68A	-0.231300836256358	0.0026985983407777	-0.23506142222501	-0.0584675434437609	0.0245825200216576	-0.41812746440593	-0.0328748908655331	-0.0515887994178282	-0.17425707887206	0.276551803656327	0.28829696255727	0.244899663874368	-0.382979236340164	-0.107889044824939	-0.769756848843399	-0.525826311450649
GLU37A	0.215530324693424	0.461460316272988	0.204064311601932	0.50150329517254	0.981625947853839	0.41843490501673	0.898580350324574	1.04467318821102	0.641822904826292	1.00207351077941	-0.282571760322029	0.128303044577043	-0.382979236340164	-0.107889044824939	-0.231981516089791	-0.173895315597852
ARG102A	-0.67813199720614	0.0026985983407777	-0.893750022965424	-0.478445672405987	-0.0801228070156444	0.202922908308505	-0.498602511460587	-0.0515887994178282	-0.745513067460906	-0.594074244891368	1.32553111751556	1.64501460303945	0.893618218127049	1.55948710246957	0.305793816663816	0.178035680254944
GLN99A	0.215530324693424	0.0026985983407777	-0.564405722595217	-0.478445672405987	-0.62569266894685	-0.387355629110237	-0.96433013205564	-0.599719793232252	-0.908729064200576	-0.739178586315984	0.185353422365921	0.131775973383587	0.255319490893443	-0.107889044824939	0.305793816663816	0.178035680254944
LEU159A	2.00285496849255	1.83774547006962	1.6312229465395	2.32140852067552	6.87084135981156	9.39550743603219	1.83003559151468	2.68906616965429	2.02915887711349	3.03353429072403	-0.716182429612862	-0.608375595528783	-1.02127796357377	-0.941577118472192	-0.769756848843399	-0.525826311450649
ALA130A	1.10919264659299	0.461460316272988	1.08231577925582	-0.0584675434437609	-0.360255480229479	-0.219922615783694	0.43285272972952	-0.0515887994178282	0.886646899935797	-0.158761220617521	-0.408911559647775	-0.408306396507237	0.255319490893443	-0.107889044824939	0.485052260915019	0.178035680254944
THR127A	-0.231300836256358	0.0026985983407777	-0.564405722595217	-0.618438382060062	-0.0332809501831672	-0.128525487464837	-0.96433013205564	-0.599719793232252	-0.990337062570411	-0.594074244891368	0.503542546593727	0.236495132400843	-0.382979236340164	-0.107889044824939	-0.769756848843399	-0.525826311450649
ASP119A	0.215530324693424	0.461460316272988	-0.0154985553115391	-0.0584675434437609	-0.473227017296041	-0.299660173143053	0.43285272972952	0.496542194396596	-0.255865077241895	-0.594074244891368	-0.684987417433666	-0.57351769914343	-0.382979236340164	-0.107889044824939	-0.590498404592196	-0.173895315597852
LYS147A	0.215530324693424	-1.37358655545585	-0.23506142222501	-1.03841651102229	-0.602730974421126	-0.582373195084672	-0.498602511460587	-1.14785078704668	-0.419081073981565	-0.884282927740599	-0.46350283096137	-0.608375595528783	-0.382979236340164	-0.941577118472192	-0.769756848843399	-0.877757307303445
LYS101A	-0.231300836256358	0.461460316272988	-0.344842855681746	0.50150329517254	-0.566910730960996	-0.31979493805475	-0.0328748908655331	0.496542194396596	-0.419081073981565	0.131447462231711	-0.263854753014511	-0.338492992560624	-0.382979236340164	-0.107889044824939	-0.411239960340994	0.178035680254944
VAL152A	1.10919264659299	1.37898375213741	1.08231577925582	1.34145955309699	0.761193680406888	1.07483213004728	0.43285272972952	1.04467318821102	0.560214906456457	1.8726995593271	-0.658471657081349	-0.55935201696059	0.255319490893443	0.725799028822315	0.485052260915019	1.58575966366613
GLY15A	1.10919264659299	1.37898375213741	1.19209721271255	1.76143768205922	0.880594491940653	1.69517675629039	1.83003559151468	2.14093517583987	1.86594288037382	2.59822126645018	-0.146873457342524	0.0370733507546789	0.893618218127049	0.725799028822315	1.02282759366863	1.23382866781333
CYS12A	-0.67813199720614	-0.456063119591433	-0.344842855681746	-0.198460253097836	-0.384135642536232	-0.0129788418746404	-0.96433013205564	-0.599719793232252	-0.990337062570411	-0.884282927740599	-0.716182429612862	-0.608375595528783	-1.02127796357377	-0.941577118472192	-0.769756848843399	-0.525826311450649
PHE141A	1.10919264659299	-0.456063119591433	1.74100437999623	-0.618438382060062	-0.326272172331407	-0.511372323004514	0.898580350324574	-0.599719793232252	1.37629489015481	-0.594074244891368	-0.54928911445416	-0.542127516382576	1.53191694536066	-0.107889044824939	1.20208603791983	-0.877757307303445
ARG135A	-1.12496315815592	-0.914824837523643	-0.564405722595217	-0.898423801368212	-0.751522754947818	-0.582373195084672	-1.43005775265069	-1.14785078704668	-1.07194506094025	-0.739178586315984	-0.716182429612862	-0.608375595528783	-1.02127796357377	-0.941577118472192	-0.769756848843399	-0.525826311450649
SER65A	-0.67813199720614	-0.456063119591433	-1.22309432333563	-0.618438382060062	0.1559234127088	0.35143354417978	-0.498602511460587	-0.599719793232252	-0.827121065830741	-0.594074244891368	-0.45570407791657	-0.356482836197091	-0.382979236340164	-0.107889044824939	-0.769756848843399	-0.525826311450649
PRO140A	0.215530324693424	0.0026985983407777	0.643190045428875	0.22151787586439	-0.326272172331407	-0.0778020371079169	0.43285272972952	-0.0515887994178282	0.315390911346951	-0.158761220617521	0.024699109643058	0.362719626024168	1.53191694536066	1.55948710246957	1.73986137067344	1.58575966366613
LEU53A	0.662361485643207	1.37898375213741	0.423627178515403	1.20146684344292	1.03306014359146	0.69556882680855	0.43285272972952	1.04467318821102	0.0705669162374457	0.711864827930174	0.919995959186002	0.781509104958648	0.893618218127049	1.55948710246957	0.664310705166221	1.58575966366613
TYR4A	1.10919264659299	-0.456063119591433	0.972534345799082	-0.338452962751911	1.15613482624934	-0.0111843710051355	1.36430797091963	-0.0515887994178282	0.723430903196127	-0.013656879192905	0.277378708294551	-0.497365424552743	0.893618218127049	-0.107889044824939	-0.052723071838589	-0.525826311450649
PHE82A	2.89651729039212	0.461460316272988	2.83881871456359	0.50150329517254	1.3545238669516	-0.332552088225233	2.76149083270479	1.04467318821102	2.76363086244201	0.711864827930174	1.12276353835078	-0.297010862626066	2.80851439982787	1.55948710246957	3.89096270168787	0.881897671960537
ASP69A	-0.67813199720614	-0.914824837523643	-0.783968589508689	-0.758431091714137	0.731802711413961	-0.327101117986516	-0.498602511460587	-0.599719793232252	-0.827121065830741	-0.594074244891368	1.80281480385727	-0.13316793891397	0.893618218127049	-0.107889044824939	1.02282759366863	0.178035680254944
VAL109A	1.10919264659299	1.83774547006962	0.75297147888561	1.06147413378884	-0.0424656279934569	0.423681794035587	0.898580350324574	1.59280418202544	0.723430903196127	1.29228219362864	0.137001153488166	0.725107863711824	0.893618218127049	1.55948710246957	0.126535372412614	0.178035680254944
SER145A	-0.231300836256358	0.461460316272988	-0.344842855681746	0.0815251662103144	-0.584361618800546	-0.433769994469693	-0.96433013205564	-0.599719793232252	-0.827121065830741	-0.448969903466752	-0.716182429612862	-0.608375595528783	-1.02127796357377	-0.941577118472192	-0.769756848843399	-0.525826311450649
THR148A	0.215530324693424	0.920222034205199	-0.23506142222501	0.361510585518465	-0.58987242548672	-0.331839679672258	-0.498602511460587	-0.0515887994178282	-0.582297070721235	-0.158761220617521	-0.716182429612862	-0.608375595528783	-1.02127796357377	-0.941577118472192	-0.769756848843399	-0.525826311450649
THR124A	0.662361485643207	1.37898375213741	0.0942828781451965	0.50150329517254	-0.273001041031727	-0.173737741127433	-0.0328748908655331	0.496542194396596	-0.419081073981565	-0.594074244891368	-0.716182429612862	-0.608375595528783	-1.02127796357377	-0.941577118472192	-0.769756848843399	-0.525826311450649
ASP33A	-0.67813199720614	-0.456063119591433	-1.00353145642216	-0.478445672405987	-0.751522754947818	-0.582373195084672	-1.43005775265069	-1.14785078704668	-1.07194506094025	-0.739178586315984	-0.376156796859619	-0.477366919213636	-0.382979236340164	-0.107889044824939	-0.231981516089791	0.178035680254944
THR35A	-0.231300836256358	0.0026985983407777	-0.564405722595217	-0.618438382060062	-0.751522754947818	-0.582373195084672	-0.96433013205564	-1.14785078704668	-0.745513067460906	-0.884282927740599	-0.45882357913449	-0.393565837207277	-0.382979236340164	-0.107889044824939	-0.231981516089791	0.178035680254944
GLY13A	-0.231300836256358	0.461460316272988	0.0942828781451965	0.781488714480691	0.806198601677307	1.28399989854168	-0.0328748908655331	0.496542194396596	0.641822904826292	1.29228219362864	0.540976561208763	1.32113308287046	0.255319490893443	0.725799028822315	0.126535372412614	0.178035680254944
ARG161A	-0.67813199720614	-0.456063119591433	-0.893750022965424	-1.03841651102229	-0.597220167734952	-0.387032725570506	-0.96433013205564	-0.599719793232252	-0.990337062570411	-0.739178586315984	-0.454144327307611	-0.244735013232855	-0.382979236340164	-0.107889044824939	-0.769756848843399	-0.525826311450649
TYR157A	-1.12496315815592	-1.37358655545585	-1.00353145642216	-1.03841651102229	-0.303310477805683	-0.582373195084672	-0.96433013205564	-1.14785078704668	-0.827121065830741	-0.884282927740599	0.0449758675595358	-0.608375595528783	-0.382979236340164	-0.941577118472192	-0.411239960340994	-0.877757307303445
ILE55A	-0.231300836256358	-0.914824837523643	0.423627178515403	-0.898423801368212	-0.543030568654243	-0.380238199695111	-0.0328748908655331	-0.599719793232252	-0.17425707887206	-0.739178586315984	-0.36211904137898	-0.232086505978325	0.893618218127049	-0.107889044824939	1.02282759366863	-0.525826311450649
ASN85A	-0.231300836256358	-0.914824837523643	-0.23506142222501	-0.618438382060062	-0.570584602085112	-0.570985308020472	0.43285272972952	-0.599719793232252	-0.0926490805022245	-0.448969903466752	-0.566446371152719	-0.608375595528783	-0.382979236340164	-0.941577118472192	0.126535372412614	-0.877757307303445
MET72A	-0.231300836256358	-0.456063119591433	0.204064311601932	-0.0584675434437609	-0.0323624824021383	-0.131438484096508	-0.0328748908655331	-0.599719793232252	0.315390911346951	-0.013656879192905	0.28829696255727	0.244899663874368	-0.382979236340164	-0.107889044824939	-0.769756848843399	-0.525826311450649
THR58A	1.55602380754277	1.37898375213741	1.41166007962602	2.04142310136737	1.3324806402069	1.44720189948691	1.83003559151468	2.14093517583987	1.53951088689448	2.16290824217633	-0.210823232309877	-0.486479129899761	1.53191694536066	0.725799028822315	0.664310705166221	0.178035680254944
ASN116A	1.10919264659299	0.0026985983407777	1.85078581345297	0.641496004826615	0.301041322111376	0.127946260544842	1.36430797091963	0.496542194396596	2.5188068673325	1.29228219362864	0.052774620604335	0.141552660406285	1.53191694536066	0.725799028822315	2.45689514767825	1.23382866781333
GLY115A	1.55602380754277	2.29650718800183	1.41166007962602	1.62144497240514	-0.303310477805683	0.0525021743559755	1.36430797091963	2.14093517583987	1.94755087874365	1.58249087647787	-0.238898743271154	0.0912053593396245	0.893618218127049	1.55948710246957	1.56060292642223	1.23382866781333
GLU143A	0.662361485643207	-1.37358655545585	0.423627178515403	-1.03841651102229	-0.586198554362604	-0.582373195084672	0.898580350324574	-1.14785078704668	1.21307889341514	-0.884282927740599	-0.677188664388867	-0.608375595528783	-0.382979236340164	-0.941577118472192	-0.231981516089791	-0.877757307303445
VAL160A	1.10919264659299	1.83774547006962	1.19209721271255	1.20146684344292	0.594951012040645	0.688587204608575	0.43285272972952	1.04467318821102	0.396998909716786	1.00207351077941	0.523819304510204	0.571769602004435	0.893618218127049	1.55948710246957	1.20208603791983	1.23382866781333
ARG149A	-0.231300836256358	-0.456063119591433	-0.0154985553115391	-0.478445672405987	1.0532664347741	0.0423968427525348	-0.0328748908655331	-0.0515887994178282	-0.17425707887206	-0.013656879192905	0.871643690308247	0.554679561066375	0.255319490893443	0.725799028822315	-0.231981516089791	0.178035680254944
LYS169A	-1.5717943191057	-0.914824837523643	-1.22309432333563	-0.898423801368212	-0.598138635515981	-0.374194041695572	-0.96433013205564	-0.599719793232252	-0.908729064200576	-0.594074244891368	-0.45570407791657	-0.22083486344922	-0.382979236340164	-0.107889044824939	-0.590498404592196	-0.173895315597852
CYS80A	1.10919264659299	0.461460316272988	1.6312229465395	1.20146684344292	-0.594464764391865	-0.539950011368485	0.898580350324574	0.496542194396596	1.29468689178497	1.00207351077941	-0.611679138812554	-0.608375595528783	0.255319490893443	-0.941577118472192	0.843569149417424	-0.877757307303445
ILE100A	1.10919264659299	0.920222034205199	1.74100437999623	0.921481424134766	0.454425441543213	1.23968873518743	0.898580350324574	1.04467318821102	1.21307889341514	1.14717785220402	1.10560628165222	-0.608375595528783	0.893618218127049	-0.107889044824939	0.843569149417424	-0.525826311450649
VAL103A	0.215530324693424	0.920222034205199	0.0942828781451965	0.641496004826615	0.322166081075042	0.818618454648505	-0.498602511460587	-0.0515887994178282	-0.827121065830741	-0.594074244891368	2.92895474352627	5.09478316625178	1.53191694536066	2.39317517611682	1.20208603791983	1.23382866781333
ARG73A	0.215530324693424	0.0026985983407777	-0.454624289138482	-0.198460253097836	-0.489759437354563	-0.319309847561531	-0.498602511460587	-0.599719793232252	-0.745513067460906	-0.594074244891368	-0.0283324110615763	0.101238567524761	1.53191694536066	1.55948710246957	1.02282759366863	1.58575966366613
GLN70A	-1.12496315815592	-0.456063119591433	-0.893750022965424	-0.338452962751911	-0.751522754947818	-0.582373195084672	-1.43005775265069	-1.14785078704668	-1.07194506094025	-0.739178586315984	-0.346521535289382	-0.331107941037274	0.255319490893443	0.725799028822315	0.126535372412614	0.881897671960537
GLY10A	0.215530324693424	0.920222034205199	0.862752912342346	1.34145955309699	0.0484626823284107	0.340075762138014	0.898580350324574	1.59280418202544	1.29468689178497	2.01780390075172	0.533177808163963	0.985313119024016	0.893618218127049	1.55948710246957	0.843569149417424	0.529966676107741
LEU6A	1.55602380754277	1.37898375213741	1.52144151308276	1.20146684344292	1.02203853021911	0.602465836101054	0.898580350324574	1.04467318821102	0.968254898305632	1.29228219362864	-0.518094102274964	-0.27183535346605	-0.382979236340164	-0.107889044824939	0.126535372412614	-0.525826311450649
VAL7A	1.55602380754277	1.83774547006962	1.9605672469097	2.88137935929182	2.03786389603715	1.38566029342679	0.898580350324574	1.04467318821102	1.21307889341514	1.58249087647787	0.75466239463626	1.0426461526073	-0.382979236340164	-0.107889044824939	-0.590498404592196	-0.525826311450649
ILE163A	0.215530324693424	0.461460316272988	0.313845745058668	0.921481424134766	-0.598138635515981	-0.459071231135236	0.43285272972952	0.496542194396596	0.641822904826292	0.85696916935479	-0.716182429612862	-0.608375595528783	-1.02127796357377	-0.941577118472192	-0.769756848843399	-0.525826311450649
VAL8A	1.10919264659299	1.37898375213741	1.9605672469097	1.62144497240514	1.5354620198143	1.85463463665426	0.898580350324574	1.04467318821102	1.21307889341514	0.566760486505558	1.76538078924223	3.60765216133586	0.893618218127049	1.55948710246957	1.56060292642223	0.529966676107741
ALA18A	0.662361485643207	0.920222034205199	0.75297147888561	1.20146684344292	-0.51915040634749	-0.503649269945424	0.43285272972952	0.496542194396596	0.396998909716786	0.131447462231711	-0.321565525546025	-0.461825246543463	-0.382979236340164	-0.107889044824939	-0.411239960340994	-0.173895315597852
ALA134A	2.00285496849255	2.29650718800183	0.75297147888561	1.20146684344292	-0.463123871704723	-0.172409260773449	0.898580350324574	1.04467318821102	0.886646899935797	0.85696916935479	-0.348081285898342	0.0170062716114146	-0.382979236340164	-0.107889044824939	0.126535372412614	0.178035680254944
SER136A	-1.5717943191057	-0.914824837523643	-1.4426571902491	-0.758431091714137	-0.751522754947818	-0.582373195084672	-1.43005775265069	-1.14785078704668	-1.07194506094025	-0.739178586315984	-0.716182429612862	-0.608375595528783	-1.02127796357377	-0.941577118472192	-0.769756848843399	-0.525826311450649
GLN150A	-0.231300836256358	-0.456063119591433	-0.0154985553115391	-0.618438382060062	-0.535682826406011	-0.498387527986193	-0.0328748908655331	-0.0515887994178282	-0.17425707887206	-0.448969903466752	-0.716182429612862	-0.608375595528783	-1.02127796357377	-0.941577118472192	-0.769756848843399	-0.525826311450649
PRO110A	0.662361485643207	0.461460316272988	0.423627178515403	0.641496004826615	0.336861565571506	0.413759598658048	1.36430797091963	1.04467318821102	1.21307889341514	0.711864827930174	0.141680405315045	0.782261959722657	0.255319490893443	0.725799028822315	-0.052723071838589	0.529966676107741
TYR64A	-0.231300836256358	-0.456063119591433	-0.783968589508689	-0.478445672405987	-0.62569266894685	-0.582373195084672	-0.0328748908655331	-0.599719793232252	-0.745513067460906	-0.594074244891368	-0.669389911344067	-0.565645623144083	0.255319490893443	-0.107889044824939	-0.052723071838589	-0.173895315597852
ILE24A	-0.67813199720614	-0.456063119591433	-0.674187156051953	-0.758431091714137	-0.393320320346521	-0.0272137007048912	-0.498602511460587	-0.0515887994178282	-0.745513067460906	-0.739178586315984	-0.107879692118528	0.425094439152052	0.255319490893443	0.725799028822315	-0.231981516089791	-0.525826311450649
THR20A	0.215530324693424	0.920222034205199	0.0942828781451965	0.0815251662103144	-0.329027575674494	0.0724303111068644	-0.498602511460587	-0.0515887994178282	-0.66390506909107	-0.594074244891368	0.00130285050866053	0.610589060761433	0.255319490893443	0.725799028822315	0.126535372412614	-0.173895315597852
GLU49A	-0.67813199720614	-0.914824837523643	-0.783968589508689	-0.618438382060062	-0.454857661675462	-0.543490040695928	-0.0328748908655331	-0.599719793232252	-0.5006890723514	-0.448969903466752	-0.340282532853543	-0.535991757512053	-0.382979236340164	-0.107889044824939	-0.411239960340994	-0.173895315597852
GLY48A	-0.67813199720614	0.0026985983407777	-1.00353145642216	-0.338452962751911	-0.583443151019517	-0.416265490019729	-0.0328748908655331	0.496542194396596	-0.582297070721235	-0.303865562042136	-0.716182429612862	-0.608375595528783	-1.02127796357377	-0.941577118472192	-0.769756848843399	-0.525826311450649
LYS16A	1.10919264659299	-0.456063119591433	1.08231577925582	0.22151787586439	1.72742178604936	-0.503196544907015	1.36430797091963	-0.0515887994178282	1.70272688363415	0.421656145080942	2.61232536990742	-0.460982465746445	2.17021567259426	0.725799028822315	1.91911981492464	0.529966676107741
VAL81A	2.89651729039212	2.75526890593404	2.61925584765012	3.72133561721627	0.04019647229915	-0.0715872358902544	2.29576321210973	2.14093517583987	2.68202286407217	3.61395165642249	0.250862947942234	0.0218491523365225	2.80851439982787	3.22686324976408	4.07022114593907	5.45700061804689
GLN25A	-1.5717943191057	-0.914824837523643	-1.22309432333563	-0.758431091714137	-0.751522754947818	-0.582373195084672	-1.43005775265069	-1.14785078704668	-1.07194506094025	-0.739178586315984	-0.716182429612862	-0.608375595528783	-1.02127796357377	-0.941577118472192	-0.769756848843399	-0.525826311450649
ILE21A	0.215530324693424	-0.456063119591433	-0.0154985553115391	-0.618438382060062	-0.450265322770317	-0.17810320430555	-0.498602511460587	-0.599719793232252	-0.582297070721235	-0.739178586315984	-0.716182429612862	-0.608375595528783	-1.02127796357377	-0.941577118472192	-0.769756848843399	-0.525826311450649
ASN26A	-1.12496315815592	-0.914824837523643	-0.893750022965424	-0.898423801368212	-0.598138635515981	-0.535624374110894	-0.498602511460587	-0.599719793232252	-0.419081073981565	-0.594074244891368	-0.45570407791657	-0.521349243422468	-0.382979236340164	-0.107889044824939	-0.590498404592196	-0.173895315597852
THR158A	-0.231300836256358	0.461460316272988	0.204064311601932	0.781488714480691	-0.585280086581575	-0.417194245098128	-0.498602511460587	-0.0515887994178282	-0.419081073981565	-0.013656879192905	-0.316886273719145	-0.0822642283774476	0.255319490893443	0.725799028822315	-0.052723071838589	0.178035680254944
ASP47A	-1.12496315815592	-0.914824837523643	-1.22309432333563	-0.898423801368212	-0.590790893267749	-0.538568036250626	-0.498602511460587	-0.599719793232252	-0.827121065830741	-0.739178586315984	-0.454144327307611	-0.526829085962198	-0.382979236340164	-0.107889044824939	-0.769756848843399	-0.525826311450649
HIS95A	0.215530324693424	0.461460316272988	-0.783968589508689	-0.338452962751911	-0.57242153764717	-0.341266337042315	-0.498602511460587	-0.0515887994178282	-0.827121065830741	-0.594074244891368	-0.412031060865695	-0.159537531034903	-0.382979236340164	-0.107889044824939	-0.590498404592196	-0.173895315597852
ASP38A	-0.67813199720614	-0.914824837523643	-0.674187156051953	-1.03841651102229	-0.561399924274822	-0.582373195084672	-0.96433013205564	-1.14785078704668	-0.745513067460906	-0.884282927740599	-0.716182429612862	-0.608375595528783	-1.02127796357377	-0.941577118472192	-0.769756848843399	-0.525826311450649
ASP153A	-1.12496315815592	-0.914824837523643	-0.893750022965424	-0.758431091714137	-0.737745738232383	-0.571697050961984	-0.96433013205564	-0.599719793232252	-0.908729064200576	-0.448969903466752	-0.692786170478465	-0.588501171784921	-0.382979236340164	-0.107889044824939	-0.411239960340994	0.178035680254944
LYS117A	0.662361485643207	-0.914824837523643	0.643190045428875	-0.618438382060062	1.28104644446928	-0.471537159397076	1.36430797091963	-0.599719793232252	1.04986289667547	-0.448969903466752	1.99778362997725	-0.402046202254305	0.893618218127049	-0.107889044824939	0.485052260915019	-0.173895315597852
HIS94A	-0.67813199720614	-0.456063119591433	-0.674187156051953	-0.338452962751911	-0.39423878812755	-0.582373195084672	-0.96433013205564	-1.14785078704668	-0.827121065830741	-0.884282927740599	-0.109439442727488	-0.608375595528783	-0.382979236340164	-0.941577118472192	-0.411239960340994	-0.877757307303445
ASP92A	-1.12496315815592	-0.456063119591433	-0.893750022965424	-0.478445672405987	-0.553133714245561	-0.428636719717964	-0.96433013205564	-0.599719793232252	-0.66390506909107	-0.303865562042136	-0.716182429612862	-0.608375595528783	-1.02127796357377	-0.941577118472192	-0.769756848843399	-0.525826311450649
GLU63A	-1.5717943191057	-0.914824837523643	-1.4426571902491	-0.898423801368212	-0.751522754947818	-0.582373195084672	-1.43005775265069	-1.14785078704668	-1.07194506094025	-0.739178586315984	-0.45570407791657	-0.41773118616381	-0.382979236340164	-0.107889044824939	-0.769756848843399	-0.525826311450649
GLU98A	-1.12496315815592	-0.914824837523643	-0.893750022965424	-0.758431091714137	-0.751522754947818	-0.582373195084672	-1.43005775265069	-1.14785078704668	-1.07194506094025	-0.739178586315984	-0.716182429612862	-0.608375595528783	-1.02127796357377	-0.941577118472192	-0.769756848843399	-0.525826311450649
ALA66A	-1.12496315815592	-0.456063119591433	-1.4426571902491	-0.758431091714137	-0.446591451646201	-0.109775881920346	-0.96433013205564	-0.599719793232252	-0.990337062570411	-0.739178586315984	-0.716182429612862	-0.608375595528783	-1.02127796357377	-0.941577118472192	-0.769756848843399	-0.525826311450649
SER122A	-0.67813199720614	-0.914824837523643	-0.783968589508689	-0.898423801368212	-0.751522754947818	-0.582373195084672	-0.96433013205564	-0.599719793232252	-0.827121065830741	-0.739178586315984	-0.716182429612862	-0.608375595528783	-1.02127796357377	-0.941577118472192	-0.769756848843399	-0.525826311450649
PHE28A	0.215530324693424	-0.456063119591433	0.204064311601932	-0.898423801368212	0.533413670711704	-0.115469825452446	0.898580350324574	-0.0515887994178282	0.233782912977116	-0.884282927740599	-0.46350283096137	-0.179088042661359	-0.382979236340164	-0.107889044824939	-0.769756848843399	-0.877757307303445
ILE46A	0.662361485643207	0.461460316272988	0.204064311601932	0.641496004826615	0.210113011789509	0.586521208727068	0.43285272972952	0.496542194396596	-0.255865077241895	0.131447462231711	0.916876457968082	1.56760689648487	0.893618218127049	0.725799028822315	0.305793816663816	0.178035680254944
GLY75A	0.662361485643207	1.37898375213741	0.643190045428875	0.781488714480691	-0.393320320346521	-0.142655650202838	0.898580350324574	1.59280418202544	0.315390911346951	0.566760486505558	-0.394873804167137	-0.133777913307324	-0.382979236340164	-0.107889044824939	-0.590498404592196	-0.173895315597852
LYS104A	-0.231300836256358	-0.456063119591433	-0.0154985553115391	0.0815251662103144	-0.390564917003435	-0.544079514198948	-0.0328748908655331	-0.0515887994178282	-0.17425707887206	-0.013656879192905	-0.394873804167137	-0.537089105585493	0.255319490893443	0.725799028822315	-0.052723071838589	0.529966676107741
GLU107A	-1.12496315815592	-1.37358655545585	-1.33287575679237	-1.03841651102229	-0.601812506640097	-0.582373195084672	-0.96433013205564	-1.14785078704668	-0.908729064200576	-0.884282927740599	-0.716182429612862	-0.608375595528783	-1.02127796357377	-0.941577118472192	-0.769756848843399	-0.525826311450649
PHE156A	1.10919264659299	-0.914824837523643	1.52144151308276	-0.618438382060062	1.89182751885354	-0.155509424322425	0.898580350324574	-0.599719793232252	0.560214906456457	-0.303865562042136	4.08940919659238	0.186262558802886	2.80851439982787	-0.107889044824939	1.73986137067344	-0.173895315597852
GLN61A	-1.5717943191057	-1.37358655545585	-1.55243862370584	-1.03841651102229	-0.598138635515981	-0.582373195084672	-0.96433013205564	-1.14785078704668	-1.07194506094025	-0.884282927740599	-0.716182429612862	-0.608375595528783	-1.02127796357377	-0.941577118472192	-0.769756848843399	-0.525826311450649
LYS88A	-1.12496315815592	-1.37358655545585	-1.22309432333563	-1.03841651102229	-0.751522754947818	-0.582373195084672	-1.43005775265069	-1.14785078704668	-1.07194506094025	-0.739178586315984	-0.716182429612862	-0.608375595528783	-1.02127796357377	-0.941577118472192	-0.769756848843399	-0.525826311450649
THR87A	-0.231300836256358	0.0026985983407777	-0.454624289138482	-0.338452962751911	-0.353826205762276	-0.249372503985845	-0.498602511460587	-0.599719793232252	-0.66390506909107	-0.448969903466752	-0.716182429612862	-0.608375595528783	-1.02127796357377	-0.941577118472192	-0.769756848843399	-0.525826311450649
VAL29A	1.10919264659299	1.37898375213741	0.0942828781451965	-0.198460253097836	-0.384135642536232	-0.0129788418746404	0.43285272972952	0.496542194396596	-0.0926490805022245	-0.448969903466752	-0.716182429612862	-0.608375595528783	-1.02127796357377	-0.941577118472192	-0.769756848843399	-0.525826311450649
LEU23A	-0.67813199720614	0.0026985983407777	-0.564405722595217	-0.198460253097836	1.22410144204549	1.74573796660285	-0.0328748908655331	0.496542194396596	-0.33747307561173	-0.013656879192905	2.63884113025974	3.7255737422161	0.893618218127049	1.55948710246957	0.843569149417424	0.881897671960537
LYS5A	-0.67813199720614	-0.914824837523643	-0.23506142222501	-0.618438382060062	0.107244620314264	0.270454723650027	-0.498602511460587	-0.599719793232252	-0.419081073981565	-0.448969903466752	0.360045490569422	0.979225999461851	-0.382979236340164	-0.107889044824939	-0.411239960340994	-0.173895315597852
ALA155A	0.662361485643207	1.37898375213741	0.75297147888561	1.76143768205922	-0.598138635515981	-0.554392350588633	0.43285272972952	1.04467318821102	0.723430903196127	1.43738653505325	-0.716182429612862	-0.608375595528783	-1.02127796357377	-0.941577118472192	-0.769756848843399	-0.525826311450649
GLN131A	-1.12496315815592	-0.914824837523643	-0.564405722595217	-0.758431091714137	-0.751522754947818	-0.582373195084672	-1.43005775265069	-1.14785078704668	-1.07194506094025	-0.739178586315984	-0.716182429612862	-0.608375595528783	-1.02127796357377	-0.941577118472192	-0.769756848843399	-0.525826311450649
SER39A	-1.12496315815592	-1.37358655545585	-1.00353145642216	-1.03841651102229	-0.649572831253603	-0.582373195084672	-0.96433013205564	-1.14785078704668	-0.827121065830741	-0.884282927740599	-0.716182429612862	-0.608375595528783	-1.02127796357377	-0.941577118472192	-0.769756848843399	-0.525826311450649
TYR40A	-0.231300836256358	-0.456063119591433	-0.454624289138482	-0.898423801368212	0.202765269541277	-0.220361109810825	-0.0328748908655331	-0.599719793232252	-0.582297070721235	-0.739178586315984	0.904398453096404	0.0655363993310323	0.893618218127049	-0.107889044824939	0.126535372412614	-0.525826311450649
VAL125A	0.662361485643207	0.920222034205199	0.75297147888561	0.781488714480691	0.540761412959936	1.42047144233162	-0.0328748908655331	0.496542194396596	0.0705669162374457	0.131447462231711	-0.45570407791657	-0.165838426832118	-0.382979236340164	-0.107889044824939	-0.769756848843399	-0.877757307303445
LYS42A	-0.67813199720614	-1.37358655545585	-0.674187156051953	-1.03841651102229	-0.480574759544273	-0.582373195084672	-0.498602511460587	-1.14785078704668	-0.66390506909107	-0.884282927740599	-0.348081285898342	-0.608375595528783	-0.382979236340164	-0.941577118472192	-0.590498404592196	-0.877757307303445
THR74A	-0.231300836256358	0.461460316272988	-0.454624289138482	0.361510585518465	-0.626611136727879	-0.537965101782027	-0.96433013205564	-0.599719793232252	-0.745513067460906	-0.158761220617521	-0.237338992662194	0.121368689520832	0.255319490893443	0.725799028822315	-0.411239960340994	-0.173895315597852
CYS51A	0.662361485643207	0.920222034205199	0.313845745058668	1.06147413378884	-0.535682826406011	-0.247854012573779	-0.0328748908655331	0.496542194396596	-0.17425707887206	0.131447462231711	-0.349641036507302	0.0143563484455663	-0.382979236340164	-0.107889044824939	-0.411239960340994	-0.525826311450649
THR50A	-1.12496315815592	-0.456063119591433	-0.893750022965424	-0.198460253097836	-0.664268315750066	-0.502108668583129	-0.96433013205564	-0.599719793232252	-0.908729064200576	-0.594074244891368	-0.716182429612862	-0.608375595528783	-1.02127796357377	-0.941577118472192	-0.769756848843399	-0.525826311450649
SER118A	0.215530324693424	0.0026985983407777	0.204064311601932	0.361510585518465	-0.543030568654243	-0.378814713812086	0.898580350324574	0.496542194396596	1.1314708950453	0.85696916935479	-0.639754649773831	-0.608375595528783	-0.382979236340164	-0.941577118472192	-0.231981516089791	-0.877757307303445
THR2A	-0.231300836256358	0.0026985983407777	-0.564405722595217	-0.618438382060062	-0.160947971746193	0.0490967509106756	0.43285272972952	0.496542194396596	-0.0926490805022245	-0.158761220617521	-0.0891626848110098	0.345883346166191	-0.382979236340164	-0.107889044824939	-0.411239960340994	-0.525826311450649
GLU76A	0.662361485643207	-0.456063119591433	0.313845745058668	-0.618438382060062	0.0365226011750341	0.186309181748871	0.898580350324574	-0.0515887994178282	0.805038901565962	-0.448969903466752	-0.716182429612862	-0.608375595528783	-1.02127796357377	-0.941577118472192	-0.769756848843399	-0.525826311450649
LYS167A	-1.5717943191057	-0.914824837523643	-1.33287575679237	-0.758431091714137	-0.598138635515981	-0.463512123852078	-0.96433013205564	-0.599719793232252	-0.827121065830741	-0.448969903466752	-0.716182429612862	-0.608375595528783	-1.02127796357377	-0.941577118472192	-0.769756848843399	-0.525826311450649
PRO34A	0.215530324693424	0.0026985983407777	-0.125279988768275	-0.478445672405987	0.0778536513213375	-0.582373195084672	-0.498602511460587	-1.14785078704668	-0.66390506909107	-0.884282927740599	0.882561944570966	0.429065862407374	1.53191694536066	1.55948710246957	0.305793816663816	0.178035680254944
ILE36A	-0.67813199720614	-0.914824837523643	-0.783968589508689	-0.758431091714137	-0.648654363472574	-0.582373195084672	-0.96433013205564	-1.14785078704668	-0.745513067460906	-0.884282927740599	-0.716182429612862	-0.608375595528783	-1.02127796357377	-0.941577118472192	-0.769756848843399	-0.525826311450649
GLU62A	-1.12496315815592	-0.456063119591433	-1.00353145642216	-0.478445672405987	-0.57242153764717	-0.545900305937139	-0.96433013205564	-0.599719793232252	-0.990337062570411	-0.594074244891368	-0.3652385425969	-0.503710920091497	0.255319490893443	0.725799028822315	-0.411239960340994	-0.173895315597852
GLU91A	-1.12496315815592	-0.914824837523643	-1.1133128898789	-0.758431091714137	-0.751522754947818	-0.582373195084672	-1.43005775265069	-1.14785078704668	-1.07194506094025	-0.739178586315984	-0.716182429612862	-0.608375595528783	-1.02127796357377	-0.941577118472192	-0.769756848843399	-0.525826311450649
GLY0A	-1.12496315815592	-0.456063119591433	-1.1133128898789	-0.338452962751911	-0.598138635515981	-0.344651052619484	-0.498602511460587	-0.0515887994178282	-0.582297070721235	-0.158761220617521	-0.716182429612862	-0.608375595528783	-1.02127796357377	-0.941577118472192	-0.769756848843399	-0.525826311450649
VAL45A	-0.231300836256358	0.461460316272988	-0.344842855681746	0.50150329517254	-0.665186783531095	-0.487982983556026	-0.498602511460587	-0.0515887994178282	-0.66390506909107	-0.303865562042136	-0.716182429612862	-0.608375595528783	-1.02127796357377	-0.941577118472192	-0.769756848843399	-0.525826311450649
MET1A	-0.67813199720614	-0.456063119591433	-1.22309432333563	-0.898423801368212	-0.261979427659379	-0.0363039330551806	-0.0328748908655331	-0.0515887994178282	-0.745513067460906	-0.739178586315984	-0.716182429612862	-0.608375595528783	-1.02127796357377	-0.941577118472192	-0.769756848843399	-0.525826311450649
MET67A	-1.5717943191057	-1.37358655545585	-1.55243862370584	-1.03841651102229	-0.751522754947818	-0.582373195084672	-1.43005775265069	-1.14785078704668	-1.07194506094025	-0.739178586315984	-0.716182429612862	-0.608375595528783	-1.02127796357377	-0.941577118472192	-0.769756848843399	-0.525826311450649
ASN86A	-0.67813199720614	-1.37358655545585	-0.23506142222501	-1.03841651102229	-0.598138635515981	-0.582373195084672	-0.0328748908655331	-1.14785078704668	-0.0110410821323894	-0.884282927740599	-0.716182429612862	-0.608375595528783	-0.382979236340164	-0.941577118472192	0.126535372412614	-0.877757307303445
LYS165A	-1.5717943191057	-1.37358655545585	-1.55243862370584	-1.03841651102229	-0.751522754947818	-0.582373195084672	-1.43005775265069	-1.14785078704668	-1.07194506094025	-0.739178586315984	-0.716182429612862	-0.608375595528783	-1.02127796357377	-0.941577118472192	-0.769756848843399	-0.525826311450649
ASP126A	-1.5717943191057	-1.37358655545585	-1.1133128898789	-1.03841651102229	-0.751522754947818	-0.582373195084672	-1.43005775265069	-1.14785078704668	-1.07194506094025	-0.739178586315984	-0.45570407791657	-0.608375595528783	-0.382979236340164	-0.941577118472192	-0.769756848843399	-0.877757307303445
GLN129A	-1.5717943191057	-1.37358655545585	-1.00353145642216	-1.03841651102229	-0.751522754947818	-0.582373195084672	-1.43005775265069	-1.14785078704668	-1.07194506094025	-0.739178586315984	-0.716182429612862	-0.608375595528783	-1.02127796357377	-0.941577118472192	-0.769756848843399	-0.525826311450649
ASP105A	-2.01862548005549	-1.37358655545585	-1.66222005716257	-1.03841651102229	-0.751522754947818	-0.582373195084672	-1.43005775265069	-1.14785078704668	-1.07194506094025	-0.739178586315984	-0.716182429612862	-0.608375595528783	-1.02127796357377	-0.941577118472192	-0.769756848843399	-0.525826311450649
GLU162A	-2.01862548005549	-1.37358655545585	-1.66222005716257	-1.03841651102229	-0.751522754947818	-0.582373195084672	-1.43005775265069	-1.14785078704668	-1.07194506094025	-0.739178586315984	-0.716182429612862	-0.608375595528783	-1.02127796357377	-0.941577118472192	-0.769756848843399	-0.525826311450649
