Degree	Degree_sidechain	SecondOrderDegree	SecondOrderDegree_sidechain	NodeEdgeBetweennessSTRIDE	NodeEdgeBetweennessSTRIDE_sidechain	IntermodularDegreeSTRIDE	IntermodularDegreeSTRIDE_sidechain	SecondOrderIntermodularDegreeSTRIDE	SecondOrderIntermodularDegreeSTRIDE_sidechain	NodeEdgeBetweennessWALKTRAP	NodeEdgeBetweennessWALKTRAP_sidechain	IntermodularDegreeWALKTRAP	IntermodularDegreeWALKTRAP_sidechain	SecondOrderIntermodularDegreeWALKTRAP	SecondOrderIntermodularDegreeWALKTRAP_sidechain
LEU56X	6	6	20	13	3338	1999.10881895857	6	6	19	13	2631	1460.98773948185	4	4	12	8
VAL7X	10	9	35	30	4320	3433.23926718261	7	6	35	24	3174	1626.59120391362	8	7	26	19
ILE46X	8	5	20	11	675	454.236658175828	6	4	18	7	675	454.236658175828	4	3	9	4
VAL160X	7	6	21	10	1537	1249.76334182417	4	4	15	8	1072	784.763341824172	4	4	11	5
ASP92X	2	2	2	1	1	1	1	1	1	1	1	1	1	1	1	1
LYS88X	3	2	4	1	1	1	1	1	1	1	1	1	1	1	1	1
GLY75X	8	8	23	17	398	247.391826129457	7	7	29	17	344	228.697564463533	5	5	19	12
LYS104X	6	3	20	11	648	285.302435536467	5	3	20	8	301	285.302435536467	4	3	13	5
ILE24X	3	3	9	4	894	564.859306141415	3	3	7	4	395	315.359306141415	2	2	1	1
LYS42X	4	2	11	2	678	80.6406938585847	3	2	7	2	395	80.6406938585847	2	2	1	1
ARG161X	3	2	8	3	162	104.079024659658	2	2	4	3	162	104.079024659658	2	2	2	2
ASP47X	5	4	11	8	482	131.569466670167	5	4	14	8	478	131.569466670167	3	3	4	4
GLY115X	8	8	30	23	1136	966.463468173401	6	6	31	17	575	575	3	3	9	4
THR144X	10	8	29	22	1264	730.078852414092	8	6	32	20	604	416	4	3	13	7
ILE84X	6	4	23	10	342	203.416236479438	6	4	23	7	342	203.416236479438	6	4	16	6
SER118X	6	5	19	13	354	204.590015157802	5	4	18	8	354	204.590015157802	4	3	10	3
PHE78X	9	5	27	13	5608	297.110761032989	8	5	37	14	4192	297.110761032989	8	5	25	12
GLN129X	4	2	13	1	702	322	3	2	7	0	702	322	3	2	7	0
GLU126X	5	1	13	1	486	1	3	1	3	0	486	1	4	1	6	0
GLN131X	3	2	11	4	162	162	2	2	6	2	162	162	2	2	3	1
TYR141X	9	4	30	10	941	58.7791273477416	7	3	28	8	430	29.4188058350339	4	2	7	3
GLN43X	5	3	13	6	223	52.6634642523963	4	3	13	7	1	1	1	1	1	1
LEU52X	6	5	11	7	652	446.008081651668	6	5	15	7	1	1	1	1	1	1
SER145X	7	4	19	6	559	98.9930763420264	4	2	13	2	404	1	2	1	5	0
ALA59X	7	7	15	15	748	735.132252999397	5	5	6	3	1673	1320.87490091642	3	3	7	6
ILE36X	4	2	9	3	153	1	2	1	4	0	1	1	1	1	1	1
ALA11X	7	5	21	12	598	145.234251685228	6	4	29	15	298	74.9096596348187	5	3	17	5
GLY12X	4	4	12	6	1	1	2	2	7	3	1	1	2	2	6	3
CYS80X	8	5	23	13	274	79.1425023436308	5	4	20	10	150	47.3364996008848	3	3	9	6
ILE93X	6	5	25	16	406	176.900294394558	6	5	28	18	406	176.900294394558	6	5	18	11
ASP33X	5	4	9	5	1	1	1	1	1	1	1	1	2	1	2	0
PRO34X	5	4	12	7	1	1	2	1	4	0	136	136	2	2	2	1
ASP69X	2	2	2	2	162	84.175231250723	2	2	2	2	162	84.175231250723	2	2	2	2
TYR64X	3	3	3	3	482	188.587987509434	3	3	3	3	482	188.587987509434	3	3	3	3
ILE100X	8	5	27	12	1492	832.232972940552	6	4	26	10	1492	832.232972940552	5	4	18	9
MET111X	7	3	25	6	2105	432.256586879371	6	3	25	6	1102	432.256586879371	4	3	12	6
VAL112X	9	8	29	24	1651	1596.91821733002	6	5	20	11	1199	1144.91821733002	3	3	8	7
VAL114X	7	6	30	21	1449	898.674660395986	4	3	19	9	1	1	1	1	1	1
LYS147X	5	1	13	1	176	1	3	1	6	0	176	1	2	1	2	0
ALA83X	8	7	24	17	654	569.819788853967	7	6	29	14	167	162	6	5	19	7
ASN86X	3	2	10	4	162	58.379803509134	3	2	11	3	9	1	2	1	5	0
ARG97X	4	4	14	7	162	162	4	4	15	6	162	162	4	4	10	4
TYR137X	7	3	13	5	1614	508	5	2	14	0	1577	508	4	2	8	0
ARG149X	6	4	16	6	1370	848	5	4	18	5	1370	848	5	4	11	3
ASN26X	6	4	11	5	782	395	6	4	16	5	467	234	2	2	4	3
LEU19X	8	7	31	24	2596	1394.2547810381	7	7	34	26	2596	1394.2547810381	7	7	23	17
GLY60X	3	3	9	7	1	1	1	1	1	1	794	671.125099083576	3	3	5	3
THR35X	5	4	9	5	542	1	2	1	4	0	1	1	1	1	1	1
GLU143X	7	4	24	8	580	118.115707377041	5	3	13	5	329	118.115707377041	3	3	7	6
SER127X	3	3	12	7	162	69.2705415501354	3	3	7	5	162	69.2705415501354	3	3	7	6
LEU23X	6	3	22	5	2976	1389.26855303264	6	3	25	5	2568	1185.26855303264	4	2	14	1
LEU133X	5	4	16	8	750	515.090855426386	3	3	10	7	750	515.090855426386	3	3	9	7
PHE90X	7	4	22	8	2364	695.655628535666	6	4	20	6	1231	695.655628535666	5	4	15	6
MET72X	6	4	22	10	162	100.825068570549	6	4	25	8	162	100.825068570549	5	4	19	8
THR74X	6	5	15	9	454	48.3940443492695	4	3	15	9	290	13.0883060151937	3	2	6	3
GLU3X	4	3	10	5	370	59.7919291482948	4	3	12	6	1	1	1	1	1	1
ARG68X	4	4	8	5	242	127.210055350084	4	4	8	7	242	127.210055350084	4	4	8	6
GLU37X	4	4	14	13	544	336.518699357265	4	4	13	13	490	323.650952356663	3	3	8	7
GLN22X	5	4	13	9	178	92	5	4	16	6	167	81	3	2	8	2
GLU76X	7	3	22	6	446	233	6	3	28	5	195	1	3	1	10	0
ILE163X	7	6	21	16	1076	475.683889046323	5	4	21	11	1	1	2	1	6	0
ARG41X	4	3	10	5	470	359.58641458487	4	3	11	5	295	224.386425384833	2	2	3	3
ASN116X	8	5	31	15	1980	749.262051648768	7	5	39	20	1956	237.262051648768	5	2	16	6
VAL14X	10	9	32	24	2248	1258.991816314	10	9	52	31	1120	885.679158503866	5	5	22	12
ASP54X	5	5	17	9	690	348.736998757075	4	4	12	6	724	382.736998757075	4	4	7	4
TYR71X	6	2	17	4	907	118.876575858092	5	2	19	3	907	118.876575858092	4	2	9	3
ARG102X	3	2	7	2	1	1	1	1	1	1	1	1	1	1	1	1
GLN99X	4	2	9	2	3	3	2	2	2	1	1	1	1	1	1	1
GLU162X	2	2	5	4	162	24.7632456964221	2	2	4	3	162	24.7632456964221	2	2	2	2
PRO140X	6	5	16	9	492	150.903186675963	5	4	13	5	200	150.903186675963	3	3	4	4
LEU159X	10	7	30	18	5258	3578.1469300729	8	7	38	23	4346	2930.38944117093	6	5	19	11
LEU6X	7	5	26	13	277	204.5	5	4	22	11	132	132	3	2	12	1
CYS32X	8	5	15	9	72	72	3	3	5	3	136	1	3	2	2	0
SER17X	6	2	13	2	470	114.121568737542	4	2	10	2	399	114.121568737542	3	2	5	2
TYR4X	8	3	23	6	2376	324.612003197201	8	3	29	7	685	108.930770006313	5	2	7	2
GLY15X	6	6	24	18	770	704.998454167974	6	6	31	22	735	679.114799833121	4	4	14	10
THR124X	5	5	15	12	131	103.607189494057	3	3	5	2	49	49	2	2	5	4
THR87X	5	4	9	5	633	28.3928105059433	3	2	5	2	1	1	1	1	1	1
ILE55X	8	5	24	9	1693	454.5	6	4	20	6	552	518	4	3	11	3
ASP57X	4	3	16	4	886	632.878431262458	4	3	16	4	746	632.878431262458	3	3	8	4
ARG164X	5	5	15	10	790	497.228444581395	5	5	21	11	364	286.909677772284	4	4	7	6
GLU49X	6	4	16	7	442	180.190119754521	6	4	22	10	294	176.511060891578	3	3	7	4
THR58X	8	7	31	25	2113	1491.52577069798	7	7	28	24	2940	1182.64685017471	6	5	20	15
GLY138X	5	5	15	12	162	162	5	5	14	6	123	123	2	2	4	1
GLY10X	6	6	22	15	393	300.327824899848	5	5	23	13	393	300.327824899848	4	4	14	7
VAL9X	9	8	31	23	154	107.693997257254	6	5	24	12	159	104.529451776844	5	4	18	9
PHE82X	12	6	40	15	2907	625.062430474335	10	6	48	16	1919	362.886220160444	8	4	29	8
VAL81X	11	9	36	33	1908	862.320841496135	8	6	39	25	1872	826.320841496135	6	5	24	15
VAL44X	8	7	19	12	427	287.945559754543	4	3	12	6	1	1	1	1	1	1
VAL45X	6	5	17	15	51	36.2624536488131	4	3	11	7	1	1	2	1	3	0
ILE139X	8	4	22	11	2222	1995	7	4	25	8	1136	909	5	2	9	1
LEU79X	7	5	33	16	3565	1704.58764928646	6	5	25	14	1326	406.61055882907	2	2	5	4
PHE156X	8	3	30	5	2893	470.79727909668	6	3	25	6	2169	134.731446967362	6	2	16	1
PRO110X	7	5	20	13	600	305.315712572143	7	5	28	10	600	305.315712572143	7	5	15	3
LYS16X	9	4	23	10	1946	149.041241509042	8	4	33	8	950	149.041241509042	7	4	17	6
THR20X	5	5	22	16	43	43	3	3	11	8	1	1	1	1	1	1
ARG73X	3	3	7	6	1	1	1	1	1	1	1	1	1	1	1	1
ARG135X	5	3	9	3	3	1	2	1	4	0	1	1	1	1	1	1
ASP132X	3	2	5	2	1	1	1	1	1	1	1	1	1	1	1	1
ALA134X	7	6	21	14	156	156	4	3	16	5	156	156	3	3	7	2
VAL8X	9	8	38	28	3845	2463	7	6	32	15	3239	1424.61861149214	6	5	26	14
VAL109X	7	7	20	15	1311	1250.68428742786	5	5	22	13	964	903.684287427857	3	3	13	8
ARG123X	8	6	20	11	405	260.197514593385	4	4	11	7	722	529.197514593385	6	5	13	9
ALA121X	3	2	5	4	1	1	1	1	1	1	163	163	2	2	2	1
LEU120X	5	4	11	4	323	301.801166845271	3	3	8	2	221	37.801166845271	3	2	3	1
LYS117X	6	2	18	3	764	4.07580612122328	6	2	21	2	94	1	2	1	5	0
HIS94X	4	3	7	1	508	1	2	1	4	0	508	1	2	1	3	0
HIS166X	3	2	7	1	162	2	3	2	7	0	162	2	3	2	7	0
GLU153X	5	2	17	2	146	1	3	1	9	0	162	17	3	2	7	1
GLY151X	7	7	21	17	520	403.705680403502	6	6	19	13	1	1	1	1	1	1
VAL29X	5	5	10	7	400	271.216196235669	3	3	5	4	254	227.667450603752	3	3	3	2
ARG128X	3	2	5	1	165	165	2	2	2	0	165	165	2	2	3	0
VAL125X	7	6	26	13	3298	2936.11377983956	4	4	16	9	1854	1223.11377983956	4	3	15	3
ILE21X	5	4	14	7	308	103.451254368084	3	3	4	4	1	1	1	1	1	1
HIS27X	3	2	8	4	162	153	3	2	9	3	1	1	1	1	1	1
ASP108X	4	1	8	1	2	1	2	1	2	0	2	1	2	1	2	0
VAL152X	9	8	27	17	2150	1732.5	7	6	27	15	1906	1732.5	6	6	16	11
SER136X	3	2	8	3	1	1	1	1	1	1	1	1	1	1	1	1
SER89X	7	5	26	14	466	181.620196490866	6	4	31	11	313	86	5	3	20	7
ALA146X	6	5	17	11	1387	821.947758646381	4	3	11	7	1387	821.947758646381	4	3	9	7
ASP119X	6	4	15	5	171	58.0069236579736	4	3	7	1	1	1	1	1	1	1
THR148X	5	5	13	10	116	116	3	3	6	4	101	101	2	2	2	1
LEU113X	9	7	32	18	685	551.763206004558	7	6	34	17	198	147.763206004558	3	3	9	7
CYS51X	10	7	21	14	383	252.530185787271	6	4	23	7	246	246	2	2	4	1
ALA130X	8	6	25	10	356	247.834710202914	5	4	26	10	356	247.834710202914	5	4	16	7
GLN70X	5	4	11	7	36	14.9358695438938	2	2	5	3	36	14.9358695438938	2	2	3	3
TYR96X	6	3	22	9	162	11.7212739562905	5	3	18	7	162	11.7212739562905	5	3	13	5
PHE28X	4	3	8	4	268	202.332549396248	4	3	5	2	268	202.332549396248	3	3	3	2
VAL103X	6	6	14	10	24	16.0746105765395	2	2	5	3	24	16.0746105765395	2	2	4	3
GLN61X	5	2	6	3	3	1	3	2	4	3	480	1	4	2	6	3
GLU62X	2	2	4	2	1	1	1	1	1	1	162	162	2	2	3	1
ALA155X	5	5	17	13	196	137.497884199717	4	4	14	10	1	1	1	1	1	1
ASP38X	4	2	5	1	478	1	2	1	5	0	1	1	1	1	1	1
TYR40X	2	2	3	2	1	1	1	1	1	1	1	1	1	1	1	1
LEU53X	6	5	23	13	443	158.524254458186	4	4	13	7	552	26	4	3	10	4
GLY48X	5	5	13	11	188	152.737546351187	5	5	16	11	1	1	1	1	1	1
THR2X	5	5	16	11	180	176.320941137057	5	5	20	10	145	145	2	2	4	1
TYR157X	4	2	13	5	176	1	3	2	8	2	192	1	4	2	6	0
THR158X	5	5	18	14	227	80.4153502975978	3	3	9	7	294	147.415350297598	4	4	5	4
GLN25X	2	1	5	1	162	1	2	1	5	0	1	1	1	1	1	1
GLY77X	8	8	26	23	2226	1183.05862205171	7	7	32	23	1003	1003	4	4	20	14
LYS5X	7	4	18	7	73	27.9758244409125	6	4	16	4	54	27.9758244409125	4	4	6	3
SER65X	4	4	7	6	1112	755.009392151779	4	4	7	6	1112	755.009392151779	4	4	7	6
ALA66X	4	4	6	5	798	546.71953120661	3	3	5	5	798	546.71953120661	3	3	5	5
ILE142X	5	2	21	4	265	1	3	1	8	0	1	1	1	1	1	1
ASN85X	4	2	12	3	254	22.198833154729	4	2	10	2	176	22.198833154729	3	2	7	1
GLY13X	4	4	11	8	165	106.583500829416	3	3	14	9	1	1	1	1	1	1
ASP30X	3	2	6	3	1	1	2	2	3	2	162	1	2	1	2	0
ALA18X	4	4	14	11	465	137.920608833632	2	2	3	2	465	137.920608833632	2	2	3	2
MET1X	5	5	14	11	378	363.566209201985	5	5	17	12	1	1	1	1	1	1
MET67X	4	2	9	5	1330	283.772993335547	3	2	8	5	1330	283.772993335547	3	2	6	3
THR50X	6	5	14	11	145	107.770326545619	5	4	14	8	1	1	1	1	1	1
GLN150X	5	3	14	7	302	186.409984842198	4	3	10	5	213	97.409984842198	3	2	4	2
ASP154X	4	1	11	1	87	1	2	1	5	0	68	1	2	1	3	0
GLU91X	2	2	4	3	1	1	1	1	1	1	1	1	1	1	1	1
SER106X	4	3	9	1	1	1	1	1	1	1	1	1	1	1	1	1
ASP107X	3	1	4	1	126	1	2	1	1	0	1	1	1	1	1	1
SER39X	2	1	3	1	1	1	1	1	1	1	1	1	1	1	1	1
ALA122X	3	3	8	7	1	1	1	1	1	1	1	1	1	1	1	1
GLN95X	2	2	3	2	1	1	1	1	1	1	1	1	1	1	1	1
GLU98X	3	1	4	1	1	1	1	1	1	1	1	1	1	1	1	1
LYS101X	3	3	3	1	126	126	2	2	1	0	1	1	1	1	1	1
GLU31X	1	1	1	1	1	1	1	1	1	1	1	1	1	1	1	1
GLU63X	1	1	1	1	1	1	1	1	1	1	1	1	1	1	1	1
ASP105X	1	1	1	1	1	1	1	1	1	1	1	1	1	1	1	1
GLN165X	1	1	1	1	1	1	1	1	1	1	1	1	1	1	1	1
