Degree	Degree_sidechain	SecondOrderDegree	SecondOrderDegree_sidechain	NodeEdgeBetweennessSTRIDE	NodeEdgeBetweennessSTRIDE_sidechain	IntermodularDegreeSTRIDE	IntermodularDegreeSTRIDE_sidechain	SecondOrderIntermodularDegreeSTRIDE	SecondOrderIntermodularDegreeSTRIDE_sidechain	NodeEdgeBetweennessWALKTRAP	NodeEdgeBetweennessWALKTRAP_sidechain	IntermodularDegreeWALKTRAP	IntermodularDegreeWALKTRAP_sidechain	SecondOrderIntermodularDegreeWALKTRAP	SecondOrderIntermodularDegreeWALKTRAP_sidechain
ILE142A	6	2	24	3	229	1	5	1	26	0	165	108	3	2	11	1
VAL112A	10	9	30	27	758	712.763433726873	7	6	27	14	783	725.263433726873	7	6	25	17
GLN150A	5	3	17	5	220	76	4	3	13	4	145	1	2	1	1	0
GLU143A	8	2	23	4	172	1	7	2	31	2	69	1	3	2	6	1
ARG97A	5	5	16	8	2440	1793.56913418726	5	5	18	8	2248	1601.56913418726	4	4	10	3
MET111A	8	4	24	8	3849	882.311277675026	7	4	30	10	3182	647.430865812743	4	2	13	3
TYR96A	5	3	18	9	475	52.2933642356811	4	3	16	8	892	52.2933642356811	5	3	15	3
VAL9A	10	9	37	26	211	129.563441248518	8	7	39	24	250	174.799941794247	8	7	35	19
GLY138A	5	5	15	13	1062	1062	5	5	16	8	529	529	2	2	4	1
ILE139A	8	4	23	10	1444	583.119588137717	7	4	30	10	627	1	5	2	10	1
ALA155A	8	7	27	22	162	19.7216321186977	6	5	30	18	1	1	1	1	1	1
LEU79A	9	6	36	22	2443	1474.8141729602	7	6	34	21	1324	541.319053578521	6	3	32	9
ALA59A	8	6	22	16	736	656.213767139159	6	5	15	5	923	923	3	2	7	1
GLY60A	4	3	10	6	162	162	3	2	8	0	162	162	2	2	1	0
ARG161A	5	3	12	4	92	65.5073756656844	2	2	4	2	326	299.507375665684	3	3	6	3
ASP47A	5	3	11	4	178	27.4926243343155	5	3	13	3	164	27.4926243343155	4	3	10	4
ASP57A	5	4	20	9	442	400.575632496959	4	4	18	10	442	400.575632496959	3	3	8	3
SER17A	6	3	18	4	144	42.4243675030405	4	3	12	4	166	42.4243675030405	5	3	12	3
LEU133A	5	4	17	7	872	477.386717129795	3	3	10	6	872	477.386717129795	3	3	9	6
PHE90A	7	3	23	8	1868	463.703838622285	6	3	19	5	1213	463.703838622285	5	3	16	4
ALA83A	8	7	25	16	760	408.594634193513	7	6	31	13	773	421.594634193513	7	6	26	10
SER89A	7	5	27	12	462	426	6	4	31	9	302	266	5	3	22	9
ALA146A	6	5	19	14	2212	775.987819275656	4	3	17	10	2212	775.987819275656	4	3	13	8
LEU19A	9	8	36	30	2426	1077.47284545657	8	8	42	33	1715	1028.79248628604	7	6	20	13
TYR32A	6	2	18	3	346	93.3145656026333	4	2	10	2	346	93.3145656026333	5	2	13	2
GLY151A	8	8	24	18	1600	1274.35005993564	7	7	30	16	1	1	1	1	1	1
THR144A	10	8	26	22	1598	990.54172209763	10	8	50	26	74	16.828886528164	2	2	6	5
ASP154A	4	1	14	1	257	1	2	1	6	0	1	1	1	1	1	1
ILE93A	6	5	26	17	274	140.932429465086	6	5	31	19	274	140.932429465086	6	5	30	19
LEU113A	10	8	38	24	892	692.869609387548	8	7	40	19	441	362.6531197484	6	6	20	14
ASP30A	4	2	10	1	161	1	2	1	5	0	161	1	3	1	5	0
GLU31A	3	1	8	1	1	1	1	1	1	1	161	1	2	1	3	0
LEU120A	5	5	12	6	799	510.605318205461	4	4	10	3	738	463.48937252906	4	4	8	5
PRO121A	3	3	4	4	321	259.988315115295	2	2	3	3	482	373.688589426552	3	3	4	4
ALA11A	6	5	16	12	684	245.407346379279	5	4	22	16	37	37	3	2	8	2
VAL14A	10	9	35	25	5340	3617.3081735362	10	9	53	31	2311	1265.40536580649	5	4	24	11
GLN43A	3	1	6	1	4	1	2	1	1	0	1	1	1	1	1	1
THR50A	3	3	6	4	4	4	2	2	1	0	1	1	1	1	1	1
VAL114A	9	9	37	33	269	137.330650583853	6	6	35	29	122	60.831667846805	5	5	25	22
VAL81A	12	10	41	37	372	142.56057511101	9	7	50	34	232	180.884821792344	9	8	47	27
ILE24A	6	5	14	6	436	394.5	5	5	12	5	353	353	4	4	7	3
ILE55A	7	4	26	14	579	42.5	5	3	19	9	941	445	4	2	12	3
TYR137A	6	2	14	2	1515	375	5	2	15	0	1435	375	4	2	9	0
GLU49A	6	5	15	8	586	237.961170517502	5	4	17	8	608	259.735900217404	5	5	12	9
THR2A	4	4	12	7	196	189.112423081614	4	4	13	6	196	189.112423081614	4	4	9	5
GLY77A	8	8	23	19	1670	1231.92218422528	7	7	31	22	1100	661.92218422528	7	7	22	10
PHE78A	7	2	26	4	2610	1	6	2	24	1	2692	1	7	2	23	1
CYS51A	6	5	18	9	1	1	3	3	12	4	165	143.225270300098	3	3	8	5
GLN22A	7	6	18	11	3078	2788.47036841522	7	6	22	10	1910	1620.47036841522	4	3	10	4
HIS27A	5	4	14	8	1372	271.569499114414	5	4	14	5	1	1	1	1	1	1
GLU162A	5	5	15	13	166	126.819208677522	4	4	17	11	166	126.819208677522	5	5	16	12
PRO140A	7	5	22	12	112	51.9951307864879	6	4	22	8	112	51.9951307864879	4	3	11	8
LEU23A	7	6	23	14	3472	1966.08558812092	7	6	20	12	3472	1966.08558812092	6	5	14	8
ARG123A	5	3	13	8	142	69.4644339777485	2	2	5	3	372	285.464433977749	4	3	10	5
ILE84A	6	4	22	6	306	123.535566022251	6	4	24	5	306	123.535566022251	6	4	17	3
LEU56A	6	5	17	9	988	616.983381522572	5	4	17	6	123	123	2	2	4	3
TYR71A	5	2	13	4	344	48.0166184774277	3	2	10	3	1	1	2	1	4	0
ARG68A	7	5	16	9	696	42.9924111542552	6	4	16	9	802	411.992411154255	4	4	8	5
GLU37A	7	6	21	13	444	226.793821706586	7	6	26	15	311	147.007588845745	5	4	9	4
ARG102A	5	5	10	9	6	4.48022125611069	3	3	5	3	6	4.48022125611069	2	2	2	2
GLN99A	5	3	10	6	478	478	2	2	3	1	1	1	2	1	2	0
ALA130A	9	7	27	9	473	299.60607008846	5	4	27	7	255	128.90944424792	4	3	19	6
THR127A	6	5	16	3	478	478	3	3	12	2	1	1	2	2	2	1
ASP119A	6	5	16	8	223	124.60935894758	5	4	11	2	74	66.5223123556446	3	3	7	4
LYS147A	6	1	14	1	144	1	3	1	9	0	144	1	2	1	2	0
VAL152A	9	7	31	18	3058	2169.91441187908	6	5	28	19	2476	2169.91441187908	5	5	17	13
GLY15A	7	7	29	23	1512	1450.88893992699	7	7	36	25	1	1	3	3	8	5
CYS12A	4	2	11	3	1	1	2	2	7	2	1	1	1	1	1	1
PHE141A	9	3	33	6	1265	48.3033741594598	7	2	33	3	652	69	6	2	22	1
ARG135A	4	2	12	1	454	1	2	1	4	0	1	1	1	1	1	1
ASP132A	3	2	3	1	1	1	1	1	1	1	1	1	1	1	1	1
SER65A	4	3	8	6	953	633	3	2	6	3	1	1	1	1	1	1
LEU53A	8	7	26	16	1447	633.461969822638	5	5	19	13	1183	395	5	4	15	8
TYR4A	9	3	26	8	1252	410.378268036369	8	3	26	6	632	193.378268036369	5	2	13	4
GLU62A	2	2	4	2	1	1	1	1	1	1	162	78.7106682895161	2	2	2	2
TYR64A	5	3	6	2	639	59.4036878497418	4	2	4	1	323	142.693019560226	3	3	3	3
VAL109A	6	6	17	12	1240	913.775991579736	5	5	17	9	747	420.775991579736	3	3	8	2
VAL29A	8	7	18	9	714	492.785423177465	5	4	16	7	161	161	4	4	7	1
SER145A	5	5	13	9	173	99.3906410524203	2	2	4	3	1	1	1	1	1	1
THR148A	6	6	14	11	145	145	3	3	7	5	145	145	2	2	1	0
THR124A	6	5	13	8	109	109	4	3	8	1	122	122	3	3	5	2
ASP33A	4	3	7	5	1	1	1	1	1	1	1	1	1	1	1	1
THR35A	5	4	11	4	453	1	2	1	5	0	1	1	1	1	1	1
ASP54A	5	5	12	5	643	197.217052023358	4	4	5	2	16	16	2	2	3	1
ASN85A	4	2	12	4	312	30.4063666792439	4	2	12	3	228	1	3	1	8	0
MET72A	7	4	23	9	817	343.525436420436	5	2	22	6	739	370	3	2	9	3
THR58A	10	7	34	24	3576	1681.90964704881	9	7	42	22	3304	852	5	2	17	6
ASN116A	8	4	33	13	1825	895	7	4	45	15	1281	795	5	3	20	5
GLY115A	9	9	30	22	633	579.457079940103	7	7	40	19	456	402.457079940103	4	4	20	8
PHE82A	12	5	43	14	2772	443.542920059897	10	5	50	12	2477	443.542920059897	11	5	45	8
CYS80A	8	5	32	17	195	30.4980163472703	6	4	29	12	236	30.4980163472703	6	4	29	12
GLU3A	4	3	9	5	162	103.739656198342	3	2	6	3	19	1	2	1	3	0
LYS5A	5	2	15	4	671	344.0432917783	3	2	8	3	546	1	3	1	7	0
ARG73A	5	4	10	7	284	278	3	2	5	1	284	278	3	2	4	1
GLN70A	3	1	6	1	1	1	1	1	1	1	1	1	1	1	1	1
GLY10A	6	6	22	17	1174	897.169780445436	6	6	29	19	478	424.710094699288	3	3	11	8
VAL160A	7	7	25	15	825	489.196059705169	5	5	21	12	442	260.196059705169	4	4	12	5
LEU6A	9	7	31	15	1334	590.226063108214	6	5	25	14	711	384	5	3	14	0
VAL7A	9	8	35	27	1154	468	6	5	27	12	2138	1190.66597173107	4	4	17	9
ARG164A	6	5	16	10	302	82.5481383645157	5	4	20	7	85	82.5481383645157	4	4	12	8
VAL8A	9	8	38	25	2504	1653	7	6	34	14	3888	2540.53261119244	8	7	32	21
ALA134A	10	9	26	19	241	212.197961147366	6	5	28	13	148	119.197961147366	4	4	12	8
PHE156A	7	2	30	5	2677	238.504880618322	5	2	23	5	1600	1	4	1	12	0
SER136A	2	2	2	2	1	1	1	1	1	1	1	1	1	1	1	1
LYS104A	5	3	15	8	618	45.8213253417047	4	3	10	5	275	45.8213253417047	3	3	4	3
VAL103A	7	6	15	11	434	138.726929564074	3	2	4	2	434	138.726929564074	3	2	4	2
ALA18A	7	6	23	18	175	36.8908079101377	5	4	18	7	192	53.8908079101377	5	4	15	9
PRO110A	6	4	18	10	1130	364.224008420264	6	4	26	9	512	327.224008420264	3	2	8	2
THR20A	7	7	27	20	240	240	4	4	14	9	876	876	4	4	15	9
GLY48A	4	4	8	8	226	177.86468924438	4	4	9	6	1	1	1	1	1	1
ILE163A	5	4	14	11	162	82.6894267634327	5	4	21	12	130	57.6894267634327	2	2	6	6
ASN26A	3	2	8	2	162	34.5271922188747	3	2	9	2	162	34.5271922188747	2	2	3	2
ILE46A	8	4	16	11	459	331.303940294831	6	3	16	5	459	331.303940294831	6	3	14	4
ILE21A	6	4	19	8	371	253.645077708121	4	3	11	4	147	147	3	3	8	3
ASP69A	4	3	9	7	162	20.7928491798149	3	3	4	3	162	20.7928491798149	3	3	3	2
THR158A	6	6	18	15	169	98.4222268091169	3	3	11	8	169	98.4222268091169	5	5	19	15
ARG149A	5	3	17	5	2154	418.00243936591	4	3	13	6	2154	418.00243936591	4	3	8	3
ASP108A	2	2	3	2	1	1	1	1	1	1	162	21.3596821734443	2	2	1	1
SER106A	4	3	7	2	1	1	1	1	1	1	162	141.640317826556	2	2	1	1
LEU159A	9	7	31	19	6724	4996.84327232455	8	7	39	22	5232	3826.06933543277	7	5	30	10
HIS95A	3	3	6	4	162	103.596312150258	2	2	3	1	162	103.596312150258	3	3	3	2
ASP38A	4	2	10	1	199	1	2	1	4	0	1	1	1	1	1	1
LYS117A	7	2	22	3	1042	45.2304073044017	7	2	26	2	909	45.2304073044017	5	2	11	1
LYS16A	9	3	29	10	5578	1497.92147049856	8	3	38	11	3439	1406	5	2	16	1
HIS94A	4	2	6	2	375	1	2	1	4	0	536	1	3	1	4	0
ASP153A	4	2	15	5	1	1	2	2	6	5	1	1	2	2	5	4
GLU63A	3	3	8	6	1	1	2	2	5	3	1	1	1	1	1	1
ALA66A	3	3	3	3	321	321	2	2	2	1	1	1	1	1	1	1
PHE28A	6	3	18	2	746	304	6	3	17	0	304	304	3	3	3	0
ASP92A	2	2	2	1	1	1	1	1	1	1	1	1	1	1	1	1
LYS88A	3	2	4	1	1	1	1	1	1	1	1	1	1	1	1	1
GLY75A	6	6	19	13	714	551.644043777414	5	5	13	8	473	434.178674658295	3	3	5	3
GLU107A	4	2	6	1	354	162	3	2	5	0	1	1	1	1	1	1
GLN61A	3	1	6	1	162	1	3	1	7	0	162	1	2	1	1	0
THR87A	5	4	11	6	563	1	3	2	6	2	1	1	1	1	1	1
ILE100A	7	5	26	12	1237	1071.5	5	4	21	10	1504	1488.5	5	5	22	12
GLN131A	4	2	16	4	1	1	1	1	1	1	1	1	1	1	1	1
SER39A	3	1	6	1	106	1	2	1	3	0	1	1	1	1	1	1
TYR40A	6	4	17	3	537	120.685434397367	5	3	12	1	537	120.685434397367	5	3	11	1
VAL125A	7	6	23	12	1758	1758	4	4	16	7	918	702	4	3	14	4
GLY13A	4	4	12	8	1195	890.833229925709	3	3	15	9	464	419.769592695598	2	2	4	1
SER122A	2	2	2	2	1	1	1	1	1	1	162	48.2997256887431	2	2	2	2
TYR157A	5	3	12	6	399	69.0931390006311	3	2	7	2	633	69.0931390006311	4	2	9	2
VAL44A	6	6	16	10	953	646.444891176731	3	3	6	5	429	248.958503607275	3	3	5	3
LYS101A	2	1	3	1	162	1	2	1	2	0	1	1	1	1	1	1
THR74A	4	4	8	6	378	90.5346308808815	2	2	4	4	1	1	1	1	1	1
SER118A	6	4	19	13	210	131	6	4	29	14	50	1	2	1	5	0
GLU98A	2	2	3	2	1	1	1	1	1	1	162	162	2	2	2	0
VAL45A	4	4	11	9	70	49.1353107556196	2	2	3	3	185	112.948357392094	3	3	7	4
GLU76A	7	3	20	4	766	474	6	3	24	3	718	277	4	2	10	0
PRO34A	5	4	13	5	1	1	2	1	5	0	1	1	1	1	1	1
ARG41A	3	1	6	1	180	1	3	1	5	0	147	1	2	1	3	0
LEU52A	3	2	8	1	34	34	2	2	2	0	1	1	1	1	1	1
ILE36A	5	2	13	3	159	1	3	1	9	0	9	1	2	1	4	0
LYS42A	3	2	9	6	172	65	3	2	10	5	172	65	3	2	8	4
GLU91A	3	2	6	3	1	1	1	1	1	1	1	1	1	1	1	1
MET67A	2	1	2	1	1	1	1	1	1	1	1	1	1	1	1	1
ASN86A	4	1	13	1	162	1	4	1	14	0	1	1	2	1	6	0
ASP126A	3	2	8	3	1	1	1	1	1	1	162	1	2	1	3	0
GLN129A	3	2	12	3	81	81	2	2	5	2	81	81	2	2	4	2
LYS128A	2	1	5	1	1	1	1	1	1	1	1	1	1	1	1	1
GLN25A	2	1	4	1	162	1	2	1	4	0	1	1	1	1	1	1
ASP105A	1	1	1	1	1	1	1	1	1	1	1	1	1	1	1	1
LYS165A	1	1	1	1	1	1	1	1	1	1	1	1	1	1	1	1
