Degree	Degree_sidechain	SecondOrderDegree	SecondOrderDegree_sidechain	NodeEdgeBetweennessSTRIDE	NodeEdgeBetweennessSTRIDE_sidechain	IntermodularDegreeSTRIDE	IntermodularDegreeSTRIDE_sidechain	SecondOrderIntermodularDegreeSTRIDE	SecondOrderIntermodularDegreeSTRIDE_sidechain	NodeEdgeBetweennessWALKTRAP	NodeEdgeBetweennessWALKTRAP_sidechain	IntermodularDegreeWALKTRAP	IntermodularDegreeWALKTRAP_sidechain	SecondOrderIntermodularDegreeWALKTRAP	SecondOrderIntermodularDegreeWALKTRAP_sidechain
THR140B	5	4	18	10	21037	18586.5	3	3	8	4	16479	5148.9711016933	2	2	2	2
TYR233B	4	2	11	3	32172	10179.7667917421	4	2	10	3	1	1	1	1	1	1
CYS176B	8	6	22	10	199958	130936.723003231	8	6	28	13	126396	120729.348959996	4	4	7	5
HIS179B	5	4	18	9	57440	3859.28189961076	5	4	24	12	57440	3859.28189961076	5	4	9	5
GLU285B	5	4	13	5	11158	3048.23408245952	4	4	9	6	1	1	1	1	1	1
LEU130B	5	3	11	4	9544	4418.47605558014	4	3	10	5	1	1	1	1	1	1
CYS242A	8	5	19	9	2520	1020.63307345245	6	4	24	13	570	1	2	1	1	0
HIS179A	6	5	21	11	67936	6992.75977481843	6	5	31	17	1	1	1	1	1	1
ALA138C	4	4	12	8	1096	768.598929893547	3	3	8	5	1	1	1	1	1	1
MET237C	7	5	20	11	55774	10690.8171024602	6	5	21	14	1	1	1	1	1	1
ARG267D	8	5	18	9	14874	9585.26148537831	6	4	11	3	1	1	1	1	1	1
THR102D	3	3	10	5	836	836	2	2	5	3	1	1	1	1	1	1
ALA276C	5	3	15	8	1729	1	3	1	12	0	1649	1	2	1	4	0
PRO278C	8	6	22	16	64367	36517	7	5	27	10	32569	32569	2	2	4	2
PRO128A	5	5	12	8	1773	1770.1495380448	4	4	14	9	1	1	1	1	1	1
TYR126A	7	3	21	4	14632	658	6	3	22	4	1	1	2	2	3	1
LEU257C	7	6	24	15	1566	577.516500105832	7	6	33	17	1554	565.516500105832	5	4	16	12
TYR220C	6	2	22	5	9734	1	5	1	26	0	9722	1	4	1	14	0
ASP259D	6	5	10	4	1219	532.970970423506	3	2	7	2	1	1	1	1	1	1
SER261D	5	1	8	1	1	1	2	1	3	0	1	1	1	1	1	1
ARG273A	7	3	25	8	1760	849.653989087123	5	3	13	6	1	1	1	1	1	1
ASP281A	5	4	15	7	889	148.264805891284	3	3	8	6	1	1	1	1	1	1
GLY244D	5	5	13	10	92709	57595.1145131076	4	4	11	9	60535	43973.7136518642	3	3	3	3
HIS178C	6	3	18	8	65021	7710.1725732696	4	2	13	3	46345	7710.1725732696	2	2	2	2
GLN167A	5	4	8	5	64300	18648.0991763745	3	3	6	4	63896	18244.0991763745	2	2	2	2
THR123C	6	5	17	11	127816	68416.7378523641	5	4	19	8	127816	68416.7378523641	3	3	5	3
ARG213A	11	8	23	14	21486	8317.5	11	8	34	15	1	1	1	1	1	1
THR211A	7	6	15	10	3946	3946	4	3	17	8	1	1	1	1	1	1
TYR205D	7	4	27	16	54116	11194.9736677358	7	4	25	13	1	1	1	1	1	1
VAL216D	7	7	21	17	16853	16111.7546005373	6	6	22	14	14132	4925.82322763479	4	4	5	4
PHE270C	8	3	23	11	20058	253.613019937339	7	3	20	6	17144	123	5	2	9	1
VAL253C	7	7	22	14	4155	2858.51567350768	4	4	12	6	1	1	1	1	1	1
ILE232C	6	4	21	16	1673	672.027347594781	4	4	15	13	64	41.3391034183468	2	2	9	7
THR231C	5	5	14	8	1	1	1	1	1	1	1	1	1	1	1	1
GLY244B	6	6	15	11	15056	8963.15509372282	5	5	15	12	8923	6356.30454078725	3	3	3	3
GLY245B	7	7	22	16	33481	22862.6494470644	5	5	22	17	16038	8026.5	3	3	6	5
ARG196D	9	7	25	11	10861	6267.02032645349	8	7	26	14	1	1	1	1	1	1
ASP184D	5	5	15	10	888	153.959926084537	4	4	19	14	1	1	1	1	1	1
ASP259A	6	5	10	4	1417	570.806687318052	3	2	7	2	1	1	1	1	1	1
LEU265A	6	3	19	6	2397	2184	5	3	16	3	1701	1	4	1	8	0
GLY187A	3	3	4	2	888	888	2	2	1	0	1	1	1	1	1	1
LEU188A	3	1	5	1	888	1	2	1	1	0	1	1	1	1	1	1
ALA161D	5	5	14	10	4113	1264.76380534919	3	3	8	7	1	1	1	1	1	1
ILE162D	5	1	18	1	13784	1	4	1	18	0	1	1	1	1	1	1
ALA189A	5	5	15	10	3427	2934.48444141411	3	3	13	9	1	1	1	1	1	1
TYR205A	7	4	27	16	47012	10845.5743384165	7	4	26	13	21875	10765	3	2	6	2
LEU350C	3	3	9	6	5942	5942	3	3	8	4	3395	3395	2	2	3	1
PRO128C	8	6	21	14	55864	49887.4705671052	7	5	23	13	6914	1037	4	2	5	2
ARG267B	7	4	12	5	7128	1768.63529453351	5	3	6	1	1	1	1	1	1	1
SER99B	3	3	9	5	977	96.3647054664895	2	2	4	2	1	1	1	1	1	1
LYS101D	6	3	16	4	19509	9132.79943703904	5	3	14	3	1	1	1	1	1	1
SER99D	4	4	14	8	450	113.738514621688	2	2	5	3	1	1	1	1	1	1
ASP268D	4	4	12	8	933	676.627645617729	3	3	10	8	48	20.4837429954779	2	2	2	1
SER269D	4	2	10	3	841	1	3	1	5	0	868	28.5162570045221	3	2	3	1
ARG249A	7	6	19	11	159842	83972.3005015991	7	6	21	12	1	1	1	1	1	1
TYR163A	4	3	17	9	36412	2510.58689526408	4	3	19	9	1	1	1	1	1	1
ARG181D	2	2	4	4	888	505.547204858744	2	2	3	3	1	1	1	1	1	1
PRO177C	5	5	11	9	87968	61570.5181691658	4	4	10	9	1	1	1	1	1	1
ARG267C	7	4	15	6	6042	1531.78365150586	5	3	7	1	862	645.783651505855	2	2	3	3
LEU264C	5	5	18	15	859	571.594009083422	2	2	4	3	1	1	1	1	1	1
SER149C	3	1	5	1	1	1	1	1	1	1	1	1	1	1	1	1
THR150C	3	2	6	1	1305	1	2	1	5	0	1	1	1	1	1	1
PRO151C	6	4	15	7	8910	6135	6	4	22	5	4841	4831	3	3	7	3
MET169C	6	4	17	5	5980	2393.65261976279	5	4	17	5	3089	1545	2	2	4	2
VAL97C	5	5	10	8	3172	2183.34738023721	3	3	7	5	1	1	1	1	1	1
PRO278B	9	7	24	19	50204	49234	8	6	29	11	1	1	1	1	1	1
VAL135B	9	7	31	19	17222	6909.33451785487	8	6	41	15	1	1	1	1	1	1
ARG175A	7	6	20	14	69014	67837	7	6	30	15	1	1	1	1	1	1
CYS238A	10	6	31	13	86708	22440.3780762413	9	5	49	17	1	1	1	1	1	1
ASP184A	5	4	15	8	888	155.368279013338	4	3	19	9	1	1	1	1	1	1
MET237A	8	4	24	9	14128	2265.71133345536	7	4	29	10	1	1	1	1	1	1
GLN100C	5	3	15	6	7073	2444.39748078759	4	3	9	6	7098	2444.39748078759	5	3	7	2
SER99C	4	4	10	5	862	217.216348494145	2	2	4	2	888	243.216348494145	4	4	6	3
ARG158B	8	5	21	8	15728	8413.79323033716	6	5	16	7	7555	5860.22938942109	4	2	9	1
GLU258B	5	2	19	4	14272	1646.77061057891	5	2	17	4	7506	1646.77061057891	2	2	3	1
GLY266B	8	8	22	19	6075	6075	5	5	17	12	1	1	1	1	1	1
LEU257B	7	6	27	16	12652	7008.3959351724	7	6	31	18	1	1	1	1	1	1
PHE236D	6	2	25	6	47568	3133.20184134861	6	2	24	3	10408	3133.20184134861	2	2	4	4
VAL141D	8	8	22	14	22345	19350.0144890846	5	5	20	11	1	1	1	1	1	1
ARG213C	9	6	20	8	9996	2452	9	6	22	9	1	1	1	1	1	1
THR211C	5	5	11	8	4416	4416	2	2	8	5	1	1	1	1	1	1
PHE338A	4	2	8	2	12954	17	4	2	9	0	1	1	1	1	1	1
THR329C	3	2	7	5	17	1	2	1	3	0	1	1	1	1	1	1
LEU330B	4	4	8	6	5843	4045.15368790674	3	3	6	3	6608	2245.37896416579	2	2	1	1
PHE338D	5	4	10	6	6522	1818.84631209326	4	3	7	3	5293	4214.91783284115	2	2	2	1
TYR107C	5	2	15	3	2570	183.389681192449	4	2	10	3	1	1	1	1	1	1
VAL147C	5	4	10	4	1372	1372	3	2	9	1	1	1	1	1	1	1
GLU171A	4	2	14	5	888	310.699490551429	3	2	10	5	1	1	1	1	1	1
PRO278A	8	6	19	14	12512	8620	7	5	25	9	1	1	1	1	1	1
VAL135A	9	7	30	18	4790	2329.61971612827	8	6	35	13	1	1	2	2	3	2
GLN100A	5	3	15	5	26390	9616.99668279686	4	3	8	5	1	1	1	1	1	1
MET169A	5	3	17	7	27632	10110.5390205318	4	3	17	6	1	1	1	1	1	1
ARG110D	5	4	12	7	1650	1378.48217127231	5	4	12	6	1	1	1	1	1	1
ASP148D	4	3	12	7	858	219.005579694152	3	3	9	7	1	1	1	1	1	1
ALA138D	4	4	15	9	544	331.361831020105	3	3	9	4	1	1	1	1	1	1
LYS139D	5	2	16	3	888	198.800401940659	4	2	15	3	1	1	1	1	1	1
ARG196C	8	6	23	14	46729	22130.8616383119	7	6	23	13	7386	1	2	1	3	0
TYR205C	7	4	26	14	39512	5103.98009635249	7	4	23	11	3901	3901	2	2	3	2
GLU271B	6	4	14	5	12029	3395.23463084053	5	4	10	6	6523	2165.95918314108	2	2	1	1
LEU252B	6	5	20	8	11378	10316.8396635115	4	4	12	6	3202	2140.83966351146	2	2	3	2
GLN144B	7	4	19	6	20799	8699.80705062385	4	3	8	4	27474	16427.123697713	4	3	7	4
GLY112B	5	5	15	8	11450	8957.35992921355	3	3	7	3	22217	19724.3599292135	3	3	5	2
ASP148B	4	3	12	7	888	324.350116277622	4	3	18	9	1	1	1	1	1	1
VAL147B	9	7	20	11	7680	2796	8	6	31	11	1	1	1	1	1	1
LEU130A	6	5	9	8	2694	1448.59711437375	5	5	11	8	888	444.5	2	2	1	1
SER127A	5	4	12	7	3024	808.868723788794	5	4	14	8	1	1	1	1	1	1
ARG249B	8	6	21	12	33596	19704.4281329339	8	6	24	13	16024	8012.5	2	2	2	2
TYR163B	4	3	17	9	21852	1193.6577135773	4	3	18	9	1	1	1	1	1	1
GLY199B	5	5	14	7	24800	24800	5	5	15	7	11021	11021	2	2	1	0
SER96D	6	2	17	5	17839	1	4	2	17	2	1	1	1	1	1	1
PHE234C	6	4	22	11	9520	640.578593464592	5	3	16	5	1937	640.578593464592	3	3	6	2
GLY199C	6	6	12	7	19664	19664	6	6	15	7	1	1	1	1	1	1
SER96A	6	2	18	5	16034	1	4	2	18	2	1	1	1	1	1	1
PHE113D	8	3	24	7	20454	8916	8	3	31	7	13499	8916	4	2	6	2
PHE270D	8	3	23	10	22768	1790.55041646094	7	3	26	7	15265	1790.55041646094	5	3	11	7
GLN104B	4	3	15	9	2160	1519	4	3	16	7	1	1	1	1	1	1
GLY105B	6	6	14	12	2666	2420.47371343879	6	6	15	10	1	1	1	1	1	1
ARG333A	5	4	12	4	3116	948.920272329518	5	4	13	2	1080	710.920272329518	2	2	2	1
TYR327C	4	2	8	3	1340	370.079727670482	4	2	9	3	1097	370.079727670482	3	2	3	1
VAL157B	8	6	28	17	2752	1374	6	4	22	10	2710	1353	6	4	12	3
MET133A	5	4	21	12	18060	13640.4618114734	5	4	21	9	3996	3996	2	2	3	1
GLU221D	4	2	9	2	5223	1227.4813175242	3	2	5	2	1	1	1	1	1	1
PRO222D	5	2	13	2	1	1	2	1	3	0	1	1	1	1	1	1
GLY154D	4	4	9	8	2650	2650	3	3	8	6	1	1	1	1	1	1
THR155D	8	7	20	15	11980	8468.33685406336	8	7	27	15	7729	6490.85672778906	5	5	6	2
GLN167D	5	4	9	6	23844	8325.46133585724	3	3	7	5	23439	7920.46133585724	2	2	1	1
HIS168D	3	3	9	8	49784	32695.1768569106	2	2	6	5	1	1	1	1	1	1
GLY266A	8	8	23	18	6481	6481	5	5	18	9	7244	7244	4	4	8	3
TYR103A	7	2	17	4	8641	12.664908751178	6	2	18	2	3347	1	2	1	2	0
PHE134A	6	4	22	10	1209	62	4	3	13	7	1	1	1	1	1	1
THR125A	7	7	21	17	10049	6950.18049143137	5	5	15	11	4416	1483.03445065237	2	2	1	1
ASN210D	4	1	9	1	1	1	1	1	1	1	1	1	1	1	1	1
PRO209D	4	4	8	6	430	430	2	2	4	3	1	1	1	1	1	1
THR155B	7	6	22	15	8076	5516.45253679906	7	6	27	18	1	1	1	1	1	1
PHE113C	6	4	21	8	27656	18896.8481676471	4	3	15	4	27656	18896.8481676471	4	3	7	2
ASP207A	6	4	14	9	1548	238.29419268304	5	4	12	8	1	1	1	1	1	1
HIS193A	7	5	17	9	2860	2806.66940609053	5	5	17	10	1	1	1	1	1	1
LEU264D	6	6	18	14	503	340.512195810964	4	4	11	4	1	1	1	1	1	1
TYR103D	7	1	16	1	5102	1	6	1	17	0	1	1	1	1	1	1
VAL253D	7	7	23	12	14319	9302.41755445074	4	4	12	4	14626	9609.41755445074	5	5	9	6
SER149D	4	2	12	2	606	1	3	2	10	1	1	1	1	1	1	1
VAL147D	7	7	16	11	1950	1688	5	5	17	6	1	1	1	1	1	1
PRO190B	5	3	13	7	3831	3831	2	2	7	3	1	1	1	1	1	1
PRO191B	4	3	10	4	5877	1	2	1	5	0	5877	1	2	1	3	0
ARG196A	9	7	25	10	10866	6350.48112369471	8	7	26	13	193	1	2	1	3	0
VAL272D	6	6	24	18	190	95.8301877397188	2	2	3	3	190	95.8301877397188	2	2	4	4
HIS193B	6	6	16	11	4222	3813.27860582578	6	6	20	12	1	1	1	1	1	1
HIS214B	7	5	18	9	3866	2964.98311564892	6	5	14	8	1	1	1	1	1	1
ASN200B	6	2	18	7	22113	3033.8137713141	4	2	15	5	11021	1	2	1	1	0
VAL218B	8	8	23	16	14205	7225.89669565929	6	6	20	13	1	1	2	2	5	3
ARG283A	3	3	8	6	1	1	1	1	1	1	1	1	1	1	1	1
GLY279A	6	6	17	14	1	1	1	1	1	1	1	1	1	1	1	1
LEU201B	2	2	5	2	1	1	1	1	1	1	1	1	1	1	1	1
LEU111B	6	5	19	9	8699	8073.95226492596	5	5	15	7	7802	7802	4	4	9	2
PRO142A	4	3	15	11	1	1	1	1	1	1	1105	874.655933030396	2	2	2	2
VAL141A	9	9	26	17	23050	19945.9184723983	6	6	25	13	7521	5368.83856391665	3	3	2	2
ARG202C	3	2	4	2	887	417.059064736819	2	2	1	1	1	1	1	1	1	1
PRO219C	3	3	7	7	887	470.940935263181	2	2	1	1	1	1	1	1	1	1
GLY154A	4	4	9	8	2650	2650	3	3	8	6	1	1	1	1	1	1
SER260A	4	2	8	1	887	1	2	1	2	0	1	1	1	1	1	1
GLY244C	5	5	12	10	97078	58502.010548116	4	4	9	8	1	1	1	1	1	1
PRO151A	7	5	16	8	8026	4797	7	5	21	6	2963	1	3	1	6	0
TYR220A	6	3	23	10	5603	1	5	2	23	4	1	1	2	1	4	0
ARG213D	11	8	23	14	16456	7360	11	8	34	15	1	1	1	1	1	1
MET169D	6	4	18	7	35926	14489.977615383	5	4	20	7	17647	8824	2	2	2	2
PRO142B	6	5	15	12	36626	30175.6136481538	3	3	3	2	28972	15098.3768367159	4	3	4	3
ARG156C	7	3	21	5	2312	1089.92060183233	6	3	23	4	381	1	4	1	13	0
GLU204C	4	2	14	2	888	298.58577454254	4	2	12	2	1	1	2	1	3	0
CYS176A	7	6	21	11	128996	50024.6571382679	7	6	27	14	1	1	1	1	1	1
ARG158D	8	5	24	9	19395	10442.7977594347	6	5	18	9	11425	7900.90488538103	4	4	3	3
GLU258D	5	3	18	7	13084	1762.03068689313	5	3	18	6	6867	1254.98612949501	2	2	3	3
CYS238D	10	6	31	14	102638	31895.5330639182	9	5	49	18	1	1	2	2	5	4
VAL274D	11	10	34	26	77850	76686.3149515761	9	8	42	23	1	1	1	1	1	1
PRO152C	5	4	13	8	3735	3385.50462421131	4	4	16	11	1	1	1	1	1	1
ARG156A	5	2	16	1	3306	171.77506918595	4	2	15	1	1276	1	2	1	4	0
GLU204A	5	2	15	1	888	142.22493081405	5	2	17	1	1	1	1	1	1	1
LYS132B	4	3	13	5	12374	8086.38866181643	3	3	7	6	6523	4358.04081685892	2	2	1	1
PHE328A	5	3	8	3	1773	1191.92243658296	4	3	10	4	1	1	1	1	1	1
THR329A	2	2	4	3	1	1	1	1	1	1	1	1	1	1	1	1
ASP186C	5	4	11	5	1	1	2	1	6	0	1	1	1	1	1	1
TYR220D	7	4	25	11	4078	1	5	2	23	4	1	1	2	1	4	0
ARG110A	5	4	12	7	1578	1164.06699431974	5	4	12	6	1	1	1	1	1	1
ASP148A	4	3	12	7	860	219.046746239485	3	3	9	7	1	1	1	1	1	1
VAL217C	6	6	24	20	18125	14620.8688011097	4	4	17	11	30007	22923.8127839141	4	4	16	12
ILE255D	9	5	31	15	5601	924.473245400876	6	3	23	5	1	1	2	2	3	2
PHE109D	5	2	20	5	5634	2744	5	2	19	2	1	1	1	1	1	1
ARG267A	7	5	18	11	19483	13426.7869709677	5	4	12	5	1	1	1	1	1	1
GLU224C	5	3	11	6	888	144.19825284098	4	3	10	4	1	1	1	1	1	1
HIS179C	7	6	21	11	29641	938.98688472991	6	5	27	15	1	1	1	1	1	1
ARG282C	11	8	30	16	53752	35479.6027570319	9	7	32	16	737	571.11590122915	2	2	3	2
THR125C	8	8	25	21	57336	46870.5447046162	6	6	20	13	1	1	1	1	1	1
ARG337C	5	3	14	7	1366	747.815086875853	4	3	10	4	1	1	1	1	1	1
GLY334C	7	7	14	10	26550	25705.5191900414	7	7	20	12	1	1	1	1	1	1
GLU171B	3	2	10	5	887	310.963643753045	2	2	7	5	1	1	1	1	1	1
THR170B	5	4	11	7	541	243	3	2	10	2	1	1	1	1	1	1
GLU171D	4	2	13	5	888	310.641366664306	3	2	10	5	1	1	1	1	1	1
THR170D	6	5	19	12	1324	874.954688538201	4	3	19	7	1	1	1	1	1	1
SER260D	4	2	8	1	887	1	2	1	2	0	1	1	1	1	1	1
ASP281D	5	4	15	7	889	123.842546881832	3	3	8	6	1	1	1	1	1	1
CYS275D	7	7	19	14	1768	882.527905940425	5	5	20	15	1	1	1	1	1	1
TYR126C	7	3	24	4	101636	6323.15183235286	6	3	24	4	8439	4164.15183235286	2	2	3	2
MET160D	6	3	18	10	8448	8448	4	3	16	9	250	1	2	1	3	0
MET160B	8	4	22	12	1507	1213	6	4	22	10	1	1	1	1	1	1
SER215B	6	3	19	8	827	76.5	4	2	15	4	1	1	1	1	1	1
HIS168A	3	3	9	8	63633	41772.4131125854	2	2	6	5	1	1	1	1	1	1
VAL157C	10	8	33	21	15692	7455.66089658165	8	6	29	13	16038	7801.66089658165	10	8	25	8
ARG175C	7	6	21	15	54920	51883.8155934583	7	6	28	15	1	1	1	1	1	1
SER227D	4	3	5	1	4428	2656	4	3	5	0	2656	2656	3	3	2	0
TYR229D	5	1	11	1	3398	1	3	1	6	0	2656	1	2	1	2	0
PHE236B	7	3	29	12	39842	3019.35805955943	7	3	30	7	9685	3019.35805955943	3	3	5	5
CYS242D	7	5	19	10	1878	879.159972934999	5	4	24	14	173	87	2	2	5	4
GLY245D	7	7	21	16	69672	38816.5991387566	5	5	19	16	1	1	1	1	1	1
ILE254D	7	5	23	10	6391	6391	3	3	5	2	1119	1017.82635221591	3	3	5	3
LEU252D	6	5	18	8	23073	20088.515216811	4	4	12	6	12176	8687.68886459507	4	3	8	4
ILE251B	3	3	11	8	888	444.5	3	3	12	9	888	444.5	2	2	3	3
MET246B	9	5	22	11	1846	1777.45202897915	8	5	30	11	1842	1777.45202897915	6	5	9	4
GLN144A	7	5	15	5	5133	1456.34778821782	4	4	11	6	888	430.342081271215	2	2	1	1
GLY112A	5	5	15	11	9209	8182.99429305339	4	4	13	5	1	1	1	1	1	1
LYS321B	2	1	2	1	1	1	1	1	1	1	888	1	2	1	1	0
THR322B	3	2	3	1	1773	1	2	1	3	0	888	888	2	2	1	0
ARG280D	6	3	10	4	7	5.83833322970003	2	2	2	1	1	1	1	1	1	1
ARG213B	8	6	21	11	9792	2448.5	8	6	22	9	4394	1	2	1	4	0
ASP184B	6	5	14	7	4430	1509.041102265	6	5	18	10	3572	1437.66404820391	5	4	7	5
SER183B	2	2	5	5	888	888	2	2	5	4	888	888	2	2	4	3
MET160C	7	3	18	7	1734	1726	5	3	16	6	1	1	1	1	1	1
SER215C	4	2	14	4	2687	766.5	3	2	9	4	1	1	1	1	1	1
CYS277B	6	3	14	2	2645	883	4	2	9	0	1	1	1	1	1	1
ARG158A	8	5	24	9	15789	8544.73292732843	6	5	18	9	11209	6247.1167936392	4	3	4	2
VAL217A	7	7	23	19	11211	9345.15252714698	5	5	18	10	5842	3976.15252714698	2	2	3	2
VAL253B	8	8	28	16	11937	7570.76901511666	5	5	18	9	8396	5804.01224421145	2	2	2	2
VAL135D	9	7	29	17	4883	2495.91670483934	8	6	34	12	1	1	2	2	3	2
PRO128D	5	5	12	8	1773	1769.55005748187	4	4	14	9	1	1	1	1	1	1
TYR126D	7	3	21	4	16028	548	6	3	22	4	1	1	2	2	3	1
THR256B	6	5	27	15	4589	4589	4	3	13	6	5375	5375	4	4	10	3
ARG337B	4	3	9	6	966	56.2136833477391	4	3	10	5	1	1	1	1	1	1
LEU348D	4	3	8	4	7010	5009.6477469552	3	3	6	4	1	1	1	1	1	1
LEU111A	8	6	23	14	5607	4714.30409799914	7	6	27	13	4226	4226	3	3	6	1
ASP208B	5	4	10	5	22	1	2	1	3	0	2644	1066.80391512118	2	2	4	4
PRO209B	3	3	6	3	1	1	1	1	1	1	1	1	1	1	1	1
PRO98A	6	6	17	11	9877	8873.5	4	4	16	9	1	1	1	1	1	1
VAL97A	7	7	18	14	34571	27975.5270372988	5	5	20	13	1	1	1	1	1	1
LEU252A	6	5	18	8	22379	19504.5033172031	4	4	12	6	1	1	1	1	1	1
ARG290B	4	4	6	4	34252	11063.1157958012	2	2	2	1	1	1	1	1	1	1
ARG342B	5	3	12	4	55806	23189.8842041989	3	2	3	1	33567	1	3	1	4	0
GLN100D	5	3	15	6	34787	11808.484783189	4	3	9	6	29217	11808.484783189	3	3	4	3
VAL272A	6	6	24	18	171	86.8166426360661	2	2	3	3	1	1	1	1	1	1
ARG344A	4	2	12	2	888	363.530096994449	3	2	7	1	1	1	1	1	1	1
PHE341C	7	4	16	8	11405	1830.75967867833	6	4	13	6	1	1	1	1	1	1
ALA355C	3	3	6	3	41	41	2	2	3	1	1	1	1	1	1	1
GLN354C	4	1	3	1	3423	1	3	1	3	0	1	1	1	1	1	1
TYR107A	6	2	17	3	917	150.969903306512	5	2	14	3	844	150.969903306512	2	2	2	2
VAL147A	7	7	15	10	1695	1428	5	5	17	6	1	1	1	1	1	1
ALA189C	6	6	15	11	35502	31417.2766199045	3	3	12	8	1	1	1	1	1	1
PHE270B	7	2	19	7	29467	1088.28747054204	6	2	17	4	11883	1	3	1	4	0
ARG282A	8	6	21	13	7240	6677.853959221	6	5	19	12	1	1	1	1	1	1
GLU285D	6	4	17	6	4667	957.757137617124	5	4	13	6	1	1	1	1	1	1
LYS132D	4	3	12	4	8422	5972.8548462272	3	3	7	5	1	1	1	1	1	1
GLN331A	4	2	6	2	958	18	4	2	7	1	82	18	3	2	3	1
MET323C	3	2	5	2	944	65	3	2	5	1	65	65	2	2	2	1
GLY244A	5	5	10	7	188415	102756.992750247	4	4	9	7	1	1	1	1	1	1
HIS178B	4	2	12	4	188424	29121.4316486868	3	2	10	3	94215	1	2	1	3	0
GLN104C	4	3	13	8	2932	1265.38273548031	3	3	11	8	1	1	1	1	1	1
GLY108C	8	7	16	8	9024	5178.60954707516	7	6	19	9	522	522	2	2	3	1
MET246C	10	5	25	11	9527	5091.53364486631	9	5	34	10	1	1	1	1	1	1
SER240C	4	3	18	11	888	866	4	3	19	9	1	1	1	1	1	1
ALA189D	5	5	15	10	3509	3002.32364187633	3	3	13	9	1	1	1	1	1	1
PRO190D	6	4	15	9	26035	26035	2	2	6	3	1	1	1	1	1	1
SER127D	5	4	12	7	5076	1564.99872509865	5	4	14	8	1	1	1	1	1	1
ARG202D	4	3	7	2	9646	6139.56365377403	3	3	3	2	1	1	1	1	1	1
PRO219D	3	3	7	7	5253	2280.95502870177	2	2	2	2	1	1	1	1	1	1
PRO223A	6	6	11	6	1703	1659.79288268242	4	4	7	3	1	1	1	1	1	1
THR230A	6	6	12	9	888	868.207117317582	4	4	6	4	1	1	1	1	1	1
ARG333C	6	4	14	4	14614	4256.37443020646	6	4	15	4	1	1	1	1	1	1
TYR327A	4	2	11	3	918	599.513872104069	4	2	10	3	1	1	1	1	1	1
THR256D	7	6	27	20	7976	4507.48780418904	5	4	17	10	1	1	1	1	1	1
GLY279C	7	7	23	20	1545	1545	2	2	4	2	1	1	1	1	1	1
GLU271C	5	3	10	2	8299	1810.78632170569	4	3	6	3	5346	1570.36927412339	2	2	1	1
LEU252C	6	5	18	8	7369	6469.60251921241	4	4	12	6	2651	1751.6025192124	2	2	4	2
CYS176C	7	6	20	12	133664	43773.6264120072	7	6	25	15	1	1	1	1	1	1
GLY245C	6	6	19	15	30316	20546	4	4	15	13	1	1	1	1	1	1
VAL217B	6	6	21	19	10299	7349.72508203318	4	4	13	9	2391	1862.78892294926	3	3	7	5
LEU130D	6	5	10	8	6226	3341.95984167055	5	5	12	8	1	1	1	1	1	1
PRO177B	5	4	13	10	5052	3395.31962643585	3	3	11	9	5052	3395.31962643585	3	3	5	5
GLU221C	3	1	4	1	360	1	2	1	2	0	1	1	1	1	1	1
PRO222C	3	2	5	1	1	1	1	1	1	1	1	1	1	1	1	1
GLU326A	5	3	10	3	875	333.069371969451	4	3	11	4	1	1	1	1	1	1
GLY325A	5	5	11	9	943	943	4	4	12	7	1	1	1	1	1	1
ASN263B	4	3	7	5	948	426.921295151786	4	3	5	3	1	1	1	1	1	1
ASP259B	6	6	11	6	3595	824.01829119327	3	3	7	5	1	1	1	1	1	1
ARG156B	5	3	14	5	2384	1041.13018588941	4	3	11	4	2384	1041.13018588941	3	3	3	3
PHE338B	5	4	12	7	11166	1696	4	3	11	3	12013	12013	2	2	2	0
THR123D	6	5	12	6	2656	1330	4	3	17	5	2656	1330	4	3	3	1
PRO151B	9	7	21	12	4482	2975	9	7	32	13	1	1	1	1	1	1
THR150B	2	1	8	1	888	1	2	1	8	0	1	1	1	1	1	1
THR231A	5	4	11	3	1	1	1	1	1	1	1	1	1	1	1	1
LEU194A	6	6	24	18	2660	1828.95598152258	6	6	29	18	1	1	1	1	1	1
THR211D	7	6	15	10	4024	4024	4	3	17	8	1	1	1	1	1	1
THR211B	6	6	13	8	5281	4720.02024246859	3	3	8	6	7043	5977.19608487882	5	5	4	1
GLN192D	7	5	13	8	2206	1	4	2	10	3	1	1	1	1	1	1
GLY226C	5	5	11	6	12786	12191.9301169987	4	4	9	3	1	1	1	1	1	1
PHE338C	5	3	13	4	13656	1	4	2	12	2	1	1	1	1	1	1
GLN192A	7	5	12	8	2930	1	4	2	9	3	1	1	1	1	1	1
PRO190A	6	4	15	9	22512	22512	2	2	6	3	1	1	1	1	1	1
GLY105C	7	7	15	12	1558	1558	6	6	16	9	1	1	1	1	1	1
TYR103C	4	1	11	1	1376	1	3	1	9	0	1	1	1	1	1	1
ASP352D	6	5	11	7	3607	23.8398258449562	4	3	10	5	1	1	1	1	1	1
ASN288B	2	2	3	3	1	1	1	1	1	1	1	1	1	1	1	1
THR284B	4	4	7	6	1	1	1	1	1	1	1	1	1	1	1	1
LEU188B	6	3	14	8	1771	1771	3	3	10	5	1	1	1	1	1	1
TYR205B	8	4	26	13	15292	4128.7786869953	8	4	25	10	1	1	1	1	1	1
CYS275A	7	7	19	14	1770	890.943855893473	5	5	20	15	1	1	1	1	1	1
VAL274A	11	10	34	26	77881	76799.1373491281	9	8	42	23	1	1	1	1	1	1
GLY105D	7	7	18	10	2853	2853	6	6	19	7	730	730	2	2	3	0
TYR107D	6	2	17	3	917	156.688672641796	5	2	14	3	864	156.688672641796	2	2	2	2
LEU137D	8	7	27	13	1254	1069	7	6	36	14	3	2	2	2	5	4
VAL197D	9	8	28	21	23339	8531.00530180321	7	6	24	14	9738	6378.75990234048	5	5	6	4
GLN136B	7	4	24	8	109524	18386.4864722841	7	4	32	6	1	1	1	1	1	1
CYS176D	7	6	22	14	126918	82719.4488590072	7	6	29	18	91720	73721.1418958604	4	4	8	6
VAL141B	8	8	25	17	33862	29695.9925364275	5	5	23	13	32419	15707.2657097446	3	3	4	3
ARG273C	6	3	21	8	1342	1019.41860237916	4	3	9	6	1342	1019.41860237916	3	3	3	3
VAL274C	11	10	30	25	117940	116928.692827455	9	8	38	21	306	159.692827455203	3	3	6	5
LEU194B	6	6	23	18	3438	2702.54797102085	6	6	27	17	1482	746.547971020848	4	4	7	6
ARG249D	7	6	19	11	122054	67844.2420535411	7	6	21	12	1	1	1	1	1	1
ALA159D	6	6	22	15	3316	1589.6956003888	4	4	14	9	2176	1373.16884578968	4	4	7	5
PHE234D	6	4	23	9	5213	290.831154210321	5	3	18	5	2487	290.831154210321	4	3	7	4
GLY279B	7	7	21	20	2714	1809.31144530459	2	2	3	2	1	1	1	1	1	1
THR118B	5	4	11	8	3606	908.148957468084	4	3	5	3	1	1	1	1	1	1
GLY226B	5	5	12	4	1793	1793	4	4	12	3	1	1	1	1	1	1
VAL225B	4	3	11	4	1	1	3	2	8	0	1	1	1	1	1	1
SER94A	2	1	5	1	888	1	2	1	5	0	1	1	1	1	1	1
VAL172D	6	6	18	15	833	676	5	5	17	10	1	1	1	1	1	1
VAL173D	8	8	21	16	22227	21384.4875786188	6	6	21	13	1	1	1	1	1	1
MET246D	10	5	26	12	43901	21463.115734908	9	5	35	12	1	1	1	1	1	1
SER240D	4	3	19	11	2032	1062	4	3	20	9	1	1	1	1	1	1
ASN263C	4	3	6	3	2656	487.916207702863	4	3	8	3	1	1	1	1	1	1
GLY262C	4	4	6	4	886	886	3	3	7	5	1	1	1	1	1	1
ARG175B	6	5	17	11	55708	55200	6	5	24	10	33440	33440	4	4	9	6
ASP207D	6	4	14	9	1555	240.304548361742	5	4	12	8	1	1	1	1	1	1
ILE255C	9	5	32	15	2650	820.379887435739	6	3	22	5	1825	1	6	2	20	2
THR256C	8	7	27	19	5516	3695.40599091658	5	4	14	7	3252	3252	4	4	11	4
ARG174D	3	1	10	1	490	1	2	1	4	0	1	1	1	1	1	1
GLU326D	5	2	10	2	958	17.6500922426228	4	2	12	2	1	1	1	1	1	1
GLY334B	7	7	13	10	18310	17932.1893469443	7	7	18	11	1	1	1	1	1	1
PHE341B	4	3	9	5	32456	11858.3522530448	4	3	7	4	1	1	1	1	1	1
CYS275C	7	7	19	15	1069	617.500032308372	5	5	19	15	674	358.272350033455	3	3	4	4
ALA138A	4	4	15	9	454	278.380484005987	3	3	9	4	1	1	1	1	1	1
LEU265B	7	5	20	13	5464	5110.56041365494	5	4	17	8	1	1	1	1	1	1
ALA138B	4	4	13	8	107	63.7943780688627	3	3	9	5	1	1	1	1	1	1
LEU137B	6	5	24	12	3747	2270	5	4	28	9	1	1	1	1	1	1
HIS179D	7	6	21	11	57614	6109.38861077261	7	6	32	19	57515	6059.88861077261	6	5	7	6
ASN239A	6	2	24	6	1011	2	4	2	22	5	1	1	1	1	1	1
ARG335C	5	3	11	3	6146	1118.00819144759	5	3	16	4	1	1	1	1	1	1
ARG196B	7	4	24	8	22639	14975.4261106906	6	4	21	7	20679	14188.8031647517	2	2	2	2
MET237B	8	4	24	8	45476	7781.73840897551	7	4	26	9	22476	7738.53278704437	3	3	5	4
PRO151D	7	5	17	9	5410	3720	7	5	21	6	1429	1	3	1	6	0
PHE109B	6	3	23	9	14842	2565.18503701538	6	3	23	5	6942	2565.18503701538	3	3	6	2
ALA276D	5	3	14	7	93	1	3	1	12	0	1	1	1	1	1	1
CYS277D	5	3	13	3	887	2.16166677029997	3	2	7	1	1	1	1	1	1	1
ARG158C	8	5	23	7	23519	12051.7554166246	6	5	14	6	21960	11272.2554166246	5	3	16	4
GLY117A	4	4	3	3	2660	1702.3335495753	3	3	2	2	1	1	1	1	1	1
SER121A	2	2	3	3	888	215.605779668753	2	2	2	2	1	1	1	1	1	1
PHE134B	7	4	25	11	960	653.872525224553	5	3	19	8	1	1	1	1	1	1
ARG283C	4	4	11	8	178	143.452375709588	2	2	4	2	1	1	1	1	1	1
THR118C	6	4	17	10	2606	35.547624290412	5	3	11	7	1	1	1	1	1	1
HIS168B	4	4	9	8	2656	1578.45050973576	3	3	10	8	1	1	1	1	1	1
PRO223C	6	6	12	5	33395	33119.8927742997	4	4	7	3	1	1	1	1	1	1
TYR229C	6	1	17	1	36351	1	4	1	9	0	1	1	1	1	1	1
VAL157A	9	7	28	18	7504	3286.5	7	5	25	10	147	147	3	3	6	2
VAL218A	7	7	20	17	6152	3163.94259585524	5	5	18	14	1	1	1	1	1	1
PHE113A	8	3	24	7	17116	7796	8	3	31	7	11791	7796	4	2	5	1
VAL218C	8	8	22	16	8947	3856.53415420246	6	6	20	15	431	431	2	2	9	7
MET169B	5	3	13	5	4720	1752.05791335999	4	3	13	4	2501	1251	2	2	3	2
TYR146B	7	3	22	3	18976	10850	5	2	16	0	26874	12940.5163730735	3	3	6	2
PRO190C	6	4	15	10	1270	1270	2	2	6	3	1	1	1	1	1	1
SER99A	5	4	13	8	422	107.014776191343	3	2	7	3	1	1	1	1	1	1
ARG280B	5	3	13	5	10	10	2	2	3	1	1	1	1	1	1	1
ASP281B	5	4	15	6	889	164.67866191204	3	3	7	6	1	1	1	1	1	1
ASP228B	5	4	11	2	18894	2016.20056296096	4	3	9	3	1	1	2	2	3	0
SER227B	4	2	10	3	2516	1	4	2	10	2	1	1	1	1	1	1
GLY266C	8	8	20	17	2366	2366	5	5	15	9	411	411	3	3	7	4
ALA129B	6	5	13	9	92	46.5	4	3	8	3	1	1	1	1	1	1
ASP208C	4	4	6	4	1	1	1	1	1	1	1	1	1	1	1	1
PRO209C	3	3	4	3	1	1	1	1	1	1	1	1	1	1	1	1
SER116A	3	2	8	6	4416	2933.96554934763	2	2	4	4	4416	2933.96554934763	2	2	1	1
LYS101A	5	3	12	4	35656	14866.4732741122	4	3	9	4	1	1	1	1	1	1
HIS214A	5	4	11	6	3338	3154.03640122643	5	4	12	4	1	1	1	1	1	1
GLY105A	7	7	18	11	4357	4357	6	6	19	8	3470	3470	3	3	4	0
GLU198B	7	4	17	3	9077	3120.4043531466	6	4	11	4	4335	251.869616635752	3	2	2	1
SER94D	2	2	6	3	888	469.965263489155	2	2	5	3	1	1	1	1	1	1
ASP208D	4	4	9	6	1	1	1	1	1	1	1	1	1	1	1	1
VAL135C	9	7	29	17	22374	15710.4630402435	8	6	35	14	20996	15268.5558906849	5	4	13	7
VAL141C	8	8	23	18	59687	48487.4228585745	5	5	19	13	59687	48487.4228585745	6	6	10	6
ARG110C	6	4	13	9	13482	10246.933241133	6	4	15	8	7134	7134	2	2	1	0
TYR146C	5	3	16	3	13218	1	4	2	10	0	7134	1	2	1	1	0
SER240A	4	3	19	11	2092	1053	4	3	20	9	1	1	1	1	1	1
GLY262B	5	5	8	7	887	887	3	3	7	3	1	1	1	1	1	1
ASP148C	4	3	11	8	862	288.074476311494	3	3	11	8	1	1	1	1	1	1
LYS139C	5	2	16	3	1024	1	4	2	15	3	721	1	3	1	9	0
PRO152A	5	4	13	9	3441	2115.55526276432	4	4	17	11	1949	1799.03009669349	3	3	3	1
TYR146A	5	2	15	4	1870	1	4	1	11	0	1	1	1	1	1	1
VAL216A	8	8	22	18	13407	12753.4148092222	7	7	26	18	12613	12047	4	4	4	2
SER127C	5	4	18	8	7612	2854.10119464328	5	4	20	9	1	1	1	1	1	1
VAL225C	5	5	13	9	494	217.351813619819	3	3	9	5	1	1	1	1	1	1
LEU137C	6	5	23	12	4670	2254	5	4	26	12	1	1	1	1	1	1
SER95B	2	2	5	5	888	561.979757531408	2	2	2	2	1	1	1	1	1	1
ASN345C	4	3	10	2	3580	877	3	2	8	1	1	1	1	1	1	1
GLU349C	5	2	11	2	124	1	3	1	8	0	1	1	1	1	1	1
ARG175D	7	6	21	15	74394	65358	7	6	31	17	28456	28456	2	2	5	4
GLU258A	5	3	18	7	10146	1468.05985451069	5	3	18	6	5368	987.730679213815	2	2	3	2
GLY262A	5	5	8	6	4369	3888.67082470313	3	3	7	4	1	1	1	1	1	1
GLY279D	6	6	17	14	1	1	1	1	1	1	1	1	1	1	1	1
ARG283D	3	3	8	6	1	1	1	1	1	1	1	1	1	1	1	1
GLY325D	4	4	6	5	876	638.279586894269	3	3	5	4	1	1	1	1	1	1
TYR327D	3	2	7	3	906	401.767462611983	3	2	7	3	1	1	1	1	1	1
SER96C	4	2	8	4	1	1	2	1	8	0	888	1	2	1	1	0
LEU264A	7	7	18	15	2139	1563.56486024317	5	5	14	8	1	1	1	1	1	1
THR256A	7	6	26	20	7489	6223.41841738584	5	4	17	11	1	1	1	1	1	1
THR155A	8	7	19	14	11530	7791.17285852841	8	7	27	15	8095	6435.69802459924	5	5	7	2
GLU198C	6	4	18	7	7227	3013.17883581385	5	4	13	6	888	888	2	2	1	0
THR170A	7	6	19	11	7692	3882.38181610579	5	4	21	8	1	1	1	1	1	1
SER149A	4	2	12	2	757	1	3	2	10	1	1	1	1	1	1	1
ARG110B	6	5	15	12	15678	13999.8316475665	6	5	22	13	1	1	1	1	1	1
ALA353B	6	5	9	7	25178	22559	5	4	9	3	1	1	1	1	1	1
LEU350B	5	4	14	9	29051	16090	3	2	9	4	1	1	1	1	1	1
THR155C	9	8	23	15	5042	3119.08919449041	9	8	33	17	146	108.483499894168	4	4	10	3
ASP186A	4	2	9	6	2656	885	3	2	8	6	1	1	1	1	1	1
ASP228A	3	1	6	1	888	1	3	1	6	0	1	1	2	1	2	0
ALA189B	6	6	15	9	1769	1709.2213130047	3	3	12	6	1	1	1	1	1	1
ASP186B	5	3	11	6	1	1	2	1	5	0	1	1	1	1	1	1
ALA347B	5	4	11	7	1	1	1	1	1	1	1	1	1	1	1	1
GLU346B	5	3	13	5	36	18.5	2	2	3	2	1	1	1	1	1	1
LEU111D	8	6	23	14	5273	4403.87235438227	7	6	27	13	2628	2628	2	2	4	2
ASN131D	4	3	13	4	926	379	4	3	13	2	1	1	1	1	1	1
GLN331D	6	3	11	4	998	554.5	4	3	7	3	1	1	3	1	5	0
TYR327B	4	3	8	3	4474	2482.47906354695	4	3	6	2	1	1	1	1	1	1
LEU330D	5	5	12	9	38052	38052	3	3	5	3	25973	23033.0134211838	4	4	5	1
CYS277C	6	4	14	3	5356	652.495144847889	4	3	8	2	1	1	1	1	1	1
LEU137A	8	7	26	12	1348	1163.5	7	6	35	13	1	1	1	1	1	1
HIS193C	6	5	14	9	6560	6059.11545235913	5	5	14	10	1	1	1	1	1	1
HIS214C	5	5	9	8	1788	974.416277676348	5	5	8	6	1	1	1	1	1	1
GLN104A	3	2	10	5	1823	530.598391011524	2	2	5	4	1	1	1	1	1	1
GLY108A	7	6	17	6	4553	3477.28786842925	6	5	16	7	1	1	1	1	1	1
ARG273D	7	3	25	8	1635	833.314595601595	5	3	13	6	1	1	1	1	1	1
ARG202B	3	2	5	2	887	218.28211453014	2	2	1	1	1	1	1	1	1	1
PRO219B	3	3	7	7	887	669.71788546986	2	2	1	1	1	1	1	1	1	1
ASP324C	4	3	5	3	4327	4327	3	3	3	1	1	1	1	1	1	1
GLY325C	4	4	5	4	1131	1131	3	3	4	1	1	1	1	1	1	1
PHE270A	8	3	23	11	21850	2081.4553964983	7	3	26	7	10820	153.5	4	2	7	2
TYR146D	5	2	14	4	2493	1	4	1	11	0	1	1	1	1	1	1
VAL197B	9	8	32	20	27462	16330.7620566698	7	6	26	13	3448	3448	2	2	2	1
PRO191C	4	3	12	5	1	1	2	1	6	0	1	1	1	1	1	1
ASN131C	4	3	13	4	4560	2401	4	3	13	2	2401	2401	3	3	6	2
SER269C	4	2	10	3	3046	1	3	1	5	0	1874	1	3	2	4	1
ALA161A	5	5	14	10	4736	1416.65919933228	3	3	8	7	1	1	1	1	1	1
VAL173A	8	8	21	16	29945	28905.4250293377	6	6	21	13	1	1	1	1	1	1
ARG181B	4	4	7	7	3	3	2	2	3	2	1	1	1	1	1	1
GLU180B	2	1	3	1	1	1	1	1	1	1	1	1	1	1	1	1
CYS238B	10	6	31	12	128260	52540.6259567648	9	5	44	15	1251	1	3	2	9	3
ILE232A	5	3	15	8	495	26.5	3	2	7	4	1592	644.327238961887	2	2	3	1
PHE134D	6	4	22	10	507	62	4	3	13	7	1	1	1	1	1	1
VAL216C	8	8	18	14	16012	15615.220640463	6	6	20	13	14183	4609.78303403349	4	4	7	5
VAL197C	8	7	28	22	15038	9643.77935953696	6	5	23	13	12195	7765.77935953696	4	3	5	3
PRO142D	4	3	14	10	1	1	1	1	1	1	298	1	2	1	3	0
LEU257A	6	5	22	10	11952	2630.80197540076	6	5	25	13	10809	1750.30197540076	4	3	10	4
THR150A	2	1	6	1	888	1	2	1	6	0	1	1	1	1	1	1
ALA353D	4	4	6	5	4424	4424	3	3	4	2	1	1	1	1	1	1
GLN354D	3	1	3	1	1	1	1	1	1	1	1	1	1	1	1	1
ARG280C	6	3	13	5	1367	1158.50485515211	2	2	3	2	1	1	1	1	1	1
ASP184C	5	4	13	8	1773	572.65001961899	4	3	17	10	1	1	1	1	1	1
ARG333B	6	4	13	5	2818	540.679028195321	6	4	15	4	1	1	1	1	1	1
ASP268C	4	3	13	8	888	625.329899377905	3	3	10	8	888	625.329899377905	3	2	5	3
LEU111C	8	6	24	13	3743	2914.6701006221	6	6	19	12	3335	2710.6701006221	4	4	11	3
VAL272B	8	8	27	23	1323	887.585454781874	4	4	15	10	12297	6840.12969622913	5	5	6	4
GLN136D	7	4	24	6	23028	1911.19959805934	7	4	29	3	2653	1327	2	2	3	2
PRO278D	8	6	19	14	13821	9332	7	5	25	9	1	1	1	1	1	1
ARG337D	4	3	10	4	8656	3038.46922008999	4	3	7	2	5573	3038.46922008999	3	3	2	2
ASP352B	5	3	10	5	10092	1911.29718351066	4	2	9	2	4640	1911.29718351066	2	2	2	2
ILE332C	5	5	13	8	1733	1732.30695560614	3	3	9	6	1	1	1	1	1	1
LEU330C	7	5	13	8	1841	1832.41276946591	4	3	12	5	1	1	1	1	1	1
HIS178D	5	3	14	5	97344	8711.96373717331	4	3	11	5	48675	1	2	1	3	0
MET243C	4	3	11	6	448	205.870129891349	3	3	9	7	1	1	1	1	1	1
ALA119D	2	2	2	2	1	1	1	1	1	1	1	1	1	1	1	1
THR118D	3	3	3	3	1773	741.998895455473	2	2	2	2	1	1	1	1	1	1
ARG249C	7	6	17	10	28602	17376.6823044146	7	6	19	11	1	1	1	1	1	1
TYR163C	4	3	17	9	17332	799.569823689305	4	3	19	9	1	1	1	1	1	1
LEU265C	7	4	23	12	7893	7866.5	5	4	20	11	1	1	1	1	1	1
ARG174B	4	3	13	6	670	211.622595589269	2	2	5	4	1	1	1	1	1	1
VAL172B	4	4	10	8	883	883	2	2	1	0	1	1	1	1	1	1
PRO191D	4	3	14	6	29610	1	2	1	6	0	1	1	1	1	1	1
ARG290A	3	3	2	2	4	4	2	2	1	0	5	4.05375073649482	2	2	2	2
GLU287A	3	3	2	2	1	1	1	1	1	1	8	4.94624926350518	3	3	2	1
LEU289B	3	3	7	5	998	359.069491778282	3	3	6	4	1	1	1	1	1	1
GLN167B	3	2	3	1	1	1	1	1	1	1	1	1	1	1	1	1
ARG273B	6	3	22	7	960	741.911983720279	4	3	9	6	947	1	2	1	4	0
ARG290C	5	5	8	4	74951	52328.9960610766	3	3	4	2	74951	52328.9960610766	3	3	3	2
ARG342C	4	3	10	5	58590	15087.9086083151	3	2	5	2	36690	15087.9086083151	2	2	2	2
LYS235B	2	2	6	3	888	637.130383364248	2	2	5	3	888	637.130383364248	2	2	2	1
HIS193D	7	5	17	9	2930	2872.13077482655	5	5	17	10	1	1	1	1	1	1
GLY112D	5	5	15	11	10615	9405.03855513463	4	4	13	5	1	1	1	1	1	1
ALA159B	6	6	22	15	3450	1530.64050419622	4	4	13	7	1	1	1	1	1	1
ILE255B	9	5	32	15	7204	1343.85949580378	6	3	21	4	5377	1	5	1	13	0
SER94C	2	2	5	4	888	366.937505188641	2	2	3	2	888	366.937505188641	2	2	1	1
THR170C	6	5	12	8	2128	1142.06249481136	4	3	11	3	888	522.062494811358	2	2	1	1
VAL272C	7	7	24	18	215	89.1233166507243	3	3	7	5	1	1	1	1	1	1
ALA159C	6	6	22	15	3198	1722.04151909967	4	4	14	9	1937	1297.42140653541	2	2	2	2
THR230D	6	6	12	9	888	869.974899588663	4	4	6	4	1	1	1	1	1	1
CYS124C	6	5	20	17	996	418.668047230904	5	4	19	12	383	247.575196789522	2	2	5	5
LEU194C	5	5	21	15	2498	2075.46635513369	5	5	24	16	1	1	1	1	1	1
CYS277A	5	3	13	3	887	2.1621916794089	3	2	7	1	1	1	1	1	1	1
VAL274B	11	10	31	26	117249	116144.01528327	9	8	40	21	10062	5031.5	2	2	4	4
LEU206A	5	3	16	7	816	11	4	2	12	4	1	1	1	1	1	1
ASP268B	3	3	9	8	932	660.047735074036	3	3	9	8	1	1	1	1	1	1
ARG342D	4	3	5	3	1	1	1	1	1	1	6180	1079.08216715885	3	2	2	1
ILE332D	4	4	9	7	1778	1778	2	2	3	1	4419	2940.98657881619	2	2	3	3
PHE341D	4	2	6	3	2752	931	4	2	5	1	931	931	2	2	2	1
ASN200D	5	1	11	1	3389	1	3	1	8	0	2511	1	2	1	4	0
GLY199D	3	3	5	2	1024	1024	3	3	4	1	1	1	1	1	1	1
THR140C	6	5	17	11	13888	13118.0475930464	4	4	8	4	1	1	1	1	1	1
MET243B	3	2	11	5	570	570	2	2	5	3	570	570	2	2	1	0
GLU198A	4	2	11	3	1204	428.902411653455	3	2	4	2	1	1	1	1	1	1
GLY199A	3	3	5	2	1134	1134	3	3	4	1	1	1	1	1	1	1
PRO177A	5	4	12	9	94030	68716.0758871457	4	3	10	8	1	1	1	1	1	1
PHE236C	5	3	22	10	50936	1197.74798990426	5	3	17	5	24408	1	2	1	5	0
GLU271D	5	3	9	2	10469	1750.95960078259	4	3	6	3	1	1	1	1	1	1
VAL216B	7	7	21	17	5614	4273.90759706978	5	5	20	14	1	1	1	1	1	1
ALA347D	4	4	2	2	1	1	1	1	1	1	1	1	1	1	1	1
GLU343D	2	1	3	1	1	1	1	1	1	1	1	1	1	1	1	1
PRO177D	6	6	16	13	30054	21797.9662966704	5	5	14	11	28351	20880.0832682331	3	3	5	5
ILE162A	5	1	18	1	16114	1	4	1	18	0	1	1	1	1	1	1
ASP324D	4	4	10	8	4392	1512.53106616144	4	4	11	9	1	1	1	1	1	1
GLN136C	7	4	24	6	136040	42805.1629712614	7	4	30	4	109208	42805.1629712614	5	3	8	2
LEU348A	6	5	14	5	3933	2395.23484193018	3	3	8	5	1	1	1	1	1	1
VAL97B	6	5	10	7	2704	1960.94208664001	4	3	12	3	888	618.814002090894	2	2	1	1
GLN144D	6	5	13	5	5853	1640.71949253827	4	4	11	6	888	430.758047672901	2	2	1	1
ILE162B	6	2	21	5	19096	4012	5	2	17	2	1	1	1	1	1	1
VAL173B	7	7	17	14	21533	20742.1507677702	5	5	14	10	504	252.5	2	2	3	3
ASN200C	5	2	18	7	17462	3557.66349492505	4	2	15	5	1	1	1	1	1	1
ASN247C	2	1	5	1	1	1	1	1	1	1	1	1	1	1	1	1
GLU343C	5	3	16	7	2660	343.524595275141	4	3	15	7	2660	343.524595275141	4	3	6	2
HIS115C	3	2	6	2	888	711.359503495709	2	2	3	2	888	711.359503495709	3	2	4	2
PRO142C	5	4	16	12	686	343.5	2	2	2	2	1	1	1	1	1	1
GLU326B	2	1	2	1	3	1	2	1	1	0	1	1	1	1	1	1
GLY325B	3	3	1	1	3	3	2	2	1	0	1	1	1	1	1	1
SER106B	2	2	5	5	888	246.526286561209	2	2	5	5	1	1	1	1	1	1
SER106A	2	1	6	1	888	1	2	1	5	0	1	1	1	1	1	1
ALA203C	5	5	11	9	887	303.802350872491	3	3	8	6	1	1	1	1	1	1
ALA203D	6	6	17	14	878	569.806466954108	4	4	14	10	776	535.240097659523	2	2	4	4
ARG282B	9	7	25	12	17198	17025.7714623472	7	6	24	14	1	1	1	1	1	1
TYR126B	6	2	18	3	28906	7523	5	2	19	2	1	1	1	1	1	1
THR140D	5	4	12	8	5501	5200.18403148278	3	3	3	1	715	414.184031482784	2	2	2	1
ARG344D	2	2	3	3	1	1	1	1	1	1	1	1	1	1	1	1
GLY154B	4	4	8	7	2652	2652	3	3	7	5	1	1	1	1	1	1
SER166A	3	2	8	3	47	1	2	1	3	0	1	1	1	1	1	1
GLU285A	6	4	17	6	3203	736.906774368548	5	4	13	6	1	1	1	1	1	1
ILE162C	6	2	19	3	17244	481	5	2	20	3	1	1	1	1	1	1
VAL173C	8	8	21	16	23588	23572	6	6	22	13	1	1	1	1	1	1
THR329D	4	3	9	3	97	97	3	2	5	0	1	1	1	1	1	1
GLY226A	3	3	3	3	1773	1773	2	2	3	2	1	1	1	1	1	1
VAL225A	2	2	2	2	1	1	1	1	1	1	1	1	1	1	1	1
TYR229A	5	1	11	1	3408	1	3	1	6	0	2656	1	2	1	2	0
PRO98C	5	5	14	7	12278	9827	4	4	16	8	1	1	1	1	1	1
LYS132C	4	3	11	2	9098	6379.20226655573	3	3	6	3	5346	3776.63072587661	2	2	1	1
ALA203B	6	5	15	9	887	293.289533026611	4	3	9	6	1	1	1	1	1	1
SER95D	5	3	18	8	888	158	5	3	21	6	1	1	1	1	1	1
ARG333D	4	3	8	2	5999	4578.42257476516	3	3	5	3	3408	2696.90163831211	2	2	1	1
GLU349B	4	2	9	2	7589	712.098361687891	3	2	6	2	3408	712.098361687891	2	2	1	1
PRO222B	4	3	6	2	1	1	1	1	1	1	1530	1530	3	3	2	0
PRO223B	4	4	9	6	19698	19698	3	3	6	2	10263	10263	2	2	3	0
GLN192C	4	3	9	5	52	1	2	1	4	0	1	1	1	1	1	1
GLU287B	2	2	3	3	1	1	1	1	1	1	1	1	1	1	1	1
PHE234A	7	4	30	9	5567	357.864254014562	6	3	23	5	6055	948.672761038113	4	2	6	1
VAL143A	7	7	22	15	2183	1974	5	5	24	11	1708	1555.5	3	3	6	2
LYS139B	5	3	16	7	888	207.557904179511	4	3	13	7	1	1	1	1	1	1
ASN210C	4	1	6	1	1	1	1	1	1	1	1	1	1	1	1	1
CYS238C	10	6	30	14	132522	45995.962690958	9	5	44	17	1	1	1	1	1	1
MET246A	10	5	26	12	32751	15883.5440184774	9	5	35	12	1	1	1	1	1	1
PRO98B	5	5	16	10	11397	9005.5	4	4	16	9	1	1	1	1	1	1
ASN210B	5	1	9	1	1	1	1	1	1	1	1	1	2	1	4	0
ASP207B	4	4	11	10	1766	201.115682936035	3	3	10	9	1	1	1	1	1	1
LEU206B	5	4	14	9	136	79	4	3	11	4	1	1	1	1	1	1
ASP281C	5	4	15	7	1235	248.388537857265	3	3	7	6	974	112.616220132182	2	2	2	2
SER106C	2	1	6	1	888	1	2	1	5	0	1	1	1	1	1	1
SER95A	5	3	19	8	888	167	5	3	22	6	1	1	1	1	1	1
ALA276A	5	3	14	7	91	1	3	1	12	0	1	1	1	1	1	1
GLN192B	4	3	11	4	1346	1	2	1	5	0	1	1	1	1	1	1
SER260B	4	2	8	2	885	1	2	1	2	0	1	1	1	1	1	1
SER261B	5	2	8	2	1	1	2	2	3	2	1	1	1	1	1	1
ASN131A	4	3	13	4	924	267	4	3	13	2	1	1	1	1	1	1
PHE109A	5	2	20	5	3552	1752	5	2	19	2	1752	1752	3	2	6	0
ILE254C	7	5	24	10	2507	2507	3	3	5	2	4184	1335	3	2	7	2
ARG342A	4	4	5	3	1	1	1	1	1	1	1	1	1	1	1	1
GLU339A	3	3	5	3	1	1	1	1	1	1	1	1	1	1	1	1
ILE232B	6	4	19	13	12834	3048.33034626037	4	3	14	10	1	1	1	1	1	1
SER166D	3	2	8	3	26642	1	2	1	2	0	1	1	1	1	1	1
LEU145A	5	5	17	15	1145	794.5	4	4	14	10	1	1	1	1	1	1
LYS291A	2	1	2	1	1	1	1	1	1	1	4	1	2	1	2	0
TYR233D	3	2	7	3	4787	1	2	1	2	0	3958	379.231965174704	2	2	2	2
GLU258C	5	3	23	9	17237	2334.3694058909	4	2	17	4	10602	2334.3694058909	2	2	4	2
GLY108B	8	7	20	14	5247	2993.81823615585	7	6	27	14	1	1	1	1	1	1
TYR107B	6	2	16	3	2171	145.211518260233	5	2	21	3	1	1	1	1	1	1
ASN239C	4	1	19	1	442	1	3	1	16	0	1	1	1	1	1	1
CYS242C	6	5	13	9	2215	1255.01422309965	4	4	19	13	1	1	1	1	1	1
MET133D	5	4	20	11	18906	14807.068806076	5	4	20	8	4584	4584	2	2	3	1
LYS120D	2	1	5	1	1	1	1	1	1	1	1	1	1	1	1	1
HIS168C	3	3	8	6	2654	1265.71431594121	2	2	6	5	1	1	1	1	1	1
ASN239B	4	1	18	1	1596	1	3	1	15	0	486	1	2	1	5	0
THR125D	7	7	21	17	9963	6843.66920605198	5	5	15	11	4416	1502.91426240688	2	2	1	1
ASN263D	4	3	7	4	2284	272.029029576494	4	3	5	1	1	1	1	1	1	1
PRO250C	3	3	7	6	2656	2373.37057464078	3	3	7	6	1	1	1	1	1	1
ARG283B	4	3	11	5	5	2.53959722732531	3	3	5	3	1	1	1	1	1	1
THR102B	3	3	7	4	726	726	2	2	4	2	1	1	1	1	1	1
TYR103B	5	1	10	1	3310	1	4	1	10	0	1	1	1	1	1	1
PRO223D	6	6	12	6	1688	1648.02510041134	4	4	7	3	1	1	1	1	1	1
ILE251D	3	3	11	8	888	444.5	3	3	13	9	1	1	1	1	1	1
ALA276B	5	3	16	7	1069	1	3	1	13	0	1	1	1	1	1	1
ASP259C	5	4	10	3	6188	2168.08379229714	5	4	11	4	1	1	1	1	1	1
CYS124B	7	4	21	13	3029	6.0732487099427	6	3	22	8	1	1	1	1	1	1
MET133B	6	5	21	11	15278	8560.5996970077	6	5	19	8	142	142	3	2	6	0
GLY245A	7	7	22	16	116620	67620.5716511409	5	5	20	16	1	1	1	1	1	1
ASN247A	2	1	6	1	1	1	1	1	1	1	1	1	1	1	1	1
HIS115B	3	2	6	3	582	582	2	2	3	2	1	1	1	1	1	1
SER116B	4	3	8	5	1113	1113	2	2	5	2	1	1	1	1	1	1
ARG280A	6	3	10	4	7	5.8378083205911	2	2	2	1	1	1	1	1	1	1
THR284A	3	3	9	6	1	1	1	1	1	1	1	1	1	1	1	1
GLN100B	5	3	14	5	5711	2312.16033648854	4	3	9	5	5711	2312.16033648854	4	3	5	2
LEU264B	5	5	14	12	5	5	2	2	3	0	1	1	1	1	1	1
MET237D	8	4	24	9	14138	2336.36060682975	7	4	29	11	1	1	1	1	1	1
PRO152B	5	4	13	10	1933	934.440009768314	4	4	18	12	1	1	1	1	1	1
ILE254B	8	5	26	10	4854	843	4	3	9	2	5885	843	4	3	7	2
THR230C	5	5	11	7	820	635.10722570029	3	3	4	3	1	1	1	1	1	1
CYS275B	7	6	20	16	850	542.394071097527	5	5	20	16	1	1	1	1	1	1
SER185A	3	1	9	1	888	1	2	1	7	0	1	1	1	1	1	1
ALA119C	4	3	8	5	885	885	2	2	4	2	1	1	1	1	1	1
LYS120C	3	2	7	3	887	444	2	2	3	2	1	1	1	1	1	1
GLN354B	3	1	5	1	1	1	1	1	1	1	1	1	1	1	1	1
PHE328D	5	3	8	1	1773	55.1511369328422	4	3	8	2	1	1	1	1	1	1
ALA347C	5	5	13	10	2484	2484	2	2	6	4	2484	2484	2	2	3	1
GLU346C	4	2	9	4	77274	7536.09533060828	3	2	4	2	77274	7536.09533060828	3	2	3	2
CYS124A	6	4	20	15	727	1	5	3	19	8	4	1	2	1	3	0
ASP352A	6	5	13	9	4549	852.302090205107	3	3	8	5	1	1	1	1	1	1
GLU349A	3	2	9	3	863	432	2	2	5	3	1	1	1	1	1	1
ASP324A	5	4	11	8	888	432.5	5	4	16	10	1	1	1	1	1	1
GLY266D	8	8	23	18	10706	10706	5	5	18	8	2212	2212	2	2	3	0
LEU206C	4	3	12	6	855	15	3	2	9	4	1	1	1	1	1	1
GLY226D	3	3	3	3	1773	1773	2	2	3	2	1	1	1	1	1	1
VAL225D	2	2	2	2	1	1	1	1	1	1	1	1	1	1	1	1
TYR233C	5	2	15	6	28877	1940.82569720329	4	2	11	4	1	1	1	1	1	1
ARG290D	2	2	2	2	1	1	1	1	1	1	3	2.52732707917511	2	2	2	2
GLU287D	3	3	1	1	1	1	1	1	1	1	5	3.47267292082489	3	3	2	1
ARG181C	3	3	6	6	2522	1319.56065799027	3	3	6	6	819	534.443686427641	2	2	1	1
ASP268A	4	4	12	8	890	647.695902000865	3	3	10	8	5	2.14069649228049	2	2	1	1
GLY262D	5	5	8	6	4595	4087.95544260188	3	3	7	4	1	1	1	1	1	1
GLU271A	5	3	9	2	10600	1876.44036342361	4	3	6	3	1	1	1	1	1	1
LEU348B	5	4	9	5	934	625.233596399353	2	2	3	2	934	625.233596399353	2	2	2	2
LYS351B	3	3	6	5	1	1	1	1	1	1	1	1	1	1	1	1
GLU221B	3	1	5	1	1347	1	2	1	2	0	1422	1	2	1	2	0
ILE254A	7	5	23	10	2649	2649	3	3	5	2	1	1	1	1	1	1
LYS164D	2	2	4	2	888	630.428415373082	2	2	3	2	1	1	1	1	1	1
SER166B	2	2	2	1	1	1	1	1	1	1	1	1	1	1	1	1
TYR163D	4	3	17	9	24560	1722.939722884	4	3	19	9	1	1	1	1	1	1
ASN345A	5	4	13	7	888	10.2802749279459	5	4	12	5	1	1	1	1	1	1
ARG282D	8	6	21	13	9091	8549.2450563549	6	5	19	12	1	1	1	1	1	1
SER127B	6	5	16	10	25850	5655.80935166682	6	5	18	9	1	1	1	1	1	1
VAL122D	2	2	5	4	1	1	1	1	1	1	1	1	1	1	1	1
ASN131B	4	3	11	2	15188	7666	4	3	11	1	7612	7612	2	2	2	0
VAL143B	6	5	18	10	3343	3343	3	3	7	2	3048	3048	2	2	3	2
ASN263A	4	3	7	4	2256	290.193312681948	4	3	5	1	1	1	1	1	1	1
THR123A	6	5	12	6	2656	1330	4	3	17	5	2656	1330	4	3	3	1
LYS132A	4	3	12	4	7681	5324.2920278147	3	3	7	5	1	1	1	1	1	1
SER96B	2	2	5	4	1	1	1	1	1	1	888	270.185997909106	2	2	1	1
PRO153C	3	2	6	4	1	1	1	1	1	1	1	1	1	1	1	1
ASN239D	6	2	23	6	779	2	4	2	22	5	1	1	1	1	1	1
SER95C	2	2	3	2	1	1	1	1	1	1	888	888	2	2	1	0
PHE234B	6	3	24	6	6674	220.5	5	2	16	2	1	1	1	1	1	1
ARG335D	3	2	5	1	2644	372.094438157128	3	2	4	1	1	1	1	1	1	1
PHE328B	3	2	4	1	882	510.905561842872	2	2	2	1	1	1	1	1	1	1
ALA203A	7	7	20	18	878	571.83606157793	5	5	20	16	1	1	1	1	1	1
VAL197A	9	8	29	22	23214	8848.30653334461	7	6	27	16	14018	3254	4	3	6	1
SER116D	3	2	8	6	4416	2914.08573759312	2	2	4	4	4416	2914.08573759312	2	2	1	1
ARG344B	4	4	8	6	1	1	1	1	1	1	1	1	1	1	1	1
ARG156D	5	2	16	1	6310	135.749942770925	4	2	15	1	2730	1	2	1	4	0
GLU204D	5	2	14	1	888	114.250057229075	5	2	15	1	639	1	2	1	3	0
GLN144C	7	4	17	3	35915	19424	4	3	7	2	1	1	1	1	1	1
LEU145C	6	6	23	19	5036	2692.31175582357	4	4	15	13	3749	1875	2	2	9	7
PHE134C	6	4	24	11	440	284	4	3	16	7	1	1	1	1	1	1
ASP208A	4	4	9	6	1	1	1	1	1	1	1	1	1	1	1	1
PRO209A	4	4	8	6	441	441	2	2	4	3	1	1	1	1	1	1
LEU114C	3	3	8	5	888	444.5	3	3	4	3	1	1	1	1	1	1
ASP207C	4	3	9	7	919	123.468269964527	3	3	8	8	1	1	1	1	1	1
PRO152D	5	4	13	9	3481	1358.83120108391	4	4	17	11	1004	848.311327358204	3	3	3	1
THR329B	4	3	9	3	908	444.5	3	2	6	2	1	1	1	1	1	1
ALA161C	6	5	16	7	2535	265.732196508369	4	3	11	5	1	1	1	1	1	1
ILE195C	4	3	14	6	1544	321.767803491631	4	3	12	4	1	1	1	1	1	1
TYR233A	3	2	7	3	4685	1	2	1	2	0	1	1	1	1	1	1
GLU286A	4	3	12	6	8	4.88462379265873	3	2	8	3	1	1	1	1	1	1
MET243D	2	1	4	1	1	1	1	1	1	1	1	1	1	1	1	1
CYS242B	7	5	16	8	1061	531	5	4	23	12	1059	530	2	2	4	3
ILE255A	9	5	32	15	5316	1270.02883369978	6	3	24	5	3404	1	4	1	6	0
ARG337A	5	4	11	4	2764	1761.30825218638	5	4	12	3	1	1	1	1	1	1
LEU348C	3	3	8	5	4450	3220.31593277752	3	3	9	5	1	1	1	1	1	1
PHE113B	5	2	14	2	11227	10913	4	2	12	1	10909	1	3	1	4	0
ALA119B	5	3	7	4	889	889	3	2	5	2	1	1	1	1	1	1
PRO128B	7	6	18	12	36422	18280.767153606	6	5	20	12	1	1	1	1	1	1
LEU194D	6	6	24	18	2660	1859.38426509196	6	6	29	18	1	1	1	1	1	1
TYR220B	4	2	15	6	830	1	3	2	15	5	109	1	2	1	2	0
GLN136A	7	4	24	6	21642	1994.67905238699	7	4	29	3	2653	1327	2	2	3	2
SER241A	3	3	11	6	1	1	1	1	1	1	1	1	1	1	1	1
LEU257D	6	5	22	10	8422	1533.64327221094	6	5	25	13	3768	1295.14327221094	3	3	7	4
VAL157D	9	7	29	19	7130	2838	7	5	25	10	1	1	1	1	1	1
TYR229B	5	1	13	1	21112	1	4	1	8	0	21112	1	4	1	4	0
LEU265D	6	3	19	6	4293	3508	5	3	16	3	2997	1	4	1	4	0
GLY108D	7	6	17	6	4561	3880.91668926134	6	5	16	7	1	1	1	1	1	1
GLU198D	4	2	11	3	860	301.815968517216	3	2	4	2	1517	301.815968517216	3	2	5	1
PRO98D	6	6	17	11	8515	7552	4	4	16	9	1	1	1	1	1	1
SER182D	2	2	1	1	1	1	1	1	1	1	1	1	1	1	1	1
SER183D	2	1	1	1	1	1	1	1	1	1	1	1	1	1	1	1
PRO250A	4	4	7	6	3622	3459.2924162176	4	4	9	6	1	1	1	1	1	1
GLU286B	4	3	13	8	1	1	2	2	5	4	1	1	1	1	1	1
ASN200A	5	1	11	1	3467	1	3	1	8	0	1	1	1	1	1	1
ASN288C	2	2	3	3	1	1	1	1	1	1	1	1	1	1	1	1
THR284C	4	4	8	4	1	1	1	1	1	1	1	1	1	1	1	1
PHE236A	6	2	26	6	50118	3499.10636840564	6	2	25	3	1	1	1	1	1	1
GLN165A	3	2	6	3	888	163.707583782404	3	2	5	3	1	1	1	1	1	1
THR125B	6	6	22	18	957	899.228537652787	4	4	17	12	1	1	1	1	1	1
ASP228C	3	2	8	2	31770	1592.59660888907	3	2	6	2	1	1	1	1	1	1
ASN210A	4	1	9	1	1	1	1	1	1	1	1	1	1	1	1	1
SER261C	5	1	6	1	886	1	3	1	7	0	1	1	1	1	1	1
GLU285C	5	2	13	2	6096	1150.42845932089	4	2	9	2	1	1	1	1	1	1
GLN331C	5	2	10	2	43	43	3	2	7	1	1	1	1	1	1	1
GLU336C	3	3	9	8	862	413.980809958562	2	2	6	6	1	1	1	1	1	1
ARG335B	3	2	7	2	888	7.19877082453501	3	2	9	2	1	1	1	1	1	1
HIS178A	4	2	13	5	14474	1510.74497317051	3	2	10	4	7235	1510.74497317051	2	2	2	2
VAL172C	5	5	16	12	109	109	3	3	10	6	1	1	1	1	1	1
PRO250D	4	4	7	6	3620	3458.40044903747	4	4	9	6	1	1	1	1	1	1
GLU343A	4	2	4	2	1	1	1	1	1	1	1	1	1	1	1	1
MET160A	6	3	18	10	8043	8043	4	3	16	9	1	1	1	1	1	1
GLU336B	4	2	7	1	4424	888	3	2	7	0	1	1	1	1	1	1
LYS321D	2	1	3	1	888	1	2	1	2	0	1	1	1	1	1	1
PHE341A	6	3	15	5	15026	2919	6	3	12	2	1	1	1	1	1	1
VAL218D	7	7	20	17	5881	3008.93363070542	5	5	17	13	5678	2839.5	3	3	7	5
GLY154C	5	5	13	11	2654	2654	4	4	14	9	1	1	2	2	3	0
ALA129C	5	5	13	11	40476	39744.5	3	3	5	4	39013	39013	2	2	2	1
GLN331B	4	1	8	1	97	1	3	1	5	0	1	1	1	1	1	1
ILE332B	4	4	8	5	8202	6305.05720415113	2	2	3	2	6608	4363.62103583421	2	2	1	1
SER185D	3	1	9	1	888	1	2	1	7	0	1	1	1	1	1	1
LEU289C	4	4	9	7	11106	6859.10563985874	4	4	7	7	1	1	1	1	1	1
LYS321C	3	2	4	3	5122	1255.89436014126	2	2	3	3	1	1	1	1	1	1
PRO153A	3	2	5	4	1	1	1	1	1	1	1	1	1	1	1	1
ALA159A	6	6	24	16	4148	1956.10691228566	4	4	16	10	1133	567	2	2	3	3
GLN340A	2	2	2	1	1	1	1	1	1	1	1	1	1	1	1	1
GLU336A	3	1	5	1	1773	1	2	1	5	0	1	1	1	1	1	1
LEU145B	6	6	20	14	12563	10209.8149629846	4	4	13	7	7194	4840.81496298463	3	3	7	5
MET133C	5	4	18	12	50882	32665.446053951	5	4	16	8	30290	12073.446053951	3	3	8	7
SER149B	4	2	13	2	888	1	4	2	19	1	1	1	1	1	1	1
GLN340D	2	2	1	1	1	1	1	1	1	1	1	1	1	1	1	1
GLU336D	2	1	1	1	1	1	1	1	1	1	1	1	1	1	1	1
LEU206D	5	3	16	7	819	9	4	2	12	4	17	9	2	2	3	3
THR140A	5	4	13	9	5696	5268.09758834655	3	3	3	1	6417	1279.50550305295	2	2	2	2
GLY117D	4	4	3	3	2660	1703.12730174867	3	3	2	2	1	1	1	1	1	1
LEU289D	3	2	6	4	4428	1328.5	3	2	5	4	1773	1	2	1	1	0
THR322D	3	3	2	2	1773	1773	2	2	2	1	1773	1773	2	2	1	0
GLN340B	3	3	3	2	1	1	1	1	1	1	1	1	1	1	1	1
ILE195A	4	3	14	5	1662	823.915771329997	4	3	13	3	371	1	2	1	3	0
PRO219A	3	3	7	7	5190	2420.72879331881	2	2	2	2	1	1	1	1	1	1
LEU188C	4	1	7	1	1	1	1	1	1	1	1	1	1	1	1	1
ALA355B	4	4	4	4	1773	910.756552966214	3	3	5	3	1	1	1	1	1	1
THR356B	3	3	5	5	4356	3482.24344703379	3	3	6	5	1	1	1	1	1	1
GLU286D	4	3	12	6	10	5.99137574891991	3	2	8	3	1	1	1	1	1	1
ALA129A	3	3	7	7	1	1	1	1	1	1	1	1	1	1	1	1
GLU204B	3	2	8	2	888	376.080891161339	3	2	6	2	888	376.080891161339	2	2	2	2
SER269A	4	2	10	3	884	1	3	1	5	0	5	3.85930350771951	2	2	1	1
GLU286C	5	3	18	8	10	6.02166858537206	3	2	8	3	1	1	1	1	1	1
GLN165B	4	4	11	9	888	799.835804950263	4	4	13	10	1	1	1	1	1	1
PRO250B	5	4	12	7	3990	3018.16419504974	5	4	15	8	1	1	1	1	1	1
VAL143C	7	7	22	16	3264	3044	4	4	15	9	245	123	2	2	4	1
VAL97D	7	7	17	14	4858	3848.30090433665	5	5	20	13	1	1	1	1	1	1
GLY112C	5	5	15	12	22475	22475	3	3	6	3	1	1	1	1	1	1
GLN167C	4	2	3	2	1	1	1	1	1	1	1	1	1	1	1	1
LEU114B	3	3	9	6	19334	9594.21937200879	3	3	5	4	9985	6451.38635184618	2	2	3	2
GLY187D	3	3	4	2	888	888	2	2	1	0	1	1	1	1	1	1
LEU188D	3	1	5	1	888	1	2	1	1	0	1	1	1	1	1	1
VAL143D	6	6	20	11	2943	2918	5	5	23	11	1884	1884	4	4	8	4
THR231D	5	4	11	3	1	1	1	1	1	1	4206	3827.7680348253	3	3	4	2
PRO153D	3	2	5	4	1	1	1	1	1	1	1	1	1	1	1	1
ALA129D	3	3	7	7	1	1	1	1	1	1	1	1	1	1	1	1
SER241D	3	3	10	6	1	1	1	1	1	1	1	1	1	1	1	1
ILE332A	5	4	14	8	14530	14530	4	4	11	5	1	1	1	1	1	1
VAL217D	7	7	23	19	14907	12365.1071259464	5	5	18	10	12468	8694.17677236521	2	2	3	3
PRO222A	4	2	9	2	1	1	2	1	3	0	1	1	1	1	1	1
ILE251C	4	4	13	10	888	444.5	4	4	15	10	1	1	1	1	1	1
LYS139A	5	2	17	3	888	225.320947613012	4	2	15	3	1	1	1	1	1	1
GLU346D	3	2	5	2	1	1	1	1	1	1	1	1	1	1	1	1
GLY187B	3	3	7	5	1	1	1	1	1	1	1	1	1	1	1	1
ASN345D	5	4	9	4	18059	1897.94279584887	4	3	6	1	1	1	1	1	1	1
ARG335A	3	1	5	1	2660	1	3	1	6	0	1	1	1	1	1	1
PHE328C	2	2	2	1	888	888	2	2	2	0	1	1	1	1	1	1
PRO191A	4	3	14	6	26845	1	2	1	6	0	1	1	1	1	1	1
LEU114D	2	2	5	4	888	458.241952327099	2	2	3	3	888	458.241952327099	2	2	1	1
ARG344C	5	3	14	4	1071	493.469903005551	3	2	7	1	1	1	1	1	1	1
LEU130C	6	5	13	8	10238	5227.90656966614	5	5	12	8	1	1	1	1	1	1
CYS124D	6	4	19	14	871	1	5	3	18	7	4	1	2	1	3	0
GLU343B	5	3	14	8	1974	503.423494727188	4	3	12	9	1	1	1	1	1	1
PHE109C	4	2	19	5	1130	587	4	2	15	2	1130	587	4	2	8	1
HIS214D	5	4	11	6	3466	3284.5646768117	5	4	12	4	1	1	1	1	1	1
SER227A	4	3	5	1	4428	2656	4	3	5	0	2656	2656	3	3	2	0
THR102A	2	2	6	2	1	1	1	1	1	1	1	1	1	1	1	1
GLY117C	4	4	12	9	2457	1282.96843958102	2	2	5	5	1	1	1	1	1	1
SER261A	5	1	8	1	1	1	2	1	3	0	1	1	1	1	1	1
ILE195D	4	3	13	5	1616	809.748616032057	4	3	12	3	1	1	1	1	1	1
ILE232D	5	3	14	8	103	14.5	3	2	7	4	351	14.5	4	2	5	2
GLN104D	3	2	10	5	897	261.595559772199	2	2	5	4	1	1	1	1	1	1
ALA161B	5	5	17	12	3247	1085.68681020559	3	3	8	7	1	1	1	1	1	1
GLY334A	6	6	9	6	11410	11410	6	6	14	7	1	1	1	1	1	1
LYS164C	2	2	4	2	888	647.582952417701	2	2	3	2	1	1	1	1	1	1
GLU180D	3	3	7	6	888	354.556313572359	3	3	5	3	819	285.556313572359	2	2	1	1
ILE251A	3	3	11	8	888	444.5	3	3	13	9	1	1	1	1	1	1
LYS120A	2	1	5	1	1	1	1	1	1	1	1	1	1	1	1	1
LYS235C	2	1	5	1	888	1	2	1	4	0	888	1	2	1	1	0
GLN165D	3	2	6	3	888	162.59955096253	3	2	5	3	1	1	1	1	1	1
PHE212B	4	2	9	1	883	1	2	1	1	0	7	1	2	1	4	0
THR123B	7	6	19	10	47415	22580.4942876792	6	5	23	9	23439	15519.5386641428	2	2	1	1
SER116C	5	2	14	2	1	1	3	1	13	0	1	1	2	2	2	1
GLY117B	3	3	6	5	1	1	1	1	1	1	1	1	1	1	1	1
SER215D	4	3	13	6	8988	2263.10898512396	4	3	11	5	4543	2263.10898512396	2	2	3	3
GLY187C	3	3	5	3	1	1	1	1	1	1	1	1	1	1	1	1
GLU326C	2	1	3	1	888	1	2	1	2	0	1	1	1	1	1	1
THR150D	2	1	6	1	888	1	2	1	6	0	1	1	1	1	1	1
ALA355A	3	3	2	1	1773	1773	2	2	1	0	1	1	1	1	1	1
THR356A	2	2	2	2	1	1	1	1	1	1	1	1	1	1	1	1
SER182B	2	1	5	1	888	1	2	1	5	0	888	1	2	1	4	0
VAL122A	2	2	5	4	1	1	1	1	1	1	1	1	1	1	1	1
LYS351A	2	1	5	1	1	1	1	1	1	1	1	1	1	1	1	1
ARG174C	4	2	13	4	479	1	2	1	4	0	1	1	1	1	1	1
GLY334D	5	5	9	9	5549	5549	4	4	8	5	1	1	1	1	1	1
MET323D	2	1	2	1	1	1	1	1	1	1	1	1	1	1	1	1
LEU145D	5	5	17	15	1130	603	4	4	14	10	76	76	2	2	3	1
PHE212A	3	1	8	1	631	1	2	1	4	0	1	1	1	1	1	1
VAL172A	6	6	18	15	5663	5497	5	5	17	10	1	1	1	1	1	1
LEU330A	5	5	14	11	27870	27870	4	4	10	5	1	1	1	1	1	1
THR102C	3	3	7	4	888	888	2	2	4	2	1	1	1	1	1	1
ASP352C	6	3	9	4	1104	418.375815036101	4	2	9	3	1	1	1	1	1	1
SER121D	2	2	3	3	888	216.873802795854	2	2	2	2	1	1	1	1	1	1
ARG202A	4	3	8	2	9520	5881.6480364591	3	3	3	2	1	1	1	1	1	1
ALA353A	3	3	6	5	1	1	1	1	1	1	1	1	1	1	1	1
GLN354A	3	1	3	1	1773	1	2	1	1	0	1	1	1	1	1	1
SER269B	3	1	9	1	888	1	3	1	6	0	834	1	2	1	3	0
PHE212D	3	1	8	1	408	1	2	1	4	0	1	1	1	1	1	1
GLU171C	4	2	12	5	886	262.033555954882	3	2	8	5	1	1	1	1	1	1
GLU287C	2	2	4	4	1	1	1	1	1	1	1	1	1	1	1	1
GLU339D	2	2	3	3	1	1	1	1	1	1	888	888	2	2	2	1
SER241B	2	2	6	5	1	1	1	1	1	1	1	1	1	1	1	1
ARG248A	2	1	3	1	888	1	2	1	3	0	1	1	1	1	1	1
THR230B	4	4	6	2	1347	1347	3	3	4	0	1	1	1	1	1	1
PRO153B	3	2	5	4	1	1	1	1	1	1	1	1	1	1	1	1
LYS291D	2	1	2	1	1	1	1	1	1	1	3	1	2	1	2	0
THR231B	3	3	7	6	1	1	1	1	1	1	1	1	1	1	1	1
ARG174A	3	1	10	1	450	1	2	1	4	0	1	1	1	1	1	1
ALA355D	2	2	2	1	1	1	1	1	1	1	1	1	1	1	1	1
GLU339B	2	1	2	1	1	1	1	1	1	1	1	1	1	1	1	1
ALA347A	3	3	4	3	1	1	1	1	1	1	1	1	1	1	1	1
ARG248B	2	1	4	1	888	1	2	1	4	0	1	1	1	1	1	1
SER166C	2	2	3	2	1	1	1	1	1	1	1	1	1	1	1	1
THR322C	3	2	4	2	3448	1	2	1	2	0	1	1	1	1	1	1
ASP228D	3	1	6	1	888	1	3	1	6	0	1	1	2	1	2	0
GLU346A	4	2	3	3	1	1	1	1	1	1	1	1	1	1	1	1
LEU350A	2	2	3	2	1	1	1	1	1	1	1	1	1	1	1	1
LYS164B	2	2	5	3	888	591.724552300551	2	2	4	3	1	1	1	1	1	1
SER240B	4	3	17	11	888	887	4	3	18	9	2	1	2	1	5	0
SER260C	3	2	7	1	886	1	2	1	3	0	1	1	1	1	1	1
ALA353C	3	3	6	3	876	876	2	2	2	0	1	1	1	1	1	1
ILE195B	5	4	19	13	3344	1736.66242202421	5	4	15	9	1	1	1	1	1	1
LYS120B	3	1	8	1	883	1	2	1	3	0	1	1	1	1	1	1
VAL253A	7	7	23	12	15769	10257.12159246	4	4	12	4	1	1	1	1	1	1
SER121C	2	1	3	1	1	1	1	1	1	1	1	1	1	1	1	1
VAL122C	4	3	7	3	1	1	1	1	1	1	1	1	1	1	1	1
ALA119A	2	2	2	2	1	1	1	1	1	1	1	1	1	1	1	1
THR118A	3	3	3	3	1773	744.060670755951	2	2	2	2	1	1	1	1	1	1
GLU221A	4	2	8	2	5155	1219.62317022209	3	2	5	2	1	1	1	1	1	1
GLU224B	2	1	7	1	888	1	2	1	5	0	1	1	1	1	1	1
LEU114A	2	2	6	4	888	458.657918728785	2	2	3	3	888	458.657918728785	2	2	1	1
ASN345B	4	3	8	4	931	1	3	2	6	2	931	1	3	2	3	0
GLU180A	2	2	6	5	888	888	2	2	3	1	1	1	1	1	1	1
GLN165C	3	2	4	2	886	283.62942535922	2	2	2	2	1	1	1	1	1	1
SER241C	2	2	5	5	1	1	1	1	1	1	1	1	1	1	1	1
SER215A	4	3	13	6	9080	2270.38386631077	4	3	11	5	1	1	1	1	1	1
LYS101C	3	1	8	1	887	1	2	1	4	0	2	1	2	1	3	0
SER106D	2	1	6	1	888	1	2	1	5	0	1	1	1	1	1	1
LYS321A	2	1	1	1	2	1	2	1	1	0	1	1	1	1	1	1
THR322A	2	2	1	1	2	2	2	2	1	0	1	1	1	1	1	1
MET243A	2	1	4	1	1	1	1	1	1	1	1	1	1	1	1	1
LYS101B	2	1	6	1	888	1	2	1	4	0	1	1	1	1	1	1
ASP186D	4	2	9	6	2656	885	3	2	8	6	1	1	1	1	1	1
LYS164A	2	2	4	2	888	633.360834393145	2	2	3	2	1	1	1	1	1	1
GLU349D	4	3	11	5	12	6.5	2	2	5	3	1	1	1	1	1	1
MET323A	2	1	2	1	4	1	2	1	1	0	1	1	1	1	1	1
ASN247B	2	1	6	1	1	1	1	1	1	1	1	1	1	1	1	1
SER182C	2	1	4	1	1	1	1	1	1	1	1	1	1	1	1	1
ASN247D	2	1	6	1	1	1	1	1	1	1	1	1	1	1	1	1
LEU289A	2	2	5	4	888	444.5	2	2	4	4	888	444.5	2	2	1	1
PHE212C	2	1	4	1	1	1	1	1	1	1	1	1	1	1	1	1
ARG248D	2	1	3	1	888	1	2	1	3	0	1	1	1	1	1	1
ASP324B	2	1	2	1	1	1	1	1	1	1	1	1	1	1	1	1
THR284D	3	3	9	6	1	1	1	1	1	1	1	1	1	1	1	1
VAL122B	3	2	9	3	1	1	1	1	1	1	1	1	1	1	1	1
SER227C	2	1	4	1	888	1	2	1	3	0	1	1	1	1	1	1
SER182A	2	2	1	1	1	1	1	1	1	1	1	1	1	1	1	1
SER183A	2	1	1	1	1	1	1	1	1	1	1	1	1	1	1	1
LEU201D	2	2	4	1	1	1	1	1	1	1	1	1	1	1	1	1
LEU350D	2	1	3	1	888	1	2	1	2	0	1	1	1	1	1	1
LEU201A	2	2	4	1	1	1	1	1	1	1	1	1	1	1	1	1
LYS235A	2	2	3	2	888	888	2	2	2	1	1	1	1	1	1	1
LYS235D	2	2	3	2	888	888	2	2	2	1	1	1	1	1	1	1
HIS115A	1	1	1	1	1	1	1	1	1	1	1	1	1	1	1	1
ARG181A	1	1	1	1	1	1	1	1	1	1	1	1	1	1	1	1
GLU224A	1	1	1	1	1	1	1	1	1	1	1	1	1	1	1	1
ASN288A	1	1	1	1	1	1	1	1	1	1	1	1	1	1	1	1
GLU180C	1	1	1	1	1	1	1	1	1	1	1	1	1	1	1	1
SER183C	1	1	1	1	1	1	1	1	1	1	1	1	1	1	1	1
SER185C	1	1	1	1	1	1	1	1	1	1	1	1	1	1	1	1
LEU201C	1	1	1	1	1	1	1	1	1	1	1	1	1	1	1	1
ARG248C	1	1	1	1	1	1	1	1	1	1	1	1	1	1	1	1
GLU339C	1	1	1	1	1	1	1	1	1	1	1	1	1	1	1	1
GLN340C	1	1	1	1	1	1	1	1	1	1	1	1	1	1	1	1
LYS351C	1	1	1	1	1	1	1	1	1	1	1	1	1	1	1	1
HIS115D	1	1	1	1	1	1	1	1	1	1	1	1	1	1	1	1
GLU224D	1	1	1	1	1	1	1	1	1	1	1	1	1	1	1	1
ASN288D	1	1	1	1	1	1	1	1	1	1	1	1	1	1	1	1
LYS351D	1	1	1	1	1	1	1	1	1	1	1	1	1	1	1	1
SER94B	1	1	1	1	1	1	1	1	1	1	1	1	1	1	1	1
SER121B	1	1	1	1	1	1	1	1	1	1	1	1	1	1	1	1
SER185B	1	1	1	1	1	1	1	1	1	1	1	1	1	1	1	1
MET323B	1	1	1	1	1	1	1	1	1	1	1	1	1	1	1	1
LYS291C	1	1	1	1	1	1	1	1	1	1	1	1	1	1	1	1
DT3K	1	1	1	1	1	1	1	1	1	1	1	1	1	1	1	1
DG4K	1	1	1	1	1	1	1	1	1	1	1	1	1	1	1	1
DA5K	1	1	1	1	1	1	1	1	1	1	1	1	1	1	1	1
DG6K	1	1	1	1	1	1	1	1	1	1	1	1	1	1	1	1
DA7K	1	1	1	1	1	1	1	1	1	1	1	1	1	1	1	1
DA9K	1	1	1	1	1	1	1	1	1	1	1	1	1	1	1	1
DT10K	1	1	1	1	1	1	1	1	1	1	1	1	1	1	1	1
DG11K	1	1	1	1	1	1	1	1	1	1	1	1	1	1	1	1
DC12K	1	1	1	1	1	1	1	1	1	1	1	1	1	1	1	1
DC13K	1	1	1	1	1	1	1	1	1	1	1	1	1	1	1	1
DC14K	1	1	1	1	1	1	1	1	1	1	1	1	1	1	1	1
DA15K	1	1	1	1	1	1	1	1	1	1	1	1	1	1	1	1
DG16K	1	1	1	1	1	1	1	1	1	1	1	1	1	1	1	1
DA17K	1	1	1	1	1	1	1	1	1	1	1	1	1	1	1	1
DC18K	1	1	1	1	1	1	1	1	1	1	1	1	1	1	1	1
DA19K	1	1	1	1	1	1	1	1	1	1	1	1	1	1	1	1
DT20K	1	1	1	1	1	1	1	1	1	1	1	1	1	1	1	1
DG21K	1	1	1	1	1	1	1	1	1	1	1	1	1	1	1	1
DC22K	1	1	1	1	1	1	1	1	1	1	1	1	1	1	1	1
DA27L	1	1	1	1	1	1	1	1	1	1	1	1	1	1	1	1
DC28L	1	1	1	1	1	1	1	1	1	1	1	1	1	1	1	1
DG29L	1	1	1	1	1	1	1	1	1	1	1	1	1	1	1	1
DG31L	1	1	1	1	1	1	1	1	1	1	1	1	1	1	1	1
DC32L	1	1	1	1	1	1	1	1	1	1	1	1	1	1	1	1
DA33L	1	1	1	1	1	1	1	1	1	1	1	1	1	1	1	1
DT34L	1	1	1	1	1	1	1	1	1	1	1	1	1	1	1	1
DG35L	1	1	1	1	1	1	1	1	1	1	1	1	1	1	1	1
DT36L	1	1	1	1	1	1	1	1	1	1	1	1	1	1	1	1
DC37L	1	1	1	1	1	1	1	1	1	1	1	1	1	1	1	1
DT38L	1	1	1	1	1	1	1	1	1	1	1	1	1	1	1	1
DG39L	1	1	1	1	1	1	1	1	1	1	1	1	1	1	1	1
DG40L	1	1	1	1	1	1	1	1	1	1	1	1	1	1	1	1
DG41L	1	1	1	1	1	1	1	1	1	1	1	1	1	1	1	1
DC42L	1	1	1	1	1	1	1	1	1	1	1	1	1	1	1	1
DA43L	1	1	1	1	1	1	1	1	1	1	1	1	1	1	1	1
DT44L	1	1	1	1	1	1	1	1	1	1	1	1	1	1	1	1
DG45L	1	1	1	1	1	1	1	1	1	1	1	1	1	1	1	1
DT46L	1	1	1	1	1	1	1	1	1	1	1	1	1	1	1	1
THR356C	1	1	1	1	1	1	1	1	1	1	1	1	1	1	1	1
THR356D	1	1	1	1	1	1	1	1	1	1	1	1	1	1	1	1
LYS291B	1	1	1	1	1	1	1	1	1	1	1	1	1	1	1	1
