Degree	Degree_sidechain	SecondOrderDegree	SecondOrderDegree_sidechain	NodeEdgeBetweennessSTRIDE	NodeEdgeBetweennessSTRIDE_sidechain	IntermodularDegreeSTRIDE	IntermodularDegreeSTRIDE_sidechain	SecondOrderIntermodularDegreeSTRIDE	SecondOrderIntermodularDegreeSTRIDE_sidechain	NodeEdgeBetweennessWALKTRAP	NodeEdgeBetweennessWALKTRAP_sidechain	IntermodularDegreeWALKTRAP	IntermodularDegreeWALKTRAP_sidechain	SecondOrderIntermodularDegreeWALKTRAP	SecondOrderIntermodularDegreeWALKTRAP_sidechain
ARG327B	11	7	31	22	41991	30942.0116771891	10	7	50	29	4264	1	6	2	9	4
LYS233B	2	1	10	1	549	1	2	1	9	0	1	1	1	1	1	1
GLY41A	8	7	27	16	1447	399.847602444381	6	5	31	17	1	1	1	1	1	1
VAL44A	5	4	14	11	173	87	4	3	13	5	1	1	1	1	1	1
PRO232B	9	7	33	27	1317	263.933981431151	8	6	44	26	1	1	1	1	1	1
VAL231B	11	11	42	36	10596	6873.37771890621	10	10	59	42	1	1	1	1	1	1
LEU358A	3	2	7	1	610	1	2	1	4	0	1	1	1	1	1	1
LYS354A	4	1	6	1	1	1	1	1	1	1	1	1	1	1	1	1
ASP200A	4	3	14	6	369	131.405528597813	2	2	7	6	369	131.405528597813	2	2	5	4
HIS204A	3	2	9	2	723	1	2	1	5	0	1	1	1	1	1	1
ALA225B	8	6	30	13	4088	3314.5	4	4	17	11	2541	2541	3	3	9	5
MET219B	7	4	30	15	40947	11263.6005047273	7	4	38	15	40947	11263.6005047273	7	4	15	5
GLU192B	7	4	22	11	31629	3264.57628449431	7	4	28	9	1	1	1	1	1	1
VAL188B	7	7	20	14	48869	42489.6732023171	7	7	29	17	1	1	1	1	1	1
ALA149B	5	3	14	3	569	271.239518754412	3	2	8	1	580	271.239518754412	3	2	7	1
ALA150B	8	8	28	21	639	599.359616872059	6	6	26	18	638	613.859616872059	6	6	11	7
ILE26B	5	3	23	10	3318	439.987597007356	4	2	20	5	1865	439.987597007356	3	2	10	3
LEU211B	9	8	34	23	4986	3365.76012757121	7	6	32	18	3083	1958.41146038934	4	4	7	4
HIS99A	3	2	7	3	1443	264.718629976802	3	2	7	3	1	1	1	1	1	1
PHE100A	7	4	18	5	2375	661.543500906161	7	4	25	6	1262	9.26213088296222	5	3	8	4
HIS107A	5	4	18	8	3471	1409.25789295182	5	4	17	8	1	1	1	1	1	1
PRO102A	7	5	22	11	3942	1723.4122288097	5	4	17	8	1	1	1	1	1	1
ALA90A	6	6	25	11	1258	1258	2	2	8	0	1	1	1	1	1	1
PHE86A	5	3	16	6	6837	859.189513114034	4	2	16	2	6837	859.189513114034	3	2	9	2
ALA148A	4	4	14	3	1	1	1	1	1	1	1	1	1	1	1	1
PHE147A	11	1	28	1	6724	1	9	1	28	0	9	1	2	1	3	0
ARG237B	10	7	37	17	55351	30862.2492380839	9	7	49	17	1076	724.35876899646	2	2	4	4
PRO228B	11	7	38	21	3190	151.5	7	3	42	7	1	1	2	2	6	3
ALA90B	5	4	18	7	12	1	2	1	6	0	1	1	1	1	1	1
ILE89B	6	3	11	5	227	114	2	2	1	1	227	114	2	2	1	1
ARG120A	9	7	25	14	7446	2957.62127003948	8	7	22	11	6863	2374.62127003948	6	5	10	7
VAL141A	9	7	31	17	5500	4462.15020716053	7	5	35	12	4236	2723.89312755345	5	4	11	5
LYS184B	8	3	30	9	17770	8560.42371550569	5	2	23	3	5809	1	3	1	8	0
VAL183B	11	10	37	31	5825	5809.5	10	9	42	26	5331	5331	4	3	7	1
ASN30A	4	1	12	1	549	1	4	1	17	0	549	1	4	1	13	0
VAL31A	10	9	26	15	5405	3750.05793646969	9	8	33	11	3803	2896	8	7	18	3
CYS229A	4	2	13	1	17	2.5	3	2	8	1	1	1	1	1	1	1
LEU249A	5	2	15	1	551	2.5	5	2	20	1	476	1	3	1	3	0
CYS176A	9	6	20	10	2649	82.0386249093222	5	3	26	10	1	1	1	1	1	1
THR178A	3	2	10	7	1	1	1	1	1	1	1	1	1	1	1	1
ALA197A	5	3	19	4	1060	1	2	1	6	0	1	1	1	1	1	1
ASP196A	3	2	5	2	34	7.65432414702005	2	2	2	2	1	1	1	1	1	1
LEU78B	5	3	6	2	2379	1455.59287420504	4	3	6	2	1062	689.592874205042	2	2	2	2
SER75B	3	3	6	5	557	557	3	3	5	3	1	1	1	1	1	1
LEU383D	5	5	9	5	1959	1959	4	4	9	4	2036	2036	3	3	5	2
PHE385D	3	1	9	1	549	1	3	1	8	0	1	1	2	1	4	0
ARG242A	6	5	15	9	43937	29635.3243766067	6	5	21	10	30639	29549.5741051081	4	4	6	3
ASP334A	6	3	21	9	41349	20595	6	3	27	9	20755	1	3	1	6	0
HIS106A	6	3	25	8	17965	5060.33020286513	5	3	25	10	1	1	1	1	1	1
LEU129A	10	7	26	15	13767	3922.62512136156	8	7	31	17	1250	1250	2	2	4	2
ALA209A	8	7	27	22	565	359.200061828677	7	6	33	22	58	18.2000618286769	2	2	4	4
LEU35A	8	6	34	20	5086	3358.30213823387	6	5	29	17	2301	2301	3	2	7	4
ALA149A	5	3	14	3	312	22.5	3	2	7	1	302	1	3	1	6	0
ILE161A	5	4	20	10	557	412	5	4	19	7	287	277	4	3	4	0
ASP69A	6	4	11	3	1258	620.714577198433	5	3	9	1	1	1	1	1	1	1
ASP72A	8	4	14	7	1211	730	6	4	15	5	1	1	1	1	1	1
LEU19B	7	4	23	6	3497	2272.68599111979	6	4	17	5	1	1	1	1	1	1
PHE331B	7	4	21	10	2912	1242.59880317459	5	3	16	6	1	1	3	1	6	0
ILE161B	6	5	22	14	573	553.5	6	5	22	11	36	18.5	2	2	5	5
TRP96B	8	6	22	7	11064	9219	7	6	17	2	1	1	1	1	1	1
GLU84B	3	2	8	1	68	68	2	2	3	0	68	68	2	2	3	0
LYS82B	4	1	9	1	1751	1	4	1	8	0	1751	1	4	1	8	0
GLY145B	7	6	19	9	1417	1417	6	5	20	6	42	42	2	2	4	3
ILE126B	5	4	16	10	3837	1530.23282894816	5	4	19	12	3837	1530.23282894816	5	4	7	6
ASP200B	5	4	17	10	4829	2369.45820910615	4	4	16	13	4829	2369.45820910615	4	4	9	8
ILE153B	6	4	16	9	1073	346.503006256689	4	3	16	8	1073	346.503006256689	3	3	7	6
LEU79B	7	7	23	14	11475	9636.12063384182	7	7	26	13	5573	3734.12063384182	5	5	13	10
LEU383C	5	5	9	7	1101	868.44048093958	4	4	10	6	1	1	1	1	1	1
MET384C	3	2	6	1	3	3	2	2	4	0	1	1	1	1	1	1
ASN61A	5	3	8	1	8465	5643.4746008277	3	3	2	2	8465	5643.4746008277	3	3	2	2
SER88A	3	2	8	2	7917	2544.54539865291	2	2	2	2	7917	2544.54539865291	2	2	2	2
CYS326A	5	3	13	6	4896	3499.26691656034	4	3	14	6	2186	2181	3	2	3	0
HIS12A	7	6	22	18	9761	8039.01939538731	7	6	32	22	3644	3644	2	2	3	1
PHE189A	7	3	25	4	12729	6067.27373282533	7	3	32	3	12729	6067.27373282533	5	3	15	4
PHE147B	9	1	28	1	17878	1	7	1	28	0	6958	1	4	1	8	0
GLY128A	7	7	23	15	1707	1702.90460122126	6	6	21	11	1	1	1	1	1	1
LYS131A	5	1	15	1	2096	1	4	1	15	0	1	1	1	1	1	1
LEU227A	10	6	36	16	4093	2378.20286475128	8	5	39	12	1	1	1	1	1	1
PHE224A	9	4	35	12	9796	3782.87479407544	7	4	39	12	8425	3505.87479407544	3	3	5	2
ARG32A	6	3	18	1	2835	1153	5	3	15	0	2216	548	4	2	11	0
ARG32B	7	5	20	7	12561	5802.42061692623	6	5	22	9	8013	1891.35413448531	4	2	13	2
ASN30B	5	3	14	4	3487	858.645865514685	5	3	20	5	3487	858.645865514685	5	3	13	2
GLU337B	2	1	5	1	1	1	1	1	1	1	1	1	1	1	1	1
THR341B	6	5	14	7	1459	687.715205705619	2	2	5	3	1	1	1	1	1	1
HIS12B	7	5	21	17	6087	5280.36933824412	7	5	31	20	3221	3221	2	2	5	1
HIS106B	7	5	30	16	39007	31965.4359977372	6	5	33	21	1	1	1	1	1	1
THR103B	8	8	26	20	9873	5788.62692306977	7	7	34	26	4713	1732.06604270113	2	2	6	5
GLY21A	8	8	21	15	6544	882.924587792657	3	3	7	4	1	1	1	1	1	1
HIS24A	3	2	7	1	1	1	1	1	1	1	1	1	1	1	1	1
ALA143B	9	6	24	12	1103	641	8	5	32	11	147	147	4	4	9	3
GLU142B	6	1	24	1	391	1	4	1	20	0	733	1	5	1	13	0
LYS184A	8	4	30	9	13372	6638.39280938763	5	3	23	4	13237	6638.39280938763	6	4	16	5
PRO185A	6	5	23	6	1571	1215.2121029927	5	4	21	3	645	579	3	2	8	3
GLN124A	7	4	28	6	21789	5073.12520592456	7	4	35	5	18520	4920.12520592456	3	2	6	2
GLU115B	4	1	11	1	6043	1	4	1	13	0	2785	1	2	1	1	0
LEU348B	5	4	14	7	5193	3038.94169353967	5	4	15	6	2785	2785	2	2	1	0
CYS179B	8	7	16	15	40	34.0784789327418	5	5	19	16	1	1	1	1	1	1
GLY180B	5	5	12	11	547	270.025306593862	3	3	9	7	1	1	1	1	1	1
ARG244A	6	5	17	9	7096	6697.30461511479	5	4	20	8	1	1	1	1	1	1
VAL245A	6	6	18	15	3408	1117.02366369338	3	3	12	12	1	1	1	1	1	1
ASP328B	7	5	30	13	1623	899.64123100354	6	5	34	16	1623	899.64123100354	5	5	9	3
PHE198B	10	3	33	7	16672	12031.4952740333	7	3	34	7	1	1	1	1	1	1
PHE224B	7	3	26	8	24376	2692.47691925926	6	3	30	6	12802	2692.47691925926	3	3	9	6
MET384D	5	1	12	1	1171	1	4	1	11	0	637	1	2	1	2	0
VAL221B	8	7	24	8	2875	1751.74924099739	7	6	21	6	1412	431.749240997395	4	3	10	5
SER234A	3	2	9	6	281	1	2	1	2	0	1	1	1	1	1	1
VAL325A	4	4	10	9	546	286.986455254417	3	3	7	5	271	11.9864552544169	3	3	5	4
HIS203A	4	2	14	3	1250	1	2	1	5	0	1	1	1	1	1	1
PRO207A	8	7	20	13	4300	2102	6	5	14	5	1	1	1	1	1	1
SER43A	8	5	25	9	905	465.727818059793	8	5	33	12	1	1	1	1	1	1
LEU211A	9	8	31	20	3370	2347.89412531428	7	6	32	16	2066	1353.28735746802	4	4	9	4
LEU22A	8	6	31	17	6267	2911.72933037745	5	5	19	17	6267	2911.72933037745	4	4	10	10
ARG244B	6	4	20	9	3967	2644.01217853757	6	4	24	7	1	1	1	1	1	1
GLY247B	6	6	17	10	1126	490.07738896554	4	4	19	11	1	1	1	1	1	1
ARG33B	5	5	18	10	14125	9631.7390842821	5	5	18	10	1	1	2	2	3	1
GLU210B	8	5	33	14	23073	11467.1864712827	7	5	34	16	9253	7331.06849430914	3	3	6	2
ALA42A	9	6	33	22	11274	2031.89604968271	8	5	47	23	1	1	1	1	1	1
PHE252B	4	3	16	11	2252	39.9391777007084	3	2	11	6	1	1	1	1	1	1
ASN125A	6	4	27	16	4737	944.936640220641	5	4	30	18	1	1	1	1	1	1
THR123A	9	7	33	21	4125	3425.20490940007	9	7	45	19	107	1	4	2	9	3
PRO137B	3	3	8	4	1	1	1	1	1	1	1	1	1	1	1	1
SER136B	7	4	18	6	311	1	4	1	18	0	1	1	1	1	1	1
VAL238B	7	7	32	27	4469	1722.1152509609	5	5	17	14	4469	1722.1152509609	4	4	6	4
VAL329B	7	7	22	17	3876	2869.8847490391	4	4	12	9	3034	2030.3847490391	3	3	6	5
LEU37A	8	7	36	25	1751	1311.49546318121	5	5	22	12	1164	633.816287726992	3	2	3	2
PRO228A	10	7	33	18	9928	94.5239884880589	6	3	28	7	1	1	1	1	1	1
LEU140A	7	6	20	12	2001	1852	5	4	19	6	1646	475.257079607077	2	2	4	3
VAL339B	7	6	21	12	3673	3072.56367923548	5	5	17	12	3673	3072.56367923548	4	4	9	6
VAL340B	6	3	23	10	158	1	2	1	4	0	1	1	1	1	1	1
HIS203B	4	2	13	3	17550	1	3	1	10	0	8843	1	2	1	3	0
LEU166B	3	2	4	1	1	1	1	1	1	1	1	1	1	1	1	1
TYR165B	3	1	8	1	1575	1	2	1	6	0	1	1	1	1	1	1
GLY216A	8	8	21	17	4555	2441.60211442214	8	8	31	19	1488	501.776131751599	2	2	2	2
GLY39A	9	9	28	22	10713	8002.93664630621	9	9	44	29	1	1	1	1	1	1
ALA46B	7	7	19	15	939	308.958148268367	6	6	29	23	1	1	1	1	1	1
GLY39B	10	10	34	28	10891	7938.89058936776	10	10	54	36	3285	3285	2	2	6	4
ILE215B	6	3	22	8	590	124.510874376983	5	2	27	5	330	330	2	2	2	1
GLN336B	9	6	25	17	13156	8197.08023765175	7	6	29	19	11997	8197.08023765175	7	6	10	6
GLU138A	4	1	13	1	228	1	2	1	7	0	1	1	1	1	1	1
ILE208B	7	4	20	8	19193	3906.66946590469	6	4	24	9	9439	2483.95828934671	2	2	3	3
LEU119B	6	4	24	10	19641	17068.0782845819	5	4	20	8	19641	17068.0782845819	4	4	4	3
GLN336A	9	6	26	19	46910	18639.802916289	7	6	31	22	1	1	1	1	1	1
THR103A	9	9	25	24	20577	13561.2972666598	8	8	34	27	1	1	1	1	1	1
ALA133A	8	7	26	19	7893	4934.74761445674	5	4	17	11	1	1	1	1	1	1
ILE58A	5	3	14	5	12149	12149	4	3	7	2	12149	12149	3	3	3	1
LEU93A	4	3	12	7	3541	724.083134618991	3	2	8	5	1205	1	2	1	2	0
GLN113A	9	7	22	15	4684	2908.20334158084	7	5	26	14	1	1	1	1	1	1
VAL135A	7	7	22	18	2135	1352.38107239763	7	7	30	18	1	1	1	1	1	1
ALA343B	8	8	22	18	4917	3798.5	4	4	12	9	795	795	2	2	4	2
ARG80B	5	4	13	5	2413	1927.45215541478	4	3	11	3	2413	1927.45215541478	4	3	6	3
LEU76B	4	3	10	6	3321	3316	3	2	8	3	1	1	1	1	1	1
GLU130B	9	3	30	13	41909	1729.07747376771	8	3	39	13	1	1	1	1	1	1
THR123B	9	8	32	23	8345	6616.92252623229	9	8	45	23	237	237	4	3	12	4
PHE189B	7	3	24	4	3295	885.226412557578	7	3	32	2	1049	885.226412557578	2	2	3	1
TYR25A	7	3	27	6	7048	71.2390686676967	5	2	27	6	3287	71.2390686676967	3	2	10	3
ASP127B	7	6	26	17	21355	8918.58790664574	5	4	28	18	9189	1	2	1	3	0
LEU129B	12	9	28	18	32163	10612.5335373002	10	9	43	26	1	1	1	1	1	1
ALA201B	8	7	29	16	4655	1526.94324518698	4	3	19	8	1	1	2	2	5	3
ASP328A	7	5	28	12	2232	1224.77173643555	6	5	31	12	2232	1224.77173643555	5	5	10	4
PHE250A	10	2	28	4	26703	38.634420507566	10	2	45	3	13273	38.634420507566	5	2	11	2
GLU162B	2	1	3	1	549	1	2	1	3	0	1	1	1	1	1	1
SER160B	4	4	7	7	1643	1643	4	4	8	5	1	1	1	1	1	1
ARG52A	6	4	16	6	3815	548	4	3	12	5	3342	1539.04708401101	2	2	1	1
ASP50A	4	3	10	4	1	1	1	1	1	1	3342	1803.95291598899	2	2	1	1
HIS107B	5	4	14	4	8101	3063.57797905363	5	4	13	4	4090	488.934997963434	4	3	6	3
SER359B	4	3	10	5	697	295.065002036566	4	3	10	4	622	295.065002036566	3	3	4	2
GLY41B	8	7	27	18	4514	1080.74387915965	6	5	33	19	1	1	1	1	1	1
SER43B	9	6	30	17	613	287.881302802237	9	6	46	22	1	1	1	1	1	1
CYS176B	9	6	20	10	4342	56.0954356050713	5	3	25	10	1	1	1	1	1	1
GLY181B	7	7	16	15	1731	1429.58879062729	6	6	21	16	1	1	1	1	1	1
ALA197B	6	4	24	7	42541	9952.8430220229	3	2	12	4	26743	9952.8430220229	2	2	3	2
VAL141B	9	8	35	20	27089	27035.2200510721	7	6	34	14	28954	23309.2860427806	6	5	18	7
PRO70A	5	3	9	5	2221	516.285422801567	3	2	6	2	1634	1	2	1	2	0
THR71A	4	4	11	6	1	1	2	2	4	2	1	1	1	1	1	1
PHE250B	11	4	30	13	44380	10570.9973489962	10	4	49	11	18876	7995.89949527267	3	2	10	3
GLN113B	9	6	23	14	2484	986.833680839232	7	4	28	11	1	1	1	1	1	1
VAL135B	7	6	24	17	2449	1743.16631916077	7	6	32	12	1	1	1	1	1	1
GLY116B	5	5	16	11	681	392.207617110525	5	5	19	10	1	1	1	1	1	1
ARG379C	3	3	4	2	611	440.349120818896	3	3	2	2	1	1	1	1	1	1
PHE199A	4	3	12	4	578	164.996555034084	2	2	2	2	1	1	1	1	1	1
ALA73A	4	4	10	6	1	1	1	1	1	1	1	1	1	1	1	1
GLY47B	5	5	16	15	561	492.427600752916	5	5	20	16	1	1	1	1	1	1
ILE48B	8	6	22	16	1791	1218.5044599741	7	6	35	24	1	1	2	2	3	3
LEU227B	9	6	35	18	7509	4568.24392790184	8	6	36	14	768	589.313227043946	2	2	5	3
VAL230B	6	6	22	21	500	319.257659953173	5	5	21	14	1	1	1	1	1	1
GLY15A	5	5	15	12	829	829	5	5	17	11	1	1	1	1	1	1
GLY333A	7	7	20	15	592	417.878612082712	6	6	22	15	327	310.628883581297	4	4	6	3
ILE85B	4	3	10	2	1731	1042.40712579496	3	3	6	2	1731	1042.40712579496	3	3	4	1
SER234B	4	2	11	7	2	1	3	1	8	0	548	209.887309279301	2	2	1	1
VAL235B	9	8	34	27	42238	17137.9578432525	7	6	44	28	548	339.112690720699	2	2	1	1
GLY246A	7	7	20	13	6541	5488.26135095005	7	7	27	12	3199	3199	3	3	5	1
ARG237A	9	6	34	16	38404	28539.3401440994	8	6	42	14	14430	13945.2282635645	3	3	8	5
ARG327A	9	7	28	18	22905	14122.8881194651	9	7	42	24	3923	1	4	2	8	4
ALA206B	9	7	30	24	5399	2742	8	6	38	19	1	1	1	1	1	1
ALA209B	9	6	29	18	549	347.963426071389	8	5	39	14	292	90.963426071389	2	2	3	3
GLU154B	5	3	15	5	4217	432.068349349391	4	2	14	2	2355	432.068349349391	2	2	3	2
VAL239A	9	9	26	19	16604	10937.8956016352	7	7	24	13	967	625.155601613029	4	4	8	7
ARG242B	4	2	9	3	601	262.367164383861	4	2	8	2	408	262.367164383861	2	2	1	1
ASP50B	5	4	11	4	1319	369.848532601946	4	3	12	4	408	146.632835616139	2	2	1	1
VAL38A	10	9	37	26	2720	1312.33833121606	8	7	42	24	307	307	2	2	2	1
ASN125B	6	4	28	18	7979	1580.50576049102	5	4	32	20	1	1	1	1	1	1
SER218B	3	1	13	1	549	1	3	1	15	0	549	1	3	1	9	0
VAL245B	9	9	21	17	2857	2699.5	8	8	32	19	1277	1170.5	4	4	12	5
ALA73B	4	4	9	3	227	114	2	2	1	1	227	114	2	2	1	1
HIS156A	3	1	6	1	66	1	2	1	3	0	1	1	1	1	1	1
PRO158A	4	3	6	2	801	316.521394730481	4	3	6	2	1	1	1	1	1	1
GLY63A	5	4	9	4	8	1	2	1	4	0	1	1	1	1	1	1
LEU62A	4	3	11	4	4402	3453.66863743485	3	3	4	2	4402	3453.66863743485	3	3	3	1
VAL31B	10	9	26	18	3129	2334.43176218635	9	8	34	16	1940	1664	8	7	17	6
GLY128B	6	6	21	15	659	650.447002850705	5	5	20	11	1	1	1	1	1	1
ALA40A	5	3	17	11	238	100.405005049801	4	2	18	8	1	1	1	1	1	1
LYS233A	2	1	8	1	549	1	2	1	8	0	1	1	1	1	1	1
PRO137A	3	3	8	3	1	1	1	1	1	1	1	1	1	1	1	1
SER136A	7	4	18	4	1412	1	4	1	18	0	1	1	1	1	1	1
LEU78A	6	4	12	7	4145	2048.05666042881	5	4	13	8	2573	1295.55666042881	2	2	3	3
GLY15B	4	4	13	11	563	563	4	4	14	9	1	1	1	1	1	1
LEU346B	8	6	20	11	3079	2175.64580898599	7	5	19	8	295	148	2	2	4	2
PHE108B	6	3	21	8	3580	410.334376357877	5	3	18	9	3580	410.334376357877	5	3	6	2
ASN338B	4	4	10	7	1073	1073	4	4	11	5	1	1	1	1	1	1
ASP334B	5	3	14	9	1939	1213	5	3	16	9	5	5	2	2	2	1
LEU202B	5	4	17	10	1307	843.280637850703	5	4	20	10	1	1	1	1	1	1
VAL187A	9	8	30	17	18277	14249.2164578706	7	7	33	16	10276	8335.14401279998	4	3	14	7
GLY171B	3	3	4	4	549	443.302552498122	3	3	3	2	1	1	1	1	1	1
THR172B	4	4	7	6	631	242.697447501878	3	3	4	3	1001	714.176369448518	2	2	4	4
ALA132A	6	6	18	14	1748	691.481002966794	3	3	9	8	1	1	1	1	1	1
ILE34A	7	2	26	4	601	26	6	2	24	3	576	1	4	1	12	0
VAL231A	10	10	36	31	2627	1229.48462789057	9	9	49	34	1	1	1	1	1	1
CYS155B	6	6	13	11	2641	1222.53638158486	5	5	18	14	1	1	1	1	1	1
THR157B	4	3	10	5	1535	524.852561678577	4	3	11	6	1	1	1	1	1	1
VAL212B	9	9	37	32	8627	6975.24491558033	6	6	33	28	1	1	1	1	1	1
ASN164A	6	3	18	10	836	303.651237732178	5	3	20	9	40	13.8633407248764	2	2	3	3
ILE214A	6	5	29	19	454	282.865579492434	5	4	24	9	312	174.865579492434	3	3	7	4
ARG355A	5	3	13	6	549	284.5	5	3	14	5	1	1	1	1	1	1
ARG379D	4	3	9	6	721	217.526359311706	4	3	7	6	577	145.526359311706	3	2	2	1
ASP196B	3	2	7	2	195	50.4736406882938	2	2	3	2	195	50.4736406882938	2	2	2	1
ASN186B	5	2	17	2	1168	279.760481245588	4	2	11	1	1164	279.760481245588	3	2	3	1
VAL187B	10	8	27	14	16966	14457.0471510547	8	7	31	12	4921	4592.72035337174	3	3	7	3
GLU138B	5	3	15	4	1695	1	2	1	6	0	1	1	1	1	1	1
LEU139B	7	5	23	13	177	151	5	4	21	10	1	1	1	1	1	1
ARG91A	6	5	15	9	7511	6802.5	3	3	5	4	1	1	1	1	1	1
GLY171A	4	4	8	7	2811	2004.15554348664	4	4	5	4	1	1	1	1	1	1
SER174A	7	3	21	4	658	427.136941167495	6	3	24	3	31	1	3	1	4	0
VAL183A	11	10	37	31	8922	8897.5	10	9	44	25	30	30	3	2	3	0
ALA168B	7	6	20	11	4910	1955	4	3	12	8	1	1	1	1	1	1
PRO195A	4	4	16	15	233	134.5	3	3	15	12	1	1	1	1	1	1
VAL188A	9	9	23	16	23815	18547.3559872	9	9	34	22	20891	16762.8559872	6	6	14	7
LEU35B	7	6	32	28	8963	6271.25508441967	5	4	27	18	5000	4715.25585283011	3	3	6	4
ASP127A	7	6	26	16	11983	4343.75412862416	5	4	23	13	5132	1	2	1	1	0
ASP360A	2	2	5	4	1	1	1	1	1	1	1	1	1	1	1	1
SER359A	6	4	10	6	2303	663.5	5	4	12	5	1	1	1	1	1	1
PRO185B	6	5	21	6	4920	3882.69822167326	5	4	18	3	4920	3882.69822167326	5	4	13	3
ILE182B	7	4	25	12	1957	563.544606706091	6	4	27	12	1351	563.544606706091	4	4	12	10
LEU202A	7	5	23	11	1608	793.104952351931	5	4	18	9	1	1	1	1	1	1
VAL230A	6	6	22	21	289	174.196719715577	5	5	20	13	1	1	1	1	1	1
HIS144A	7	3	26	7	21169	10724	6	3	28	6	20416	10724	5	3	12	3
GLU16A	4	1	12	1	145	1	3	1	6	0	1	1	1	1	1	1
ARG175A	5	3	19	7	1587	1289.0101538972	5	3	23	5	1	1	1	1	1	1
GLY181A	8	8	17	15	821	558.351961660325	7	7	25	17	1	1	1	1	1	1
VAL235A	8	7	28	22	9777	3223.60715033131	6	5	34	22	1	1	1	1	1	1
ALA23B	8	7	23	13	963	626.739855878192	4	4	12	9	1	1	1	1	1	1
ARG120B	10	6	34	11	34299	16048.3868960195	7	5	22	5	32605	14354.3868960195	5	3	11	2
GLU243A	5	2	21	5	11712	2838.11568061303	4	2	15	4	11705	2838.11568061303	3	2	5	2
ARG33A	4	3	11	4	2511	1344.55529809171	4	3	13	4	498	1	2	1	4	0
ILE208A	5	2	15	4	613	25	4	2	14	4	49	25	2	2	4	4
THR56A	6	5	13	7	22872	2579	4	3	8	3	1	1	1	1	1	1
PRO54A	9	8	24	18	18601	8677.42157445821	7	6	34	16	18278	15791.4298246364	3	3	4	2
HIS222A	8	5	19	8	5177	1794.5	7	5	23	6	1	1	1	1	1	1
VAL221A	6	5	19	6	1585	1053	5	4	14	2	1315	793	3	3	5	2
ILE109B	7	5	27	20	960	224.256136047294	6	4	25	13	1	1	1	1	1	1
VAL38B	10	9	39	27	891	316.806714283948	8	7	45	25	418	418	2	2	3	2
ALA168A	5	4	15	7	7373	1280	3	2	7	3	1	1	1	1	1	1
PRO232A	6	5	24	20	4493	2202.54299141047	5	4	28	17	1	1	1	1	1	1
GLN10B	3	2	4	3	3	1.73193219993338	2	2	3	3	1	1	1	1	1	1
HIS9B	4	3	4	4	3	1.50185958828541	2	2	3	3	1	1	1	1	1	1
ALA45A	5	5	18	15	915	630.803275913437	3	3	13	12	1	1	1	1	1	1
VAL105B	9	7	29	17	4640	1773.23630978342	7	6	33	18	4287	1543.7471841604	3	3	9	8
HIS380C	4	4	10	7	1699	1179.21684140001	3	3	9	8	1	1	1	1	1	1
ALA46A	7	7	22	17	1365	443.598297673961	6	6	29	23	1	1	1	1	1	1
GLY47A	6	6	14	13	561	423.251476293152	6	6	20	15	1	1	3	3	7	5
ARG110B	5	4	12	8	858	240.173211234938	3	2	8	6	388	1	2	1	2	0
GLY134B	7	7	20	16	1469	904.325283610164	7	7	23	12	1	1	1	1	1	1
CYS179A	8	7	17	15	305	248.057802114086	5	5	21	17	1	1	1	1	1	1
PHE198A	10	3	33	8	5499	560.518729622325	7	3	36	8	1	1	1	1	1	1
PRO223A	7	6	24	14	4105	2522.82394803809	7	6	26	15	1	1	1	1	1	1
GLU130A	8	3	28	12	2679	594.795090599928	7	3	34	12	1	1	1	1	1	1
VAL13B	7	7	20	16	549	529.575276506822	6	6	27	17	543	527.081532644353	3	3	8	4
GLY247A	6	6	16	10	1429	814.410370241784	6	6	25	11	1	1	2	2	2	0
LEU248A	4	2	9	1	356	1	3	1	11	0	1	1	1	1	1	1
ALA143A	9	6	26	13	957	853	8	5	35	12	180	180	4	4	9	3
GLY21B	8	8	17	13	1485	236.833010927498	3	3	6	3	1	1	1	1	1	1
TYR25B	5	2	23	6	4131	244.00609605906	4	2	21	6	2715	244.00609605906	3	2	10	3
GLU344A	3	2	8	5	64	1	2	1	3	0	1	1	1	1	1	1
GLY347A	4	4	10	8	673	657.412607095097	4	4	10	6	578	578	2	2	4	2
GLU142A	6	2	23	6	548	1	4	2	20	5	180	1	3	1	7	0
SER174B	7	4	20	4	2065	1484.55389965642	6	4	23	5	275	56.4373959037902	4	2	9	2
VAL173B	5	5	15	12	1755	1755	3	3	10	7	2813	2099.82363055148	5	5	11	7
ALA23A	8	7	23	13	2164	1670.14708496088	4	4	11	6	1188	1188	3	3	5	3
LEU342A	7	5	22	13	3655	2048.80408772527	4	4	11	9	2617	1507.7496579863	4	4	9	7
GLU210A	7	4	26	10	6683	3086.3867654386	6	4	27	11	1669	1669	2	2	3	1
CYS152A	9	7	24	15	4335	1378.97771561443	8	7	35	20	1	1	1	1	1	1
ALA351B	3	3	4	2	1089	545	2	2	2	2	1089	545	2	2	2	2
GLU350B	4	1	6	1	1	1	1	1	1	1	1	1	1	1	1	1
LEU22B	8	6	31	18	4382	2015.87457783927	5	5	21	19	2441	1221	3	3	6	6
VAL238A	7	7	31	26	5221	3701.01180119424	5	5	17	14	5948	3943.35619958122	5	5	14	12
CYS326B	5	3	15	10	549	548	4	2	14	4	1	1	2	2	5	1
VAL325B	4	4	11	9	549	549	4	4	14	7	547	547	2	2	5	1
CYS152B	8	7	23	16	3851	2998.01622215177	8	7	32	18	1	1	1	1	1	1
PRO236B	8	7	32	23	8415	5984.92067556254	8	7	37	25	2248	1949.46046079248	4	4	5	4
LEU95B	6	6	20	11	18263	17634.2949818651	6	6	22	11	11102	10473.2949818651	4	4	6	4
MET219A	7	4	29	10	5875	690.666793236384	6	4	29	6	3055	224	4	2	8	1
SER218A	5	3	16	4	1195	483	4	2	15	0	591	591	3	3	4	1
TRP96A	4	3	13	1	3089	3089	3	3	9	0	1	1	1	1	1	1
ALA104B	5	4	17	9	2565	1440.9695598792	5	4	18	11	2565	1440.9695598792	4	3	10	5
LEU119A	6	5	14	8	1051	919.613138867199	6	5	19	10	1051	919.613138867199	5	5	5	4
GLY98B	3	3	5	5	834	834	2	2	3	2	1	1	1	1	1	1
HIS99B	4	3	7	3	3125	1204.07607501193	4	3	7	3	1744	656.076075011933	2	2	2	2
PHE100B	7	4	19	7	3943	1104.67675344966	6	4	24	7	1744	1088.92392498807	3	3	2	1
PRO102B	7	3	23	4	8202	1437.35701890981	5	2	19	3	1	1	2	1	2	0
GLY180A	5	5	12	11	567	301.580082328391	3	3	10	8	1	1	1	1	1	1
HIS222B	7	4	18	5	5279	1188.5	6	4	16	3	1814	415	5	3	7	0
ARG110A	6	4	19	12	934	910.05600846673	4	3	14	9	1	1	1	1	1	1
PRO17A	5	3	12	4	955	1	4	2	12	4	1	1	1	1	1	1
VAL329A	7	7	22	18	1106	1036.48819880575	4	4	13	10	1162	833.178924747386	4	4	11	8
LEU14B	8	6	24	15	4317	1703.08882839752	7	6	26	18	41	27.4519105041055	2	2	3	3
ILE214B	7	5	34	21	139	120.5	6	4	34	11	1	1	1	1	1	1
PRO195B	3	3	10	8	235	235	2	2	7	4	1	1	1	1	1	1
GLN124B	7	4	32	11	56011	21115.7713953767	7	4	40	12	56011	21115.7713953767	5	4	13	8
VAL105A	9	7	27	17	8315	3612.63690027954	7	6	32	17	1	1	1	1	1	1
GLN101B	5	2	19	4	480	1	3	1	14	0	1	1	1	1	1	1
LEU37B	9	7	39	25	1518	1003.08775615125	6	5	28	13	1249	665.805693443591	4	3	8	5
VAL36B	8	8	31	25	1063	609.743863952706	4	4	12	10	1105	451.938453726298	3	3	5	4
ALA206A	9	7	28	24	1070	507.228140177914	8	6	38	22	1	1	1	1	1	1
LEU95A	6	6	23	12	11239	9633.39862501185	6	6	25	11	5132	5132	2	2	1	0
ARG80A	5	4	11	4	1601	485.718614944101	4	3	14	4	1601	485.718614944101	4	3	6	3
LEU76A	3	2	8	3	547	547	2	2	5	2	1	1	1	1	1	1
HIS144B	6	3	26	9	51959	25956	5	3	23	8	25813	25813	3	2	7	3
ARG357B	2	2	3	1	1	1	1	1	1	1	1	1	1	1	1	1
LYS354B	4	1	4	1	1	1	1	1	1	1	1	1	1	1	1	1
GLU167B	6	3	12	3	689	408.88349624737	3	2	7	3	1	1	1	1	1	1
SER170B	4	3	6	4	55	1	2	1	2	0	1	1	1	1	1	1
LEU79A	7	6	22	12	8357	6988.23839264692	7	6	28	12	8357	6988.23839264692	6	5	16	10
SER53A	3	3	11	9	1	1	1	1	1	1	18276	2487.57017536356	2	2	2	2
LEU19A	7	5	23	10	24161	19589.0787635057	6	5	19	8	24161	19589.0787635057	5	5	10	6
PHE331A	7	4	22	12	18569	10109.393792411	5	3	19	8	19485	10372.2030664694	6	4	14	7
ILE213B	5	3	22	10	1	1	2	2	6	3	330	1	3	2	4	1
ILE34B	8	4	28	12	964	302.600942603306	7	4	27	10	777	184.100942603306	4	2	12	3
CYS335B	7	6	23	18	500	323.398177398372	6	5	27	14	54	50	3	2	7	5
ALA104A	6	6	17	14	7937	2921.28555351268	5	5	16	15	1	1	1	1	1	1
PRO236A	8	7	31	23	3581	2181.13361064521	8	7	35	23	805	625.103288301721	4	4	6	5
GLN101A	5	2	18	4	2126	1590	4	2	16	3	1	1	1	1	1	1
ALA151B	6	5	21	11	807	675	5	4	18	5	615	615	2	2	2	1
ARG117B	6	4	18	12	1093	638.725900448555	6	4	27	13	277	277	3	3	11	8
LEU226A	5	2	20	6	189	28	3	2	10	5	1	1	1	1	1	1
LEU352B	7	6	19	13	7334	4883.01948883456	5	5	10	8	4940	3607.51948883456	3	3	5	4
MET356B	4	1	10	1	1484	1	3	1	6	0	1011	1	2	1	3	0
ILE48A	6	4	16	10	1369	1011.75049270151	5	4	22	10	561	4.73786911703778	3	2	7	2
PRO49A	4	4	11	8	1	1	3	3	11	8	549	549	4	4	8	5
ARG27A	3	3	8	5	549	549	3	3	8	3	549	549	2	2	2	0
TYR345A	4	1	10	1	1736	1	3	1	5	0	1736	1	3	1	3	0
ALA42B	10	6	34	23	3100	265.762080034318	9	5	54	25	2459	1	2	1	6	0
THR172A	4	4	8	7	428	172.344456513357	3	3	5	4	1	1	1	1	1	1
PRO83B	7	6	17	9	6976	2866.31124843124	6	5	17	9	6976	2866.31124843124	6	5	15	7
PRO17B	4	2	9	1	1097	1	3	1	7	0	1	1	1	1	1	1
THR18B	5	4	16	10	2463	1508.1669890725	5	4	13	5	1	1	1	1	1	1
GLY246B	7	7	21	15	1375	954.910432496891	6	6	23	10	553	277	2	2	6	3
ALA7A	4	4	4	2	1643	1002.37588273944	4	4	4	3	1	1	1	1	1	1
GLN10A	4	2	7	3	3273	300.788099992778	3	2	6	3	2181	1	2	1	2	0
LEU118B	7	7	29	24	1305	1258.5	6	6	24	15	1	1	1	1	1	1
PRO223B	7	6	20	9	4935	3233.36686423113	7	6	23	11	538	189.362138264449	2	2	1	1
GLU192A	6	3	18	5	13645	1553.14394467301	6	3	22	4	12244	1553.14394467301	3	2	10	3
ALA45B	4	4	15	12	857	648.573296372045	2	2	6	5	857	648.573296372045	2	2	6	5
PHE385C	3	1	10	1	549	1	3	1	9	0	1	1	1	1	1	1
PHE190B	4	2	12	1	791	135	4	2	12	0	1	1	1	1	1	1
PHE252A	4	3	15	8	12271	5966.87869328852	4	3	19	7	1	1	1	1	1	1
CYS122A	8	5	29	16	735	7	7	4	30	10	173	83.0556222573691	2	2	1	1
GLU20B	3	1	12	1	1	1	1	1	1	1	1	1	1	1	1	1
CYS121B	6	6	24	17	306	99.7156487087218	5	5	24	15	1	1	1	1	1	1
LEU140B	8	7	24	14	20707	20098.2843512913	6	5	28	13	21137	5941.93400829152	3	3	9	4
LEU139A	5	3	19	10	989	491.263551145688	4	3	18	8	1	1	1	1	1	1
TYR87B	7	4	23	13	800	13	6	4	23	13	163	1	3	2	7	2
GLY191B	4	4	8	5	1957	1957	4	4	10	4	549	549	2	2	1	0
LYS381D	2	1	3	1	549	1	2	1	3	0	549	1	2	1	1	0
THR217B	9	6	27	15	43097	26584.8863175769	9	6	46	16	43097	26584.8863175769	7	5	19	8
ALA40B	7	5	19	14	3357	1997.58233906796	6	4	24	11	1	1	1	1	1	1
PHE51B	3	1	8	1	541	1	2	1	5	0	1	1	1	1	1	1
LEU111A	4	4	12	9	3769	2960.5	4	4	10	7	1	1	1	1	1	1
LEU352A	9	6	19	12	7714	4022.91738528345	6	5	14	8	1	1	1	1	1	1
ASP205A	6	4	24	14	2093	467.963321718541	5	3	24	10	1674	467.963321718541	3	3	9	8
GLY134A	7	7	21	17	5317	3163.7926860028	7	7	25	15	1	1	1	1	1	1
GLY347B	4	3	10	8	549	344.058306460334	4	3	12	7	1	1	1	1	1	1
LEU111B	3	3	7	6	2721	1877.48051116544	3	3	5	5	2721	1877.48051116544	3	3	3	3
ASN241B	5	3	22	12	1563	976.169025900225	5	3	28	12	1563	976.169025900225	5	3	13	6
VAL239B	9	9	27	20	4267	3005.43700344809	7	7	30	19	358	358	3	3	5	2
ILE215A	5	3	20	7	1056	220.251940164761	4	2	19	5	506	506	2	2	2	1
ARG117A	6	4	17	10	1557	1017	6	4	24	8	1017	1017	4	4	13	7
ARG27B	3	3	8	7	549	309.114335135817	3	3	9	6	1	1	1	1	1	1
VAL340A	7	5	24	15	6177	2613.08261471655	3	3	9	8	1	1	1	1	1	1
LEU194B	5	4	17	9	873	830.5	4	4	19	11	1	1	1	1	1	1
CYS122B	8	6	34	20	1578	233.466721883954	6	4	26	12	1578	233.466721883954	6	4	12	6
ASP205B	7	4	27	11	22787	2716.49742336745	5	2	22	4	18633	2716.49742336745	3	2	7	2
THR341A	7	5	16	8	2809	943.527444083299	2	2	5	4	2809	943.527444083299	2	2	4	4
TYR345B	3	1	9	1	300	1	2	1	3	0	1	1	1	1	1	1
VAL36A	8	8	28	21	851	504.104656411144	4	4	10	8	858	225.183712273008	3	3	4	2
HIS204B	5	4	15	5	1357	520	4	3	11	3	520	520	2	2	2	1
PRO207B	8	6	24	13	13615	13615	6	4	22	3	1	1	1	1	1	1
GLU167A	6	3	10	3	413	184.863058832505	3	2	7	2	1	1	1	1	1	1
ASN241A	5	3	20	8	3038	1895.2238682484	4	3	18	8	2396	1895.2238682484	3	3	2	1
THR217A	6	2	20	3	1905	681	6	2	27	1	909	1	2	1	2	0
HIS380D	3	2	8	5	549	349.637861735551	3	2	9	5	538	349.637861735551	2	2	1	1
ASN66A	5	4	9	5	571	554	5	4	7	0	18	1	2	1	1	0
LYS64A	4	2	9	3	339	1	2	1	4	0	1	1	1	1	1	1
VAL44B	6	5	15	13	287	162.5	5	4	17	9	1	1	1	1	1	1
LEU330B	6	5	19	13	2971	2466.1238188512	4	4	14	10	1252	1252	4	3	5	0
GLU81B	2	1	6	1	549	1	2	1	5	0	549	1	2	1	5	0
ALA133B	7	7	26	21	2529	1890.5015051549	4	4	15	11	1	1	1	1	1	1
PHE51A	3	2	5	1	2848	1963.57915281967	2	2	2	1	2848	1963.57915281967	2	2	2	1
LEU330A	6	5	22	16	15381	13026.7257050763	4	4	16	13	1	1	3	2	8	3
ALA343A	5	5	19	15	1034	517.5	2	2	5	4	1	1	1	1	1	1
PHE199B	4	3	13	5	383	383	2	2	3	2	383	383	2	2	2	1
ARG251B	3	2	8	1	549	2	3	2	7	0	548	1	2	1	4	0
LEU248B	4	1	9	1	2	1	3	1	7	0	1	1	1	1	1	1
PHE74B	4	2	14	3	2437	256.751835814964	3	2	11	3	829	256.751835814964	2	2	4	3
ALA201A	8	8	27	19	392	136.046471787766	3	3	13	9	380	130.046471787766	2	2	5	4
HIS9A	3	3	5	4	3	1.50454310029419	2	2	3	3	1	1	1	1	1	1
GLU337A	2	1	6	1	1	1	1	1	1	1	1	1	1	1	1	1
GLY216B	8	8	25	20	8469	5907.39920178971	8	8	43	28	3750	2395.94710088955	3	3	10	6
SER146A	5	3	17	3	1109	1	2	1	6	0	1	1	1	1	1	1
GLY145A	6	5	18	9	774	774	5	4	21	7	1	1	2	1	5	0
LEU194A	6	5	23	15	4675	3334	5	5	27	19	1	1	1	1	1	1
GLU154A	5	2	14	3	637	176.273010402143	5	2	20	2	560	176.273010402143	2	2	3	2
PHE86B	5	3	16	4	1080	164.773587442422	4	2	16	2	1080	164.773587442422	4	2	9	1
ASP114A	3	3	11	7	1	1	1	1	1	1	1	1	1	1	1	1
ARG332A	8	5	21	9	63204	32174.4957801815	7	5	21	9	42285	18990.4957801815	4	3	6	4
ILE26A	6	3	24	10	1342	162.712642531977	5	2	25	5	758	162.712642531977	4	2	13	3
ALA353B	5	5	11	7	1	1	1	1	1	1	1	1	1	1	1	1
LYS131B	5	1	15	1	1544	1	4	1	15	0	1	1	1	1	1	1
CYS335A	9	6	29	18	477	132.86384791454	7	5	31	14	3	1	2	1	3	0
CYS155A	6	6	13	11	2672	1118.91331448959	5	5	17	14	1	1	1	1	1	1
THR157A	3	3	6	5	1227	480.548950256178	3	3	7	6	1	1	1	1	1	1
ILE85A	5	4	13	3	7874	6579.44333957119	4	4	9	3	7874	6579.44333957119	4	4	5	1
ARG175B	5	3	17	7	549	520.307423846102	5	3	21	5	1	1	1	1	1	1
THR178B	3	2	10	7	1	1	1	1	1	1	1	1	1	1	1	1
VAL13A	8	7	25	19	1075	1015.01354474558	7	6	30	17	653	593.013544745583	4	4	8	6
THR71B	3	3	6	1	603	603	3	3	5	0	1	1	1	1	1	1
SER349B	3	2	6	1	1	1	1	1	1	1	1	1	1	1	1	1
MET240B	5	3	21	7	209	105	4	3	14	8	341	1	2	1	2	0
ALA148B	4	4	12	3	1	1	1	1	1	1	476	71.3352253979444	2	2	2	2
SER146B	5	3	19	3	66	1	2	1	7	0	476	405.664774602056	3	3	4	1
LEU342B	9	6	28	13	2861	1713.29104580285	6	6	19	14	739	476.665623642123	2	2	4	2
ASN338A	6	4	20	10	23889	12081	6	4	24	8	23600	12081	3	2	7	2
ALA225A	7	6	27	13	5261	3618.30921827556	4	4	15	10	1	1	1	1	1	1
PRO49B	2	2	7	6	1	1	1	1	1	1	1	1	1	1	1	1
LEU166A	3	2	4	1	1	1	1	1	1	1	1	1	1	1	1	1
TYR165A	3	1	4	1	937	1	2	1	2	0	1	1	1	1	1	1
GLU28A	2	2	2	1	1	1	1	1	1	1	1	1	1	1	1	1
ALA132B	5	5	16	13	88	9.55299714929484	2	2	4	4	1	1	1	1	1	1
ASP72B	4	1	7	1	899	1	3	1	5	0	1	1	1	1	1	1
ILE182A	8	4	26	12	4771	2524.40733612285	7	4	31	11	3612	2524.40733612285	4	4	12	10
LEU112A	3	3	11	9	325	163	2	2	3	3	1	1	1	1	1	1
PHE108A	6	4	21	7	5357	1043.46606291817	5	3	17	6	1270	455.999481020887	2	2	4	2
LEU346A	8	5	21	10	3877	1892.85343401823	7	4	19	6	2451	905.521530615364	5	3	6	4
PHE74A	4	2	8	1	5873	885.420847180334	3	2	6	1	5873	885.420847180334	3	2	2	1
GLY191A	4	4	8	3	1191	1191	4	4	9	2	52	52	2	2	1	0
PHE190A	3	1	7	1	555	1	3	1	7	0	271	1	2	1	2	0
PRO158B	4	3	8	3	561	313.499398979722	4	3	8	2	1	1	1	1	1	1
LEU226B	5	2	19	6	400	130	3	2	10	5	1	1	1	1	1	1
CYS229B	6	3	23	6	119	2	4	2	15	1	1	1	1	1	1	1
GLN163A	4	3	9	2	5149	1405.61630453563	3	2	7	2	4057	1405.61630453563	2	2	2	2
PHE159A	5	3	18	3	8085	2653.38369546437	5	3	22	3	4058	2653.38369546437	3	3	3	1
PRO97B	4	3	14	6	1	1	2	2	6	0	1	1	1	1	1	1
GLU68A	4	2	13	2	2084	739	3	2	9	2	1477	739	2	2	4	2
LYS82A	4	1	10	1	8949	1	4	1	9	0	8949	1	4	1	8	0
ARG251A	3	2	8	1	740	1	2	1	5	0	740	1	2	1	4	0
PRO97A	4	3	13	3	1	1	2	2	8	0	1	1	1	1	1	1
ARG332B	5	2	9	2	1967	194	4	2	9	1	1252	1	2	1	3	0
GLY333B	4	4	8	5	361	361	3	3	7	3	1	1	1	1	1	1
GLY98A	3	3	4	4	527	527	2	2	2	1	1	1	1	1	1	1
TYR87A	8	4	25	13	1699	21	6	4	22	12	1	1	2	2	2	1
ASP114B	3	3	10	6	1	1	1	1	1	1	1	1	1	1	1	1
LEU348A	4	4	11	7	747	730.587392904903	4	4	12	6	471	471	2	2	4	2
VAL212A	7	7	28	23	5368	4372.19786176613	4	4	19	15	1	1	1	1	1	1
GLU20A	4	1	14	1	1	1	2	1	5	0	1	1	1	1	1	1
ALA151A	6	5	24	16	1405	978	4	3	15	3	646	646	2	2	1	0
THR18A	6	5	17	12	13161	5763.07541220734	6	5	15	7	6517	1	2	1	5	0
PRO8A	2	2	3	3	549	341.33147416749	2	2	3	3	1	1	1	1	1	1
LEU118A	6	6	25	21	422	393.5	5	5	19	11	1	1	1	1	1	1
VAL339A	7	6	23	16	6197	5044.99375246931	4	4	14	9	1	1	1	1	1	1
ASP55A	2	2	8	7	549	549	2	2	7	5	1	1	1	1	1	1
MET240A	6	3	26	6	509	327	5	3	20	7	115	38	3	2	7	4
GLN163B	4	3	8	2	2910	761.93522794879	3	2	6	2	1818	761.93522794879	2	2	2	2
PHE159B	4	3	15	3	4219	1217.62737614742	4	3	16	4	2034	1217.62737614742	3	3	4	2
PRO83A	7	6	17	8	11346	6807.5004804211	6	5	18	8	10679	6807.5004804211	5	5	12	7
VAL173A	5	4	16	10	1067	1067	3	3	10	7	1	1	1	1	1	1
SER170A	4	3	7	4	1040	1	2	1	3	0	1	1	1	1	1	1
ARG91B	4	4	7	7	1627	1627	2	2	3	2	1	1	1	1	1	1
SER88B	3	2	7	3	1	1	1	1	1	1	1	1	1	1	1	1
TYR65A	4	1	9	1	958	1	3	1	7	0	750	1	2	1	3	0
CYS121A	6	6	22	15	377	203.536212546649	5	5	22	14	173	90.9443777426309	2	2	1	1
GLY57A	6	6	15	10	20294	20294	2	2	3	2	1	1	1	1	1	1
ILE126A	6	5	21	11	11169	5995.44579529856	6	5	25	12	3026	3026	2	2	2	1
LEU93B	4	2	13	3	1998	1	3	1	10	0	1	1	2	1	2	0
ALA7B	4	4	4	3	8	4.90736144839495	4	4	3	3	1	1	1	1	1	1
GLY116A	5	5	16	11	737	737	5	5	18	9	1	1	1	1	1	1
ASN164B	6	3	20	9	3063	976.942161454676	5	3	19	8	1779	976.942161454676	3	3	9	8
HIS24B	2	1	7	1	1	1	1	1	1	1	1	1	1	1	1	1
ILE213A	5	2	18	2	61	61	2	2	5	1	566	61	3	2	4	0
GLU16B	4	2	10	1	21	1	3	1	5	0	1	1	1	1	1	1
MET356A	3	2	11	5	549	220.078620744369	2	2	4	4	1	1	1	1	1	1
ILE89A	6	3	15	5	13713	949.331362565153	3	2	5	2	13713	949.331362565153	3	2	4	2
SER75A	3	3	10	6	549	549	3	3	9	6	1	1	1	1	1	1
GLN220A	5	1	12	1	757	1	5	1	14	0	483	1	2	1	2	0
ILE109A	6	4	20	15	1781	481.859131042207	6	4	24	13	1	1	1	1	1	1
LEU14A	8	6	25	17	7515	3802.87133108293	7	6	28	19	83	56.6576430305818	2	2	3	3
ALA353A	5	5	12	8	1	1	1	1	1	1	1	1	1	1	1	1
PRO8B	3	3	4	4	4	2.85884676338626	2	2	3	3	1	1	1	1	1	1
GLU115A	4	1	10	1	893	1	4	1	11	0	1	1	1	1	1	1
ARG357A	3	3	6	4	1	1	1	1	1	1	1	1	1	1	1	1
HIS156B	4	2	9	4	1	1	2	1	3	0	1	1	1	1	1	1
GLU84A	3	3	8	5	290	290	2	2	3	0	290	290	2	2	3	0
GLN220B	3	1	11	1	551	1	3	1	11	0	415	1	2	1	4	0
ILE153A	5	4	17	9	1443	666.862165462881	5	4	22	10	1438	661.862165462881	3	3	8	6
ALA150A	9	9	27	21	1138	965.636659275124	7	7	29	20	139	126.136659275124	4	4	5	2
SER160A	4	4	6	6	1651	1651	4	4	7	4	11	11	2	2	3	2
ALA351A	4	4	11	8	1095	548	2	2	3	3	1	1	1	1	1	1
TYR59A	7	2	19	4	5831	1922.93150569086	5	2	19	4	3253	1922.93150569086	4	2	5	2
GLU92B	2	2	3	3	1	1	1	1	1	1	1	1	1	1	1	1
LYS381C	4	1	6	1	163	1	3	1	5	0	52	1	2	1	1	0
ALA60A	3	3	9	6	1	1	1	1	1	1	1	1	1	1	1	1
ASP360B	3	3	5	3	549	549	3	3	5	2	1	1	1	1	1	1
GLU92A	2	2	4	2	549	278.980000519397	2	2	2	2	549	278.980000519397	2	2	2	2
ASN193A	3	2	10	1	757	112	3	2	10	0	1	1	1	1	1	1
SER177A	2	1	8	1	1	1	1	1	1	1	1	1	1	1	1	1
ASN186A	5	2	14	2	709	22.5	4	2	9	1	646	1	2	1	1	0
MET169B	3	1	12	1	549	1	2	1	6	0	1	1	1	1	1	1
ARG355B	3	2	7	4	549	388	3	2	6	1	549	388	3	2	4	0
LEU249B	5	2	18	2	551	2	4	2	16	1	1	1	1	1	1	1
SER177B	2	1	8	1	1	1	1	1	1	1	1	1	1	1	1	1
LEU67A	4	3	13	6	561	289.5	4	3	13	6	18	18	2	2	1	0
LEU112B	4	4	16	11	616	308.5	3	3	9	6	1	1	1	1	1	1
ASN94B	2	1	3	1	549	1	2	1	3	0	1	1	1	1	1	1
LYS29A	3	1	14	1	23	1	2	1	8	0	23	1	2	1	7	0
THR77A	2	2	5	4	1	1	1	1	1	1	1	1	1	1	1	1
GLU344B	2	1	7	1	1	1	1	1	1	1	1	1	1	1	1	1
SER349A	3	2	5	1	1	1	1	1	1	1	1	1	1	1	1	1
LEU358B	2	2	3	1	1	1	1	1	1	1	1	1	1	1	1	1
GLU162A	2	1	3	1	549	1	2	1	3	0	1	1	1	1	1	1
LYS29B	2	1	9	1	549	1	2	1	8	0	549	1	2	1	7	0
GLU81A	2	1	6	1	549	1	2	1	5	0	549	1	2	1	4	0
LYS386C	2	1	5	1	549	1	2	1	4	0	1	1	1	1	1	1
THR77B	2	2	4	3	1	1	1	1	1	1	1	1	1	1	1	1
ASN193B	2	1	6	1	549	1	2	1	6	0	1	1	1	1	1	1
GLU243B	2	1	8	1	549	1	2	1	7	0	1	1	1	1	1	1
GLU350A	3	1	4	1	1	1	1	1	1	1	1	1	1	1	1	1
GLU11A	1	1	1	1	1	1	1	1	1	1	1	1	1	1	1	1
ASN94A	1	1	1	1	1	1	1	1	1	1	1	1	1	1	1	1
MET169A	1	1	1	1	1	1	1	1	1	1	1	1	1	1	1	1
ASP324A	1	1	1	1	1	1	1	1	1	1	1	1	1	1	1	1
GLU11B	1	1	1	1	1	1	1	1	1	1	1	1	1	1	1	1
GLU28B	1	1	1	1	1	1	1	1	1	1	1	1	1	1	1	1
SER378D	1	1	1	1	1	1	1	1	1	1	1	1	1	1	1	1
LYS386D	1	1	1	1	1	1	1	1	1	1	1	1	1	1	1	1
