Degree	Degree_sidechain	SecondOrderDegree	SecondOrderDegree_sidechain	NodeEdgeBetweennessSTRIDE	NodeEdgeBetweennessSTRIDE_sidechain	IntermodularDegreeSTRIDE	IntermodularDegreeSTRIDE_sidechain	SecondOrderIntermodularDegreeSTRIDE	SecondOrderIntermodularDegreeSTRIDE_sidechain	NodeEdgeBetweennessWALKTRAP	NodeEdgeBetweennessWALKTRAP_sidechain	IntermodularDegreeWALKTRAP	IntermodularDegreeWALKTRAP_sidechain	SecondOrderIntermodularDegreeWALKTRAP	SecondOrderIntermodularDegreeWALKTRAP_sidechain
ARG3A	0.891485976272522	1.10738761920797	0.237127267530453	0.417664043404289	0.010751991813444	0.298186325644426	0.969634185488935	1.55309650251506	0.9331023046771	1.54686920910805	0.0221399487367926	0.167864481692119	-0.443087116335965	-0.105048056208503	-0.311675040505342	0.189597620824807
GLU35A	-0.937998288078045	-0.742831695008531	-0.897238309574689	-1.00571089151863	-0.523858712395904	-0.510768831112532	-0.168841773592601	-0.349312362157366	-0.368216996133248	-0.90320551135839	-0.521350663359557	-0.388252405421284	-0.443087116335965	-0.105048056208503	-0.887826290316784	-0.83509791767873
ALA147A	1.34885704236016	1.56994244776209	1.74961470367064	1.66311711146184	-0.138561431192056	-0.0734675827539134	0.969634185488935	1.55309650251506	0.643920237830356	0.811846792968116	-0.35846010526728	-0.145398408377722	-0.443087116335965	-0.105048056208503	-0.503725457109156	-0.151967558676372
PHE179A	0.43411491018488	-0.280276866454406	0.993370985600548	-0.471945290922536	-0.00340703967845689	0.173349938062297	0.969634185488935	0.284823926066776	0.499329204406984	-0.658198039311747	0.146918292916454	0.364439309774629	0.832139218484618	0.646204709403824	-0.119624623901528	-0.151967558676372
ARG82A	0.43411491018488	-0.280276866454406	-0.0149539718262449	-0.471945290922536	-0.620397563477046	-0.511476296230604	-0.738079753133369	-0.983448650381509	-0.801990096403365	-0.90320551135839	-0.521872748481648	-0.389030783616937	-1.08070028374626	-0.85630082182083	-0.887826290316784	-0.493532738177551
GLU66A	0.43411491018488	-0.280276866454406	-0.267035211182943	-0.294023424057171	0.35400124010195	-0.154943481685219	0.400396205948167	0.284823926066776	-0.512808029556621	-0.658198039311747	0.167279612677989	-0.389030783616937	0.194526051074326	-0.85630082182083	-0.69577587371297	-0.83509791767873
GLU182A	-0.937998288078045	-0.742831695008531	-0.140994591504594	0.239742176538924	-0.620397563477046	-0.511476296230604	-1.30731773267414	-0.983448650381509	-1.09117216325011	-0.658198039311747	-0.521872748481648	-0.389030783616937	-1.08070028374626	-0.85630082182083	-0.887826290316784	-0.493532738177551
VAL178A	1.80622810844781	2.49505210487034	1.1194116052789	1.48519524459648	-0.513990296507609	-0.351235446987482	0.969634185488935	1.55309650251506	1.36687540494722	1.79187668115469	-0.499423088231751	-0.372295652410409	0.194526051074326	0.646204709403824	0.648577042513728	1.8974235183307
ALA194A	0.43411491018488	1.10738761920797	0.489208506887152	1.48519524459648	-0.257411483411951	-0.200651427992315	-0.168841773592601	0.284823926066776	-0.223625962709876	0.566839320921473	-0.0801887351929716	-0.0470502478657927	0.194526051074326	0.646204709403824	0.0724257927022858	1.21429315932834
LEU223A	-0.0232561559027614	0.182277962099719	0.74128974624385	0.951429644000384	-0.523858712395904	-0.420728871024902	0.400396205948167	0.918960214290918	0.21014713756024	1.54686920910805	-0.404403596011255	-0.28918725029292	0.832139218484618	1.39745747501615	0.840627459117542	1.8974235183307
ARG148A	-0.937998288078045	-0.742831695008531	-0.77119768989634	-0.827789024653266	-0.371112796907519	-0.511476296230604	-0.738079753133369	-0.983448650381509	-0.657399062979993	-0.90320551135839	-0.21854129254699	-0.389030783616937	-0.443087116335965	-0.85630082182083	-0.503725457109156	-0.83509791767873
ALA184A	0.43411491018488	0.644832790653844	0.111086647852104	0.239742176538924	-0.295597962284047	-0.153498946486588	0.969634185488935	0.918960214290918	1.07769333810047	0.321831848874829	-0.390829382836899	-0.389030783616937	-0.443087116335965	-0.85630082182083	-0.69577587371297	-0.83509791767873
ASN185A	-0.480627221990403	-1.20538652356266	-0.519116450539641	-1.00571089151863	-0.523858712395904	-0.511476296230604	-0.168841773592601	-0.983448650381509	-0.368216996133248	-0.90320551135839	-0.404403596011255	-0.389030783616937	0.194526051074326	-0.85630082182083	-0.503725457109156	-0.83509791767873
GLU76A	-0.937998288078045	-0.280276866454406	-1.14931954893139	-0.471945290922536	-0.620397563477046	-0.511476296230604	-1.30731773267414	-0.983448650381509	-1.09117216325011	-0.658198039311747	-0.521872748481648	-0.389030783616937	-1.08070028374626	-0.85630082182083	-0.887826290316784	-0.493532738177551
GLY78A	-0.0232561559027614	0.644832790653844	-0.897238309574689	-0.294023424057171	-0.333355379595783	-0.239749778926695	-0.168841773592601	0.284823926066776	-0.801990096403365	-0.168183095218459	-0.172597801803014	-0.0900676392196752	-0.443087116335965	-0.105048056208503	-0.69577587371297	-0.151967558676372
ALA13A	1.34885704236016	2.03249727631622	0.615249126565501	1.30727337773111	0.502885601547089	1.34066738287974	0.400396205948167	0.918960214290918	0.354738170983612	0.321831848874829	-0.518218152627014	-0.38358213624737	-0.443087116335965	-0.105048056208503	-0.503725457109156	-0.83509791767873
ASP21A	-0.480627221990403	-0.742831695008531	-0.267035211182943	-1.00571089151863	0.230002449157727	-0.372339013773479	-0.168841773592601	-0.349312362157366	-0.368216996133248	-0.658198039311747	-0.521872748481648	-0.389030783616937	-1.08070028374626	-0.85630082182083	-0.887826290316784	-0.493532738177551
LEU100A	1.34885704236016	1.10738761920797	1.49753346431394	0.417664043404289	0.106861781334226	0.53875567154606	0.969634185488935	1.55309650251506	1.07769333810047	0.321831848874829	0.802657206262291	0.766471647829116	2.1073655533052	2.14871024062848	2.18498037534424	0.872727979827165
LYS124A	0.43411491018488	-1.20538652356266	1.3714928446356	-1.00571089151863	0.712696704563438	-0.511476296230604	0.969634185488935	-0.983448650381509	0.9331023046771	-0.90320551135839	0.39020995981069	-0.389030783616937	0.832139218484618	-0.85630082182083	1.03267787572136	-0.83509791767873
ILE7A	0.43411491018488	-0.280276866454406	0.489208506887152	0.0618203096735591	1.70940670928119	0.916480661382656	0.400396205948167	-0.349312362157366	0.354738170983612	0.076824376828185	1.49807458888702	1.18205806832069	0.832139218484618	-0.105048056208503	1.03267787572136	0.189597620824807
LEU43A	0.43411491018488	0.182277962099719	-0.0149539718262449	-0.294023424057171	0.698108611511177	0.89703313057877	0.969634185488935	0.918960214290918	0.788511271253728	0.076824376828185	1.08249483170287	1.16066120570463	1.46975238589491	1.39745747501615	1.22472829232517	0.189597620824807
ILE157A	0.891485976272522	0.182277962099719	0.74128974624385	0.239742176538924	0.847422034516677	0.533861003056868	0.969634185488935	0.284823926066776	1.07769333810047	0.566839320921473	-0.521872748481648	-0.389030783616937	-0.443087116335965	-0.85630082182083	-0.69577587371297	-0.83509791767873
VAL118A	1.34885704236016	2.03249727631622	0.993370985600548	2.01896084519257	1.01218167369516	1.47953490389412	1.5388721650297	2.1872327907392	1.65605747179396	2.03688415320134	0.583903540106315	0.488426284657107	1.46975238589491	2.14871024062848	1.80087954213661	2.23898869783188
LEU193A	0.891485976272522	1.10738761920797	0.74128974624385	1.48519524459648	1.63217562841627	2.06887255963091	0.400396205948167	0.918960214290918	0.21014713756024	0.566839320921473	2.21907414249418	2.44996047584649	0.832139218484618	1.39745747501615	1.22472829232517	1.8974235183307
THR197A	1.34885704236016	1.10738761920797	1.3714928446356	1.84103897832721	-0.543595544172493	-0.450630803902739	0.400396205948167	0.918960214290918	0.354738170983612	1.79187668115469	-0.428419511627425	-0.32208641657751	1.46975238589491	1.39745747501615	1.6088291255328	2.58055387733306
LYS27A	-0.0232561559027614	-0.742831695008531	0.615249126565501	-1.00571089151863	-0.326490394630013	-0.511476296230604	-0.168841773592601	-0.983448650381509	-0.0790349292865043	-0.90320551135839	0.159448335846629	-0.257193393358881	1.46975238589491	-0.105048056208503	0.648577042513728	-0.493532738177551
TYR48A	1.80622810844781	-0.280276866454406	2.12773656270569	-0.294023424057171	0.397765519258734	-0.33531748183088	2.10811014457047	0.284823926066776	1.51146643837059	-0.413190567265103	0.327559745159814	-0.195214612899478	0.832139218484618	-0.105048056208503	1.41677870892898	-0.493532738177551
PHE385P	-0.480627221990403	-0.280276866454406	-0.140994591504594	0.0618203096735591	-0.523858712395904	-0.49732699386918	0.400396205948167	0.284823926066776	0.788511271253728	0.321831848874829	-0.516651897260742	-0.381247001660412	-0.443087116335965	-0.105048056208503	0.0724257927022858	0.872727979827165
TRP230A	1.80622810844781	1.56994244776209	0.74128974624385	1.48519524459648	-0.538017743887804	-0.441058457220082	2.67734812411124	2.1872327907392	2.23442160548745	1.54686920910805	-0.436772873580875	-0.311554581510758	2.74497872071549	2.89996300624081	1.80087954213661	1.55585833882952
ASP204A	0.43411491018488	0.644832790653844	0.237127267530453	0.595585910269654	3.22442307891458	0.85781979317974	1.5388721650297	1.55309650251506	1.36687540494722	1.05685426501476	-0.521872748481648	-0.389030783616937	-1.08070028374626	-0.85630082182083	-0.887826290316784	-0.493532738177551
THR165A	2.26359917453545	1.56994244776209	1.62357408399229	2.01896084519257	2.95754678837026	2.7240441702109	2.67734812411124	1.55309650251506	3.68033193972117	3.99694392957449	-0.468097980906313	-0.389030783616937	-0.443087116335965	-0.85630082182083	-0.119624623901528	-0.83509791767873
ARG18A	-0.480627221990403	-0.742831695008531	-0.393075830861292	-1.00571089151863	0.0450769166422945	-0.0245069491947357	0.400396205948167	-0.349312362157366	-0.223625962709876	-0.658198039311747	-0.521872748481648	-0.389030783616937	-1.08070028374626	-0.85630082182083	-0.887826290316784	-0.493532738177551
LEU227A	0.43411491018488	0.644832790653844	-0.140994591504594	0.595585910269654	0.0287725773485905	0.087270621073985	0.969634185488935	0.918960214290918	0.0655561041368678	-0.168183095218459	0.148484548282726	0.269731794550372	0.832139218484618	1.39745747501615	0.0724257927022858	0.189597620824807
ARG85A	0.43411491018488	0.644832790653844	-0.0149539718262449	-0.294023424057171	0.213698109864023	0.462732776315898	-0.168841773592601	-0.349312362157366	-0.368216996133248	-0.413190567265103	0.448683493484841	0.364119413109565	-0.443087116335965	-0.105048056208503	-0.311675040505342	-0.151967558676372
GLU86A	-0.480627221990403	-0.742831695008531	-0.267035211182943	-0.827789024653266	-0.620397563477046	-0.511476296230604	-1.30731773267414	-0.983448650381509	-1.09117216325011	-0.658198039311747	0.38237868297933	-0.389030783616937	-0.443087116335965	-0.85630082182083	-0.69577587371297	-0.83509791767873
GLN55A	1.34885704236016	0.644832790653844	1.1194116052789	1.12935151086575	1.62059096628654	1.62343215615508	0.400396205948167	0.918960214290918	-0.368216996133248	0.566839320921473	-0.521872748481648	-0.389030783616937	-0.443087116335965	-0.85630082182083	-0.69577587371297	-0.83509791767873
GLU91A	-0.0232561559027614	-0.742831695008531	0.489208506887152	-0.471945290922536	0.192674093406352	-0.188578879556374	-0.738079753133369	-0.349312362157366	-0.801990096403365	-0.168183095218459	-0.521872748481648	-0.389030783616937	-1.08070028374626	-0.85630082182083	-0.887826290316784	-0.493532738177551
GLU133A	0.43411491018488	-0.280276866454406	0.993370985600548	-0.294023424057171	2.01532760181832	0.631453939434579	0.400396205948167	0.284823926066776	0.0655561041368678	-0.168183095218459	2.68529615652112	0.868461567411149	0.832139218484618	0.646204709403824	0.840627459117542	0.872727979827165
VAL134A	0.891485976272522	1.56994244776209	0.993370985600548	1.48519524459648	0.240728988166743	0.244430986872656	0.969634185488935	1.55309650251506	0.499329204406984	1.05685426501476	0.525952091554254	0.442645198806919	1.46975238589491	2.14871024062848	1.22472829232517	1.8974235183307
LEU205A	0.891485976272522	1.56994244776209	0.615249126565501	1.48519524459648	-0.456925108979645	-0.358129718399252	2.10811014457047	2.82136907896335	2.23442160548745	2.77190656934127	-0.493158066766663	-0.367625383236495	0.832139218484618	1.39745747501615	1.22472829232517	1.8974235183307
SER216A	0.43411491018488	-0.280276866454406	0.74128974624385	0.239742176538924	-0.523858712395904	-0.438607389069272	0.969634185488935	-0.349312362157366	2.23442160548745	0.076824376828185	-0.404403596011255	-0.308857829464735	2.1073655533052	0.646204709403824	1.22472829232517	-0.83509791767873
ARG129A	1.80622810844781	0.644832790653844	2.12773656270569	0.239742176538924	1.43823980313327	1.26967042113617	0.969634185488935	0.284823926066776	1.36687540494722	0.811846792968116	-0.234725931331799	-0.0826253284259707	0.194526051074326	-0.105048056208503	0.456526625909914	0.189597620824807
GLY125A	2.26359917453545	2.95760693342447	2.25377718238404	2.01896084519257	0.628600638732754	0.948674861268626	0.400396205948167	0.918960214290918	0.499329204406984	1.54686920910805	-0.521872748481648	-0.389030783616937	-1.08070028374626	-0.85630082182083	-0.887826290316784	-0.493532738177551
GLU188A	-0.937998288078045	-1.20538652356266	-1.02327892925304	-1.00571089151863	-0.620397563477046	-0.511476296230604	-1.30731773267414	-0.983448650381509	-1.09117216325011	-0.658198039311747	-0.521872748481648	-0.389030783616937	-1.08070028374626	-0.85630082182083	-0.887826290316784	-0.493532738177551
PRO187A	0.43411491018488	0.182277962099719	-0.0149539718262449	-0.649867157787901	-0.492108156929217	-0.299944225927321	-0.168841773592601	0.284823926066776	-0.368216996133248	-0.413190567265103	-0.449825001633141	-0.281614592616899	-0.443087116335965	-0.105048056208503	-0.69577587371297	-0.83509791767873
ARG117A	0.43411491018488	0.182277962099719	0.74128974624385	0.773507777135019	1.46741598923779	1.00062478256155	0.400396205948167	0.918960214290918	0.788511271253728	1.54686920910805	1.12269538610385	1.082051168737	0.194526051074326	0.646204709403824	-0.119624623901528	0.531162800325986
ILE108A	-0.0232561559027614	-0.280276866454406	0.489208506887152	-0.294023424057171	-0.523858712395904	-0.452756691430696	0.969634185488935	0.284823926066776	1.22228437152384	-0.168183095218459	-0.436772873580875	-0.372684841508235	0.194526051074326	-0.105048056208503	-0.119624623901528	-0.83509791767873
ASP126A	0.43411491018488	0.644832790653844	0.615249126565501	0.239742176538924	-0.105094629483927	-0.135810628920049	-0.168841773592601	0.284823926066776	0.0655561041368678	0.811846792968116	-0.435728703336693	-0.328636226799872	-0.443087116335965	-0.105048056208503	-0.311675040505342	0.189597620824807
TYR151A	0.891485976272522	0.182277962099719	1.24545222495725	0.773507777135019	4.10228303141243	1.47407651545732	1.5388721650297	0.918960214290918	1.22228437152384	0.811846792968116	1.7998397894554	-0.389030783616937	0.194526051074326	-0.85630082182083	0.648577042513728	-0.83509791767873
ALA135A	0.891485976272522	1.56994244776209	0.237127267530453	1.30727337773111	-0.00555234748026005	0.327103412373556	1.5388721650297	2.1872327907392	0.9331023046771	1.79187668115469	-0.000831796635195267	0.19500981616678	1.46975238589491	2.14871024062848	1.03267787572136	2.23898869783188
LYS140A	-0.937998288078045	-0.742831695008531	-0.645157070217991	-0.827789024653266	-0.433755784720171	-0.511476296230604	-0.738079753133369	-0.983448650381509	-0.512808029556621	-0.90320551135839	-0.242035123041068	-0.329832023990919	-0.443087116335965	-0.105048056208503	-0.503725457109156	-0.151967558676372
ALA150A	1.80622810844781	1.56994244776209	1.62357408399229	2.3748045789233	0.378457749042506	0.863815133601856	0.400396205948167	0.918960214290918	0.354738170983612	0.566839320921473	-0.521872748481648	-0.389030783616937	-1.08070028374626	-0.85630082182083	-0.887826290316784	-0.493532738177551
SER146A	-0.0232561559027614	-0.742831695008531	-0.0149539718262449	-0.827789024653266	-0.620397563477046	-0.511476296230604	-1.30731773267414	-0.983448650381509	-1.09117216325011	-0.658198039311747	-0.290066954273407	-0.0434308647472516	-0.443087116335965	-0.105048056208503	-0.887826290316784	-0.83509791767873
ALA23A	1.34885704236016	2.03249727631622	1.1194116052789	1.66311711146184	0.441529798415519	0.684489976651627	0.400396205948167	0.918960214290918	0.499329204406984	1.05685426501476	0.770287928692671	0.926813695168503	0.832139218484618	1.39745747501615	0.456526625909914	1.21429315932834
ALA47A	0.891485976272522	1.10738761920797	1.24545222495725	2.01896084519257	0.607147560714723	1.29150206639089	-0.168841773592601	0.284823926066776	0.0655561041368678	0.566839320921473	0.971812785819656	1.59466990896833	0.194526051074326	0.646204709403824	0.0724257927022858	0.872727979827165
GLU14A	-0.480627221990403	-0.742831695008531	-0.0149539718262449	-0.294023424057171	-0.523858712395904	-0.511476296230604	-0.168841773592601	-0.349312362157366	-0.0790349292865043	-0.413190567265103	-0.521872748481648	-0.389030783616937	-0.443087116335965	-0.105048056208503	-0.69577587371297	-0.151967558676372
MET22A	1.34885704236016	0.182277962099719	1.3714928446356	0.239742176538924	1.54679237790451	0.394132678170846	2.10811014457047	0.918960214290918	1.07769333810047	0.566839320921473	1.12582789683639	0.432217211018845	0.832139218484618	0.646204709403824	0.456526625909914	0.872727979827165
ALA58A	0.43411491018488	1.10738761920797	0.615249126565501	1.66311711146184	-0.611387270709473	-0.504047912490856	-0.738079753133369	-0.349312362157366	-0.801990096403365	-0.168183095218459	-0.412234872842615	-0.367398981495669	0.194526051074326	0.646204709403824	-0.503725457109156	-0.151967558676372
TRP59A	0.891485976272522	0.182277962099719	0.237127267530453	0.0618203096735591	0.798079955075204	-0.348611248915286	0.400396205948167	-0.349312362157366	0.0655561041368678	0.076824376828185	0.883058315064248	-0.209840886580357	0.194526051074326	-0.105048056208503	0.456526625909914	0.531162800325986
THR217A	-0.0232561559027614	0.644832790653844	-0.897238309574689	0.0618203096735591	-0.596799177657211	-0.492021005483646	-0.738079753133369	-0.349312362157366	-0.368216996133248	0.566839320921473	0.187118847317433	0.64660140569864	0.832139218484618	1.39745747501615	0.0724257927022858	0.189597620824807
TYR213A	-0.937998288078045	-1.20538652356266	-0.77119768989634	-1.00571089151863	-0.169882925098382	-0.511476296230604	-0.738079753133369	-0.983448650381509	-0.368216996133248	-0.90320551135839	0.47269940910101	-0.389030783616937	0.194526051074326	-0.85630082182083	0.0724257927022858	-0.83509791767873
TYR128A	-0.0232561559027614	-1.20538652356266	0.867330365922199	-1.00571089151863	-0.418309568547188	-0.511476296230604	-0.168841773592601	-0.983448650381509	-0.0790349292865043	-0.90320551135839	-0.35062882843592	-0.389030783616937	-0.443087116335965	-0.85630082182083	-0.119624623901528	-0.83509791767873
GLU388P	0.43411491018488	-0.280276866454406	0.74128974624385	-0.471945290922536	1.1752250666322	-0.0912774402214225	1.5388721650297	0.284823926066776	1.36687540494722	0.076824376828185	0.906552145558327	0.0732868897227411	0.832139218484618	0.646204709403824	1.03267787572136	0.189597620824807
LEU174A	2.26359917453545	1.10738761920797	1.62357408399229	0.239742176538924	0.565528589359741	1.13809502029215	1.5388721650297	2.1872327907392	1.36687540494722	1.79187668115469	0.208524337323149	0.298016034563899	1.46975238589491	1.39745747501615	1.6088291255328	1.8974235183307
GLY53A	0.891485976272522	1.56994244776209	0.615249126565501	1.66311711146184	-0.620397563477046	-0.511476296230604	-1.30731773267414	-0.983448650381509	-1.09117216325011	-0.658198039311747	-0.271271889878144	-0.0593247702340782	-0.443087116335965	-0.105048056208503	-0.503725457109156	-0.151967558676372
LYS49A	0.891485976272522	-0.742831695008531	0.993370985600548	-0.649867157787901	-0.430323292237286	-0.450675881946551	0.400396205948167	-0.349312362157366	0.643920237830356	-0.168183095218459	-0.290589039395497	-0.32213601303889	0.832139218484618	-0.105048056208503	1.22472829232517	-0.151967558676372
MET155A	0.43411491018488	0.182277962099719	0.867330365922199	0.951429644000384	2.57053326092497	0.99004031760097	0.969634185488935	0.918960214290918	0.788511271253728	0.811846792968116	3.3608743045064	1.26299100906571	1.46975238589491	1.39745747501615	2.18498037534424	2.23898869783188
ASP156A	-1.39536935416569	-0.742831695008531	-1.65348202764478	-1.00571089151863	-0.620397563477046	-0.511476296230604	-1.30731773267414	-0.983448650381509	-1.09117216325011	-0.658198039311747	-0.521350663359557	-0.38875077248268	-0.443087116335965	-0.105048056208503	-0.887826290316784	-0.493532738177551
GLN152A	-1.39536935416569	-0.742831695008531	-1.65348202764478	-1.00571089151863	-0.620397563477046	-0.511476296230604	-1.30731773267414	-0.983448650381509	-1.09117216325011	-0.658198039311747	-0.521350663359557	-0.388532416555541	-0.443087116335965	-0.105048056208503	-0.887826290316784	-0.493532738177551
LEU121A	0.43411491018488	0.644832790653844	0.74128974624385	0.773507777135019	-0.00512328591989942	-0.00052857885245616	0.969634185488935	0.918960214290918	0.21014713756024	0.076824376828185	-0.521872748481648	-0.389030783616937	-1.08070028374626	-0.85630082182083	-0.887826290316784	-0.493532738177551
GLU31A	-0.0232561559027614	-0.742831695008531	0.363167887208803	-1.00571089151863	-0.60967102446803	-0.511476296230604	-0.738079753133369	-0.983448650381509	-0.801990096403365	-0.90320551135839	-0.386652701860174	-0.33872767609232	0.194526051074326	-0.105048056208503	0.0724257927022858	-0.493532738177551
GLU40A	0.43411491018488	0.644832790653844	0.111086647852104	0.595585910269654	2.67865677413585	1.18575412639688	1.5388721650297	1.55309650251506	1.65605747179396	2.03688415320134	3.29509157912298	1.40779228982069	1.46975238589491	1.39745747501615	1.41677870892898	0.872727979827165
ASN226A	-0.0232561559027614	0.182277962099719	0.615249126565501	0.951429644000384	-0.444482323729187	-0.342745865570628	0.400396205948167	0.918960214290918	0.788511271253728	1.54686920910805	-0.307817848424488	-0.203387583953829	0.832139218484618	1.39745747501615	0.648577042513728	1.21429315932834
LYS386P	0.43411491018488	-0.742831695008531	0.111086647852104	-0.827789024653266	-0.137703308071335	-0.227070642535098	1.5388721650297	-0.349312362157366	0.9331023046771	-0.658198039311747	0.0654730138703153	-0.0761176040097002	0.832139218484618	-0.105048056208503	0.0724257927022858	-0.493532738177551
LEU62A	-0.0232561559027614	0.182277962099719	-0.393075830861292	0.239742176538924	-0.48095255635984	-0.343503890746398	0.400396205948167	0.918960214290918	-0.368216996133248	0.076824376828185	-0.521872748481648	-0.389030783616937	-1.08070028374626	-0.85630082182083	-0.887826290316784	-0.493532738177551
ALA190A	1.80622810844781	2.03249727631622	0.993370985600548	1.12935151086575	-0.0647628428100273	0.349837425258616	1.5388721650297	2.1872327907392	1.65605747179396	1.05685426501476	0.154227484625723	0.558617097951153	1.46975238589491	2.14871024062848	1.41677870892898	1.21429315932834
ASN42A	-1.39536935416569	-1.20538652356266	-1.14931954893139	-1.00571089151863	-0.620397563477046	-0.511476296230604	-1.30731773267414	-0.983448650381509	-1.09117216325011	-0.658198039311747	-0.521872748481648	-0.389030783616937	-1.08070028374626	-0.85630082182083	-0.887826290316784	-0.493532738177551
VAL46A	0.43411491018488	1.10738761920797	-0.267035211182943	0.239742176538924	-0.620397563477046	-0.511476296230604	-0.168841773592601	0.284823926066776	-0.0790349292865043	0.076824376828185	-0.521872748481648	-0.389030783616937	0.194526051074326	0.646204709403824	-0.311675040505342	0.189597620824807
VAL99A	1.34885704236016	1.56994244776209	1.3714928446356	1.48519524459648	0.254458958098283	0.931045079516528	0.400396205948167	0.918960214290918	0.788511271253728	0.076824376828185	0.424145492746581	1.02139050690529	0.832139218484618	1.39745747501615	1.22472829232517	1.21429315932834
ALA173A	1.34885704236016	2.03249727631622	2.00169594302734	3.44233578011549	-0.523858712395904	-0.463867871742229	0.400396205948167	0.918960214290918	0.21014713756024	1.3018617370614	-0.404403596011255	-0.336650307739696	2.1073655533052	2.89996300624081	2.37703079194805	3.6052494158366
ALA154A	0.891485976272522	1.56994244776209	1.1194116052789	2.55272644578867	0.616586915042656	0.367785746483945	-0.168841773592601	0.284823926066776	0.21014713756024	1.3018617370614	0.34896523516553	0.0313383350331863	-0.443087116335965	-0.105048056208503	0.2644762093061	1.21429315932834
LEU172A	1.80622810844781	1.56994244776209	2.00169594302734	2.55272644578867	5.63531998658097	9.4212931584059	2.10811014457047	2.82136907896335	2.23442160548745	3.26192151343455	7.13137305624496	10.5393541903456	3.38259188812579	3.65121577185313	3.52933329157094	2.92211905683424
THR98A	0.43411491018488	0.644832790653844	0.867330365922199	1.12935151086575	-0.43332672315981	-0.20302150475157	-0.168841773592601	0.284823926066776	-0.0790349292865043	-0.413190567265103	-0.289022784029225	-0.0496578903124712	0.194526051074326	-0.105048056208503	0.2644762093061	-0.493532738177551
SER69A	-0.480627221990403	-0.280276866454406	-0.77119768989634	-0.471945290922536	-0.239390897876805	-0.511476296230604	-0.738079753133369	-0.983448650381509	-0.801990096403365	-0.90320551135839	0.0524208858180494	0.467185231600752	-0.443087116335965	-0.105048056208503	-0.69577587371297	-0.83509791767873
SER74A	-0.480627221990403	-0.280276866454406	-1.27536016860974	-0.649867157787901	0.0493675322459009	0.275932380182617	0.400396205948167	0.284823926066776	-0.801990096403365	-0.90320551135839	-0.404403596011255	-0.213895689595137	-0.443087116335965	-0.105048056208503	-0.887826290316784	-0.83509791767873
ILE168A	-1.39536935416569	-1.20538652356266	-0.897238309574689	-1.00571089151863	-0.523858712395904	-0.511476296230604	-0.738079753133369	-0.983448650381509	-0.512808029556621	-0.90320551135839	-0.404403596011255	-0.389030783616937	-0.443087116335965	-0.85630082182083	-0.311675040505342	-0.83509791767873
SER149A	-0.0232561559027614	-0.280276866454406	-0.393075830861292	-0.827789024653266	-0.620397563477046	-0.511476296230604	-1.30731773267414	-0.983448650381509	-1.09117216325011	-0.658198039311747	-0.521872748481648	-0.389030783616937	-1.08070028374626	-0.85630082182083	-0.887826290316784	-0.493532738177551
TYR127A	1.34885704236016	-0.280276866454406	2.00169594302734	-0.471945290922536	0.354859363222671	-0.511476296230604	2.10811014457047	0.284823926066776	1.80064850521733	-0.168183095218459	0.664826734030363	-0.389030783616937	2.74497872071549	0.646204709403824	2.56908120855187	-0.151967558676372
SER212A	-0.480627221990403	-0.742831695008531	-0.519116450539641	-0.649867157787901	-0.14113580055422	-0.489314020250329	-0.168841773592601	-0.349312362157366	0.0655561041368678	-0.168183095218459	-0.172597801803014	-0.389030783616937	0.194526051074326	-0.85630082182083	0.456526625909914	-0.83509791767873
ARG60A	-0.480627221990403	-0.280276866454406	0.237127267530453	-0.294023424057171	0.467273492037157	0.680016800242837	-0.738079753133369	-0.349312362157366	-0.801990096403365	-0.413190567265103	0.801613036018109	0.921892147953	0.194526051074326	0.646204709403824	0.2644762093061	0.872727979827165
ALA111A	1.34885704236016	2.03249727631622	0.363167887208803	1.30727337773111	2.20926342710132	2.87677000756301	2.10811014457047	2.82136907896335	1.9452395386407	2.52689909729462	2.80433156435778	3.16448116433405	0.832139218484618	1.39745747501615	0.840627459117542	1.55585833882952
SER186A	-0.0232561559027614	-0.280276866454406	0.111086647852104	-0.294023424057171	-0.40629584485709	-0.272353086322545	0.969634185488935	0.284823926066776	0.643920237830356	-0.168183095218459	-0.345407977215014	-0.125938953486411	0.194526051074326	0.646204709403824	-0.503725457109156	-0.83509791767873
TYR84A	-0.937998288078045	-1.20538652356266	-0.77119768989634	-1.00571089151863	-0.611816332269833	-0.511476296230604	-0.738079753133369	-0.983448650381509	-0.801990096403365	-0.90320551135839	-0.521872748481648	-0.389030783616937	-1.08070028374626	-0.85630082182083	-0.887826290316784	-0.493532738177551
VAL88A	0.43411491018488	1.10738761920797	-0.0149539718262449	0.595585910269654	-0.243681513480411	-0.00700310698815462	0.400396205948167	0.918960214290918	-0.223625962709876	0.321831848874829	-0.521872748481648	-0.389030783616937	-0.443087116335965	-0.105048056208503	-0.311675040505342	-0.151967558676372
LEU107A	0.43411491018488	0.644832790653844	0.993370985600548	0.417664043404289	-0.363389688821027	-0.132007162451939	1.5388721650297	1.55309650251506	2.08983057206408	2.28189162524798	-0.311994529401213	-0.124865898690912	0.832139218484618	1.39745747501615	1.41677870892898	2.92211905683424
GLU75A	-1.39536935416569	-1.20538652356266	-1.40140078828809	-1.00571089151863	-0.523858712395904	-0.511476296230604	-0.738079753133369	-0.983448650381509	-0.801990096403365	-0.90320551135839	-0.404403596011255	-0.389030783616937	-0.443087116335965	-0.85630082182083	-0.887826290316784	-0.83509791767873
ASN175A	0.43411491018488	0.644832790653844	0.489208506887152	0.239742176538924	-0.322199779026407	-0.353171239334209	0.969634185488935	1.55309650251506	0.9331023046771	1.05685426501476	0.18450842170698	-0.214857949646519	1.46975238589491	1.39745747501615	1.41677870892898	0.531162800325986
SER209A	-0.480627221990403	0.182277962099719	-1.27536016860974	-0.827789024653266	-0.33163913335434	-0.0575145477489753	0.400396205948167	0.918960214290918	-0.657399062979993	-0.658198039311747	-0.521872748481648	-0.389030783616937	-1.08070028374626	-0.85630082182083	-0.887826290316784	-0.493532738177551
TYR181A	-0.480627221990403	-1.20538652356266	-0.0149539718262449	-1.00571089151863	-0.516135604309412	-0.511476296230604	0.400396205948167	-0.983448650381509	0.9331023046771	-0.90320551135839	-0.40022691503453	-0.389030783616937	0.194526051074326	-0.85630082182083	0.840627459117542	-0.83509791767873
MET220A	-0.0232561559027614	0.182277962099719	0.237127267530453	0.417664043404289	0.484435954451582	0.489007109669835	0.969634185488935	0.918960214290918	0.788511271253728	0.566839320921473	0.822496440901735	0.711736516950729	1.46975238589491	1.39745747501615	1.22472829232517	1.21429315932834
PHE198A	0.891485976272522	0.182277962099719	0.237127267530453	-0.649867157787901	0.0776855952297026	-0.146563628406878	-0.168841773592601	0.284823926066776	-0.512808029556621	0.076824376828185	0.327559745159814	0.0124590661239997	1.46975238589491	1.39745747501615	0.840627459117542	0.531162800325986
LEU36A	0.891485976272522	1.10738761920797	1.49753346431394	1.48519524459648	3.49215749257961	2.34249080638246	2.10811014457047	2.1872327907392	2.95737677260431	3.75193645752784	4.24894109718257	2.57703744129712	1.46975238589491	1.39745747501615	2.37703079194805	2.58055387733306
TYR120A	0.43411491018488	0.182277962099719	0.993370985600548	0.773507777135019	2.76275283996654	1.14049250185176	1.5388721650297	0.918960214290918	2.66819470575757	2.52689909729462	3.594768439203	1.42852383424355	2.1073655533052	1.39745747501615	2.56908120855187	2.58055387733306
GLY101A	1.34885704236016	2.03249727631622	0.74128974624385	1.48519524459648	-0.239390897876805	0.116752728616602	-0.738079753133369	-0.349312362157366	-0.946581129826737	-0.658198039311747	-0.0713132881174309	0.282709599231122	0.832139218484618	1.39745747501615	0.456526625909914	0.872727979827165
SER105A	-0.480627221990403	-0.742831695008531	-0.645157070217991	-1.00571089151863	-0.143281108356023	-0.35300410978266	-0.168841773592601	-0.349312362157366	-0.801990096403365	-0.90320551135839	-0.521872748481648	-0.389030783616937	-1.08070028374626	-0.85630082182083	-0.887826290316784	-0.493532738177551
ALA24A	-0.0232561559027614	0.644832790653844	0.111086647852104	0.417664043404289	-0.620397563477046	-0.511476296230604	-1.30731773267414	-0.983448650381509	-1.09117216325011	-0.658198039311747	-0.521872748481648	-0.389030783616937	-1.08070028374626	-0.85630082182083	-0.887826290316784	-0.493532738177551
ALA16A	-0.0232561559027614	0.644832790653844	-1.40140078828809	-0.827789024653266	-0.238103713195723	0.118875123970816	-0.168841773592601	0.284823926066776	-0.657399062979993	-0.658198039311747	-0.521872748481648	-0.389030783616937	-1.08070028374626	-0.85630082182083	-0.887826290316784	-0.493532738177551
GLU17A	-1.39536935416569	-1.20538652356266	-1.27536016860974	-1.00571089151863	-0.523858712395904	-0.511476296230604	-0.738079753133369	-0.983448650381509	-0.946581129826737	-0.90320551135839	-0.521872748481648	-0.389030783616937	-1.08070028374626	-0.85630082182083	-0.887826290316784	-0.493532738177551
GLY73A	-0.937998288078045	-0.280276866454406	-1.40140078828809	-0.649867157787901	-0.428177984435483	-0.194531923334716	-0.738079753133369	-0.349312362157366	-0.801990096403365	-0.413190567265103	-0.521872748481648	-0.389030783616937	-1.08070028374626	-0.85630082182083	-0.887826290316784	-0.493532738177551
ALA4A	-0.937998288078045	-0.280276866454406	-0.897238309574689	0.0618203096735591	-0.620397563477046	-0.511476296230604	-1.30731773267414	-0.983448650381509	-1.09117216325011	-0.658198039311747	-0.521872748481648	-0.389030783616937	-1.08070028374626	-0.85630082182083	-0.887826290316784	-0.493532738177551
SER5A	-0.937998288078045	-0.742831695008531	-1.52744140796643	-1.00571089151863	-0.523858712395904	-0.352296644664588	-0.738079753133369	-0.349312362157366	-1.09117216325011	-0.90320551135839	-0.521872748481648	-0.389030783616937	-1.08070028374626	-0.85630082182083	-0.887826290316784	-0.493532738177551
GLU20A	-0.480627221990403	-1.20538652356266	-0.140994591504594	-1.00571089151863	-0.523858712395904	-0.511476296230604	-0.738079753133369	-0.983448650381509	-0.657399062979993	-0.90320551135839	-0.404403596011255	-0.389030783616937	-0.443087116335965	-0.85630082182083	-0.503725457109156	-0.83509791767873
ASP104A	-0.480627221990403	-1.20538652356266	-0.645157070217991	-1.00571089151863	-0.523858712395904	-0.511476296230604	-0.168841773592601	-0.983448650381509	-0.657399062979993	-0.90320551135839	-0.521872748481648	-0.389030783616937	-1.08070028374626	-0.85630082182083	-0.887826290316784	-0.493532738177551
ALA203A	-0.0232561559027614	0.182277962099719	-0.645157070217991	-0.116101557191806	-0.529865574240952	-0.511476296230604	-0.168841773592601	-0.349312362157366	-0.368216996133248	0.076824376828185	-0.520828578237467	-0.387474027225632	-0.443087116335965	-0.105048056208503	-0.887826290316784	-0.83509791767873
ASP199A	-0.937998288078045	-0.742831695008531	-0.77119768989634	-0.471945290922536	-0.620397563477046	-0.511476296230604	-1.30731773267414	-0.983448650381509	-1.09117216325011	-0.658198039311747	-0.520828578237467	-0.389030783616937	-0.443087116335965	-0.85630082182083	-0.887826290316784	-0.83509791767873
LEU44A	0.891485976272522	1.10738761920797	1.62357408399229	1.12935151086575	0.157920107017141	0.218273973059816	0.969634185488935	1.55309650251506	1.65605747179396	2.77190656934127	0.425189662990762	0.413866325198559	1.46975238589491	2.14871024062848	1.99292995874043	3.26368423633542
VAL30A	2.26359917453545	1.56994244776209	1.3714928446356	1.12935151086575	-0.311902301577751	-0.262303394835462	1.5388721650297	1.55309650251506	1.80064850521733	2.77190656934127	-0.387696872104355	-0.288849453476924	1.46975238589491	2.14871024062848	1.6088291255328	2.92211905683424
ARG56A	1.80622810844781	0.644832790653844	0.867330365922199	-0.294023424057171	4.1211617400683	4.92560469364266	0.400396205948167	0.284823926066776	0.0655561041368678	-0.168183095218459	3.88974653318421	5.59303841302714	1.46975238589491	1.39745747501615	1.22472829232517	0.872727979827165
ILE144A	0.43411491018488	-0.280276866454406	0.489208506887152	-0.471945290922536	-0.341936610802996	-0.464076133319835	0.400396205948167	-0.349312362157366	0.643920237830356	-0.413190567265103	-0.00500847761192034	0.0211325087354694	0.832139218484618	0.646204709403824	0.456526625909914	0.189597620824807
HIS180A	-0.0232561559027614	-0.280276866454406	-0.0149539718262449	-0.827789024653266	-0.476232879195873	-0.360786226081443	0.400396205948167	-0.349312362157366	0.21014713756024	-0.90320551135839	-0.397616489424077	-0.223236227942966	0.194526051074326	-0.105048056208503	-0.119624623901528	-0.83509791767873
PHE176A	-0.480627221990403	-0.280276866454406	-0.393075830861292	-0.294023424057171	-0.320054471224603	-0.31126366781646	-0.168841773592601	-0.349312362157366	0.0655561041368678	-0.168183095218459	-0.156413163018204	-0.168749754247295	0.194526051074326	-0.105048056208503	0.0724257927022858	-0.83509791767873
LEU92A	-0.0232561559027614	0.644832790653844	0.489208506887152	0.951429644000384	1.47857158980717	2.09311091805139	-0.168841773592601	0.284823926066776	-0.368216996133248	0.321831848874829	-0.521872748481648	-0.389030783616937	-1.08070028374626	-0.85630082182083	-0.887826290316784	-0.493532738177551
ALA201A	1.80622810844781	2.49505210487034	1.24545222495725	2.01896084519257	0.683949580019276	0.404285818968088	0.969634185488935	1.55309650251506	1.65605747179396	2.28189162524798	0.169367953166351	0.345270307314882	0.832139218484618	1.39745747501615	1.22472829232517	2.23898869783188
ARG41A	0.891485976272522	1.10738761920797	0.363167887208803	0.951429644000384	0.21155280206222	0.616062695640584	2.10811014457047	2.1872327907392	1.80064850521733	2.03688415320134	0.453904344705747	0.797041101823582	2.1073655533052	2.14871024062848	1.99292995874043	1.8974235183307
PHE119A	-0.480627221990403	-0.280276866454406	-0.267035211182943	-0.294023424057171	-0.339362241440832	-0.108060772595763	-0.168841773592601	0.284823926066776	-0.223625962709876	0.321831848874829	-0.179906993512283	0.0548212726387625	0.194526051074326	0.646204709403824	0.0724257927022858	0.531162800325986
LEU208A	0.891485976272522	1.56994244776209	0.237127267530453	1.30727337773111	0.93151810034736	1.60873676365284	2.10811014457047	2.82136907896335	1.9452395386407	2.52689909729462	0.375591576392152	0.949001334709614	0.832139218484618	1.39745747501615	0.648577042513728	-0.151967558676372
ALA10A	1.80622810844781	2.03249727631622	1.1194116052789	0.951429644000384	-0.513561234947248	-0.33531748183088	0.400396205948167	0.918960214290918	0.643920237830356	0.566839320921473	-0.508298535307292	-0.368792950529973	0.832139218484618	1.39745747501615	0.456526625909914	-0.151967558676372
GLY28A	1.34885704236016	2.03249727631622	0.867330365922199	1.48519524459648	-0.56891017623377	-0.485959853614438	-0.738079753133369	-0.349312362157366	-0.512808029556621	0.321831848874829	-0.320347891354663	-0.0885768000950934	0.194526051074326	0.646204709403824	0.456526625909914	-0.151967558676372
LYS32A	-0.0232561559027614	-0.742831695008531	-0.267035211182943	-0.649867157787901	-0.516135604309412	-0.511476296230604	0.400396205948167	-0.349312362157366	0.354738170983612	-0.413190567265103	-0.521872748481648	-0.389030783616937	-1.08070028374626	-0.85630082182083	-0.887826290316784	-0.493532738177551
LYS122A	0.891485976272522	0.182277962099719	1.24545222495725	0.0618203096735591	0.0957061807648491	0.103745228355713	0.969634185488935	0.284823926066776	1.36687540494722	0.566839320921473	0.34948732028762	0.28785774134616	1.46975238589491	0.646204709403824	2.76113162515568	0.872727979827165
GLU189A	-0.937998288078045	-1.20538652356266	-0.393075830861292	-1.00571089151863	-0.529007451120231	-0.511476296230604	-0.738079753133369	-0.983448650381509	-0.801990096403365	-0.90320551135839	-0.410668617476343	-0.389030783616937	-0.443087116335965	-0.85630082182083	-0.69577587371297	-0.83509791767873
ASN166A	-0.0232561559027614	-0.742831695008531	0.363167887208803	-1.00571089151863	-0.196484741840741	-0.345221993483877	-0.168841773592601	-0.349312362157366	-0.368216996133248	-0.658198039311747	-0.27649274109905	-0.206111907638612	-0.443087116335965	-0.105048056208503	-0.69577587371297	-0.493532738177551
PRO163A	0.43411491018488	-0.280276866454406	0.363167887208803	-0.471945290922536	0.0854087033161939	0.652303822996484	0.400396205948167	-0.349312362157366	0.9331023046771	-0.413190567265103	0.336957277357445	0.891401348231334	-0.443087116335965	-0.105048056208503	-0.311675040505342	-0.151967558676372
ALA57A	0.43411491018488	0.182277962099719	0.237127267530453	0.773507777135019	-0.620397563477046	-0.511476296230604	-1.30731773267414	-0.983448650381509	-1.09117216325011	-0.658198039311747	-0.271271889878144	-0.345115263086622	0.832139218484618	0.646204709403824	0.2644762093061	0.531162800325986
GLY54A	0.43411491018488	1.10738761920797	0.489208506887152	1.84103897832721	-0.620397563477046	-0.511476296230604	-1.30731773267414	-0.983448650381509	-1.09117216325011	-0.658198039311747	-0.412234872842615	-0.247203164651191	0.194526051074326	0.646204709403824	-0.119624623901528	0.531162800325986
ILE191A	-0.0232561559027614	-0.280276866454406	0.237127267530453	-0.116101557191806	-0.523858712395904	-0.511292404220725	0.400396205948167	-0.349312362157366	0.788511271253728	-0.168183095218459	-0.404403596011255	-0.388828459110486	0.832139218484618	-0.105048056208503	0.840627459117542	-0.493532738177551
THR231A	-0.480627221990403	0.182277962099719	-0.0149539718262449	0.773507777135019	-0.509270619343642	-0.328426722660047	0.400396205948167	0.918960214290918	0.788511271253728	1.3018617370614	-0.521350663359557	-0.388454729927735	-0.443087116335965	-0.105048056208503	-0.503725457109156	-0.493532738177551
LEU170A	1.34885704236016	1.10738761920797	1.87565532334899	2.01896084519257	-0.408870214219254	-0.216817074553958	1.5388721650297	2.1872327907392	1.9452395386407	2.28189162524798	-0.378299339906724	-0.234522711779927	0.832139218484618	0.646204709403824	1.6088291255328	0.872727979827165
ARG169A	0.891485976272522	0.644832790653844	0.363167887208803	0.239742176538924	2.450396024024	1.98658303567873	1.5388721650297	1.55309650251506	1.22228437152384	0.076824376828185	1.48867705668938	-0.213895689595137	1.46975238589491	0.646204709403824	1.41677870892898	-0.151967558676372
PRO164A	0.891485976272522	0.182277962099719	1.24545222495725	0.595585910269654	2.72542448421516	2.33666711611113	0.969634185488935	-0.349312362157366	1.51146643837059	0.076824376828185	-0.521872748481648	-0.389030783616937	-1.08070028374626	-0.85630082182083	-0.887826290316784	-0.493532738177551
GLU80A	-0.0232561559027614	0.182277962099719	-0.897238309574689	-0.116101557191806	-0.620397563477046	-0.511476296230604	-0.168841773592601	0.284823926066776	-0.801990096403365	-0.413190567265103	-0.404403596011255	-0.340132568483221	0.194526051074326	-0.105048056208503	-0.503725457109156	-0.151967558676372
LYS77A	-0.480627221990403	-1.20538652356266	-1.02327892925304	-1.00571089151863	-0.620397563477046	-0.511476296230604	-0.738079753133369	-0.983448650381509	-0.946581129826737	-0.90320551135839	-0.521872748481648	-0.389030783616937	-1.08070028374626	-0.85630082182083	-0.887826290316784	-0.493532738177551
ALA29A	0.891485976272522	1.10738761920797	0.867330365922199	1.66311711146184	0.358291855705556	0.592876753078505	-0.168841773592601	-0.349312362157366	-0.0790349292865043	-0.658198039311747	-0.502555598964295	-0.360230790377796	0.194526051074326	0.646204709403824	0.648577042513728	0.189597620824807
LEU222A	-0.937998288078045	-0.280276866454406	-0.393075830861292	-0.116101557191806	-0.00641047060098131	0.0430929366277219	-0.168841773592601	0.284823926066776	0.21014713756024	0.566839320921473	0.225231061230049	0.221125940453795	0.194526051074326	0.646204709403824	0.2644762093061	0.531162800325986
LEU102A	-0.0232561559027614	-0.280276866454406	0.615249126565501	0.0618203096735591	-0.415735199185024	-0.403587865724749	0.400396205948167	0.284823926066776	0.354738170983612	0.076824376828185	-0.37568891429627	-0.270328108779939	0.194526051074326	0.646204709403824	0.0724257927022858	0.872727979827165
ARG224A	-0.937998288078045	-0.742831695008531	-0.897238309574689	-0.649867157787901	-0.333355379595783	-0.249259124434274	-0.738079753133369	-0.349312362157366	-0.946581129826737	-0.413190567265103	-0.172597801803014	-0.10053015816083	-0.443087116335965	-0.105048056208503	-0.311675040505342	0.189597620824807
TYR130A	0.43411491018488	-0.742831695008531	1.24545222495725	-0.827789024653266	3.08025839463341	-0.511476296230604	0.969634185488935	-0.349312362157366	0.354738170983612	-0.658198039311747	3.98111142955007	-0.389030783616937	1.46975238589491	-0.105048056208503	1.22472829232517	-0.493532738177551
CYS96A	0.891485976272522	0.644832790653844	0.993370985600548	0.0618203096735591	-0.566764868431967	-0.487885000679261	0.400396205948167	0.918960214290918	0.788511271253728	0.566839320921473	-0.456612108220319	-0.363074804169608	0.832139218484618	1.39745747501615	1.6088291255328	1.21429315932834
ALA132A	1.80622810844781	2.03249727631622	1.3714928446356	1.66311711146184	-0.333784441156144	-0.218585737349136	0.969634185488935	0.918960214290918	0.9331023046771	0.076824376828185	-0.377777254784633	-0.371906463312583	0.194526051074326	-0.105048056208503	0.456526625909914	-0.151967558676372
LEU131A	0.891485976272522	0.182277962099719	1.49753346431394	0.417664043404289	-0.210643773332642	-0.00835981137795371	0.969634185488935	0.918960214290918	0.788511271253728	1.05685426501476	-0.0232814568850925	0.164515803598979	1.46975238589491	1.39745747501615	1.6088291255328	1.8974235183307
ILE65A	-0.937998288078045	-0.742831695008531	-1.14931954893139	-0.649867157787901	-0.547028036655378	-0.511476296230604	-0.738079753133369	-0.983448650381509	-0.946581129826737	-0.90320551135839	-0.521872748481648	-0.389030783616937	-1.08070028374626	-0.85630082182083	-0.887826290316784	-0.493532738177551
VAL61A	-0.480627221990403	0.182277962099719	-0.645157070217991	0.0618203096735591	-0.620397563477046	-0.511476296230604	-1.30731773267414	-0.983448650381509	-1.09117216325011	-0.658198039311747	-0.521872748481648	-0.389030783616937	-1.08070028374626	-0.85630082182083	-0.887826290316784	-0.493532738177551
ILE183A	0.891485976272522	0.182277962099719	1.24545222495725	0.239742176538924	-0.271999576464213	-0.177552760501008	1.5388721650297	0.284823926066776	1.36687540494722	0.076824376828185	-0.228982994988802	-0.0216362752689832	1.46975238589491	0.646204709403824	0.840627459117542	0.189597620824807
ASP113A	-0.480627221990403	-1.20538652356266	-0.645157070217991	-1.00571089151863	-0.561187068147279	-0.511476296230604	-0.168841773592601	-0.983448650381509	-0.223625962709876	-0.90320551135839	-0.449825001633141	-0.389030783616937	0.194526051074326	-0.85630082182083	0.0724257927022858	-0.83509791767873
GLY112A	-0.937998288078045	-0.280276866454406	-0.77119768989634	0.0618203096735591	-0.620397563477046	-0.511476296230604	-1.30731773267414	-0.983448650381509	-1.09117216325011	-0.658198039311747	-0.521872748481648	-0.389030783616937	-1.08070028374626	-0.85630082182083	-0.887826290316784	-0.493532738177551
PRO79A	-0.0232561559027614	0.182277962099719	-0.519116450539641	-0.294023424057171	-0.333355379595783	-0.309908649544894	-0.738079753133369	-0.349312362157366	-0.946581129826737	-0.413190567265103	-0.0551286493326212	-0.0410220362346295	0.194526051074326	0.646204709403824	-0.503725457109156	-0.151967558676372
ASP225A	-0.937998288078045	-0.280276866454406	-1.14931954893139	-1.00571089151863	-0.428177984435483	-0.478937577030221	-0.738079753133369	-0.349312362157366	-0.512808029556621	-0.658198039311747	-0.287978613785044	-0.353230531571878	-0.443087116335965	-0.105048056208503	-0.503725457109156	-0.493532738177551
GLN221A	-1.39536935416569	-0.742831695008531	-1.52744140796643	-0.827789024653266	-0.620397563477046	-0.511476296230604	-1.30731773267414	-0.983448650381509	-1.09117216325011	-0.658198039311747	-0.521872748481648	-0.389030783616937	-1.08070028374626	-0.85630082182083	-0.887826290316784	-0.493532738177551
THR207A	-0.480627221990403	0.182277962099719	-0.645157070217991	0.417664043404289	-0.340220364561553	-0.146397986665965	-0.168841773592601	0.284823926066776	0.354738170983612	1.54686920910805	-0.521872748481648	-0.389030783616937	-1.08070028374626	-0.85630082182083	-0.887826290316784	-0.493532738177551
LYS159A	-1.39536935416569	-1.20538652356266	-1.02327892925304	-1.00571089151863	-0.523858712395904	-0.511476296230604	-0.738079753133369	-0.983448650381509	-0.512808029556621	-0.90320551135839	-0.404403596011255	-0.389030783616937	-0.443087116335965	-0.85630082182083	-0.311675040505342	-0.83509791767873
VAL95A	1.34885704236016	1.10738761920797	1.74961470367064	1.48519524459648	0.0472222244440977	0.328512100495326	0.400396205948167	0.918960214290918	0.643920237830356	1.3018617370614	-0.521872748481648	-0.389030783616937	-1.08070028374626	-0.85630082182083	-0.887826290316784	-0.493532738177551
LYS214A	-0.937998288078045	-0.742831695008531	-1.14931954893139	-1.00571089151863	-0.620397563477046	-0.511476296230604	-1.30731773267414	-0.983448650381509	-1.09117216325011	-0.658198039311747	-0.287978613785044	-0.389030783616937	-0.443087116335965	-0.85630082182083	-0.503725457109156	-0.83509791767873
VAL51A	1.34885704236016	2.03249727631622	1.3714928446356	2.3748045789233	-0.383555582157977	-0.120955551055313	0.969634185488935	1.55309650251506	0.0655561041368678	0.566839320921473	-0.233681761087618	0.0406339803832123	0.832139218484618	1.39745747501615	0.0724257927022858	0.189597620824807
GLY137A	-0.937998288078045	-0.280276866454406	-1.40140078828809	-0.649867157787901	-0.618681317235603	-0.508646435758319	-0.738079753133369	-0.349312362157366	-1.09117216325011	-0.90320551135839	-0.521872748481648	-0.389030783616937	-1.08070028374626	-0.85630082182083	-0.887826290316784	-0.493532738177551
THR136A	-0.937998288078045	-0.280276866454406	-0.897238309574689	0.0618203096735591	-0.620397563477046	-0.511476296230604	-1.30731773267414	-0.983448650381509	-1.09117216325011	-0.658198039311747	-0.521872748481648	-0.389030783616937	-1.08070028374626	-0.85630082182083	-0.887826290316784	-0.493532738177551
ASN50A	-0.480627221990403	0.182277962099719	-0.519116450539641	0.0618203096735591	-0.00383610123881752	0.228773133754089	-0.168841773592601	0.284823926066776	-0.512808029556621	-0.168183095218459	0.228363571962593	0.425417873887424	0.194526051074326	0.646204709403824	-0.311675040505342	-0.151967558676372
SER116A	-0.0232561559027614	0.182277962099719	0.111086647852104	0.417664043404289	-0.376261535631846	-0.470591148985529	0.400396205948167	0.284823926066776	0.788511271253728	0.566839320921473	-0.224806314012077	-0.344047495637494	0.832139218484618	0.646204709403824	0.840627459117542	0.189597620824807
MET162A	0.43411491018488	-0.280276866454406	0.489208506887152	0.595585910269654	1.23958430068629	0.477814187984121	1.5388721650297	0.284823926066776	1.80064850521733	1.3018617370614	1.39940050081189	0.699421667832007	1.46975238589491	0.646204709403824	1.22472829232517	1.55585833882952
GLY171A	1.80622810844781	2.49505210487034	2.12773656270569	3.08649204638476	-0.411015522021057	-0.166233318611869	0.400396205948167	0.918960214290918	0.354738170983612	0.321831848874829	0.161536676334992	0.629866274492112	2.74497872071549	3.65121577185313	3.52933329157094	4.97151013384131
GLU161A	-0.937998288078045	-0.280276866454406	-0.519116450539641	0.239742176538924	-0.523858712395904	-0.484114680910357	-0.738079753133369	-0.349312362157366	-0.657399062979993	0.076824376828185	-0.404403596011255	-0.358926564738732	0.194526051074326	0.646204709403824	-0.311675040505342	0.189597620824807
LEU6A	0.891485976272522	1.10738761920797	0.489208506887152	0.951429644000384	0.0210494692620991	0.44596750633716	1.5388721650297	2.1872327907392	0.499329204406984	0.566839320921473	-0.403881510889165	-0.213117311399484	0.194526051074326	-0.105048056208503	0.2644762093061	-0.493532738177551
PHE25A	0.891485976272522	-0.742831695008531	0.615249126565501	-0.827789024653266	-0.520426219913019	-0.510768831112532	0.400396205948167	-0.349312362157366	0.21014713756024	-0.658198039311747	-0.403359425767074	-0.388252405421284	1.46975238589491	-0.105048056208503	0.648577042513728	-0.83509791767873
ALA114A	0.891485976272522	1.10738761920797	0.489208506887152	0.0618203096735591	-0.216650635177691	-0.161510145524485	0.969634185488935	1.55309650251506	0.499329204406984	0.321831848874829	-0.0305906485943614	-0.00398562171730327	0.832139218484618	1.39745747501615	0.456526625909914	0.531162800325986
GLN93A	0.43411491018488	-0.280276866454406	0.74128974624385	0.417664043404289	-0.167737617296579	-0.351597865280448	-0.168841773592601	-0.349312362157366	-0.0790349292865043	0.076824376828185	0.0289270553239709	-0.213126867751779	0.194526051074326	-0.105048056208503	0.456526625909914	0.531162800325986
HIS106A	-0.937998288078045	-0.742831695008531	-1.40140078828809	-0.827789024653266	-0.524287773956264	-0.511476296230604	-0.738079753133369	-0.983448650381509	-0.946581129826737	-0.90320551135839	-0.521872748481648	-0.389030783616937	-1.08070028374626	-0.85630082182083	-0.887826290316784	-0.493532738177551
SER37A	-0.480627221990403	-0.280276866454406	-0.645157070217991	-0.471945290922536	-0.33163913335434	-0.148979280090671	0.400396205948167	0.284823926066776	0.499329204406984	0.076824376828185	-0.521872748481648	-0.389030783616937	-1.08070028374626	-0.85630082182083	-0.887826290316784	-0.493532738177551
SER177A	0.43411491018488	-0.280276866454406	1.49753346431394	0.773507777135019	0.635894685258885	-0.511476296230604	0.400396205948167	-0.983448650381509	0.9331023046771	-0.90320551135839	1.00679248899973	-0.389030783616937	0.832139218484618	-0.85630082182083	1.41677870892898	-0.83509791767873
PRO167A	0.43411491018488	0.182277962099719	0.615249126565501	0.239742176538924	0.0485094091251796	0.307060845377749	0.969634185488935	0.918960214290918	0.499329204406984	0.321831848874829	-0.194525376930821	-0.213895689595137	0.194526051074326	-0.105048056208503	-0.503725457109156	-0.83509791767873
GLY33A	-0.480627221990403	0.182277962099719	-0.267035211182943	0.239742176538924	-0.5075543731022	-0.325412970177884	0.400396205948167	0.918960214290918	0.21014713756024	0.321831848874829	-0.521872748481648	-0.389030783616937	-1.08070028374626	-0.85630082182083	-0.887826290316784	-0.493532738177551
GLU153A	0.43411491018488	-0.280276866454406	0.615249126565501	0.417664043404289	-0.534156189844559	-0.511476296230604	-0.738079753133369	-0.983448650381509	-0.657399062979993	-0.90320551135839	-0.521872748481648	-0.389030783616937	-1.08070028374626	-0.85630082182083	-0.887826290316784	-0.493532738177551
VAL52A	0.891485976272522	1.56994244776209	1.24545222495725	1.48519524459648	1.29107168792957	2.64028080477649	-0.168841773592601	0.284823926066776	0.21014713756024	-0.168183095218459	1.80401647043213	3.0786440780147	0.194526051074326	0.646204709403824	0.840627459117542	0.189597620824807
GLU2A	-1.39536935416569	-1.20538652356266	-1.52744140796643	-1.00571089151863	-0.523858712395904	-0.511476296230604	-0.738079753133369	-0.983448650381509	-1.09117216325011	-0.90320551135839	-0.521872748481648	-0.389030783616937	-1.08070028374626	-0.85630082182083	-0.887826290316784	-0.493532738177551
HIS206A	-0.937998288078045	-0.280276866454406	-1.14931954893139	-0.294023424057171	-0.529865574240952	-0.362201156317585	-0.738079753133369	-0.349312362157366	-0.946581129826737	-0.658198039311747	-0.521872748481648	-0.389030783616937	-1.08070028374626	-0.85630082182083	-0.887826290316784	-0.493532738177551
GLY94A	0.891485976272522	1.56994244776209	0.363167887208803	0.951429644000384	-0.620397563477046	-0.511476296230604	-1.30731773267414	-0.983448650381509	-1.09117216325011	-0.658198039311747	-0.521872748481648	-0.389030783616937	-1.08070028374626	-0.85630082182083	-0.887826290316784	-0.493532738177551
TYR19A	-0.480627221990403	-1.20538652356266	-0.140994591504594	-1.00571089151863	-0.336787872078668	-0.511476296230604	-0.168841773592601	-0.983448650381509	-0.368216996133248	-0.90320551135839	-0.176774482779739	-0.389030783616937	0.194526051074326	-0.85630082182083	-0.119624623901528	-0.83509791767873
MET202A	0.43411491018488	-1.20538652356266	0.363167887208803	-1.00571089151863	-0.456925108979645	-0.511476296230604	-0.168841773592601	-0.983448650381509	0.21014713756024	-0.90320551135839	-0.368901807709092	-0.389030783616937	0.194526051074326	-0.85630082182083	0.456526625909914	-0.83509791767873
LEU103A	0.891485976272522	0.644832790653844	0.867330365922199	0.417664043404289	0.774481569255369	1.74462996529838	0.969634185488935	0.918960214290918	0.9331023046771	-0.168183095218459	1.14305670586538	2.09321728231871	1.46975238589491	2.14871024062848	1.41677870892898	1.21429315932834
ASN70A	-0.937998288078045	-0.742831695008531	-0.897238309574689	-0.649867157787901	-0.620397563477046	-0.511476296230604	-1.30731773267414	-0.983448650381509	-1.09117216325011	-0.658198039311747	-0.407014021621709	-0.217787580573399	-0.443087116335965	-0.105048056208503	-0.69577587371297	-0.83509791767873
ILE219A	-0.937998288078045	-0.742831695008531	-0.267035211182943	-0.471945290922536	-0.284442361714671	-0.22707531876599	-0.168841773592601	-0.349312362157366	-0.223625962709876	-0.168183095218459	-0.113080097884682	-0.0761227489646543	0.194526051074326	-0.105048056208503	0.456526625909914	-0.493532738177551
GLU89A	-0.0232561559027614	-0.280276866454406	0.237127267530453	0.0618203096735591	0.257462389020807	0.935997335343026	-0.168841773592601	-0.349312362157366	-0.223625962709876	-0.658198039311747	1.51686965328228	1.89738587367936	1.46975238589491	0.646204709403824	0.456526625909914	-0.151967558676372
GLN15A	-1.39536935416569	-1.20538652356266	-1.27536016860974	-1.00571089151863	-0.620397563477046	-0.511476296230604	-1.30731773267414	-0.983448650381509	-1.09117216325011	-0.658198039311747	-0.521872748481648	-0.389030783616937	-1.08070028374626	-0.85630082182083	-0.887826290316784	-0.493532738177551
THR90A	0.43411491018488	0.182277962099719	-0.140994591504594	-0.649867157787901	-0.620397563477046	-0.511476296230604	-1.30731773267414	-0.983448650381509	-1.09117216325011	-0.658198039311747	0.499847835449723	1.1342553452749	0.194526051074326	0.646204709403824	-0.69577587371297	-0.83509791767873
LEU12A	-0.937998288078045	-1.20538652356266	-0.645157070217991	-1.00571089151863	-0.620397563477046	-0.511476296230604	-1.30731773267414	-0.983448650381509	-1.09117216325011	-0.658198039311747	-0.521872748481648	-0.389030783616937	-1.08070028374626	-0.85630082182083	-0.887826290316784	-0.493532738177551
MET26A	0.891485976272522	-0.280276866454406	0.867330365922199	0.0618203096735591	-0.461644786143612	-0.492374738042682	0.969634185488935	0.284823926066776	1.07769333810047	0.811846792968116	-0.35846010526728	-0.368014572334321	2.1073655533052	0.646204709403824	2.37703079194805	1.21429315932834
SER158A	-0.0232561559027614	-0.280276866454406	0.489208506887152	0.0618203096735591	3.3505671776606	2.51718187423211	0.969634185488935	0.284823926066776	1.80064850521733	0.566839320921473	3.9680593014978	2.43336855381882	0.832139218484618	-0.105048056208503	1.80087954213661	-0.151967558676372
ASP211A	-0.937998288078045	-0.742831695008531	-1.27536016860974	-1.00571089151863	-0.620397563477046	-0.511476296230604	-0.738079753133369	-0.983448650381509	-0.801990096403365	-0.90320551135839	-0.521872748481648	-0.389030783616937	-1.08070028374626	-0.85630082182083	-0.887826290316784	-0.493532738177551
SER63A	-1.39536935416569	-0.742831695008531	-1.02327892925304	-0.649867157787901	-0.620397563477046	-0.511476296230604	-1.30731773267414	-0.983448650381509	-1.09117216325011	-0.658198039311747	-0.521872748481648	-0.389030783616937	-1.08070028374626	-0.85630082182083	-0.887826290316784	-0.493532738177551
ARG142A	-0.937998288078045	-0.742831695008531	-1.14931954893139	-1.00571089151863	-0.620397563477046	-0.511476296230604	-1.30731773267414	-0.983448650381509	-1.09117216325011	-0.658198039311747	-0.290066954273407	-0.389030783616937	-0.443087116335965	-0.85630082182083	-0.887826290316784	-0.83509791767873
ASP139A	-0.937998288078045	-0.742831695008531	-1.40140078828809	-1.00571089151863	-0.618681317235603	-0.511476296230604	-0.738079753133369	-0.983448650381509	-1.09117216325011	-0.90320551135839	-0.521872748481648	-0.389030783616937	-1.08070028374626	-0.85630082182083	-0.887826290316784	-0.493532738177551
THR196A	-0.0232561559027614	0.644832790653844	-0.140994591504594	0.773507777135019	-0.620397563477046	-0.511476296230604	-1.30731773267414	-0.983448650381509	-1.09117216325011	-0.658198039311747	-0.521872748481648	-0.389030783616937	-1.08070028374626	-0.85630082182083	-0.887826290316784	-0.493532738177551
GLY389P	-0.937998288078045	-0.280276866454406	-0.77119768989634	-0.471945290922536	0.669790548527375	0.971686706547672	-0.168841773592601	0.284823926066776	-0.0790349292865043	0.321831848874829	0.262821190020575	0.518119294450564	-0.443087116335965	-0.105048056208503	-0.503725457109156	-0.151967558676372
PRO390P	-0.0232561559027614	0.182277962099719	-0.645157070217991	-0.471945290922536	0.688240195622882	0.42287823108887	0.400396205948167	0.918960214290918	-0.223625962709876	0.321831848874829	0.285270850270472	0.19297679612725	0.194526051074326	0.646204709403824	-0.119624623901528	0.189597620824807
MET123A	-0.937998288078045	-1.20538652356266	-0.267035211182943	-1.00571089151863	0.0931318114026853	-0.511476296230604	-0.168841773592601	-0.983448650381509	-0.223625962709876	-0.90320551135839	0.346354809555076	-0.389030783616937	0.194526051074326	-0.85630082182083	0.2644762093061	-0.83509791767873
VAL81A	-0.480627221990403	0.182277962099719	-0.645157070217991	-0.116101557191806	-0.379694028114731	-0.114588364992673	-0.168841773592601	0.284823926066776	-0.657399062979993	-0.413190567265103	-0.521872748481648	-0.389030783616937	-1.08070028374626	-0.85630082182083	-0.887826290316784	-0.493532738177551
LYS9A	-0.0232561559027614	-0.742831695008531	0.363167887208803	-0.827789024653266	-0.537159620767083	-0.451640327309973	-0.168841773592601	-0.349312362157366	-0.368216996133248	-0.413190567265103	-0.504121854330566	-0.389030783616937	0.832139218484618	-0.85630082182083	0.456526625909914	-0.83509791767873
MET1A	-0.480627221990403	-0.280276866454406	-0.645157070217991	-0.294023424057171	-0.359957196338142	-0.360071391031015	0.400396205948167	0.284823926066776	0.21014713756024	0.566839320921473	-0.521872748481648	-0.389030783616937	-1.08070028374626	-0.85630082182083	-0.887826290316784	-0.493532738177551
SER192A	-0.937998288078045	-0.742831695008531	-1.14931954893139	-1.00571089151863	-0.620397563477046	-0.511476296230604	-1.30731773267414	-0.983448650381509	-1.09117216325011	-0.658198039311747	-0.521872748481648	-0.389030783616937	-1.08070028374626	-0.85630082182083	-0.887826290316784	-0.493532738177551
LEU229A	-1.39536935416569	-1.20538652356266	-1.52744140796643	-1.00571089151863	-0.620397563477046	-0.511476296230604	-1.30731773267414	-0.983448650381509	-1.09117216325011	-0.658198039311747	-0.521872748481648	-0.389030783616937	-1.08070028374626	-0.85630082182083	-0.887826290316784	-0.493532738177551
THR228A	-0.937998288078045	-0.280276866454406	-1.52744140796643	-0.827789024653266	-0.620397563477046	-0.511476296230604	-1.30731773267414	-0.983448650381509	-1.09117216325011	-0.658198039311747	-0.521872748481648	-0.389030783616937	-1.08070028374626	-0.85630082182083	-0.887826290316784	-0.493532738177551
LYS195A	-0.480627221990403	-1.20538652356266	-0.519116450539641	-1.00571089151863	-0.52128434303374	-0.511476296230604	-0.738079753133369	-0.983448650381509	-0.657399062979993	-0.90320551135839	-0.401271085278712	-0.389030783616937	-0.443087116335965	-0.85630082182083	-0.503725457109156	-0.83509791767873
LYS11A	-0.937998288078045	-1.20538652356266	-0.645157070217991	-1.00571089151863	-0.523858712395904	-0.511476296230604	-0.738079753133369	-0.983448650381509	-0.657399062979993	-0.90320551135839	-0.404403596011255	-0.389030783616937	-0.443087116335965	-0.85630082182083	-0.311675040505342	-0.83509791767873
GLU115A	-0.480627221990403	-0.742831695008531	-0.0149539718262449	-1.00571089151863	-0.213218142694806	-0.345221993483877	-0.168841773592601	-0.349312362157366	-0.0790349292865043	-0.658198039311747	-0.0264139676176363	-0.206111907638612	0.194526051074326	-0.105048056208503	0.0724257927022858	-0.493532738177551
ASP97A	-0.937998288078045	-1.20538652356266	-0.393075830861292	-1.00571089151863	-0.620397563477046	-0.511476296230604	-1.30731773267414	-0.983448650381509	-1.09117216325011	-0.658198039311747	-0.516129812138651	-0.389030783616937	-0.443087116335965	-0.85630082182083	-0.503725457109156	-0.83509791767873
GLU72A	-1.39536935416569	-1.20538652356266	-1.52744140796643	-1.00571089151863	-0.620397563477046	-0.511476296230604	-1.30731773267414	-0.983448650381509	-1.09117216325011	-0.658198039311747	-0.521872748481648	-0.389030783616937	-1.08070028374626	-0.85630082182083	-0.887826290316784	-0.493532738177551
GLU34A	-0.937998288078045	-1.20538652356266	-0.77119768989634	-1.00571089151863	-0.523858712395904	-0.511476296230604	-0.168841773592601	-0.983448650381509	-0.223625962709876	-0.90320551135839	-0.521872748481648	-0.389030783616937	-1.08070028374626	-0.85630082182083	-0.887826290316784	-0.493532738177551
LYS109A	-0.937998288078045	-0.280276866454406	-1.40140078828809	-0.827789024653266	-0.523858712395904	-0.352296644664588	-0.168841773592601	0.284823926066776	-0.801990096403365	-0.90320551135839	-0.521872748481648	-0.389030783616937	-1.08070028374626	-0.85630082182083	-0.887826290316784	-0.493532738177551
ASP145A	-0.937998288078045	-0.742831695008531	-1.02327892925304	-0.827789024653266	-0.620397563477046	-0.511476296230604	-1.30731773267414	-0.983448650381509	-1.09117216325011	-0.658198039311747	-0.521872748481648	-0.389030783616937	-1.08070028374626	-0.85630082182083	-0.887826290316784	-0.493532738177551
GLU110A	-0.937998288078045	-1.20538652356266	-0.77119768989634	-1.00571089151863	-0.523858712395904	-0.511476296230604	-0.168841773592601	-0.983448650381509	-0.0790349292865043	-0.90320551135839	-0.521350663359557	-0.389030783616937	-0.443087116335965	-0.85630082182083	-0.887826290316784	-0.83509791767873
GLU83A	-0.937998288078045	-0.280276866454406	-1.02327892925304	-0.294023424057171	-0.620397563477046	-0.511476296230604	-1.30731773267414	-0.983448650381509	-1.09117216325011	-0.658198039311747	-0.521872748481648	-0.389030783616937	-0.443087116335965	-0.105048056208503	-0.69577587371297	-0.493532738177551
GLU39A	-1.39536935416569	-1.20538652356266	-1.40140078828809	-1.00571089151863	-0.523858712395904	-0.511476296230604	-0.738079753133369	-0.983448650381509	-0.801990096403365	-0.90320551135839	-0.521872748481648	-0.389030783616937	-1.08070028374626	-0.85630082182083	-0.887826290316784	-0.493532738177551
LYS87A	-1.39536935416569	-1.20538652356266	-1.14931954893139	-1.00571089151863	-0.620397563477046	-0.511476296230604	-1.30731773267414	-0.983448650381509	-1.09117216325011	-0.658198039311747	-0.404403596011255	-0.389030783616937	-0.443087116335965	-0.85630082182083	-0.69577587371297	-0.83509791767873
ASP391P	-1.39536935416569	-0.742831695008531	-1.27536016860974	-0.471945290922536	-0.620397563477046	-0.511476296230604	-1.30731773267414	-0.983448650381509	-1.09117216325011	-0.658198039311747	-0.521872748481648	-0.389030783616937	-1.08070028374626	-0.85630082182083	-0.887826290316784	-0.493532738177551
SER45A	-1.39536935416569	-1.20538652356266	-1.40140078828809	-1.00571089151863	-0.523858712395904	-0.511476296230604	-0.738079753133369	-0.983448650381509	-0.946581129826737	-0.90320551135839	-0.404403596011255	-0.389030783616937	-0.443087116335965	-0.85630082182083	-0.69577587371297	-0.83509791767873
GLU200A	-1.39536935416569	-1.20538652356266	-0.77119768989634	-1.00571089151863	-0.620397563477046	-0.511476296230604	-1.30731773267414	-0.983448650381509	-1.09117216325011	-0.658198039311747	-0.521872748481648	-0.389030783616937	-1.08070028374626	-0.85630082182083	-0.887826290316784	-0.493532738177551
LEU218A	-1.39536935416569	-1.20538652356266	-1.27536016860974	-1.00571089151863	-0.620397563477046	-0.511476296230604	-1.30731773267414	-0.983448650381509	-1.09117216325011	-0.658198039311747	-0.521872748481648	-0.389030783616937	-1.08070028374626	-0.85630082182083	-0.887826290316784	-0.493532738177551
GLU210A	-1.39536935416569	-1.20538652356266	-1.40140078828809	-1.00571089151863	-0.523858712395904	-0.511476296230604	-0.738079753133369	-0.983448650381509	-0.801990096403365	-0.90320551135839	-0.521872748481648	-0.389030783616937	-1.08070028374626	-0.85630082182083	-0.887826290316784	-0.493532738177551
ASP215A	-1.39536935416569	-1.20538652356266	-1.14931954893139	-1.00571089151863	-0.523858712395904	-0.511476296230604	-0.738079753133369	-0.983448650381509	-0.657399062979993	-0.90320551135839	-0.404403596011255	-0.389030783616937	-0.443087116335965	-0.85630082182083	-0.69577587371297	-0.83509791767873
ILE143A	-0.937998288078045	-0.742831695008531	-0.267035211182943	-0.116101557191806	-0.523858712395904	-0.501571784577607	-0.168841773592601	-0.349312362157366	0.0655561041368678	0.321831848874829	-0.50725436506311	-0.378133488877803	-0.443087116335965	-0.105048056208503	-0.311675040505342	0.531162800325986
SER0A	-1.85274042025333	-1.20538652356266	-1.65348202764478	-1.00571089151863	-0.620397563477046	-0.511476296230604	-1.30731773267414	-0.983448650381509	-1.09117216325011	-0.658198039311747	-0.521872748481648	-0.389030783616937	-1.08070028374626	-0.85630082182083	-0.887826290316784	-0.493532738177551
GLN8A	-1.85274042025333	-1.20538652356266	-1.65348202764478	-1.00571089151863	-0.620397563477046	-0.511476296230604	-1.30731773267414	-0.983448650381509	-1.09117216325011	-0.658198039311747	-0.521872748481648	-0.389030783616937	-1.08070028374626	-0.85630082182083	-0.887826290316784	-0.493532738177551
SER64A	-1.85274042025333	-1.20538652356266	-1.65348202764478	-1.00571089151863	-0.620397563477046	-0.511476296230604	-1.30731773267414	-0.983448650381509	-1.09117216325011	-0.658198039311747	-0.521872748481648	-0.389030783616937	-1.08070028374626	-0.85630082182083	-0.887826290316784	-0.493532738177551
GLN67A	-1.85274042025333	-1.20538652356266	-1.65348202764478	-1.00571089151863	-0.620397563477046	-0.511476296230604	-1.30731773267414	-0.983448650381509	-1.09117216325011	-0.658198039311747	-0.521872748481648	-0.389030783616937	-1.08070028374626	-0.85630082182083	-0.887826290316784	-0.493532738177551
LYS68A	-1.85274042025333	-1.20538652356266	-1.65348202764478	-1.00571089151863	-0.620397563477046	-0.511476296230604	-1.30731773267414	-0.983448650381509	-1.09117216325011	-0.658198039311747	-0.521872748481648	-0.389030783616937	-1.08070028374626	-0.85630082182083	-0.887826290316784	-0.493532738177551
GLU71A	-1.85274042025333	-1.20538652356266	-1.65348202764478	-1.00571089151863	-0.620397563477046	-0.511476296230604	-1.30731773267414	-0.983448650381509	-1.09117216325011	-0.658198039311747	-0.521872748481648	-0.389030783616937	-1.08070028374626	-0.85630082182083	-0.887826290316784	-0.493532738177551
LYS141A	-1.85274042025333	-1.20538652356266	-1.65348202764478	-1.00571089151863	-0.620397563477046	-0.511476296230604	-1.30731773267414	-0.983448650381509	-1.09117216325011	-0.658198039311747	-0.521872748481648	-0.389030783616937	-1.08070028374626	-0.85630082182083	-0.887826290316784	-0.493532738177551
LYS160A	-1.85274042025333	-1.20538652356266	-1.65348202764478	-1.00571089151863	-0.620397563477046	-0.511476296230604	-1.30731773267414	-0.983448650381509	-1.09117216325011	-0.658198039311747	-0.521872748481648	-0.389030783616937	-1.08070028374626	-0.85630082182083	-0.887826290316784	-0.493532738177551
