Degree	Degree_sidechain	SecondOrderDegree	SecondOrderDegree_sidechain	NodeEdgeBetweennessSTRIDE	NodeEdgeBetweennessSTRIDE_sidechain	IntermodularDegreeSTRIDE	IntermodularDegreeSTRIDE_sidechain	SecondOrderIntermodularDegreeSTRIDE	SecondOrderIntermodularDegreeSTRIDE_sidechain	NodeEdgeBetweennessWALKTRAP	NodeEdgeBetweennessWALKTRAP_sidechain	IntermodularDegreeWALKTRAP	IntermodularDegreeWALKTRAP_sidechain	SecondOrderIntermodularDegreeWALKTRAP	SecondOrderIntermodularDegreeWALKTRAP_sidechain
GLY729A	1.16328724197001	1.88475725849307	0.809530528749175	1.610453782371	-0.161836782088524	0.0633715927955675	0.90793393438137	1.52879573926137	0.593098508077616	1.15203799743456	0.31083779507406	0.566162482739775	2.69525472579149	3.5827388172492	2.64260637523173	4.27275210257715
ILE744A	1.16328724197001	0.953035576588577	0.809530528749175	1.45802605041755	-0.631709392158335	-0.513092641760681	0.90793393438137	0.96921260981881	0.48986293158629	0.515713760584424	-0.384432076439903	-0.313151870516836	1.27572297692368	1.86840249500017	1.339193172748	1.925423299366
ILE740A	0.710404422577104	-0.444546946268154	1.28362879056209	-0.523534464977397	0.432904218926704	0.48293703085865	0.400948927226809	-0.149953649066306	1.10927639053424	0.038470582946822	-0.403027030603029	-0.344985953630754	-0.143808771944125	-0.703101988373376	0.296462610761007	-0.891371264487369
PRO741A	1.16328724197001	0.0213138946840895	1.28362879056209	0.0861764628364316	0.00556171476473237	-0.411720702728314	0.90793393438137	-0.149953649066306	1.3157475435169	0.038470582946822	0.518557039140202	-0.344985953630754	0.56595710248978	-0.703101988373376	1.59987581324474	-0.891371264487369
THR940A	-0.195361216208704	0.487174735636333	-0.731288822142796	-0.37110673302394	-0.536782195772037	-0.359717721624082	0.400948927226809	0.96921260981881	-0.026314950870338	-0.120610476265712	-0.403027030603029	-0.344985953630754	-0.853574646378029	-0.703101988373376	-0.746267951225983	-0.42190550384514
VAL980A	-0.648244035601608	0.0213138946840895	-0.37571512578311	0.543459658696803	-0.653825047230412	-0.560329784464348	-0.613021087082312	-0.149953649066306	-0.439257256835641	0.197551642159356	-0.403027030603029	-0.344985953630754	-0.853574646378029	-0.703101988373376	-0.746267951225983	-0.42190550384514
ASP1012A	-0.195361216208704	-0.444546946268154	-0.257190560329881	-0.37110673302394	-0.267651685587229	-0.126815278079905	-0.106036079927751	-0.149953649066306	-0.232786103852989	-0.120610476265712	-0.403027030603029	-0.344985953630754	-0.853574646378029	-0.703101988373376	-0.746267951225983	-0.42190550384514
ASP1014A	-0.195361216208704	-0.444546946268154	-0.612764256689567	-0.980817660837768	-0.169322080728304	-0.424056288495497	-0.106036079927751	-0.149953649066306	-0.542492833326966	-0.597853653903314	-0.077388565014624	-0.222737304566105	-0.143808771944125	0.154066172751138	-0.746267951225983	-0.42190550384514
TYR827A	0.710404422577104	-0.444546946268154	0.691005963295947	-0.0662512691170255	-0.414295490757459	-0.310769858517875	0.400948927226809	-0.149953649066306	0.48986293158629	0.038470582946822	-0.061968359123251	0.00591373866656089	1.27572297692368	1.01123433387565	1.07851053225125	0.986491778081547
VAL769A	1.61617006136291	2.35061809944531	1.40215335601532	2.37259244213829	4.62739338398147	5.27611280694424	1.92190394869049	2.64796199814649	1.83192542597352	2.42468647113483	6.26530494648099	7.25296553254516	1.98548885135759	2.72557065612468	1.86055845374149	2.39488906000823
ARG803A	-0.195361216208704	0.0213138946840895	-0.138665994876653	-0.218679001070483	-0.59972675251564	-0.518891445232466	-0.613021087082312	-0.149953649066306	-0.645728409818292	-0.120610476265712	-0.309145188852612	-0.271180193898684	0.56595710248978	1.01123433387565	0.296462610761007	0.517026017439318
LEU799A	0.2575216031842	-0.444546946268154	0.45395683238949	-0.0662512691170255	-0.265610240503652	-0.574325974895065	-0.106036079927751	-0.709536778508865	0.283391778603639	-0.120610476265712	-0.077388565014624	-0.344985953630754	0.56595710248978	0.154066172751138	0.0357799702642594	0.517026017439318
CYS818A	0.710404422577104	0.487174735636333	1.63920248692177	0.848315122603717	-0.578972060832614	-0.570074341995789	0.400948927226809	0.409629480376252	0.386627355094965	0.038470582946822	-0.380803792700757	-0.316032080636446	0.56595710248978	1.01123433387565	1.07851053225125	0.986491778081547
LEU814A	2.06905288075582	1.41889641754082	1.99477618328146	1.610453782371	0.859226000546887	0.107998904492553	1.92190394869049	1.52879573926137	2.5545744614128	1.94744329349723	1.469620914264	1.07245619137863	2.69525472579149	1.86840249500017	3.68533693721872	2.86435482065046
ILE965A	0.710404422577104	0.953035576588577	0.216907701483033	0.391031926743346	-0.19892303444016	0.0108138534790034	-0.106036079927751	0.409629480376252	-0.852199562800943	-0.597853653903314	0.225119591736722	0.434071609326775	1.98548885135759	2.72557065612468	1.07851053225125	0.986491778081547
LYS823A	0.2575216031842	-1.37626862817264	0.809530528749175	-1.13324539279123	-0.524193284423317	-0.574325974895065	-0.613021087082312	-1.26911990795142	-0.748963986309617	-1.07509683154092	-0.208460315091294	-0.344985953630754	-0.143808771944125	-0.703101988373376	0.0357799702642594	-0.891371264487369
TRP898A	1.61617006136291	0.953035576588577	2.5873990105476	2.37259244213829	1.93370659620255	2.35229042684925	0.90793393438137	1.52879573926137	1.83192542597352	3.2200917671975	-0.163106768351962	-0.281317787402917	1.27572297692368	0.154066172751138	1.339193172748	0.0475602567970886
TRP951A	1.16328724197001	1.41889641754082	1.28362879056209	1.91530924627792	3.87205870305824	3.33702432906703	1.92190394869049	2.08837886870393	1.3157475435169	1.7883622342847	4.07835692271039	4.80126301037647	2.69525472579149	3.5827388172492	3.42465429672198	5.21168362386161
TRP731A	1.16328724197001	0.487174735636333	1.16510422510886	-0.0662512691170255	0.117160712666903	-0.354465801695071	1.92190394869049	0.96921260981881	2.5545744614128	1.31111905664709	0.104025621942705	-0.312375429465277	1.27572297692368	0.154066172751138	2.64260637523173	0.986491778081547
LEU815A	1.16328724197001	1.41889641754082	1.63920248692177	1.91530924627792	1.37877377431705	2.11219300122154	0.90793393438137	1.52879573926137	1.21251196702557	1.94744329349723	-0.403027030603029	-0.344985953630754	-0.143808771944125	-0.703101988373376	-0.224902670232488	-0.891371264487369
VAL819A	0.710404422577104	0.953035576588577	0.691005963295947	0.69588739065026	-0.193819421731219	0.202622788828585	-0.613021087082312	-0.149953649066306	-0.852199562800943	-0.597853653903314	0.231922623747622	0.6894468110835	1.27572297692368	1.86840249500017	0.296462610761007	0.0475602567970886
GLY824A	2.06905288075582	2.81647894039755	1.40215335601532	2.06773697823137	-0.095830057719557	-0.0733204169126251	-0.106036079927751	0.409629480376252	0.283391778603639	1.15203799743456	-0.403027030603029	-0.344985953630754	-0.853574646378029	-0.703101988373376	-0.746267951225983	-0.42190550384514
HIS773A	0.2575216031842	-0.444546946268154	0.45395683238949	-0.675962196930854	0.00352026968115607	-0.0238091512868924	0.400948927226809	-0.149953649066306	0.283391778603639	-0.597853653903314	-0.403027030603029	-0.344985953630754	-0.853574646378029	-0.703101988373376	-0.746267951225983	-0.42190550384514
LEU792A	1.16328724197001	1.41889641754082	0.691005963295947	0.391031926743346	1.79454808967209	1.6564918725937	1.92190394869049	2.08837886870393	0.902805237551593	0.833875879009492	2.12951501932128	1.89722057525801	2.69525472579149	2.72557065612468	2.64260637523173	1.925423299366
MET1002A	-1.10112685499451	-0.444546946268154	-0.731288822142796	0.0861764628364316	-0.568764835414733	-0.472009443122917	-0.613021087082312	-0.149953649066306	-0.336021680344315	0.35663270137189	-0.267873461319819	-0.208761304363299	0.56595710248978	1.01123433387565	1.339193172748	2.39488906000823
ALA1000A	-0.195361216208704	0.487174735636333	-0.849813387596024	-0.218679001070483	-0.670156607899022	-0.574325974895065	-1.62699110139143	-1.26911990795142	-1.36837744525757	-0.916015772328383	-0.403027030603029	-0.344985953630754	-0.853574646378029	-0.703101988373376	-0.746267951225983	-0.42190550384514
ARG999A	-1.55400967438742	-1.37626862817264	-1.44243621486217	-1.13324539279123	-0.670156607899022	-0.574325974895065	-1.62699110139143	-1.26911990795142	-1.36837744525757	-0.916015772328383	-0.403027030603029	-0.344985953630754	-0.853574646378029	-0.703101988373376	-0.746267951225983	-0.42190550384514
LYS728A	-0.195361216208704	-0.910407787220398	0.216907701483033	-0.523534464977397	-0.586457359472394	-0.574325974895065	-0.106036079927751	-0.709536778508865	-0.129550527361664	-0.756934713115848	-0.366744193211564	-0.344985953630754	0.56595710248978	0.154066172751138	1.07851053225125	0.0475602567970886
ALA840A	0.710404422577104	0.953035576588577	0.809530528749175	0.543459658696803	-0.129854142445829	0.0828856952989602	0.90793393438137	0.96921260981881	0.696334084568941	0.674794819796958	-0.077388565014624	0.212498721388595	-0.143808771944125	0.154066172751138	-0.485585310729235	-0.42190550384514
LEU907A	-0.195361216208704	0.0213138946840895	0.572481397842718	0.0861764628364316	-0.529977378826783	-0.473850258675636	0.400948927226809	0.409629480376252	0.593098508077616	0.515713760584424	-0.271048209591573	-0.258186857345485	0.56595710248978	0.154066172751138	1.07851053225125	0.517026017439318
ARG748A	-0.648244035601608	0.0213138946840895	-0.968337953049253	-0.0662512691170255	-0.568764835414733	-0.4820760473602	-0.106036079927751	0.409629480376252	-0.439257256835641	0.35663270137189	-0.403027030603029	-0.344985953630754	-0.853574646378029	-0.703101988373376	-0.746267951225983	-0.42190550384514
GLY724A	0.2575216031842	0.953035576588577	-0.257190560329881	0.69588739065026	-0.324812147927365	-0.055446288091397	0.400948927226809	0.96921260981881	-0.026314950870338	0.515713760584424	-0.131359285634429	-0.0189375558160117	-0.143808771944125	0.154066172751138	-0.746267951225983	-0.42190550384514
ARG836A	0.710404422577104	0.487174735636333	0.45395683238949	-0.0662512691170255	1.0507815975558	0.536301991557655	1.41491894153593	0.96921260981881	1.21251196702557	0.35663270137189	1.8909553634724	1.13370866762138	3.4050206002254	2.72557065612468	2.64260637523173	1.45595753872378
TYR891A	1.61617006136291	-0.910407787220398	1.04657965965563	-0.828389928884311	-0.566042908636631	-0.571993276489945	1.92190394869049	-0.709536778508865	1.93516100246485	-0.597853653903314	-0.324111859276591	-0.344985953630754	1.27572297692368	-0.703101988373376	1.339193172748	-0.891371264487369
ALA955A	0.2575216031842	0.953035576588577	0.0983831360298041	0.848315122603717	-0.568764835414733	-0.519457851865513	0.400948927226809	0.96921260981881	0.799569661060267	2.10652435270977	-0.403027030603029	-0.344985953630754	-0.853574646378029	-0.703101988373376	-0.746267951225983	-0.42190550384514
GLN894A	0.2575216031842	0.487174735636333	0.809530528749175	0.848315122603717	0.202220924482582	0.144104631251716	0.90793393438137	0.96921260981881	1.41898312000822	1.62928117507216	-0.0873663452972771	0.195417018254297	0.56595710248978	1.01123433387565	1.07851053225125	1.925423299366
ILE780A	1.16328724197001	0.0213138946840895	0.45395683238949	-0.218679001070483	1.50398240610973	0.660129531221437	0.90793393438137	-0.149953649066306	0.283391778603639	-0.279691535478246	-0.390328037516016	-0.337388134776706	-0.143808771944125	0.154066172751138	-0.224902670232488	0.517026017439318
LEU704A	0.710404422577104	0.953035576588577	0.691005963295947	1.45802605041755	2.50701242384022	2.5895085484761	0.90793393438137	1.52879573926137	0.696334084568941	1.47020011585963	-0.403027030603029	-0.344985953630754	-0.853574646378029	-0.703101988373376	-0.746267951225983	-0.42190550384514
GLY796A	0.2575216031842	0.953035576588577	0.928055094202404	1.610453782371	1.2396152677866	1.91215420673297	0.400948927226809	0.96921260981881	0.696334084568941	1.31111905664709	0.872768239174386	0.934785500042568	0.56595710248978	1.01123433387565	0.557145251257754	0.986491778081547
VAL845A	2.06905288075582	2.81647894039755	1.757727052375	2.82987563799866	2.17833976538444	2.35303676624258	1.41491894153593	2.08837886870393	1.7286898494822	2.2656054119223	-0.0796562423515906	0.2086165161308	-0.143808771944125	0.154066172751138	0.0357799702642594	0.0475602567970886
ALA755A	-0.195361216208704	0.487174735636333	-0.731288822142796	-0.218679001070483	-0.0665693448549635	-0.0128054804649281	-0.613021087082312	-0.149953649066306	-0.748963986309617	-0.120610476265712	-0.403027030603029	-0.344985953630754	-0.853574646378029	-0.703101988373376	-0.746267951225983	-0.42190550384514
THR751A	0.2575216031842	0.953035576588577	-0.138665994876653	0.543459658696803	0.412830008938204	0.220201863184745	0.400948927226809	0.96921260981881	-0.026314950870338	0.674794819796958	-0.147686562460589	-0.0281491277469306	-0.143808771944125	0.154066172751138	-0.485585310729235	0.0475602567970886
LEU798A	0.710404422577104	0.953035576588577	1.28362879056209	2.37259244213829	1.70132209752211	0.876909891551454	0.90793393438137	0.96921260981881	1.3157475435169	1.94744329349723	1.0142713050011	0.916464099887205	1.27572297692368	1.86840249500017	1.339193172748	2.86435482065046
TRP817A	1.61617006136291	1.41889641754082	1.99477618328146	1.76288151432446	1.20695214644938	0.328048031119946	0.90793393438137	0.96921260981881	1.10927639053424	1.31111905664709	2.83204145831354	2.88406529289708	3.4050206002254	4.43990697837371	3.68533693721872	4.27275210257715
CYS950A	0.2575216031842	0.0213138946840895	1.28362879056209	1.00074285455717	-0.0788180153564212	-0.334713051280465	0.400948927226809	-0.149953649066306	0.902805237551593	0.038470582946822	0.134412498258058	0.0446784150138567	1.27572297692368	1.01123433387565	1.59987581324474	0.986491778081547
PRO959A	1.16328724197001	0.487174735636333	0.691005963295947	1.15317058651063	-0.156392928532321	-0.129865031217919	1.41491894153593	0.409629480376252	0.696334084568941	-0.120610476265712	0.200628676497483	0.383424791400881	2.69525472579149	2.72557065612468	1.86055845374149	0.986491778081547
ALA743A	-0.195361216208704	0.487174735636333	0.691005963295947	1.610453782371	-0.0954898168722943	-0.0818350241142369	-0.613021087082312	-0.149953649066306	-0.645728409818292	-0.279691535478246	-0.403027030603029	-0.344985953630754	-0.853574646378029	-0.703101988373376	-0.746267951225983	-0.42190550384514
THR790A	0.710404422577104	0.487174735636333	1.28362879056209	1.15317058651063	1.99324874447352	3.32040559975237	0.400948927226809	-0.149953649066306	0.48986293158629	0.038470582946822	5.01263998554063	8.34727161857204	1.27572297692368	1.01123433387565	1.339193172748	0.517026017439318
ASN816A	-1.10112685499451	-0.910407787220398	-0.612764256689567	-0.828389928884311	-0.670156607899022	-0.574325974895065	-1.12000609423687	-1.26911990795142	-1.05867071578359	-1.07509683154092	-0.403027030603029	-0.344985953630754	-0.853574646378029	-0.703101988373376	-0.746267951225983	-0.42190550384514
GLN812A	0.2575216031842	0.0213138946840895	0.45395683238949	0.238604194789889	-0.468053544624969	-0.29121176820885	-0.106036079927751	-0.149953649066306	0.386627355094965	0.038470582946822	-0.403027030603029	-0.344985953630754	-0.853574646378029	-0.703101988373376	-0.746267951225983	-0.42190550384514
ALA722A	-0.648244035601608	-0.444546946268154	-0.968337953049253	-0.37110673302394	-0.272415057448907	-0.312700609490339	-0.613021087082312	-0.709536778508865	-0.748963986309617	-0.43877259469078	-0.403027030603029	-0.344985953630754	-0.853574646378029	-0.703101988373376	-0.746267951225983	-0.42190550384514
PHE723A	0.2575216031842	-0.444546946268154	-0.37571512578311	-0.828389928884311	-0.184632918855126	-0.55632751717777	0.400948927226809	-0.709536778508865	-0.026314950870338	-0.756934713115848	0.244168081367242	-0.321022733343404	0.56595710248978	0.154066172751138	-0.224902670232488	-0.42190550384514
SER969A	-0.195361216208704	-0.444546946268154	-0.0201414294234244	0.0861764628364316	-0.578291579138089	-0.534830296826934	-1.12000609423687	-0.709536778508865	-1.26514186876625	-0.756934713115848	-0.280572454406832	-0.292401246162434	-0.143808771944125	0.154066172751138	-0.224902670232488	0.517026017439318
GLU931A	0.2575216031842	-0.910407787220398	-0.494239691236338	-1.13324539279123	-0.566723390331156	-0.536646140598043	0.400948927226809	-0.709536778508865	-0.129550527361664	-0.916015772328383	-0.403027030603029	-0.344985953630754	-0.853574646378029	-0.703101988373376	-0.746267951225983	-0.42190550384514
GLY930A	-0.195361216208704	0.487174735636333	-0.612764256689567	0.238604194789889	-0.568764835414733	-0.516822204025026	0.400948927226809	0.96921260981881	0.0769206256209876	0.515713760584424	-0.403027030603029	-0.344985953630754	-0.853574646378029	-0.703101988373376	-0.746267951225983	-0.42190550384514
ILE878A	-1.10112685499451	-0.910407787220398	-1.44243621486217	-0.828389928884311	-0.519089671714376	-0.514724183765134	-0.613021087082312	-0.709536778508865	-0.852199562800943	-0.597853653903314	-0.403027030603029	-0.344985953630754	-0.853574646378029	-0.703101988373376	-0.746267951225983	-0.42190550384514
ILE886A	-0.648244035601608	-0.444546946268154	-0.494239691236338	-0.37110673302394	-0.515687263241749	-0.48160121329157	-0.106036079927751	-0.149953649066306	-0.232786103852989	-0.279691535478246	-0.385792682842083	-0.330233573651133	-0.143808771944125	0.154066172751138	-0.485585310729235	0.0475602567970886
LEU927A	1.16328724197001	0.953035576588577	0.216907701483033	0.543459658696803	-0.547669902884444	-0.504320700612673	0.90793393438137	0.96921260981881	0.593098508077616	0.833875879009492	-0.311412866189578	-0.266565407423297	0.56595710248978	1.01123433387565	0.0357799702642594	0.0475602567970886
ALA1013A	0.2575216031842	0.953035576588577	0.0983831360298041	0.238604194789889	0.568320076137265	1.2067667244262	0.400948927226809	0.96921260981881	0.283391778603639	0.833875879009492	-0.403027030603029	-0.344985953630754	-0.853574646378029	-0.703101988373376	-0.746267951225983	-0.42190550384514
GLN791A	0.710404422577104	0.0213138946840895	0.216907701483033	-0.218679001070483	1.92996394688266	-0.298910516480964	0.90793393438137	0.409629480376252	0.386627355094965	0.197551642159356	4.41397316858145	-0.344985953630754	0.56595710248978	-0.703101988373376	0.557145251257754	-0.891371264487369
LEU778A	0.710404422577104	0.953035576588577	0.691005963295947	0.848315122603717	-0.249278679835042	0.00389164227390013	0.90793393438137	1.52879573926137	0.902805237551593	1.47020011585963	-0.0542582561775645	0.234239070832246	0.56595710248978	0.154066172751138	0.296462610761007	0.0475602567970886
LEU964A	0.2575216031842	0.487174735636333	0.691005963295947	0.391031926743346	-0.46192920937424	-0.2174231189118	0.400948927226809	0.409629480376252	0.283391778603639	0.197551642159356	-0.155850200873669	0.078174419468891	1.27572297692368	1.01123433387565	1.07851053225125	0.517026017439318
TYR900A	1.16328724197001	0.0213138946840895	1.40215335601532	0.543459658696803	1.02900618333098	-0.147647210239194	0.90793393438137	0.409629480376252	0.696334084568941	0.197551642159356	-0.0597006817862844	-0.0499383540383409	0.56595710248978	0.154066172751138	0.557145251257754	-0.42190550384514
ARG973A	-0.195361216208704	-0.444546946268154	-0.138665994876653	-0.828389928884311	-0.472816916486647	-0.574325974895065	-1.12000609423687	-1.26911990795142	-0.852199562800943	-1.07509683154092	-0.403027030603029	-0.344985953630754	-0.853574646378029	-0.703101988373376	-0.746267951225983	-0.42190550384514
GLY721A	0.2575216031842	0.953035576588577	-0.731288822142796	-0.0662512691170255	0.103210837929132	0.000358405738249033	0.400948927226809	0.96921260981881	-0.129550527361664	0.35663270137189	-0.26107042930892	-0.101959904492793	-0.143808771944125	0.154066172751138	-0.746267951225983	-0.891371264487369
MET971A	0.710404422577104	0.487174735636333	0.809530528749175	0.238604194789889	0.12056312113953	-0.154908762673009	0.90793393438137	0.96921260981881	0.696334084568941	0.35663270137189	-0.403027030603029	-0.344985953630754	-0.853574646378029	-0.703101988373376	-0.746267951225983	-0.42190550384514
VAL904A	1.16328724197001	0.953035576588577	1.87625161782823	1.00074285455717	0.0878999998023097	0.265252991574977	-0.613021087082312	-0.149953649066306	-0.645728409818292	-0.279691535478246	0.607449990749293	0.772832919417161	-0.143808771944125	0.154066172751138	-0.224902670232488	-0.42190550384514
GLY810A	1.61617006136291	2.35061809944531	1.40215335601532	1.91530924627792	0.479176974154433	0.981354285627769	2.42888895584505	3.20754512758904	2.5545744614128	2.7428485895599	-0.306877511515645	-0.18038045070025	-0.143808771944125	0.154066172751138	-0.224902670232488	-0.42190550384514
ILE981A	0.710404422577104	0.487174735636333	0.572481397842718	0.848315122603717	-0.170002562422829	-0.157124378043216	1.41491894153593	0.96921260981881	1.62545427299087	1.7883622342847	-0.403027030603029	-0.344985953630754	-0.853574646378029	-0.703101988373376	-0.746267951225983	-0.42190550384514
SER899A	-1.10112685499451	-0.910407787220398	-0.612764256689567	-0.523534464977397	-0.568764835414733	-0.400539943713671	-1.12000609423687	-0.709536778508865	-0.852199562800943	-0.597853653903314	-0.267873461319819	-0.113606520266177	0.56595710248978	0.154066172751138	0.0357799702642594	0.0475602567970886
TRP880A	1.16328724197001	0.487174735636333	0.809530528749175	0.238604194789889	1.50670433288784	0.646583178282974	1.41491894153593	0.409629480376252	1.10927639053424	0.35663270137189	0.909504612033245	0.700727950677417	1.27572297692368	1.01123433387565	0.817827891754502	0.0475602567970886
VAL1011A	0.710404422577104	0.953035576588577	0.572481397842718	0.543459658696803	-0.203686406301838	0.146825998500121	0.90793393438137	0.96921260981881	0.799569661060267	0.833875879009492	-0.403027030603029	-0.344985953630754	-0.853574646378029	-0.703101988373376	-0.746267951225983	-0.42190550384514
VAL738A	0.710404422577104	1.41889641754082	-0.0201414294234244	0.238604194789889	-0.355093583333747	-0.144595214038775	0.90793393438137	1.52879573926137	1.10927639053424	1.31111905664709	-0.403027030603029	-0.344985953630754	-0.853574646378029	-0.703101988373376	-0.746267951225983	-0.42190550384514
GLY863A	0.2575216031842	0.953035576588577	-0.849813387596024	-0.218679001070483	-0.519089671714376	-0.327438563322309	0.90793393438137	1.52879573926137	-0.232786103852989	0.038470582946822	-0.403027030603029	-0.344985953630754	-0.853574646378029	-0.703101988373376	-0.746267951225983	-0.42190550384514
LEU862A	-0.648244035601608	-0.444546946268154	-0.494239691236338	-0.828389928884311	-0.480302215126426	-0.454950415458728	-0.106036079927751	-0.149953649066306	-0.232786103852989	-0.597853653903314	-0.331821962222278	-0.247047928823344	-0.143808771944125	0.154066172751138	-0.485585310729235	-0.42190550384514
ASN756A	-0.195361216208704	-0.910407787220398	-0.0201414294234244	-0.675962196930854	-0.521131116797952	-0.453066627570135	-0.106036079927751	-0.709536778508865	-0.026314950870338	-0.597853653903314	-0.403027030603029	-0.344985953630754	-0.853574646378029	-0.703101988373376	-0.746267951225983	-0.42190550384514
ALA972A	1.61617006136291	1.88475725849307	0.809530528749175	1.30559831846409	-0.175446415979033	-0.249250850785745	0.400948927226809	0.409629480376252	0.0769206256209876	0.038470582946822	-0.403027030603029	-0.344985953630754	-0.853574646378029	-0.703101988373376	-0.746267951225983	-0.42190550384514
PRO975A	1.16328724197001	0.953035576588577	0.216907701483033	0.543459658696803	0.0858585547187334	-0.0534571811413881	1.41491894153593	0.96921260981881	0.593098508077616	-0.120610476265712	-0.403027030603029	-0.344985953630754	-0.853574646378029	-0.703101988373376	-0.746267951225983	-0.42190550384514
SER752A	-0.648244035601608	-0.444546946268154	-1.20538708395571	-0.675962196930854	-0.366661772140679	-0.289320979403531	-0.106036079927751	-0.149953649066306	-1.05867071578359	-0.756934713115848	-0.403027030603029	-0.344985953630754	-0.853574646378029	-0.703101988373376	-0.746267951225983	-0.42190550384514
LEU1001A	0.2575216031842	0.487174735636333	0.0983831360298041	0.69588739065026	0.21072694566415	0.330767784996049	-0.106036079927751	-0.149953649066306	-0.026314950870338	0.35663270137189	0.771176294478282	0.860059583584102	1.27572297692368	1.01123433387565	1.86055845374149	2.39488906000823
SER912A	-0.648244035601608	-0.910407787220398	-0.138665994876653	-0.523534464977397	0.566959112748214	-0.566879912487111	-0.106036079927751	-0.709536778508865	-0.129550527361664	-0.756934713115848	-0.403027030603029	-0.344985953630754	-0.853574646378029	-0.703101988373376	-0.746267951225983	-0.42190550384514
THR909A	0.2575216031842	0.953035576588577	1.04657965965563	1.610453782371	-0.641236135881691	-0.533168568102688	-0.613021087082312	-0.149953649066306	-0.439257256835641	0.197551642159356	-0.400759353266063	-0.342390379888036	-0.143808771944125	0.154066172751138	0.0357799702642594	0.986491778081547
LYS739A	-1.10112685499451	-1.37626862817264	-0.37571512578311	-1.13324539279123	-0.571486762192834	-0.574325974895065	-1.12000609423687	-1.26911990795142	-0.748963986309617	-1.07509683154092	-0.403027030603029	-0.344985953630754	-0.853574646378029	-0.703101988373376	-0.746267951225983	-0.42190550384514
GLY779A	0.710404422577104	1.41889641754082	1.28362879056209	2.22016471018483	-0.209470500705304	0.0810338084029695	-0.106036079927751	0.409629480376252	0.180156202112313	0.833875879009492	0.0033407481813874	0.195634195239314	0.56595710248978	1.01123433387565	0.296462610761007	0.517026017439318
PRO914A	0.2575216031842	0.0213138946840895	0.809530528749175	0.0861764628364316	0.902436588149252	0.154173411607602	0.400948927226809	-0.149953649066306	0.696334084568941	0.038470582946822	1.69321389968891	0.624941111908191	1.98548885135759	1.01123433387565	2.64260637523173	1.45595753872378
ALA702A	-0.195361216208704	0.487174735636333	-0.731288822142796	0.238604194789889	-0.471455953097596	-0.233752007747636	-0.613021087082312	-0.149953649066306	-1.16190629227492	-0.916015772328383	-0.403027030603029	-0.344985953630754	-0.853574646378029	-0.703101988373376	-0.746267951225983	-0.42190550384514
GLU711A	-0.195361216208704	0.0213138946840895	-0.612764256689567	-0.0662512691170255	-0.271394334907119	0.109154657804912	-0.613021087082312	-0.149953649066306	-0.542492833326966	-0.120610476265712	-0.271048209591573	-0.11904160762709	-0.143808771944125	0.154066172751138	-0.485585310729235	-0.42190550384514
GLU734A	-0.648244035601608	-0.910407787220398	-1.08686251850248	-1.13324539279123	-0.569785557956521	-0.574046670717022	-0.613021087082312	-0.709536778508865	-1.16190629227492	-0.916015772328383	-0.269234067721999	-0.344614086904686	0.56595710248978	0.154066172751138	-0.485585310729235	-0.42190550384514
SER995A	-0.195361216208704	0.487174735636333	-0.612764256689567	-0.218679001070483	-0.568084353720207	-0.399373594511112	0.400948927226809	0.96921260981881	-0.026314950870338	-0.279691535478246	-0.403027030603029	-0.344985953630754	-0.143808771944125	0.154066172751138	0.0357799702642594	0.0475602567970886
TYR998A	-0.648244035601608	-1.37626862817264	-0.257190560329881	-1.13324539279123	-0.367342253835205	-0.574325974895065	-0.106036079927751	-1.26911990795142	0.0769206256209876	-1.07509683154092	-0.134534033906183	-0.344985953630754	0.56595710248978	-0.703101988373376	1.07851053225125	-0.891371264487369
LEU858A	-0.195361216208704	-0.444546946268154	-0.494239691236338	-0.675962196930854	0.128728901473836	0.275614607918079	-0.106036079927751	-0.149953649066306	-0.439257256835641	-0.597853653903314	0.662781317771278	0.641094181849153	0.56595710248978	0.154066172751138	0.0357799702642594	-0.42190550384514
VAL902A	1.16328724197001	1.41889641754082	1.757727052375	2.37259244213829	-0.489148477155257	-0.287620372756162	0.400948927226809	0.96921260981881	0.902805237551593	1.47020011585963	-0.211635063363047	-0.0486734568918288	1.27572297692368	1.86840249500017	2.12124109423824	2.86435482065046
VAL774A	2.06905288075582	2.81647894039755	1.40215335601532	2.37259244213829	4.73456925086922	5.91788602939827	2.42888895584505	3.20754512758904	2.03839657895617	3.06101070798497	3.20756882531521	3.81010242064899	0.56595710248978	1.01123433387565	0.817827891754502	1.925423299366
CYS939A	0.710404422577104	0.953035576588577	1.04657965965563	1.45802605041755	-0.299974566077187	-0.360686857980405	1.41491894153593	1.52879573926137	1.62545427299087	2.42468647113483	-0.346788632646257	-0.24870726323744	-0.143808771944125	0.154066172751138	0.296462610761007	0.0475602567970886
GLN935A	-0.648244035601608	-0.910407787220398	-0.494239691236338	-0.37110673302394	-0.483024141904528	-0.422117403961026	-0.106036079927751	-0.709536778508865	-0.026314950870338	-0.279691535478246	-0.403027030603029	-0.344985953630754	-0.853574646378029	-0.703101988373376	-0.746267951225983	-0.42190550384514
ILE938A	-0.648244035601608	0.0213138946840895	0.0983831360298041	0.391031926743346	-0.568764835414733	-0.433780895986622	-0.106036079927751	0.409629480376252	0.48986293158629	0.833875879009492	-0.319576504602658	-0.202120800143901	-0.143808771944125	0.154066172751138	0.296462610761007	0.0475602567970886
ASP954A	-0.648244035601608	0.0213138946840895	-0.968337953049253	-0.523534464977397	-0.366661772140679	-0.305349701073716	-0.106036079927751	0.409629480376252	-0.645728409818292	-0.279691535478246	-0.403027030603029	-0.344985953630754	-0.853574646378029	-0.703101988373376	-0.746267951225983	-0.42190550384514
ASP956A	-0.648244035601608	-1.37626862817264	-0.849813387596024	-1.13324539279123	-0.568764835414733	-0.574325974895065	-0.613021087082312	-1.26911990795142	-0.748963986309617	-1.07509683154092	-0.403027030603029	-0.344985953630754	-0.143808771944125	-0.703101988373376	-0.224902670232488	-0.891371264487369
GLN787A	0.710404422577104	0.0213138946840895	0.691005963295947	-0.0662512691170255	-0.373806829933196	-0.26985562612781	0.400948927226809	0.409629480376252	0.0769206256209876	0.197551642159356	-0.201203747613001	-0.25241753743434	1.27572297692368	0.154066172751138	0.817827891754502	-0.42190550384514
PHE712A	0.2575216031842	-0.444546946268154	0.45395683238949	-0.218679001070483	-0.450361020567307	-0.504009572594015	0.400948927226809	-0.149953649066306	0.593098508077616	0.038470582946822	-0.300528014972139	-0.277607513206017	0.56595710248978	0.154066172751138	0.557145251257754	-0.42190550384514
ILE821A	0.710404422577104	0.0213138946840895	1.63920248692177	0.69588739065026	-0.437772109218587	-0.414528742781425	-0.106036079927751	-0.149953649066306	-0.026314950870338	0.35663270137189	-0.403027030603029	-0.344985953630754	-0.853574646378029	-0.703101988373376	-0.746267951225983	-0.42190550384514
VAL843A	1.16328724197001	1.88475725849307	0.928055094202404	1.45802605041755	0.709860268598555	1.11404841616265	1.41491894153593	2.08837886870393	1.00604081404292	1.31111905664709	-0.136801711243149	-0.0511745942750131	-0.143808771944125	0.154066172751138	-0.224902670232488	0.517026017439318
SER784A	-0.648244035601608	-1.37626862817264	-0.731288822142796	-1.13324539279123	-0.656206733161251	-0.574325974895065	-1.12000609423687	-1.26911990795142	-1.36837744525757	-1.07509683154092	-0.2556280037002	-0.344985953630754	0.56595710248978	-0.703101988373376	0.296462610761007	-0.891371264487369
THR783A	0.2575216031842	0.953035576588577	-0.0201414294234244	0.391031926743346	-0.196881589356584	0.185116922307822	-0.106036079927751	0.409629480376252	-0.336021680344315	0.197551642159356	-0.0243249153296053	0.303342324420996	0.56595710248978	1.01123433387565	0.0357799702642594	-0.891371264487369
PRO848A	1.16328724197001	0.953035576588577	1.16510422510886	0.238604194789889	-0.575229411512724	-0.532735663190597	1.41491894153593	0.96921260981881	1.21251196702557	0.197551642159356	-0.403027030603029	-0.344985953630754	-0.143808771944125	-0.703101988373376	0.557145251257754	-0.891371264487369
THR847A	0.2575216031842	0.0213138946840895	0.216907701483033	-0.37110673302394	-0.594963380653962	-0.52010269656518	-0.106036079927751	-0.149953649066306	-0.129550527361664	-0.43877259469078	-0.403027030603029	-0.344985953630754	-0.853574646378029	-0.703101988373376	-0.746267951225983	-0.42190550384514
GLU829A	-1.10112685499451	-0.910407787220398	-0.849813387596024	-0.675962196930854	-0.568764835414733	-0.574325974895065	-0.613021087082312	-0.709536778508865	-0.645728409818292	-0.597853653903314	-0.267873461319819	-0.344985953630754	-0.143808771944125	-0.703101988373376	-0.485585310729235	-0.891371264487369
HIS893A	0.2575216031842	0.0213138946840895	0.335432266936261	0.391031926743346	-0.370064180613306	-0.149774865163339	0.400948927226809	0.409629480376252	0.180156202112313	0.515713760584424	-0.142697672319262	0.100691209964102	0.56595710248978	1.01123433387565	0.0357799702642594	-0.42190550384514
VAL897A	0.710404422577104	1.41889641754082	1.52067792146855	2.06773697823137	0.787435181774454	1.18003663677158	0.400948927226809	0.96921260981881	1.00604081404292	1.62928117507216	0.8514520722069	1.00083066333996	0.56595710248978	1.01123433387565	1.339193172748	1.925423299366
ARG958A	3.42770133893453	2.81647894039755	1.87625161782823	2.37259244213829	0.841193235641963	0.689503416700497	3.44285897015417	3.7671282570316	2.96751676737811	3.85641600404764	-0.323204788341805	-0.344985953630754	0.56595710248978	-0.703101988373376	1.07851053225125	-0.891371264487369
TYR944A	0.710404422577104	-0.910407787220398	0.572481397842718	-0.37110673302394	-0.530317619674046	-0.362633594630482	-0.613021087082312	-0.709536778508865	-0.129550527361664	-0.279691535478246	-0.138162317645329	-0.0631378519148436	0.56595710248978	0.154066172751138	0.557145251257754	0.517026017439318
VAL948A	-0.648244035601608	-0.444546946268154	-0.37571512578311	-0.980817660837768	-0.643277580965267	-0.574325974895065	-1.12000609423687	-1.26911990795142	-0.748963986309617	-1.07509683154092	-0.302795692309105	-0.173392481236219	-0.143808771944125	0.154066172751138	-0.485585310729235	-0.42190550384514
TRP905A	2.06905288075582	0.953035576588577	1.63920248692177	0.543459658696803	0.529532619549315	0.736067354180744	0.90793393438137	0.409629480376252	0.799569661060267	-0.597853653903314	0.134412498258058	0.0214942227050854	1.27572297692368	1.01123433387565	1.59987581324474	0.0475602567970886
ALA882A	0.710404422577104	1.41889641754082	1.40215335601532	1.91530924627792	1.297115970974	2.21432793531624	0.90793393438137	1.52879573926137	1.62545427299087	2.58376753034737	-0.403027030603029	-0.344985953630754	-0.853574646378029	-0.703101988373376	-0.746267951225983	-0.42190550384514
VAL851A	0.710404422577104	1.41889641754082	0.928055094202404	1.45802605041755	1.24199695371744	1.45994291402185	0.400948927226809	0.96921260981881	0.386627355094965	1.31111905664709	-0.403027030603029	-0.344985953630754	-0.143808771944125	0.154066172751138	-0.485585310729235	-0.42190550384514
MET908A	1.61617006136291	0.487174735636333	1.87625161782823	1.610453782371	-0.280921078630475	-0.420181912734007	1.41491894153593	0.409629480376252	1.93516100246485	1.15203799743456	0.115817544094931	-0.139757918230644	2.69525472579149	1.01123433387565	2.12124109423824	0.986491778081547
LEU833A	0.2575216031842	0.0213138946840895	0.572481397842718	0.0861764628364316	-0.0532999518117175	-0.0795023257091175	0.400948927226809	0.409629480376252	-0.336021680344315	-0.279691535478246	0.787503571304442	0.14727767305764	1.27572297692368	0.154066172751138	0.557145251257754	-0.42190550384514
GLU906A	1.16328724197001	0.487174735636333	1.16510422510886	0.543459658696803	-0.221378930359499	-0.220682201479403	0.400948927226809	0.409629480376252	1.00604081404292	0.674794819796958	-0.403027030603029	-0.344985953630754	-0.853574646378029	-0.703101988373376	-0.746267951225983	-0.42190550384514
LEU844A	1.16328724197001	0.953035576588577	1.63920248692177	1.15317058651063	2.92312698004252	4.40758355157568	0.90793393438137	0.96921260981881	1.00604081404292	1.15203799743456	2.94814653796623	4.83853450657701	1.98548885135759	1.01123433387565	1.07851053225125	0.517026017439318
MET793A	-0.195361216208704	-0.444546946268154	0.572481397842718	0.0861764628364316	3.70500044705225	3.37150802691381	-0.106036079927751	-0.149953649066306	0.283391778603639	0.35663270137189	5.4289855446077	4.90851358993306	1.27572297692368	1.01123433387565	1.86055845374149	0.986491778081547
ASP837A	-0.195361216208704	0.0213138946840895	0.0983831360298041	-0.37110673302394	3.44675764397984	0.459052991600865	0.400948927226809	0.409629480376252	0.593098508077616	0.197551642159356	-0.403027030603029	-0.344985953630754	-0.853574646378029	-0.703101988373376	-0.746267951225983	-0.42190550384514
HIS835A	1.61617006136291	0.953035576588577	1.28362879056209	0.391031926743346	3.79312282649329	5.04514448303751	2.42888895584505	1.52879573926137	2.24486773193883	0.833875879009492	1.17618346686052	-0.344985953630754	0.56595710248978	-0.703101988373376	0.817827891754502	-0.891371264487369
ARG776A	1.16328724197001	0.953035576588577	1.28362879056209	1.45802605041755	5.76583925892252	2.37763137615358	1.92190394869049	1.52879573926137	2.03839657895617	2.10652435270977	8.17604987060906	3.5852621483534	2.69525472579149	1.86840249500017	2.12124109423824	0.986491778081547
LEU703A	0.2575216031842	0.487174735636333	-0.0201414294234244	0.69588739065026	0.19813803431543	0.387307273661613	0.400948927226809	0.96921260981881	-0.026314950870338	0.674794819796958	-0.0547117916449579	-0.273777266016442	-0.143808771944125	0.154066172751138	0.296462610761007	0.517026017439318
PHE997A	0.2575216031842	0.0213138946840895	0.0983831360298041	0.391031926743346	0.286940895450999	0.104924771408174	-0.106036079927751	-0.149953649066306	0.0769206256209876	0.038470582946822	0.872768239174386	0.559371270731339	0.56595710248978	1.01123433387565	0.557145251257754	0.986491778081547
LEU782A	0.710404422577104	0.487174735636333	0.691005963295947	0.238604194789889	0.158670096032955	-0.110752124618087	0.400948927226809	0.409629480376252	0.0769206256209876	0.515713760584424	-0.0170683478513121	-0.344985953630754	0.56595710248978	-0.703101988373376	-0.224902670232488	-0.891371264487369
LEU788A	-0.195361216208704	0.0213138946840895	0.216907701483033	0.0861764628364316	-0.596324344043013	-0.514194191507741	-0.106036079927751	0.409629480376252	-0.026314950870338	0.35663270137189	-0.304609834178678	-0.264926251059849	1.27572297692368	1.86840249500017	0.557145251257754	1.45595753872378
ALA767A	1.61617006136291	2.35061809944531	0.809530528749175	1.91530924627792	2.70197042932176	1.98984404898059	0.400948927226809	0.96921260981881	0.902805237551593	1.94744329349723	1.85331191967875	0.112658215874006	-0.143808771944125	0.154066172751138	0.296462610761007	0.517026017439318
GLY719A	0.2575216031842	0.487174735636333	-0.37571512578311	0.391031926743346	-0.509222687143757	-0.319239195436623	-0.613021087082312	-0.149953649066306	-0.852199562800943	-0.279691535478246	-0.403027030603029	-0.344985953630754	-0.853574646378029	-0.703101988373376	-0.746267951225983	-0.42190550384514
VAL726A	0.710404422577104	0.953035576588577	-0.257190560329881	0.391031926743346	-0.154691724296007	-0.14335994454926	0.400948927226809	0.409629480376252	-0.645728409818292	-0.279691535478246	-0.403027030603029	-0.344985953630754	-0.853574646378029	-0.703101988373376	-0.746267951225983	-0.42190550384514
ASN842A	-0.648244035601608	-0.910407787220398	-0.494239691236338	-0.828389928884311	2.3566259693501	1.84947397103516	-0.106036079927751	-0.709536778508865	0.0769206256209876	-0.597853653903314	-0.403027030603029	-0.344985953630754	-0.853574646378029	-0.703101988373376	-0.746267951225983	-0.42190550384514
MET947A	0.710404422577104	0.487174735636333	1.04657965965563	0.848315122603717	1.29609524843221	-0.114591929713615	0.400948927226809	-0.149953649066306	0.386627355094965	0.038470582946822	2.21795443546298	0.267105836194742	1.27572297692368	0.154066172751138	1.59987581324474	-0.42190550384514
MET881A	0.710404422577104	0.0213138946840895	0.45395683238949	-0.37110673302394	-0.527255452048681	-0.338723435978008	0.90793393438137	0.409629480376252	0.696334084568941	-0.120610476265712	-0.403027030603029	-0.344985953630754	-0.143808771944125	-0.703101988373376	-0.485585310729235	-0.891371264487369
VAL876A	-0.648244035601608	0.0213138946840895	-0.849813387596024	-0.37110673302394	-0.36802273552973	-0.348770392046258	-0.106036079927751	0.409629480376252	-0.336021680344315	0.038470582946822	-0.143604743254049	-0.2106816308236	-0.143808771944125	0.154066172751138	-0.485585310729235	0.0475602567970886
GLU746A	-0.648244035601608	-0.444546946268154	-0.494239691236338	-0.37110673302394	-0.429266088037019	-0.389797447466298	-0.106036079927751	-0.149953649066306	-0.439257256835641	-0.279691535478246	-0.176712832373762	-0.0993039167845211	0.56595710248978	1.01123433387565	0.557145251257754	0.986491778081547
LEU979A	1.61617006136291	1.88475725849307	1.87625161782823	2.6774479060452	1.71084884124547	2.38600539566336	1.41491894153593	2.08837886870393	1.93516100246485	2.7428485895599	-0.0274996636013585	0.0926792016599727	-0.143808771944125	0.154066172751138	0.296462610761007	0.0475602567970886
VAL742A	2.06905288075582	2.81647894039755	1.99477618328146	2.98230336995212	0.523408284298586	1.08857042281194	0.90793393438137	1.52879573926137	1.3157475435169	1.7883622342847	0.667770207912605	0.978423231745713	2.69525472579149	3.5827388172492	2.38192373473499	2.39488906000823
ALA859A	-0.195361216208704	0.487174735636333	-0.612764256689567	-0.0662512691170255	0.113077822499751	0.651872832497703	-0.106036079927751	0.409629480376252	-0.232786103852989	0.35663270137189	0.148925633214644	0.599942806116527	-0.143808771944125	0.154066172751138	0.557145251257754	0.986491778081547
CYS797A	1.16328724197001	0.487174735636333	1.04657965965563	0.543459658696803	-0.0846021097598874	-0.149257356078187	1.41491894153593	0.96921260981881	1.10927639053424	0.515713760584424	0.0287387343554135	-0.343433071527636	0.56595710248978	0.154066172751138	0.296462610761007	-0.891371264487369
THR854A	0.2575216031842	0.487174735636333	0.45395683238949	0.0861764628364316	2.03475812783957	2.89268163471878	0.90793393438137	0.96921260981881	1.00604081404292	0.35663270137189	-0.403027030603029	-0.344985953630754	-0.853574646378029	-0.703101988373376	-0.746267951225983	-0.42190550384514
GLU865A	0.2575216031842	-0.444546946268154	-0.138665994876653	-0.523534464977397	-0.402046820256002	-0.50692983044781	-0.106036079927751	-0.149953649066306	0.386627355094965	-0.279691535478246	-0.0456410822970914	-0.25525445100563	0.56595710248978	1.01123433387565	1.339193172748	0.986491778081547
LYS754A	-0.648244035601608	-1.37626862817264	-1.20538708395571	-1.13324539279123	-0.670156607899022	-0.574325974895065	-1.12000609423687	-1.26911990795142	-1.16190629227492	-1.07509683154092	-0.403027030603029	-0.344985953630754	-0.853574646378029	-0.703101988373376	-0.746267951225983	-0.42190550384514
TYR801A	0.2575216031842	-0.444546946268154	0.809530528749175	0.0861764628364316	-0.339442504359662	-0.448130536562675	-0.106036079927751	-0.149953649066306	0.283391778603639	0.35663270137189	-0.403027030603029	-0.344985953630754	-0.853574646378029	-0.703101988373376	-0.746267951225983	-0.42190550384514
ILE809A	0.710404422577104	0.0213138946840895	1.63920248692177	0.848315122603717	0.297488361716143	0.366133552463064	1.41491894153593	0.409629480376252	1.83192542597352	0.35663270137189	0.130784214518911	-0.21314879898572	1.27572297692368	0.154066172751138	2.12124109423824	1.925423299366
VAL802A	1.61617006136291	2.35061809944531	0.928055094202404	1.610453782371	0.243730307848634	0.236308481439036	0.400948927226809	0.96921260981881	0.48986293158629	0.992956938222027	0.406080243226658	0.56026335733626	1.27572297692368	1.86840249500017	1.59987581324474	3.33382058129269
ARG841A	0.710404422577104	0.487174735636333	1.04657965965563	0.543459658696803	1.02696473824741	1.41321232126343	0.90793393438137	0.96921260981881	1.3157475435169	0.992956938222027	-0.402119959668243	-0.344985953630754	-0.143808771944125	-0.703101988373376	-0.485585310729235	-0.891371264487369
PRO877A	-0.195361216208704	0.0213138946840895	-0.0201414294234244	-0.0662512691170255	-0.184973159702389	-0.169356272225213	0.400948927226809	0.409629480376252	0.283391778603639	0.35663270137189	-0.143604743254049	-0.0351659949461709	0.56595710248978	1.01123433387565	-0.485585310729235	-0.42190550384514
LYS913A	-0.648244035601608	-1.37626862817264	-0.138665994876653	-1.13324539279123	-0.670156607899022	-0.574325974895065	-0.613021087082312	-1.26911990795142	-0.748963986309617	-1.07509683154092	-0.403027030603029	-0.344985953630754	0.56595710248978	-0.703101988373376	0.296462610761007	-0.891371264487369
ASP761A	-1.10112685499451	-0.910407787220398	-1.32391164940894	-1.13324539279123	-0.670156607899022	-0.574325974895065	-1.62699110139143	-1.26911990795142	-1.36837744525757	-0.916015772328383	-0.403027030603029	-0.344985953630754	-0.853574646378029	-0.703101988373376	-0.746267951225983	-0.42190550384514
VAL765A	0.2575216031842	0.0213138946840895	0.335432266936261	-0.37110673302394	-0.238731213569898	-0.204593277683644	-0.613021087082312	-0.709536778508865	-0.336021680344315	-0.597853653903314	0.172055942051703	0.14727767305764	-0.143808771944125	0.154066172751138	-0.224902670232488	-0.42190550384514
LEU883A	0.710404422577104	0.487174735636333	0.0983831360298041	-0.675962196930854	0.129749624015624	0.371291641080202	0.90793393438137	0.409629480376252	0.180156202112313	-0.756934713115848	0.00152660631181411	0.347599464359858	0.56595710248978	1.01123433387565	-0.224902670232488	-0.891371264487369
SER924A	-0.648244035601608	-0.910407787220398	-0.968337953049253	-1.13324539279123	-0.468053544624969	-0.574325974895065	-0.613021087082312	-1.26911990795142	-0.852199562800943	-1.07509683154092	-0.133626962971396	-0.344985953630754	0.56595710248978	-0.703101988373376	-0.224902670232488	-0.891371264487369
THR892A	0.710404422577104	0.953035576588577	0.691005963295947	0.543459658696803	1.99222802193173	0.476756580940619	0.400948927226809	0.409629480376252	0.696334084568941	0.35663270137189	-0.403027030603029	-0.344985953630754	-0.853574646378029	-0.703101988373376	-0.746267951225983	-0.42190550384514
ALA839A	1.16328724197001	0.487174735636333	1.63920248692177	0.543459658696803	-0.385034777892866	-0.333458530564216	1.92190394869049	0.96921260981881	2.03839657895617	1.15203799743456	-0.403027030603029	-0.344985953630754	-0.853574646378029	-0.703101988373376	-0.746267951225983	-0.42190550384514
LEU838A	0.2575216031842	0.0213138946840895	1.40215335601532	0.238604194789889	1.76664834019655	2.22890708011639	0.90793393438137	0.409629480376252	1.41898312000822	0.674794819796958	-0.403027030603029	-0.344985953630754	-0.853574646378029	-0.703101988373376	-0.746267951225983	-0.42190550384514
MET825A	1.16328724197001	0.487174735636333	1.63920248692177	0.69588739065026	1.88947528605839	0.271977255213628	0.90793393438137	0.96921260981881	1.3157475435169	1.31111905664709	-0.314587614461332	-0.217396402636217	-0.143808771944125	0.154066172751138	0.0357799702642594	0.517026017439318
ARG932A	0.2575216031842	0.953035576588577	-0.0201414294234244	0.69588739065026	1.08344471889302	1.50717182426013	0.400948927226809	0.96921260981881	0.48986293158629	1.47020011585963	1.72904320161298	2.1636171364504	0.56595710248978	1.01123433387565	0.557145251257754	1.925423299366
LEU989A	0.710404422577104	0.953035576588577	-0.37571512578311	0.0861764628364316	-0.312563477425907	-0.0852402784405276	0.90793393438137	1.52879573926137	0.180156202112313	0.038470582946822	-0.276490635200292	-0.128358900245798	-0.143808771944125	0.154066172751138	-0.224902670232488	-0.42190550384514
ILE853A	0.2575216031842	0.487174735636333	0.691005963295947	1.610453782371	1.78706279103231	2.0210718715246	0.90793393438137	0.96921260981881	1.21251196702557	1.94744329349723	-0.403027030603029	-0.344985953630754	-0.853574646378029	-0.703101988373376	-0.746267951225983	-0.42190550384514
TYR978A	1.16328724197001	-0.444546946268154	0.335432266936261	-1.13324539279123	-0.269352889823542	-0.506011785005893	1.41491894153593	-0.149953649066306	0.593098508077616	-0.916015772328383	-0.403027030603029	-0.344985953630754	-0.853574646378029	-0.703101988373376	-0.746267951225983	-0.42190550384514
GLY911A	0.710404422577104	1.41889641754082	0.0983831360298041	0.848315122603717	0.556751887330333	0.928542834404752	1.41491894153593	2.08837886870393	0.386627355094965	0.674794819796958	0.394741856541825	0.221853109324094	1.27572297692368	1.86840249500017	0.817827891754502	1.925423299366
SER895A	1.16328724197001	0.0213138946840895	1.28362879056209	0.238604194789889	1.22090202118715	0.603484795360814	1.41491894153593	-0.149953649066306	2.03839657895617	-0.43877259469078	-0.403027030603029	-0.344985953630754	-0.853574646378029	-0.703101988373376	-0.746267951225983	-0.42190550384514
ILE789A	1.16328724197001	0.487174735636333	1.63920248692177	0.543459658696803	1.06030834127915	-0.120441651064839	0.400948927226809	-0.149953649066306	0.799569661060267	0.197551642159356	1.10679254034934	0.259317493239985	1.27572297692368	1.01123433387565	1.339193172748	1.925423299366
ALA822A	1.16328724197001	1.88475725849307	1.28362879056209	1.610453782371	-0.211511945788881	-0.00924044606430703	-0.106036079927751	0.409629480376252	-0.232786103852989	0.35663270137189	-0.104600693058223	-0.0486726601790932	0.56595710248978	1.01123433387565	0.817827891754502	1.925423299366
GLY857A	-0.648244035601608	0.0213138946840895	-0.37571512578311	-0.218679001070483	-0.426203920411654	-0.319885579471532	-1.12000609423687	-0.709536778508865	-1.16190629227492	-0.916015772328383	0.411976204302771	0.832333366154392	0.56595710248978	1.01123433387565	-0.224902670232488	0.0475602567970886
PHE856A	0.2575216031842	-0.444546946268154	0.691005963295947	0.543459658696803	1.44852314800591	-0.117694497356394	0.400948927226809	-0.149953649066306	1.21251196702557	0.833875879009492	-0.403027030603029	-0.344985953630754	-0.853574646378029	-0.703101988373376	-0.746267951225983	-0.42190550384514
ASP770A	-1.10112685499451	-1.37626862817264	-0.494239691236338	-1.13324539279123	-0.568764835414733	-0.574325974895065	-1.12000609423687	-1.26911990795142	-1.05867071578359	-1.07509683154092	-0.267873461319819	-0.344985953630754	-0.143808771944125	-0.703101988373376	-0.224902670232488	-0.891371264487369
PHE968A	0.710404422577104	-0.444546946268154	0.928055094202404	-0.523534464977397	0.407045914534737	-0.49800020323448	0.90793393438137	-0.149953649066306	0.48986293158629	-0.279691535478246	0.29042869904136	-0.335894215098672	1.27572297692368	0.154066172751138	0.817827891754502	0.0475602567970886
ASP896A	0.710404422577104	0.487174735636333	1.52067792146855	1.15317058651063	1.88164974657135	2.82074442260186	0.90793393438137	0.96921260981881	1.52221869649955	1.94744329349723	2.06239177014707	3.40962975316962	1.98548885135759	1.86840249500017	2.38192373473499	1.45595753872378
VAL834A	1.16328724197001	1.88475725849307	1.52067792146855	2.06773697823137	1.97861838804122	2.84129819054623	1.41491894153593	2.08837886870393	2.03839657895617	2.10652435270977	0.670491420716965	0.880999267052763	1.27572297692368	1.86840249500017	1.86055845374149	1.45595753872378
LYS708A	-1.10112685499451	-0.910407787220398	-1.20538708395571	-1.13324539279123	-0.668795644509971	-0.572272580667988	-1.12000609423687	-0.709536778508865	-1.26514186876625	-0.916015772328383	-0.401212888733456	-0.342252056150586	-0.143808771944125	0.154066172751138	-0.485585310729235	-0.42190550384514
ILE923A	-0.648244035601608	-0.444546946268154	-0.37571512578311	-0.980817660837768	-0.569785557956521	-0.402289467517511	-0.613021087082312	-0.149953649066306	-0.439257256835641	-0.916015772328383	-0.403027030603029	-0.344985953630754	-0.853574646378029	-0.703101988373376	-0.746267951225983	-0.42190550384514
TYR915A	0.2575216031842	-1.37626862817264	-0.138665994876653	-1.13324539279123	1.20525094221307	-0.574325974895065	0.90793393438137	-1.26911990795142	0.283391778603639	-1.07509683154092	0.903608650957132	-0.344985953630754	-0.143808771944125	-0.703101988373376	0.296462610761007	-0.891371264487369
LYS714A	-0.648244035601608	-0.444546946268154	-0.257190560329881	-0.675962196930854	-0.376188515864035	-0.338064333130766	-0.106036079927751	-0.149953649066306	-0.336021680344315	-0.597853653903314	-0.403027030603029	-0.344985953630754	-0.853574646378029	-0.703101988373376	-0.746267951225983	-0.42190550384514
GLU963A	-1.10112685499451	-0.444546946268154	-0.849813387596024	-0.37110673302394	-0.568764835414733	-0.400539943713671	-0.613021087082312	-0.149953649066306	-0.439257256835641	-0.43877259469078	-0.403027030603029	-0.344985953630754	-0.853574646378029	-0.703101988373376	-0.746267951225983	-0.42190550384514
LEU730A	1.61617006136291	0.953035576588577	0.45395683238949	-0.0662512691170255	-0.193138940036694	-0.293007392416867	1.92190394869049	1.52879573926137	0.902805237551593	0.35663270137189	-0.111403725069123	-0.344293607575772	0.56595710248978	0.154066172751138	0.817827891754502	0.0475602567970886
PRO753A	-1.10112685499451	-0.444546946268154	-1.44243621486217	-0.828389928884311	-0.568764835414733	-0.400539943713671	-1.12000609423687	-0.709536778508865	-1.16190629227492	-0.756934713115848	-0.403027030603029	-0.344985953630754	-0.853574646378029	-0.703101988373376	-0.746267951225983	-0.42190550384514
PRO936A	1.61617006136291	1.88475725849307	0.572481397842718	1.15317058651063	-0.273435779990695	0.0321622526297995	1.92190394869049	2.64796199814649	1.10927639053424	1.31111905664709	-0.061968359123251	0.236302143398883	1.98548885135759	2.72557065612468	1.86055845374149	1.925423299366
ARG705A	1.16328724197001	0.953035576588577	0.809530528749175	-0.0662512691170255	-0.0999129478867097	-0.141857482257811	1.92190394869049	1.52879573926137	2.34810330843015	1.47020011585963	-0.0964370546451435	-0.0934190529256439	2.69525472579149	2.72557065612468	1.59987581324474	0.517026017439318
ASN700A	-1.10112685499451	-0.910407787220398	-0.731288822142796	-0.523534464977397	-0.37550803416951	-0.479604627975339	-0.613021087082312	-0.709536778508865	-0.542492833326966	-0.279691535478246	-0.403027030603029	-0.344985953630754	-0.853574646378029	-0.703101988373376	-0.746267951225983	-0.42190550384514
LEU777A	1.61617006136291	1.41889641754082	1.40215335601532	1.610453782371	-0.466692581235918	-0.267845028869695	1.92190394869049	1.52879573926137	1.41898312000822	0.992956938222027	-0.278758312537259	-0.145748506504663	1.27572297692368	1.01123433387565	1.86055845374149	1.45595753872378
LYS860A	-0.648244035601608	-1.37626862817264	-0.612764256689567	-1.13324539279123	-0.568764835414733	-0.574325974895065	-0.613021087082312	-1.26911990795142	-0.336021680344315	-1.07509683154092	-0.267873461319819	-0.344985953630754	-0.143808771944125	-0.703101988373376	0.557145251257754	-0.891371264487369
LEU933A	1.16328724197001	0.953035576588577	0.928055094202404	1.00074285455717	1.9687514034706	2.91471474746465	1.41491894153593	1.52879573926137	1.3157475435169	1.31111905664709	2.98125462708594	3.86087151246013	2.69525472579149	1.86840249500017	2.64260637523173	2.39488906000823
ARG986A	-1.55400967438742	-0.910407787220398	-1.32391164940894	-0.675962196930854	-0.568764835414733	-0.550032333315619	-1.12000609423687	-0.709536778508865	-1.05867071578359	-0.597853653903314	-0.403027030603029	-0.344985953630754	-0.853574646378029	-0.703101988373376	-0.746267951225983	-0.42190550384514
GLY983A	0.2575216031842	0.487174735636333	-0.731288822142796	-0.523534464977397	-0.267311444739966	0.0895264130357044	0.400948927226809	0.409629480376252	-0.232786103852989	-0.279691535478246	-0.403027030603029	-0.344985953630754	-0.853574646378029	-0.703101988373376	-0.746267951225983	-0.42190550384514
THR785A	-0.195361216208704	0.0213138946840895	-0.37571512578311	-0.218679001070483	-0.315625645051272	-0.3622365156194	-0.613021087082312	-0.149953649066306	-0.542492833326966	0.197551642159356	0.215595346921462	0.187404839308075	1.27572297692368	1.86840249500017	0.817827891754502	1.45595753872378
ASP984A	0.2575216031842	0.0213138946840895	0.0983831360298041	0.238604194789889	0.157989614338429	-0.0534710831024369	0.400948927226809	0.409629480376252	0.48986293158629	0.674794819796958	-0.403027030603029	-0.344985953630754	-0.853574646378029	-0.703101988373376	-0.746267951225983	-0.42190550384514
LYS949A	-0.195361216208704	-1.37626862817264	-0.731288822142796	-1.13324539279123	-0.470094989708545	-0.574325974895065	-0.613021087082312	-1.26911990795142	-0.542492833326966	-1.07509683154092	-0.061968359123251	-0.344985953630754	0.56595710248978	-0.703101988373376	0.557145251257754	-0.891371264487369
ILE926A	-0.648244035601608	0.0213138946840895	-0.494239691236338	-0.218679001070483	-0.569785557956521	-0.402289467517511	-0.613021087082312	-0.149953649066306	-0.542492833326966	-0.916015772328383	-0.403027030603029	-0.344985953630754	-0.853574646378029	-0.703101988373376	-0.746267951225983	-0.42190550384514
GLU758A	-1.55400967438742	-1.37626862817264	-1.67948534576862	-1.13324539279123	-0.568764835414733	-0.574325974895065	-1.12000609423687	-1.26911990795142	-1.26514186876625	-1.07509683154092	-0.267873461319819	-0.344985953630754	-0.143808771944125	-0.703101988373376	-0.485585310729235	-0.891371264487369
LEU861A	-1.10112685499451	-0.444546946268154	-1.5609607803154	-1.13324539279123	-0.366661772140679	-0.0541342305534443	-0.613021087082312	-0.149953649066306	-1.26514186876625	-1.07509683154092	0.00152660631181411	0.347599464359858	0.56595710248978	1.01123433387565	-0.485585310729235	-0.891371264487369
PRO733A	0.710404422577104	0.953035576588577	0.216907701483033	0.238604194789889	-0.189056049869541	0.0313217735744596	1.41491894153593	1.52879573926137	2.03839657895617	1.62928117507216	-0.403027030603029	-0.344985953630754	-0.143808771944125	-0.703101988373376	0.296462610761007	-0.891371264487369
ILE715A	-1.10112685499451	-0.444546946268154	-0.494239691236338	0.238604194789889	-0.568764835414733	-0.494921229830329	-0.613021087082312	-0.149953649066306	-0.232786103852989	0.515713760584424	-0.267873461319819	-0.239266150982403	0.56595710248978	1.01123433387565	0.817827891754502	1.925423299366
GLU985A	-0.648244035601608	-0.444546946268154	-0.731288822142796	-0.675962196930854	-0.623203370976767	-0.534086927406755	-0.613021087082312	-0.709536778508865	-0.852199562800943	-0.916015772328383	-0.403027030603029	-0.344985953630754	-0.853574646378029	-0.703101988373376	-0.746267951225983	-0.42190550384514
MET952A	-0.648244035601608	0.0213138946840895	-0.138665994876653	0.238604194789889	0.117841194361429	0.237368017277787	-0.106036079927751	0.409629480376252	-0.026314950870338	0.515713760584424	-0.403027030603029	-0.344985953630754	-0.853574646378029	-0.703101988373376	-0.746267951225983	-0.42190550384514
GLU762A	-0.648244035601608	-1.37626862817264	-0.612764256689567	-1.13324539279123	-0.468053544624969	-0.574325974895065	-1.12000609423687	-1.26911990795142	-1.26514186876625	-1.07509683154092	-0.133626962971396	-0.344985953630754	-0.143808771944125	-0.703101988373376	-0.485585310729235	-0.891371264487369
MET766A	0.710404422577104	0.0213138946840895	0.809530528749175	-0.523534464977397	-0.376868997558561	-0.41063018120095	-0.106036079927751	-0.709536778508865	0.0769206256209876	-0.916015772328383	-0.0778421004820173	-0.12704070376441	-0.143808771944125	0.154066172751138	-0.485585310729235	0.0475602567970886
PRO992A	-0.648244035601608	-0.444546946268154	-0.849813387596024	-0.828389928884311	-0.268672408129017	-0.367071117664461	-1.12000609423687	-0.709536778508865	-0.748963986309617	-0.597853653903314	0.132144820921091	-0.0690459882487283	-0.143808771944125	0.154066172751138	0.0357799702642594	0.0475602567970886
SER991A	-1.55400967438742	-1.37626862817264	-1.5609607803154	-1.13324539279123	-0.670156607899022	-0.574325974895065	-1.62699110139143	-1.26911990795142	-1.36837744525757	-0.916015772328383	-0.403027030603029	-0.344985953630754	-0.853574646378029	-0.703101988373376	-0.746267951225983	-0.42190550384514
THR903A	1.61617006136291	0.953035576588577	1.28362879056209	1.00074285455717	-0.569105076261995	-0.401123118314951	-0.106036079927751	0.409629480376252	0.283391778603639	0.674794819796958	-0.403027030603029	-0.344985953630754	-0.143808771944125	0.154066172751138	-0.485585310729235	-0.42190550384514
PHE961A	0.710404422577104	0.0213138946840895	0.809530528749175	0.543459658696803	0.890187917647794	0.871908705160572	0.400948927226809	0.409629480376252	0.180156202112313	0.833875879009492	0.865511671696093	0.655493248540468	1.98548885135759	1.01123433387565	2.38192373473499	1.45595753872378
GLN849A	0.2575216031842	0.0213138946840895	-0.0201414294234244	-0.218679001070483	-0.374487311627722	-0.462162702093687	0.400948927226809	-0.149953649066306	-0.129550527361664	-0.597853653903314	-0.0891804871668504	-0.27796998755734	0.56595710248978	0.154066172751138	0.296462610761007	-0.42190550384514
HIS850A	-0.195361216208704	-0.444546946268154	-0.138665994876653	-0.37110673302394	-0.568764835414733	-0.532799377132858	-0.106036079927751	-0.149953649066306	-0.336021680344315	-0.279691535478246	-0.290550234689485	-0.300567446089336	0.56595710248978	0.154066172751138	-0.224902670232488	0.0475602567970886
HIS805A	0.2575216031842	0.0213138946840895	-0.37571512578311	-0.828389928884311	-0.306098901327916	-0.530879467099716	-0.106036079927751	-0.709536778508865	-0.129550527361664	-0.916015772328383	-0.403027030603029	-0.344985953630754	-0.853574646378029	-0.703101988373376	-0.746267951225983	-0.42190550384514
ARG889A	-1.55400967438742	-0.910407787220398	-1.79800991122185	-1.13324539279123	-0.669816367051759	-0.573742800293785	-1.12000609423687	-0.709536778508865	-1.36837744525757	-1.07509683154092	-0.403027030603029	-0.344985953630754	-0.853574646378029	-0.703101988373376	-0.746267951225983	-0.42190550384514
LYS867A	-1.55400967438742	-1.37626862817264	-1.79800991122185	-1.13324539279123	-0.669816367051759	-0.574325974895065	-1.12000609423687	-1.26911990795142	-1.36837744525757	-1.07509683154092	-0.403027030603029	-0.344985953630754	-0.853574646378029	-0.703101988373376	-0.746267951225983	-0.42190550384514
ALA763A	1.16328724197001	1.41889641754082	0.335432266936261	0.848315122603717	-0.453082947345409	-0.408375168546334	-0.613021087082312	-0.149953649066306	-0.232786103852989	0.515713760584424	-0.403027030603029	-0.344985953630754	-0.853574646378029	-0.703101988373376	-0.746267951225983	-0.42190550384514
ILE759A	-0.195361216208704	-0.444546946268154	0.335432266936261	0.238604194789889	0.675155702177758	-0.0357642306131292	-0.106036079927751	-0.149953649066306	0.0769206256209876	0.515713760584424	-0.403027030603029	-0.344985953630754	-0.853574646378029	-0.703101988373376	-0.746267951225983	-0.42190550384514
TYR813A	-0.195361216208704	-0.910407787220398	0.45395683238949	-0.828389928884311	-0.490509440544308	-0.492280145881113	-0.106036079927751	-0.709536778508865	0.283391778603639	-0.756934713115848	-0.0202430961230654	-0.235749801000279	1.27572297692368	0.154066172751138	1.339193172748	-0.42190550384514
LYS716A	-1.55400967438742	-1.37626862817264	-1.32391164940894	-1.13324539279123	-0.670156607899022	-0.574325974895065	-1.62699110139143	-1.26911990795142	-1.36837744525757	-0.916015772328383	-0.403027030603029	-0.344985953630754	-0.853574646378029	-0.703101988373376	-0.746267951225983	-0.42190550384514
VAL717A	0.2575216031842	0.953035576588577	-0.612764256689567	0.238604194789889	-0.58101350591619	-0.421534229359746	-0.613021087082312	-0.149953649066306	-1.05867071578359	-0.756934713115848	-0.403027030603029	-0.344985953630754	-0.853574646378029	-0.703101988373376	-0.746267951225983	-0.42190550384514
ARG831A	-0.648244035601608	-0.444546946268154	-0.731288822142796	-0.828389928884311	-0.615718072336987	-0.574325974895065	-1.12000609423687	-1.26911990795142	-1.05867071578359	-1.07509683154092	-0.403027030603029	-0.344985953630754	-0.853574646378029	-0.703101988373376	-0.746267951225983	-0.42190550384514
GLY917A	-1.10112685499451	-0.444546946268154	-1.32391164940894	-0.980817660837768	-0.468053544624969	-0.227920261734838	-1.12000609423687	-0.709536778508865	-0.955435139292269	-0.916015772328383	-0.403027030603029	-0.344985953630754	-0.853574646378029	-0.703101988373376	-0.746267951225983	-0.42190550384514
ILE918A	0.2575216031842	-0.910407787220398	-0.612764256689567	-1.13324539279123	0.628882946950028	0.617682910120935	0.90793393438137	-0.709536778508865	-0.129550527361664	-1.07509683154092	-0.403027030603029	-0.344985953630754	-0.853574646378029	-0.703101988373376	-0.746267951225983	-0.42190550384514
GLN701A	-1.55400967438742	-1.37626862817264	-1.44243621486217	-1.13324539279123	-0.568764835414733	-0.574325974895065	-1.12000609423687	-1.26911990795142	-1.26514186876625	-1.07509683154092	-0.403027030603029	-0.344985953630754	-0.853574646378029	-0.703101988373376	-0.746267951225983	-0.42190550384514
GLY901A	2.06905288075582	2.81647894039755	2.5873990105476	4.04929749362632	-0.00736743743125085	0.0212893680648642	-0.106036079927751	0.409629480376252	0.0769206256209876	0.515713760584424	0.480460059879163	0.448018752331318	1.98548885135759	2.72557065612468	2.64260637523173	3.33382058129269
LYS970A	-1.10112685499451	-1.37626862817264	-0.731288822142796	-1.13324539279123	-0.669476126204497	-0.574325974895065	-1.12000609423687	-1.26911990795142	-0.852199562800943	-1.07509683154092	-0.403027030603029	-0.344985953630754	-0.853574646378029	-0.703101988373376	-0.746267951225983	-0.42190550384514
LEU718A	0.2575216031842	0.0213138946840895	0.216907701483033	0.238604194789889	-0.167961117339253	-0.134903912830703	-0.106036079927751	0.409629480376252	-0.026314950870338	0.515713760584424	-0.403027030603029	-0.344985953630754	-0.853574646378029	-0.703101988373376	-0.746267951225983	-0.42190550384514
LEU887A	-0.648244035601608	-0.444546946268154	-0.849813387596024	-0.523534464977397	-0.670156607899022	-0.574325974895065	-1.12000609423687	-0.709536778508865	-1.26514186876625	-1.07509683154092	-0.403027030603029	-0.344985953630754	-0.143808771944125	0.154066172751138	-0.485585310729235	-0.891371264487369
VAL943A	1.16328724197001	1.88475725849307	1.16510422510886	1.30559831846409	0.0164494218771393	0.205656702369763	0.400948927226809	0.96921260981881	0.902805237551593	1.62928117507216	-0.403027030603029	-0.344985953630754	-0.853574646378029	-0.703101988373376	-0.746267951225983	-0.42190550384514
THR710A	-1.10112685499451	-0.444546946268154	-1.08686251850248	-0.523534464977397	-0.670156607899022	-0.574325974895065	-1.62699110139143	-1.26911990795142	-1.36837744525757	-0.916015772328383	-0.403027030603029	-0.344985953630754	-0.853574646378029	-0.703101988373376	-0.746267951225983	-0.42190550384514
ALA864A	-0.195361216208704	0.487174735636333	-0.257190560329881	0.0861764628364316	-0.550391829662546	-0.429685849910301	-0.106036079927751	0.409629480376252	0.0769206256209876	0.35663270137189	-0.390328037516016	-0.323245604187102	-0.143808771944125	0.154066172751138	-0.224902670232488	-0.891371264487369
LYS846A	-0.648244035601608	-0.910407787220398	-0.138665994876653	-0.980817660837768	-0.425863679564392	-0.247425954102598	-1.12000609423687	-0.709536778508865	-1.16190629227492	-0.756934713115848	-0.077388565014624	0.0902500723239454	-0.143808771944125	0.154066172751138	-0.746267951225983	-0.42190550384514
GLU1015A	-1.10112685499451	-0.910407787220398	-1.08686251850248	-1.13324539279123	-0.402046820256002	-0.55997825684016	-0.613021087082312	-0.709536778508865	-0.852199562800943	-0.916015772328383	-0.403027030603029	-0.344985953630754	-0.853574646378029	-0.703101988373376	-0.746267951225983	-0.42190550384514
SER768A	-0.195361216208704	-0.444546946268154	0.216907701483033	0.238604194789889	0.062381936257606	-0.212431539316611	-0.613021087082312	-0.709536778508865	-0.336021680344315	0.038470582946822	-0.403027030603029	-0.344985953630754	-0.853574646378029	-0.703101988373376	-0.746267951225983	-0.42190550384514
ALA750A	-0.648244035601608	0.0213138946840895	-1.08686251850248	-0.523534464977397	-0.656206733161251	-0.550415816242591	-1.12000609423687	-0.709536778508865	-1.36837744525757	-1.07509683154092	-0.0125329931773789	0.00669296587770587	0.56595710248978	1.01123433387565	-0.485585310729235	-0.42190550384514
LEU760A	-0.195361216208704	0.0213138946840895	0.0983831360298041	-0.218679001070483	-0.604149883530055	-0.529622190415381	-0.106036079927751	0.409629480376252	-0.232786103852989	0.038470582946822	-0.403027030603029	-0.344985953630754	-0.853574646378029	-0.703101988373376	-0.746267951225983	-0.42190550384514
PHE795A	1.61617006136291	0.0213138946840895	1.04657965965563	-0.37110673302394	0.196777070926379	0.00373851034798931	1.92190394869049	0.409629480376252	1.3157475435169	-0.279691535478246	0.196546857290943	0.405529151148194	1.98548885135759	1.01123433387565	0.557145251257754	-0.42190550384514
PRO794A	0.710404422577104	0.953035576588577	0.335432266936261	0.543459658696803	-0.42688440210618	-0.245058140267097	0.400948927226809	0.409629480376252	0.0769206256209876	0.197551642159356	-0.0787491714168039	0.0934025893579487	1.98548885135759	1.86840249500017	2.12124109423824	1.925423299366
ASP916A	-1.55400967438742	-0.910407787220398	-1.67948534576862	-0.980817660837768	-0.670156607899022	-0.574325974895065	-1.62699110139143	-1.26911990795142	-1.36837744525757	-0.916015772328383	-0.403027030603029	-0.344985953630754	-0.853574646378029	-0.703101988373376	-0.746267951225983	-0.42190550384514
VAL1010A	-0.648244035601608	0.0213138946840895	-0.138665994876653	0.238604194789889	-0.500036184267664	-0.497153706774307	-0.106036079927751	0.409629480376252	0.283391778603639	0.674794819796958	-0.403027030603029	-0.344985953630754	-0.853574646378029	-0.703101988373376	-0.746267951225983	-0.42190550384514
ILE946A	-0.195361216208704	-0.444546946268154	-0.138665994876653	-0.523534464977397	-0.559238091691377	-0.480052321025857	-0.106036079927751	-0.149953649066306	-0.026314950870338	-0.120610476265712	-0.25154618449366	-0.344985953630754	-0.143808771944125	-0.703101988373376	-0.224902670232488	-0.891371264487369
GLU709A	-0.195361216208704	-0.910407787220398	-0.612764256689567	-0.523534464977397	-0.474177879875697	-0.524905700122808	-0.106036079927751	-0.709536778508865	-0.439257256835641	-0.597853653903314	-0.403027030603029	-0.344985953630754	-0.853574646378029	-0.703101988373376	-0.746267951225983	-0.42190550384514
GLU922A	-1.10112685499451	-0.910407787220398	-1.5609607803154	-0.980817660837768	-0.468053544624969	-0.517762884157248	-1.12000609423687	-0.709536778508865	-1.16190629227492	-0.756934713115848	-0.403027030603029	-0.344985953630754	-0.853574646378029	-0.703101988373376	-0.746267951225983	-0.42190550384514
PRO919A	-0.648244035601608	-0.444546946268154	-1.20538708395571	-0.980817660837768	0.034822427629326	0.403662677037561	-0.106036079927751	-0.149953649066306	-0.748963986309617	-0.756934713115848	-0.403027030603029	-0.344985953630754	-0.853574646378029	-0.703101988373376	-0.746267951225983	-0.42190550384514
LYS879A	-0.648244035601608	-0.444546946268154	-0.257190560329881	-0.980817660837768	-0.670156607899022	-0.574325974895065	-0.613021087082312	-0.149953649066306	-0.439257256835641	-0.916015772328383	-0.267873461319819	-0.344985953630754	-0.143808771944125	-0.703101988373376	-0.224902670232488	-0.891371264487369
SER885A	-0.195361216208704	0.0213138946840895	0.0983831360298041	-0.37110673302394	-0.561960018469478	-0.461190102246775	0.400948927226809	0.409629480376252	0.593098508077616	-0.43877259469078	-0.403027030603029	-0.344985953630754	-0.853574646378029	-0.703101988373376	-0.746267951225983	-0.42190550384514
LEU747A	-1.10112685499451	-0.444546946268154	-0.731288822142796	0.0861764628364316	-0.566042908636631	-0.481667174241251	-0.613021087082312	-0.149953649066306	-0.542492833326966	0.35663270137189	-0.264245177580673	-0.221619647111314	0.56595710248978	1.01123433387565	0.557145251257754	1.925423299366
VAL786A	1.16328724197001	1.88475725849307	0.335432266936261	1.00074285455717	0.0225737571278682	0.117908979939653	1.41491894153593	2.08837886870393	0.386627355094965	1.15203799743456	0.0291922698228068	0.183391106510609	1.27572297692368	1.86840249500017	1.07851053225125	1.925423299366
PRO990A	-0.648244035601608	-0.444546946268154	-0.37571512578311	-0.218679001070483	-0.619460721656877	-0.530879467099716	-0.613021087082312	-0.709536778508865	-0.542492833326966	-0.916015772328383	-0.403027030603029	-0.344985953630754	-0.853574646378029	-0.703101988373376	-0.746267951225983	-0.42190550384514
GLU736A	0.2575216031842	0.0213138946840895	-0.0201414294234244	-0.0662512691170255	-0.363939845362577	-0.423761229387469	0.90793393438137	0.409629480376252	1.3157475435169	0.992956938222027	-0.403027030603029	-0.344985953630754	-0.143808771944125	0.154066172751138	0.296462610761007	0.986491778081547
TYR1016A	1.61617006136291	0.0213138946840895	1.04657965965563	-0.0662512691170255	0.42609940198145	-0.345024632647296	1.92190394869049	0.409629480376252	2.5545744614128	0.992956938222027	-0.147233026993196	-0.126029577091121	-0.143808771944125	0.154066172751138	0.296462610761007	0.986491778081547
MET987A	0.2575216031842	0.487174735636333	-0.138665994876653	0.0861764628364316	-0.366661772140679	-0.0541342305534443	0.90793393438137	0.96921260981881	0.593098508077616	0.038470582946822	-0.267873461319819	-0.113606520266177	-0.143808771944125	0.154066172751138	-0.746267951225983	-0.891371264487369
ASN808A	-1.55400967438742	-1.37626862817264	-1.20538708395571	-1.13324539279123	-0.568764835414733	-0.574325974895065	-1.12000609423687	-1.26911990795142	-0.955435139292269	-1.07509683154092	-0.403027030603029	-0.344985953630754	-0.853574646378029	-0.703101988373376	-0.746267951225983	-0.42190550384514
GLN820A	0.2575216031842	0.0213138946840895	0.335432266936261	0.238604194789889	0.259381386822719	0.240529963470448	0.400948927226809	0.409629480376252	0.0769206256209876	0.197551642159356	-0.0796562423515906	0.164198008589382	0.56595710248978	1.01123433387565	0.0357799702642594	0.0475602567970886
ARG977A	-0.648244035601608	-0.910407787220398	-0.731288822142796	-0.980817660837768	-0.567403872025682	-0.469437308204122	-0.106036079927751	-0.709536778508865	-0.232786103852989	-0.756934713115848	-0.403027030603029	-0.344985953630754	-0.853574646378029	-0.703101988373376	-0.746267951225983	-0.42190550384514
ASP974A	-1.10112685499451	-0.910407787220398	-0.849813387596024	-0.980817660837768	-0.566042908636631	-0.570243752686106	-0.613021087082312	-0.709536778508865	-0.542492833326966	-0.916015772328383	-0.403027030603029	-0.344985953630754	-0.853574646378029	-0.703101988373376	-0.746267951225983	-0.42190550384514
LEU707A	1.16328724197001	0.953035576588577	1.28362879056209	0.848315122603717	0.937821636264575	1.18419101977031	1.92190394869049	1.52879573926137	1.7286898494822	1.31111905664709	1.0618925290774	1.7136862293608	1.98548885135759	2.72557065612468	2.12124109423824	2.39488906000823
ILE1018A	-1.10112685499451	-0.910407787220398	-1.5609607803154	-1.13324539279123	-0.586117118625131	-0.444629566433848	-1.12000609423687	-0.709536778508865	-1.26514186876625	-0.916015772328383	-0.403027030603029	-0.344985953630754	-0.853574646378029	-0.703101988373376	-0.746267951225983	-0.42190550384514
GLN982A	-1.10112685499451	-1.37626862817264	-0.849813387596024	-1.13324539279123	-0.669476126204497	-0.574325974895065	-1.12000609423687	-1.26911990795142	-0.955435139292269	-1.07509683154092	-0.403027030603029	-0.344985953630754	-0.853574646378029	-0.703101988373376	-0.746267951225983	-0.42190550384514
ASP855A	-1.10112685499451	-1.37626862817264	-0.494239691236338	-1.13324539279123	-0.568764835414733	-0.574325974895065	-0.613021087082312	-1.26911990795142	-0.129550527361664	-1.07509683154092	-0.403027030603029	-0.344985953630754	-0.853574646378029	-0.703101988373376	-0.746267951225983	-0.42190550384514
THR725A	0.2575216031842	0.953035576588577	-0.138665994876653	0.69588739065026	-0.623203370976767	-0.553571167948141	-0.613021087082312	-0.149953649066306	-1.05867071578359	-0.43877259469078	-0.131359285634429	-0.205946161561666	-0.143808771944125	0.154066172751138	-0.746267951225983	-0.42190550384514
SER811A	1.16328724197001	0.0213138946840895	1.40215335601532	0.0861764628364316	0.116480230972378	-0.497720668921464	0.90793393438137	-0.149953649066306	1.62545427299087	0.038470582946822	-0.403027030603029	-0.344985953630754	-0.853574646378029	-0.703101988373376	-0.746267951225983	-0.42190550384514
LYS757A	-1.55400967438742	-1.37626862817264	-1.67948534576862	-1.13324539279123	-0.670156607899022	-0.574325974895065	-1.62699110139143	-1.26911990795142	-1.36837744525757	-0.916015772328383	-0.403027030603029	-0.344985953630754	-0.853574646378029	-0.703101988373376	-0.746267951225983	-0.42190550384514
SER957A	-1.10112685499451	-0.910407787220398	-1.32391164940894	-0.828389928884311	-0.167280635644727	-0.323894130745114	-0.613021087082312	-0.709536778508865	-0.852199562800943	-0.597853653903314	-0.403027030603029	-0.344985953630754	-0.853574646378029	-0.703101988373376	-0.746267951225983	-0.42190550384514
PHE910A	-1.10112685499451	-1.37626862817264	-0.612764256689567	-1.13324539279123	-0.568764835414733	-0.574325974895065	-0.613021087082312	-1.26911990795142	-0.439257256835641	-1.07509683154092	-0.297806802167779	-0.344985953630754	-0.143808771944125	-0.703101988373376	-0.224902670232488	-0.891371264487369
GLU884A	-0.195361216208704	0.487174735636333	0.572481397842718	1.30559831846409	-0.568764835414733	-0.517730991907742	0.400948927226809	0.96921260981881	1.10927639053424	2.10652435270977	-0.403027030603029	-0.344985953630754	-0.853574646378029	-0.703101988373376	-0.746267951225983	-0.42190550384514
ASP942A	-0.195361216208704	-0.910407787220398	-0.138665994876653	-0.828389928884311	-0.568764835414733	-0.574325974895065	-0.106036079927751	-0.709536778508865	0.0769206256209876	-0.756934713115848	-0.403027030603029	-0.344985953630754	-0.853574646378029	-0.703101988373376	-0.746267951225983	-0.42190550384514
PRO934A	-1.10112685499451	-0.910407787220398	-0.494239691236338	-0.37110673302394	-0.661310345870191	-0.574325974895065	-1.12000609423687	-1.26911990795142	-0.748963986309617	-1.07509683154092	-0.267873461319819	-0.133793987606711	0.56595710248978	0.154066172751138	1.339193172748	0.517026017439318
LEU828A	0.710404422577104	0.953035576588577	0.809530528749175	1.30559831846409	-0.471796193944858	-0.309072884384469	0.400948927226809	0.96921260981881	0.696334084568941	1.62928117507216	-0.403027030603029	-0.344985953630754	-0.853574646378029	-0.703101988373376	-0.746267951225983	-0.42190550384514
ILE941A	-1.10112685499451	-0.444546946268154	-1.08686251850248	-0.828389928884311	-0.626946020296657	-0.500262800532525	-1.12000609423687	-0.709536778508865	-1.16190629227492	-0.916015772328383	-0.403027030603029	-0.344985953630754	-0.853574646378029	-0.703101988373376	-0.746267951225983	-0.42190550384514
LEU1017A	-0.195361216208704	0.0213138946840895	0.335432266936261	0.543459658696803	-0.385034777892866	-0.431156610280863	-0.106036079927751	-0.149953649066306	-0.129550527361664	0.515713760584424	-0.403027030603029	-0.344985953630754	-0.853574646378029	-0.703101988373376	-0.746267951225983	-0.42190550384514
PRO1019A	-1.10112685499451	-0.444546946268154	-1.32391164940894	-0.523534464977397	-0.552093033898859	-0.371964388250959	-1.12000609423687	-0.709536778508865	-1.16190629227492	-0.756934713115848	-0.403027030603029	-0.344985953630754	-0.853574646378029	-0.703101988373376	-0.746267951225983	-0.42190550384514
CYS781A	0.2575216031842	0.953035576588577	0.572481397842718	1.15317058651063	-0.556175924066012	-0.401004529006279	0.400948927226809	0.96921260981881	0.283391778603639	0.674794819796958	-0.394409856722556	-0.330233573651133	-0.143808771944125	0.154066172751138	-0.485585310729235	-0.891371264487369
CYS775A	1.16328724197001	0.487174735636333	1.40215335601532	0.543459658696803	-0.577951338290826	-0.486733297445305	1.41491894153593	0.96921260981881	1.41898312000822	0.833875879009492	-0.403027030603029	-0.344985953630754	-0.143808771944125	-0.703101988373376	0.0357799702642594	-0.891371264487369
LYS713A	-0.195361216208704	-0.444546946268154	-0.0201414294234244	-0.675962196930854	-0.567403872025682	-0.571410101888665	-0.106036079927751	-0.709536778508865	-0.129550527361664	-0.916015772328383	-0.268326996787213	-0.344985953630754	0.56595710248978	-0.703101988373376	1.07851053225125	-0.891371264487369
ASP994A	-1.55400967438742	-1.37626862817264	-1.67948534576862	-1.13324539279123	-0.670156607899022	-0.574325974895065	-1.62699110139143	-1.26911990795142	-1.36837744525757	-0.916015772328383	-0.403027030603029	-0.344985953630754	-0.853574646378029	-0.703101988373376	-0.746267951225983	-0.42190550384514
THR993A	-1.10112685499451	-0.444546946268154	-1.5609607803154	-0.828389928884311	-0.670156607899022	-0.574325974895065	-1.62699110139143	-1.26911990795142	-1.36837744525757	-0.916015772328383	-0.403027030603029	-0.344985953630754	-0.853574646378029	-0.703101988373376	-0.746267951225983	-0.42190550384514
ASN771A	-0.648244035601608	-0.444546946268154	-0.494239691236338	-0.675962196930854	-0.361217918584476	-0.531960495809438	-0.106036079927751	-0.149953649066306	-0.129550527361664	-0.597853653903314	0.00878317379010727	-0.288580381339276	1.27572297692368	1.01123433387565	0.557145251257754	0.517026017439318
GLY735A	-0.648244035601608	0.0213138946840895	-1.08686251850248	-0.523534464977397	-0.563661222705792	-0.391792324694474	-0.613021087082312	-0.149953649066306	-0.748963986309617	-0.597853653903314	-0.403027030603029	-0.344985953630754	-0.853574646378029	-0.703101988373376	-0.746267951225983	-0.42190550384514
LYS737A	-1.10112685499451	-1.37626862817264	-1.08686251850248	-1.13324539279123	-0.568764835414733	-0.574325974895065	-0.613021087082312	-1.26911990795142	-0.748963986309617	-1.07509683154092	-0.403027030603029	-0.344985953630754	-0.853574646378029	-0.703101988373376	-0.746267951225983	-0.42190550384514
ILE953A	-0.648244035601608	-0.444546946268154	0.335432266936261	-0.0662512691170255	0.420655548425246	0.202428340535481	-0.106036079927751	-0.149953649066306	0.48986293158629	0.038470582946822	0.389299430933105	0.122774174717747	-0.143808771944125	0.154066172751138	-0.485585310729235	0.0475602567970886
ALA920A	-1.10112685499451	-0.444546946268154	-1.5609607803154	-0.828389928884311	-0.568764835414733	-0.400539943713671	-1.12000609423687	-0.709536778508865	-1.16190629227492	-0.756934713115848	-0.403027030603029	-0.344985953630754	-0.853574646378029	-0.703101988373376	-0.746267951225983	-0.42190550384514
SER921A	-1.10112685499451	-0.910407787220398	-1.67948534576862	-0.980817660837768	-0.670156607899022	-0.574325974895065	-1.62699110139143	-1.26911990795142	-1.36837744525757	-0.916015772328383	-0.403027030603029	-0.344985953630754	-0.853574646378029	-0.703101988373376	-0.746267951225983	-0.42190550384514
ILE732A	-0.648244035601608	-0.444546946268154	-0.138665994876653	0.0861764628364316	-0.563320981858529	-0.415119308745667	-0.106036079927751	-0.149953649066306	0.593098508077616	0.35663270137189	-0.403027030603029	-0.344985953630754	-0.853574646378029	-0.703101988373376	-0.746267951225983	-0.42190550384514
ASP830A	-1.55400967438742	-1.37626862817264	-1.5609607803154	-1.13324539279123	-0.670156607899022	-0.574325974895065	-1.62699110139143	-1.26911990795142	-1.36837744525757	-0.916015772328383	-0.403027030603029	-0.344985953630754	-0.853574646378029	-0.703101988373376	-0.746267951225983	-0.42190550384514
PRO937A	-1.55400967438742	-0.910407787220398	-0.968337953049253	-0.0662512691170255	-0.670156607899022	-0.574325974895065	-1.62699110139143	-1.26911990795142	-1.36837744525757	-0.916015772328383	-0.403027030603029	-0.344985953630754	-0.853574646378029	-0.703101988373376	-0.746267951225983	-0.42190550384514
TYR727A	-0.195361216208704	-0.910407787220398	-0.494239691236338	-0.523534464977397	-0.474858361570223	-0.574325974895065	-0.613021087082312	-1.26911990795142	-0.955435139292269	-1.07509683154092	-0.403027030603029	-0.344985953630754	-0.853574646378029	-0.703101988373376	-0.746267951225983	-0.42190550384514
GLU866A	-1.10112685499451	-0.910407787220398	-0.968337953049253	-0.828389928884311	-0.582374469305241	-0.574325974895065	-1.12000609423687	-1.26911990795142	-0.955435139292269	-1.07509683154092	-0.403027030603029	-0.344985953630754	-0.853574646378029	-0.703101988373376	-0.746267951225983	-0.42190550384514
LYS960A	0.2575216031842	-0.444546946268154	0.0983831360298041	0.238604194789889	-0.287045413881204	-0.574325974895065	0.400948927226809	-0.709536778508865	-0.439257256835641	-1.07509683154092	-0.0873663452972771	-0.344985953630754	1.27572297692368	1.01123433387565	0.296462610761007	-0.891371264487369
ARG962A	-0.648244035601608	-0.910407787220398	-0.731288822142796	-0.828389928884311	-0.578631819985351	-0.417452007150787	-1.12000609423687	-0.709536778508865	-1.05867071578359	-0.916015772328383	-0.403027030603029	-0.344985953630754	-0.853574646378029	-0.703101988373376	-0.746267951225983	-0.42190550384514
ASP807A	-1.55400967438742	-1.37626862817264	-1.32391164940894	-1.13324539279123	-0.568764835414733	-0.574325974895065	-1.12000609423687	-1.26911990795142	-0.955435139292269	-1.07509683154092	-0.267873461319819	-0.344985953630754	-0.143808771944125	-0.703101988373376	-0.746267951225983	-0.891371264487369
PRO772A	-1.10112685499451	-0.444546946268154	-1.20538708395571	-0.675962196930854	-0.568764835414733	-0.430075581571141	-1.12000609423687	-0.709536778508865	-1.16190629227492	-0.756934713115848	-0.267873461319819	-0.152930389423358	-0.143808771944125	0.154066172751138	-0.224902670232488	0.0475602567970886
HIS888A	-1.10112685499451	-0.910407787220398	-1.32391164940894	-0.828389928884311	-0.56842459456747	-0.574325974895065	-1.12000609423687	-1.26911990795142	-1.26514186876625	-1.07509683154092	-0.403027030603029	-0.344985953630754	-0.853574646378029	-0.703101988373376	-0.746267951225983	-0.42190550384514
ILE890A	-0.648244035601608	-0.910407787220398	-0.968337953049253	-0.980817660837768	-0.502417870198503	-0.399956769112391	-0.613021087082312	-0.709536778508865	-0.955435139292269	-1.07509683154092	-0.403027030603029	-0.344985953630754	-0.853574646378029	-0.703101988373376	-0.746267951225983	-0.42190550384514
SER925A	-1.55400967438742	-1.37626862817264	-1.5609607803154	-1.13324539279123	-0.670156607899022	-0.574325974895065	-1.62699110139143	-1.26911990795142	-1.36837744525757	-0.916015772328383	-0.403027030603029	-0.344985953630754	-0.853574646378029	-0.703101988373376	-0.746267951225983	-0.42190550384514
ASN996A	-1.10112685499451	-1.37626862817264	-1.20538708395571	-1.13324539279123	-0.669476126204497	-0.574325974895065	-1.12000609423687	-1.26911990795142	-1.05867071578359	-1.07509683154092	-0.403027030603029	-0.344985953630754	-0.853574646378029	-0.703101988373376	-0.746267951225983	-0.42190550384514
GLN976A	-0.648244035601608	-0.910407787220398	-0.612764256689567	-0.980817660837768	-0.623203370976767	-0.534086927406755	-0.613021087082312	-0.709536778508865	-0.852199562800943	-0.916015772328383	-0.403027030603029	-0.344985953630754	-0.853574646378029	-0.703101988373376	-0.746267951225983	-0.42190550384514
ILE706A	-0.648244035601608	-0.444546946268154	-0.138665994876653	-0.523534464977397	-0.568764835414733	-0.471978832370452	-0.106036079927751	-0.149953649066306	0.0769206256209876	-0.279691535478246	-0.348602774515831	-0.344985953630754	-0.143808771944125	-0.703101988373376	0.0357799702642594	-0.891371264487369
SER720A	-1.10112685499451	-1.37626862817264	-0.849813387596024	-1.13324539279123	-0.670156607899022	-0.574325974895065	-1.62699110139143	-1.26911990795142	-1.36837744525757	-0.916015772328383	-0.26107042930892	-0.344985953630754	-0.143808771944125	-0.703101988373376	-0.746267951225983	-0.891371264487369
TYR764A	-0.648244035601608	-0.910407787220398	-0.37571512578311	-0.675962196930854	-0.568764835414733	-0.532306867495408	-1.12000609423687	-0.709536778508865	-1.05867071578359	-0.43877259469078	-0.403027030603029	-0.344985953630754	-0.853574646378029	-0.703101988373376	-0.746267951225983	-0.42190550384514
ILE966A	-1.55400967438742	-0.910407787220398	-1.5609607803154	-0.980817660837768	-0.670156607899022	-0.574325974895065	-1.62699110139143	-1.26911990795142	-1.36837744525757	-0.916015772328383	-0.403027030603029	-0.344985953630754	-0.853574646378029	-0.703101988373376	-0.746267951225983	-0.42190550384514
LYS852A	-0.648244035601608	-1.37626862817264	-0.0201414294234244	-1.13324539279123	-0.666073717731869	-0.574325974895065	-0.613021087082312	-1.26911990795142	-0.232786103852989	-1.07509683154092	-0.403027030603029	-0.344985953630754	-0.853574646378029	-0.703101988373376	-0.746267951225983	-0.42190550384514
ASN826A	-1.10112685499451	-1.37626862817264	-0.37571512578311	-1.13324539279123	-0.568764835414733	-0.574325974895065	-1.12000609423687	-1.26911990795142	-1.16190629227492	-1.07509683154092	-0.267873461319819	-0.344985953630754	-0.143808771944125	-0.703101988373376	0.0357799702642594	-0.891371264487369
GLU928A	-1.55400967438742	-1.37626862817264	-1.20538708395571	-1.13324539279123	-0.568764835414733	-0.574325974895065	-1.12000609423687	-1.26911990795142	-0.955435139292269	-1.07509683154092	-0.267873461319819	-0.344985953630754	-0.143808771944125	-0.703101988373376	-0.485585310729235	-0.891371264487369
MET945A	-1.55400967438742	-0.910407787220398	-1.44243621486217	-1.13324539279123	-0.670156607899022	-0.574325974895065	-1.62699110139143	-1.26911990795142	-1.36837744525757	-0.916015772328383	-0.267873461319819	-0.113606520266177	-0.143808771944125	0.154066172751138	-0.485585310729235	-0.891371264487369
ASP800A	-1.55400967438742	-0.910407787220398	-1.08686251850248	-0.675962196930854	-0.568764835414733	-0.549766976125183	-1.12000609423687	-0.709536778508865	-0.852199562800943	-0.43877259469078	-0.403027030603029	-0.344985953630754	-0.853574646378029	-0.703101988373376	-0.746267951225983	-0.42190550384514
LYS929A	-1.10112685499451	-0.910407787220398	-1.20538708395571	-1.13324539279123	-0.568764835414733	-0.438219778010693	-0.613021087082312	-0.709536778508865	-0.645728409818292	-0.916015772328383	-0.403027030603029	-0.344985953630754	-0.853574646378029	-0.703101988373376	-0.746267951225983	-0.42190550384514
GLU749A	-1.55400967438742	-1.37626862817264	-1.5609607803154	-1.13324539279123	-0.670156607899022	-0.574325974895065	-1.62699110139143	-1.26911990795142	-1.36837744525757	-0.916015772328383	-0.267873461319819	-0.344985953630754	-0.143808771944125	-0.703101988373376	-0.485585310729235	-0.891371264487369
GLU804A	-1.55400967438742	-1.37626862817264	-1.32391164940894	-1.13324539279123	-0.670156607899022	-0.574325974895065	-1.62699110139143	-1.26911990795142	-1.36837744525757	-0.916015772328383	-0.403027030603029	-0.344985953630754	-0.853574646378029	-0.703101988373376	-0.746267951225983	-0.42190550384514
LYS745A	-1.55400967438742	-1.37626862817264	-1.20538708395571	-1.13324539279123	-0.568764835414733	-0.574325974895065	-1.12000609423687	-1.26911990795142	-1.05867071578359	-1.07509683154092	-0.403027030603029	-0.344985953630754	-0.853574646378029	-0.703101988373376	-0.746267951225983	-0.42190550384514
LYS806A	-2.00689249378032	-1.37626862817264	-1.79800991122185	-1.13324539279123	-0.670156607899022	-0.574325974895065	-1.62699110139143	-1.26911990795142	-1.36837744525757	-0.916015772328383	-0.403027030603029	-0.344985953630754	-0.853574646378029	-0.703101988373376	-0.746267951225983	-0.42190550384514
ARG832A	-2.00689249378032	-1.37626862817264	-1.79800991122185	-1.13324539279123	-0.670156607899022	-0.574325974895065	-1.62699110139143	-1.26911990795142	-1.36837744525757	-0.916015772328383	-0.403027030603029	-0.344985953630754	-0.853574646378029	-0.703101988373376	-0.746267951225983	-0.42190550384514
GLU967A	-2.00689249378032	-1.37626862817264	-1.79800991122185	-1.13324539279123	-0.670156607899022	-0.574325974895065	-1.62699110139143	-1.26911990795142	-1.36837744525757	-0.916015772328383	-0.403027030603029	-0.344985953630754	-0.853574646378029	-0.703101988373376	-0.746267951225983	-0.42190550384514
HIS988A	-2.00689249378032	-1.37626862817264	-1.79800991122185	-1.13324539279123	-0.670156607899022	-0.574325974895065	-1.62699110139143	-1.26911990795142	-1.36837744525757	-0.916015772328383	-0.403027030603029	-0.344985953630754	-0.853574646378029	-0.703101988373376	-0.746267951225983	-0.42190550384514
ASP1003A	-2.00689249378032	-1.37626862817264	-1.79800991122185	-1.13324539279123	-0.670156607899022	-0.574325974895065	-1.62699110139143	-1.26911990795142	-1.36837744525757	-0.916015772328383	-0.403027030603029	-0.344985953630754	-0.853574646378029	-0.703101988373376	-0.746267951225983	-0.42190550384514
