Degree	Degree_sidechain	SecondOrderDegree	SecondOrderDegree_sidechain	NodeEdgeBetweennessSTRIDE	NodeEdgeBetweennessSTRIDE_sidechain	IntermodularDegreeSTRIDE	IntermodularDegreeSTRIDE_sidechain	SecondOrderIntermodularDegreeSTRIDE	SecondOrderIntermodularDegreeSTRIDE_sidechain	NodeEdgeBetweennessWALKTRAP	NodeEdgeBetweennessWALKTRAP_sidechain	IntermodularDegreeWALKTRAP	IntermodularDegreeWALKTRAP_sidechain	SecondOrderIntermodularDegreeWALKTRAP	SecondOrderIntermodularDegreeWALKTRAP_sidechain
ARG174A	5	4	14	7	3	3	3	3	6	4	1	1	2	1	4	0
VAL172A	5	5	20	17	695	695	3	3	12	8	79	51.6847642867571	2	2	4	4
ARG273A	7	3	26	7	1626	1311.21885886811	5	3	13	5	1585	1	5	2	10	5
ASP281A	5	4	18	6	3185	869.090763077544	3	3	8	5	1605	599.30962194565	2	2	5	5
GLY105A	7	7	15	12	1247	1247	7	7	21	11	1	1	1	1	1	1
SER106A	2	1	6	1	389	1	2	1	6	0	1	1	1	1	1	1
ARG196A	8	6	28	14	5957	3840.95209906075	7	6	28	15	442	401.740266967938	3	3	4	3
ASP184A	4	4	13	10	389	49.4697027597736	4	4	15	11	389	49.4697027597736	3	3	4	4
CYS176B	7	6	20	12	5275	1796.30192398778	7	6	26	14	673	139.970073832282	2	2	5	4
HIS179B	8	6	21	12	3575	611.25606232049	7	5	31	16	389	195	3	3	6	5
ARG174B	5	4	15	9	9	6	3	3	6	4	1	1	1	1	1	1
VAL172B	7	7	21	18	527	527	5	5	16	9	1	1	1	1	1	1
CYS242A	7	5	19	9	354	185.356647519088	5	4	24	13	152	132.684615385943	3	3	7	3
HIS179A	8	6	22	12	6369	522.181762410797	7	5	31	16	3427	24	4	3	7	4
ARG283B	6	5	14	9	1	1	4	3	11	1	1	1	1	1	1	1
LYS120B	6	1	12	1	388	1	4	1	10	0	1	1	1	1	1	1
ARG175A	7	6	21	14	8955	7856.87548359071	7	6	29	15	3410	3401.79003027229	3	3	5	4
ALA119A	6	3	17	4	389	289	4	2	12	3	1	1	1	1	1	1
ARG283A	6	5	14	9	1	1	4	3	11	1	1	1	1	1	1	1
GLU198B	6	4	19	8	3962	1417.5207626422	5	4	13	8	322	94.4912665077264	2	2	3	3
HIS233B	5	3	18	6	883	472.150406359318	4	3	16	5	1	1	1	1	1	1
PRO128A	4	4	7	4	775	775	3	3	8	3	1	1	1	1	1	1
TYR126A	6	2	15	2	4961	397.519250349142	5	2	12	2	1050	1	2	1	1	0
GLU271B	6	4	15	4	9507	2713.86920351553	5	4	11	5	5707	1355.15240334617	3	2	3	1
LEU252B	5	5	13	9	1468	1262.28243745788	4	4	9	5	583	377.282437457876	2	2	1	1
GLN167B	4	3	13	6	9364	8696.45384076993	3	3	11	4	9364	8696.45384076993	3	3	3	1
THR140A	9	7	24	13	23427	7018.64021525178	7	5	25	10	12518	668.546159230072	3	2	5	2
PRO219B	3	3	8	8	775	775	2	2	1	0	1	1	1	1	1	1
VAL218B	8	8	25	21	1486	1046.47377552419	6	6	28	21	1	1	1	1	1	1
CYS176A	7	6	20	12	4697	2034.63037236984	7	6	26	14	646	134.451970140575	2	2	4	3
ARG249A	7	6	17	11	6089	4171.79595558991	7	6	20	12	4858	3297.79595558991	5	4	7	4
GLU171A	2	2	6	5	389	98.2297775090821	2	2	6	5	389	98.2297775090821	2	2	4	3
ASN200B	4	2	14	7	1347	319.878503046367	4	2	15	5	1	1	1	1	1	1
GLY199B	3	3	6	5	1379	1379	3	3	7	4	1	1	1	1	1	1
GLY279B	9	9	23	21	1314	1311.57453959161	5	5	16	9	1	1	1	1	1	1
GLY112B	5	5	15	12	3672	2988.00115759682	3	3	7	4	1	1	1	1	1	1
PHE113B	5	3	14	4	4161	4094	4	3	12	3	4094	4094	3	3	3	0
THR253B	7	7	26	15	12332	6007.20588240786	5	5	19	11	5879	2940	4	4	6	5
TYR236B	7	4	26	10	8949	871.905010975222	7	4	29	8	3016	1	2	1	3	0
PRO152B	6	5	16	10	1469	718.243722445449	5	5	18	12	1	1	1	1	1	1
PRO153B	3	2	7	5	1	1	1	1	1	1	1	1	1	1	1	1
THR230A	7	6	17	13	1509	1479.25528715593	5	5	12	9	1374	1041.63817094647	3	3	5	5
THR231A	6	6	20	18	84	84	3	3	8	5	1	1	1	1	1	1
PRO223A	5	5	10	8	327	275.744712844072	4	4	11	6	402	350.744712844072	3	3	3	2
TYR163A	4	3	16	9	6015	228.126971543032	4	3	18	9	6015	228.126971543032	4	3	13	6
ALA276B	5	3	17	8	132	1	3	1	14	0	1	1	1	1	1	1
CYS277B	6	4	16	3	409	100.024044191108	4	3	11	1	1	1	1	1	1	1
ILE254B	7	4	27	5	3006	2268.64509607614	4	4	9	3	2793	2055.64509607614	3	2	4	1
ILE255B	9	5	36	15	1494	590.264957299052	6	3	26	4	710	355.5	2	2	3	3
ARG213A	10	7	25	11	11511	2385.77338084751	10	7	27	9	1	1	1	1	1	1
THR211A	7	6	16	9	1919	1919	4	3	13	6	1	1	1	1	1	1
ASN268B	7	4	24	11	1836	204	6	3	24	6	1	1	1	1	1	1
LEU111B	8	7	29	17	3058	2834.5	6	6	23	13	1812	1812	2	2	2	0
ARG156A	4	2	15	6	416	165.974242127178	3	2	7	4	416	165.974242127178	2	2	2	2
VAL217A	7	7	25	20	8234	6314.63749008497	5	5	18	12	416	251.025757872822	3	3	7	5
ILE162A	6	2	22	3	665	50.4559015901157	5	2	20	3	657	50.4559015901157	4	2	8	1
VAL173A	8	8	21	19	7395	5656.97537470855	6	6	20	15	3687	3636.31523571324	5	5	8	4
THR253A	8	8	30	18	6138	4252.01464065911	6	6	25	14	2708	2521.5	4	4	10	4
TYR236A	7	4	26	11	4071	959.309646956671	7	4	30	9	1	1	1	1	1	1
GLU271A	6	4	15	4	3324	872.725799517589	5	4	11	5	2713	872.725799517589	4	4	5	3
PRO250A	4	3	10	6	1347	1076.86023750476	4	3	12	7	961	825	3	2	7	3
LEU137A	7	6	25	11	1991	1261.41448503454	6	5	30	12	47	24	2	2	3	2
MET237A	7	4	23	10	10379	2156.17507244741	6	4	25	12	1	1	1	1	1	1
THR123B	5	4	18	7	773	289.627823533762	4	4	16	7	1	1	1	1	1	1
VAL122B	8	8	26	23	851	506.388855127764	6	6	23	18	1	1	1	1	1	1
THR125A	8	8	27	23	5089	3500.99349197748	6	6	23	19	1	1	1	1	1	1
VAL216B	8	8	25	22	17622	15994	6	6	29	22	1	1	1	1	1	1
VAL217B	7	7	24	19	3375	2535.51433919087	5	5	18	12	1	1	1	1	1	1
LEU257B	5	4	25	13	5503	2036.1433550918	5	4	26	13	1	1	1	1	1	1
PHE109B	9	4	35	12	2807	855.856644908199	8	3	37	5	1	1	1	1	1	1
TYR220B	5	2	22	7	2691	1	5	2	26	6	1	1	1	1	1	1
VAL157B	10	8	30	16	5247	3150.57801589135	8	6	31	13	1	1	1	1	1	1
ALA129A	3	3	7	7	1	1	1	1	1	1	1	1	1	1	1	1
HIS233A	7	5	25	10	6700	5049.37581939301	6	5	27	10	3092	3092	2	2	2	1
VAL203B	7	7	23	18	1687	1344.14772142944	7	7	29	19	55	55	2	2	1	0
VAL197B	11	9	34	23	6203	3851.5	9	7	37	17	694	694	2	2	3	1
LEU201A	4	3	10	2	274	274	3	3	5	1	274	274	3	3	4	1
SER96B	8	2	19	5	43721	7155.40130814072	5	2	19	5	21950	7155.40130814072	4	2	6	2
CYS238A	10	6	31	14	3415	1369.86341447348	9	5	47	17	1255	531.863414473482	5	4	11	5
MET246A	9	5	25	12	1272	743.843149534154	8	5	33	12	696	684.843149534154	6	4	12	4
CYS229A	6	4	16	10	7029	3309	5	3	14	4	4601	3611.61711620946	4	4	8	5
ARG249B	7	6	18	11	15843	10132.4311791381	7	6	21	12	9682	5498.4311791381	5	4	5	4
TYR163B	4	3	16	9	5117	203.95374286449	4	3	18	9	2566	203.95374286449	3	3	9	6
GLY244B	4	4	7	7	775	316.64103972873	3	3	6	6	1	1	1	1	1	1
PRO177B	4	4	10	9	885	681.385760750282	3	3	8	7	1	1	1	1	1	1
CYS124A	9	5	26	12	6965	6242.6035165197	6	4	20	10	6521	6242.6035165197	4	4	6	4
PRO142A	8	6	22	12	1737	855.817171974295	5	4	13	5	1265	466.817171974295	3	3	5	5
CYS229B	6	4	16	10	5029	2743.14775046333	6	4	18	9	3585	2743.14775046333	4	4	6	4
THR230B	7	6	15	11	2294	2002.05023970386	6	6	15	10	1201	909.050239703857	3	3	5	5
ASP208A	4	4	7	5	1	1	1	1	1	1	1	1	1	1	1	1
HIS193B	6	6	18	13	715	578.599620590682	5	5	17	11	715	578.599620590682	5	5	10	6
HIS214B	5	5	11	10	405	158.962882476652	5	5	10	9	395	152.444936190371	3	3	5	4
PRO223B	5	5	10	8	405	338.802009832812	4	4	13	8	109	42.8020098328116	3	3	3	2
ASP259A	6	5	11	4	1924	256.713226043519	3	2	6	1	1	1	1	1	1	1
LEU265A	7	5	21	13	1581	1561.5	5	4	15	6	1	1	1	1	1	1
GLY187A	4	3	9	3	2	2	2	2	3	0	2	2	2	2	2	0
LEU188A	6	1	14	1	389	1	4	1	8	0	332	1	3	1	3	0
SER149B	4	2	13	3	386	1	3	1	14	0	1	1	1	1	1	1
VAL147B	10	8	26	13	1064	620	9	7	38	12	1	1	1	1	1	1
ALA189A	7	6	18	11	3299	1709.54309576996	5	4	18	10	1406	72.1639554908939	3	2	4	2
TYR205A	9	4	31	17	11443	5288.76354142526	8	4	33	14	1	1	1	1	1	1
ASN247B	3	1	6	1	389	1	2	1	1	0	1	1	1	1	1	1
GLY245B	7	7	20	15	5625	3874.32970402145	5	5	18	15	1	1	1	1	1	1
GLY199A	6	6	18	10	43873	36718.5986918593	6	6	19	9	21686	14531.5986918593	3	3	5	3
SER95B	5	3	14	6	1177	1	3	1	8	0	1479	1479	3	3	4	1
LYS139A	6	1	18	1	5183	1	6	1	19	0	2732	1	2	1	2	0
ARG110A	7	5	21	13	2005	1251.02104707922	7	5	30	15	834	677.660008133794	2	2	4	2
GLY108A	8	7	23	16	1504	1003.26783458019	7	6	34	17	1	1	1	1	1	1
PRO151B	7	5	18	8	2137	1644.19241504951	7	5	24	8	1	1	1	1	1	1
PRO278B	9	7	27	22	2448	1011.79554848427	8	6	30	14	1	1	1	1	1	1
ARG156B	4	2	15	6	389	154.975567027248	3	2	7	4	1	1	1	1	1	1
ARG248B	2	2	2	1	389	389	2	2	1	0	1	1	1	1	1	1
GLY226A	4	4	6	4	6856	6856	3	3	5	2	1	1	1	1	1	1
SER227A	4	3	7	4	7213	3666	4	3	9	2	1	1	1	1	1	1
GLU224A	3	2	6	3	566	321.659699418972	2	2	3	1	566	321.659699418972	2	2	2	2
SER99B	6	4	16	2	1264	245.340300581028	4	2	8	1	900	579.340300581028	3	3	3	1
PRO222A	4	2	10	3	1021	1	2	1	4	0	321	1	2	1	2	0
GLN192A	5	4	11	6	1084	104.502114030428	3	2	6	1	1084	104.502114030428	3	2	3	1
PRO190A	7	5	19	10	3916	3916	2	2	7	3	1	1	1	1	1	1
PRO250B	4	3	10	6	927	728.546192961044	4	3	12	7	601	601	2	2	4	3
ARG181A	2	2	5	2	1	1	1	1	1	1	1	1	1	1	1	1
HIS178A	6	3	12	3	185	2.51742290772548	3	2	8	2	1	1	1	1	1	1
ARG213B	10	7	27	13	48503	22215.3623021875	10	7	31	12	22811	1	2	1	3	0
VAL97B	6	5	15	10	599	388.138935275806	3	3	13	9	1479	1	2	1	2	0
PRO98B	6	6	18	9	1575	1131.63769781253	4	4	16	9	1	1	2	2	3	2
ASP207B	4	4	11	10	388	51.4374969326665	3	3	8	8	385	51.9554432189476	3	3	6	4
ASN235A	6	6	22	14	391	283.750097011986	5	5	19	10	1	1	1	1	1	1
ARG282A	7	6	20	12	9075	5665.25865330278	6	5	22	11	1	1	1	1	1	1
PHE134A	7	5	22	11	1651	187	5	4	19	12	1	1	2	1	2	0
ARG158A	8	5	25	9	19539	8569.56602826827	6	5	17	9	4624	3245.30859564618	5	2	13	1
GLU258A	4	3	17	9	6178	1351.69140435382	3	2	10	4	6178	1351.69140435382	3	2	8	1
LYS164A	4	2	11	3	1633	537.663733614738	4	2	10	3	867	537.663733614738	3	2	5	3
ARG175B	7	6	21	14	4393	2826.10033439667	7	6	29	15	2421	900.805738089525	3	2	7	2
MET237B	7	4	23	10	2893	529.371890795157	6	4	25	12	2304	498.695456270406	3	3	5	2
ALA189B	7	6	18	11	4206	2504.42545046802	5	4	18	10	2036	1829.22804066076	2	2	4	2
LEU188B	6	1	15	1	389	1	4	1	9	0	55	1	2	1	1	0
MET246B	9	5	25	12	6117	2920.17862628321	8	5	33	12	2539	2449.17862628321	6	4	16	7
SER240B	4	3	18	11	881	410	4	3	19	9	410	410	3	3	2	0
ASN268A	7	4	24	12	1857	873	6	3	24	7	247	1	2	1	3	0
PHE109A	9	5	35	15	3829	637.635413397607	8	4	37	9	614	269.109955925469	3	3	5	5
THR256B	8	7	28	18	3611	3450.68931180768	5	4	16	8	1	1	1	1	1	1
ASP259B	6	5	11	4	1924	255.882411860056	3	2	6	1	1	1	1	1	1	1
SER261B	4	1	8	1	1	1	1	1	1	1	1	1	1	1	1	1
PRO152A	6	5	16	10	1447	1066.20765629795	5	5	18	12	786	87.3854322651511	3	2	6	3
PRO153A	3	2	7	5	1	1	1	1	1	1	389	387	3	2	4	1
LEU194A	6	6	25	19	487	410.656850465846	6	6	30	20	21	12.156850465846	2	2	5	3
ARG202A	4	2	6	3	538	1	3	1	4	0	1	1	1	1	1	1
ARG282B	8	7	21	13	7942	3718.15741467224	7	6	25	14	1	1	1	1	1	1
SER127B	5	3	12	6	1453	541.517369695862	5	3	16	6	1	1	1	1	1	1
CYS141B	7	5	15	11	389	389	2	2	1	0	775	371.007364808583	4	3	7	4
VAL143B	7	7	21	17	1044	982	4	4	12	8	523	262	2	2	3	2
ASN239A	6	2	22	5	808	127.585514965458	4	2	20	4	577	1	4	1	8	0
LEU206B	7	4	20	12	59	29	5	3	15	8	4	1	3	1	6	0
SER215B	4	3	14	6	389	182.890927263812	3	3	9	6	1	1	1	1	1	1
LEU252A	5	5	13	9	1140	990.82410243631	4	4	9	5	529	379.82410243631	3	3	3	2
THR256A	8	7	28	18	2682	2471.34950751451	5	4	16	8	1	1	2	2	4	1
ASN263B	3	2	7	4	389	133.117588139944	3	2	4	1	1	1	1	1	1	1
VAL274A	11	10	34	26	4540	4142.02114855737	9	8	40	22	516	152	3	2	6	1
PRO98A	6	6	19	10	1124	790.226619152492	4	4	19	10	1	1	1	1	1	1
VAL97A	6	5	11	8	40	26.2194719129918	3	3	11	7	389	1	2	1	2	0
ASP207A	4	4	12	10	388	48.0547197143869	3	3	9	8	250	31.7132070037935	3	3	3	2
LEU206A	7	4	21	12	120	29.5	5	3	16	8	2	1	2	1	2	0
ARG196B	8	6	28	14	2578	1507.97841195015	7	6	28	15	2035	906.498805640069	4	2	7	2
SER185A	6	4	12	8	773	691	4	2	13	3	773	691	3	2	4	1
PRO219A	3	3	9	8	461	461	2	2	2	0	1	1	1	1	1	1
VAL218A	8	8	26	21	8733	5385.49589933148	6	6	28	20	128	128	2	2	6	4
GLY105B	7	7	15	12	1175	1175	7	7	21	11	1	1	1	1	1	1
TYR107B	5	2	18	4	337	51.6434433473096	4	2	14	4	1	1	1	1	1	1
ILE232A	7	5	28	17	10215	3151.77788744366	5	4	25	14	4762	3023.77788744366	2	2	6	4
TYR234A	7	3	30	8	1635	94.0139395756757	5	2	19	3	673	94.0139395756757	3	2	7	4
ASN200A	5	2	19	7	16093	3182.38396756919	5	2	21	5	1	1	1	1	1	1
VAL197A	11	9	38	27	12296	6606	9	7	39	19	1	1	1	1	1	1
ASN239B	6	2	22	5	822	24.453598431862	4	2	20	4	906	1	4	1	8	0
LEU137B	7	6	25	11	1556	742.546401568138	6	5	30	12	389	195	2	2	2	2
GLY117B	4	4	11	9	985	618.914195552913	3	3	10	8	1	1	1	1	1	1
THR118B	6	4	16	11	4351	1733.57903635987	6	4	18	9	1	1	1	1	1	1
ALA129B	3	3	8	8	1	1	1	1	1	1	1	1	1	1	1	1
PRO128B	5	5	11	8	775	775	4	4	14	8	1	1	1	1	1	1
GLN104B	6	4	16	10	621	509	5	3	23	6	1	1	1	1	1	1
ASP148B	5	3	14	8	390	124.356699586141	4	3	20	9	1	1	1	1	1	1
GLY154B	5	5	9	7	1151	1151	4	4	8	5	1	1	1	1	1	1
SER260B	4	2	9	1	385	1	2	1	3	0	1	1	1	1	1	1
ASP148A	5	3	14	8	390	124.371126474386	4	3	20	9	1	1	1	1	1	1
SER149A	4	2	13	3	386	1	3	1	14	0	1	1	1	1	1	1
GLY293B	3	3	2	2	1163	1163	3	3	3	1	1	1	1	1	1	1
LYS292B	2	1	2	1	389	1	2	1	2	0	1	1	1	1	1	1
LEU130A	7	6	13	8	2825	1307.81499738498	6	6	16	10	1	1	1	1	1	1
SER127A	5	3	11	6	2827	942.485828961383	5	3	14	6	1	1	1	1	1	1
LEU114A	3	3	11	7	1781	1057.18282802571	3	3	8	5	1781	1057.18282802571	3	3	4	3
ILE195B	6	5	22	13	36401	23726.5	6	5	21	12	8185	5600.5	4	4	6	5
MET160B	6	3	20	8	40937	22811	4	3	17	9	26396	22811	4	3	4	1
VAL274B	11	10	34	26	6463	6216.91595828838	9	8	40	22	146	1	2	1	2	0
ASN131B	3	3	9	3	4453	3685.40737163013	3	3	9	3	1	1	1	1	1	1
TYR126B	6	2	16	2	4889	768.592628369873	5	2	14	2	412	1	2	1	2	0
ARG273B	7	3	26	7	2928	1321.0406320519	5	3	13	5	265	1	2	1	2	0
VAL272B	8	7	29	18	2716	2274.53884541563	4	3	15	7	1045	923	3	2	5	1
VAL216A	8	8	23	19	2084	1518.5	6	6	25	16	22	11.5	2	2	4	4
ARG110B	7	5	21	13	1465	939.306116089458	7	5	30	15	1	1	1	1	1	1
ALA276A	5	3	17	8	263	1	3	1	14	0	389	44.2514989551372	3	2	7	5
GLN136A	8	5	25	6	6247	3112.28228868129	8	5	30	3	2378	263	3	2	5	1
CYS141A	7	4	17	8	389	389	2	2	1	0	1	1	1	1	1	1
MET133A	2	1	5	1	389	1	2	1	1	0	1	1	1	1	1	1
CYS182B	5	4	10	8	389	388.238902430995	3	3	8	5	1	1	1	1	1	1
MET133B	2	1	5	1	389	1	2	1	1	0	1	1	1	1	1	1
THR125B	8	8	27	24	1384	745.590410211323	6	6	24	20	1	1	1	1	1	1
GLY266A	8	8	26	20	3804	3804	5	5	18	9	1	1	1	1	1	1
TYR103A	5	1	14	1	1483	1	4	1	13	0	1	1	1	1	1	1
ALA159A	6	6	24	15	1117	713.703647612653	4	4	14	8	826	722.486060424324	5	5	12	4
CYS275A	9	7	21	12	3221	2622.69037805435	5	4	21	9	4101	3459.43887909921	6	6	11	5
THR170B	6	5	20	12	1471	982.299562281236	5	4	21	11	873	771.438497557042	3	3	3	3
ILE232B	7	5	28	17	3920	1147.42198410865	5	4	25	14	1	1	1	1	1	1
PRO151A	7	5	18	8	3247	2129.14616833201	7	5	24	8	1839	1588	3	2	7	1
TYR220A	5	2	22	7	3457	1	5	2	26	6	3457	1	4	2	10	2
CYS277A	6	4	16	3	407	98.8874091151602	4	3	11	1	755	1	2	1	5	0
PRO278A	9	7	27	22	4259	2534.15234895055	8	6	30	14	4022	2406	4	3	9	2
VAL122A	8	8	26	23	657	418.513408753821	6	6	23	18	19	19	2	2	2	1
PRO222B	4	2	8	1	771	1	2	1	5	0	5	1	2	1	2	0
GLN104A	6	4	16	10	571	496	5	3	23	6	1	1	1	1	1	1
GLN165B	3	3	4	3	389	261.453807038956	3	3	5	3	1	1	1	1	1	1
HIS168B	4	3	8	7	6322	3277.07598551964	3	2	8	5	6129	3277.07598551964	2	2	4	3
CYS275B	9	7	21	12	3568	2521.46000322611	5	4	21	9	1	1	1	1	1	1
GLY244A	4	4	7	7	775	295.810100031146	3	3	6	6	1	1	1	1	1	1
GLY245A	7	7	20	16	1848	1418.45154932802	5	5	18	15	1	1	1	1	1	1
CYS238B	10	6	31	14	6117	2066.87294725724	9	5	47	17	4285	2066.87294725724	6	5	12	6
VAL173B	8	8	22	20	9413	7807.43717665734	6	6	20	15	104	52.5	2	2	3	3
VAL272A	8	7	30	19	1116	908.717264527619	4	3	16	8	1389	1389	2	2	4	1
ASP281B	5	4	18	6	389	75.4993647219911	3	3	8	5	1	1	1	1	1	1
VAL203A	6	6	20	14	1175	722.120133099323	6	6	25	14	1	1	1	1	1	1
ARG267A	8	4	21	6	3351	832.701350432926	5	3	9	1	1	1	1	1	1	1
LYS101A	3	1	10	1	375	1	2	1	4	0	1	1	1	1	1	1
GLN100A	4	2	12	4	495	150.175897563691	3	2	6	3	422	150.175897563691	2	2	2	2
ILE254A	7	4	27	5	263	213.544098409884	4	4	8	3	190	140.544098409884	3	2	6	1
ASN235B	6	6	19	11	680	586.508733492274	5	5	15	7	839	745.508733492274	4	4	5	2
THR140B	7	5	20	10	3111	1075.8200975062	5	3	16	5	1055	1	4	2	8	2
LYS132A	4	3	13	5	3289	2324.38847017065	3	3	8	6	1818	1304.61046686767	2	2	3	3
LYS164B	4	2	12	3	9311	2950.28319983064	4	2	11	3	1	1	1	1	1	1
ALA138A	5	4	18	7	301	210.384960437037	4	3	14	3	1	1	1	1	1	1
GLU198A	7	5	28	13	28628	6252.34153001625	6	5	24	15	873	102.561502442958	2	2	2	2
GLY154A	5	5	9	7	1151	1151	4	4	8	5	769	769	3	3	6	4
SER260A	4	2	9	1	385	1	2	1	3	0	1	1	1	1	1	1
PRO142B	7	5	19	10	778	276.578884833719	4	3	8	5	940	419.571520025136	4	4	7	6
SER96A	6	1	14	1	389	1	3	1	12	0	1	1	2	1	2	0
THR155B	6	5	15	10	3641	2682.61283420724	6	5	19	10	1	1	1	1	1	1
LEU264A	7	5	22	13	322	215.650492485494	4	3	9	3	1	1	1	1	1	1
LEU130B	7	6	13	8	3087	1968.88557045424	6	6	16	10	1	1	1	1	1	1
SER166B	5	1	17	1	3525	1	5	1	19	0	1660	1	2	1	2	0
ARG181B	2	2	5	2	1	1	1	1	1	1	1	1	1	1	1	1
HIS178B	6	3	11	3	3	1.76109756900521	3	2	8	2	1	1	1	1	1	1
GLY112A	5	5	16	12	3240	2614.3920589777	3	3	8	4	1	1	1	1	1	1
PHE113A	5	3	14	4	2941	2913	4	3	12	3	1050	1050	2	2	1	0
TYR103B	5	1	14	1	1617	1	4	1	13	0	1	1	1	1	1	1
GLY262A	5	5	10	9	2	2	3	3	5	3	1	1	1	1	1	1
SER261A	4	1	8	1	1	1	1	1	1	1	1	1	1	1	1	1
TYR205B	9	4	31	17	10120	940.771959339235	8	4	34	14	4320	207.771959339235	5	3	9	2
CYS135B	6	5	27	19	389	102.084041711622	5	4	28	14	1	1	1	1	1	1
PHE134B	7	5	23	12	2203	2201	5	4	20	13	1	1	1	1	1	1
ILE195A	6	5	23	14	417	196	6	5	25	14	162	162	2	2	5	1
LEU257A	5	4	25	13	9029	3562.47454252786	5	4	26	14	1	1	1	1	1	1
PRO190B	7	5	19	10	2285	2285	2	2	7	3	2285	2285	2	2	4	2
LEU145A	7	6	28	18	1300	485.390044074531	6	5	27	16	537	307.390044074531	3	3	8	6
GLU285B	6	4	19	7	3483	697.26483671584	5	4	15	7	1	1	1	1	1	1
LYS132B	4	3	13	5	7065	5014.58275993799	3	3	8	6	4785	3430.84759665383	2	2	2	1
LEU194B	6	6	25	19	553	382.321373716789	6	6	30	20	361	190.321373716789	4	4	9	7
GLY266B	8	8	26	19	3121	3121	5	5	18	8	1	1	1	1	1	1
TRP146B	7	3	23	4	1173	481.695087995534	5	3	16	4	602	375	3	2	4	0
ASP228B	4	1	9	1	389	1	4	1	10	0	375	1	2	1	2	0
ALA159B	6	6	23	15	2384	1570.67674797255	4	4	14	8	1	1	1	1	1	1
TYR234B	7	3	30	8	2530	209.558294728394	5	2	19	3	518	1	2	1	3	0
ARG267B	8	4	23	7	7112	3743	5	3	11	1	3045	3045	2	2	2	0
LEU264B	7	5	22	13	245	164.310688192317	4	3	9	3	1	1	1	1	1	1
LEU265B	7	5	21	13	1581	1561.5	5	4	15	6	1	1	1	1	1	1
GLN100B	4	2	13	4	796	206.717562542124	3	2	6	3	583	206.717562542124	2	2	1	1
HIS193A	6	6	19	13	3232	2432.50005489498	5	5	18	11	3170	2370.50005489498	3	3	4	4
HIS214A	6	5	18	10	7417	1587.44522539063	6	5	16	9	3617	1465.78673810122	3	3	4	3
GLU286B	4	3	12	7	8	4.59705984989419	3	2	9	2	1	1	1	1	1	1
ASP186A	5	4	10	5	1046	974.836044509106	3	3	7	3	1046	974.836044509106	3	3	4	1
THR123A	5	4	19	7	547	210.61419479901	4	4	17	7	391	147.8964834803	3	2	4	3
ASN263A	3	2	7	4	389	132.286773956481	3	2	4	1	1	1	1	1	1	1
MET169A	5	3	12	2	2818	1092.82473252418	4	3	13	2	1	1	1	1	1	1
SER166A	2	2	4	2	389	63.1752674758222	2	2	3	2	1	1	1	1	1	1
TYR107A	5	2	18	4	326	49.6777759672038	4	2	14	4	1	1	1	1	1	1
ASP228A	4	1	9	1	389	1	4	1	10	0	199	1	2	1	4	0
ARG202B	3	2	2	1	775	1	2	1	1	0	1	1	1	1	1	1
LEU201B	2	1	2	1	1	1	1	1	1	1	1	1	1	1	1	1
ARG248A	2	2	2	1	389	200.066518990339	2	2	1	1	1	1	1	1	1	1
ASN247A	3	2	6	1	389	189.933481009661	2	2	1	1	1	1	1	1	1	1
ALA138B	5	4	17	7	96	54.3235654752484	4	3	13	3	1	1	1	1	1	1
SER94B	4	3	9	3	1503	697	4	3	9	1	1	1	1	1	1	1
ASN210B	4	1	9	1	10	1	2	1	2	0	10	1	2	1	2	0
ASP208B	4	4	8	5	1	1	1	1	1	1	1	1	1	1	1	1
MET169B	6	3	20	2	9413	6322	5	3	21	1	4751	1660	3	2	2	0
ASP184B	4	4	13	10	389	77.2241150365862	4	4	15	11	1	1	1	1	1	1
VAL157A	10	8	30	16	10466	5494.22211255634	8	6	31	13	7093	3775.72211255634	7	5	13	5
ARG158B	8	5	25	9	5953	2718.52540541133	6	5	16	9	1	1	1	1	1	1
LEU111A	8	7	29	18	1716	1471	6	6	23	13	662	456	4	4	6	4
HIS115A	2	1	4	1	1	1	1	1	1	1	1	1	1	1	1	1
SER116A	5	3	11	5	533	445	3	2	10	3	1	1	1	1	1	1
PHE270B	7	3	18	7	13823	3189.85026120129	6	3	20	7	5494	1	3	1	3	0
ALA161A	6	6	22	16	3951	1828.52462529145	4	4	15	13	4271	4271	3	3	8	2
SER185B	6	4	12	8	773	617	4	2	13	3	1	1	1	1	1	1
ILE162B	6	2	22	3	5797	738.35490392386	5	2	20	3	2793	738.35490392386	2	2	2	1
VAL143A	7	7	22	17	495	320	4	4	12	8	1	1	1	1	1	1
GLU285A	6	4	19	7	1875	452.22199669702	5	4	15	7	1	1	1	1	1	1
THR284A	4	4	9	6	1	1	1	1	1	1	1	1	1	1	1	1
CYS135A	6	5	27	19	389	34.9788514426312	5	4	28	14	291	1	3	2	4	0
GLN144A	8	4	19	7	6358	1016.1079410223	5	3	10	4	3119	390.5	3	2	5	2
ARG280B	6	3	14	5	409	309.975955808892	2	2	3	2	1	1	1	1	1	1
ARG280A	6	3	14	5	407	309.11259088484	2	2	3	2	1	1	1	1	1	1
GLY108B	8	7	23	15	1191	930.642096328868	7	6	34	16	1	1	1	1	1	1
CYS242B	7	5	19	9	340	208.212561934027	5	4	24	13	331	256.156978910479	3	3	8	4
THR211B	7	6	20	10	1910	1910	4	3	17	7	1	1	1	1	1	1
SER227B	4	3	6	4	1933	1159	4	3	9	3	1	1	1	1	1	1
GLY279A	9	9	23	21	1387	1384.5785625927	5	5	16	9	1	1	1	1	1	1
GLN192B	5	4	10	6	454	102.863731827168	3	2	5	1	66	1	2	1	2	0
SER215A	5	3	19	6	14211	3584.63083516577	4	3	15	6	7029	1	2	1	5	0
MET160A	9	4	28	13	18917	16422	7	4	30	12	13898	7029	6	2	11	0
VAL147A	10	8	26	14	889	504.5	9	7	38	13	701	701	3	3	7	3
SER106B	2	1	6	1	389	1	2	1	6	0	1	1	1	1	1	1
HIS168A	4	3	6	5	775	412.84729535798	3	2	8	5	773	412.84729535798	2	2	4	3
PHE270A	7	3	19	8	5769	1053.9584478566	6	3	21	8	951	1	2	1	1	0
ARG290B	2	2	1	1	1	1	1	1	1	1	1	1	1	1	1	1
LYS291B	2	1	1	1	1	1	1	1	1	1	1	1	1	1	1	1
GLU286A	4	3	12	6	11	5.69917365364027	3	2	9	2	1	1	1	1	1	1
PRO191B	4	3	14	7	1025	1	2	1	6	0	1	1	1	1	1	1
ARG209B	2	1	3	1	1	1	1	1	1	1	1	1	1	1	1	1
GLY262B	5	5	10	9	2	2	3	3	5	3	1	1	1	1	1	1
ASN210A	3	1	8	1	1	1	1	1	1	1	1	1	1	1	1	1
LYS120A	6	1	12	1	388	1	4	1	10	0	2	1	2	1	1	0
ASN288B	2	2	3	3	1	1	1	1	1	1	1	1	1	1	1	1
THR284B	4	4	9	6	1	1	1	1	1	1	1	1	1	1	1	1
VAL225A	3	2	4	2	1	1	1	1	1	1	1	1	1	1	1	1
ILE255A	9	5	36	15	520	300.782412811671	6	3	26	4	377	187.5	4	3	8	4
GLN167A	2	1	3	1	1	1	1	1	1	1	1	1	1	1	1	1
ILE251B	7	5	25	17	682	171	6	5	23	14	219	171	4	4	10	7
GLN136B	8	5	24	6	3073	899.497901685424	8	5	29	3	1	1	1	1	1	1
GLU204A	3	1	9	1	389	1	3	1	10	0	1	1	1	1	1	1
LYS101B	4	1	13	1	6353	1	3	1	6	0	3379	1	3	1	3	0
LYS139B	5	1	17	1	427	1	5	1	17	0	1	1	1	1	1	1
SER121A	3	2	11	1	388	1	2	1	7	0	2	2	2	2	1	0
SER95A	3	3	7	5	1	1	1	1	1	1	389	389	3	3	2	0
THR150A	2	2	6	4	389	146.853831667988	2	2	6	4	1	1	1	1	1	1
GLN144B	7	4	18	7	6104	770.498842403178	4	3	9	4	2433	86.5	3	2	5	2
LEU114B	3	3	10	6	581	358.921115166281	3	3	6	4	581	358.921115166281	3	3	5	4
SER121B	3	2	11	1	388	1	2	1	7	0	1	1	1	1	1	1
PRO177A	4	4	10	9	1593	1200.70615386763	3	3	8	7	1	1	1	1	1	1
LEU145B	7	6	28	18	1585	631.5	6	5	28	15	1	1	1	1	1	1
TRP146A	7	3	24	4	2001	355.339991866206	5	3	15	4	2701	355.339991866206	5	3	7	1
CYS182A	6	4	11	8	775	773.482577092274	3	3	8	5	1	1	1	1	1	1
SER116B	5	3	11	5	175	67	3	2	10	3	1	1	1	1	1	1
SER99A	5	4	14	4	613	155.298649567074	3	2	7	2	1	1	1	1	1	1
THR118A	6	4	15	10	3793	1544.21702081343	6	4	17	8	1	1	1	1	1	1
THR155A	6	5	15	10	2999	2146.61456773485	6	5	19	10	2999	2146.61456773485	5	4	8	3
GLY117A	4	4	11	9	627	380.286513609249	3	3	10	8	1	1	1	1	1	1
SER240A	4	3	18	11	469	410	4	3	19	9	410	410	3	3	6	2
THR102B	5	5	14	8	367	367	3	3	9	4	1	1	1	1	1	1
ALA161B	6	6	20	15	3380	1555.06282334266	4	4	15	13	3586	3586	3	3	6	5
GLU180A	2	2	4	3	389	285.497885969572	2	2	2	1	389	285.497885969572	2	2	2	1
PRO191A	4	3	14	7	756	1	2	1	6	0	1	1	1	1	1	1
THR231B	5	5	16	14	91	91	2	2	3	2	1	1	1	1	1	1
GLU221A	5	3	12	5	1983	1983	4	3	9	2	1	1	1	1	1	1
ILE251A	7	5	25	17	412	240	6	5	23	14	1	1	2	2	5	3
ASP186B	5	4	10	5	1052	981.804272538926	3	3	7	3	1	1	1	1	1	1
GLY187B	4	3	9	3	2	2	2	2	3	0	1	1	1	1	1	1
GLU204B	2	1	6	1	389	1	2	1	6	0	1	1	1	1	1	1
THR102A	5	5	14	8	341	341	3	3	9	4	1	1	1	1	1	1
GLU258B	4	3	17	9	4538	781.093761106748	3	2	10	4	1	1	1	1	1	1
GLU171B	3	2	11	5	389	105.539092477768	3	2	10	5	389	105.539092477768	2	2	4	3
PHE212B	4	1	11	1	3	1	3	1	6	0	1	1	1	1	1	1
ALA119B	6	3	17	4	389	283	4	2	12	3	1	1	1	1	1	1
GLY226B	3	3	3	3	775	775	2	2	3	2	1	1	1	1	1	1
ASN288A	2	2	3	3	1	1	1	1	1	1	1	1	1	1	1	1
THR150B	2	2	6	4	389	147.307584950488	2	2	6	4	1	1	1	1	1	1
ASN131A	3	3	9	3	2037	1640.48074965086	3	3	9	3	951	951	2	2	1	0
VAL225B	2	1	2	1	1	1	1	1	1	1	1	1	1	1	1	1
CYS124B	9	5	24	10	1688	1366.87427478081	6	4	17	7	1333	1194	3	3	6	4
MET243A	2	1	3	1	1	1	1	1	1	1	1	1	1	1	1	1
GLU180B	2	2	4	3	389	287.136268172832	2	2	2	1	1	1	1	1	1	1
GLY293A	3	3	2	2	1163	1163	3	3	3	1	1	1	1	1	1	1
LYS292A	2	1	2	1	389	1	2	1	2	0	1	1	1	1	1	1
THR170A	4	3	13	6	40	14.7805280870082	3	2	11	2	1	1	1	1	1	1
ARG290A	2	2	1	1	1	1	1	1	1	1	1	1	1	1	1	1
LYS291A	2	1	1	1	1	1	1	1	1	1	1	1	1	1	1	1
GLN165A	3	3	4	3	389	137.139762495236	3	3	5	3	1	1	1	1	1	1
HIS115B	2	1	4	1	1	1	1	1	1	1	1	1	1	1	1	1
SER241B	3	3	10	6	1	1	1	1	1	1	353	353	2	2	3	0
GLU221B	3	2	7	1	1	1	2	1	5	0	1	1	1	1	1	1
PHE212A	3	1	8	1	3	1	2	1	2	0	1	1	1	1	1	1
LEU289B	3	2	7	5	1933	580	3	2	7	5	1	1	1	1	1	1
SER241A	3	3	10	6	1	1	1	1	1	1	360	360	2	2	3	0
SER183A	2	2	4	4	1	1	1	1	1	1	1	1	1	1	1	1
LEU289A	3	2	7	5	1933	580	3	2	7	5	1	1	1	1	1	1
MET243B	2	1	3	1	1	1	1	1	1	1	1	1	1	1	1	1
ARG209A	2	1	3	1	1	1	1	1	1	1	1	1	1	1	1	1
SER94A	1	1	1	1	1	1	1	1	1	1	1	1	1	1	1	1
SER269A	1	1	1	1	1	1	1	1	1	1	1	1	1	1	1	1
GLU287A	1	1	1	1	1	1	1	1	1	1	1	1	1	1	1	1
SER183B	1	1	1	1	1	1	1	1	1	1	1	1	1	1	1	1
GLU224B	1	1	1	1	1	1	1	1	1	1	1	1	1	1	1	1
SER269B	1	1	1	1	1	1	1	1	1	1	1	1	1	1	1	1
GLU287B	1	1	1	1	1	1	1	1	1	1	1	1	1	1	1	1
DC4C	1	1	1	1	1	1	1	1	1	1	1	1	1	1	1	1
DT6C	1	1	1	1	1	1	1	1	1	1	1	1	1	1	1	1
DG7C	1	1	1	1	1	1	1	1	1	1	1	1	1	1	1	1
DC8C	1	1	1	1	1	1	1	1	1	1	1	1	1	1	1	1
DC9C	1	1	1	1	1	1	1	1	1	1	1	1	1	1	1	1
DC14C	1	1	1	1	1	1	1	1	1	1	1	1	1	1	1	1
DT16C	1	1	1	1	1	1	1	1	1	1	1	1	1	1	1	1
DG17C	1	1	1	1	1	1	1	1	1	1	1	1	1	1	1	1
DC18C	1	1	1	1	1	1	1	1	1	1	1	1	1	1	1	1
DC19C	1	1	1	1	1	1	1	1	1	1	1	1	1	1	1	1
