Degree	Degree_sidechain	SecondOrderDegree	SecondOrderDegree_sidechain	NodeEdgeBetweennessSTRIDE	NodeEdgeBetweennessSTRIDE_sidechain	IntermodularDegreeSTRIDE	IntermodularDegreeSTRIDE_sidechain	SecondOrderIntermodularDegreeSTRIDE	SecondOrderIntermodularDegreeSTRIDE_sidechain	NodeEdgeBetweennessWALKTRAP	NodeEdgeBetweennessWALKTRAP_sidechain	IntermodularDegreeWALKTRAP	IntermodularDegreeWALKTRAP_sidechain	SecondOrderIntermodularDegreeWALKTRAP	SecondOrderIntermodularDegreeWALKTRAP_sidechain
CYS229A	-0.145658332113416	0.0178714686860471	0.0161419318733711	0.162395941951056	0.163850678623449	-0.00406361281541779	0.512980383727051	0.510374739547412	0.121259380274207	0.548529558248889	0.143817949433381	0.310135428615801	0.296051743651315	0.76610837581044	-0.00644605402559463	0.392244738520893
TRP146A	0.838791084928981	-0.482529654523273	0.675270816702686	-0.910512079028953	-0.22586962337699	-0.179735915792149	0.512980383727051	-0.0850624565912354	0.121259380274207	-0.56174713796573	0.460825998421356	0.0497030921636351	1.61482769264354	0.76610837581044	-0.00644605402559463	-0.0445732657410105
ARG273A	0.838791084928981	-0.482529654523273	1.334399701532	-0.195240065042281	-0.229684177719571	-0.0919953405061117	0.512980383727051	-0.0850624565912354	0.0146816290018098	-0.00660878985842033	0.745851039499566	0.179777569677751	2.27421566713965	0.76610837581044	1.67812273132979	-0.0445732657410105
ASP281A	-0.637883040634614	-0.482529654523273	0.0161419318733711	-0.195240065042281	-0.520226066812884	-0.452149041687674	-0.523557298855444	-0.0850624565912354	-0.518207127360174	-0.00660878985842033	-0.358503410090592	-0.354146493997975	-0.363336230844796	-0.0326003564174656	-0.00644605402559463	-0.0445732657410105
ARG196A	0.838791084928981	0.518272591895367	1.20257392456614	0.69884995244106	0.119347544626662	-0.000867103518157061	1.0312492250183	1.10581193568606	1.18703689299817	1.65880625446351	0.299029605466069	0.19696130229861	0.955439718147426	0.76610837581044	1.25698053499095	1.2658807470447
ASP184A	-0.145658332113416	0.518272591895367	0.0161419318733711	0.341213945447724	-0.520226066812884	-0.451745094334357	-0.00528845756419658	0.510374739547412	0.440992634091397	1.28871402239197	-0.358503410090592	-0.353547646306875	0.955439718147426	1.56481710803835	0.625267240482676	1.2658807470447
CYS242A	0.838791084928981	0.518272591895367	0.675270816702686	-0.0164220615456125	-0.568543755152253	-0.435766691929988	0.512980383727051	0.510374739547412	0.973881390453381	0.918621790320429	-0.532528600187849	-0.409416543089749	-1.02272420534091	-0.831309088645371	-0.848730446703289	-0.481391270002914
HIS179A	0.838791084928981	0.518272591895367	0.675270816702686	0.341213945447724	1.14164810843858	-0.2457943553273	1.54951806630954	1.10581193568606	1.40019239554297	0.918621790320429	0.585935999950735	-0.409416543089749	-0.363336230844796	-0.831309088645371	-0.217017152195018	-0.918209274264817
GLN104A	-0.637883040634614	-0.482529654523273	-0.247509622058355	-0.0164220615456125	-0.529126693612241	-0.441760118642892	-0.523557298855444	-0.0850624565912354	-0.0918961222705869	0.548529558248889	-0.532528600187849	-0.409416543089749	-1.02272420534091	-0.831309088645371	-0.848730446703289	-0.481391270002914
GLY108A	1.33101579345018	1.51907483831401	0.543445039736823	0.520031948944392	-0.0929959804437242	0.15108982950269	1.54951806630954	1.70124913182471	1.50677014681536	1.28871402239197	-0.532528600187849	-0.409416543089749	-1.02272420534091	-0.831309088645371	-0.848730446703289	-0.481391270002914
ARG175A	0.838791084928981	1.01867371510469	0.807096593668549	0.877667955937728	1.52818961515353	2.3129787903121	1.54951806630954	1.70124913182471	1.71992564936016	1.65880625446351	1.47487548450159	1.9038404117625	1.61482769264354	1.56481710803835	1.67812273132979	1.2658807470447
GLY279A	1.33101579345018	2.01947596152333	1.46622547849786	2.48702998740774	-0.451564088646412	-0.226363624416611	-0.523557298855444	-0.0850624565912354	-0.30505162481538	0.17843732617735	-0.206113784167589	0.0501586450724746	1.61482769264354	2.36352584026625	1.67812273132979	3.44997076835421
THR118A	0.346566376407782	0.0178714686860471	0.147967708839234	0.162395941951056	0.414339747119653	0.087825265804429	1.0312492250183	0.510374739547412	-0.0918961222705869	0.363483442213119	0.664012166318694	0.436416435630426	0.955439718147426	0.76610837581044	1.04640943682152	1.2658807470447
PRO128A	-0.145658332113416	0.518272591895367	-0.115683845092492	0.162395941951056	-0.368915411223806	-0.0767241928954913	-0.00528845756419658	0.510374739547412	0.227837131546603	0.363483442213119	-0.532528600187849	-0.409416543089749	-1.02272420534091	-0.831309088645371	-0.848730446703289	-0.481391270002914
TYR126A	0.838791084928981	-0.982930777732593	0.675270816702686	-0.910512079028953	1.25227018437345	0.613071749355467	1.0312492250183	-0.680499652729883	0.760725887908587	-0.7467932540015	-0.178834159773965	-0.409416543089749	0.955439718147426	-0.831309088645371	1.46755163316037	-0.918209274264817
CYS176A	0.838791084928981	1.01867371510469	0.675270816702686	0.520031948944392	0.920403956568835	0.394210181686558	0.512980383727051	0.510374739547412	0.973881390453381	0.918621790320429	-0.532528600187849	-0.409416543089749	-1.02272420534091	-0.831309088645371	-0.848730446703289	-0.481391270002914
ARG249A	0.838791084928981	1.01867371510469	0.543445039736823	0.520031948944392	2.28728592932731	1.29292094769384	1.54951806630954	1.70124913182471	0.867303639180984	1.1036679063562	2.34406075828464	1.07287675279467	1.61482769264354	1.56481710803835	0.625267240482676	0.829062742782796
GLU171A	-1.13010774915581	-0.982930777732593	-0.774812729921807	-0.552876072035617	-0.520226066812884	-0.434655419328108	-1.04182614014669	-0.680499652729883	-0.731362629904967	-0.19165490589419	-0.358503410090592	-0.328212383344704	-0.363336230844796	-0.0326003564174656	-0.217017152195018	0.392244738520893
THR230A	0.346566376407782	1.01867371510469	-0.247509622058355	0.520031948944392	-0.343485048939928	-0.0958730769861465	0.512980383727051	1.10581193568606	-0.30505162481538	-0.00660878985842033	-0.164724009225539	0.0216406728826325	0.296051743651315	0.76610837581044	-0.217017152195018	-0.481391270002914
THR231A	0.346566376407782	1.01867371510469	0.279793485805097	1.23530396293106	-0.328226831569601	-0.0142815616309067	-0.523557298855444	-0.0850624565912354	-0.624784878632571	-0.19165490589419	-0.370732207232561	-0.274925602169865	-0.363336230844796	-0.0326003564174656	-0.638159348533865	-0.0445732657410105
ARG283A	-0.637883040634614	0.0178714686860471	-0.511161175990081	-0.0164220615456125	-0.463643510731254	-0.297407455913236	-1.04182614014669	-0.680499652729883	-0.837940381177364	-0.56174713796573	-0.0838258127478952	0.0992978246280015	0.955439718147426	1.56481710803835	0.835838338652099	1.7026987513066
TYR163A	-0.637883040634614	-0.482529654523273	0.147967708839234	0.162395941951056	0.446127699974501	-0.382993406631466	-0.00528845756419658	-0.0850624565912354	0.547570385363794	0.548529558248889	1.0713251788166	-0.251623994370317	0.955439718147426	0.76610837581044	1.04640943682152	0.829062742782796
SER241A	-0.637883040634614	-0.482529654523273	-0.511161175990081	-0.552876072035617	-0.532941247954823	-0.489430958909855	-1.04182614014669	-1.27593684886853	-1.15767363499455	-1.11688548607304	-0.532528600187849	-0.409416543089749	-1.02272420534091	-0.831309088645371	-0.848730446703289	-0.481391270002914
TYR239A	0.346566376407782	-1.48333190094191	1.07074814760028	-1.26814808602229	-0.463007751674157	-0.489430958909855	-0.00528845756419658	-1.27593684886853	0.65414813663619	-1.11688548607304	-0.301122131193659	-0.409416543089749	0.296051743651315	-0.831309088645371	0.835838338652099	-0.918209274264817
ARG209A	-1.13010774915581	-0.982930777732593	-1.43394161475112	-1.26814808602229	-0.637841492375822	-0.489430958909855	-1.56009498143794	-1.27593684886853	-1.26425138626695	-0.93183937003727	-0.532528600187849	-0.409416543089749	-1.02272420534091	-0.831309088645371	-0.848730446703289	-0.481391270002914
ASN210A	-0.637883040634614	-1.48333190094191	-1.03846428385353	-1.26814808602229	-0.637841492375822	-0.489430958909855	-1.56009498143794	-1.27593684886853	-1.26425138626695	-0.93183937003727	-0.532528600187849	-0.409416543089749	-1.02272420534091	-0.831309088645371	-0.848730446703289	-0.481391270002914
ARG213A	1.33101579345018	1.01867371510469	0.41161926277096	0.162395941951056	1.17343606129343	0.878820185080747	2.06778690760079	1.70124913182471	0.760725887908587	0.17843732617735	0.734562919060825	1.53890408947772	0.955439718147426	1.56481710803835	-0.217017152195018	-0.481391270002914
THR211A	0.346566376407782	0.518272591895367	-0.247509622058355	-0.0164220615456125	-0.175008898809233	0.220853971724795	-0.523557298855444	-0.680499652729883	-0.30505162481538	-0.19165490589419	-0.532528600187849	-0.409416543089749	-1.02272420534091	-0.831309088645371	-0.848730446703289	-0.481391270002914
GLN165A	-0.637883040634614	-0.482529654523273	-1.03846428385353	-0.731694075532285	-0.0548504370179064	-0.221610610751598	-0.00528845756419658	-0.0850624565912354	-0.624784878632571	-0.37670102192996	-0.532528600187849	-0.409416543089749	-1.02272420534091	-0.831309088645371	-0.848730446703289	-0.481391270002914
GLN167A	-0.637883040634614	-0.482529654523273	-1.30211583778526	-0.910512079028953	-0.403882159364139	-0.130385829138494	-1.04182614014669	-0.680499652729883	-1.05109588372216	-0.7467932540015	-0.532528600187849	-0.409416543089749	-1.02272420534091	-0.831309088645371	-0.848730446703289	-0.481391270002914
GLY154A	-0.145658332113416	0.518272591895367	0.0161419318733711	0.69884995244106	-0.320597722884437	-0.00257356826879708	-0.00528845756419658	0.510374739547412	0.121259380274207	0.548529558248889	-0.532528600187849	-0.409416543089749	-0.363336230844796	-0.0326003564174656	-0.638159348533865	-0.918209274264817
PRO153A	-1.13010774915581	-0.982930777732593	-1.1702900608194	-0.731694075532285	-0.637841492375822	-0.489430958909855	-1.56009498143794	-1.27593684886853	-1.26425138626695	-0.93183937003727	-0.532528600187849	-0.409416543089749	-1.02272420534091	-0.831309088645371	-0.848730446703289	-0.481391270002914
ILE162A	0.346566376407782	-0.982930777732593	0.807096593668549	-1.08933008252562	-0.260836371517323	-0.430069700798628	0.512980383727051	-0.680499652729883	0.440992634091397	-0.7467932540015	-0.0866478428575805	-0.321414103987583	0.955439718147426	-0.0326003564174656	0.204125044143829	-0.481391270002914
VAL173A	1.33101579345018	2.01947596152333	0.543445039736823	1.77175797342107	0.398445770692228	0.868116627984771	1.0312492250183	1.70124913182471	0.973881390453381	2.02889848653505	0.939630440364619	1.33707453478548	0.955439718147426	1.56481710803835	0.414696142313252	0.829062742782796
THR253A	0.838791084928981	1.51907483831401	1.72987703242959	1.0564859594344	0.346313528010277	0.282994130832479	0.512980383727051	1.10581193568606	0.973881390453381	0.918621790320429	-0.532528600187849	-0.409416543089749	-1.02272420534091	-0.831309088645371	-0.848730446703289	-0.481391270002914
TYR236A	1.33101579345018	0.0178714686860471	2.25718014029304	0.341213945447724	0.723318648868777	-0.0905007116306047	2.06778690760079	0.510374739547412	2.46596990826694	0.363483442213119	0.509741186989234	-0.409416543089749	0.296051743651315	-0.831309088645371	1.25698053499095	-0.918209274264817
ARG156A	1.33101579345018	0.0178714686860471	1.07074814760028	0.341213945447724	0.418790060519331	-0.069935129105606	1.0312492250183	-0.0850624565912354	0.973881390453381	-0.19165490589419	-0.532528600187849	-0.409416543089749	0.296051743651315	-0.831309088645371	-0.00644605402559463	-0.918209274264817
VAL217A	0.838791084928981	1.51907483831401	0.938922370634412	1.5929399699244	0.708696190555547	0.739893885357971	0.512980383727051	1.10581193568606	0.440992634091397	0.733575674284659	-0.532528600187849	-0.409416543089749	-1.02272420534091	-0.831309088645371	-0.848730446703289	-0.481391270002914
GLU271A	0.346566376407782	0.0178714686860471	0.147967708839234	-0.552876072035617	3.41130794227474	2.1041088022475	0.512980383727051	0.510374739547412	-0.0918961222705869	-0.00660878985842033	3.15680542987399	3.43547880031148	0.955439718147426	1.56481710803835	-0.00644605402559463	0.829062742782796
PRO250A	-0.145658332113416	0.0178714686860471	-0.379335399024218	-0.195240065042281	2.46911301965704	1.88777952665515	0.512980383727051	0.510374739547412	0.227837131546603	0.363483442213119	3.54812693841701	2.71773208913807	0.955439718147426	0.76610837581044	0.625267240482676	0.392244738520893
ALA203A	0.838791084928981	1.01867371510469	0.543445039736823	0.877667955937728	-0.522133343984175	-0.424462806711784	0.512980383727051	0.510374739547412	0.334414882819	0.733575674284659	-0.53158792348462	-0.409416543089749	-0.363336230844796	-0.831309088645371	-0.427588250364442	-0.918209274264817
GLU204A	-0.145658332113416	-0.982930777732593	0.543445039736823	-0.910512079028953	-0.520226066812884	-0.489430958909855	0.512980383727051	-0.680499652729883	0.65414813663619	-0.7467932540015	-0.532528600187849	-0.409416543089749	-1.02272420534091	-0.831309088645371	-0.848730446703289	-0.481391270002914
CYS124A	0.838791084928981	0.518272591895367	1.334399701532	1.41412196642773	-0.439484666561569	-0.263995372760577	1.0312492250183	0.510374739547412	0.760725887908587	0.918621790320429	-0.30018145449043	-0.271912399219324	1.61482769264354	0.76610837581044	2.52040712400749	3.01315276409231
CYS141A	1.33101579345018	1.51907483831401	1.334399701532	1.0564859594344	-0.148942777468257	-0.0746505365629774	0.512980383727051	1.10581193568606	0.973881390453381	1.65880625446351	-0.0160970901154495	0.201336976614115	1.61482769264354	2.36352584026625	1.25698053499095	2.13951675556851
ALA129A	-0.637883040634614	0.0178714686860471	-0.774812729921807	0.162395941951056	-0.637205733318725	-0.4889431258531	-1.04182614014669	-0.680499652729883	-1.15767363499455	-0.7467932540015	-0.532528600187849	-0.409416543089749	-1.02272420534091	-0.831309088645371	-0.848730446703289	-0.481391270002914
HIS233A	-1.13010774915581	-0.982930777732593	-0.90663850688767	-0.552876072035617	-0.563457682695477	-0.489430958909855	-1.04182614014669	-1.27593684886853	-1.05109588372216	-1.11688548607304	-0.532528600187849	-0.409416543089749	-1.02272420534091	-0.831309088645371	-0.848730446703289	-0.481391270002914
THR140A	0.346566376407782	0.0178714686860471	0.147967708839234	-0.0164220615456125	-0.474451414701902	-0.337133438592149	-0.00528845756419658	-0.0850624565912354	-0.624784878632571	-0.7467932540015	-0.400833861735871	-0.352867598060345	0.296051743651315	-0.0326003564174656	-0.00644605402559463	-0.0445732657410105
CYS238A	2.31546521049258	1.01867371510469	2.25718014029304	0.877667955937728	0.683901587328765	0.261445934679396	2.58605574889204	1.10581193568606	3.42516966971851	1.65880625446351	0.941511793771076	0.276184035853816	2.27421566713965	0.76610837581044	3.15212041851576	1.2658807470447
MET246A	1.82324050197138	0.518272591895367	1.20257392456614	0.69884995244106	-0.466822306016739	-0.329739882110277	2.06778690760079	1.10581193568606	2.25281440572214	1.1036679063562	-0.488316795136113	-0.405548976385817	0.955439718147426	-0.0326003564174656	0.414696142313252	0.392244738520893
PRO142A	0.838791084928981	0.518272591895367	0.938922370634412	0.69884995244106	-0.22777690054828	-0.436008112940383	-0.00528845756419658	-0.0850624565912354	-0.411629376087777	-0.19165490589419	-0.532528600187849	-0.409416543089749	-1.02272420534091	-0.831309088645371	-0.848730446703289	-0.481391270002914
ASP208A	-0.637883040634614	0.0178714686860471	-1.03846428385353	-0.731694075532285	-0.637841492375822	-0.489430958909855	-1.56009498143794	-1.27593684886853	-1.26425138626695	-0.93183937003727	-0.532528600187849	-0.409416543089749	-1.02272420534091	-0.831309088645371	-0.848730446703289	-0.481391270002914
LEU264A	0.346566376407782	1.01867371510469	0.147967708839234	1.0564859594344	0.153042774652801	0.223293137008567	-0.523557298855444	-0.0850624565912354	-0.837940381177364	-0.7467932540015	0.0337587751556565	0.182890286187445	0.296051743651315	0.76610837581044	0.204125044143829	-0.0445732657410105
LEU265A	1.33101579345018	0.518272591895367	1.334399701532	1.41412196642773	-0.404517918421236	-0.149411318351922	1.0312492250183	0.510374739547412	1.29361464427057	0.733575674284659	-0.532528600187849	-0.409416543089749	0.296051743651315	-0.831309088645371	0.414696142313252	-0.918209274264817
GLY187A	-0.637883040634614	0.0178714686860471	-0.90663850688767	-0.552876072035617	-0.51895454869869	-0.469831647924178	-0.523557298855444	-0.0850624565912354	-0.837940381177364	-0.56174713796573	-0.530647246781392	-0.406523713642729	-0.363336230844796	-0.0326003564174656	-0.427588250364442	-0.481391270002914
LEU188A	0.346566376407782	-0.982930777732593	0.147967708839234	-0.374058068538949	-0.520226066812884	-0.488455292796346	-0.00528845756419658	-0.680499652729883	-0.411629376087777	-0.56174713796573	-0.358503410090592	-0.407970128366239	0.955439718147426	-0.0326003564174656	-0.217017152195018	-0.918209274264817
ALA189A	0.346566376407782	1.01867371510469	0.279793485805097	0.520031948944392	0.585358933478736	0.73915250903904	-0.00528845756419658	0.510374739547412	0.121259380274207	0.548529558248889	0.151343363059208	-0.118497322986146	-0.363336230844796	-0.0326003564174656	-0.638159348533865	-0.0445732657410105
TYR205A	0.838791084928981	0.0178714686860471	1.72987703242959	1.23530396293106	1.69857304245552	0.358798648960892	1.54951806630954	0.510374739547412	1.50677014681536	1.28871402239197	1.23406224847511	0.765072212400071	0.296051743651315	-0.0326003564174656	0.625267240482676	0.392244738520893
ARG110A	0.838791084928981	0.518272591895367	0.147967708839234	0.520031948944392	-0.189631357122463	0.0334761277892142	1.54951806630954	1.10581193568606	1.08045914172578	1.28871402239197	-0.259732356251609	0.0100437267280439	-0.363336230844796	-0.0326003564174656	-0.217017152195018	-0.0445732657410105
GLN192A	0.346566376407782	-0.482529654523273	-0.379335399024218	-0.374058068538949	-0.511325440013526	-0.489430958909855	-0.00528845756419658	-1.27593684886853	-0.624784878632571	-1.11688548607304	-0.345333936245394	-0.409416543089749	0.296051743651315	-0.831309088645371	-0.217017152195018	-0.918209274264817
PRO190A	0.838791084928981	0.518272591895367	0.675270816702686	0.69884995244106	0.0583146751453531	0.578923435382647	-1.04182614014669	-0.680499652729883	-0.731362629904967	-0.56174713796573	-0.532528600187849	-0.409416543089749	-1.02272420534091	-0.831309088645371	-0.848730446703289	-0.481391270002914
ASN235A	-0.145658332113416	0.518272591895367	-0.247509622058355	-0.0164220615456125	-0.3492068804538	-0.0973942075962231	-0.00528845756419658	0.510374739547412	-0.411629376087777	-0.19165490589419	0.0977247909751886	0.484199386433367	0.955439718147426	1.56481710803835	0.414696142313252	0.392244738520893
LYS139A	-0.145658332113416	-0.982930777732593	0.0161419318733711	-0.910512079028953	-0.318054686656049	-0.438748308217873	-0.00528845756419658	-0.680499652729883	-0.198473873542984	-0.56174713796573	-0.46668123096186	-0.409416543089749	-0.363336230844796	-0.831309088645371	-0.217017152195018	-0.918209274264817
ARG282A	1.82324050197138	1.51907483831401	1.20257392456614	0.877667955937728	1.12066805955438	1.12448387711141	1.54951806630954	1.70124913182471	1.50677014681536	1.47376013842774	0.816401792241697	0.290889953809847	0.955439718147426	0.76610837581044	1.67812273132979	2.13951675556851
PHE134A	0.346566376407782	0.518272591895367	0.938922370634412	0.69884995244106	-0.444570739018345	-0.331373048521375	0.512980383727051	0.510374739547412	0.867303639180984	1.28871402239197	-0.398952508329414	-0.409416543089749	-0.363336230844796	-0.831309088645371	0.204125044143829	-0.918209274264817
ARG158A	1.33101579345018	1.01867371510469	0.938922370634412	0.341213945447724	0.828218893289776	0.906960564775942	0.512980383727051	1.10581193568606	0.227837131546603	0.548529558248889	0.907647432454853	1.04157203965898	1.61482769264354	1.56481710803835	1.25698053499095	0.829062742782796
GLU258A	0.346566376407782	-0.482529654523273	0.807096593668549	-0.0164220615456125	0.287823694757357	-0.195818150636501	0.512980383727051	-0.0850624565912354	0.65414813663619	-0.00660878985842033	0.364876974692058	-0.0717664369424623	-0.363336230844796	-0.0326003564174656	-0.217017152195018	0.392244738520893
LEU252A	0.346566376407782	1.01867371510469	0.147967708839234	0.162395941951056	5.51948497560827	8.55861285928137	0.512980383727051	1.10581193568606	0.227837131546603	0.17843732617735	1.04216420101652	1.41698464303002	-0.363336230844796	-0.0326003564174656	-0.427588250364442	-0.0445732657410105
SER269A	-0.637883040634614	-1.48333190094191	-0.90663850688767	-1.26814808602229	1.04119817741726	-0.489430958909855	-0.523557298855444	-1.27593684886853	-0.624784878632571	-1.11688548607304	0.64237660214444	-0.409416543089749	0.296051743651315	-0.831309088645371	-0.217017152195018	-0.918209274264817
MET237A	1.33101579345018	0.518272591895367	1.07074814760028	0.341213945447724	0.310075261755751	-0.129541645250409	1.54951806630954	1.10581193568606	1.40019239554297	1.47376013842774	0.391215922382454	0.0228328484754529	1.61482769264354	0.76610837581044	2.09926492766864	1.2658807470447
PRO152A	-0.145658332113416	0.0178714686860471	-0.115683845092492	0.162395941951056	-0.0720159315595244	-0.191078798246828	-0.00528845756419658	0.510374739547412	0.334414882819	0.733575674284659	-0.229630701748299	-0.079689473900051	0.296051743651315	0.76610837581044	-0.427588250364442	-0.481391270002914
LEU194A	0.838791084928981	1.51907483831401	1.59805125546373	2.66584799090441	-0.390531219165103	-0.186656297906103	1.54951806630954	2.29668632796336	2.35939215699454	3.50926741482121	-0.309588221522714	-0.0704838203218984	0.955439718147426	1.56481710803835	1.46755163316037	1.2658807470447
CYS220A	0.346566376407782	0.518272591895367	0.147967708839234	0.877667955937728	0.007453950577596	0.335708477933059	-0.00528845756419658	0.510374739547412	0.65414813663619	1.47376013842774	-0.129918971206088	-0.019290910964399	-0.363336230844796	-0.0326003564174656	-0.217017152195018	0.829062742782796
THR155A	1.82324050197138	2.01947596152333	1.334399701532	1.77175797342107	1.04501273175984	1.10004431919466	2.58605574889204	2.892123524102	2.14623665444975	2.58403683464236	1.06850314870691	1.21121842056677	1.61482769264354	2.36352584026625	1.04640943682152	0.829062742782796
VAL216A	1.82324050197138	2.51987708473265	1.46622547849786	2.12939398041441	0.320883165726399	0.91414280773055	1.54951806630954	2.29668632796336	1.71992564936016	2.58403683464236	0.750554423015708	1.56204672505388	1.61482769264354	2.36352584026625	1.25698053499095	2.13951675556851
GLY262A	-0.145658332113416	0.518272591895367	-0.774812729921807	-0.374058068538949	-0.201075020150208	0.114997711606276	-0.523557298855444	-0.0850624565912354	-0.624784878632571	-0.37670102192996	-0.532528600187849	-0.409416543089749	-1.02272420534091	-0.831309088645371	-0.848730446703289	-0.481391270002914
PRO98A	-0.145658332113416	0.518272591895367	-0.115683845092492	-0.195240065042281	-0.464915028845448	-0.278078665129169	-0.00528845756419658	0.510374739547412	0.121259380274207	0.17843732617735	-0.475147321290915	-0.351283658639015	-0.363336230844796	-0.0326003564174656	-0.848730446703289	-0.481391270002914
VAL97A	-0.145658332113416	0.518272591895367	-0.774812729921807	-0.0164220615456125	-0.559007369295798	-0.368448360834722	-0.00528845756419658	0.510374739547412	-0.518207127360174	-0.56174713796573	-0.475147321290915	-0.379318129406395	-0.363336230844796	-0.0326003564174656	-0.848730446703289	-0.481391270002914
GLN144A	0.838791084928981	0.518272591895367	0.147967708839234	-0.0164220615456125	0.577729824793572	-0.113731832802138	-0.00528845756419658	0.510374739547412	-0.518207127360174	0.17843732617735	-0.0189191202251347	-0.280529239995977	-0.363336230844796	-0.0326003564174656	-0.638159348533865	-0.0445732657410105
GLN100A	-0.637883040634614	-0.482529654523273	-0.511161175990081	-0.374058068538949	1.34318372953832	0.615306800074969	-0.523557298855444	-0.0850624565912354	-0.518207127360174	-0.00660878985842033	2.53878083585292	1.22834553359605	0.955439718147426	0.76610837581044	0.204125044143829	-0.0445732657410105
PRO219A	-1.13010774915581	-0.482529654523273	-1.1702900608194	-0.374058068538949	-0.518318789641593	-0.392889832464341	-1.04182614014669	-0.680499652729883	-1.15767363499455	-0.7467932540015	-0.0142157367089926	0.176140880874808	0.296051743651315	0.76610837581044	-0.427588250364442	0.392244738520893
VAL218A	0.346566376407782	1.01867371510469	0.279793485805097	0.69884995244106	-0.109525715928245	-0.0669525194330018	-0.00528845756419658	0.510374739547412	0.121259380274207	0.733575674284659	-0.191062956915934	-0.326804220626424	-0.363336230844796	-0.0326003564174656	-0.638159348533865	-0.0445732657410105
THR256A	0.346566376407782	1.01867371510469	0.41161926277096	1.5929399699244	0.0379703853182502	0.0259310536603708	-0.523557298855444	-0.0850624565912354	-0.731362629904967	-0.00660878985842033	0.770308633783504	1.59386784897109	0.296051743651315	0.76610837581044	0.835838338652099	0.392244738520893
ARG174A	-0.637883040634614	-0.482529654523273	-0.115683845092492	-0.374058068538949	-0.53993459758289	-0.451292224813763	-0.523557298855444	-0.0850624565912354	-0.624784878632571	-0.37670102192996	-0.387664387890673	-0.352876272018737	-0.363336230844796	-0.0326003564174656	-0.427588250364442	0.392244738520893
MET169A	0.346566376407782	-0.482529654523273	-0.247509622058355	-0.910512079028953	1.09650921538469	0.214024308930231	0.512980383727051	-0.0850624565912354	0.121259380274207	-0.56174713796573	1.91793421172217	0.633448472560694	0.296051743651315	-0.0326003564174656	0.204125044143829	-0.0445732657410105
ASN200A	-0.145658332113416	-0.982930777732593	0.0161419318733711	-0.552876072035617	-0.329498349683795	-0.323181254533659	-0.00528845756419658	-0.680499652729883	-0.198473873542984	-0.56174713796573	-0.532528600187849	-0.409416543089749	-1.02272420534091	-0.831309088645371	-0.848730446703289	-0.481391270002914
VAL197A	1.82324050197138	2.01947596152333	1.46622547849786	2.12939398041441	0.869543232001078	0.788125754372841	2.06778690760079	2.29668632796336	1.50677014681536	1.65880625446351	1.42407894252725	1.42463732632046	1.61482769264354	1.56481710803835	0.835838338652099	-0.0445732657410105
ILE255A	1.82324050197138	0.518272591895367	2.12535436332718	0.877667955937728	4.02100087803073	-0.207681920890952	1.0312492250183	-0.0850624565912354	0.867303639180984	-0.19165490589419	5.98730162988829	-0.409416543089749	1.61482769264354	-0.831309088645371	1.46755163316037	-0.918209274264817
VAL272A	1.33101579345018	1.51907483831401	2.12535436332718	1.77175797342107	-0.496702981700296	-0.387794098900948	-0.00528845756419658	-0.0850624565912354	0.334414882819	0.17843732617735	0.0723265199880214	0.520628124126943	0.296051743651315	0.76610837581044	1.46755163316037	2.57633475983041
VAL274A	2.80768991901377	3.02027820794197	2.38900591725891	2.84466599440108	1.38323655013542	2.24138027505809	2.58605574889204	2.892123524102	2.89228091335652	2.76908295067813	1.52755337988238	2.47972653327827	3.59299161613187	3.96094330472206	3.57326261485461	3.01315276409231
GLU287A	-1.62233245767701	-0.982930777732593	-1.82941894564871	-1.26814808602229	-0.637205733318725	-0.488455292796346	-1.04182614014669	-0.680499652729883	-1.26425138626695	-1.11688548607304	-0.532528600187849	-0.409416543089749	-1.02272420534091	-0.831309088645371	-0.848730446703289	-0.481391270002914
LYS291A	-1.62233245767701	-1.48333190094191	-1.82941894564871	-1.26814808602229	-0.637205733318725	-0.489430958909855	-1.04182614014669	-1.27593684886853	-1.26425138626695	-1.11688548607304	-0.532528600187849	-0.409416543089749	-1.02272420534091	-0.831309088645371	-0.848730446703289	-0.481391270002914
GLN136A	0.838791084928981	0.0178714686860471	1.07074814760028	-0.374058068538949	-0.028148556619834	-0.211817292983125	1.54951806630954	0.510374739547412	1.71992564936016	-0.56174713796573	-0.288893334051689	-0.278538738031013	0.296051743651315	-0.0326003564174656	0.414696142313252	-0.0445732657410105
LEU130A	0.838791084928981	1.01867371510469	-0.247509622058355	0.162395941951056	0.0684868200589045	0.280143952583444	1.0312492250183	1.70124913182471	0.334414882819	0.918621790320429	-0.532528600187849	-0.409416543089749	-1.02272420534091	-0.831309088645371	-0.848730446703289	-0.481391270002914
SER127A	-0.145658332113416	-0.482529654523273	-0.247509622058355	-0.374058068538949	-0.268465480202486	-0.186393543311753	0.512980383727051	-0.0850624565912354	0.334414882819	-0.00660878985842033	-0.532528600187849	-0.409416543089749	-1.02272420534091	-0.831309088645371	-0.848730446703289	-0.481391270002914
LEU114A	-1.13010774915581	-0.482529654523273	-0.642986952955944	-0.195240065042281	-0.465550787902545	-0.333573423531617	-0.523557298855444	-0.0850624565912354	-0.731362629904967	-0.19165490589419	-0.532528600187849	-0.409416543089749	-1.02272420534091	-0.831309088645371	-0.848730446703289	-0.481391270002914
ALA276A	-0.145658332113416	-0.482529654523273	-0.115683845092492	-0.374058068538949	-0.605417780463877	-0.489430958909855	-0.523557298855444	-1.27593684886853	0.121259380274207	-1.11688548607304	-0.532528600187849	-0.409416543089749	-1.02272420534091	-0.831309088645371	-0.848730446703289	-0.481391270002914
ILE232A	-0.637883040634614	-0.482529654523273	0.0161419318733711	-0.0164220615456125	0.425783410147398	-0.190595710986624	-0.523557298855444	-0.680499652729883	-0.30505162481538	-0.56174713796573	0.171097573827005	-0.409416543089749	-0.363336230844796	-0.831309088645371	-0.217017152195018	-0.918209274264817
GLY266A	1.33101579345018	2.01947596152333	0.807096593668549	1.5929399699244	0.0691225791160014	0.581152296029017	0.512980383727051	1.10581193568606	0.334414882819	0.363483442213119	0.48246156259561	1.15126494357714	1.61482769264354	2.36352584026625	2.09926492766864	2.13951675556851
TYR103A	-0.145658332113416	-1.48333190094191	-0.379335399024218	-1.26814808602229	0.0258909632334079	-0.489430958909855	-0.00528845756419658	-1.27593684886853	-0.198473873542984	-1.11688548607304	0.449537877982615	-0.409416543089749	0.955439718147426	-0.831309088645371	0.625267240482676	-0.918209274264817
ALA159A	0.346566376407782	1.01867371510469	1.07074814760028	1.23530396293106	-0.495431463586102	-0.362259397657107	-0.00528845756419658	0.510374739547412	0.227837131546603	0.733575674284659	-0.473265967884458	-0.319738830232152	0.955439718147426	1.56481710803835	1.46755163316037	2.57633475983041
TYR234A	0.346566376407782	-0.482529654523273	1.20257392456614	-0.0164220615456125	-0.15466460898213	-0.40954283531343	0.512980383727051	-0.0850624565912354	0.65414813663619	-0.19165490589419	0.26892795096276	-0.409416543089749	0.955439718147426	-0.831309088645371	0.625267240482676	-0.918209274264817
THR125A	1.82324050197138	2.01947596152333	1.99352858636132	3.02348399789775	0.418790060519331	0.525141377631022	1.54951806630954	1.70124913182471	1.82650340063255	2.76908295067813	0.680003670273577	0.96193753158312	2.93360364163576	3.16223457249416	2.94154932034633	2.13951675556851
CYS275A	0.838791084928981	1.51907483831401	0.675270816702686	1.23530396293106	0.322154683840593	0.379704930359669	0.512980383727051	1.10581193568606	0.973881390453381	2.21394460257082	-0.102639346812464	-0.12528245245584	-0.363336230844796	-0.0326003564174656	-0.00644605402559463	-0.0445732657410105
LEU133A	0.346566376407782	1.01867371510469	1.07074814760028	1.5929399699244	-0.386716664822521	-0.144133815708705	1.0312492250183	1.70124913182471	1.50677014681536	1.65880625446351	-0.302062807896887	-0.114479378463187	1.61482769264354	2.36352584026625	2.52040712400749	3.88678877261612
ALA161A	0.838791084928981	1.51907483831401	0.938922370634412	1.5929399699244	-0.244942395089898	-0.226247094555485	0.512980383727051	1.10581193568606	0.867303639180984	2.39899071860659	-0.416825365690754	-0.231507532098064	0.296051743651315	0.76610837581044	0.414696142313252	-0.0445732657410105
ASP207A	-0.637883040634614	-0.482529654523273	-0.642986952955944	0.162395941951056	-0.551378260610635	-0.477082285699435	-0.523557298855444	-0.0850624565912354	-0.411629376087777	0.548529558248889	-0.426232132723038	-0.39594044714527	-0.363336230844796	-0.0326003564174656	-0.427588250364442	0.392244738520893
LEU206A	-0.145658332113416	-0.482529654523273	0.0161419318733711	-0.195240065042281	-0.490345391129326	-0.430886513893673	-0.00528845756419658	-0.680499652729883	0.0146816290018098	-0.37670102192996	-0.314291605038857	-0.322625020786548	0.955439718147426	-0.0326003564174656	1.25698053499095	0.392244738520893
ASN131A	-0.637883040634614	-0.482529654523273	-0.379335399024218	-0.910512079028953	0.874629304457854	0.729176016863054	-0.00528845756419658	-0.0850624565912354	0.121259380274207	-0.7467932540015	0.64237660214444	1.39715544657378	0.296051743651315	0.76610837581044	-0.00644605402559463	-0.918209274264817
PHE270A	1.82324050197138	-0.482529654523273	1.07074814760028	-0.195240065042281	5.29696930562433	-0.167209060352912	2.06778690760079	-0.0850624565912354	1.93308115190495	0.17843732617735	3.59704212698489	-0.409416543089749	0.955439718147426	-0.831309088645371	0.625267240482676	-0.918209274264817
GLY244A	-0.637883040634614	0.0178714686860471	-0.774812729921807	-0.0164220615456125	-0.403882159364139	-0.344728243710502	-0.523557298855444	-0.0850624565912354	-0.731362629904967	-0.00660878985842033	-0.532528600187849	-0.409416543089749	-1.02272420534091	-0.831309088645371	-0.848730446703289	-0.481391270002914
GLY245A	0.838791084928981	1.51907483831401	0.543445039736823	1.23530396293106	1.16517119355117	1.45929116643957	0.512980383727051	1.10581193568606	0.334414882819	1.28871402239197	-0.532528600187849	-0.409416543089749	-1.02272420534091	-0.831309088645371	-0.848730446703289	-0.481391270002914
PRO223A	-0.145658332113416	0.518272591895367	-0.90663850688767	-0.0164220615456125	-0.138134873497609	0.0975556032431163	-0.00528845756419658	0.510374739547412	-0.30505162481538	0.17843732617735	-0.532528600187849	-0.409416543089749	-1.02272420534091	-0.831309088645371	-0.848730446703289	-0.481391270002914
GLU221A	-0.637883040634614	-1.48333190094191	-0.90663850688767	-1.26814808602229	-0.489709632072229	-0.489430958909855	-0.523557298855444	-1.27593684886853	-0.731362629904967	-1.11688548607304	-0.273842506800035	-0.409416543089749	0.955439718147426	-0.831309088645371	-0.00644605402559463	-0.918209274264817
LYS132A	-0.637883040634614	-0.482529654523273	-0.379335399024218	-0.552876072035617	0.997330802477568	1.28316410949957	-0.523557298855444	-0.0850624565912354	-0.518207127360174	-0.00660878985842033	0.935867733551705	1.20417090615595	-0.363336230844796	-0.0326003564174656	-0.427588250364442	0.392244738520893
GLU198A	-0.145658332113416	-0.482529654523273	-0.115683845092492	-0.374058068538949	-0.492252668300617	-0.392752593965692	-0.00528845756419658	-0.0850624565912354	0.0146816290018098	-0.19165490589419	-0.317113635148542	-0.266091886668988	0.296051743651315	0.76610837581044	-0.00644605402559463	0.829062742782796
PRO191A	-0.637883040634614	-0.482529654523273	0.0161419318733711	-0.374058068538949	0.171479787308613	-0.489430958909855	-1.04182614014669	-1.27593684886853	-0.731362629904967	-1.11688548607304	-0.532528600187849	-0.409416543089749	-1.02272420534091	-0.831309088645371	-0.848730446703289	-0.481391270002914
ALA138A	-0.637883040634614	0.0178714686860471	-0.247509622058355	-0.0164220615456125	-0.513868476241914	-0.367495419841833	-0.523557298855444	-0.0850624565912354	-0.411629376087777	-0.19165490589419	-0.532528600187849	-0.409416543089749	-1.02272420534091	-0.831309088645371	-0.848730446703289	-0.481391270002914
LEU137A	0.346566376407782	0.518272591895367	1.07074814760028	0.341213945447724	-0.164200994838584	-0.0737971945549639	0.512980383727051	0.510374739547412	1.29361464427057	0.363483442213119	-0.445986343490834	-0.276346388526863	0.296051743651315	0.76610837581044	0.414696142313252	-0.0445732657410105
GLY112A	-0.145658332113416	0.518272591895367	0.0161419318733711	0.69884995244106	0.158764606166673	0.499444468022753	-0.523557298855444	-0.0850624565912354	-0.624784878632571	-0.19165490589419	-0.532528600187849	-0.409416543089749	-1.02272420534091	-0.831309088645371	-0.848730446703289	-0.481391270002914
PHE113A	-0.145658332113416	-0.482529654523273	0.147967708839234	-0.731694075532285	0.228698102447339	0.828693960440985	-0.00528845756419658	-0.0850624565912354	0.334414882819	-0.56174713796573	0.738325625873738	1.54468974837176	0.296051743651315	0.76610837581044	0.204125044143829	-0.918209274264817
HIS193A	0.838791084928981	1.51907483831401	0.279793485805097	0.69884995244106	-0.260200612460226	0.00718690775639002	1.0312492250183	1.70124913182471	0.65414813663619	1.1036679063562	-0.096995286593093	0.137333877931225	0.955439718147426	1.56481710803835	0.414696142313252	1.2658807470447
HIS214A	-0.145658332113416	0.518272591895367	-0.379335399024218	0.162395941951056	-0.332041385912182	-0.270638333777943	0.512980383727051	1.10581193568606	-0.0918961222705869	0.548529558248889	-0.101698670109235	-0.113495640591636	0.955439718147426	1.56481710803835	0.204125044143829	0.829062742782796
ILE251A	0.346566376407782	0.518272591895367	1.07074814760028	1.77175797342107	-0.498610258871587	-0.36600919555095	1.0312492250183	1.10581193568606	1.29361464427057	1.84385237049928	-0.532528600187849	-0.409416543089749	-0.363336230844796	-0.0326003564174656	-0.427588250364442	-0.481391270002914
VAL172A	-0.145658332113416	0.518272591895367	0.147967708839234	1.23530396293106	-0.123512415184378	0.299882926919035	-0.00528845756419658	0.510374739547412	-0.30505162481538	-0.00660878985842033	-0.0396140076961598	0.107731421327597	-0.363336230844796	-0.0326003564174656	-0.427588250364442	0.392244738520893
SER261A	-0.145658332113416	-1.48333190094191	-0.90663850688767	-1.26814808602229	-0.637841492375822	-0.489430958909855	-1.04182614014669	-1.27593684886853	-1.05109588372216	-1.11688548607304	-0.532528600187849	-0.409416543089749	-1.02272420534091	-0.831309088645371	-0.848730446703289	-0.481391270002914
ILE195A	0.346566376407782	0.518272591895367	1.20257392456614	0.877667955937728	-0.237949045461832	-0.264689956456323	1.0312492250183	1.10581193568606	1.18703689299817	1.1036679063562	-0.241859498890269	-0.371809760278498	0.296051743651315	-0.0326003564174656	0.625267240482676	-0.481391270002914
LEU257A	1.33101579345018	1.01867371510469	1.20257392456614	1.0564859594344	2.62614550675999	1.96566813995833	1.54951806630954	1.70124913182471	1.71992564936016	2.02889848653505	2.98748362329288	1.22189513492563	2.27421566713965	1.56481710803835	2.30983602583806	1.7026987513066
PHE109A	0.838791084928981	-0.482529654523273	2.12535436332718	0.341213945447724	0.312618297984138	-0.489430958909855	1.0312492250183	-0.680499652729883	1.50677014681536	-0.7467932540015	0.235063589646537	-0.409416543089749	1.61482769264354	0.76610837581044	2.52040712400749	0.829062742782796
ASP259A	0.346566376407782	0.518272591895367	-0.379335399024218	-0.731694075532285	-0.398796086907364	-0.428145681447767	-0.523557298855444	-0.680499652729883	-0.518207127360174	-0.7467932540015	-0.532528600187849	-0.409416543089749	-1.02272420534091	-0.831309088645371	-0.848730446703289	-0.481391270002914
LEU145A	-0.145658332113416	0.518272591895367	0.147967708839234	1.0564859594344	0.554206739680985	0.577666352079702	-0.00528845756419658	0.510374739547412	-0.198473873542984	0.548529558248889	0.361114267879144	0.277630450577325	-0.363336230844796	-0.0326003564174656	-0.638159348533865	-0.0445732657410105
SER96A	-1.13010774915581	-1.48333190094191	-1.03846428385353	-1.26814808602229	-0.520226066812884	-0.489430958909855	-0.523557298855444	-1.27593684886853	-0.30505162481538	-1.11688548607304	-0.35944408679382	-0.409416543089749	-0.363336230844796	-0.831309088645371	-0.427588250364442	-0.918209274264817
ASP148A	-0.637883040634614	-0.482529654523273	-0.511161175990081	-0.0164220615456125	-0.520226066812884	-0.443871720088668	-0.00528845756419658	-0.0850624565912354	0.547570385363794	0.548529558248889	-0.532528600187849	-0.409416543089749	-1.02272420534091	-0.831309088645371	-0.848730446703289	-0.481391270002914
TYR107A	0.346566376407782	-0.982930777732593	0.147967708839234	-0.910512079028953	-0.34729960328251	-0.397680915460747	0.512980383727051	-0.680499652729883	0.440992634091397	-0.56174713796573	-0.259732356251609	-0.273398071309346	-0.363336230844796	-0.0326003564174656	-0.638159348533865	-0.0445732657410105
VAL147A	1.33101579345018	1.01867371510469	0.807096593668549	0.162395941951056	-0.377816038023164	-0.0903835184846191	1.54951806630954	1.10581193568606	1.50677014681536	-0.19165490589419	-0.148732505270656	0.18072066410218	-0.363336230844796	-0.0326003564174656	-0.217017152195018	-0.0445732657410105
ILE254A	0.346566376407782	-0.482529654523273	0.938922370634412	-0.731694075532285	-0.488438113958035	-0.319510680346435	-0.523557298855444	-0.0850624565912354	-0.731362629904967	-0.7467932540015	-0.322757695367912	-0.174868498849267	-0.363336230844796	-0.0326003564174656	-0.427588250364442	-0.481391270002914
ASP186A	-0.145658332113416	0.0178714686860471	-0.642986952955944	-0.195240065042281	-0.0599365094746821	0.201212580632466	-0.00528845756419658	-0.0850624565912354	-0.518207127360174	-0.37670102192996	0.322546523046779	0.614455220476903	0.296051743651315	0.76610837581044	-0.217017152195018	-0.0445732657410105
ASN263A	-0.637883040634614	-0.482529654523273	-1.03846428385353	-0.731694075532285	-0.436305871276084	-0.46388195226963	-0.00528845756419658	-0.0850624565912354	-0.837940381177364	-0.93183937003727	-0.532528600187849	-0.409416543089749	-1.02272420534091	-0.831309088645371	-0.848730446703289	-0.481391270002914
THR123A	0.346566376407782	0.518272591895367	0.543445039736823	0.69884995244106	-0.473179896587708	-0.325015888206454	-0.00528845756419658	-0.0850624565912354	0.65414813663619	-0.00660878985842033	-0.288893334051689	-0.165672934759491	0.955439718147426	0.76610837581044	1.04640943682152	0.392244738520893
SER185A	-0.637883040634614	-0.482529654523273	-0.90663850688767	-0.552876072035617	-0.520226066812884	-0.326580706669324	-0.523557298855444	-0.0850624565912354	-0.837940381177364	-0.37670102192996	-0.532528600187849	-0.409416543089749	-0.363336230844796	-0.831309088645371	-0.427588250364442	-0.918209274264817
VAL122A	1.82324050197138	1.51907483831401	1.20257392456614	1.77175797342107	-0.403882159364139	-0.241718917137774	1.0312492250183	1.10581193568606	0.973881390453381	0.733575674284659	-0.456333787226347	-0.31486215968623	1.61482769264354	1.56481710803835	1.88869382949922	1.7026987513066
ARG202A	-0.637883040634614	-0.482529654523273	-0.90663850688767	-1.08933008252562	-0.509418162842235	-0.388887530426524	-0.523557298855444	-0.0850624565912354	-1.05109588372216	-0.93183937003727	-0.342511906135709	-0.260361970734689	0.296051743651315	0.76610837581044	-0.00644605402559463	-0.0445732657410105
GLY105A	0.838791084928981	1.51907483831401	0.279793485805097	0.877667955937728	-0.267193962088292	0.0793823852659702	1.0312492250183	1.70124913182471	0.65414813663619	0.548529558248889	-0.19952904724499	0.10261426903266	0.296051743651315	0.76610837581044	-0.00644605402559463	-0.918209274264817
LEU111A	1.33101579345018	1.51907483831401	1.46622547849786	1.0564859594344	3.73045898893741	6.02750641016697	1.0312492250183	1.70124913182471	0.867303639180984	1.1036679063562	5.7991662892426	9.15062534567559	1.61482769264354	2.36352584026625	1.67812273132979	0.829062742782796
VAL143A	0.838791084928981	1.01867371510469	0.938922370634412	1.23530396293106	-0.511325440013526	-0.363570030267177	0.512980383727051	0.510374739547412	0.121259380274207	0.548529558248889	-0.488316795136113	-0.341435051084796	-0.363336230844796	-0.0326003564174656	-0.427588250364442	-0.918209274264817
VAL157A	0.838791084928981	1.01867371510469	1.20257392456614	1.95057597691774	4.07059008448429	4.92893080246312	0.512980383727051	0.510374739547412	0.547570385363794	0.733575674284659	3.8425587465275	5.63081134228647	0.296051743651315	0.76610837581044	-0.00644605402559463	-0.481391270002914
PRO278A	2.31546521049258	2.51987708473265	1.72987703242959	2.66584799090441	0.171479787308613	0.0434378495554622	2.58605574889204	2.892123524102	2.03965890317735	2.02889848653505	-0.255028972735466	-0.300935438826527	1.61482769264354	1.56481710803835	2.52040712400749	2.57633475983041
GLU285A	0.346566376407782	0.0178714686860471	0.41161926277096	-0.195240065042281	0.374922685579641	-0.18719660627348	0.512980383727051	0.510374739547412	0.227837131546603	0.17843732617735	-0.532528600187849	-0.409416543089749	-1.02272420534091	-0.831309088645371	-0.848730446703289	-0.481391270002914
THR284A	-0.637883040634614	0.0178714686860471	-1.03846428385353	-0.731694075532285	-0.637841492375822	-0.489430958909855	-1.56009498143794	-1.27593684886853	-1.26425138626695	-0.93183937003727	-0.491138825245798	-0.345774295255325	-0.363336230844796	-0.0326003564174656	-0.638159348533865	-0.918209274264817
CYS135A	0.346566376407782	0.518272591895367	1.59805125546373	1.5929399699244	-0.466822306016739	-0.42166509800975	1.0312492250183	1.10581193568606	2.14623665444975	2.02889848653505	-0.279486567019405	-0.308954368991396	1.61482769264354	1.56481710803835	2.52040712400749	3.88678877261612
HIS168A	-0.637883040634614	-0.482529654523273	-0.774812729921807	-0.195240065042281	-0.520226066812884	-0.396780778480118	-0.523557298855444	-0.680499652729883	-0.411629376087777	-0.19165490589419	-0.358503410090592	-0.27206362772877	-0.363336230844796	-0.0326003564174656	-0.217017152195018	0.392244738520893
GLU286A	-0.637883040634614	-0.482529654523273	-0.247509622058355	-0.195240065042281	-0.567907996095156	-0.434912132708047	-0.523557298855444	-0.680499652729883	-0.411629376087777	-0.7467932540015	-0.532528600187849	-0.409416543089749	-1.02272420534091	-0.831309088645371	-0.848730446703289	-0.481391270002914
CYS182A	0.346566376407782	0.0178714686860471	-0.774812729921807	-0.374058068538949	-0.317418927598952	-0.00608973234222007	-0.523557298855444	-0.0850624565912354	-0.518207127360174	-0.19165490589419	-0.358503410090592	-0.409416543089749	-0.363336230844796	-0.831309088645371	-0.848730446703289	-0.918209274264817
HIS178A	-0.145658332113416	-0.982930777732593	-0.379335399024218	-0.910512079028953	-0.593338358379034	-0.481036464268886	-0.523557298855444	-0.680499652729883	-0.518207127360174	-0.7467932540015	-0.532528600187849	-0.409416543089749	-1.02272420534091	-0.831309088645371	-0.848730446703289	-0.481391270002914
SER240A	-0.637883040634614	-0.482529654523273	0.41161926277096	0.520031948944392	-0.520226066812884	-0.328446050180848	-0.00528845756419658	-0.0850624565912354	0.65414813663619	0.548529558248889	-0.37731694415516	-0.17075811371066	0.296051743651315	0.76610837581044	1.46755163316037	2.57633475983041
ALA119A	-0.637883040634614	-0.482529654523273	-0.511161175990081	-0.731694075532285	-0.403882159364139	-0.130385829138494	-1.04182614014669	-0.680499652729883	-0.837940381177364	-0.56174713796573	-0.532528600187849	-0.409416543089749	-1.02272420534091	-0.831309088645371	-0.848730446703289	-0.481391270002914
LYS120A	-1.62233245767701	-1.48333190094191	-1.56576739171699	-1.26814808602229	-0.637841492375822	-0.489430958909855	-1.56009498143794	-1.27593684886853	-1.26425138626695	-0.93183937003727	-0.532528600187849	-0.409416543089749	-1.02272420534091	-0.831309088645371	-0.848730446703289	-0.481391270002914
LYS164A	-1.13010774915581	-0.982930777732593	-0.774812729921807	-0.910512079028953	-0.520226066812884	-0.344839203172446	-0.523557298855444	-0.680499652729883	-0.518207127360174	-0.56174713796573	-0.358503410090592	-0.195060790131912	-0.363336230844796	-0.0326003564174656	-0.427588250364442	0.392244738520893
CYS277A	0.346566376407782	-0.482529654523273	-0.247509622058355	-0.910512079028953	-0.520861825869981	-0.489430958909855	-1.04182614014669	-1.27593684886853	-0.518207127360174	-1.11688548607304	-0.532528600187849	-0.409416543089749	-1.02272420534091	-0.831309088645371	-0.848730446703289	-0.481391270002914
PRO222A	-0.637883040634614	-0.982930777732593	-0.90663850688767	-1.26814808602229	-0.637841492375822	-0.489430958909855	-1.04182614014669	-1.27593684886853	-0.944518132449761	-1.11688548607304	-0.493020178652255	-0.348667124702344	-0.363336230844796	-0.0326003564174656	-0.427588250364442	-0.918209274264817
PHE212A	-1.13010774915581	-1.48333190094191	-1.03846428385353	-1.26814808602229	-0.520226066812884	-0.489430958909855	-1.04182614014669	-1.27593684886853	-1.05109588372216	-1.11688548607304	-0.532528600187849	-0.409416543089749	-1.02272420534091	-0.831309088645371	-0.848730446703289	-0.481391270002914
ARG267A	-0.145658332113416	0.0178714686860471	-0.379335399024218	-0.195240065042281	-0.489709632072229	-0.284956745816735	-0.523557298855444	-0.0850624565912354	-1.05109588372216	-0.93183937003727	-0.0631309252768701	-0.00431344063914738	0.955439718147426	0.76610837581044	0.835838338652099	1.2658807470447
LYS101A	-1.13010774915581	-1.48333190094191	-1.03846428385353	-1.26814808602229	-0.560278887409992	-0.489430958909855	-1.04182614014669	-1.27593684886853	-1.15767363499455	-1.11688548607304	-0.473265967884458	-0.409416543089749	-0.363336230844796	-0.831309088645371	-0.427588250364442	-0.918209274264817
PRO151A	-0.145658332113416	-0.482529654523273	-0.379335399024218	-1.08933008252562	-0.286266733801201	-0.37721195218024	0.512980383727051	-0.0850624565912354	0.227837131546603	-0.7467932540015	-0.186359573399792	-0.409416543089749	0.296051743651315	-0.831309088645371	0.204125044143829	-0.918209274264817
THR150A	-1.62233245767701	-0.982930777732593	-1.43394161475112	-1.08933008252562	-0.520226066812884	-0.42115173464028	-1.04182614014669	-0.680499652729883	-0.944518132449761	-0.7467932540015	-0.532528600187849	-0.409416543089749	-1.02272420534091	-0.831309088645371	-0.848730446703289	-0.481391270002914
ASP228A	-1.13010774915581	-1.48333190094191	-0.90663850688767	-1.26814808602229	-0.520226066812884	-0.489430958909855	-0.523557298855444	-1.27593684886853	-0.624784878632571	-1.11688548607304	-0.358503410090592	-0.409416543089749	-0.363336230844796	-0.831309088645371	-0.217017152195018	-0.918209274264817
ASP268A	-0.637883040634614	0.0178714686860471	-0.115683845092492	0.341213945447724	-0.520226066812884	-0.370863090011062	-0.523557298855444	-0.0850624565912354	-0.198473873542984	0.548529558248889	-0.358503410090592	-0.233640927911772	0.296051743651315	0.76610837581044	0.204125044143829	0.829062742782796
SER99A	-0.145658332113416	0.0178714686860471	-0.642986952955944	-0.552876072035617	-0.559643128352895	-0.466574967555347	-0.523557298855444	-0.680499652729883	-0.944518132449761	-0.7467932540015	-0.228690025045071	-0.0688928555711358	0.955439718147426	1.56481710803835	0.414696142313252	0.829062742782796
SER149A	-0.637883040634614	-0.982930777732593	-0.379335399024218	-1.08933008252562	-0.520226066812884	-0.386986016991396	-0.00528845756419658	-0.680499652729883	0.121259380274207	-0.93183937003727	-0.532528600187849	-0.409416543089749	-1.02272420534091	-0.831309088645371	-0.848730446703289	-0.481391270002914
GLY117A	-0.637883040634614	0.0178714686860471	-0.511161175990081	-0.0164220615456125	-0.430584039762212	-0.311887552071972	-0.523557298855444	-0.0850624565912354	-0.198473873542984	0.363483442213119	-0.398011831626185	-0.202579237627872	-0.363336230844796	-0.0326003564174656	-0.638159348533865	-0.918209274264817
SER116A	-1.13010774915581	-1.48333190094191	-0.774812729921807	-1.26814808602229	-0.611139611977749	-0.489430958909855	-1.04182614014669	-1.27593684886853	-0.837940381177364	-1.11688548607304	-0.358503410090592	-0.409416543089749	0.296051743651315	-0.831309088645371	-0.00644605402559463	-0.918209274264817
ARG280A	-0.637883040634614	-1.48333190094191	-0.642986952955944	-1.26814808602229	-0.637841492375822	-0.489430958909855	-1.56009498143794	-1.27593684886853	-1.26425138626695	-0.93183937003727	-0.350977996464765	-0.409416543089749	0.296051743651315	-0.831309088645371	-0.217017152195018	-0.918209274264817
SER215A	0.346566376407782	-0.482529654523273	0.543445039736823	-0.195240065042281	-0.257657576231838	-0.320256445221846	0.512980383727051	-0.0850624565912354	0.227837131546603	-0.19165490589419	-0.08100378263821	-0.158617110729811	1.61482769264354	0.76610837581044	2.09926492766864	0.829062742782796
PRO177A	-0.145658332113416	0.518272591895367	-0.642986952955944	-0.0164220615456125	-0.550106742496441	-0.404193367992737	-0.523557298855444	-0.0850624565912354	-1.05109588372216	-0.7467932540015	-0.532528600187849	-0.409416543089749	-1.02272420534091	-0.831309088645371	-0.848730446703289	-0.481391270002914
SER166A	-1.62233245767701	-0.982930777732593	-1.56576739171699	-1.08933008252562	-0.637841492375822	-0.489430958909855	-1.56009498143794	-1.27593684886853	-1.26425138626695	-0.93183937003727	-0.532528600187849	-0.409416543089749	-1.02272420534091	-0.831309088645371	-0.848730446703289	-0.481391270002914
LEU289A	-1.13010774915581	-0.482529654523273	-0.90663850688767	-0.195240065042281	-0.520226066812884	-0.424785954551657	-0.523557298855444	-0.0850624565912354	-0.731362629904967	-0.00660878985842033	-0.532528600187849	-0.409416543089749	-1.02272420534091	-0.831309088645371	-0.848730446703289	-0.481391270002914
MET160A	0.346566376407782	-0.982930777732593	0.279793485805097	-0.910512079028953	-0.541206115697083	-0.369424026948232	-0.00528845756419658	-0.680499652729883	-0.0918961222705869	-0.7467932540015	-0.27666453690972	-0.231507532098064	1.61482769264354	-0.0326003564174656	1.25698053499095	-0.0445732657410105
GLY226A	-1.13010774915581	-0.482529654523273	-1.82941894564871	-1.26814808602229	-0.636569974261628	-0.4879848764716	-1.04182614014669	-0.680499652729883	-1.26425138626695	-0.93183937003727	-0.532528600187849	-0.409416543089749	-1.02272420534091	-0.831309088645371	-0.848730446703289	-0.481391270002914
SER227A	-1.62233245767701	-0.982930777732593	-1.69759316868285	-1.08933008252562	-0.636569974261628	-0.488925709121091	-1.04182614014669	-0.680499652729883	-1.26425138626695	-0.93183937003727	-0.532528600187849	-0.409416543089749	-1.02272420534091	-0.831309088645371	-0.848730446703289	-0.481391270002914
THR102A	-1.62233245767701	-0.982930777732593	-1.43394161475112	-1.26814808602229	-0.637841492375822	-0.489430958909855	-1.56009498143794	-1.27593684886853	-1.26425138626695	-0.93183937003727	-0.532528600187849	-0.409416543089749	-1.02272420534091	-0.831309088645371	-0.848730446703289	-0.481391270002914
ARG248A	-1.13010774915581	-0.982930777732593	-1.1702900608194	-0.910512079028953	-0.31169709608508	-0.328446050180848	-0.523557298855444	-0.680499652729883	-0.837940381177364	-1.11688548607304	-0.205173107464361	-0.409416543089749	-0.363336230844796	-0.831309088645371	-0.427588250364442	-0.918209274264817
GLY199A	-1.13010774915581	-0.482529654523273	-1.1702900608194	-0.731694075532285	-0.538027320411599	-0.336251379088921	-1.04182614014669	-0.680499652729883	-1.05109588372216	-0.93183937003727	-0.532528600187849	-0.409416543089749	-1.02272420534091	-0.831309088645371	-0.848730446703289	-0.481391270002914
ASN288A	-1.62233245767701	-0.982930777732593	-1.56576739171699	-0.910512079028953	-0.637841492375822	-0.489430958909855	-1.56009498143794	-1.27593684886853	-1.26425138626695	-0.93183937003727	-0.532528600187849	-0.409416543089749	-1.02272420534091	-0.831309088645371	-0.848730446703289	-0.481391270002914
SER106A	-1.62233245767701	-1.48333190094191	-1.1702900608194	-1.26814808602229	-0.520226066812884	-0.489430958909855	-1.04182614014669	-1.27593684886853	-0.837940381177364	-1.11688548607304	-0.532528600187849	-0.409416543089749	-1.02272420534091	-0.831309088645371	-0.848730446703289	-0.481391270002914
MET243A	-1.13010774915581	-1.48333190094191	-1.1702900608194	-1.26814808602229	-0.637841492375822	-0.489430958909855	-1.04182614014669	-1.27593684886853	-1.15767363499455	-1.11688548607304	-0.532528600187849	-0.409416543089749	-1.02272420534091	-0.831309088645371	-0.848730446703289	-0.481391270002914
SER260A	-0.637883040634614	-0.982930777732593	-0.774812729921807	-1.26814808602229	-0.536755802297405	-0.489430958909855	-1.04182614014669	-1.27593684886853	-1.05109588372216	-1.11688548607304	-0.532528600187849	-0.409416543089749	-1.02272420534091	-0.831309088645371	-0.848730446703289	-0.481391270002914
THR170A	-0.145658332113416	0.0178714686860471	-0.379335399024218	-0.195240065042281	-0.637841492375822	-0.489430958909855	-0.523557298855444	-0.680499652729883	-0.30505162481538	-0.56174713796573	-0.532528600187849	-0.409416543089749	-0.363336230844796	-0.831309088645371	-0.427588250364442	-0.918209274264817
ASN247A	-1.62233245767701	-1.48333190094191	-1.1702900608194	-1.26814808602229	-0.637841492375822	-0.489430958909855	-1.56009498143794	-1.27593684886853	-1.26425138626695	-0.93183937003727	-0.532528600187849	-0.409416543089749	-1.02272420534091	-0.831309088645371	-0.848730446703289	-0.481391270002914
SER121A	-1.13010774915581	-0.982930777732593	-0.642986952955944	-0.195240065042281	-0.637841492375822	-0.489430958909855	-1.56009498143794	-1.27593684886853	-1.26425138626695	-0.93183937003727	-0.532528600187849	-0.409416543089749	-1.02272420534091	-0.831309088645371	-0.848730446703289	-0.481391270002914
VAL225A	-1.62233245767701	-0.982930777732593	-1.69759316868285	-1.08933008252562	-0.637841492375822	-0.489430958909855	-1.56009498143794	-1.27593684886853	-1.26425138626695	-0.93183937003727	-0.532528600187849	-0.409416543089749	-1.02272420534091	-0.831309088645371	-0.848730446703289	-0.481391270002914
SER183A	-1.62233245767701	-0.982930777732593	-1.43394161475112	-0.731694075532285	-0.637841492375822	-0.489430958909855	-1.56009498143794	-1.27593684886853	-1.26425138626695	-0.93183937003727	-0.358503410090592	-0.141829819240467	-0.363336230844796	-0.0326003564174656	-0.848730446703289	-0.918209274264817
GLU180A	-1.62233245767701	-0.982930777732593	-1.30211583778526	-0.910512079028953	-0.520226066812884	-0.308932727910665	-1.04182614014669	-0.680499652729883	-1.05109588372216	-1.11688548607304	-0.358503410090592	-0.141829819240467	-0.363336230844796	-0.0326003564174656	-0.638159348533865	-0.918209274264817
HIS115A	-2.11455716619821	-1.48333190094191	-1.82941894564871	-1.26814808602229	-0.637841492375822	-0.489430958909855	-1.56009498143794	-1.27593684886853	-1.26425138626695	-0.93183937003727	-0.532528600187849	-0.409416543089749	-1.02272420534091	-0.831309088645371	-0.848730446703289	-0.481391270002914
ARG181A	-2.11455716619821	-1.48333190094191	-1.82941894564871	-1.26814808602229	-0.637841492375822	-0.489430958909855	-1.56009498143794	-1.27593684886853	-1.26425138626695	-0.93183937003727	-0.532528600187849	-0.409416543089749	-1.02272420534091	-0.831309088645371	-0.848730446703289	-0.481391270002914
LEU201A	-2.11455716619821	-1.48333190094191	-1.82941894564871	-1.26814808602229	-0.637841492375822	-0.489430958909855	-1.56009498143794	-1.27593684886853	-1.26425138626695	-0.93183937003727	-0.532528600187849	-0.409416543089749	-1.02272420534091	-0.831309088645371	-0.848730446703289	-0.481391270002914
GLU224A	-2.11455716619821	-1.48333190094191	-1.82941894564871	-1.26814808602229	-0.637841492375822	-0.489430958909855	-1.56009498143794	-1.27593684886853	-1.26425138626695	-0.93183937003727	-0.532528600187849	-0.409416543089749	-1.02272420534091	-0.831309088645371	-0.848730446703289	-0.481391270002914
ARG290A	-2.11455716619821	-1.48333190094191	-1.82941894564871	-1.26814808602229	-0.637841492375822	-0.489430958909855	-1.56009498143794	-1.27593684886853	-1.26425138626695	-0.93183937003727	-0.532528600187849	-0.409416543089749	-1.02272420534091	-0.831309088645371	-0.848730446703289	-0.481391270002914
