Degree	Degree_sidechain	SecondOrderDegree	SecondOrderDegree_sidechain	NodeEdgeBetweennessSTRIDE	NodeEdgeBetweennessSTRIDE_sidechain	IntermodularDegreeSTRIDE	IntermodularDegreeSTRIDE_sidechain	SecondOrderIntermodularDegreeSTRIDE	SecondOrderIntermodularDegreeSTRIDE_sidechain	NodeEdgeBetweennessWALKTRAP	NodeEdgeBetweennessWALKTRAP_sidechain	IntermodularDegreeWALKTRAP	IntermodularDegreeWALKTRAP_sidechain	SecondOrderIntermodularDegreeWALKTRAP	SecondOrderIntermodularDegreeWALKTRAP_sidechain
CYS229A	0.327728360852071	0.0239428321714979	0.0824978397279969	-0.0101102478729434	-0.0536811253506817	0.0204498806070955	0.931319033845477	0.495240201279699	0.307234177091835	-0.0288804319040118	-0.0803583310997938	0.436306059272301	0.699215627347398	0.471622509635717	-0.0705480300207722	-0.334076361523409
TRP146A	0.816799914739008	-0.49215821685857	0.84462074007235	-0.72334227963695	0.345639414159886	0.645816137310249	0.931319033845477	-0.097825224944138	0.692393662428288	-0.40240068452923	0.407265554790753	1.32234829051017	0.114526697582764	0.471622509635717	-0.220947126988133	-0.0779071356912298
ARG273A	0.816799914739008	0.0239428321714979	1.22568219024453	0.34650576800906	0.143328786841479	0.654951989028172	0.448228412011192	0.495240201279699	0.0183645630894957	0.531399947033815	0.471078063314701	-0.654907929833538	0.699215627347398	-0.904238646294043	0.68144745481603	-0.846414813187768
ASP281A	0.327728360852071	0.540043881201566	0.209518323118722	-0.0101102478729434	-0.531628939233906	-0.629613368741231	-0.0348622098230926	0.495240201279699	-0.270505050912844	0.157879694408597	-0.722095445123649	-0.654907929833538	-1.05485116194651	-0.904238646294043	-0.822543514857574	-0.590245587355589
ARG196A	1.30587146862594	1.05614493023163	1.35270267363525	0.881429791832065	0.0523331771742479	0.0656464910704487	1.41440965567976	1.68137105372737	1.46271263310119	1.65196070490947	0.133955376773088	-0.324605328994266	1.86859348687667	1.1595530876006	2.48623661842436	0.946769767637488
ASP184A	-0.161343193034866	0.0239428321714979	-0.0445226436627286	0.34650576800906	-0.0819516060239963	-0.443890218583872	0.448228412011192	0.495240201279699	0.692393662428288	1.09168032597164	-0.179087117872695	-0.333561473418038	0.114526697582764	-0.216308068329163	0.53104835784867	0.17826209014095
ARG174A	-0.650414746921802	-0.49215821685857	-0.171543127053454	-0.366726263754947	-0.692417298063382	-0.610689859140192	-0.517952831657377	-0.097825224944138	-0.559374664915183	0.157879694408597	-0.389788796961202	-0.457916258024908	0.699215627347398	0.471622509635717	0.380649260881309	0.434431315973129
GLN192A	-0.161343193034866	-0.49215821685857	-0.806645544007081	-1.07995829551895	-0.622624548901137	-0.609453471025608	-0.0348622098230926	-0.097825224944138	-0.559374664915183	-0.589160810841839	-0.399420873719534	-0.45616449724156	0.114526697582764	0.471622509635717	-0.371346223955493	-0.0779071356912298
CYS242A	0.327728360852071	0.540043881201566	-0.29856361044418	0.168197760068058	-0.770161119914997	-0.674497096403452	-0.0348622098230926	0.495240201279699	0.499813919760062	1.27844045228425	-0.620958639161165	-0.563181418234334	-0.470162232181871	-0.216308068329163	-0.220947126988133	0.17826209014095
HIS179A	0.327728360852071	0.540043881201566	0.463559289900173	0.34650576800906	0.220189156172053	-0.462585883704149	0.931319033845477	1.08830562750354	1.27013289043297	1.65196070490947	0.749204279711531	-0.248077023106225	1.86859348687667	1.84748366556548	1.73424113358755	1.71527744513403
ARG175A	0.816799914739008	1.05614493023163	0.463559289900173	0.881429791832065	2.38818164280686	2.78457326885981	1.41440965567976	1.68137105372737	1.46271263310119	1.65196070490947	2.08685893952486	1.41955473813968	1.86859348687667	1.84748366556548	2.48623661842436	1.71527744513403
GLY279A	1.30587146862594	2.08834702829177	1.0986617068538	2.30789385536008	-0.0607487455190104	0.313845885596893	-0.517952831657377	-0.097825224944138	-0.559374664915183	0.157879694408597	0.366329228567843	0.852000459331425	0.114526697582764	0.471622509635717	-0.371346223955493	0.17826209014095
THR118A	0.327728360852071	0.540043881201566	0.0824978397279969	0.881429791832065	1.01706333015111	0.921764062366546	0.931319033845477	1.08830562750354	-0.0779253082446174	0.718160073346424	1.36806521143435	1.6914863611699	0.699215627347398	1.1595530876006	-0.220947126988133	0.17826209014095
PRO128A	-0.161343193034866	0.540043881201566	-0.29856361044418	-0.0101102478729434	-0.240973059811391	0.329279417970885	-0.0348622098230926	0.495240201279699	0.0183645630894957	0.157879694408597	-0.722095445123649	-0.654907929833538	-1.05485116194651	-0.904238646294043	-0.822543514857574	-0.590245587355589
TYR126A	0.327728360852071	-1.00825926588864	0.209518323118722	-1.07995829551895	2.57370667222549	-0.0638842540988406	0.448228412011192	-0.690890651167975	0.114654434423609	-0.775920937154448	-0.185107165846652	-0.654907929833538	0.114526697582764	-0.904238646294043	0.230250163913949	-0.846414813187768
CYS176A	0.816799914739008	1.05614493023163	0.209518323118722	0.168197760068058	0.833305205774562	0.328490731821969	1.41440965567976	1.68137105372737	0.692393662428288	1.09168032597164	0.223052086787657	0.578241876287463	0.699215627347398	1.1595530876006	0.0798510669465883	0.434431315973129
ARG249A	1.30587146862594	1.05614493023163	0.590579773290899	0.34650576800906	2.62494691844587	3.27015635503714	1.89750027751405	1.68137105372737	0.692393662428288	0.904920199659033	1.3319449235906	2.23530888799329	1.28390455711203	1.1595530876006	0.0798510669465883	0.17826209014095
GLU171A	-1.13948630080874	-1.00825926588864	-0.806645544007081	-0.545034271695949	-0.694184203105465	-0.648064184654766	-1.00104345349166	-0.690890651167975	-0.655664536249296	-0.215640558216621	-0.495741641302852	-0.510869596032817	0.114526697582764	-0.216308068329163	-0.0705480300207722	-0.0779071356912298
TYR205A	1.30587146862594	0.0239428321714979	1.73376412380743	1.41635381565507	3.37941537141495	0.920121280062802	1.89750027751405	0.495240201279699	1.94416198977176	1.46520057859686	1.34880105791768	1.58365574609941	0.699215627347398	0.471622509635717	1.73424113358755	1.45910821930185
VAL203A	0.816799914739008	1.5722459792617	0.84462074007235	1.41635381565507	0.419849425927337	0.640205897684985	0.931319033845477	1.68137105372737	1.36642276176708	2.2122410838473	1.0213104481344	1.31439949381373	1.86859348687667	2.53541424353036	2.48623661842436	3.50846202595928
THR230A	-0.161343193034866	0.0239428321714979	-0.425584093834905	-0.0101102478729434	-0.666797174953191	-0.413692924474497	-0.0348622098230926	-0.097825224944138	-0.366794922246957	-0.40240068452923	-0.387380777771619	-0.107464439051865	0.114526697582764	0.471622509635717	-0.371346223955493	-0.0779071356912298
THR231A	-0.161343193034866	0.540043881201566	-0.171543127053454	0.524813775950062	-0.716270516131492	-0.500013362600931	-1.00104345349166	-0.690890651167975	-1.04082402158575	-0.775920937154448	-0.649854869436161	-0.595209272410959	-0.470162232181871	-0.216308068329163	-0.672144417890214	-0.334076361523409
TYR163A	-0.161343193034866	-0.49215821685857	0.84462074007235	0.168197760068058	1.51709745706036	-0.46338833677791	0.448228412011192	-0.097825224944138	0.884973405096514	0.531399947033815	0.880441325543802	-0.249213968543107	0.114526697582764	0.471622509635717	0.0798510669465883	0.17826209014095
ARG267A	0.816799914739008	0.0239428321714979	0.336538806509448	-0.366726263754947	0.118592116252329	-0.161387281215086	-0.0348622098230926	-0.097825224944138	-0.848244278917523	-0.962681063467057	-0.211595376932064	-0.191907442713749	-0.470162232181871	-0.216308068329163	-0.371346223955493	0.17826209014095
GLY266A	1.30587146862594	2.08834702829177	1.47972315702598	1.77296983153707	0.395996207859228	1.44065505884873	0.448228412011192	1.08830562750354	0.596103791094175	0.531399947033815	0.699839886325081	1.92435421775359	1.28390455711203	1.84748366556548	1.28304384268547	1.71527744513403
ARG213A	1.79494302251288	1.05614493023163	0.971641223463075	0.881429791832065	1.75562963774145	0.443978576485218	2.38059089934833	1.68137105372737	0.981263276430627	0.531399947033815	0.461445986556369	0.18045851508778	1.28390455711203	0.471622509635717	0.53104835784867	-0.334076361523409
THR211A	-0.161343193034866	0.540043881201566	-0.55260457722563	-0.0101102478729434	-0.205634958969747	0.390936873775481	-1.00104345349166	-0.690890651167975	-0.559374664915183	-0.215640558216621	-0.722095445123649	-0.654907929833538	-1.05485116194651	-0.904238646294043	-0.822543514857574	-0.590245587355589
GLN165A	0.327728360852071	0.0239428321714979	-0.171543127053454	-0.0101102478729434	-0.496290838392263	-0.541172530640778	-0.517952831657377	-0.097825224944138	-0.366794922246957	0.344639820721206	-0.227247501664354	-0.35942151483547	0.114526697582764	0.471622509635717	-0.220947126988133	0.17826209014095
GLN167A	-1.13948630080874	-0.49215821685857	-1.31472747756998	-0.72334227963695	-0.859389824540147	-0.749726058609545	-1.48413407532595	-1.28395607739181	-1.23340376425398	-0.962681063467057	-0.722095445123649	-0.654907929833538	-1.05485116194651	-0.904238646294043	-0.822543514857574	-0.590245587355589
GLY154A	-0.161343193034866	0.540043881201566	-0.171543127053454	0.524813775950062	-0.37172403292547	0.10114683149388	-0.0348622098230926	0.495240201279699	-0.0779253082446174	0.531399947033815	-0.500557679682018	-0.253058450446551	-0.470162232181871	-0.216308068329163	-0.822543514857574	-0.846414813187768
PRO153A	-1.13948630080874	-1.00825926588864	-1.18770699417926	-0.901650287577952	-0.859389824540147	-0.749726058609545	-1.48413407532595	-1.28395607739181	-1.23340376425398	-0.962681063467057	-0.722095445123649	-0.654907929833538	-1.05485116194651	-0.904238646294043	-0.822543514857574	-0.590245587355589
ILE162A	-0.161343193034866	-0.49215821685857	0.209518323118722	-0.901650287577952	1.88107989572928	0.136844933848671	-0.0348622098230926	-0.097825224944138	-0.366794922246957	-0.40240068452923	1.32231284683227	0.60121891085932	0.699215627347398	0.471622509635717	-0.220947126988133	-0.334076361523409
VAL173A	1.30587146862594	2.08834702829177	0.590579773290899	1.95127783947808	2.29276877053443	4.18163604165265	0.931319033845477	1.68137105372737	0.692393662428288	2.02548095753469	1.77381644487907	1.31359364283107	1.28390455711203	1.84748366556548	0.982245648750751	2.22761589679839
GLN144A	0.816799914739008	0.0239428321714979	0.717600256681624	-0.188418255813945	1.03208202300881	-0.180318512221481	-0.0348622098230926	-0.097825224944138	-0.46308479358107	-0.40240068452923	-0.159822964356031	-0.654907929833538	0.114526697582764	-0.904238646294043	0.230250163913949	-0.846414813187768
GLY112A	-0.161343193034866	0.540043881201566	0.209518323118722	0.703121783891064	0.462255146937309	1.12404308125951	-0.517952831657377	-0.097825224944138	-0.559374664915183	-0.40240068452923	1.09716305260627	2.6450625231759	-0.470162232181871	-0.216308068329163	-0.371346223955493	-0.334076361523409
ARG156A	0.327728360852071	-0.49215821685857	0.717600256681624	-0.366726263754947	-0.693300750584424	-0.638330637217685	0.448228412011192	-0.097825224944138	0.499813919760062	-0.215640558216621	-0.521025842793473	-0.49707874307814	0.114526697582764	0.471622509635717	0.380649260881309	0.946769767637488
VAL217A	0.816799914739008	1.5722459792617	1.22568219024453	2.12958584741908	0.653964344003223	1.50103199010884	0.448228412011192	1.08830562750354	0.596103791094175	1.09168032597164	2.56725876784666	3.59295657723869	2.4532824166413	3.22334482149524	2.63663571539172	3.76463125179146
THR125A	0.816799914739008	1.5722459792617	1.0986617068538	2.30789385536008	0.899564144852643	1.52715613390046	0.448228412011192	1.08830562750354	0.499813919760062	1.46520057859686	1.25127628073958	2.22968673298619	1.28390455711203	1.84748366556548	0.380649260881309	0.17826209014095
CYS124A	0.816799914739008	1.05614493023163	0.84462074007235	1.59466182359607	-0.508659173686838	-0.29147774906065	0.931319033845477	1.08830562750354	0.788683533762401	1.46520057859686	-0.244103635991434	-0.00564463764024608	1.28390455711203	1.84748366556548	0.53104835784867	0.946769767637488
CYS141A	1.30587146862594	1.05614493023163	1.22568219024453	0.524813775950062	-0.604955498480316	-0.603025454640057	0.448228412011192	0.495240201279699	0.981263276430627	0.718160073346424	-0.425909084804947	-0.538783555536976	0.114526697582764	-0.216308068329163	0.230250163913949	0.17826209014095
ALA161A	0.816799914739008	1.5722459792617	0.971641223463075	1.95127783947808	0.138911524236274	0.0606670398953687	0.448228412011192	1.08830562750354	0.596103791094175	2.2122410838473	0.0316145612158132	0.0315138534094541	0.699215627347398	1.1595530876006	0.53104835784867	1.20293899346967
LEU252A	0.327728360852071	0.540043881201566	-0.171543127053454	-0.188418255813945	-0.0757674383767087	0.383783881437167	0.448228412011192	0.495240201279699	-0.0779253082446174	-0.215640558216621	-0.525841881172639	-0.298921706246153	0.699215627347398	0.471622509635717	0.230250163913949	-0.0779071356912298
CYS238A	2.28401457639982	1.05614493023163	1.98780509058888	0.881429791832065	2.55957143188883	1.7346517764164	2.38059089934833	1.08830562750354	3.09964044578112	2.02548095753469	2.78879653328829	2.05186207429245	2.4532824166413	1.1595530876006	3.38863120022852	1.71527744513403
MET246A	1.79494302251288	0.540043881201566	1.35270267363525	1.05973779977307	1.12307763267604	1.03217441414328	1.89750027751405	1.08830562750354	2.04045186110587	1.46520057859686	-0.722095445123649	-0.654907929833538	0.699215627347398	-0.216308068329163	0.68144745481603	0.690600541805309
PRO142A	0.816799914739008	0.540043881201566	0.590579773290899	0.703121783891064	-0.544880727049522	-0.64519943597177	-0.0348622098230926	-0.097825224944138	-0.559374664915183	-0.0288804319040118	-0.488517583734103	-0.506810713277616	0.114526697582764	0.471622509635717	-0.0705480300207722	0.434431315973129
LEU264A	0.327728360852071	0.540043881201566	0.336538806509448	0.703121783891064	-0.654428839658616	-0.392112814942888	-0.517952831657377	-0.690890651167975	-0.751954407583409	-1.14944118977967	0.250744307467861	0.440457192423081	1.28390455711203	1.84748366556548	0.831846551783391	1.45910821930185
LEU265A	0.816799914739008	0.540043881201566	1.0986617068538	1.23804580771407	-0.280728423258239	0.20981809734948	0.448228412011192	0.495240201279699	0.499813919760062	0.531399947033815	0.558970763734478	0.910887766567689	1.86859348687667	1.84748366556548	1.13264474571811	0.946769767637488
ASP259A	0.327728360852071	0.540043881201566	-0.55260457722563	-0.545034271695949	-0.427381541751059	-0.640489305944137	-0.517952831657377	-0.690890651167975	-0.655664536249296	-0.775920937154448	-0.263367789508098	-0.654907929833538	-0.470162232181871	-0.904238646294043	-0.220947126988133	-0.846414813187768
GLY187A	-0.650414746921802	0.0239428321714979	-0.933666027397807	-0.545034271695949	-0.670330985037355	-0.702257901557568	-0.517952831657377	-0.097825224944138	-0.655664536249296	-0.40240068452923	-0.690791195659071	-0.622698599032975	-0.470162232181871	-0.216308068329163	-0.521745320922854	-0.334076361523409
LEU188A	-0.161343193034866	-0.49215821685857	-0.425584093834905	-0.0101102478729434	-0.650895029574452	-0.675348825965547	-0.0348622098230926	-0.097825224944138	-0.366794922246957	0.157879694408597	-0.437949180752861	-0.549527493235296	0.699215627347398	0.471622509635717	0.230250163913949	0.690600541805309
ALA189A	0.327728360852071	0.540043881201566	0.0824978397279969	0.524813775950062	0.440168833911282	0.320505053498225	-0.0348622098230926	-0.097825224944138	0.210944305757722	0.344639820721206	0.42171366992825	-0.149071821030995	0.114526697582764	-0.216308068329163	0.0798510669465883	-0.0779071356912298
ARG110A	-0.161343193034866	-0.49215821685857	-0.29856361044418	-1.07995829551895	-0.520144056460372	-0.646481078689116	0.448228412011192	-0.097825224944138	0.114654434423609	-0.589160810841839	-0.387380777771619	-0.654907929833538	-0.470162232181871	-0.904238646294043	-0.521745320922854	-0.846414813187768
GLY108A	1.79494302251288	2.08834702829177	1.22568219024453	0.881429791832065	-0.38762617830421	-0.0100820986780149	1.89750027751405	2.27443647995121	1.55900250443531	1.09168032597164	-0.722095445123649	-0.654907929833538	-1.05485116194651	-0.904238646294043	-0.822543514857574	-0.590245587355589
GLY226A	-1.13948630080874	-0.49215821685857	-1.44174796096071	-0.72334227963695	-0.366423317799224	0.110395449864569	-1.00104345349166	-0.690890651167975	-1.04082402158575	-0.775920937154448	-0.722095445123649	-0.654907929833538	-1.05485116194651	-0.904238646294043	-0.822543514857574	-0.590245587355589
SER227A	-0.650414746921802	-0.49215821685857	-1.18770699417926	-0.72334227963695	0.287331547771175	-0.139859333257573	-0.0348622098230926	-0.097825224944138	-0.46308479358107	-0.40240068452923	0.168871655022041	0.209173987437375	0.114526697582764	0.471622509635717	-0.220947126988133	-0.0779071356912298
ASN235A	-0.161343193034866	0.540043881201566	-0.171543127053454	-0.0101102478729434	-0.350521172420485	0.0411019445276085	-0.0348622098230926	0.495240201279699	-0.46308479358107	-0.40240068452923	-0.0285859185237605	0.465566673511813	0.699215627347398	1.1595530876006	-0.0705480300207722	-0.0779071356912298
LYS139A	-0.161343193034866	-1.52436031491871	-0.0445226436627286	-1.25826630345996	-0.393810345951497	-0.749726058609545	-0.0348622098230926	-1.28395607739181	-0.270505050912844	-1.14944118977967	-0.407848940883074	-0.654907929833538	-0.470162232181871	-0.904238646294043	-0.521745320922854	-0.846414813187768
ARG282A	1.79494302251288	1.05614493023163	1.0986617068538	0.524813775950062	2.76983313189661	2.12535103419695	1.41440965567976	1.08830562750354	0.884973405096514	0.718160073346424	1.61729519755618	0.04001532427756	0.114526697582764	-0.216308068329163	0.0798510669465883	0.17826209014095
PHE134A	-0.161343193034866	0.0239428321714979	0.336538806509448	0.34650576800906	-0.201217696364542	0.32688064068277	-0.0348622098230926	-0.097825224944138	0.0183645630894957	0.157879694408597	-0.722095445123649	-0.654907929833538	-0.470162232181871	-0.904238646294043	-0.371346223955493	-0.846414813187768
ARG158A	1.30587146862594	0.540043881201566	0.84462074007235	-0.188418255813945	0.517029203241856	0.883058038797076	0.931319033845477	1.08830562750354	0.210944305757722	0.157879694408597	0.790140605934441	1.00291464210969	1.86859348687667	0.471622509635717	1.88464023055491	0.946769767637488
GLU258A	-0.161343193034866	-1.00825926588864	0.717600256681624	-0.72334227963695	0.282030832644929	-0.549107821735313	0.448228412011192	-0.690890651167975	0.596103791094175	-0.40240068452923	0.406061545195961	-0.370664531150406	0.699215627347398	-0.216308068329163	0.831846551783391	-0.334076361523409
GLU271A	-0.161343193034866	-0.49215821685857	-0.0445226436627286	-1.07995829551895	0.934018793173246	0.0655143740073723	-0.0348622098230926	-0.097825224944138	-0.46308479358107	-0.589160810841839	1.74973625298325	0.500155113892686	0.699215627347398	0.471622509635717	0.0798510669465883	-0.334076361523409
LYS164A	-0.650414746921802	-1.00825926588864	-0.171543127053454	-1.07995829551895	0.663682321734675	0.0938714713614454	-0.0348622098230926	-0.690890651167975	-0.270505050912844	-0.775920937154448	0.401245506816795	0.540332506807186	0.114526697582764	-0.216308068329163	-0.0705480300207722	-0.334076361523409
MET169A	1.30587146862594	0.540043881201566	0.463559289900173	-0.188418255813945	0.42249978349046	0.469550129926341	0.448228412011192	-0.097825224944138	0.499813919760062	-0.589160810841839	0.0725508874387233	-0.654907929833538	0.699215627347398	-0.904238646294043	0.230250163913949	-0.846414813187768
ASN268A	0.327728360852071	0.0239428321714979	0.463559289900173	-0.0101102478729434	0.171599267514794	0.212130251942153	0.448228412011192	-0.097825224944138	0.499813919760062	-0.40240068452923	0.460241976961578	0.707885956783201	0.699215627347398	0.471622509635717	0.380649260881309	-0.590245587355589
PHE109A	1.79494302251288	-0.49215821685857	2.49588702415178	0.34650576800906	1.92525252178134	0.623693769437831	2.38059089934833	-0.097825224944138	2.61819108911055	0.344639820721206	1.35963714427081	0.421786599176161	1.28390455711203	-0.216308068329163	0.982245648750751	-0.590245587355589
MET237A	0.816799914739008	0.0239428321714979	0.84462074007235	-0.0101102478729434	-0.557249062344097	-0.582303912477998	0.931319033845477	0.495240201279699	1.07755314776474	0.718160073346424	-0.475273478191397	-0.538838090493145	1.86859348687667	0.471622509635717	2.63663571539172	0.17826209014095
PRO152A	-0.161343193034866	-0.49215821685857	-0.171543127053454	-0.545034271695949	-0.14202637745479	0.217366712037885	-0.0348622098230926	-0.097825224944138	0.210944305757722	-0.215640558216621	-0.447581257511193	-0.26747888414395	-0.470162232181871	-0.216308068329163	-0.822543514857574	-0.590245587355589
ILE255A	1.79494302251288	0.540043881201566	2.1148255739796	0.881429791832065	1.36602707596233	0.818018749140652	0.931319033845477	-0.097825224944138	1.36642276176708	-0.215640558216621	1.90625750030614	1.09848146662467	1.28390455711203	-0.216308068329163	1.73424113358755	-0.0779071356912298
TYR234A	0.816799914739008	0.0239428321714979	1.73376412380743	0.524813775950062	2.06307111506375	-0.486011086227514	0.448228412011192	-0.097825224944138	0.692393662428288	-0.215640558216621	3.26076829444654	-0.281266723523421	1.86859348687667	1.1595530876006	2.78703481235908	1.45910821930185
VAL216A	1.30587146862594	2.08834702829177	0.971641223463075	1.77296983153707	0.677817562071332	1.89614951360518	0.931319033845477	1.68137105372737	1.27013289043297	2.02548095753469	0.16766764542725	-0.140090573228649	0.699215627347398	1.1595530876006	1.73424113358755	3.2522928001271
GLY262A	0.327728360852071	1.05614493023163	-0.55260457722563	0.34650576800906	-0.439749877045634	-0.0175437709299676	-0.0348622098230926	0.495240201279699	-0.46308479358107	-0.40240068452923	-0.722095445123649	-0.654907929833538	-1.05485116194651	-0.904238646294043	-0.822543514857574	-0.590245587355589
ASN239A	-0.161343193034866	-1.00825926588864	0.590579773290899	-0.72334227963695	-0.455652022424373	-0.721474211975546	-0.0348622098230926	-0.690890651167975	0.499813919760062	-0.589160810841839	-0.274203875861221	-0.614879660063841	0.114526697582764	-0.216308068329163	0.230250163913949	-0.0779071356912298
VAL274A	2.77308613028676	3.12054912635191	2.1148255739796	3.37774190300609	3.75134888277325	6.1930803205225	2.38059089934833	2.86750190617505	2.71448096044466	2.58576133647251	2.69849581367893	3.98845130425162	1.86859348687667	1.84748366556548	1.13264474571811	0.434431315973129
PRO98A	-0.650414746921802	0.0239428321714979	-0.171543127053454	-0.0101102478729434	-0.18354864594372	-0.160126637478096	-0.517952831657377	-0.097825224944138	-0.174215179578731	0.157879694408597	1.05743073597815	1.18233138187249	0.114526697582764	0.471622509635717	-0.0705480300207722	0.17826209014095
VAL97A	0.327728360852071	0.540043881201566	-0.0445226436627286	0.168197760068058	-0.111105539218352	0.453937750881564	0.448228412011192	0.495240201279699	0.114654434423609	-0.589160810841839	0.931009728525044	1.34180254685095	0.114526697582764	0.471622509635717	-0.220947126988133	-0.334076361523409
ASP207A	-0.650414746921802	-0.49215821685857	-0.55260457722563	-0.188418255813945	-0.694184203105465	-0.697271677233613	-0.517952831657377	-0.690890651167975	-0.366794922246957	-0.215640558216621	-0.495741641302852	-0.580119412243961	0.699215627347398	0.471622509635717	-0.220947126988133	-0.334076361523409
LEU206A	-0.650414746921802	-0.49215821685857	-0.425584093834905	-0.545034271695949	-0.694184203105465	-0.740477440238856	-0.517952831657377	-0.690890651167975	-0.366794922246957	-0.40240068452923	-0.720891435528857	-0.6531931594018	-0.470162232181871	-0.216308068329163	-0.521745320922854	-0.334076361523409
PRO219A	-1.13948630080874	-0.49215821685857	-0.933666027397807	-0.0101102478729434	-0.566967040075549	-0.480798555010896	-1.00104345349166	-0.690890651167975	-1.13711389291986	-0.775920937154448	0.272416480174108	0.50343930957994	0.114526697582764	0.471622509635717	0.230250163913949	1.20293899346967
VAL218A	1.30587146862594	2.08834702829177	1.22568219024453	2.12958584741908	0.49582634273687	0.690318144245001	0.931319033845477	1.68137105372737	1.36642276176708	2.77252146278512	2.11455116020506	2.39220124903649	2.4532824166413	3.22334482149524	3.0878330062938	5.30164660678454
GLN100A	-0.161343193034866	-0.49215821685857	-0.29856361044418	-0.545034271695949	-0.164112690480817	-0.316304064743279	-0.0348622098230926	-0.097825224944138	-0.46308479358107	-0.215640558216621	-0.287447981403927	-0.371996904290256	-0.470162232181871	-0.216308068329163	-0.521745320922854	-0.334076361523409
ILE254A	0.327728360852071	-0.49215821685857	0.717600256681624	-0.72334227963695	0.321786196091777	0.781384096391277	-0.517952831657377	-0.097825224944138	-0.751954407583409	-0.40240068452923	0.88766538311255	1.51442603001241	-0.470162232181871	-0.216308068329163	-0.521745320922854	-0.334076361523409
ILE232A	0.816799914739008	0.540043881201566	1.6067436404167	1.59466182359607	-0.605838951001357	-0.545021318859663	0.448228412011192	0.495240201279699	1.17384301909885	1.65196070490947	-0.454805315079942	-0.364874621498118	1.28390455711203	1.84748366556548	1.88464023055491	3.2522928001271
ASN200A	0.327728360852071	-1.00825926588864	0.0824978397279969	-0.188418255813945	-0.23213853460098	-0.355787997375806	-0.0348622098230926	-0.690890651167975	0.114654434423609	-0.215640558216621	-0.112866590159164	-0.0967617954623223	0.114526697582764	-0.216308068329163	1.13264474571811	0.690600541805309
VAL197A	2.77308613028676	2.60444807732184	2.1148255739796	2.84281787918308	1.54713484277575	1.89075448622228	2.86368152118262	2.86750190617505	2.32932147510821	2.39900121015991	2.60939910366436	3.18013384083792	3.62266027617057	3.22334482149524	3.8398284911306	3.76463125179146
VAL272A	1.30587146862594	2.08834702829177	1.86078460719815	1.95127783947808	-0.60848930856448	-0.404402839011712	-0.0348622098230926	0.495240201279699	0.307234177091835	0.531399947033815	1.44632583509579	3.17285242950684	1.28390455711203	1.84748366556548	0.982245648750751	0.434431315973129
GLN136A	0.816799914739008	0.0239428321714979	0.84462074007235	-0.545034271695949	1.37221124360962	-0.123312762801185	1.41440965567976	0.495240201279699	1.55900250443531	-0.775920937154448	0.752816308495906	-0.10371275707969	0.699215627347398	0.471622509635717	0.0798510669465883	-0.590245587355589
ASP148A	-0.161343193034866	-0.49215821685857	-0.29856361044418	-0.188418255813945	-0.708319443442122	-0.679001764810965	-0.517952831657377	-0.097825224944138	-0.270505050912844	0.344639820721206	-0.722095445123649	-0.654907929833538	-1.05485116194651	-0.904238646294043	-0.822543514857574	-0.590245587355589
SER149A	-0.650414746921802	-1.00825926588864	-0.425584093834905	-0.901650287577952	-0.717153968652533	-0.749726058609545	-1.00104345349166	-1.28395607739181	-0.751954407583409	-1.14944118977967	-0.528249900362222	-0.654907929833538	-0.470162232181871	-0.904238646294043	-0.822543514857574	-0.846414813187768
LEU130A	0.327728360852071	0.540043881201566	-0.55260457722563	-0.0101102478729434	-0.58375263797533	-0.506762922700559	0.448228412011192	1.08830562750354	0.0183645630894957	0.531399947033815	-0.722095445123649	-0.654907929833538	-1.05485116194651	-0.904238646294043	-0.822543514857574	-0.590245587355589
SER127A	-0.161343193034866	-0.49215821685857	-0.29856361044418	-0.545034271695949	-0.498941195955386	-0.50878672228556	0.448228412011192	-0.097825224944138	0.210944305757722	-0.215640558216621	-0.722095445123649	-0.654907929833538	-1.05485116194651	-0.904238646294043	-0.822543514857574	-0.590245587355589
LEU114A	-0.650414746921802	-0.49215821685857	-0.425584093834905	-0.366726263754947	-0.530745486712865	-0.418026181429803	-0.517952831657377	-0.097825224944138	-0.751954407583409	-0.40240068452923	-0.48610956454452	-0.379316021383614	0.114526697582764	-0.216308068329163	-0.521745320922854	-0.334076361523409
THR256A	0.327728360852071	0.540043881201566	1.0986617068538	1.05973779977307	-0.121706969470845	0.292284944488127	-0.0348622098230926	-0.097825224944138	-0.174215179578731	-0.0288804319040118	-0.710055349175734	-0.63306828421468	-0.470162232181871	-0.216308068329163	-0.220947126988133	-0.334076361523409
VAL172A	-0.650414746921802	0.0239428321714979	-0.171543127053454	0.524813775950062	0.233440943987669	0.842715590465874	-0.517952831657377	-0.097825224944138	-0.46308479358107	-0.215640558216621	0.784120557960484	1.09850118242535	-0.470162232181871	-0.216308068329163	-0.371346223955493	0.17826209014095
TYR236A	1.30587146862594	-0.49215821685857	1.86078460719815	0.34650576800906	2.17085232263076	0.386234410365899	1.89750027751405	-0.097825224944138	2.13674173243999	-0.0288804319040118	1.57997090011765	0.929143915482278	0.699215627347398	-0.216308068329163	0.380649260881309	-0.334076361523409
GLU204A	-0.161343193034866	-1.00825926588864	0.0824978397279969	-1.07995829551895	-0.693300750584424	-0.749225590758061	0.448228412011192	-0.690890651167975	0.403524048425948	-0.775920937154448	-0.495741641302852	-0.654198848320043	0.699215627347398	-0.216308068329163	0.982245648750751	-0.334076361523409
ALA276A	-0.161343193034866	-0.49215821685857	-0.171543127053454	-0.366726263754947	-0.688000035458177	-0.749726058609545	-0.517952831657377	-1.28395607739181	-0.0779253082446174	-1.14944118977967	-0.569186226585132	-0.654907929833538	-0.470162232181871	-0.904238646294043	-0.521745320922854	-0.846414813187768
SER106A	-1.13948630080874	-1.00825926588864	-0.933666027397807	-1.07995829551895	-0.744540996804806	-0.749726058609545	-1.00104345349166	-1.28395607739181	-0.848244278917523	-1.14944118977967	-0.722095445123649	-0.654907929833538	-1.05485116194651	-0.904238646294043	-0.822543514857574	-0.590245587355589
TYR107A	-0.161343193034866	-1.00825926588864	-0.0445226436627286	-1.07995829551895	-0.656195744700698	-0.671724953369072	-0.517952831657377	-0.690890651167975	-0.559374664915183	-0.775920937154448	-0.447581257511193	-0.544393055413164	-0.470162232181871	-0.216308068329163	-0.822543514857574	-0.590245587355589
TYR103A	-0.161343193034866	-1.52436031491871	-0.171543127053454	-1.25826630345996	-0.00509123669342234	-0.749726058609545	-0.0348622098230926	-1.28395607739181	-0.270505050912844	-1.14944118977967	0.0352265900001876	-0.654907929833538	0.114526697582764	-0.904238646294043	-0.220947126988133	-0.846414813187768
ALA159A	0.327728360852071	1.05614493023163	0.971641223463075	1.23804580771407	-0.394693798472539	-0.336083729256922	-0.0348622098230926	0.495240201279699	0.0183645630894957	0.531399947033815	-0.112866590159164	0.355326560547087	1.28390455711203	1.84748366556548	1.28304384268547	1.45910821930185
CYS275A	0.816799914739008	1.05614493023163	0.590579773290899	1.05973779977307	-0.654428839658616	-0.504173668725029	0.448228412011192	0.495240201279699	0.788683533762401	1.65196070490947	-0.617346610376791	-0.569983887435938	-0.470162232181871	-0.216308068329163	-0.220947126988133	0.17826209014095
PRO190A	-0.161343193034866	0.0239428321714979	0.0824978397279969	0.34650576800906	-0.0103919518196688	0.731594317095874	-1.00104345349166	-0.690890651167975	-0.655664536249296	-0.589160810841839	-0.722095445123649	-0.654907929833538	-1.05485116194651	-0.904238646294043	-0.822543514857574	-0.590245587355589
PRO151A	0.816799914739008	0.540043881201566	0.336538806509448	-0.0101102478729434	0.859808781405795	1.06833452991605	1.41440965567976	1.08830562750354	1.17384301909885	0.531399947033815	-0.528249900362222	-0.303289635369924	-0.470162232181871	-0.216308068329163	-0.822543514857574	-0.846414813187768
TYR220A	0.816799914739008	-0.49215821685857	1.22568219024453	-0.188418255813945	1.19022002427516	-0.629812033233305	1.41440965567976	-0.097825224944138	2.13674173243999	0.157879694408597	-0.722095445123649	-0.654907929833538	0.114526697582764	-0.216308068329163	-0.371346223955493	-0.590245587355589
LEU194A	1.30587146862594	2.08834702829177	1.98780509058888	3.02112588712409	-0.385859273262128	-0.0969277452783849	1.89750027751405	2.86750190617505	2.42561134644232	3.33280184172295	-0.104438522995623	0.244885469663411	2.4532824166413	3.22334482149524	2.63663571539172	2.48378512263056
HIS193A	0.816799914739008	1.5722459792617	0.209518323118722	0.524813775950062	0.270545949871395	1.07899930986165	0.931319033845477	1.68137105372737	0.499813919760062	0.904920199659033	-0.513801785224724	-0.351401384086723	-0.470162232181871	-0.216308068329163	-0.521745320922854	-0.334076361523409
ASN131A	-1.13948630080874	-0.49215821685857	-0.679625060616356	-0.901650287577952	1.74149439740479	3.10242088409802	-0.517952831657377	-0.097825224944138	-0.366794922246957	-0.589160810841839	1.10559111976981	2.6603502751091	-0.470162232181871	-0.216308068329163	-0.220947126988133	-0.590245587355589
PHE270A	1.30587146862594	-0.49215821685857	1.22568219024453	0.34650576800906	4.38125053027554	0.678660206634845	1.41440965567976	-0.097825224944138	0.981263276430627	0.157879694408597	5.57607874523055	-0.261794308694094	1.86859348687667	-0.216308068329163	1.73424113358755	0.434431315973129
GLY244A	-1.13948630080874	-0.49215821685857	-1.31472747756998	-0.545034271695949	-0.528978581670783	-0.470991917545857	-1.00104345349166	-0.690890651167975	-1.04082402158575	-0.589160810841839	-0.722095445123649	-0.654907929833538	-1.05485116194651	-0.904238646294043	-0.822543514857574	-0.590245587355589
GLY245A	0.327728360852071	1.05614493023163	0.336538806509448	1.05973779977307	0.363308464580708	0.801995519525711	-0.0348622098230926	0.495240201279699	0.0183645630894957	0.904920199659033	-0.722095445123649	-0.654907929833538	-1.05485116194651	-0.904238646294043	-0.822543514857574	-0.590245587355589
THR253A	0.327728360852071	1.05614493023163	1.22568219024453	1.05973779977307	1.95794026505986	1.68938827862149	-0.0348622098230926	0.495240201279699	0.210944305757722	0.157879694408597	1.38973738414059	1.29760836818918	0.114526697582764	0.471622509635717	0.0798510669465883	0.434431315973129
ARG283A	-1.13948630080874	-1.00825926588864	-0.679625060616356	-0.72334227963695	-0.748074806888971	-0.641237532103496	-1.00104345349166	-0.690890651167975	-0.848244278917523	-0.40240068452923	-0.570390236179923	-0.501197340145042	-0.470162232181871	-0.216308068329163	-0.521745320922854	-0.0779071356912298
GLU221A	-0.650414746921802	-0.49215821685857	-1.18770699417926	-0.901650287577952	-0.519260603939331	-0.621016119617451	-0.517952831657377	-0.690890651167975	-0.848244278917523	-0.775920937154448	0.164055616642875	-0.357892525859493	0.699215627347398	0.471622509635717	-0.0705480300207722	-0.0779071356912298
ALA138A	-0.650414746921802	0.0239428321714979	-0.425584093834905	-0.366726263754947	-0.639410146800918	-0.451408757610237	-0.517952831657377	-0.097825224944138	-0.559374664915183	-0.589160810841839	-0.722095445123649	-0.654907929833538	-1.05485116194651	-0.904238646294043	-0.822543514857574	-0.590245587355589
LEU137A	0.327728360852071	0.540043881201566	0.463559289900173	-0.0101102478729434	-0.277194613174075	-0.327878477869994	0.448228412011192	0.495240201279699	0.981263276430627	0.531399947033815	-0.293468029377885	-0.057218547532581	0.699215627347398	1.1595530876006	0.982245648750751	1.20293899346967
GLU198A	-0.161343193034866	-0.49215821685857	-0.0445226436627286	-0.366726263754947	-0.253341395105966	-0.499076065548589	-0.0348622098230926	-0.097825224944138	0.114654434423609	-0.215640558216621	0.103855136903302	-0.299777673394222	0.699215627347398	0.471622509635717	0.982245648750751	0.17826209014095
THR140A	0.327728360852071	0.0239428321714979	0.0824978397279969	-0.188418255813945	-0.45300166486125	-0.419626039349094	-0.0348622098230926	-0.097825224944138	-0.559374664915183	-0.589160810841839	-0.422297056020572	-0.514379013822714	0.114526697582764	-0.216308068329163	-0.0705480300207722	-0.334076361523409
SER260A	-0.650414746921802	-1.00825926588864	-0.806645544007081	-1.25826630345996	-0.696834560668588	-0.749726058609545	-1.00104345349166	-1.28395607739181	-1.04082402158575	-1.14944118977967	-0.500557679682018	-0.654907929833538	-0.470162232181871	-0.904238646294043	-0.822543514857574	-0.846414813187768
HIS168A	-1.13948630080874	-0.49215821685857	-0.679625060616356	-0.188418255813945	-0.693300750584424	-0.547942528451539	-1.00104345349166	-0.690890651167975	-0.655664536249296	-0.215640558216621	-0.495741641302852	-0.369013500174343	-0.470162232181871	-0.216308068329163	-0.371346223955493	-0.0779071356912298
PHE113A	0.327728360852071	-0.49215821685857	-0.0445226436627286	-0.72334227963695	0.986142491914669	1.77822962937889	0.448228412011192	-0.097825224944138	0.210944305757722	-0.589160810841839	3.38598529230486	2.92679395165917	1.28390455711203	0.471622509635717	0.831846551783391	-0.590245587355589
SER261A	-0.161343193034866	-1.52436031491871	-0.806645544007081	-1.25826630345996	-0.859389824540147	-0.749726058609545	-1.00104345349166	-1.28395607739181	-1.04082402158575	-1.14944118977967	-0.722095445123649	-0.654907929833538	-1.05485116194651	-0.904238646294043	-0.822543514857574	-0.590245587355589
ILE195A	-0.161343193034866	0.0239428321714979	0.590579773290899	0.34650576800906	0.271429402392436	0.0627062946519073	0.448228412011192	0.495240201279699	0.596103791094175	0.344639820721206	-0.502965698871601	-0.257426379570322	-0.470162232181871	-0.216308068329163	-0.521745320922854	-0.590245587355589
LEU257A	0.816799914739008	1.05614493023163	1.6067436404167	1.23804580771407	1.2856328965476	0.978132953925723	1.41440965567976	1.68137105372737	2.42561134644232	2.58576133647251	1.46197795982808	1.28882053024482	0.114526697582764	-0.216308068329163	0.230250163913949	-0.590245587355589
LEU145A	0.816799914739008	1.5722459792617	1.47972315702598	2.12958584741908	-0.0846019635871195	-0.0622454263882997	0.931319033845477	1.68137105372737	1.65529237576942	2.2122410838473	0.00753436931998372	0.00683333241785915	0.699215627347398	1.1595530876006	0.68144745481603	1.45910821930185
SER185A	-0.161343193034866	-0.49215821685857	-0.55260457722563	-0.545034271695949	-0.693300750584424	-0.484670913131681	0.448228412011192	-0.097825224944138	0.114654434423609	-0.40240068452923	-0.722095445123649	-0.654907929833538	-1.05485116194651	-0.904238646294043	-0.822543514857574	-0.590245587355589
HIS214A	0.327728360852071	1.05614493023163	0.463559289900173	1.23804580771407	-0.435332614440428	-0.454381368743445	0.931319033845477	1.68137105372737	0.596103791094175	1.65196070490947	-0.51018975644035	-0.364417619764593	0.699215627347398	1.1595530876006	0.53104835784867	0.690600541805309
ASP186A	-0.161343193034866	0.0239428321714979	-0.679625060616356	-0.0101102478729434	-0.150860902665201	0.486505930272605	-0.0348622098230926	-0.097825224944138	-0.366794922246957	-0.40240068452923	0.243520249899112	1.09663164879887	0.114526697582764	0.471622509635717	-0.220947126988133	-0.0779071356912298
ASN263A	-0.650414746921802	-0.49215821685857	-0.933666027397807	-0.72334227963695	-0.65796264974278	-0.692487680602544	-0.0348622098230926	-0.097825224944138	-0.751954407583409	-0.962681063467057	-0.722095445123649	-0.654907929833538	-1.05485116194651	-0.904238646294043	-0.822543514857574	-0.590245587355589
THR123A	-0.161343193034866	0.0239428321714979	0.336538806509448	0.703121783891064	-0.596120973269905	-0.563802374192353	-0.0348622098230926	-0.097825224944138	0.403524048425948	0.157879694408597	-0.36330058587579	-0.391484321003983	0.114526697582764	-0.216308068329163	0.0798510669465883	-0.334076361523409
PRO278A	1.79494302251288	1.5722459792617	0.971641223463075	1.59466182359607	0.987909396956752	1.40057771257574	1.89750027751405	1.68137105372737	1.46271263310119	0.718160073346424	1.33916898115935	1.65135864751787	1.28390455711203	1.1595530876006	0.68144745481603	-0.0779071356912298
LYS132A	-0.650414746921802	-0.49215821685857	-0.55260457722563	-0.72334227963695	0.265245234745148	0.688521579593068	-0.517952831657377	-0.097825224944138	-0.655664536249296	-0.215640558216621	0.327800921534516	0.679136805700857	-0.470162232181871	-0.216308068329163	-0.521745320922854	-0.334076361523409
MET133A	0.327728360852071	1.05614493023163	0.84462074007235	1.41635381565507	-0.242739964853473	-0.0552440910460679	0.931319033845477	1.68137105372737	0.884973405096514	1.65196070490947	0.118303252040799	0.329060017747134	1.28390455711203	1.84748366556548	1.28304384268547	2.22761589679839
GLY105A	0.816799914739008	1.5722459792617	0.209518323118722	0.881429791832065	-0.384092368220046	0.0795667219622712	0.931319033845477	1.68137105372737	0.307234177091835	0.718160073346424	-0.244103635991434	0.212126001235124	-0.470162232181871	-0.216308068329163	-0.672144417890214	-0.846414813187768
VAL157A	2.28401457639982	2.08834702829177	2.1148255739796	2.12958584741908	2.54720309659426	2.7727624050284	1.89750027751405	1.68137105372737	2.04045186110587	2.02548095753469	2.27709245550191	1.52184673448105	1.86859348687667	1.84748366556548	2.335837521457	1.71527744513403
LEU111A	1.30587146862594	1.5722459792617	1.73376412380743	1.59466182359607	1.7158742742946	2.92505830734438	1.41440965567976	2.27443647995121	1.75158224710353	2.02548095753469	1.52097442997287	3.40289822615028	1.28390455711203	1.84748366556548	1.58384203662019	1.45910821930185
VAL143A	0.816799914739008	1.5722459792617	1.0986617068538	1.41635381565507	0.570919807025362	1.27726280096655	0.448228412011192	1.08830562750354	0.692393662428288	1.65196070490947	1.22719608884375	2.21700546904629	1.86859348687667	2.53541424353036	2.03503932752227	2.22761589679839
GLU285A	0.327728360852071	0.0239428321714979	0.209518323118722	-0.366726263754947	0.444586096516487	-0.389463485597525	0.448228412011192	0.495240201279699	-0.0779253082446174	0.157879694408597	-0.722095445123649	-0.654907929833538	-1.05485116194651	-0.904238646294043	-0.822543514857574	-0.590245587355589
THR284A	-0.650414746921802	-0.49215821685857	-0.933666027397807	-0.366726263754947	-0.859389824540147	-0.749726058609545	-1.48413407532595	-1.28395607739181	-1.23340376425398	-0.962681063467057	-0.722095445123649	-0.654907929833538	-1.05485116194651	-0.904238646294043	-0.822543514857574	-0.590245587355589
ALA129A	-0.650414746921802	0.0239428321714979	-0.933666027397807	-0.0101102478729434	-0.857622919498064	-0.74818462221443	-1.00104345349166	-0.690890651167975	-1.04082402158575	-0.589160810841839	-0.722095445123649	-0.654907929833538	-1.05485116194651	-0.904238646294043	-0.822543514857574	-0.590245587355589
GLU286A	-0.161343193034866	-0.49215821685857	-0.29856361044418	-0.366726263754947	-0.689766940500259	-0.746534629986208	-0.0348622098230926	-0.690890651167975	-0.270505050912844	-0.775920937154448	-0.722095445123649	-0.654907929833538	-1.05485116194651	-0.904238646294043	-0.822543514857574	-0.590245587355589
LEU289A	-0.650414746921802	0.0239428321714979	-0.933666027397807	-0.188418255813945	-0.691533845542341	-0.458394579932829	-0.0348622098230926	0.495240201279699	-0.559374664915183	-0.0288804319040118	-0.722095445123649	-0.654907929833538	-1.05485116194651	-0.904238646294043	-0.822543514857574	-0.590245587355589
CYS135A	1.30587146862594	0.540043881201566	1.6067436404167	0.881429791832065	-0.693300750584424	-0.694234348385409	1.89750027751405	1.08830562750354	2.52190121777644	0.904920199659033	-0.539085986715345	-0.654907929833538	0.114526697582764	-0.904238646294043	0.230250163913949	-0.846414813187768
VAL147A	0.816799914739008	1.05614493023163	0.971641223463075	0.168197760068058	-0.255108300148048	0.304616435649047	0.448228412011192	0.495240201279699	1.17384301909885	-0.0288804319040118	-0.722095445123649	-0.654907929833538	-0.470162232181871	-0.216308068329163	-0.672144417890214	-0.590245587355589
SER240A	-0.650414746921802	-0.49215821685857	0.336538806509448	0.703121783891064	0.335037983907393	0.387854000985251	-0.0348622098230926	-0.097825224944138	0.499813919760062	0.718160073346424	0.166463635832458	0.956857916838182	0.114526697582764	0.471622509635717	0.230250163913949	0.17826209014095
ARG209A	-1.13948630080874	-1.52436031491871	-1.44174796096071	-1.25826630345996	-0.859389824540147	-0.749726058609545	-1.48413407532595	-1.28395607739181	-1.23340376425398	-0.962681063467057	-0.722095445123649	-0.654907929833538	-1.05485116194651	-0.904238646294043	-0.822543514857574	-0.590245587355589
ASN210A	-0.650414746921802	-1.00825926588864	-1.18770699417926	-1.25826630345996	-0.859389824540147	-0.749726058609545	-1.48413407532595	-1.28395607739181	-1.23340376425398	-0.962681063467057	-0.722095445123649	-0.654907929833538	-1.05485116194651	-0.904238646294043	-0.822543514857574	-0.590245587355589
SER166A	-1.13948630080874	-1.00825926588864	-1.06068651078853	-1.07995829551895	-0.859389824540147	-0.749726058609545	-1.48413407532595	-1.28395607739181	-1.23340376425398	-0.962681063467057	-0.722095445123649	-0.654907929833538	-1.05485116194651	-0.904238646294043	-0.822543514857574	-0.590245587355589
ALA119A	-0.650414746921802	-0.49215821685857	-0.933666027397807	-0.545034271695949	-0.534279296797029	-0.182477465207262	-1.00104345349166	-0.690890651167975	-0.848244278917523	-0.40240068452923	-0.722095445123649	-0.654907929833538	-1.05485116194651	-0.904238646294043	-0.822543514857574	-0.590245587355589
LYS120A	-1.62855785469568	-1.52436031491871	-1.56876844435143	-1.25826630345996	-0.859389824540147	-0.749726058609545	-1.48413407532595	-1.28395607739181	-1.23340376425398	-0.962681063467057	-0.722095445123649	-0.654907929833538	-1.05485116194651	-0.904238646294043	-0.822543514857574	-0.590245587355589
HIS233A	-0.650414746921802	-0.49215821685857	-0.171543127053454	-0.366726263754947	-0.672981342600479	-0.655398062313837	-0.517952831657377	-0.690890651167975	-0.174215179578731	-0.775920937154448	-0.722095445123649	-0.654907929833538	-1.05485116194651	-0.904238646294043	-0.822543514857574	-0.590245587355589
CYS277A	0.327728360852071	-0.49215821685857	-0.171543127053454	-0.901650287577952	-0.539580011923276	-0.730789099086583	-0.0348622098230926	-0.690890651167975	-0.270505050912844	-0.962681063467057	-0.722095445123649	-0.654907929833538	-1.05485116194651	-0.904238646294043	-0.822543514857574	-0.590245587355589
GLN104A	-0.650414746921802	-1.00825926588864	-0.29856361044418	-1.07995829551895	-0.769277667393956	-0.693775799732813	-0.517952831657377	-0.690890651167975	-0.270505050912844	-0.775920937154448	-0.722095445123649	-0.654907929833538	-1.05485116194651	-0.904238646294043	-0.822543514857574	-0.590245587355589
VAL122A	0.816799914739008	0.540043881201566	-0.171543127053454	0.524813775950062	-0.634992884195712	-0.510406970147109	-0.0348622098230926	0.495240201279699	-0.751954407583409	-0.215640558216621	-0.416277008046615	-0.315831721537695	-0.470162232181871	-0.216308068329163	-0.672144417890214	-0.334076361523409
PRO223A	-0.161343193034866	0.540043881201566	-0.806645544007081	-0.0101102478729434	-0.489223218223934	-0.103864209056402	-0.0348622098230926	0.495240201279699	-0.270505050912844	-0.0288804319040118	-0.301896096541425	0.107295702264606	-0.470162232181871	-0.216308068329163	-0.672144417890214	-0.590245587355589
SER121A	-1.62855785469568	-1.00825926588864	-1.18770699417926	-0.545034271695949	-0.859389824540147	-0.749726058609545	-1.48413407532595	-1.28395607739181	-1.23340376425398	-0.962681063467057	-0.722095445123649	-0.654907929833538	-1.05485116194651	-0.904238646294043	-0.822543514857574	-0.590245587355589
ARG280A	-0.161343193034866	-0.49215821685857	-0.171543127053454	-0.545034271695949	-0.779879097646449	-0.629933742572167	-1.00104345349166	-0.690890651167975	-1.04082402158575	-0.962681063467057	-0.722095445123649	-0.654907929833538	-1.05485116194651	-0.904238646294043	-0.822543514857574	-0.590245587355589
PHE212A	-1.13948630080874	-1.52436031491871	-1.31472747756998	-1.25826630345996	-0.693300750584424	-0.749726058609545	-1.00104345349166	-1.28395607739181	-1.13711389291986	-1.14944118977967	-0.722095445123649	-0.654907929833538	-1.05485116194651	-0.904238646294043	-0.822543514857574	-0.590245587355589
THR155A	1.79494302251288	2.08834702829177	1.35270267363525	1.41635381565507	0.407481090632762	0.605287719084988	2.38059089934833	2.86750190617505	2.13674173243999	2.39900121015991	-0.619754629566374	-0.540249790334533	0.114526697582764	0.471622509635717	0.230250163913949	0.434431315973129
THR150A	-1.13948630080874	-0.49215821685857	-0.933666027397807	-0.545034271695949	-0.37172403292547	-0.412540553321785	-0.517952831657377	-0.097825224944138	-0.655664536249296	-0.215640558216621	-0.722095445123649	-0.654907929833538	-1.05485116194651	-0.904238646294043	-0.822543514857574	-0.590245587355589
PRO177A	-1.13948630080874	-0.49215821685857	-1.06068651078853	-0.545034271695949	-0.693300750584424	-0.531308791109644	-1.00104345349166	-0.690890651167975	-0.751954407583409	-0.215640558216621	-0.495741641302852	-0.345446200867317	-0.470162232181871	-0.216308068329163	-0.521745320922854	-0.0779071356912298
LYS101A	-1.13948630080874	-1.52436031491871	-0.933666027397807	-1.25826630345996	-0.704785633357958	-0.749726058609545	-1.00104345349166	-1.28395607739181	-1.04082402158575	-1.14944118977967	-0.722095445123649	-0.654907929833538	-1.05485116194651	-0.904238646294043	-0.822543514857574	-0.590245587355589
SER99A	-0.650414746921802	0.0239428321714979	-0.679625060616356	-0.545034271695949	-0.624391453943219	-0.658291385758333	-1.00104345349166	-0.690890651167975	-1.04082402158575	-0.775920937154448	-0.722095445123649	-0.654907929833538	-1.05485116194651	-0.904238646294043	-0.822543514857574	-0.590245587355589
PRO222A	-0.650414746921802	-0.49215821685857	-1.18770699417926	-0.901650287577952	-0.688000035458177	-0.6002067282834	-1.00104345349166	-0.690890651167975	-1.13711389291986	-0.775920937154448	0.120711271230382	-0.00299073166820286	0.114526697582764	-0.216308068329163	-0.371346223955493	-0.334076361523409
GLY117A	-0.161343193034866	0.540043881201566	-0.171543127053454	0.524813775950062	-0.530745486712865	-0.43266590397959	-0.0348622098230926	0.495240201279699	-0.174215179578731	0.904920199659033	-0.722095445123649	-0.654907929833538	-1.05485116194651	-0.904238646294043	-0.822543514857574	-0.590245587355589
SER116A	-0.650414746921802	-1.00825926588864	-0.55260457722563	-0.901650287577952	-0.859389824540147	-0.749726058609545	-1.00104345349166	-1.28395607739181	-1.04082402158575	-1.14944118977967	-0.719687425934066	-0.650540000709766	-0.470162232181871	-0.216308068329163	-0.672144417890214	-0.590245587355589
GLU180A	-1.62855785469568	-1.00825926588864	-1.44174796096071	-1.07995829551895	-0.693300750584424	-0.54966437659309	-1.00104345349166	-0.690890651167975	-1.04082402158575	-0.775920937154448	-0.495741641302852	-0.371453078825797	-0.470162232181871	-0.216308068329163	-0.672144417890214	-0.334076361523409
SER215A	-0.161343193034866	-1.00825926588864	0.209518323118722	-0.72334227963695	0.0841374679317267	-0.296810163185589	-0.0348622098230926	-0.690890651167975	0.0183645630894957	-0.40240068452923	-0.722095445123649	-0.654907929833538	-1.05485116194651	-0.904238646294043	-0.822543514857574	-0.590245587355589
CYS182A	-1.62855785469568	-1.00825926588864	-1.82280941113288	-1.25826630345996	-0.859389824540147	-0.749726058609545	-1.48413407532595	-1.28395607739181	-1.23340376425398	-0.962681063467057	-0.722095445123649	-0.654907929833538	-1.05485116194651	-0.904238646294043	-0.822543514857574	-0.590245587355589
SER183A	-1.62855785469568	-1.52436031491871	-1.82280941113288	-1.25826630345996	-0.859389824540147	-0.749726058609545	-1.48413407532595	-1.28395607739181	-1.23340376425398	-0.962681063467057	-0.722095445123649	-0.654907929833538	-1.05485116194651	-0.904238646294043	-0.822543514857574	-0.590245587355589
ASP228A	-0.650414746921802	-1.00825926588864	-0.806645544007081	-1.07995829551895	0.600073740219717	-0.218929851576491	-0.0348622098230926	-0.690890651167975	-0.270505050912844	-0.775920937154448	1.21876802168021	0.0971439286910408	0.114526697582764	-0.216308068329163	-0.371346223955493	-0.334076361523409
PRO191A	-0.650414746921802	-0.49215821685857	-0.425584093834905	-0.366726263754947	0.327086911218024	-0.749726058609545	-1.00104345349166	-1.28395607739181	-0.751954407583409	-1.14944118977967	-0.722095445123649	-0.654907929833538	-1.05485116194651	-0.904238646294043	-0.822543514857574	-0.590245587355589
ARG202A	-1.13948630080874	-0.49215821685857	-1.44174796096071	-0.901650287577952	-0.419430469061689	-0.379728176433068	-0.517952831657377	-0.097825224944138	-1.04082402158575	-0.775920937154448	-0.122498666917495	-0.130681133835257	0.114526697582764	0.471622509635717	-0.220947126988133	0.17826209014095
MET160A	0.816799914739008	-0.49215821685857	0.717600256681624	-0.188418255813945	-0.384092368220046	-0.0190852073250825	0.448228412011192	-0.097825224944138	0.307234177091835	-0.0288804319040118	-0.501761689276809	-0.294553777122381	0.114526697582764	-0.216308068329163	0.230250163913949	-0.334076361523409
ILE251A	-0.161343193034866	-0.49215821685857	0.463559289900173	0.34650576800906	-0.715387063610451	-0.678049266236702	-0.0348622098230926	-0.097825224944138	0.499813919760062	0.904920199659033	-0.555942121042426	-0.553353577705848	0.699215627347398	0.471622509635717	0.831846551783391	0.946769767637488
THR102A	-1.13948630080874	-0.49215821685857	-0.933666027397807	-0.72334227963695	-0.695951108147547	-0.464560325513289	-1.00104345349166	-0.690890651167975	-0.944534150251636	-0.775920937154448	-0.722095445123649	-0.654907929833538	-1.05485116194651	-0.904238646294043	-0.822543514857574	-0.590245587355589
ASN247A	-1.62855785469568	-1.52436031491871	-1.31472747756998	-1.25826630345996	-0.859389824540147	-0.749726058609545	-1.48413407532595	-1.28395607739181	-1.23340376425398	-0.962681063467057	-0.722095445123649	-0.654907929833538	-1.05485116194651	-0.904238646294043	-0.822543514857574	-0.590245587355589
PRO250A	-0.650414746921802	0.0239428321714979	-0.679625060616356	-0.188418255813945	0.338571793991558	1.13190816519749	-0.0348622098230926	0.495240201279699	-0.366794922246957	0.157879694408597	-0.227247501664354	-0.0527849098965424	-0.470162232181871	-0.216308068329163	-0.672144417890214	-0.334076361523409
GLY199A	-1.13948630080874	-0.49215821685857	-1.06068651078853	-0.72334227963695	-0.679165510247766	-0.435273034006106	-1.00104345349166	-0.690890651167975	-1.04082402158575	-0.962681063467057	-0.722095445123649	-0.654907929833538	-1.05485116194651	-0.904238646294043	-0.822543514857574	-0.590245587355589
ASP208A	-0.650414746921802	0.0239428321714979	-1.18770699417926	-0.545034271695949	-0.859389824540147	-0.749726058609545	-1.48413407532595	-1.28395607739181	-1.23340376425398	-0.962681063467057	-0.722095445123649	-0.654907929833538	-1.05485116194651	-0.904238646294043	-0.822543514857574	-0.590245587355589
GLU224A	-1.62855785469568	-1.52436031491871	-1.69578892774216	-1.25826630345996	-0.859389824540147	-0.749726058609545	-1.48413407532595	-1.28395607739181	-1.23340376425398	-0.962681063467057	-0.722095445123649	-0.654907929833538	-1.05485116194651	-0.904238646294043	-0.822543514857574	-0.590245587355589
VAL225A	-1.13948630080874	-1.00825926588864	-1.69578892774216	-1.25826630345996	-0.859389824540147	-0.749726058609545	-1.48413407532595	-1.28395607739181	-1.23340376425398	-0.962681063467057	-0.722095445123649	-0.654907929833538	-1.05485116194651	-0.904238646294043	-0.822543514857574	-0.590245587355589
MET243A	-1.62855785469568	-1.52436031491871	-1.69578892774216	-1.25826630345996	-0.859389824540147	-0.749726058609545	-1.48413407532595	-1.28395607739181	-1.23340376425398	-0.962681063467057	-0.722095445123649	-0.654907929833538	-1.05485116194651	-0.904238646294043	-0.822543514857574	-0.590245587355589
HIS178A	-1.13948630080874	-1.52436031491871	-1.06068651078853	-1.25826630345996	-0.693300750584424	-0.749726058609545	-1.00104345349166	-1.28395607739181	-0.751954407583409	-1.14944118977967	-0.495741641302852	-0.654907929833538	-0.470162232181871	-0.904238646294043	-0.521745320922854	-0.846414813187768
THR170A	-0.650414746921802	0.0239428321714979	-0.55260457722563	0.168197760068058	-0.694184203105465	-0.647793241438334	-1.00104345349166	-0.690890651167975	-0.944534150251636	-0.589160810841839	-0.720891435528857	-0.652723965271652	0.114526697582764	0.471622509635717	-0.220947126988133	-0.590245587355589
ASN288A	-1.62855785469568	-1.00825926588864	-1.56876844435143	-0.901650287577952	-0.859389824540147	-0.749726058609545	-1.48413407532595	-1.28395607739181	-1.23340376425398	-0.962681063467057	-0.722095445123649	-0.654907929833538	-1.05485116194651	-0.904238646294043	-0.822543514857574	-0.590245587355589
LEU201A	-1.62855785469568	-1.00825926588864	-1.31472747756998	-1.07995829551895	-0.859389824540147	-0.749726058609545	-1.48413407532595	-1.28395607739181	-1.23340376425398	-0.962681063467057	-0.722095445123649	-0.654907929833538	-1.05485116194651	-0.904238646294043	-0.822543514857574	-0.590245587355589
SER96A	-1.13948630080874	-1.52436031491871	-0.679625060616356	-1.25826630345996	-0.693300750584424	-0.749726058609545	-0.517952831657377	-1.28395607739181	-0.174215179578731	-1.14944118977967	-0.722095445123649	-0.654907929833538	-1.05485116194651	-0.904238646294043	-0.822543514857574	-0.590245587355589
HIS115A	-1.62855785469568	-1.00825926588864	-1.31472747756998	-0.901650287577952	-0.693300750584424	-0.459936016327944	-1.00104345349166	-0.690890651167975	-0.944534150251636	-0.775920937154448	-0.722095445123649	-0.654907929833538	-1.05485116194651	-0.904238646294043	-0.822543514857574	-0.590245587355589
SER241A	-1.62855785469568	-1.00825926588864	-1.31472747756998	-0.545034271695949	-0.859389824540147	-0.749726058609545	-1.48413407532595	-1.28395607739181	-1.23340376425398	-0.962681063467057	-0.722095445123649	-0.654907929833538	-1.05485116194651	-0.904238646294043	-0.822543514857574	-0.590245587355589
ARG248A	-1.62855785469568	-1.52436031491871	-1.56876844435143	-1.25826630345996	-0.693300750584424	-0.749726058609545	-1.00104345349166	-1.28395607739181	-1.04082402158575	-1.14944118977967	-0.722095445123649	-0.654907929833538	-1.05485116194651	-0.904238646294043	-0.822543514857574	-0.590245587355589
ARG181A	-2.11762940858261	-1.52436031491871	-1.82280941113288	-1.25826630345996	-0.859389824540147	-0.749726058609545	-1.48413407532595	-1.28395607739181	-1.23340376425398	-0.962681063467057	-0.722095445123649	-0.654907929833538	-1.05485116194651	-0.904238646294043	-0.822543514857574	-0.590245587355589
SER269A	-2.11762940858261	-1.52436031491871	-1.82280941113288	-1.25826630345996	-0.859389824540147	-0.749726058609545	-1.48413407532595	-1.28395607739181	-1.23340376425398	-0.962681063467057	-0.722095445123649	-0.654907929833538	-1.05485116194651	-0.904238646294043	-0.822543514857574	-0.590245587355589
GLU287A	-2.11762940858261	-1.52436031491871	-1.82280941113288	-1.25826630345996	-0.859389824540147	-0.749726058609545	-1.48413407532595	-1.28395607739181	-1.23340376425398	-0.962681063467057	-0.722095445123649	-0.654907929833538	-1.05485116194651	-0.904238646294043	-0.822543514857574	-0.590245587355589
