Degree	Degree_sidechain	SecondOrderDegree	SecondOrderDegree_sidechain	NodeEdgeBetweennessSTRIDE	NodeEdgeBetweennessSTRIDE_sidechain	IntermodularDegreeSTRIDE	IntermodularDegreeSTRIDE_sidechain	SecondOrderIntermodularDegreeSTRIDE	SecondOrderIntermodularDegreeSTRIDE_sidechain	NodeEdgeBetweennessWALKTRAP	NodeEdgeBetweennessWALKTRAP_sidechain	IntermodularDegreeWALKTRAP	IntermodularDegreeWALKTRAP_sidechain	SecondOrderIntermodularDegreeWALKTRAP	SecondOrderIntermodularDegreeWALKTRAP_sidechain
ARG213D	8	6	19	14	13636	1357.05893077246	8	6	21	12	1	1	1	1	1	1
PRO98D	4	4	14	9	3527	2170.94106922754	3	3	10	6	1	1	1	1	1	1
CYS176B	8	6	23	15	59980	36890.7393679135	8	6	36	21	1	1	1	1	1	1
HIS179B	8	6	23	10	26984	2584.57864105337	8	6	39	19	1	1	2	2	2	1
ARG282C	9	8	24	17	16603	8323.06765337502	8	7	31	18	1	1	1	1	1	1
THR118C	6	5	16	12	7556	3665.70747047741	6	5	15	12	1	1	1	1	1	1
TRP146C	6	3	16	4	1613	1505.45239434426	4	3	10	4	1613	1505.45239434426	3	3	3	2
VAL147C	6	5	20	9	8535	8366.5	5	4	19	6	8213	8213	2	2	3	1
ALA276C	3	2	13	4	668	1	2	1	8	0	1	1	1	1	1	1
PRO278C	10	8	27	19	6206	3022	9	7	32	13	728	728	3	3	5	3
PRO128A	6	5	17	8	12653	7077	5	4	17	7	5577	1	2	1	1	0
TYR126A	6	2	18	3	29951	1489	5	2	16	2	14384	1	2	1	2	0
THR253D	7	7	26	15	4770	2455.33970942353	5	5	21	11	1483	742	3	3	3	2
TYR236D	7	2	31	6	13506	1414.4503931518	7	2	32	4	1	1	1	1	1	1
ASN235C	5	5	15	8	3076	2161.56125794927	4	4	11	4	1	1	1	1	1	1
GLU198C	5	3	16	7	20330	5416.30972539276	4	3	9	5	1	1	1	1	1	1
VAL203D	8	7	25	20	4208	2146	7	6	33	20	2017	89	3	2	10	5
VAL218D	7	7	18	15	16931	9880.70650222249	5	5	20	14	18208	10742.8181667616	4	4	7	5
ASP207D	5	5	12	11	4425	836.672186394397	4	4	11	9	1	1	2	2	3	1
LEU206D	7	5	18	8	5331	2850.96745981742	6	4	16	4	1479	1479	3	3	5	2
GLU204D	6	4	21	10	56466	13723.12880659	6	4	26	13	28255	13723.12880659	4	4	7	7
THR118A	9	7	25	17	85056	47735.148785347	9	7	30	20	27820	14220.3873615034	3	3	7	7
GLY105A	8	8	25	18	9572	9014.89490884825	7	7	30	18	1	1	1	1	1	1
SER241B	4	4	14	10	428	207.444200408258	3	3	10	7	319	319	2	2	1	0
ALA276D	6	5	20	9	44239	21148.7305856366	4	3	16	3	15094	15094	2	2	2	0
SER149C	6	3	17	5	16982	2715.26941436343	6	3	21	3	8571	359	4	2	5	0
ARG213A	8	5	20	10	8344	1568.5	8	5	24	10	1	1	1	1	1	1
THR211A	5	5	10	7	3597	3597	2	2	7	4	1	1	1	1	1	1
GLN167D	3	3	4	3	1	1	1	1	1	1	1	1	1	1	1	1
SER166D	3	2	7	2	1	1	1	1	1	1	1	1	1	1	1	1
CYS229A	5	4	17	11	4356	1643.28486639701	5	4	15	10	2527	1495.03805842431	3	3	3	3
THR230A	6	6	11	9	715	565.078385878243	5	5	9	5	898	701.433367613281	3	3	3	1
THR253A	7	7	28	16	17635	8909.43084298634	5	5	23	13	8472	4530.12876405498	3	3	7	5
TYR236A	9	4	35	13	39488	4012.18681319884	9	4	42	11	9003	3942.87123594502	5	3	13	4
ARG156A	7	5	23	10	17116	9297.73012369686	5	4	18	6	1	1	1	1	1	1
VAL217A	7	7	22	19	9217	6078.26987630314	5	5	18	13	1	1	1	1	1	1
TYR205D	8	4	29	15	27490	906.107278868023	8	4	33	12	823	823	2	2	7	5
VAL216D	9	9	28	22	16667	16191.4476853844	7	7	33	21	1017	541.447685384376	3	3	11	9
ARG175D	7	6	22	14	51428	50479.0213847442	7	6	30	14	1	1	1	1	1	1
ASP184D	5	5	15	10	1009	276.223299634637	4	4	17	12	1	1	1	1	1	1
ARG202D	3	3	2	2	2234	1447.95037887626	3	3	2	1	2234	1447.95037887626	3	3	2	1
GLU287A	2	1	2	1	746	1	2	1	2	0	746	1	2	1	2	0
GLY112D	5	5	19	15	8277	7605.86776914284	3	3	11	5	1	1	1	1	1	1
PHE113D	8	4	24	10	17531	11742	6	3	24	3	17531	11742	4	3	6	1
CYS124A	6	5	18	14	27280	19469.011613192	5	4	15	9	1	1	2	2	3	3
CYS141A	9	6	27	15	46218	29899.3377125436	4	4	16	7	16527	13312.5	4	3	6	2
GLU198B	6	4	16	6	12936	5168.78973122745	5	4	9	4	746	203.852289603059	2	2	1	1
VAL197B	11	9	33	23	9918	4231.5	9	7	37	16	11583	5901	3	2	4	0
LEU252C	7	6	20	9	6848	6848	6	5	20	5	3839	3839	2	2	3	1
LYS164C	4	2	14	2	982	110.484903730679	4	2	12	2	1	1	1	1	1	1
GLY244B	5	5	13	10	6437	6283.27190933043	4	4	13	10	1	1	1	1	1	1
GLY245B	6	6	18	13	2176	2176	4	4	15	12	1	1	1	1	1	1
ASP259A	7	6	17	9	4432	2206.09589437913	4	3	16	6	2955	729.095894379128	2	2	3	3
LEU265A	9	7	28	15	37460	31812.9718604555	7	6	30	11	18872	13224.9718604555	2	2	3	3
GLY187A	4	4	8	5	1580	575.142930443506	3	3	5	4	835	447.475581667826	2	2	2	1
LEU188A	6	3	15	9	2410	1133.52441833217	4	3	11	8	920	388.524418332174	3	2	3	1
ALA161D	6	6	23	18	9647	4047.3505713413	4	4	17	16	1	1	1	1	1	1
ILE162D	7	4	21	7	5992	2130.55032571338	6	4	20	6	3319	1855.55032571338	3	3	5	4
ALA189A	6	6	16	11	3564	2020.74042208549	4	4	15	9	1479	174.163462687435	2	2	2	2
TYR205A	8	4	27	15	13682	229.453100351785	8	4	32	12	1	1	1	1	1	1
THR253C	7	7	27	14	5549	2810.69360000645	5	5	24	12	6348	3210.69360000645	7	7	14	10
VAL272C	7	7	23	14	803	689.65412131942	4	4	17	10	347	312.285680130089	4	4	11	9
TYR107D	8	2	24	3	3353	11.9403319476215	7	2	28	3	1	1	1	1	1	1
VAL147D	9	7	23	10	8672	6274.5	7	5	34	9	1	1	1	1	1	1
ARG249A	7	6	20	11	11588	8875.5755344256	7	6	22	12	6720	4123.07553442559	5	4	6	4
TYR163A	4	3	16	9	6984	385.455592927071	4	3	18	9	3432	385.455592927071	3	3	7	4
GLN100D	5	4	15	11	1241	583.540743179755	3	3	9	4	1475	700.540743179755	4	4	4	3
ARG267D	7	4	15	5	1219	1159.61836441947	4	3	5	1	1	1	1	1	1	1
THR102D	4	4	10	7	745	745	3	3	7	4	1	1	1	1	1	1
PRO98B	5	5	15	10	13982	11402.1976958081	5	5	20	14	1	1	1	1	1	1
VAL97B	6	5	10	7	5376	3021.61291070242	6	5	16	5	1	1	1	1	1	1
ASN235A	5	5	14	7	2048	1544.97309818316	4	4	11	4	901	901	3	3	5	2
LYS139A	5	1	12	1	2136	1	5	1	15	0	901	1	2	1	2	0
PRO151C	7	5	19	7	47064	26775.9301113659	7	5	28	8	7665	7665	3	3	4	1
TYR220C	8	4	29	7	41472	1369.56988863406	6	3	30	7	1	1	2	2	2	1
MET169C	7	4	16	5	1556	130	5	3	20	3	1	1	1	1	1	1
VAL97C	5	5	13	12	2832	1565.85465959399	5	5	19	14	1	1	1	1	1	1
ARG283D	3	2	11	4	315	177.904184719451	2	2	6	4	1	1	1	1	1	1
THR118D	7	5	20	13	3458	1851.56288455001	7	5	17	11	1	1	1	1	1	1
GLN100C	2	1	4	1	1	1	1	1	1	1	1	1	1	1	1	1
SER99C	5	4	9	3	1487	162.644892456514	3	2	5	2	1	1	1	1	1	1
ARG158B	9	6	23	8	3783	2182.61469010145	6	5	16	7	1471	731.666702820592	3	3	5	2
GLU258B	5	2	21	5	2408	316.361269248737	5	2	22	4	1	1	1	1	1	1
ASP148A	4	3	12	8	69284	8598.29523891889	4	3	14	9	1	1	1	1	1	1
GLY108A	9	8	27	16	30850	27976.9541305816	8	7	30	15	1	1	1	1	1	1
ARG213C	10	8	23	16	12778	2202.97799954321	10	8	31	17	1	1	1	1	1	1
THR211C	6	5	15	10	2969	2969	3	2	13	7	1	1	1	1	1	1
HIS115A	4	2	13	5	746	335.880212889558	4	2	10	2	746	335.880212889558	4	2	4	1
PRO190D	8	6	18	13	13861	13526.1197871104	3	3	10	4	746	411.119787110441	2	2	3	1
VAL216A	8	8	24	21	5439	4610.73887245861	6	6	27	20	1	1	1	1	1	1
CYS176D	7	6	20	12	95206	70621.6165831464	7	6	27	17	1	1	1	1	1	1
PRO177D	5	4	11	10	4183	3212.23069961696	3	3	8	7	1	1	1	1	1	1
HIS233C	3	3	8	6	609	66.8293748352653	2	2	4	2	1	1	1	1	1	1
THR140C	7	5	17	8	16147	4243.2996418227	5	3	11	3	7338	1	2	1	3	0
GLU171A	4	2	12	5	745	225.674383470982	3	2	9	5	738	225.674383470982	2	2	4	3
ASN268C	6	4	17	8	2629	1489	5	3	15	3	1	1	1	1	1	1
PHE109C	7	3	28	10	4863	75	6	2	24	2	1	1	1	1	1	1
MET133C	4	4	14	6	1888	1025.62109155199	4	4	12	5	1883	1020.62109155199	3	3	4	2
PHE113C	5	3	16	4	20920	9911	5	3	18	3	7239	6503	3	2	3	0
ALA138D	4	4	14	7	96	96	3	3	9	3	1	1	1	1	1	1
LYS139D	5	1	13	1	1706	1	4	1	8	0	1	1	1	1	1	1
GLN144B	9	6	26	9	16002	3825.97864414146	6	5	23	10	1	1	1	1	1	1
GLY112B	5	5	18	14	26098	23167.9295819436	4	4	18	9	1	1	1	1	1	1
ASP148B	4	2	12	7	745	187.325760330749	2	2	7	6	1	1	1	1	1	1
VAL147B	9	7	26	11	1222	1186.5	7	5	36	9	1	1	1	1	1	1
THR170D	6	5	14	10	746	174.297936728743	4	3	13	4	1	1	1	1	1	1
GLN144A	8	5	26	9	27423	4245.97930576612	5	4	14	7	975	245.874298070567	2	2	2	2
LEU114A	4	3	14	7	3486	1998.24292273304	3	3	7	5	1225	1	2	1	2	0
PHE270D	7	3	26	13	4530	719.709897424665	6	3	24	9	2988	1	4	2	8	4
GLN104B	4	3	13	8	1411	489.100681642333	3	3	12	9	1	1	1	1	1	1
GLY105B	7	7	17	14	1661	1661	6	6	19	11	1	1	1	1	1	1
LEU257B	7	6	28	17	3482	962.236519375435	7	6	38	22	1	1	1	1	1	1
VAL157B	10	8	34	25	15738	9048.8783708782	8	6	34	16	1	1	1	1	1	1
GLU221D	2	1	3	1	1	1	1	1	1	1	746	1	2	1	1	0
PRO222D	4	2	6	1	3	1	2	1	3	0	746	746	2	2	1	0
ALA189D	6	6	19	13	6983	5120.22515599443	4	4	15	9	1	1	1	1	1	1
ASP186D	5	4	11	8	1079	921.01734415574	4	3	9	6	1	1	1	1	1	1
GLY266A	7	7	23	20	5171	5171	5	5	18	11	1	1	1	1	1	1
TYR103A	5	3	15	9	15886	6467.66089074349	5	3	16	8	6117	6117	2	2	1	0
ARG202B	3	3	4	2	1920	1287.12089572443	3	3	3	1	1	1	1	1	1	1
PRO219B	3	3	8	8	1299	633.879104275569	2	2	2	2	1	1	1	1	1	1
PHE134A	5	4	18	10	6964	6621.12604454337	4	3	14	7	1	1	1	1	1	1
THR125A	7	7	25	22	24993	17820.486659515	5	5	20	16	1	1	1	1	1	1
PRO142A	7	5	19	11	3202	509.757077266961	4	3	7	5	4685	4685	4	4	8	5
THR155B	9	8	27	19	4470	2660.40213457464	9	8	39	22	1	1	1	1	1	1
PHE270C	9	3	29	10	13970	1271.89214673221	8	3	34	7	6492	1212.89214673221	4	2	9	6
TYR163C	5	3	22	9	6374	492.96763248935	5	3	23	9	1	1	1	1	1	1
VAL173C	8	7	21	14	10144	9436.15617220023	6	6	24	18	1	1	1	1	1	1
ARG175C	9	8	26	21	34272	22750.0476331577	9	8	38	21	5736	5573.04763315766	4	4	8	6
HIS193C	8	7	24	13	10710	10092.0723989007	7	6	31	13	3328	2710.07239890071	3	3	5	4
ASP207A	4	3	10	9	1083	184.920159965953	3	3	9	9	544	95.6411264621996	2	2	3	3
HIS193A	7	7	18	13	5234	4712.29871215552	6	6	20	13	2324	1802.29871215552	4	4	7	6
ARG248B	4	3	10	3	746	740	4	3	10	3	1	1	1	1	1	1
ASN247B	4	2	9	2	2222	503.489221937953	3	2	6	2	1	1	1	1	1	1
PRO190B	6	5	17	13	3688	3688	2	2	7	3	1	1	1	1	1	1
PRO191B	4	3	13	7	6088	1	2	1	7	0	1	1	1	1	1	1
HIS193B	7	7	17	11	7127	6486.60723969008	6	6	18	11	3602	2961.60723969008	4	4	5	4
HIS214B	5	5	12	10	3594	1741.87678851773	5	5	12	11	2885	1033.50411944714	3	3	5	5
CYS242C	5	5	15	9	745	372.205283658354	4	4	21	13	737	369	2	2	5	3
HIS179C	8	6	23	12	9826	855.58396280084	7	5	34	17	5278	34.9489846698677	4	3	10	5
LEU145B	7	7	29	24	1138	618.523152193038	6	6	27	19	1	1	1	1	1	1
ASN239B	7	3	25	12	13688	4877.00817980002	5	3	30	11	319	1	2	1	1	0
MET246B	10	6	29	18	10954	5046.69960985984	9	6	41	22	1	1	2	1	3	0
ASN200B	5	2	16	7	3040	753.740302968805	4	2	15	5	1	1	1	1	1	1
VAL218B	8	8	24	20	3372	2166.48954598396	6	6	28	21	1	1	1	1	1	1
GLU271A	6	4	17	6	12983	2483.60000067069	5	4	14	7	8872	1968.02641297136	3	2	4	1
LYS132A	4	3	12	4	8396	6003.24776831706	3	3	8	5	6813	4845.97358702864	2	2	2	1
ARG213B	7	5	16	10	6742	1550.68939348946	7	5	18	9	1	1	1	1	1	1
MET169B	6	2	15	2	865	1	4	1	17	0	1	1	1	1	1	1
CYS141B	7	4	23	10	661	73.5495894517569	5	4	22	10	86	1	3	1	4	0
THR140B	6	5	17	10	21496	5562.96112208171	4	3	12	4	10766	1	3	2	4	0
ARG156D	8	5	27	11	12557	5367.65006405939	7	5	29	15	12332	5367.65006405939	5	5	10	10
ARG202C	4	4	5	3	3258	2047.28759421331	4	4	4	2	2513	1302.28759421331	3	3	4	2
PRO219C	3	3	9	9	1713	953.318913340167	2	2	3	3	1713	953.318913340167	2	2	2	2
GLN100B	5	3	17	8	1854	514.52523834333	4	3	13	8	1248	514.52523834333	3	3	7	5
ILE254B	7	4	25	7	4859	3466.4387293106	4	4	11	7	4253	2860.4387293106	2	2	5	3
ARG202A	3	3	4	2	2224	1299.28822126455	3	3	3	1	1	1	1	1	1	1
PRO219A	3	3	7	7	1470	925.711778735449	2	2	2	2	1	1	1	1	1	1
ARG280B	5	3	14	4	501	241.755157398846	2	2	5	2	1	1	1	1	1	1
CYS277B	7	3	17	2	3220	1004.24484260115	6	3	16	1	1	1	2	1	3	0
GLY154A	4	4	9	8	2224	2224	3	3	8	6	1	1	1	1	1	1
SER260A	4	2	9	1	742	1	2	1	2	0	1	1	1	1	1	1
PRO142B	7	5	19	11	20560	7568.09869433986	4	3	8	6	14743	7414.5	3	3	4	2
PRO151A	9	7	21	11	5630	4333.65216403327	9	7	37	13	483	1	2	1	4	0
TYR220A	6	2	23	5	2900	1	6	2	31	4	1	1	1	1	1	1
TYR107A	9	3	30	7	11400	2273.20023621046	8	3	38	8	7245	2273.20023621046	3	3	7	5
MET169D	8	4	17	5	1017	38	5	2	16	1	158	1	2	1	3	0
ARG249D	8	6	20	9	27280	22905.0007412266	8	6	20	11	1	1	1	1	1	1
HIS168D	3	2	10	5	2698	1417.78295769957	2	2	7	5	1	1	1	1	1	1
ALA276A	4	3	14	7	666	1	2	1	8	0	1	1	1	1	1	1
PRO278A	10	8	27	20	5072	3572	9	7	31	13	1	1	1	1	1	1
ARG156C	7	5	26	13	84246	33823.1759258868	5	4	21	10	42114	18103.9386079385	2	2	2	2
GLU204C	7	4	24	9	86426	21507.314817103	7	4	29	10	43204	21507.314817103	3	3	2	2
CYS176A	8	6	19	10	18274	8364.4071345663	8	6	28	14	1	1	1	1	1	1
HIS179A	7	4	20	7	9120	68.7520835097242	7	4	32	9	4389	1	2	1	4	0
LEU257D	6	4	24	12	3423	1069.07693131957	5	4	24	12	1	1	1	1	1	1
THR256D	6	6	16	13	8026	5891.05871329345	4	4	10	8	4575	4575	2	2	4	1
ARG175B	8	7	24	16	26552	24154.3918030378	8	7	33	17	1	1	1	1	1	1
GLU180B	3	2	10	2	746	1.5	3	2	10	2	2	1.5	2	2	3	2
GLN192D	4	4	11	9	33	5.72730543968713	2	2	4	4	1	1	1	1	1	1
PRO191D	4	3	14	8	18556	1	2	1	6	0	1	1	1	1	1	1
LEU257A	6	5	25	15	7290	3448.85900974279	6	5	30	19	1	1	1	1	1	1
PHE109A	7	4	30	14	28174	7286.77933307499	6	3	25	6	1	1	1	1	1	1
ARG267A	5	3	14	5	6274	935.756214661778	3	2	6	1	1	1	1	1	1	1
THR256A	7	6	23	15	5226	5226	5	4	14	7	1	1	1	1	1	1
CYS238D	10	6	32	12	45610	16867.0172240002	10	6	52	18	1	1	1	1	1	1
VAL274D	11	10	29	24	18964	17892.6056729609	9	8	38	19	1	1	1	1	1	1
PRO152C	6	5	18	12	38293	33067.706153653	5	5	25	17	1	1	1	1	1	1
PRO128D	5	5	13	9	2651	2575.66671330378	4	4	15	10	1	1	1	1	1	1
TYR126D	6	2	21	3	24564	1297	5	2	17	2	10725	1	2	1	3	0
GLU204A	4	2	13	4	746	1	4	2	14	3	1	1	1	1	1	1
ARG174D	4	2	11	1	2138	474.025591100119	3	2	5	1	1	1	1	1	1	1
GLU180D	2	2	3	1	746	272.974408899881	2	2	2	1	1	1	1	1	1	1
VAL217B	7	7	24	20	3045	2584.21795282491	5	5	19	12	1	1	1	1	1	1
ARG110A	5	4	14	11	47614	31780.9576002123	5	4	17	11	1	1	1	1	1	1
ILE255D	7	4	28	12	3723	358.958578359034	5	2	22	3	1483	742	2	2	2	2
PHE109D	8	3	32	10	5808	1747.5	8	3	34	8	1	1	1	1	1	1
VAL217C	7	7	27	23	141407	116259.19502499	5	5	22	15	1	1	1	1	1	1
MET246D	10	5	29	14	25300	12953.0917250874	9	5	42	14	1	1	1	1	1	1
SER240D	4	3	17	11	1314	863.863537075596	4	3	18	9	1	1	1	1	1	1
THR125C	9	9	32	29	11876	8465.75867635294	7	7	30	23	1	1	1	1	1	1
ALA189B	6	6	16	12	6821	4466.40602394452	4	4	17	10	1	1	1	1	1	1
ASP186B	6	4	13	7	3574	2518.11466462169	5	3	14	5	1	1	1	1	1	1
GLU171B	3	2	8	4	745	271.072868157648	2	2	5	4	745	271.072868157648	2	2	3	3
THR170B	5	4	11	6	741	359.5	3	2	11	4	1	1	1	1	1	1
CYS182D	3	3	11	8	746	618.975336851175	3	3	10	7	1	1	1	1	1	1
HIS178D	7	4	18	6	92326	46076.7136662551	5	4	13	4	46079	45949.6890031063	3	3	2	1
TYR234D	8	3	33	8	22661	186.340638522053	6	2	26	3	22661	186.340638522053	5	3	16	5
VAL143D	9	9	32	24	22056	16514.5	6	6	27	16	22034	16503.5	5	5	11	5
SER260D	5	2	11	1	8855	1	3	1	6	0	5902	1	2	1	2	0
SER261D	4	1	9	1	1	1	1	1	1	1	1	1	1	1	1	1
HIS178B	8	6	26	12	49330	10705.9545550799	7	6	29	14	26022	10580.707161281	4	4	4	4
ASP148D	4	3	13	6	768	224.544370151718	3	3	10	8	1	1	1	1	1	1
GLY108D	8	7	24	13	4429	3620.64622957533	7	6	26	11	1	1	1	1	1	1
ASP281D	4	3	13	5	308	203.306263221497	2	2	4	4	1	1	1	1	1	1
CYS275D	6	5	19	15	1729	701.387758925638	5	5	17	14	1	1	1	1	1	1
PRO128C	5	5	13	9	1489	1489	4	4	16	9	1	1	1	1	1	1
TYR126C	7	2	20	3	12958	1125	6	2	20	2	6503	1	2	1	2	0
MET160B	6	3	16	6	342	342	4	3	13	5	878	220	4	2	6	1
SER215B	5	2	18	5	2773	727.833297179408	4	2	13	4	1776	727.833297179408	4	2	8	2
HIS168A	4	4	10	8	2482	1756.3204383147	3	3	10	8	1976	1412.79448917635	2	2	4	3
VAL157C	10	8	32	23	66096	28221.9831526839	8	6	32	15	1	1	1	1	1	1
ILE195D	6	5	23	12	9842	3197.16510727786	6	5	22	9	1	1	1	1	1	1
TRP146A	8	5	23	9	28302	7632.8806737923	6	4	19	7	4521	3756.08764350512	3	3	3	2
PRO151B	8	6	22	11	9522	5754.4418253812	8	6	31	11	1	1	1	1	1	1
PRO152B	6	5	17	13	2395	2049.03563908092	5	5	23	17	1	1	1	1	1	1
LYS132B	4	3	11	5	10432	9286.67546107341	3	3	7	5	1	1	1	1	1	1
PHE134B	5	4	19	10	7402	6577.78546684115	4	3	17	7	1	1	1	1	1	1
CYS141C	8	4	24	8	6284	2606.37890844801	4	3	16	6	4541	863.378908448012	3	2	5	2
PRO142C	7	5	18	9	212	55.5	4	3	7	5	1	1	2	2	3	3
ILE251B	6	4	24	16	1197	714.5	5	4	23	14	1	1	1	1	1	1
LEU252B	6	6	16	12	10729	8286.97476165667	5	5	16	10	5105	2662.97476165667	3	3	7	5
ARG267B	7	4	18	5	4493	1329.82641836498	4	3	6	1	1	1	1	1	1	1
SER99B	5	4	13	5	736	152.173581635016	3	2	6	2	1	1	1	1	1	1
ILE255C	8	4	29	11	1457	218.314973037851	6	3	25	5	799	400	2	2	6	6
TYR234C	6	3	23	7	9780	456.000787017631	5	3	18	5	1	1	1	1	1	1
ASN235D	5	5	14	8	2005	1562.44082412103	4	4	10	4	1	1	1	1	1	1
HIS115B	4	2	11	4	746	394.585561179836	4	2	10	2	746	394.585561179836	4	2	7	1
PRO190C	6	5	16	11	15234	14840.4144388202	3	3	10	4	746	352.414438820164	2	2	3	1
ARG282B	9	7	26	14	89136	28268.2975316583	7	6	28	15	1	1	1	1	1	1
TYR126B	7	2	26	2	3868	1489	6	2	25	1	709	1	2	1	3	0
MET160C	7	3	24	10	12248	12165	5	3	22	9	6559	6476	4	2	5	0
SER215C	6	3	24	9	26235	6667.66454754288	5	3	20	7	6476	1	2	1	3	0
PRO278B	10	9	28	23	60954	52731.94540519	9	8	33	17	34202	34202	2	2	3	2
ASN200D	5	2	14	6	1936	538.787662789533	4	2	13	4	1340	538.787662789533	3	2	10	3
THR118B	7	5	23	11	87404	52499.6555011407	7	5	22	14	42548	21300.3230143323	2	2	2	2
ILE232A	7	5	29	17	12669	6401.4198126555	5	4	22	14	1	1	1	1	1	1
VAL157A	9	8	27	22	15216	7224.05553459946	7	6	27	14	1	1	1	1	1	1
GLU198D	5	3	16	7	1844	681.559175878969	4	3	9	5	2033	1	2	1	7	0
THR256B	6	5	25	15	10104	3484	4	3	12	6	1	1	1	1	1	1
GLY112A	5	5	18	14	24491	21469.8949923045	3	3	9	6	1	1	1	1	1	1
LEU111A	9	8	31	23	3211	3189.5	7	7	27	18	1	1	1	1	1	1
LYS132C	4	3	12	3	2606	1981.73257861462	3	3	6	4	1869	1361.16762135222	2	2	2	1
PHE134C	8	5	28	11	850	836.004454372439	6	4	27	11	1	1	2	1	2	0
PRO98A	5	5	13	7	9800	7803.50173072392	5	5	18	11	1	1	1	1	1	1
VAL97A	4	4	10	9	3834	2418.70638562628	4	4	12	8	1	1	1	1	1	1
CYS176C	8	6	19	11	10724	5646.74838158554	8	6	27	14	1161	310.285667902281	2	2	5	3
GLY245C	6	6	20	15	1024	858.375858152818	4	4	17	13	1	1	1	1	1	1
PRO177B	5	4	15	13	762	577.517053425014	4	3	14	8	11	1	2	1	1	0
VAL147A	7	6	24	12	3061	2624	6	5	30	10	1	1	1	1	1	1
GLU171D	3	2	11	5	746	248.941251396387	2	2	7	5	1	1	1	1	1	1
ARG196D	7	5	25	12	14598	7326.81967928103	6	5	25	14	3987	1	2	1	7	0
VAL197D	10	8	30	20	25710	18840.5523146156	8	6	35	15	17669	16542.0523146156	8	6	13	5
CYS238A	12	7	33	14	35858	8107.02508263565	10	6	53	17	1031	1	3	2	8	3
GLN100A	4	2	12	3	7624	1619.95373538275	3	2	7	3	3971	1619.95373538275	2	2	2	2
LEU252A	5	4	20	8	8292	6673.04626461725	5	4	19	8	4271	2652.04626461725	3	3	6	3
GLU285D	5	2	11	2	1052	125.019638925381	4	2	8	2	1	1	1	1	1	1
LYS132D	4	3	12	2	2552	1847.45783920546	3	3	7	3	1	1	1	1	1	1
GLY117B	5	5	17	12	2370	1309.93737152781	4	4	17	12	657	398.362168564624	2	2	2	2
CYS135A	6	5	25	15	746	119.583651053473	6	5	32	15	1	1	1	1	1	1
MET246C	9	5	26	14	10302	5485	8	5	36	14	5485	5485	2	2	5	3
SER240C	4	3	16	10	746	746	4	3	17	9	746	746	3	3	7	5
SER127D	6	5	12	8	2212	638.710465665901	6	5	15	7	1	1	1	1	1	1
PRO219D	3	3	7	7	1489	787.049621123743	2	2	2	2	1489	787.049621123743	2	2	2	2
PRO223A	4	4	8	8	1566	1560.67480614906	3	3	8	7	1	1	1	1	1	1
ARG209B	3	1	4	1	1	1	1	1	1	1	1	1	1	1	1	1
ASP208B	4	4	6	5	1	1	1	1	1	1	1	1	1	1	1	1
PRO222B	5	2	13	1	1	1	2	1	4	0	1	1	1	1	1	1
TYR220B	7	3	29	7	10543	1	6	2	33	4	1	1	1	1	1	1
SER106A	5	2	17	5	12226	3088.5	5	2	20	4	6176	3088.5	3	2	2	1
ARG156B	7	4	25	10	746	260.472790645494	5	3	18	5	1	1	1	1	1	1
LEU130D	5	4	9	7	926	366.190796424109	4	4	10	6	1	1	1	1	1	1
GLU221C	5	3	15	6	2401	259.39349244652	3	2	7	3	5228	259.39349244652	4	2	6	2
PRO222C	6	2	14	3	7028	1	3	1	6	0	2828	2828	3	2	4	1
TYR236C	10	4	38	11	9648	1272.26013194192	10	4	47	9	2622	1194.12857313125	3	2	9	6
VAL272A	8	8	28	21	723	653.684422746183	4	4	17	11	5038	5038	4	4	9	5
LEU194A	8	8	30	24	1352	1191.5	8	8	43	27	1031	1031	5	5	12	5
ASN263B	4	3	8	4	808	251.775242080335	4	3	6	1	1	1	1	1	1	1
ASP259B	6	5	13	5	2966	494.224757919665	3	2	9	2	1	1	1	1	1	1
THR150B	2	2	7	5	746	256.058174618798	2	2	7	5	1	1	1	1	1	1
THR231A	5	5	15	13	1675	1675	2	2	3	2	462	197.566632386719	2	2	2	2
MET237A	6	3	20	6	1334	324.150062359381	6	3	25	6	1116	235.830925770324	4	2	10	2
ILE162C	6	2	21	2	11078	1103.50713840707	5	2	20	2	4339	1103.50713840707	2	2	2	1
ILE254C	5	3	15	4	4339	3236.49286159293	3	3	6	2	4340	3236.49286159293	3	2	7	1
MET243B	5	3	10	2	7599	980.510778062047	4	3	9	3	6117	1	2	1	1	0
THR211D	5	5	10	8	2969	2969	2	2	7	5	1	1	1	1	1	1
VAL203C	8	8	28	24	14656	12321.170306882	7	7	36	26	1	1	1	1	1	1
VAL218C	8	8	23	19	17661	9361.38783250309	6	6	27	20	1	1	1	1	1	1
ARG158A	9	6	25	11	16476	11249.5179498627	6	5	19	9	1	1	2	2	3	2
CYS229D	7	5	19	10	5230	2277.61487754718	6	4	20	7	2984	2257.61487754718	3	3	3	2
GLN144D	9	5	28	9	4800	672.13223085716	6	4	21	6	1927	1	2	1	2	0
ALA161C	8	8	26	20	3380	1589.84382779977	6	6	26	23	1786	893.5	2	2	3	3
ARG283A	5	4	17	9	29284	18693.4271228857	4	4	16	10	16165	11534.634514738	3	3	5	4
THR211B	5	5	10	7	2977	2977	2	2	6	4	1	1	1	1	1	1
CYS238C	12	7	33	16	28340	12660.7653474279	9	5	52	19	8292	1301.76534742785	6	4	9	4
MET237C	8	4	28	10	2258	616.479189974371	7	4	32	10	3	2.69435185998557	3	2	6	3
ILE162A	7	3	25	6	16920	2013.62905392344	6	3	25	6	8314	2013.62905392344	2	2	1	1
MET169A	8	4	17	5	3148	1706	7	4	23	4	1	1	1	1	1	1
CYS242B	7	6	19	11	6334	3151.69126369043	6	5	30	16	6176	3088.5	2	2	2	1
CYS238B	10	6	35	15	32178	12292.7017645872	10	6	56	22	1	1	1	1	1	1
GLY226D	3	3	3	3	1489	1489	2	2	3	2	1	1	1	1	1	1
SER227D	4	3	8	5	3718	1232.92266779465	4	3	9	4	1	1	1	1	1	1
GLY105C	7	7	18	11	3716	3716	7	7	23	11	1	1	1	1	1	1
TYR103C	5	1	13	1	4974	1	4	1	11	0	1	1	1	1	1	1
THR231C	5	5	14	11	103	103	2	2	3	2	928	430.002885620296	2	2	2	2
CYS275A	7	6	20	17	1496	858.408732278803	5	5	20	17	1	1	1	1	1	1
VAL274A	11	10	31	25	38667	37566.7257798471	9	8	43	23	1	1	1	1	1	1
ARG249B	6	5	17	8	12026	9008.87501524926	6	5	18	9	4583	3129.87501524926	4	4	5	4
HIS168B	3	3	7	6	743	552.458714855467	2	2	5	4	743	552.458714855467	2	2	3	3
HIS178C	5	2	12	2	2234	294.943068852669	3	2	9	2	1	1	1	1	1	1
PRO177C	4	4	10	9	746	628.872172104798	3	3	10	8	1	1	1	1	1	1
GLY105D	6	6	18	13	758	758	5	5	19	10	1	1	1	1	1	1
LEU137D	7	6	24	13	7964	6204.78604593825	6	5	33	13	1	1	1	1	1	1
GLY245D	6	6	19	14	1664	1502.0368121067	4	4	15	12	1	1	1	1	1	1
CYS273B	5	3	21	15	1	1	2	1	3	0	1	1	1	1	1	1
CYS275B	7	7	23	19	1851	1021.67206577338	5	5	18	13	651	175.946550593781	2	2	3	2
GLN165B	3	3	7	5	2098	599.056531296693	2	2	5	4	2098	599.056531296693	2	2	1	1
GLN167B	4	3	4	2	1	1	1	1	1	1	1	1	1	1	1	1
ARG196B	8	6	27	15	9438	7428.97366393178	7	6	29	17	5901	1	2	1	2	0
PHE212B	3	1	5	1	730	1	2	1	1	0	1	1	1	1	1	1
VAL172B	3	3	8	7	730	730	2	2	1	0	1473	978.108616398532	2	2	4	4
LEU137A	7	6	23	12	1296	1283.9640044983	6	5	32	11	1	1	1	1	1	1
VAL203A	8	8	22	18	13652	7559.37043524337	7	7	29	20	1	1	1	1	1	1
VAL172D	4	4	13	12	7887	7887	3	3	8	5	1	1	1	1	1	1
VAL173D	9	9	23	20	17513	15235.4843213808	7	7	29	21	1	1	1	1	1	1
LEU145A	7	7	28	21	12722	7643.22066692501	6	6	26	17	1	1	1	1	1	1
GLY279B	9	9	29	27	1559	1116.87306610115	4	4	14	12	1	1	1	1	1	1
ASP184B	5	5	15	11	13724	2675.76984144427	4	4	18	14	1	1	1	1	1	1
GLU271C	5	3	14	2	4279	544.347474917101	4	3	10	3	2080	508.83237864778	3	2	4	1
GLN165A	5	4	12	6	776	246.563267598046	5	4	14	7	1	1	1	1	1	1
THR256C	6	5	22	13	5687	592	4	3	12	6	1	1	1	1	1	1
THR150A	2	2	8	6	746	261.347835966731	2	2	8	6	1	1	1	1	1	1
ALA159B	6	6	23	15	3193	2356.03039178674	4	4	14	8	1	1	2	2	3	1
TYR234B	6	3	27	8	5544	352.137456565848	5	2	20	3	1	1	1	1	1	1
SER116D	4	2	10	3	1	1	2	1	4	0	210	210	2	2	1	0
VAL122D	8	8	17	16	2843	1958.33790552614	5	5	16	13	1	1	1	1	1	1
THR150C	3	2	9	2	14692	7028	3	2	8	0	7665	1	2	1	2	0
CYS275C	6	4	19	14	1934	883.960974876541	5	4	19	14	1248	576.622151569113	2	2	4	3
VAL274C	10	9	29	22	16385	14854.8576693631	9	8	42	22	3480	1920.1850032612	5	4	8	4
LEU265B	9	6	26	17	2401	2358	7	5	29	13	1	1	1	1	1	1
THR155A	8	7	22	15	7210	5525.14099025721	8	7	32	18	2485	2485	2	2	4	2
ALA138B	4	4	12	7	802	495.224753175622	3	3	8	3	1	1	1	1	1	1
LEU137B	7	5	25	12	21348	11030.421952776	6	5	33	15	1	1	1	1	1	1
HIS179D	8	6	22	13	49668	4829.40343597405	7	5	31	17	1	1	1	1	1	1
ASP207B	4	3	10	9	746	139.53741286998	3	3	9	9	743	138.910081940568	2	2	3	3
GLN136D	3	2	14	5	2598	296.48947853732	3	2	14	4	1	1	1	1	1	1
PRO278D	8	6	23	16	42978	24441.5105214627	7	5	23	8	1	1	1	1	1	1
PRO151D	8	6	20	8	15600	12617.8795869283	8	6	30	8	1	1	1	1	1	1
PHE109B	7	2	27	5	1786	125	7	2	32	2	1	1	1	1	1	1
CYS277D	5	4	14	6	1904	382.911223258964	4	3	12	3	1	1	1	1	1	1
ARG174A	4	3	14	8	1366	439.250149187753	2	2	4	4	2064	646.750149187753	4	3	5	4
VAL172A	6	6	15	12	690	690	4	4	10	5	416	208.5	2	2	3	2
LEU130C	5	4	11	6	752	248.44376320296	4	4	12	7	1	1	1	1	1	1
MET133A	5	5	18	12	34028	26557.7457328244	5	5	19	13	29875	25554.0950585601	4	4	9	5
PHE113A	5	3	16	6	28524	14384	4	3	16	5	28524	14384	3	2	4	0
ILE232B	7	5	26	17	10950	4862.1216291218	5	4	25	15	1	1	1	1	1	1
ASP259D	6	5	14	4	1169	999	3	2	9	0	1	1	1	1	1	1
CYS141D	10	7	31	13	3354	1627.76546453764	6	5	25	9	2085	1	3	1	7	0
GLN167C	4	3	6	4	1	1	1	1	1	1	1	1	1	1	1	1
HIS168C	4	4	10	8	1485	658.036711164967	2	2	7	5	1	1	1	1	1	1
ALA189C	6	6	19	15	1441	924.98505195844	4	4	17	10	1	1	1	1	1	1
ILE255B	9	5	33	15	6219	371.33215164741	6	3	27	4	1	1	1	1	1	1
ASP228B	5	1	13	1	6666	1	4	1	12	0	2965	1	2	1	2	0
SER227B	4	3	7	4	5198	2969	4	3	8	2	2969	2969	3	3	2	0
GLY266C	8	8	24	18	14193	14193	5	5	15	6	1	1	1	1	1	1
LEU257C	5	4	22	13	9064	2103.75659648513	5	4	25	16	1	1	1	1	1	1
THR140A	7	4	16	8	1337	848.339705642619	5	3	12	3	2822	848.339705642619	5	3	7	2
THR125D	9	9	31	28	34028	27273.1207620096	7	7	24	20	1	1	1	1	1	1
PHE212C	3	1	8	1	746	1	2	1	4	0	1	1	1	1	1	1
VAL172C	6	6	19	17	2248	1992.52200045679	5	5	15	9	1	1	1	1	1	1
GLY117A	5	5	17	12	1023	647.333458401923	4	4	17	13	407	292.77506915236	2	2	3	3
SER116A	5	2	15	3	1479	1	3	1	9	0	2703	1225	3	2	3	0
GLU258A	5	2	23	5	37442	3169.07021245566	5	2	22	4	1	1	1	1	1	1
CYS273A	5	4	19	13	313	210.394502202122	3	3	7	6	1	1	1	1	1	1
SER269C	3	1	7	1	746	1	3	1	8	0	709	1	2	1	2	0
GLN104C	3	1	11	1	746	1	3	1	12	0	1	1	1	1	1	1
ARG158D	7	4	23	6	10355	3667.35832800289	5	4	14	6	6368	575.877053993793	5	2	8	1
GLN136C	6	4	22	7	1778	132	6	4	28	5	640	74	4	3	5	1
THR123C	5	3	19	5	792	719	5	3	21	3	604	531	3	2	4	0
TRP146B	8	3	24	3	9260	3641.81956195627	7	3	28	2	1	1	1	1	1	1
ASP148C	4	3	12	7	746	162.632116040562	4	3	13	7	1	1	1	1	1	1
ARG282A	9	7	24	14	75276	26178.5863009292	7	6	26	15	1	1	1	1	1	1
GLY279A	7	7	27	22	3989	3210.21181285673	3	3	12	9	1	1	1	1	1	1
VAL173B	8	8	20	18	17624	13951.6479293585	6	6	21	17	11496	10518.8913836015	5	5	12	8
SER121B	2	2	5	5	1	1	1	1	1	1	1	1	1	1	1	1
VAL122B	6	5	15	14	1487	948.773672600297	4	4	10	8	1	1	1	1	1	1
GLY117D	5	5	16	16	1280	750.370105118069	4	4	16	14	1	1	1	1	1	1
PRO152A	6	4	20	11	6015	2748.02484767391	5	4	28	13	6758	2748.02484767391	5	3	5	2
LEU137C	8	7	28	15	746	605.302549068196	7	6	40	15	3	2.30254906819604	3	3	5	3
SER127A	4	2	12	4	1490	404	4	2	13	2	1	1	1	1	1	1
GLY226A	3	3	2	1	1489	1094.22960190787	2	2	2	1	1	1	1	1	1	1
SER227A	3	2	3	2	3718	395.770398092128	3	2	3	1	1	1	1	1	1	1
ARG283B	5	4	19	7	43553	25217.4718711109	4	4	12	7	43011	24908.0613920615	3	3	2	1
GLY279D	8	8	23	21	1243	1030.24904311287	3	3	12	10	1	1	1	1	1	1
LEU264A	6	4	16	8	4833	4833	4	3	10	5	1	1	1	1	1	1
ALA161A	8	8	23	20	1576	688.263308087292	6	6	24	21	477	196.844844139788	2	2	2	2
ILE251A	5	4	19	14	746	153	5	4	24	16	1	1	2	2	3	1
TYR205C	8	4	28	15	31286	1263.72809784326	8	4	36	13	1	1	1	1	1	1
VAL216C	9	9	27	23	12724	12694	7	7	34	24	1	1	1	1	1	1
ARG110B	6	4	19	12	8328	6169.05301402551	6	4	25	12	1	1	1	1	1	1
SER240B	4	4	17	13	746	621.300390140164	4	4	17	12	1	1	1	1	1	1
ASP186A	5	4	10	8	1564	1390.83653731257	4	3	8	5	1564	1390.83653731257	3	3	3	2
VAL272D	10	9	31	23	9494	9063	6	5	24	12	1	1	1	1	1	1
TYR163B	4	3	17	9	5684	632.593401737623	4	3	18	9	5684	632.593401737623	4	3	8	3
LEU111D	10	8	32	22	4104	3778.5	8	8	35	20	1971	1971	2	2	3	1
ASN131D	4	3	9	3	2234	938	4	3	10	2	1	1	1	1	1	1
SER269D	2	1	3	1	746	1	2	1	3	0	1	1	1	1	1	1
CYS135D	7	5	31	14	3692	652.179514762944	6	4	30	9	1	1	1	1	1	1
GLY187D	4	3	9	5	1367	561.061218570405	3	2	6	3	1	1	1	1	1	1
LEU188D	7	4	21	11	6731	6036.9387814296	5	4	15	9	5577	5577	2	2	1	0
HIS233B	5	3	18	5	714	204.1014362939	4	2	15	2	1	1	1	1	1	1
THR231B	5	4	15	9	5232	5232	2	2	3	2	1	1	1	1	1	1
CYS229B	6	4	18	6	5242	2183.27221195871	5	3	17	6	5	1	2	1	2	0
GLN104A	4	2	13	4	6262	5962	3	2	11	3	1	1	1	1	1	1
ARG110D	5	4	17	10	1854	1181.43572186818	5	4	18	8	1	1	1	1	1	1
ASN268D	6	4	22	9	3399	1658	5	3	20	5	1	1	1	1	1	1
THR155C	9	8	25	18	3712	2515.35202823396	9	8	34	22	1	1	1	1	1	1
ASN263C	4	3	7	5	2232	463.507017638201	4	3	6	2	1	1	1	1	1	1
GLY262C	4	4	7	6	745	745	2	2	3	2	1	1	1	1	1	1
PRO191C	4	3	12	5	16596	1	2	1	8	0	1	1	1	1	1	1
ASN131C	4	3	12	3	2160	1036	4	3	14	2	1036	1036	3	3	4	1
VAL218A	7	7	19	16	16936	11216.2797752476	5	5	20	15	1	1	1	1	1	1
SER166A	3	2	8	3	745	1	2	1	6	0	1	1	1	1	1	1
PHE134D	6	4	22	10	2290	460	4	3	15	6	1	1	1	1	1	1
GLY199C	3	3	6	4	21014	21014	3	3	6	3	1	1	1	1	1	1
VAL197C	10	8	30	22	9033	5459.4912588659	8	6	35	17	1	1	1	1	1	1
CYS242A	6	5	16	10	1487	529.918289673056	4	4	22	13	1	1	1	1	1	1
ARG110C	4	3	11	7	746	358.145177680696	4	3	13	7	1	1	1	1	1	1
ARG249C	8	6	22	11	12540	8699.24655455914	8	6	23	11	1	1	1	1	1	1
PHE270A	10	5	29	16	24286	8081.60286250857	9	5	36	15	17018	3324.40494143993	6	3	14	5
ALA159C	6	6	23	15	2978	2547.68423994452	4	4	15	10	1	1	2	2	3	1
ARG158C	9	6	26	12	76688	41212.5376474533	6	5	19	10	1	1	1	1	1	1
ASP184C	6	6	18	13	1646	252.292824211315	4	4	20	15	1646	252.292824211315	4	4	6	5
ARG267C	7	4	17	6	2808	2068.35510754349	4	3	6	1	1	1	1	1	1	1
ILE232D	7	5	28	16	6990	2229.28809368615	5	4	21	13	1	1	2	2	4	2
VAL157D	8	7	28	20	13018	10272.2177413018	6	5	21	10	8	8	3	2	7	1
ALA138A	4	4	13	6	236	147.680863410944	3	3	9	2	1	1	1	1	1	1
GLY244D	4	4	7	6	1412	523.256653419413	3	3	5	5	1	1	1	1	1	1
ALA119D	4	4	11	10	127	127	2	2	6	4	1	1	1	1	1	1
SER96D	3	1	8	1	746	1	3	1	7	0	1	1	1	1	1	1
VAL97D	7	7	16	12	2313	2139.70206327126	5	5	16	8	235	118	2	2	3	3
HIS193D	6	6	19	14	6340	5038.4022631823	5	5	19	13	1	1	1	1	1	1
LEU264B	6	4	19	9	37	37	3	2	6	0	1	1	1	1	1	1
GLU285C	5	3	12	5	802	130.93058836516	4	3	10	5	1	1	1	1	1	1
THR284C	3	3	7	4	1	1	1	1	1	1	1	1	1	1	1	1
CYS277C	4	3	12	2	2524	897	4	3	10	0	1	1	1	1	1	1
LYS120C	3	1	5	1	746	1	2	1	3	0	1	1	1	1	1	1
LEU264C	5	5	18	14	1	1	2	2	3	0	1	1	1	1	1	1
ARG175A	7	6	21	12	8668	8572.1912660433	7	6	28	11	5085	4989.1912660433	5	4	9	4
ASP184A	5	5	13	10	746	146.082360276475	3	3	11	9	746	146.082360276475	4	4	7	5
CYS229C	5	4	15	9	2826	1152.54760565574	5	4	14	7	1262	1152.54760565574	3	3	3	2
ALA138C	4	4	15	8	750	458.617341967169	3	3	10	3	1	1	1	1	1	1
LYS139C	5	1	12	1	1766	1	5	1	14	0	531	1	2	1	2	0
LEU194C	8	8	32	25	916	856	8	8	44	27	796	796	4	4	9	5
HIS233D	3	3	8	6	460	115.145606580489	2	2	4	2	460	115.145606580489	2	2	2	2
THR231D	5	5	14	11	1182	1182	2	2	3	2	723	459.760199916447	2	2	1	1
SER166C	3	2	8	3	1	1	1	1	1	1	1	1	1	1	1	1
CYS277A	8	4	15	5	2280	204.345470325351	4	2	11	1	1	1	1	1	1	1
GLN136B	6	3	23	3	24184	170	5	3	23	2	1	1	1	1	1	1
LYS139B	4	1	9	1	752	1	4	1	10	0	1	1	1	1	1	1
GLY199D	3	3	6	4	746	746	3	3	6	3	1	1	1	1	1	1
GLU198A	5	3	16	6	2172	854.183638537156	4	3	9	5	767	351.15673672032	2	2	4	2
GLY199A	3	3	6	4	766	766	3	3	6	3	1	1	1	1	1	1
HIS233A	3	3	8	6	571	139.503557637061	2	2	4	2	571	139.503557637061	2	2	4	2
GLU271D	6	3	17	4	3472	676.522521869158	5	3	11	4	1	1	1	1	1	1
VAL216B	8	8	24	21	3465	3349.5	6	6	28	21	3345	3345	4	4	8	3
MET237D	7	4	20	8	19068	2845.58585732191	7	4	27	9	1	1	1	1	1	1
VAL173A	8	8	22	21	8502	8004.08153605249	6	6	24	19	284	284	2	2	3	2
GLY154D	5	5	15	12	5578	5578	4	4	15	10	1	1	1	1	1	1
THR155D	8	7	23	15	5196	2044.79163619673	8	7	31	17	1	1	1	1	1	1
ARG174B	5	3	13	2	708	1.5	4	3	8	3	88	1.5	4	3	7	3
GLN192B	4	3	9	5	746	215.978558922208	3	3	7	6	746	215.978558922208	3	3	5	4
ILE162B	8	5	23	8	23178	3525.0612706894	7	5	22	9	15866	3525.0612706894	6	4	11	5
LEU145D	7	7	29	20	4088	2590.5	6	6	28	17	1	1	1	1	1	1
ASN200C	5	2	15	7	22238	5855.26146967334	4	2	14	5	1	1	1	1	1	1
ASN247C	3	2	5	2	746	194.386358108598	2	2	1	1	1	1	1	1	1	1
CYS273D	5	4	20	12	856	468.836767816332	3	3	7	6	1	1	1	1	1	1
GLN144C	8	4	22	7	12517	1641.16272463866	5	3	15	5	1045	1	2	1	2	0
ASP259C	7	5	19	4	93372	1025.4929823618	4	2	13	2	45735	1	2	1	2	0
SER261C	6	2	13	3	345	130.310996893677	3	2	7	3	345	130.310996893677	2	2	2	2
TYR107C	7	2	24	4	32323	2978.68522162794	6	2	24	4	15452	1	3	1	4	0
ASN263D	4	1	12	1	1506	1	4	1	10	0	1	1	1	1	1	1
GLY262D	5	4	9	5	745	745	3	3	5	1	1	1	1	1	1	1
TYR236B	8	4	30	13	16410	1581.68958491073	8	4	35	11	2365	1186.96982312652	2	2	4	4
VAL272B	10	9	30	24	5446	4553.02287146316	6	5	25	14	17	12.7426332473746	2	2	4	4
PRO142D	7	5	22	12	2132	325.607492275882	4	3	7	5	3087	2734.50010480038	4	4	5	3
THR140D	7	5	17	11	936	583.854393419511	5	3	10	3	1462	698.354288619132	3	3	4	4
GLU285A	6	3	12	4	4344	693.599774168217	5	3	10	4	1	1	1	1	1	1
VAL225A	2	2	2	2	1	1	1	1	1	1	1	1	1	1	1	1
GLY244A	5	5	11	10	2928	1103.82848023092	4	4	12	10	1	1	1	1	1	1
MET243A	3	3	5	5	1448	1448	2	2	2	1	1	1	1	1	1	1
PRO98C	5	5	16	10	6266	4790.38958454308	5	5	21	14	1	1	1	1	1	1
PRO190A	6	5	17	13	2706	2706	2	2	7	3	1	1	1	1	1	1
GLU171C	5	2	18	5	1089	385.367971001211	4	2	20	5	1	1	1	1	1	1
PRO223B	5	5	12	8	2401	2401	4	4	11	6	1	1	1	1	1	1
GLY154B	5	5	15	12	2224	2224	4	4	13	9	1	1	1	1	1	1
ASN210C	3	1	7	1	1	1	1	1	1	1	1	1	1	1	1	1
ASP208C	4	4	6	4	1	1	1	1	1	1	1	1	1	1	1	1
ILE195A	5	4	22	13	2252	838.655155860213	5	4	22	12	1008	812.155155860213	3	3	5	3
LEU206B	4	3	13	7	746	13.5	3	2	10	4	746	13.5	3	2	5	2
SER185B	4	3	8	5	746	746	3	3	6	3	1	1	1	1	1	1
SER106C	2	1	6	1	746	1	2	1	6	0	1	1	1	1	1	1
MET237B	6	4	18	9	3422	575.987215952324	6	4	23	10	1	1	1	1	1	1
HIS214C	5	4	12	6	5114	2807.92760109929	5	4	12	5	4413	2106.92760109929	3	3	4	2
VAL197A	10	8	30	20	12699	8799.89511157927	8	6	33	14	1	1	1	1	1	1
ASN210B	4	2	6	1	1	1	1	1	1	1	1	1	1	1	1	1
SER260B	4	2	9	1	742	1	2	1	3	0	1	1	1	1	1	1
SER261B	5	1	9	1	1	1	2	1	3	0	1	1	1	1	1	1
ASP207C	5	4	13	8	404	1	4	3	13	4	746	78.0333305862582	4	3	8	4
ASN131A	4	3	12	5	2234	746	4	3	13	4	746	746	3	3	6	2
ASN210D	4	2	6	1	1	1	1	1	1	1	1	1	1	1	1	1
ASP208D	4	4	6	5	1	1	1	1	1	1	1	1	1	1	1	1
CYS135C	6	5	28	16	746	211.020179067792	5	4	28	13	162	1	3	2	3	0
TRP146D	8	3	25	5	14768	3695.38512245282	7	3	26	4	4026	3695.38512245282	3	3	3	2
GLY108B	9	8	24	13	6835	4447.52054400141	8	7	31	13	1	1	1	1	1	1
SER116C	4	2	9	3	1	1	2	1	4	0	2	2	2	2	1	0
VAL122C	6	5	17	14	1298	853.413546369264	5	4	15	9	1	1	2	1	3	0
PHE212D	3	1	5	1	746	1	2	1	2	0	1	1	1	1	1	1
GLN165D	5	4	14	8	1	1	2	2	7	5	1	1	1	1	1	1
LEU194B	6	6	24	20	15258	11597.5	6	6	29	21	1	1	1	1	1	1
GLU258C	4	2	20	5	68368	9302.36546206505	4	2	19	4	1	1	1	1	1	1
TYR107B	4	2	15	4	507	108.825706969007	3	2	9	4	1	1	1	1	1	1
HIS214D	5	5	10	9	3584	2008.19824498361	5	5	10	9	1	1	1	1	1	1
ASN239C	5	2	19	6	745	1.69745093180396	4	2	21	5	745	1.69745093180396	3	2	6	2
ILE254A	7	4	25	6	11967	9954.37094607656	4	4	9	4	8314	6301.37094607656	2	2	1	1
SER99A	5	4	10	3	1069	134.243785338222	3	2	5	1	1	1	1	1	1	1
THR125B	8	8	31	29	45899	32097.7375608193	6	6	23	21	1	1	1	1	1	1
VAL274B	12	11	36	27	37199	31891.569867424	9	8	45	24	1	1	1	1	1	1
PRO152D	5	4	15	10	1173	785.191100536076	4	4	20	12	1	1	1	1	1	1
PRO153D	3	2	6	4	1	1	1	1	1	1	1	1	1	1	1	1
CYS124B	9	7	24	18	38301	26951.1638411883	6	5	19	11	25423	18094.5	3	3	4	3
THR123B	5	3	18	7	1980	753	5	3	20	4	1	1	1	1	1	1
ILE251D	6	4	24	17	1396	806.5	5	4	25	14	1	1	1	1	1	1
LEU252D	5	4	14	7	900	625	4	3	12	3	1	1	1	1	1	1
PHE270B	7	4	24	12	4656	136.086549551414	6	4	29	11	4656	136.086549551414	5	3	9	5
THR253B	7	7	27	17	2656	1316.20099407469	5	5	21	13	2656	1316.20099407469	5	5	8	5
LEU111B	9	7	28	22	13430	10522	8	7	35	20	1153	1153	2	2	4	2
PRO250D	4	3	11	6	2336	2241	4	3	12	5	1	1	1	1	1	1
MET133B	6	5	24	12	23810	15511.78656936	6	5	26	11	11523	11523	2	2	3	2
SER149D	4	2	14	2	746	16	3	2	13	1	1	1	1	1	1	1
GLY245A	6	6	20	16	885	732.5	4	4	16	13	1	1	1	1	1	1
MET246A	9	5	25	15	9969	5332	8	5	36	15	1	1	4	2	7	4
ASN247A	4	2	6	1	2156	133.058339848909	3	2	3	1	1	1	1	1	1	1
GLN165C	5	3	11	8	745	249.127968153479	3	3	10	8	1	1	1	1	1	1
ARG280A	5	3	12	4	1127	923.654529674649	2	2	3	1	1	1	1	1	1	1
THR284A	4	3	9	5	738	1	2	1	2	0	1	1	1	1	1	1
ASP186C	6	4	15	9	882	412.427019835212	5	3	16	7	317	95.3520452288202	3	2	5	2
ARG282D	9	7	24	15	23036	15656.4551149638	7	6	27	18	1	1	1	1	1	1
ILE195B	5	4	20	11	2088	934	5	4	19	10	1003	52	3	2	7	4
LYS164B	4	2	12	3	3624	1443.19219123187	4	2	13	3	1	1	1	1	1	1
PRO223C	5	5	11	8	3875	3875	4	4	11	7	1	1	1	1	1	1
THR230C	6	5	14	10	1601	1601	5	4	11	4	2528	2098.9971143797	3	3	4	2
ALA276B	5	4	17	10	69468	35092.0534494062	4	3	15	6	34852	476.053449406219	4	3	3	1
ALA119C	4	3	9	5	192	192	2	2	5	4	1	1	1	1	1	1
GLN192A	3	2	6	2	1654	1	2	1	4	0	1654	1	2	1	3	0
HIS214A	5	5	10	9	5338	3457.53097869078	5	5	9	8	4799	3007.81001219453	4	4	7	5
GLY266B	8	8	25	17	10128	10128	5	5	18	8	1	1	1	1	1	1
TYR103B	5	1	14	1	2498	1	4	1	11	0	1	1	1	1	1	1
GLU286B	4	3	11	7	10	5.46487468852151	3	2	7	2	1	1	1	1	1	1
SER127B	5	3	14	4	8964	2605.53512531148	5	3	16	3	1	1	1	1	1	1
GLU180C	3	2	9	1	746	746	3	2	10	0	746	746	3	2	5	0
GLY262B	6	5	11	7	807	807	4	4	9	4	1	1	1	1	1	1
SER99D	4	3	11	6	855	60.3816355805318	3	2	5	2	1	1	1	1	1	1
SER149A	4	2	14	3	4532	2271	4	2	20	2	1	1	1	1	1	1
GLN104D	3	2	10	6	2218	758.373678404775	2	2	6	5	1	1	1	1	1	1
LYS101A	2	1	4	1	1	1	1	1	1	1	1	1	1	1	1	1
THR170A	5	4	13	7	745	198.291883649808	3	2	10	3	1	1	1	1	1	1
PRO223D	5	4	10	7	2228	2227	4	3	11	4	1	1	1	1	1	1
GLU221B	4	1	8	1	1169	1	3	1	6	0	1	1	1	1	1	1
TYR163D	4	3	18	9	19290	1078.7750496774	4	3	21	9	1	1	1	1	1	1
TYR234A	7	3	27	8	30118	1362.70294942925	5	2	17	3	13297	1	2	1	3	0
LEU130B	4	3	8	4	4680	1722.31103698485	4	3	9	3	1	1	1	1	1	1
GLY244C	5	5	11	10	2230	2144.83012505513	4	4	12	10	1	1	1	1	1	1
MET243C	3	3	4	4	746	552.613641891402	2	2	1	1	1	1	1	1	1	1
ASN131B	3	2	6	1	2234	746	3	2	6	0	1	1	1	1	1	1
VAL143B	7	7	24	20	8215	5293.5	5	5	23	13	89	45	2	2	4	2
CYS273C	5	4	17	11	1	1	3	3	7	5	746	240.192845169689	4	3	9	5
ASN263A	5	2	14	4	2232	11	5	2	14	2	11	11	2	2	1	0
CYS124D	6	5	21	18	5438	2909.41715489378	5	4	16	10	1	1	2	2	3	3
THR123D	5	4	14	7	1868	1868	4	4	11	5	1	1	1	1	1	1
GLU204B	4	2	13	3	746	1	4	2	14	2	1	1	1	1	1	1
PRO153C	3	2	6	5	1	1	1	1	1	1	1	1	1	1	1	1
ASN239D	6	2	25	5	974	246.213954061746	5	2	30	4	1	1	1	1	1	1
ALA161B	6	6	21	18	2126	1024.35207064146	4	4	14	13	659	659	3	3	8	4
TYR220D	6	2	25	6	13852	1	6	2	30	4	1	1	1	1	1	1
GLN167A	4	3	6	5	1	1	2	2	4	3	1	1	1	1	1	1
LEU265C	9	6	29	14	84057	82464	7	6	29	14	1	1	1	1	1	1
ASP228D	5	2	13	2	5198	998.07733220535	4	2	12	2	2969	1	2	1	2	0
HIS178A	4	2	9	2	1846	181.600259515571	3	2	9	2	1	1	1	1	1	1
VAL122A	7	5	20	11	1487	1444.60280545819	5	4	20	8	1	1	1	1	1	1
ILE251C	6	4	23	14	1232	47.5	5	4	24	16	1	1	1	1	1	1
GLY187C	5	4	13	9	2094	765.03606086293	4	3	12	7	2410	986.68401563411	4	3	7	4
PRO128B	7	5	20	9	3835	3835	6	4	23	8	1	1	2	1	3	0
SER166B	3	2	7	2	1	1	1	1	1	1	1	1	1	1	1	1
SER215D	5	3	19	7	1968	615.551266173485	4	3	12	6	1	1	1	1	1	1
ILE232C	6	4	25	16	3607	1321.51684731612	5	4	24	15	1	1	1	1	1	1
ALA159A	6	6	23	14	10720	8862.05091278699	4	4	13	7	1	1	2	2	2	1
MET243D	3	2	3	1	82	62.2413730891254	2	2	1	1	1	1	1	1	1	1
PRO177A	4	4	10	9	6444	4703.82101289408	3	3	10	8	1	1	1	1	1	1
LEU206A	5	4	16	8	407	137.239726683904	4	3	14	6	407	137.239726683904	4	3	6	2
GLU258D	5	3	19	7	703	128.122946006207	4	2	17	3	703	128.122946006207	2	2	4	1
LYS101B	3	1	9	1	746	1	2	1	3	0	1	1	1	1	1	1
GLU286A	3	2	10	6	188	1	2	1	3	0	1	1	1	1	1	1
LEU130A	5	4	7	5	942	539	4	3	8	2	1	1	1	1	1	1
GLY279C	7	7	21	19	2186	2010.17517091106	4	4	15	13	1	1	1	1	1	1
LEU264D	6	5	19	15	1886	762	3	2	5	3	1	1	1	1	1	1
LEU265D	9	6	24	10	925	913	7	5	22	3	1	1	1	1	1	1
ILE255A	8	4	31	13	6644	458.746137783764	5	2	20	3	1	1	1	1	1	1
PHE113B	8	4	25	10	28790	3951	8	4	34	10	15473	3951	4	3	6	2
ILE254D	5	3	17	4	2617	1419.90893110687	3	3	7	4	2236	1038.90893110687	3	2	4	2
ALA129B	3	3	10	7	3113	904.89531824208	2	2	5	4	3113	904.89531824208	2	2	3	3
ARG283C	3	2	10	4	734	414.450445782092	2	2	5	4	1	1	1	1	1	1
ASN239A	7	2	24	5	744	3.53599550169925	5	2	29	4	1	1	1	1	1	1
SER241A	3	3	9	6	1	1	1	1	1	1	1	1	1	1	1	1
ILE195C	6	5	27	15	6888	2083.5	6	5	28	14	2335	1209.5	4	4	10	8
TYR205B	8	4	28	16	18602	5918.13203389201	8	4	34	14	10317	5683	4	2	7	1
VAL203B	8	8	24	20	4138	2790.77015104724	7	7	31	22	2394	2348	3	3	4	2
LYS164D	4	2	14	3	804	747	4	2	11	2	1	1	1	1	1	1
PRO250A	6	5	14	9	1390	1306.9107832636	6	5	19	10	618	618	3	3	5	3
GLU224B	2	1	2	1	1	1	1	1	1	1	1	1	1	1	1	1
VAL225B	3	2	2	1	1	1	1	1	1	1	1	1	1	1	1	1
LEU194D	7	7	27	22	2226	1822.90827491259	7	7	36	24	1	1	1	1	1	1
VAL217D	6	6	23	20	30251	29535.4241839569	4	4	16	11	16980	8251.81835440578	4	4	9	8
THR230D	5	4	12	8	24	4	4	3	9	2	723	264.239800083553	2	2	1	1
THR170C	5	4	14	8	745	135.255755862926	3	2	13	4	1	1	1	1	1	1
CYS182B	3	3	12	10	746	620.752606201074	3	3	13	10	1	1	1	1	1	1
SER185D	4	3	8	5	481	481	3	3	5	3	1	1	1	1	1	1
ALA159D	6	6	23	13	2502	1635.20078311891	4	4	15	8	3049	2540.15936147795	5	5	11	5
ARG209A	3	1	4	1	1	1	1	1	1	1	1	1	1	1	1	1
ASP208A	4	4	6	5	1	1	1	1	1	1	1	1	1	1	1	1
LEU114C	4	3	13	6	745	373	3	3	7	4	2	1	2	1	1	0
CYS135B	7	5	30	17	4258	1930	6	4	32	14	1	1	1	1	1	1
MET160A	6	3	20	7	2950	2950	4	3	15	6	1718	1718	3	2	3	1
GLY108C	8	7	20	9	1979	1461.22270627874	7	6	23	8	1	1	1	1	1	1
LEU111C	9	8	30	18	6980	5677.5	7	7	28	16	1	1	1	1	1	1
GLY154C	4	4	11	9	890	890	3	3	10	7	1	1	1	1	1	1
ALA129C	3	3	6	6	1	1	1	1	1	1	1	1	1	1	1	1
ASN235B	2	2	5	3	746	543.147710396941	2	2	4	3	746	543.147710396941	2	2	1	1
GLN192C	4	1	6	1	2234	1	3	1	6	0	2234	1	3	1	4	0
SER127C	5	3	11	4	2186	504.859656952832	5	3	14	4	1	1	1	1	1	1
LEU188C	7	5	18	13	7193	3746.75775297067	6	5	19	12	4461	2793.06862089499	4	4	5	3
GLY199B	3	3	7	5	3712	3712	3	3	7	4	1	1	1	1	1	1
ASP228C	4	2	8	1	6674	2969	4	2	8	0	1396	1	2	1	2	0
LEU188B	6	3	15	8	838	65.3400867890575	4	3	12	7	93	47	2	2	2	2
PRO153A	3	2	6	4	1	1	1	1	1	1	744	744	2	2	4	2
SER149B	4	2	13	2	291	1	2	1	7	0	1	1	1	1	1	1
CYS242D	6	5	14	9	1257	542.938591736296	4	4	21	14	1	1	1	1	1	1
GLY266D	8	8	23	17	3697	3141.94128670655	5	5	15	8	1	1	1	1	1	1
TYR103D	3	1	8	1	745	1	2	1	4	0	1	1	1	1	1	1
ARG280D	5	3	12	4	1371	989.088776741036	2	2	3	2	1	1	1	1	1	1
ASP281B	5	4	16	8	453	189.329079630397	3	3	9	6	1	1	1	1	1	1
CYS182A	4	3	9	3	746	507.147656974705	3	3	8	4	1	1	2	1	3	0
THR230B	6	6	14	12	876	662.976847806962	5	5	11	8	1	1	1	1	1	1
GLU286D	4	3	12	8	6	3.43202460620948	3	2	8	4	1	1	1	1	1	1
ALA129A	3	3	7	6	1	1	1	1	1	1	1	1	1	1	1	1
SER185A	4	3	8	5	746	618.33265122432	3	3	5	4	1	1	1	1	1	1
GLU286C	3	3	10	8	3	2.19657984420784	2	2	4	2	1	1	1	1	1	1
PRO250B	6	5	13	9	5118	4519.94346870331	6	5	16	8	2098	1499.94346870331	2	2	1	1
ARG196A	7	5	26	13	1225	890.865388160052	6	5	23	12	1165	880.895447909897	3	3	6	4
PRO153B	3	2	7	5	1	1	1	1	1	1	1	1	1	1	1	1
ASN200A	5	2	14	6	1738	634.240458216248	4	2	13	4	1	1	1	1	1	1
GLN136A	6	3	23	4	3810	1588	6	3	30	3	1	1	1	1	1	1
ALA119A	3	2	12	7	744	744	2	2	8	6	1	1	1	1	1	1
MET160D	6	2	15	3	801	742	4	2	10	2	1	1	2	1	4	0
GLY112C	5	5	16	13	21111	19788.3372753613	4	4	11	6	1	1	1	1	1	1
GLY117C	5	4	16	10	1488	818.427036732213	4	3	18	10	1	1	1	1	1	1
LEU145C	7	7	29	21	11401	6225	6	6	27	17	1	1	1	1	1	1
ALA129D	4	3	8	6	1	1	2	1	5	0	1	1	1	1	1	1
ASP281A	4	4	10	7	746	547.887334618484	3	3	7	5	1	1	1	1	1	1
SER116B	5	2	14	3	1442	1	3	1	8	0	1690	249	3	2	4	0
SER241D	2	2	5	5	1	1	1	1	1	1	1	1	1	1	1	1
LYS120B	3	1	8	1	745	1	2	1	5	0	1	1	1	1	1	1
PRO222A	4	2	7	1	1	1	2	1	4	0	580	580	2	2	2	0
GLY262A	5	4	11	5	745	745	3	3	7	3	1	1	1	1	1	1
GLU271B	6	4	19	6	16089	1809.13234769472	5	4	14	7	1	1	1	1	1	1
SER96B	2	1	5	1	746	1	2	1	5	0	1	1	1	1	1	1
ASN288A	3	3	7	5	2218	2218	3	3	5	2	1	1	1	1	1	1
ASN268B	6	4	19	8	2173	151	5	3	19	4	1	1	1	1	1	1
THR123A	6	4	19	7	1466	1097	6	4	25	5	1	1	1	1	1	1
PRO191A	4	3	11	5	3584	1	2	1	6	0	1	1	1	1	1	1
LEU114B	4	3	15	8	1032	613.401305660137	3	3	8	6	249	1	2	1	2	0
VAL143A	8	8	29	21	3649	2631.5	5	5	22	15	2027	1014	3	3	6	5
SER121D	2	2	7	7	1	1	1	1	1	1	1	1	1	1	1	1
ARG248C	2	1	3	1	746	1	2	1	3	0	1	1	1	1	1	1
PRO250C	4	4	9	7	3718	3469.87203184652	4	4	10	7	1	1	1	1	1	1
THR102B	3	3	8	4	746	746	2	2	4	2	1	1	1	1	1	1
SER260C	5	2	12	2	1378	1	3	1	5	0	898	1	2	1	2	0
ARG280C	5	2	9	2	152	1	2	1	3	0	1	1	1	1	1	1
ASP281C	3	3	8	3	561	379.661176692572	2	2	4	3	1	1	1	1	1	1
ASN268A	3	2	8	1	2234	243.061554133561	3	2	7	1	1	1	1	1	1	1
THR102A	2	2	2	1	746	503.938445866439	2	2	2	1	1	1	1	1	1	1
SER185C	4	3	10	6	746	746	3	3	7	4	746	746	3	3	5	3
GLU285B	5	3	9	4	4229	414.903496173997	4	3	8	4	1	1	1	1	1	1
ARG196C	8	6	28	17	2611	1990.42284105257	7	6	31	18	1070	981.965190771039	2	2	3	3
GLY187B	4	3	9	4	794	30.6599132109425	3	2	5	2	1	1	1	1	1	1
THR150D	2	2	7	5	746	96.6204130717089	2	2	7	5	1	1	1	1	1	1
VAL143C	6	6	25	15	4547	4460.5	4	4	17	10	1	1	1	1	1	1
ARG248A	3	2	7	1	750	576.941660151091	3	2	7	1	42	1	2	1	2	0
CYS124C	8	5	23	9	10920	10732	5	4	14	6	10732	10732	4	4	4	2
PHE212A	3	1	7	1	110	1	2	1	3	0	1	1	1	1	1	1
GLU224C	2	2	2	1	1	1	1	1	1	1	1	1	1	1	1	1
VAL225C	3	2	2	1	1	1	1	1	1	1	1	1	1	1	1	1
THR102C	3	3	8	4	742	742	2	2	4	2	1	1	1	1	1	1
CYS182C	4	3	12	6	746	452.056931147331	3	3	8	5	1	1	1	1	1	1
SER215A	6	3	20	7	6836	2266.17211099774	5	3	16	6	2124	270.760273316096	3	2	5	2
SER261A	4	1	9	1	1	1	1	1	1	1	1	1	1	1	1	1
ARG209C	2	1	3	1	1	1	1	1	1	1	1	1	1	1	1	1
MET133D	6	5	23	14	28608	13881.1378658056	6	5	24	14	16851	11320.5	3	3	7	6
SER106B	2	1	6	1	746	1	2	1	5	0	1	1	1	1	1	1
THR284B	3	3	7	5	1	1	1	1	1	1	1	1	1	1	1	1
LEU206C	7	5	21	9	2470	1442	6	4	20	5	1784	1706.96666941374	4	4	8	4
GLU287B	2	1	3	1	746	1	2	1	3	0	1	1	1	1	1	1
LYS101C	3	1	9	1	744	1	2	1	3	0	1	1	1	1	1	1
VAL225D	2	1	2	1	1	1	1	1	1	1	1	1	1	1	1	1
GLY226C	3	3	3	2	2230	2230	2	2	2	0	1	1	1	1	1	1
ASN210A	4	2	6	1	1	1	1	1	1	1	1	1	1	1	1	1
GLU221A	4	1	7	1	1191	1	3	1	6	0	1016	1	3	1	3	0
LYS101D	2	1	6	1	746	1	2	1	3	0	1	1	1	1	1	1
LEU114D	4	3	14	7	951	626.392507724118	3	3	8	5	210	1	2	1	1	0
SER106D	2	1	5	1	746	1	2	1	4	0	1	1	1	1	1	1
ASP228A	3	2	8	2	5198	2230	3	2	7	1	2969	1	2	1	2	0
ARG209D	3	1	4	1	1	1	1	1	1	1	1	1	1	1	1	1
GLY226B	3	3	4	4	2230	2230	2	2	3	2	1	1	1	1	1	1
ARG174C	3	1	10	1	702	1	2	1	4	0	1	1	1	1	1	1
SER227C	3	1	4	1	5198	1	3	1	4	0	1	1	1	1	1	1
ASN247D	3	2	5	1	82	20.7586269108746	2	2	1	1	1	1	1	1	1	1
ALA119B	4	3	10	5	743	743	2	2	6	4	1	1	1	1	1	1
LYS164A	4	2	14	3	3614	1634.42641230066	4	2	15	3	1	1	1	1	1	1
SER240A	4	3	16	11	746	746	4	3	17	9	1	1	1	1	1	1
SER269B	2	1	2	1	746	1	2	1	2	0	1	1	1	1	1	1
ARG248D	2	1	3	1	746	1	2	1	3	0	1	1	1	1	1	1
SER269A	2	1	3	1	746	1	2	1	3	0	746	1	2	1	2	0
SER121A	2	2	6	5	1	1	1	1	1	1	1	1	1	1	1	1
THR284D	3	3	7	4	1	1	1	1	1	1	1	1	1	1	1	1
ARG181D	2	2	4	4	1	1	1	1	1	1	1	1	1	1	1	1
LYS120D	2	1	3	1	1	1	1	1	1	1	1	1	1	1	1	1
LYS120A	1	1	1	1	1	1	1	1	1	1	1	1	1	1	1	1
GLU180A	1	1	1	1	1	1	1	1	1	1	1	1	1	1	1	1
ARG181A	1	1	1	1	1	1	1	1	1	1	1	1	1	1	1	1
SER183A	1	1	1	1	1	1	1	1	1	1	1	1	1	1	1	1
LEU201A	1	1	1	1	1	1	1	1	1	1	1	1	1	1	1	1
GLU224A	1	1	1	1	1	1	1	1	1	1	1	1	1	1	1	1
ARG181B	1	1	1	1	1	1	1	1	1	1	1	1	1	1	1	1
SER183B	1	1	1	1	1	1	1	1	1	1	1	1	1	1	1	1
LEU201B	1	1	1	1	1	1	1	1	1	1	1	1	1	1	1	1
HIS115C	1	1	1	1	1	1	1	1	1	1	1	1	1	1	1	1
SER121C	1	1	1	1	1	1	1	1	1	1	1	1	1	1	1	1
ARG181C	1	1	1	1	1	1	1	1	1	1	1	1	1	1	1	1
SER183C	1	1	1	1	1	1	1	1	1	1	1	1	1	1	1	1
LEU201C	1	1	1	1	1	1	1	1	1	1	1	1	1	1	1	1
SER241C	1	1	1	1	1	1	1	1	1	1	1	1	1	1	1	1
GLU287C	1	1	1	1	1	1	1	1	1	1	1	1	1	1	1	1
HIS115D	1	1	1	1	1	1	1	1	1	1	1	1	1	1	1	1
SER183D	1	1	1	1	1	1	1	1	1	1	1	1	1	1	1	1
LEU201D	1	1	1	1	1	1	1	1	1	1	1	1	1	1	1	1
GLU224D	1	1	1	1	1	1	1	1	1	1	1	1	1	1	1	1
GLU287D	1	1	1	1	1	1	1	1	1	1	1	1	1	1	1	1
ASN288B	1	1	1	1	1	1	1	1	1	1	1	1	1	1	1	1
ASN288C	1	1	1	1	1	1	1	1	1	1	1	1	1	1	1	1
ASN288D	1	1	1	1	1	1	1	1	1	1	1	1	1	1	1	1
