Degree	Degree_sidechain	SecondOrderDegree	SecondOrderDegree_sidechain	NodeEdgeBetweennessSTRIDE	NodeEdgeBetweennessSTRIDE_sidechain	IntermodularDegreeSTRIDE	IntermodularDegreeSTRIDE_sidechain	SecondOrderIntermodularDegreeSTRIDE	SecondOrderIntermodularDegreeSTRIDE_sidechain	NodeEdgeBetweennessWALKTRAP	NodeEdgeBetweennessWALKTRAP_sidechain	IntermodularDegreeWALKTRAP	IntermodularDegreeWALKTRAP_sidechain	SecondOrderIntermodularDegreeWALKTRAP	SecondOrderIntermodularDegreeWALKTRAP_sidechain
CYS229A	-0.168498251367902	0.00510230747425296	0.100208670194149	0.12141885900754	0.177301532811388	-0.0804840800040179	0.487661656453562	0.495809618467539	0.188911893544482	0.516626819942472	0.0925335631912892	0.237087746869413	0.366400683211285	0.865858772851257	0.0714596929252668	0.571570331561285
TRP146A	0.807800440381413	-0.497474978739673	0.609656619310208	-0.751556149185357	0.679714659758793	0.578503428395939	0.487661656453562	-0.0925909528463475	0.188911893544482	-0.393708453122528	1.54943023971124	1.03784673091745	1.70308465714875	0.865858772851257	0.533019020999941	0.0328174353049541
ARG273A	0.807800440381413	-0.497474978739673	1.11910456842627	-0.402366145908198	-0.484565405702657	-0.29547256449922	0.487661656453562	-0.0925909528463475	-0.0195791038127334	-0.0295743438965278	0.232404595883297	-0.241808538607862	1.70308465714875	0.0214321478428529	2.37925633329864	1.11032322781761
ASP281A	-1.14479694311722	-0.497474978739673	-0.663963253479941	-0.402366145908198	-0.663616892433913	-0.592505671400906	-0.53435266611401	-0.0925909528463475	-0.540806597205773	-0.0295743438965278	-0.577728425468812	-0.445175263135257	-0.301941303757448	0.0214321478428529	-0.15931997111207	1.11032322781761
GLY105A	0.807800440381413	1.51283416611603	0.227570657473164	0.819798865561858	-0.180801440651124	0.371804333569653	0.998668817737348	1.67261076109531	0.501648389580306	0.516626819942472	-0.228610327869561	0.114608216867511	0.366400683211285	0.865858772851257	0.0714596929252668	-0.505935460951376
SER106A	-1.63294628899187	-1.50262955116752	-1.173411202596	-1.2753411541011	-0.663616892433913	-0.658172381523903	-1.0453598273978	-1.26939209547412	-0.853543093241596	-1.12197667157453	-0.606821600268749	-0.464881700995661	-0.97028329072618	-0.822994477165551	-0.851658963224082	-0.505935460951376
ARG196A	0.807800440381413	0.507679593688179	1.11910456842627	0.645203863923278	0.285088746216771	0.0895038972762043	0.998668817737348	1.08421018978143	1.12712138165195	1.60902914762047	-0.388622789269217	-0.464881700995661	-0.301941303757448	-0.822994477165551	-0.15931997111207	-1.04468835720771
ASP184A	-0.168498251367902	0.507679593688179	-0.0271533170848661	0.296013860646119	-0.663616892433913	-0.605178535156096	-0.0233455048302239	0.495809618467539	0.397402890901698	1.24489503839447	-0.606821600268749	-0.464881700995661	-0.301941303757448	0.0214321478428529	-0.851658963224082	-1.04468835720771
CYS242A	0.807800440381413	0.507679593688179	0.482294632031193	-0.0531761426310395	-0.660944482184193	-0.504276964422643	0.487661656453562	0.495809618467539	0.918630384294737	0.880760929168471	-0.500519615422824	-0.357281466469401	-0.301941303757448	0.0214321478428529	0.302239356962604	0.571570331561285
HIS179A	0.807800440381413	0.507679593688179	0.609656619310208	0.296013860646119	1.59189735832997	-0.244283078553388	1.50967597902113	1.08421018978143	1.33561237900917	0.880760929168471	0.67775396397465	-0.464881700995661	0.366400683211285	0.0214321478428529	0.533019020999941	0.571570331561285
GLN104A	-0.656647597242559	-0.497474978739673	-0.281877291642896	-0.0531761426310395	-0.677869747099088	-0.590778650391021	-0.53435266611401	-0.0925909528463475	-0.123824602491341	0.516626819942472	-0.606821600268749	-0.464881700995661	-0.97028329072618	-0.822994477165551	-0.851658963224082	-0.505935460951376
GLY108A	1.29594978625607	1.51283416611603	0.609656619310208	0.296013860646119	0.728708847670331	0.94126411746007	1.50967597902113	1.67261076109531	1.43985787768778	1.06282798378147	0.00413507052994031	0.471217397091002	-0.301941303757448	0.0214321478428529	0.0714596929252668	-0.505935460951376
ARG175A	0.807800440381413	1.0102568799021	0.737018606589223	0.819798865561858	2.55218344139611	3.63812256497277	1.50967597902113	1.67261076109531	1.64834887504499	1.60902914762047	0.67775396397465	1.50332665908399	-0.301941303757448	0.0214321478428529	-0.620879299186745	-0.505935460951376
GLY279A	0.807800440381413	1.51283416611603	0.991742581147253	1.86736887539333	-0.357180517132659	-0.040765491817735	-0.53435266611401	-0.0925909528463475	-0.436561098527165	0.152492710716472	-0.0115304851315646	0.285351205460751	0.366400683211285	0.865858772851257	0.302239356962604	1.64907612407395
THR118A	0.319651094506755	0.00510230747425296	-0.0271533170848661	0.12141885900754	0.900633907069	0.38999741064885	0.998668817737348	0.495809618467539	-0.123824602491341	0.334559765329472	1.13205507815829	0.797487128838415	1.03474267018002	0.865858772851257	0.0714596929252668	0.571570331561285
PRO128A	-0.168498251367902	0.507679593688179	-0.0271533170848661	0.296013860646119	0.167502695229081	0.834990252660813	-0.0233455048302239	0.495809618467539	0.29315739222309	0.698693874555472	-0.606821600268749	-0.464881700995661	-0.97028329072618	-0.822994477165551	-0.851658963224082	-0.505935460951376
TYR126A	0.807800440381413	-1.0000522649536	0.609656619310208	-0.926151150823937	3.07063102984183	-0.460642600547057	0.998668817737348	-0.680991524160234	0.710139386937521	-0.757842562348527	1.81238778117222	-0.464881700995661	1.03474267018002	-0.822994477165551	1.45613767714929	-1.04468835720771
ASP148A	-0.656647597242559	-0.497474978739673	-0.536601266200926	-0.0531761426310395	-0.663616892433913	-0.592230572209687	-0.0233455048302239	-0.0925909528463475	0.397402890901698	0.516626819942472	-0.606821600268749	-0.464881700995661	-0.97028329072618	-0.822994477165551	-0.851658963224082	-0.505935460951376
VAL147A	0.807800440381413	0.507679593688179	0.609656619310208	-0.0531761426310395	-0.559392892694824	-0.250414476507413	0.998668817737348	0.495809618467539	1.12712138165195	-0.393708453122528	-0.226372391346488	0.118037151292737	0.366400683211285	0.865858772851257	0.994578349074615	0.571570331561285
CYS176A	0.807800440381413	1.0102568799021	0.609656619310208	0.470608862284699	1.81994303297276	0.847520716064859	0.487661656453562	0.495809618467539	0.918630384294737	0.880760929168471	0.432699914698252	-0.136003507795096	-0.301941303757448	0.0214321478428529	0.302239356962604	0.571570331561285
ARG249A	0.807800440381413	1.0102568799021	0.482294632031193	0.470608862284699	1.64356395649123	1.72306306878433	1.50967597902113	1.67261076109531	0.814384885616129	1.06282798378147	1.61097349409572	1.72570999631436	1.70308465714875	1.71028539785966	0.533019020999941	1.11032322781761
GLU171A	-1.14479694311722	-1.0000522649536	-0.791325240758955	-0.576961147546778	-0.664507695850487	-0.599650031200704	-1.0453598273978	-0.680991524160234	-0.749297594562988	-0.211641398509528	-0.397574535361506	-0.393769127249473	-0.301941303757448	0.0214321478428529	-0.15931997111207	0.571570331561285
THR230A	0.319651094506755	1.0102568799021	-0.281877291642896	0.470608862284699	-0.669852516349927	-0.423341836514594	0.487661656453562	1.08421018978143	-0.332315599848557	0.152492710716472	-0.472545408884422	-0.269854584778017	0.366400683211285	0.865858772851257	-0.390099635149407	-0.505935460951376
THR231A	-0.168498251367902	0.507679593688179	-0.0271533170848661	0.819798865561858	-0.405283901627624	0.0162507278113294	-1.0453598273978	-0.680991524160234	-1.06203409059881	-0.757842562348527	-0.598988822437997	-0.454172751699752	-0.301941303757448	0.0214321478428529	-0.620879299186745	0.0328174353049541
ARG283A	-0.656647597242559	0.00510230747425296	-0.536601266200926	-0.0531761426310395	-0.570082533693705	-0.368570420065954	-1.0453598273978	-0.680991524160234	-0.853543093241596	-0.575775507735527	-0.278963899638683	-0.112976134532876	-0.301941303757448	0.0214321478428529	-0.390099635149407	0.0328174353049541
SER241A	-1.14479694311722	-0.497474978739673	-0.663963253479941	-0.576961147546778	-0.831087934749715	-0.658172381523903	-1.55636698868158	-1.26939209547412	-1.27052508795603	-0.939909616961527	-0.606821600268749	-0.464881700995661	-0.97028329072618	-0.822994477165551	-0.851658963224082	-0.505935460951376
TYR239A	0.319651094506755	-1.50262955116752	0.864380593868238	-1.2753411541011	-0.504163080867272	-0.658172381523903	-0.0233455048302239	-1.26939209547412	0.710139386937521	-1.12197667157453	-0.272250090069467	-0.464881700995661	0.366400683211285	-0.822994477165551	0.763798685037278	-1.04468835720771
ARG213A	1.78409913213073	1.51283416611603	0.227570657473164	0.296013860646119	2.06045995544758	0.0717469915139853	2.53169030158871	2.2610113324092	1.02287588297335	0.516626819942472	1.9824709569257	-0.142561865024429	2.37142664411748	1.71028539785966	0.994578349074615	0.0328174353049541
THR211A	0.807800440381413	1.0102568799021	-0.154515304363881	0.12141885900754	-0.175456620151683	0.380269895611518	-0.0233455048302239	-0.0925909528463475	0.0846663948658745	-0.0295743438965278	0.216739040221792	0.79696616748746	-0.301941303757448	0.0214321478428529	0.0714596929252668	0.571570331561285
GLN165A	-0.656647597242559	-0.497474978739673	-1.173411202596	-0.751556149185357	-0.62620314893783	-0.607837918244996	-0.0233455048302239	-0.0925909528463475	-0.64505209588438	-0.393708453122528	-0.606821600268749	-0.464881700995661	-0.97028329072618	-0.822994477165551	-0.851658963224082	-0.505935460951376
GLN167A	-1.14479694311722	-0.497474978739673	-1.30077318987502	-0.751556149185357	-0.810599456168527	-0.625721060363421	-1.0453598273978	-0.680991524160234	-1.06203409059881	-0.757842562348527	-0.606821600268749	-0.464881700995661	-0.97028329072618	-0.822994477165551	-0.851658963224082	-0.505935460951376
GLY154A	-0.168498251367902	0.507679593688179	-0.0271533170848661	0.645203863923278	-0.62620314893783	-0.333659169919084	-0.0233455048302239	0.495809618467539	0.0846663948658745	0.516626819942472	-0.606821600268749	-0.464881700995661	-0.301941303757448	0.0214321478428529	-0.620879299186745	-1.04468835720771
PRO153A	-1.14479694311722	-1.0000522649536	-1.173411202596	-0.751556149185357	-0.831087934749715	-0.658172381523903	-1.55636698868158	-1.26939209547412	-1.27052508795603	-0.939909616961527	-0.606821600268749	-0.464881700995661	-0.97028329072618	-0.822994477165551	-0.851658963224082	-0.505935460951376
ILE162A	-0.168498251367902	-1.0000522649536	0.609656619310208	-1.10074615246252	-0.14338769715504	-0.520907498653353	-0.0233455048302239	-0.680991524160234	0.188911893544482	-0.757842562348527	-0.606821600268749	-0.464881700995661	-0.97028329072618	-0.822994477165551	-0.851658963224082	-0.505935460951376
VAL173A	1.29594978625607	2.01541145232996	0.482294632031193	1.86736887539333	2.55752826189555	3.91451663146993	0.998668817737348	1.67261076109531	0.710139386937521	1.79109620223347	2.68630199343188	2.4149910078604	0.366400683211285	0.865858772851257	0.0714596929252668	1.11032322781761
THR253A	0.807800440381413	1.51283416611603	1.62855251754233	0.994393867200437	1.50816183717207	1.25491426706725	0.487661656453562	1.08421018978143	0.918630384294737	0.880760929168471	1.02463412505083	0.90522535227793	-0.301941303757448	0.0214321478428529	-0.15931997111207	0.571570331561285
TYR236A	1.78409913213073	0.00510230747425296	2.2653624539374	0.296013860646119	2.53258576623149	0.379587266282822	2.53169030158871	0.495809618467539	2.69080386183107	0.334559765329472	2.2152163553252	0.796136680493002	1.70308465714875	1.71028539785966	1.68691734118663	2.18782902033028
ARG156A	1.29594978625607	0.00510230747425296	1.50119053026331	0.296013860646119	-0.716174294011745	-0.589618215824123	0.998668817737348	-0.0925909528463475	1.33561237900917	-0.211641398509528	-0.606821600268749	-0.464881700995661	0.366400683211285	-0.822994477165551	0.0714596929252668	-1.04468835720771
VAL217A	0.807800440381413	1.51283416611603	1.11910456842627	2.04196387703191	1.30862187185962	1.36020591561221	0.487661656453562	1.08421018978143	0.710139386937521	1.06282798378147	-0.606821600268749	-0.464881700995661	-0.97028329072618	-0.822994477165551	-0.851658963224082	-0.505935460951376
GLU271A	0.319651094506755	0.00510230747425296	0.100208670194149	-0.576961147546778	0.734944471586345	-0.00984350203110196	0.487661656453562	0.495809618467539	-0.123824602491341	-0.0295743438965278	1.92652254384889	0.0356346888550699	1.03474267018002	0.0214321478428529	0.763798685037278	-0.505935460951376
PRO250A	-0.168498251367902	0.00510230747425296	-0.281877291642896	-0.0531761426310395	-0.191491081650005	0.115474527272035	0.487661656453562	0.495809618467539	0.29315739222309	0.516626819942472	-0.184970565669654	0.181472438159416	0.366400683211285	0.865858772851257	0.0714596929252668	0.571570331561285
ALA203A	0.807800440381413	1.0102568799021	0.737018606589223	1.16898886883902	-0.683214567598528	-0.569431580832803	0.487661656453562	0.495809618467539	0.501648389580306	1.06282798378147	-0.606821600268749	-0.464881700995661	-0.97028329072618	-0.822994477165551	-0.851658963224082	-0.505935460951376
GLU204A	-0.168498251367902	-1.0000522649536	0.482294632031193	-0.926151150823937	-0.663616892433913	-0.658172381523903	0.487661656453562	-0.680991524160234	0.605893888258914	-0.757842562348527	-0.606821600268749	-0.464881700995661	-0.97028329072618	-0.822994477165551	-0.851658963224082	-0.505935460951376
THR125A	1.78409913213073	2.01541145232996	1.75591450482134	2.56574888194765	0.627157258180962	1.05341948491793	1.50967597902113	1.67261076109531	1.54410337636638	2.33729736607247	1.15667237991208	1.64391592291881	3.03976863108622	3.39913864787647	3.07159532541065	2.72658191658661
CYS124A	0.807800440381413	0.507679593688179	1.24646655570528	1.3435838704776	-0.575427354193146	-0.354874614365138	0.998668817737348	0.495809618467539	0.605893888258914	0.880760929168471	-0.343864058807775	-0.321821318908023	1.03474267018002	0.0214321478428529	1.68691734118663	1.64907612407395
CYS141A	1.29594978625607	1.51283416611603	1.3738285429843	0.819798865561858	-0.208416346564899	-0.252259219337514	0.487661656453562	1.08421018978143	0.918630384294737	1.42696209300747	-0.606821600268749	-0.464881700995661	-0.97028329072618	-0.822994477165551	-0.851658963224082	-0.505935460951376
ALA129A	-0.168498251367902	0.00510230747425296	-0.663963253479941	0.12141885900754	-0.830197131333142	-0.657466918020415	-0.53435266611401	-0.680991524160234	-0.64505209588438	-0.757842562348527	-0.606821600268749	-0.464881700995661	-0.97028329072618	-0.822994477165551	-0.851658963224082	-0.505935460951376
HIS233A	-1.14479694311722	-1.0000522649536	-1.04604921531699	-0.751556149185357	-0.73577196917636	-0.658172381523903	-1.0453598273978	-1.26939209547412	-1.06203409059881	-1.12197667157453	-0.606821600268749	-0.464881700995661	-0.97028329072618	-0.822994477165551	-0.851658963224082	-0.505935460951376
THR140A	0.319651094506755	0.00510230747425296	0.100208670194149	-0.0531761426310395	-0.549594055112517	-0.437031179761735	-0.0233455048302239	-0.0925909528463475	-0.64505209588438	-0.757842562348527	-0.372957233607713	-0.379613212088132	0.366400683211285	0.0214321478428529	0.0714596929252668	0.0328174353049541
ALA161A	0.807800440381413	1.51283416611603	1.11910456842627	1.51817887211618	0.620921634264948	0.325906075815481	0.487661656453562	1.08421018978143	0.605893888258914	1.79109620223347	-0.606821600268749	-0.464881700995661	-0.97028329072618	-0.822994477165551	-0.851658963224082	-0.505935460951376
LEU252A	0.319651094506755	0.507679593688179	-0.0271533170848661	0.12141885900754	-0.121117611740705	0.308038074129162	0.487661656453562	0.495809618467539	-0.228070101169949	-0.211641398509528	0.284996104175492	0.709194731384538	1.03474267018002	1.71028539785966	0.302239356962604	0.0328174353049541
CYS238A	2.27224847800538	1.0102568799021	2.01063847937937	0.819798865561858	2.88712552602771	1.41647520132933	2.53169030158871	1.08421018978143	3.31627685390272	1.60902914762047	2.75791596217019	0.85425429699316	3.03976863108622	1.71028539785966	2.61003599733598	0.571570331561285
MET246A	1.78409913213073	0.507679593688179	1.24646655570528	0.470608862284699	-0.502381474034126	-0.294803464150806	2.02068314030492	1.08421018978143	2.06533086975942	0.880760929168471	-0.332674376192414	-0.194786023650943	1.70308465714875	0.865858772851257	1.45613767714929	1.11032322781761
PRO142A	0.807800440381413	0.507679593688179	0.609656619310208	0.645203863923278	-0.258301337893011	-0.581755075088709	-0.0233455048302239	-0.0925909528463475	-0.540806597205773	-0.211641398509528	-0.606821600268749	-0.464881700995661	-0.97028329072618	-0.822994477165551	-0.851658963224082	-0.505935460951376
ASP208A	-0.656647597242559	0.00510230747425296	-0.91868722803797	-0.402366145908198	-0.831087934749715	-0.658172381523903	-1.55636698868158	-1.26939209547412	-1.27052508795603	-0.939909616961527	-0.606821600268749	-0.464881700995661	-0.97028329072618	-0.822994477165551	-0.851658963224082	-0.505935460951376
LEU264A	0.319651094506755	1.0102568799021	0.100208670194149	0.994393867200437	-0.274335799391332	-0.158704221053877	-0.53435266611401	-0.0925909528463475	-0.853543093241596	-0.757842562348527	0.163028563668061	0.0634124793363851	0.366400683211285	0.865858772851257	0.763798685037278	1.64907612407395
LEU265A	1.29594978625607	0.507679593688179	1.24646655570528	1.3435838704776	-0.619967525021816	-0.348473903492348	0.998668817737348	0.495809618467539	1.33561237900917	0.698693874555472	-0.437857392776804	-0.278243053668113	1.70308465714875	0.0214321478428529	1.68691734118663	0.0328174353049541
ARG202A	-0.656647597242559	-0.497474978739673	-0.791325240758955	-1.10074615246252	0.221841703640059	0.463921052008824	-0.53435266611401	-0.0925909528463475	-1.06203409059881	-0.757842562348527	-0.606821600268749	-0.464881700995661	-0.97028329072618	-0.822994477165551	-0.851658963224082	-0.505935460951376
GLU221A	-0.168498251367902	-1.0000522649536	-0.536601266200926	-1.10074615246252	-0.228904825146088	-0.589243172092994	-0.53435266611401	-0.680991524160234	-0.749297594562988	-0.757842562348527	-0.03838572340843	-0.464881700995661	0.366400683211285	-0.822994477165551	-0.390099635149407	-1.04468835720771
GLY187A	-0.656647597242559	0.00510230747425296	-0.91868722803797	-0.576961147546778	-0.663616892433913	-0.626171648429692	-0.53435266611401	-0.0925909528463475	-0.853543093241596	-0.575775507735527	-0.606821600268749	-0.464881700995661	-0.301941303757448	0.0214321478428529	-0.15931997111207	-1.04468835720771
LEU188A	0.319651094506755	-1.0000522649536	0.100208670194149	-0.402366145908198	-0.663616892433913	-0.656761454516926	-0.0233455048302239	-0.680991524160234	-0.436561098527165	-0.575775507735527	-0.397574535361506	-0.464881700995661	1.70308465714875	-0.822994477165551	0.302239356962604	-1.04468835720771
ALA189A	0.319651094506755	1.0102568799021	0.227570657473164	0.470608862284699	1.06365093230193	1.21670662686341	-0.0233455048302239	0.495809618467539	0.0846663948658745	0.516626819942472	0.2200959450064	-0.293042061007437	0.366400683211285	0.865858772851257	0.302239356962604	0.0328174353049541
TYR205A	0.807800440381413	0.00510230747425296	1.62855251754233	1.16898886883902	3.33430884114756	0.67378579317239	1.50967597902113	0.495809618467539	1.43985787768778	1.24489503839447	2.05296595740247	1.02841924119021	0.366400683211285	0.0214321478428529	0.763798685037278	0.571570331561285
ARG110A	0.807800440381413	0.507679593688179	0.100208670194149	0.470608862284699	0.610231993266067	1.04748469504913	1.50967597902113	1.08421018978143	0.918630384294737	1.06282798378147	0.273806421560131	0.884403995330719	0.366400683211285	0.0214321478428529	0.302239356962604	0.0328174353049541
TYR163A	-0.656647597242559	-0.497474978739673	0.100208670194149	0.12141885900754	1.27477134202983	-0.410867280776886	-0.0233455048302239	-0.0925909528463475	0.501648389580306	0.516626819942472	2.0384193700025	-0.164372543083235	1.03474267018002	0.865858772851257	1.22535801311195	1.64907612407395
GLN192A	0.319651094506755	-0.497474978739673	-0.409239278921911	-0.402366145908198	-0.66005367876762	-0.658172381523903	-0.0233455048302239	-1.26939209547412	-0.64505209588438	-1.12197667157453	-0.39645556709997	-0.464881700995661	-0.301941303757448	-0.822994477165551	-0.851658963224082	-1.04468835720771
PRO190A	0.807800440381413	0.507679593688179	0.609656619310208	0.645203863923278	0.446324164616559	1.36509694648179	-1.0453598273978	-0.680991524160234	-0.749297594562988	-0.575775507735527	-0.606821600268749	-0.464881700995661	-0.301941303757448	0.0214321478428529	-0.15931997111207	-1.04468835720771
GLY266A	1.29594978625607	2.01541145232996	0.991742581147253	1.69277387375475	0.239657771971527	0.733257765994223	0.487661656453562	1.08421018978143	0.501648389580306	0.516626819942472	0.227928722837153	0.444097140487755	1.70308465714875	2.55471202286807	2.84081566137331	3.80408770909927
ASN235A	-0.168498251367902	0.507679593688179	-0.154515304363881	-0.0531761426310395	-0.481002192036364	-0.148010407867062	-0.0233455048302239	0.495809618467539	-0.436561098527165	-0.393708453122528	-0.167067073485077	0.155034122169614	1.03474267018002	1.71028539785966	0.0714596929252668	0.571570331561285
LYS139A	-0.168498251367902	-1.50262955116752	-0.0271533170848661	-1.2753411541011	-0.498818260367832	-0.658172381523903	-0.0233455048302239	-1.26939209547412	-0.332315599848557	-1.12197667157453	-0.387503821007681	-0.464881700995661	-0.301941303757448	-0.822994477165551	-0.390099635149407	-1.04468835720771
ARG282A	1.78409913213073	1.51283416611603	0.991742581147253	0.994393867200437	2.03462665636695	2.12134654907544	1.50967597902113	1.67261076109531	1.54410337636638	1.79109620223347	1.21485872951196	0.392343067454011	0.366400683211285	0.865858772851257	0.994578349074615	2.72658191658661
PHE134A	0.319651094506755	0.507679593688179	0.864380593868238	0.645203863923278	-0.62085832843839	-0.484847615331827	0.487661656453562	0.495809618467539	0.814384885616129	1.24489503839447	-0.482616123238247	-0.464881700995661	-0.301941303757448	-0.822994477165551	0.302239356962604	-1.04468835720771
ARG158A	1.29594978625607	1.0102568799021	0.991742581147253	0.296013860646119	4.06565844615434	4.19077775066222	0.487661656453562	1.08421018978143	0.188911893544482	0.516626819942472	3.8007943819218	3.84500383567136	1.70308465714875	1.71028539785966	0.763798685037278	1.11032322781761
GLU258A	0.319651094506755	-0.497474978739673	0.737018606589223	-0.0531761426310395	2.16468395518667	0.340649013285111	0.487661656453562	-0.0925909528463475	0.605893888258914	-0.0295743438965278	4.56393073628939	0.542865824469107	0.366400683211285	0.0214321478428529	0.763798685037278	0.571570331561285
LYS164A	-1.14479694311722	-1.0000522649536	-0.791325240758955	-0.926151150823937	-0.663616892433913	-0.502361775848466	-0.53435266611401	-0.680991524160234	-0.540806597205773	-0.575775507735527	-0.557586996761163	-0.464881700995661	-0.301941303757448	-0.822994477165551	-0.390099635149407	-1.04468835720771
MET237A	1.29594978625607	0.507679593688179	0.991742581147253	0.296013860646119	0.620921634264948	-0.127456503111056	1.50967597902113	1.08421018978143	1.33561237900917	1.42696209300747	0.144006103221948	-0.335833950398575	0.366400683211285	0.0214321478428529	-0.15931997111207	-0.505935460951376
PRO152A	-0.168498251367902	0.00510230747425296	-0.281877291642896	0.12141885900754	-0.116663594657838	-0.143167889576785	-0.0233455048302239	0.495809618467539	0.188911893544482	0.698693874555472	-0.187208502192726	0.0686497318325123	0.366400683211285	0.865858772851257	-0.390099635149407	-0.505935460951376
LEU194A	0.319651094506755	1.0102568799021	1.3738285429843	2.04196387703191	-0.0632153896634331	0.28003886503972	0.998668817737348	1.67261076109531	1.85683987240221	2.70143147529847	-0.587799139822636	-0.448661353834018	-0.301941303757448	0.0214321478428529	-0.15931997111207	0.0328174353049541
ALA159A	0.319651094506755	1.0102568799021	1.11910456842627	1.3435838704776	-0.501490670617552	-0.364417529360805	-0.0233455048302239	0.495809618467539	0.188911893544482	0.698693874555472	-0.331555407930878	-0.0456944675117981	0.366400683211285	0.865858772851257	0.763798685037278	2.72658191658661
VAL216A	1.78409913213073	2.51798873854388	1.3738285429843	2.04196387703191	1.75580518697948	3.14715546955019	1.50967597902113	2.2610113324092	1.64834887504499	2.51936442068547	2.09772468786391	3.67641385107088	1.70308465714875	2.55471202286807	0.763798685037278	1.64907612407395
GLY262A	-0.168498251367902	0.507679593688179	-0.791325240758955	-0.402366145908198	0.282416335967051	0.935994461210498	-0.53435266611401	-0.0925909528463475	-0.64505209588438	-0.393708453122528	-0.606821600268749	-0.464881700995661	-0.97028329072618	-0.822994477165551	-0.851658963224082	-0.505935460951376
HIS168A	-0.656647597242559	-0.497474978739673	-0.91868722803797	-0.402366145908198	-0.518415935532447	-0.392165057298498	-0.53435266611401	-0.680991524160234	-0.436561098527165	-0.211641398509528	-0.214063740469592	-0.14164681113673	-0.301941303757448	0.0214321478428529	-0.15931997111207	0.571570331561285
PRO98A	-0.656647597242559	0.00510230747425296	-0.281877291642896	-0.227771144269619	0.500663173027537	0.986498398181297	-0.53435266611401	-0.0925909528463475	-0.228070101169949	0.152492710716472	-0.606821600268749	-0.464881700995661	-0.97028329072618	-0.822994477165551	-0.851658963224082	-0.505935460951376
VAL97A	0.319651094506755	0.507679593688179	-0.409239278921911	-0.402366145908198	-0.33134721805203	-0.114656085106588	0.487661656453562	0.495809618467539	0.29315739222309	-0.575775507735527	0.0209195944529812	0.195564137180274	1.03474267018002	1.71028539785966	0.302239356962604	0.0328174353049541
GLN144A	1.29594978625607	0.507679593688179	0.737018606589223	-0.0531761426310395	1.48054693125829	0.0962993701081443	0.487661656453562	0.495809618467539	0.0846663948658745	0.152492710716472	-0.0965720730083053	-0.329331835557187	-0.301941303757448	0.0214321478428529	-0.620879299186745	0.0328174353049541
PRO219A	-1.14479694311722	-0.497474978739673	-0.91868722803797	-0.0531761426310395	-0.279680619890772	-0.181479302240165	-1.0453598273978	-0.680991524160234	-1.16627958927742	-0.757842562348527	-0.606821600268749	-0.464881700995661	-0.97028329072618	-0.822994477165551	-0.851658963224082	-0.505935460951376
VAL218A	1.29594978625607	2.01541145232996	0.991742581147253	1.3435838704776	0.340318558044323	0.296207319179643	0.998668817737348	1.67261076109531	1.23136688033056	2.15523031145947	-0.463593662792134	-0.355155799388433	-0.301941303757448	0.0214321478428529	-0.15931997111207	0.571570331561285
THR256A	0.319651094506755	1.0102568799021	0.482294632031193	1.69277387375475	0.119399310734117	0.0286929522357897	-0.53435266611401	-0.0925909528463475	-0.749297594562988	-0.0295743438965278	3.86681350935243	5.39485601291679	1.70308465714875	2.55471202286807	1.68691734118663	2.72658191658661
ILE232A	0.807800440381413	0.507679593688179	1.62855251754233	1.51817887211618	0.439197737283972	-0.0693141988467225	0.487661656453562	0.495809618467539	1.02287588297335	1.42696209300747	0.649779757436248	0.0700083409448199	1.70308465714875	1.71028539785966	1.45613767714929	1.64907612407395
TYR234A	0.807800440381413	0.00510230747425296	1.3738285429843	0.470608862284699	0.265491071052156	-0.511439683065406	0.487661656453562	-0.0925909528463475	0.501648389580306	-0.211641398509528	0.218976976744864	-0.464881700995661	1.03474267018002	0.0214321478428529	0.994578349074615	0.571570331561285
ARG174A	-0.656647597242559	-0.497474978739673	-0.154515304363881	-0.402366145908198	-0.654708858268179	-0.559381131144631	-0.53435266611401	-0.0925909528463475	-0.64505209588438	-0.393708453122528	-0.606821600268749	-0.464881700995661	-0.97028329072618	-0.822994477165551	-0.851658963224082	-0.505935460951376
ASN200A	-0.168498251367902	-1.0000522649536	0.100208670194149	-0.227771144269619	-0.335801235134897	-0.397596328471364	-0.0233455048302239	-0.680991524160234	-0.0195791038127334	-0.211641398509528	-0.606821600268749	-0.464881700995661	-0.97028329072618	-0.822994477165551	-0.851658963224082	-0.505935460951376
VAL197A	1.78409913213073	2.01541145232996	1.75591450482134	2.39115388030907	2.08094843402877	1.86662378420644	2.02068314030492	2.2610113324092	1.85683987240221	2.33729736607247	1.99254167127952	2.02452469171832	1.70308465714875	1.71028539785966	1.22535801311195	1.11032322781761
VAL272A	1.29594978625607	1.51283416611603	2.01063847937937	1.69277387375475	0.606668779599773	0.544416170663321	-0.0233455048302239	-0.0925909528463475	0.397402890901698	0.152492710716472	1.79448428898764	3.0829326984991	1.70308465714875	2.55471202286807	2.61003599733598	3.80408770909927
VAL274A	2.76039782388004	3.02056602475781	2.13800046665839	2.56574888194765	3.60511307978588	5.99165832800134	2.53169030158871	2.84941190372308	2.79504936050968	2.70143147529847	1.82357746378758	2.99148419963202	2.37142664411748	2.55471202286807	3.07159532541065	3.26533481284294
GLU287A	-1.14479694311722	-0.497474978739673	-1.55549716443304	-1.10074615246252	-0.831087934749715	-0.658172381523903	-1.55636698868158	-1.26939209547412	-1.27052508795603	-0.939909616961527	-0.606821600268749	-0.464881700995661	-0.97028329072618	-0.822994477165551	-0.851658963224082	-0.505935460951376
LYS291A	-1.14479694311722	-1.50262955116752	-1.55549716443304	-1.2753411541011	-0.831087934749715	-0.658172381523903	-1.55636698868158	-1.26939209547412	-1.27052508795603	-0.939909616961527	-0.606821600268749	-0.464881700995661	-0.97028329072618	-0.822994477165551	-0.851658963224082	-0.505935460951376
GLN136A	0.319651094506755	0.00510230747425296	0.864380593868238	-0.402366145908198	1.28546098302871	-0.125113258421489	0.998668817737348	0.495809618467539	1.02287588297335	-0.757842562348527	0.752724837497566	-0.0880285628509954	0.366400683211285	0.0214321478428529	0.994578349074615	0.0328174353049541
LEU130A	0.807800440381413	1.0102568799021	-0.281877291642896	0.296013860646119	0.0828763706546067	0.188472092093	0.998668817737348	1.67261076109531	0.397402890901698	1.24489503839447	-0.606821600268749	-0.464881700995661	-0.97028329072618	-0.822994477165551	-0.851658963224082	-0.505935460951376
SER127A	0.319651094506755	0.507679593688179	-0.281877291642896	0.296013860646119	0.0525890544911106	-0.0749476419195535	0.998668817737348	1.08421018978143	0.501648389580306	0.698693874555472	-0.606821600268749	-0.464881700995661	-0.97028329072618	-0.822994477165551	-0.851658963224082	-0.505935460951376
LEU114A	-1.14479694311722	-0.497474978739673	-0.536601266200926	-0.227771144269619	-0.512180311616433	-0.365632275634488	-0.53435266611401	-0.0925909528463475	-0.64505209588438	-0.211641398509528	-0.606821600268749	-0.464881700995661	-0.97028329072618	-0.822994477165551	-0.851658963224082	-0.505935460951376
ALA276A	-0.168498251367902	-0.497474978739673	-0.154515304363881	-0.402366145908198	-0.77229490925587	-0.658172381523903	-0.53435266611401	-1.26939209547412	-0.123824602491341	-1.12197667157453	-0.480378186715174	-0.440020428939223	0.366400683211285	0.0214321478428529	0.763798685037278	-0.505935460951376
TYR103A	-0.168498251367902	-1.50262955116752	-0.409239278921911	-1.2753411541011	-0.0453993213319648	-0.658172381523903	-0.0233455048302239	-1.26939209547412	-0.228070101169949	-1.12197667157453	-0.228610327869561	-0.464881700995661	-0.301941303757448	-0.822994477165551	-0.620879299186745	-1.04468835720771
CYS275A	0.807800440381413	1.0102568799021	0.609656619310208	0.994393867200437	-0.454278089539161	-0.33290974455424	0.487661656453562	1.08421018978143	0.814384885616129	1.79109620223347	-0.236443105700313	-0.140172653868982	1.70308465714875	2.55471202286807	1.91769700522396	2.72658191658661
LEU133A	0.319651094506755	1.0102568799021	0.864380593868238	1.51817887211618	-0.522869952615314	-0.211104788590177	0.998668817737348	1.67261076109531	1.33561237900917	1.60902914762047	-0.350577868376991	-0.0722687093072986	1.03474267018002	1.71028539785966	2.1484766692613	2.18782902033028
ASP207A	-0.656647597242559	-0.497474978739673	-0.663963253479941	0.12141885900754	-0.691231798347689	-0.621792381432324	-0.53435266611401	-0.0925909528463475	-0.436561098527165	0.516626819942472	-0.383027947961537	-0.42067507865204	1.03474267018002	0.865858772851257	-0.15931997111207	0.0328174353049541
HIS193A	0.807800440381413	1.51283416611603	0.227570657473164	0.645203863923278	-0.220887594396927	0.182657979803686	0.998668817737348	1.67261076109531	0.605893888258914	1.06282798378147	-0.452403980176773	-0.267200144095446	-0.301941303757448	0.0214321478428529	-0.390099635149407	0.0328174353049541
ASN131A	-0.656647597242559	-0.497474978739673	-0.536601266200926	-0.926151150823937	-0.330456414635457	-0.0627611845794092	-0.0233455048302239	-0.0925909528463475	-0.123824602491341	-0.757842562348527	-0.134616993900531	0.258623462726998	0.366400683211285	0.865858772851257	0.302239356962604	-0.505935460951376
PHE270A	1.29594978625607	-0.497474978739673	1.11910456842627	-0.227771144269619	2.67778672313296	0.0187013782783763	1.50967597902113	-0.0925909528463475	1.64834887504499	0.152492710716472	2.78812810523166	-0.464881700995661	2.37142664411748	0.0214321478428529	2.1484766692613	0.571570331561285
PRO223A	-0.168498251367902	0.507679593688179	-0.791325240758955	0.12141885900754	-0.318875970220003	0.0777148542672897	-0.0233455048302239	0.495809618467539	-0.228070101169949	0.334559765329472	-0.606821600268749	-0.464881700995661	-0.97028329072618	-0.822994477165551	-0.851658963224082	-0.505935460951376
GLY245A	0.807800440381413	1.51283416611603	0.609656619310208	1.16898886883902	0.79640990732991	1.32841284430038	0.487661656453562	1.08421018978143	0.29315739222309	1.24489503839447	-0.606821600268749	-0.464881700995661	-0.97028329072618	-0.822994477165551	-0.851658963224082	-0.505935460951376
LYS132A	-0.656647597242559	-0.497474978739673	-0.409239278921911	-0.576961147546778	0.624484847931242	0.971995382473303	-0.53435266611401	-0.0925909528463475	-0.540806597205773	-0.0295743438965278	0.526693248667281	0.771357195530512	-0.301941303757448	0.0214321478428529	-0.390099635149407	-0.505935460951376
GLU198A	-0.168498251367902	-0.497474978739673	-0.154515304363881	-0.402366145908198	-0.647582430935592	-0.530221009693631	-0.0233455048302239	-0.0925909528463475	-0.0195791038127334	-0.211641398509528	-0.376314138392321	-0.30940347233677	0.366400683211285	0.865858772851257	0.0714596929252668	1.11032322781761
PRO191A	-0.656647597242559	-0.497474978739673	-0.0271533170848661	-0.402366145908198	0.533622899440754	-0.658172381523903	-1.0453598273978	-1.26939209547412	-0.749297594562988	-1.12197667157453	-0.606821600268749	-0.464881700995661	-0.97028329072618	-0.822994477165551	-0.851658963224082	-0.505935460951376
ALA138A	-0.656647597242559	0.00510230747425296	-0.154515304363881	-0.0531761426310395	-0.647582430935592	-0.473721732194404	-0.53435266611401	-0.0925909528463475	-0.436561098527165	-0.393708453122528	-0.397574535361506	-0.273324082834128	-0.301941303757448	0.0214321478428529	-0.620879299186745	-0.505935460951376
LEU137A	0.807800440381413	1.0102568799021	1.50119053026331	0.819798865561858	0.0882211911540472	0.315367253290554	0.998668817737348	1.08421018978143	2.06533086975942	0.880760929168471	0.165266500191133	0.718100675707264	1.03474267018002	1.71028539785966	1.22535801311195	1.11032322781761
GLY112A	-0.168498251367902	0.507679593688179	0.100208670194149	0.819798865561858	0.902415513902147	1.58072553168007	-0.53435266611401	-0.0925909528463475	-0.540806597205773	-0.211641398509528	-0.606821600268749	-0.464881700995661	-0.97028329072618	-0.822994477165551	-0.851658963224082	-0.505935460951376
PHE113A	-0.168498251367902	-0.497474978739673	-0.154515304363881	-0.751556149185357	2.73212573154394	4.88535982889059	-0.0233455048302239	-0.0925909528463475	0.0846663948658745	-0.575775507735527	3.78960469930644	6.27125997736056	0.366400683211285	0.865858772851257	0.763798685037278	-0.505935460951376
HIS214A	-0.168498251367902	0.507679593688179	-0.409239278921911	0.12141885900754	-0.348272482966925	-0.355874125000753	0.487661656453562	1.08421018978143	-0.123824602491341	0.516626819942472	-0.585561203299564	-0.437598527859266	-0.301941303757448	0.0214321478428529	-0.390099635149407	0.0328174353049541
ILE251A	0.807800440381413	0.507679593688179	1.3738285429843	1.69277387375475	0.71267438617201	0.382386286121984	0.998668817737348	1.08421018978143	1.12712138165195	1.60902914762047	-0.606821600268749	-0.464881700995661	-0.301941303757448	0.0214321478428529	-0.15931997111207	0.0328174353049541
VAL172A	-0.168498251367902	0.507679593688179	0.227570657473164	1.3435838704776	0.571036642936837	1.56262672745864	-0.0233455048302239	0.495809618467539	-0.123824602491341	0.334559765329472	2.87764556615455	4.08403202240013	0.366400683211285	0.865858772851257	0.533019020999941	1.64907612407395
SER261A	-0.168498251367902	-1.50262955116752	-0.91868722803797	-1.2753411541011	-0.831087934749715	-0.658172381523903	-1.0453598273978	-1.26939209547412	-1.06203409059881	-1.12197667157453	-0.606821600268749	-0.464881700995661	-0.97028329072618	-0.822994477165551	-0.851658963224082	-0.505935460951376
ILE195A	0.319651094506755	0.507679593688179	1.24646655570528	0.819798865561858	0.982587821393754	0.364918245182326	0.998668817737348	1.08421018978143	1.23136688033056	1.06282798378147	0.560262296513363	-0.233428627292914	0.366400683211285	0.0214321478428529	0.763798685037278	0.571570331561285
LEU257A	1.78409913213073	1.51283416611603	1.75591450482134	1.86736887539333	0.930921223232496	0.80630944427703	2.02068314030492	2.2610113324092	2.58655836315246	2.51936442068547	1.46886452488065	1.20922212890607	1.70308465714875	1.71028539785966	2.84081566137331	2.18782902033028
PHE109A	1.29594978625607	-0.497474978739673	2.39272444121642	0.470608862284699	0.530950489191033	-0.411260155302845	1.50967597902113	-0.680991524160234	1.85683987240221	-0.757842562348527	1.07610666508149	-0.164849938788397	2.37142664411748	0.0214321478428529	2.37925633329864	-1.04468835720771
ASP259A	0.319651094506755	0.507679593688179	-0.409239278921911	-0.751556149185357	-0.452496482706015	-0.342889457298137	-0.53435266611401	-0.680991524160234	-0.540806597205773	-0.757842562348527	-0.606821600268749	-0.464881700995661	-0.97028329072618	-0.822994477165551	-0.851658963224082	-0.505935460951376
LEU145A	0.319651094506755	1.0102568799021	1.3738285429843	2.04196387703191	-0.334019628301751	-0.181800201301562	0.487661656453562	1.08421018978143	1.02287588297335	1.60902914762047	-0.416596995807619	-0.319151987923561	-0.301941303757448	0.0214321478428529	-0.390099635149407	0.571570331561285
SER96A	-0.656647597242559	-1.50262955116752	-0.409239278921911	-1.2753411541011	-0.663616892433913	-0.658172381523903	-0.0233455048302239	-1.26939209547412	0.188911893544482	-1.12197667157453	-0.39645556709997	-0.464881700995661	0.366400683211285	-0.822994477165551	0.763798685037278	-1.04468835720771
ILE254A	-0.168498251367902	-0.497474978739673	0.482294632031193	-0.751556149185357	-0.429335593875106	-0.159109184247613	-0.53435266611401	-0.0925909528463475	-0.853543093241596	-0.757842562348527	-0.606821600268749	-0.464881700995661	-0.97028329072618	-0.822994477165551	-0.851658963224082	-0.505935460951376
ASP186A	-0.168498251367902	0.00510230747425296	-0.663963253479941	-0.227771144269619	-0.00620397100273462	0.506929972348967	-0.0233455048302239	-0.0925909528463475	-0.540806597205773	-0.393708453122528	0.429343009913644	0.950875297895693	0.366400683211285	0.865858772851257	0.302239356962604	0.0328174353049541
ASN263A	-0.656647597242559	-0.497474978739673	-1.04604921531699	-0.751556149185357	-0.1380428766556	-0.521958663516878	-0.0233455048302239	-0.0925909528463475	-0.853543093241596	-0.939909616961527	-0.606821600268749	-0.464881700995661	-0.97028329072618	-0.822994477165551	-0.851658963224082	-0.505935460951376
THR123A	0.319651094506755	0.507679593688179	0.482294632031193	0.645203863923278	-0.427553987041959	-0.329155103363081	-0.0233455048302239	-0.0925909528463475	0.397402890901698	-0.0295743438965278	-0.0999289777929134	-0.0650811918266664	1.03474267018002	0.865858772851257	1.45613767714929	0.0328174353049541
SER185A	-0.656647597242559	-0.497474978739673	-0.91868722803797	-0.576961147546778	-0.663616892433913	-0.42491883730635	-0.53435266611401	-0.0925909528463475	-0.853543093241596	-0.393708453122528	-0.606821600268749	-0.464881700995661	-0.301941303757448	-0.822994477165551	-0.851658963224082	-1.04468835720771
TYR107A	-0.168498251367902	-1.0000522649536	-0.154515304363881	-0.926151150823937	-0.552266465362237	-0.568146380422384	-0.0233455048302239	-0.680991524160234	-0.228070101169949	-0.575775507735527	-0.276725963115611	-0.355487929093983	-0.301941303757448	0.0214321478428529	-0.620879299186745	0.0328174353049541
VAL122A	1.29594978625607	1.51283416611603	0.354932644752179	1.51817887211618	-0.62887555918755	-0.429023067043587	0.487661656453562	1.08421018978143	0.0846663948658745	0.698693874555472	-0.357291677946208	-0.189863214309537	1.03474267018002	1.71028539785966	0.533019020999941	0.571570331561285
VAL157A	2.27224847800538	2.01541145232996	2.13800046665839	2.56574888194765	0.391985156205581	0.271153692271216	2.02068314030492	1.67261076109531	1.96108537108082	1.97316325684647	0.197716579775679	0.196926371467687	1.03474267018002	1.71028539785966	0.994578349074615	1.11032322781761
LEU111A	1.78409913213073	2.01541145232996	1.75591450482134	1.86736887539333	0.79640990732991	1.67948942430772	1.50967597902113	2.2610113324092	1.12712138165195	1.79109620223347	1.33458833349632	2.29682818813032	1.03474267018002	1.71028539785966	1.45613767714929	0.571570331561285
VAL143A	0.319651094506755	1.0102568799021	0.737018606589223	1.51817887211618	-0.657381268517899	-0.405616447274935	-0.0233455048302239	0.495809618467539	-0.0195791038127334	0.698693874555472	-0.503876520207432	-0.307150717435271	-0.301941303757448	0.0214321478428529	-0.390099635149407	-0.505935460951376
PRO278A	1.78409913213073	1.51283416611603	0.991742581147253	1.51817887211618	0.753651343334387	1.05328207793977	2.02068314030492	1.67261076109531	1.33561237900917	0.334559765329472	1.15443444338901	1.26330124931818	3.03976863108622	2.55471202286807	3.07159532541065	1.11032322781761
GLU285A	0.319651094506755	0.00510230747425296	0.354932644752179	-0.227771144269619	0.0810947638214598	-0.391746083668309	0.487661656453562	0.495809618467539	0.188911893544482	0.152492710716472	-0.606821600268749	-0.464881700995661	-0.97028329072618	-0.822994477165551	-0.851658963224082	-0.505935460951376
THR284A	-0.656647597242559	0.00510230747425296	-0.91868722803797	-0.576961147546778	-0.831087934749715	-0.658172381523903	-1.55636698868158	-1.26939209547412	-1.27052508795603	-0.939909616961527	-0.606821600268749	-0.464881700995661	-0.97028329072618	-0.822994477165551	-0.851658963224082	-0.505935460951376
CYS135A	-0.168498251367902	0.00510230747425296	1.24646655570528	1.16898886883902	-0.223560004646647	-0.406671618871048	0.487661656453562	0.495809618467539	1.43985787768778	1.42696209300747	-0.405407313192258	-0.464881700995661	-0.301941303757448	-0.822994477165551	0.302239356962604	-1.04468835720771
GLN100A	-1.14479694311722	-1.0000522649536	-0.91868722803797	-0.751556149185357	-0.576318157609719	-0.499874012615921	-1.0453598273978	-0.680991524160234	-0.957788591920204	-0.575775507735527	-0.0876203269160168	-0.27252776492335	0.366400683211285	0.0214321478428529	0.302239356962604	0.571570331561285
CYS220A	-0.168498251367902	0.00510230747425296	0.864380593868238	0.645203863923278	-0.534450397030769	-0.607590121604696	-0.0233455048302239	-0.0925909528463475	0.918630384294737	0.880760929168471	-0.510590329776648	-0.464881700995661	-0.301941303757448	-0.822994477165551	-0.15931997111207	-1.04468835720771
THR155A	1.78409913213073	2.01541145232996	1.3738285429843	1.86736887539333	0.962990146229139	1.3640036198612	2.53169030158871	2.84941190372308	2.16957636843803	2.51936442068547	0.898190711497254	1.32252377136813	1.70308465714875	2.55471202286807	0.994578349074615	0.571570331561285
GLU286A	-0.656647597242559	-0.497474978739673	-0.281877291642896	-0.0531761426310395	-0.798128208336499	-0.631661320843463	-0.53435266611401	-0.680991524160234	-0.332315599848557	-0.393708453122528	-0.606821600268749	-0.464881700995661	-0.97028329072618	-0.822994477165551	-0.851658963224082	-0.505935460951376
ARG209A	-1.14479694311722	-1.50262955116752	-1.42813517715403	-1.2753411541011	-0.831087934749715	-0.658172381523903	-1.55636698868158	-1.26939209547412	-1.27052508795603	-0.939909616961527	-0.606821600268749	-0.464881700995661	-0.97028329072618	-0.822994477165551	-0.851658963224082	-0.505935460951376
ASN210A	-0.656647597242559	-1.0000522649536	-0.91868722803797	-1.2753411541011	-0.831087934749715	-0.658172381523903	-1.55636698868158	-1.26939209547412	-1.27052508795603	-0.939909616961527	-0.606821600268749	-0.464881700995661	-0.97028329072618	-0.822994477165551	-0.851658963224082	-0.505935460951376
SER269A	-1.14479694311722	-1.50262955116752	-1.30077318987502	-1.2753411541011	-0.663616892433913	-0.658172381523903	-1.0453598273978	-1.26939209547412	-1.06203409059881	-1.12197667157453	-0.39645556709997	-0.464881700995661	-0.301941303757448	-0.822994477165551	-0.620879299186745	-1.04468835720771
SER149A	-0.656647597242559	-1.0000522649536	-0.663963253479941	-1.10074615246252	-0.654708858268179	-0.632775695398309	-0.0233455048302239	-0.680991524160234	-0.123824602491341	-0.939909616961527	-0.606821600268749	-0.464881700995661	-0.97028329072618	-0.822994477165551	-0.851658963224082	-0.505935460951376
ALA119A	-0.656647597242559	-0.497474978739673	-0.663963253479941	-0.751556149185357	-0.497927456951259	-0.130485680914328	-1.0453598273978	-0.680991524160234	-0.853543093241596	-0.575775507735527	-0.606821600268749	-0.464881700995661	-0.97028329072618	-0.822994477165551	-0.851658963224082	-0.505935460951376
LYS120A	-1.63294628899187	-1.50262955116752	-1.55549716443304	-1.2753411541011	-0.831087934749715	-0.658172381523903	-1.55636698868158	-1.26939209547412	-1.27052508795603	-0.939909616961527	-0.606821600268749	-0.464881700995661	-0.97028329072618	-0.822994477165551	-0.851658963224082	-0.505935460951376
HIS178A	-0.168498251367902	-1.0000522649536	-0.409239278921911	-0.926151150823937	-0.761605268256989	-0.657269978153977	-0.53435266611401	-0.680991524160234	-0.540806597205773	-0.757842562348527	-0.606821600268749	-0.464881700995661	-0.97028329072618	-0.822994477165551	-0.851658963224082	-0.505935460951376
CYS277A	0.807800440381413	-0.497474978739673	-0.0271533170848661	-0.926151150823937	-0.578990567859439	-0.658172381523903	-0.53435266611401	-1.26939209547412	-0.540806597205773	-1.12197667157453	-0.554230091976555	-0.409163014059291	0.366400683211285	0.0214321478428529	0.302239356962604	-0.505935460951376
ILE255A	1.78409913213073	0.507679593688179	2.39272444121642	0.994393867200437	0.607559583016347	-0.114538344778711	0.998668817737348	-0.0925909528463475	1.33561237900917	-0.211641398509528	1.48229214401908	-0.464881700995661	1.70308465714875	-0.822994477165551	2.37925633329864	-1.04468835720771
ARG280A	-0.168498251367902	-1.0000522649536	-0.409239278921911	-0.926151150823937	-0.761605268256989	-0.54812007497966	-1.0453598273978	-0.680991524160234	-1.16627958927742	-1.12197667157453	-0.606821600268749	-0.464881700995661	-0.97028329072618	-0.822994477165551	-0.851658963224082	-0.505935460951376
PHE212A	-1.14479694311722	-1.50262955116752	-0.91868722803797	-1.2753411541011	-0.667180106100207	-0.658172381523903	-1.0453598273978	-1.26939209547412	-1.06203409059881	-1.12197667157453	-0.606821600268749	-0.464881700995661	-0.97028329072618	-0.822994477165551	-0.851658963224082	-0.505935460951376
ARG267A	-0.168498251367902	0.00510230747425296	-0.409239278921911	-0.227771144269619	-0.43557121779112	-0.107199298314379	-0.53435266611401	-0.0925909528463475	-1.06203409059881	-0.939909616961527	-0.271131121807931	-0.0422581365764426	-0.301941303757448	0.0214321478428529	-0.390099635149407	0.571570331561285
LYS101A	-1.14479694311722	-1.50262955116752	-1.04604921531699	-1.2753411541011	-0.702812242763144	-0.658172381523903	-1.0453598273978	-1.26939209547412	-1.16627958927742	-1.12197667157453	-0.557586996761163	-0.464881700995661	-0.301941303757448	-0.822994477165551	-0.390099635149407	-1.04468835720771
CYS182A	0.319651094506755	0.00510230747425296	-0.791325240758955	-0.402366145908198	-0.497927456951259	-0.131388084284254	-0.53435266611401	-0.0925909528463475	-0.540806597205773	-0.211641398509528	-0.39645556709997	-0.464881700995661	-0.301941303757448	-0.822994477165551	-0.851658963224082	-1.04468835720771
PRO151A	-0.168498251367902	-0.497474978739673	-0.409239278921911	-1.10074615246252	-0.330456414635457	-0.493252777745352	0.487661656453562	-0.0925909528463475	0.188911893544482	-0.757842562348527	-0.188327470454262	-0.464881700995661	0.366400683211285	-0.822994477165551	0.302239356962604	-1.04468835720771
THR150A	-1.63294628899187	-1.0000522649536	-1.42813517715403	-1.10074615246252	-0.663616892433913	-0.55783770799069	-1.0453598273978	-0.680991524160234	-0.957788591920204	-0.757842562348527	-0.606821600268749	-0.464881700995661	-0.97028329072618	-0.822994477165551	-0.851658963224082	-0.505935460951376
ASP228A	-0.656647597242559	-1.0000522649536	-0.791325240758955	-1.2753411541011	0.325174899962575	0.129124888369527	-0.0233455048302239	-0.680991524160234	-0.436561098527165	-1.12197667157453	0.221214913267936	-0.464881700995661	-0.301941303757448	-0.822994477165551	-0.15931997111207	-1.04468835720771
ASP268A	-0.656647597242559	0.00510230747425296	-0.154515304363881	0.470608862284699	-0.663616892433913	-0.482973187928641	-0.53435266611401	-0.0925909528463475	-0.123824602491341	0.698693874555472	-0.39645556709997	-0.251990976238204	0.366400683211285	0.865858772851257	0.0714596929252668	1.11032322781761
SER99A	-0.168498251367902	0.00510230747425296	-0.791325240758955	-0.751556149185357	-0.489019422785524	-0.582693873635429	-0.53435266611401	-0.680991524160234	-0.957788591920204	-0.757842562348527	-0.0227201677469252	0.0074466195690733	1.03474267018002	1.71028539785966	-0.15931997111207	0.0328174353049541
PRO222A	-0.656647597242559	-1.0000522649536	-0.791325240758955	-1.10074615246252	-0.831087934749715	-0.658172381523903	-1.0453598273978	-1.26939209547412	-0.957788591920204	-1.12197667157453	-0.164829136962005	0.212332847986449	-0.301941303757448	0.0214321478428529	-0.620879299186745	-1.04468835720771
LEU206A	-0.168498251367902	-0.497474978739673	-0.0271533170848661	-0.227771144269619	-0.637783593353284	-0.593446072429146	-0.0233455048302239	-0.680991524160234	-0.0195791038127334	-0.393708453122528	-0.413240091023011	-0.312508387800925	0.366400683211285	0.865858772851257	0.533019020999941	1.64907612407395
GLY117A	-0.656647597242559	0.00510230747425296	-0.536601266200926	-0.0531761426310395	-0.556720482445104	-0.420068802192641	-0.53435266611401	-0.0925909528463475	-0.228070101169949	0.334559765329472	-0.465831599315206	-0.248858832206431	-0.301941303757448	0.0214321478428529	-0.620879299186745	-1.04468835720771
SER116A	-1.14479694311722	-1.50262955116752	-0.91868722803797	-1.2753411541011	-0.77229490925587	-0.658172381523903	-1.0453598273978	-1.26939209547412	-0.957788591920204	-1.12197667157453	-0.391979694053826	-0.464881700995661	0.366400683211285	-0.822994477165551	-0.15931997111207	-1.04468835720771
ARG248A	-0.656647597242559	-0.497474978739673	-1.04604921531699	-1.10074615246252	-0.661835285600767	-0.390096250198183	-0.0233455048302239	-0.0925909528463475	-0.64505209588438	-1.12197667157453	-0.606821600268749	-0.464881700995661	-0.301941303757448	-0.822994477165551	-0.620879299186745	-1.04468835720771
ASN247A	-1.14479694311722	-1.50262955116752	-0.91868722803797	-1.2753411541011	-0.663616892433913	-0.658172381523903	-1.0453598273978	-1.26939209547412	-1.06203409059881	-1.12197667157453	-0.606821600268749	-0.464881700995661	-0.97028329072618	-0.822994477165551	-0.851658963224082	-0.505935460951376
SER240A	-0.656647597242559	-0.497474978739673	0.354932644752179	0.470608862284699	-0.663616892433913	-0.438067768435417	-0.0233455048302239	-0.0925909528463475	0.605893888258914	0.516626819942472	-0.432262551469124	-0.197424815828043	0.366400683211285	0.865858772851257	0.994578349074615	1.64907612407395
SER215A	0.319651094506755	-0.497474978739673	0.482294632031193	-0.227771144269619	1.0716681630511	0.115722124086389	0.487661656453562	-0.0925909528463475	0.188911893544482	-0.211641398509528	0.61509174132863	0.47550483163758	0.366400683211285	0.0214321478428529	0.763798685037278	0.571570331561285
MET243A	-0.656647597242559	-1.0000522649536	-0.91868722803797	-0.926151150823937	-0.829306327916568	-0.658172381523903	-0.53435266611401	-1.26939209547412	-0.853543093241596	-1.12197667157453	-0.606821600268749	-0.464881700995661	-0.97028329072618	-0.822994477165551	-0.851658963224082	-0.505935460951376
ARG290A	-1.14479694311722	-0.497474978739673	-1.55549716443304	-1.10074615246252	-0.831087934749715	-0.658172381523903	-1.55636698868158	-1.26939209547412	-1.27052508795603	-0.939909616961527	-0.606821600268749	-0.464881700995661	-0.97028329072618	-0.822994477165551	-0.851658963224082	-0.505935460951376
GLY244A	-0.656647597242559	0.00510230747425296	-0.663963253479941	-0.0531761426310395	-0.499709063784405	-0.452771735332631	-0.53435266611401	-0.0925909528463475	-0.749297594562988	-0.0295743438965278	-0.606821600268749	-0.464881700995661	-0.97028329072618	-0.822994477165551	-0.851658963224082	-0.505935460951376
PRO177A	-0.168498251367902	0.507679593688179	-0.536601266200926	0.12141885900754	-0.558502089278251	-0.385268772349812	-0.53435266611401	-0.0925909528463475	-0.957788591920204	-0.757842562348527	-0.606821600268749	-0.464881700995661	-0.97028329072618	-0.822994477165551	-0.851658963224082	-0.505935460951376
MET160A	0.319651094506755	-1.0000522649536	0.227570657473164	-0.926151150823937	0.53273209602418	0.618716559790711	-0.0233455048302239	-0.680991524160234	-0.228070101169949	-0.757842562348527	-0.606821600268749	-0.464881700995661	-0.97028329072618	-0.822994477165551	-0.851658963224082	-0.505935460951376
THR102A	-1.63294628899187	-1.0000522649536	-1.42813517715403	-1.2753411541011	-0.831087934749715	-0.658172381523903	-1.55636698868158	-1.26939209547412	-1.27052508795603	-0.939909616961527	-0.606821600268749	-0.464881700995661	-0.97028329072618	-0.822994477165551	-0.851658963224082	-0.505935460951376
GLY199A	-1.14479694311722	-0.497474978739673	-1.173411202596	-0.751556149185357	-0.663616892433913	-0.392918104212138	-1.0453598273978	-0.680991524160234	-1.06203409059881	-0.939909616961527	-0.606821600268749	-0.464881700995661	-0.97028329072618	-0.822994477165551	-0.851658963224082	-0.505935460951376
MET169A	-0.168498251367902	-0.497474978739673	-0.663963253479941	-0.751556149185357	-0.330456414635457	-0.240775818720723	-0.0233455048302239	-0.0925909528463475	-0.0195791038127334	-0.575775507735527	-0.188327470454262	-0.280008239195668	0.366400683211285	0.0214321478428529	0.763798685037278	0.571570331561285
GLY226A	-1.14479694311722	-0.497474978739673	-1.68285915171206	-1.2753411541011	-0.497927456951259	-0.130485680914328	-1.0453598273978	-0.680991524160234	-1.16627958927742	-1.12197667157453	-0.606821600268749	-0.464881700995661	-0.97028329072618	-0.822994477165551	-0.851658963224082	-0.505935460951376
SER227A	-1.14479694311722	-1.50262955116752	-1.42813517715403	-1.2753411541011	-0.000859150503294144	-0.658172381523903	-0.53435266611401	-1.26939209547412	-0.957788591920204	-1.12197667157453	-0.606821600268749	-0.464881700995661	-0.97028329072618	-0.822994477165551	-0.851658963224082	-0.505935460951376
ASN288A	-1.63294628899187	-1.0000522649536	-1.55549716443304	-0.926151150823937	-0.831087934749715	-0.658172381523903	-1.55636698868158	-1.26939209547412	-1.27052508795603	-0.939909616961527	-0.606821600268749	-0.464881700995661	-0.97028329072618	-0.822994477165551	-0.851658963224082	-0.505935460951376
SER260A	-0.656647597242559	-1.0000522649536	-0.791325240758955	-1.2753411541011	-0.810599456168527	-0.658172381523903	-1.0453598273978	-1.26939209547412	-1.06203409059881	-1.12197667157453	-0.606821600268749	-0.464881700995661	-0.97028329072618	-0.822994477165551	-0.851658963224082	-0.505935460951376
THR170A	-0.168498251367902	0.00510230747425296	-0.536601266200926	-0.227771144269619	-0.664507695850487	-0.562300912518271	-0.53435266611401	-0.680991524160234	-0.123824602491341	-0.575775507735527	-0.397574535361506	-0.348384894695731	0.366400683211285	0.0214321478428529	0.763798685037278	0.571570331561285
SER121A	-1.14479694311722	-1.0000522649536	-0.663963253479941	-0.227771144269619	-0.831087934749715	-0.658172381523903	-1.55636698868158	-1.26939209547412	-1.27052508795603	-0.939909616961527	-0.606821600268749	-0.464881700995661	-0.97028329072618	-0.822994477165551	-0.851658963224082	-0.505935460951376
VAL225A	-1.63294628899187	-1.0000522649536	-1.68285915171206	-1.10074615246252	-0.831087934749715	-0.658172381523903	-1.55636698868158	-1.26939209547412	-1.27052508795603	-0.939909616961527	-0.606821600268749	-0.464881700995661	-0.97028329072618	-0.822994477165551	-0.851658963224082	-0.505935460951376
LEU289A	-1.14479694311722	-0.497474978739673	-0.91868722803797	-0.227771144269619	-0.663616892433913	-0.525545242868021	-0.53435266611401	-0.0925909528463475	-0.64505209588438	-0.0295743438965278	-0.606821600268749	-0.464881700995661	-0.97028329072618	-0.822994477165551	-0.851658963224082	-0.505935460951376
SER166A	-1.63294628899187	-1.50262955116752	-1.42813517715403	-1.2753411541011	-0.663616892433913	-0.658172381523903	-1.0453598273978	-1.26939209547412	-1.06203409059881	-1.12197667157453	-0.606821600268749	-0.464881700995661	-0.97028329072618	-0.822994477165551	-0.851658963224082	-0.505935460951376
SER183A	-1.63294628899187	-1.0000522649536	-1.42813517715403	-0.751556149185357	-0.831087934749715	-0.658172381523903	-1.55636698868158	-1.26939209547412	-1.27052508795603	-0.939909616961527	-0.39645556709997	-0.142561865024429	-0.301941303757448	0.0214321478428529	-0.851658963224082	-1.04468835720771
GLU180A	-1.63294628899187	-1.0000522649536	-1.30077318987502	-0.926151150823937	-0.663616892433913	-0.392918104212138	-1.0453598273978	-0.680991524160234	-1.06203409059881	-1.12197667157453	-0.39645556709997	-0.142561865024429	-0.301941303757448	0.0214321478428529	-0.851658963224082	-1.04468835720771
HIS115A	-2.12109563486653	-1.50262955116752	-1.81022113899107	-1.2753411541011	-0.831087934749715	-0.658172381523903	-1.55636698868158	-1.26939209547412	-1.27052508795603	-0.939909616961527	-0.606821600268749	-0.464881700995661	-0.97028329072618	-0.822994477165551	-0.851658963224082	-0.505935460951376
ARG181A	-2.12109563486653	-1.50262955116752	-1.81022113899107	-1.2753411541011	-0.831087934749715	-0.658172381523903	-1.55636698868158	-1.26939209547412	-1.27052508795603	-0.939909616961527	-0.606821600268749	-0.464881700995661	-0.97028329072618	-0.822994477165551	-0.851658963224082	-0.505935460951376
LEU201A	-2.12109563486653	-1.50262955116752	-1.81022113899107	-1.2753411541011	-0.831087934749715	-0.658172381523903	-1.55636698868158	-1.26939209547412	-1.27052508795603	-0.939909616961527	-0.606821600268749	-0.464881700995661	-0.97028329072618	-0.822994477165551	-0.851658963224082	-0.505935460951376
GLU224A	-2.12109563486653	-1.50262955116752	-1.81022113899107	-1.2753411541011	-0.831087934749715	-0.658172381523903	-1.55636698868158	-1.26939209547412	-1.27052508795603	-0.939909616961527	-0.606821600268749	-0.464881700995661	-0.97028329072618	-0.822994477165551	-0.851658963224082	-0.505935460951376
LYS292A	-2.12109563486653	-1.50262955116752	-1.81022113899107	-1.2753411541011	-0.831087934749715	-0.658172381523903	-1.55636698868158	-1.26939209547412	-1.27052508795603	-0.939909616961527	-0.606821600268749	-0.464881700995661	-0.97028329072618	-0.822994477165551	-0.851658963224082	-0.505935460951376
