Degree	Degree_sidechain	SecondOrderDegree	SecondOrderDegree_sidechain	NodeEdgeBetweennessSTRIDE	NodeEdgeBetweennessSTRIDE_sidechain	IntermodularDegreeSTRIDE	IntermodularDegreeSTRIDE_sidechain	SecondOrderIntermodularDegreeSTRIDE	SecondOrderIntermodularDegreeSTRIDE_sidechain	NodeEdgeBetweennessWALKTRAP	NodeEdgeBetweennessWALKTRAP_sidechain	IntermodularDegreeWALKTRAP	IntermodularDegreeWALKTRAP_sidechain	SecondOrderIntermodularDegreeWALKTRAP	SecondOrderIntermodularDegreeWALKTRAP_sidechain
CYS229A	6	4	16	9	2072	746.938099566748	6	4	17	8	982	1	4	2	6	2
TRP146A	7	3	20	4	1217	384.739469428648	5	3	16	4	1201	185	4	2	10	1
ARG273A	7	3	26	7	325	204.749334408214	5	3	13	6	468	1	4	1	9	0
ASP281A	5	4	17	6	196	45.2567765625952	3	3	8	6	1	1	1	1	1	1
GLY105A	7	7	17	13	538	538	6	6	18	9	337	337	3	3	4	1
SER106A	2	1	6	1	188	1	2	1	5	0	1	1	1	1	1	1
ARG196A	8	6	25	13	1408	677.082945504774	7	6	27	17	780	330.285571574015	4	2	12	3
ASP184A	5	5	16	11	546	91.4747103649277	4	4	18	14	1	1	2	2	3	3
CYS242A	7	5	19	9	167	89.4111439696399	5	4	23	12	153	83.9774681097453	3	3	9	8
HIS179A	8	6	20	11	1770	255.998607358513	8	6	31	15	740	181.998607358513	5	5	13	12
GLN104A	4	3	13	8	358	290.792925868412	3	3	12	9	266	266	2	2	5	4
GLY108A	8	7	20	10	1189	917.808284471851	7	6	27	12	982	774.472805513961	3	3	10	5
ARG175A	7	6	21	14	3604	2536.95386297333	7	6	31	17	1119	122.042491094386	3	2	8	3
GLY279A	8	8	25	22	283	268.643555543925	3	3	10	8	283	268.643555543925	3	3	6	4
THR118A	6	4	16	9	1726	612.614753670244	6	4	12	8	1332	603.607194424955	4	3	5	3
PRO128A	5	5	14	9	926	926	4	4	15	8	1	1	1	1	1	1
TYR126A	7	2	21	3	3880	75	6	2	22	2	1915	1	4	1	7	0
ASP148A	4	3	11	8	188	47.2532201708217	4	3	17	9	87	22.381624997124	2	2	5	4
VAL147A	7	5	20	8	182	182	6	4	24	4	291	291	4	3	13	2
CYS176A	7	6	20	12	1372	549.537692794471	5	4	23	12	1910	833.236514017378	5	5	13	11
ARG249A	7	6	19	11	3700	2754.62589042338	7	6	22	12	2456	1647.62589042338	5	4	6	4
GLU171A	3	2	9	5	187	52.0135611379692	2	2	6	5	187	52.0135611379692	2	2	4	3
THR230A	6	5	14	9	300	257.528466322931	5	4	10	3	513	393.852743170664	4	3	6	1
THR231A	6	6	19	16	505	505	3	3	7	5	353	120.147256829336	2	2	3	2
ARG283A	4	4	12	9	328	237.404791008739	2	2	5	3	328	237.404791008739	2	2	3	2
TYR163A	4	3	17	9	3026	118.324898878163	4	3	20	9	1497	118.324898878163	3	3	9	5
SER241A	3	3	10	5	1	1	1	1	1	1	1	1	1	1	1	1
TYR239A	6	1	23	1	390	1	4	1	21	0	289	1	3	1	6	0
ASN235A	5	5	14	8	519	450.311387662659	4	4	9	4	165	96.311387662659	2	2	3	2
GLU198A	5	3	14	6	354	122.521308695311	4	3	8	5	262	122.521308695311	4	3	7	2
ARG213A	10	7	22	12	3358	540.804998116961	10	7	30	13	2460	1	4	1	7	0
THR211A	6	5	15	9	733	733	3	2	12	6	733	733	2	2	3	0
GLN165A	4	2	7	3	544	324	4	2	7	1	1	1	1	1	1	1
GLN167A	4	3	6	2	185	185	2	2	3	1	1	1	1	1	1	1
GLY154A	5	5	15	12	262	262	4	4	14	9	1	1	1	1	1	1
PRO153A	3	2	6	4	1	1	1	1	1	1	1	1	1	1	1	1
ILE162A	8	4	22	7	1688	384.007447843124	7	4	27	8	862	300.007447843124	3	3	4	3
VAL173A	9	9	26	23	3594	3224.99615444633	7	7	31	22	1677	502.944966624987	5	5	11	7
THR253A	7	7	27	14	474	241.909287305523	5	5	21	11	187	95	3	3	7	3
TYR236A	8	4	31	10	2628	181.177976042963	8	4	34	8	1	1	1	1	1	1
ARG156A	8	4	27	10	124	47.0596821321096	6	3	26	5	124	47.0596821321096	3	3	5	5
VAL217A	7	7	24	20	2249	1347.56621563807	5	5	20	12	2473	1208.23846518519	5	5	15	13
GLU271A	6	4	16	5	1839	445.636893350436	5	4	12	6	2047	300.685309387838	3	2	4	1
PRO250A	5	4	13	8	494	390	5	4	16	8	354	354	3	3	5	3
ALA203A	7	7	20	14	303	107.877856697812	5	5	18	13	294	103.377856697812	3	3	6	6
GLU204A	5	2	19	3	188	1	5	2	19	2	1	1	2	2	2	2
THR125A	9	8	29	23	1627	1067.10765792385	7	6	29	19	1420	995.678417116257	6	6	11	6
CYS124A	7	5	26	17	279	209.135965408123	6	4	22	12	1	1	1	1	1	1
CYS141A	8	7	26	14	758	333.085278625507	5	5	22	15	1	1	1	1	1	1
ALA129A	4	4	9	9	2	1.5	2	2	2	2	1	1	1	1	1	1
HIS233A	3	2	8	5	166	1	2	1	3	0	1	1	1	1	1	1
THR140A	6	4	16	8	324	210.16730364203	4	3	7	2	98	45.16730364203	2	2	3	2
ALA161A	7	7	24	19	1266	540.962816883423	5	5	20	17	850	587.958971329751	3	3	6	2
LEU252A	5	4	12	6	946	774.022496003628	5	4	12	6	440	268.022496003628	2	2	2	2
CYS238A	10	6	31	14	4836	1551.05255587738	9	5	47	16	2708	1551.05255587738	6	5	17	11
MET246A	10	5	27	11	2084	1104.53477139673	9	5	39	11	976	966.534771396728	6	3	17	7
PRO142A	7	5	22	12	670	56.1216475971719	4	3	9	5	1	1	1	1	1	1
ASP208A	4	4	7	5	1	1	1	1	1	1	1	1	1	1	1	1
LEU264A	6	6	16	14	624	315	3	3	5	2	715	345.241703114617	3	3	6	4
LEU265A	8	5	25	16	247	228.5	6	4	26	10	154	61.7582968853833	4	2	7	2
GLY187A	4	4	9	5	188	17.0670583222547	3	3	6	3	1	1	1	1	1	1
LEU188A	6	2	16	6	304	65.4187835019744	4	2	9	4	105	65.4187835019744	2	2	2	2
ALA189A	6	6	17	12	1987	1309.9384370269	4	4	15	10	694	626.158473836852	2	2	4	2
TYR205A	7	4	29	16	4132	989.841526163148	7	4	27	13	2974	68.8415261631476	5	3	12	2
ARG110A	7	5	16	11	1582	1057.14556948891	7	5	22	12	1582	1057.14556948891	6	5	10	6
GLN192A	6	3	12	6	200	1	4	1	7	0	548	157.74289935715	4	3	5	3
PRO190A	7	5	20	12	1101	1101	2	2	6	3	1445	1389.723744729	4	3	11	6
GLY266A	8	8	23	18	1225	1053.44101984447	5	5	18	9	743	571.441019844465	4	4	8	5
LYS139A	5	1	15	1	557	1	4	1	10	0	1	1	1	1	1	1
ARG282A	9	7	24	13	2919	1887.54826641362	7	6	27	14	1421	503.548266413619	3	3	8	7
PHE134A	6	5	22	12	201	115	5	4	21	13	87	1	2	1	5	0
ARG158A	8	6	23	10	5222	3254.58761730763	5	5	15	9	3171	1490.88375059402	5	4	14	7
GLU258A	6	3	21	8	3169	655.463064001149	5	3	19	6	1	1	1	1	1	1
LYS164A	3	2	8	3	188	147.048416037402	3	2	8	3	1	1	1	1	1	1
MET237A	8	5	22	10	1428	309.79792242939	7	5	27	15	687	236.671937331599	4	4	6	3
PRO152A	5	4	13	9	643	598.458154096263	4	4	16	11	643	598.458154096263	3	3	4	2
LEU194A	6	6	25	20	262	223.465228603272	6	6	33	22	80	41.4652286032724	4	4	12	9
ALA159A	6	6	25	17	379	203.015468585397	4	4	15	10	430	396.337290156171	5	5	15	11
VAL216A	9	9	26	21	1996	1853.26506061657	7	7	28	20	1987	1848.76506061657	6	6	18	14
GLY262A	5	5	9	6	1192	1078.83306928524	3	3	7	4	1	1	1	1	1	1
PRO98A	5	5	17	10	587	387.195001883039	4	4	19	11	1	1	2	2	4	1
VAL97A	7	6	16	9	571	396.091525466054	6	5	22	6	1	1	1	1	1	1
GLN144A	7	5	18	8	2834	548.16996866192	4	4	9	7	1	1	1	1	1	1
PRO219A	3	3	7	7	183	92.1688876658337	2	2	1	1	183	92.1688876658337	2	2	1	1
VAL218A	8	8	23	17	1146	604.160229608764	6	6	24	18	1557	967.487980061642	6	6	15	14
THR256A	6	6	19	18	1166	481.558980155535	3	3	6	6	2109	1424.55898015553	4	4	10	7
ILE232A	7	5	28	17	1807	549.702088240423	5	4	22	14	710	440.573018711218	3	3	9	8
TYR234A	7	4	26	11	1763	162.825762618933	5	3	18	5	959	162.825762618933	3	3	9	6
ARG174A	4	3	15	6	212	76.0382477659614	3	3	7	4	99	1	2	1	4	0
ASN247A	4	1	10	1	351	1	3	1	6	0	1	1	1	1	1	1
MET243A	5	2	9	1	248	248	4	2	7	0	1	1	2	1	3	0
ASN200A	5	2	16	7	422	149.043130191449	4	2	13	5	295	149.043130191449	3	2	10	5
VAL197A	9	8	30	23	3256	1900.73493938343	7	6	28	17	1042	607.734939383434	6	6	18	14
ILE255A	9	5	33	14	2926	828.65876879567	6	3	25	5	3718	778.336947224896	6	3	14	4
VAL272A	8	7	31	18	1739	1059.86161131164	4	3	16	7	1962	1377	4	3	8	1
VAL274A	11	10	32	23	5250	4711.73350343539	9	8	39	21	295	123.835023678709	5	4	8	1
GLN136A	6	4	21	6	1334	530.356114637589	6	4	23	4	260	93	3	2	4	0
LEU130A	7	6	13	9	814	499.525388026039	6	6	16	11	1	1	1	1	1	1
SER127A	5	3	13	6	780	259.961919117344	5	3	16	6	1	1	1	1	1	1
LEU114A	3	3	10	7	294	174.878352402828	3	3	6	5	1	1	1	1	1	1
ALA276A	5	3	14	7	115	1	3	1	11	0	93	1	2	1	2	0
TYR103A	5	1	12	1	881	1	4	1	11	0	337	1	2	1	2	0
CYS275A	7	6	19	14	243	154.158865350482	5	5	20	15	49	22.1649763212915	2	2	4	3
LEU133A	7	7	25	18	330	305.155927928775	7	7	30	17	115	115	2	2	3	0
CYS135A	5	4	24	15	2154	507.724348280915	5	4	25	14	836	1	2	1	3	0
ASP207A	4	3	10	9	187	30.3464478584847	3	3	9	9	164	26.5655000558846	2	2	4	4
HIS193A	7	7	17	12	1004	888.754423662396	6	6	19	12	946	542.030678933399	5	5	8	5
ASN131A	4	3	11	3	560	486	4	3	12	2	486	486	3	3	2	0
PHE270A	8	3	24	7	4113	81.0511253398783	7	3	29	7	299	1	2	1	2	0
GLY244A	4	4	10	8	612	229.5483215962	3	3	6	6	536	197.561404588396	2	2	3	3
GLY245A	7	7	21	15	625	456.013082992195	5	5	16	13	1	1	1	1	1	1
PRO223A	5	5	9	8	569	472.471533677069	4	4	12	7	430	430	2	2	3	1
GLU221A	4	1	10	1	161	1	2	1	4	0	285	1	3	1	4	0
LYS132A	4	3	12	5	1711	1207.34396303265	3	3	8	6	1042	742.314690612162	2	2	2	1
PRO191A	4	3	15	6	1444	1	2	1	6	0	361	204.25710064285	2	2	3	2
ALA138A	4	4	14	8	196	122.874014902209	3	3	9	4	1	1	1	1	1	1
LEU137A	7	6	25	12	1458	892	6	5	32	13	289	289	3	3	6	4
GLY112A	5	5	16	12	1864	1525.15246234268	3	3	7	5	1	1	1	1	1	1
PHE113A	6	3	19	4	3909	3843	5	3	21	3	1801	1801	2	2	3	0
HIS214A	5	5	12	9	584	257.860880713158	5	5	12	9	338	90.6800762817196	2	2	4	4
ILE251A	6	5	24	18	1214	605	6	5	26	15	624	605	4	4	11	7
VAL172A	5	5	19	17	1406	1406	4	4	12	7	2777	2385.05503337501	3	3	7	4
SER261A	5	1	8	1	1	1	2	1	3	0	1	1	1	1	1	1
ILE195A	6	5	25	14	1200	475.041028670249	6	5	25	13	922	263.041028670249	3	2	7	2
LEU257A	9	7	29	19	1734	911.124139126935	8	7	39	21	693	555	3	2	8	1
PHE109A	8	3	34	10	1298	118	7	2	31	2	1233	27	6	2	12	3
ASP259A	6	5	12	4	399	201.699299753516	3	2	8	2	1	1	1	1	1	1
LEU145A	6	6	25	19	627	378.370930470795	5	5	22	14	227	130.5	3	3	9	4
SER96A	3	1	10	1	188	1	3	1	14	0	1	1	1	1	1	1
SER185A	5	3	11	5	188	171.932941677745	4	3	11	4	1	1	1	1	1	1
ILE254A	5	3	21	5	679	521.992552156876	3	3	8	4	580	420.992552156876	3	2	4	2
ASP186A	5	4	10	7	912	715.036580635326	4	3	9	4	1	1	1	1	1	1
ASN263A	4	3	7	4	714	87.3007002464835	4	3	5	1	1	1	1	1	1	1
THR123A	5	5	15	12	682	403.656922181816	5	5	16	11	105	105	2	2	2	1
TYR107A	5	2	14	3	209	45.5418459037375	4	2	11	3	207	45.5418459037375	2	2	2	2
VAL122A	8	7	19	18	491	307.914166829079	6	6	18	14	108	15.3564444560752	4	3	5	2
VAL157A	10	8	33	24	1630	787.724470836211	8	6	33	18	1125	393.926981288782	5	4	13	6
LEU111A	8	7	26	15	3495	3302.64654888794	6	6	21	13	1901	1750.64654888794	4	4	11	4
VAL143A	7	6	23	16	185	160	5	4	15	9	1	1	1	1	1	1
PRO278A	8	6	22	15	1666	1244	7	5	23	7	1378	1003	4	3	8	1
GLU285A	6	4	18	7	958	204.970727579517	5	4	15	7	1	1	1	1	1	1
THR284A	4	4	9	6	1	1	1	1	1	1	1	1	1	1	1	1
GLN100A	4	3	11	5	724	314.977503996372	3	3	10	6	724	314.977503996372	3	3	3	3
CYS220A	6	5	23	13	673	195.702510452571	5	4	27	14	281	141	2	2	3	1
THR155A	9	8	26	19	1902	1361.87586087306	9	8	36	22	715	715	2	2	3	1
HIS168A	4	3	9	7	828	372.035649560485	3	2	9	5	505	372.035649560485	2	2	4	3
GLU286A	4	3	13	7	23	11.9721811606554	3	2	9	2	1	1	1	1	1	1
SER240A	4	3	19	11	188	151	4	3	20	9	151	151	3	3	7	3
ARG209A	3	1	4	1	1	1	1	1	1	1	1	1	1	1	1	1
ASN210A	4	2	7	1	1	1	1	1	1	1	1	1	1	1	1	1
SER269A	3	1	5	1	188	1	2	1	3	0	188	1	2	1	2	0
SER149A	4	2	11	2	234	3	4	2	13	1	1	1	1	1	1	1
ALA119A	4	3	10	4	373	373	2	2	5	3	1	1	2	1	3	0
LYS120A	2	1	3	1	1	1	1	1	1	1	1	1	1	1	1	1
HIS178A	5	2	12	3	76	1.31917170021434	3	2	9	2	113	1	2	1	4	0
CYS277A	7	4	14	5	458	47.0240388856753	3	2	7	1	1	1	1	1	1	1
ARG280A	6	3	14	5	239	192.975961114325	2	2	2	1	1	1	1	1	1	1
PHE212A	3	1	7	1	184	1	2	1	3	0	1	1	1	1	1	1
ARG267A	5	4	12	7	400	353.430703307636	3	3	3	1	1	1	1	1	1	1
LYS101A	3	1	7	1	141	1	2	1	2	0	1	1	1	1	1	1
CYS182A	5	4	9	7	188	187.680828299786	3	3	9	6	1	1	1	1	1	1
PRO151A	6	4	14	5	1726	377.135939792542	6	4	19	5	1431	141	4	2	4	1
THR150A	2	2	5	3	188	59.8640602074582	2	2	5	3	1	1	1	1	1	1
ASP228A	4	2	9	2	188	1.48159036858882	4	2	10	2	188	1.48159036858882	3	2	5	2
ASP268A	4	4	13	10	188	125.353451112057	3	3	11	9	188	125.353451112057	2	2	3	3
SER99A	5	4	9	5	361	47.5692966923644	3	2	4	2	1	1	1	1	1	1
PRO222A	4	2	8	1	1	1	2	1	4	0	125	125	2	2	2	0
LEU206A	5	3	15	7	187	29.9570425998397	4	2	13	4	187	29.9570425998397	4	2	11	3
GLY117A	4	4	11	8	307	169.753771791141	3	3	11	8	406	277.76133103643	3	3	6	5
SER116A	3	1	8	1	67	1	2	1	5	0	122	1	2	1	2	0
SER215A	6	3	20	7	2248	583.53330903596	5	3	16	5	1162	583.53330903596	4	3	12	4
SER227A	4	3	6	4	928	555.518409631411	4	3	9	4	556	555.518409631411	3	3	5	2
ARG248A	4	3	9	2	188	104	4	3	9	1	85	1	2	1	2	0
ARG202A	3	2	6	2	183	91.8311123341663	2	2	1	1	183	91.8311123341663	2	2	1	1
ARG290A	2	2	1	1	2	1.78635067205411	2	2	1	1	1	1	1	1	1	1
GLU287A	2	2	1	1	2	1.21364932794589	2	2	1	1	1	1	1	1	1	1
MET169A	5	3	12	6	570	273.408474533946	4	3	15	4	1	1	1	1	1	1
SER166A	3	2	6	2	197	1	2	1	3	0	1	1	1	1	1	1
PRO177A	5	5	12	9	536	339.438595411604	3	3	5	3	1250	873.173450048592	4	4	6	5
LEU289A	3	3	8	7	188	68.0405116959616	3	3	6	6	1	1	1	1	1	1
MET160A	7	3	23	9	1493	1427	5	3	21	8	925	506	5	2	10	0
THR102A	2	2	4	1	1	1	1	1	1	1	1	1	1	1	1	1
GLY199A	3	3	6	4	220	220	3	3	6	3	1	1	1	1	1	1
GLY226A	3	3	3	3	373	373	2	2	3	2	1	1	1	1	1	1
ASN288A	2	2	3	3	1	1	1	1	1	1	1	1	1	1	1	1
SER260A	4	2	9	1	40	1	2	1	3	0	1	1	1	1	1	1
THR170A	5	4	12	8	183	15.5	3	2	14	4	1	1	1	1	1	1
SER121A	3	2	9	7	105	1	2	1	4	0	188	84	3	2	4	2
VAL225A	2	2	2	2	1	1	1	1	1	1	1	1	1	1	1	1
GLU180A	2	2	5	3	188	188	2	2	3	0	188	188	2	2	3	2
HIS115A	1	1	1	1	1	1	1	1	1	1	1	1	1	1	1	1
ARG181A	1	1	1	1	1	1	1	1	1	1	1	1	1	1	1	1
SER183A	1	1	1	1	1	1	1	1	1	1	1	1	1	1	1	1
LEU201A	1	1	1	1	1	1	1	1	1	1	1	1	1	1	1	1
GLU224A	1	1	1	1	1	1	1	1	1	1	1	1	1	1	1	1
