Degree	Degree_sidechain	SecondOrderDegree	SecondOrderDegree_sidechain	NodeEdgeBetweennessSTRIDE	NodeEdgeBetweennessSTRIDE_sidechain	IntermodularDegreeSTRIDE	IntermodularDegreeSTRIDE_sidechain	SecondOrderIntermodularDegreeSTRIDE	SecondOrderIntermodularDegreeSTRIDE_sidechain	NodeEdgeBetweennessWALKTRAP	NodeEdgeBetweennessWALKTRAP_sidechain	IntermodularDegreeWALKTRAP	IntermodularDegreeWALKTRAP_sidechain	SecondOrderIntermodularDegreeWALKTRAP	SecondOrderIntermodularDegreeWALKTRAP_sidechain
CYS229A	5	4	16	9	1205	452.804654517701	5	4	15	8	686	452.804654517701	3	3	6	4
TRP146A	7	3	19	4	1705	882.779525196677	5	3	15	4	2058	882.779525196677	5	3	6	2
ARG273A	7	3	25	7	398	264.399790891128	5	3	13	6	536	1	4	1	8	0
ASP281A	4	3	15	7	189	46.6269825560132	3	3	8	6	1	1	1	1	1	1
GLY105A	7	7	17	13	566	566	6	6	18	9	362	362	3	3	2	0
SER106A	2	1	6	1	189	1	2	1	5	0	1	1	1	1	1	1
ARG196A	8	6	25	13	1451	597.094775447311	7	6	27	17	916	405.993209794367	4	2	13	3
ASP184A	5	5	16	11	189	38.9846690132275	4	4	18	14	1	1	2	2	4	3
CYS242A	7	5	19	8	211	105.752603408913	5	4	22	11	1	1	1	1	1	1
HIS179A	7	5	20	10	3209	379.781865930755	7	5	26	11	1	1	1	1	1	1
GLN104A	4	3	13	8	366	304.235726056904	3	3	12	9	1	1	1	1	1	1
GLY108A	8	7	19	9	1097	836.191952010737	7	6	25	11	481	481	2	2	3	0
ARG175A	7	6	21	13	3993	3354.74459801035	7	6	30	16	421	383.407729606076	2	2	4	3
GLY279A	8	8	24	21	641	508.85598494279	3	3	9	7	641	508.85598494279	3	3	5	4
THR118A	6	4	16	9	2431	941.873652501556	6	4	12	8	2037	932.58234128096	4	3	5	3
PRO128A	5	5	15	10	905	905	4	4	16	9	1	1	1	1	1	1
TYR126A	7	2	20	3	4143	139	6	2	20	2	2025	1	4	1	9	0
ASP148A	4	3	11	8	189	48.7414534562317	4	3	16	9	1	1	1	1	1	1
VAL147A	6	4	15	6	252	222	5	3	18	3	354	354	2	2	4	2
CYS176A	7	6	20	11	2763	1039.62927807144	5	4	22	11	1	1	1	1	1	1
ARG249A	7	6	18	11	4635	2165.70512940569	7	6	20	12	3398	1508.70512940569	5	4	8	4
GLU171A	2	2	6	5	189	55.2217476532544	2	2	6	5	189	55.2217476532544	2	2	4	3
THR230A	6	5	13	9	188	169.901786889494	5	4	10	4	117	105.74269201204	3	3	4	2
THR231A	5	5	15	12	295	295	2	2	3	2	14	12.2573079879603	2	2	2	2
ARG283A	4	4	12	9	454	323.934838562162	2	2	5	3	454	323.934838562162	2	2	3	2
TYR163A	4	3	16	9	2457	158.989712486569	4	3	18	9	2457	158.989712486569	4	3	10	4
SER241A	3	3	10	5	1	1	1	1	1	1	1	1	1	1	1	1
TYR239A	6	1	22	1	349	1	4	1	19	0	258	1	3	1	7	0
ARG213A	9	7	16	9	2795	694.958291537799	9	7	20	7	189	189	4	4	4	0
THR211A	6	5	13	9	921	921	3	2	10	6	1	1	1	1	1	1
GLN165A	4	2	7	3	176	1	2	1	4	0	1	1	1	1	1	1
GLN167A	4	4	6	3	1	1	1	1	1	1	1	1	1	1	1	1
GLY154A	5	5	15	12	549	549	4	4	14	9	1	1	1	1	1	1
PRO153A	3	2	6	4	1	1	1	1	1	1	1	1	1	1	1	1
ILE162A	5	2	19	2	967	126.497196174947	4	2	15	2	1	1	2	1	3	0
VAL173A	8	8	17	17	2841	2382.86867486295	6	6	19	15	2081	1509.27943519749	4	4	6	4
THR253A	7	7	27	14	1554	797.47181227985	5	5	21	11	1	1	1	1	1	1
TYR236A	8	4	31	10	1837	376.962884467404	8	4	34	8	1	1	1	1	1	1
ARG156A	8	4	27	10	125	47.9389084982075	6	3	26	5	125	47.9389084982075	3	3	5	5
VAL217A	7	7	24	20	2545	1507.10714095256	5	5	20	12	2895	1388.08087116248	5	5	16	14
GLU271A	6	4	16	5	4176	2077.03383204416	5	4	12	6	3749	2077.03383204416	4	4	6	4
PRO250A	5	4	12	7	3147	1728	5	4	13	6	2972	1553	4	3	8	3
ALA203A	7	7	21	15	284	102.959688617787	5	5	18	13	269	95.459688617787	3	3	7	7
GLU204A	5	2	19	3	189	1	5	2	19	2	1	1	2	2	2	2
THR125A	9	8	29	23	1557	1172.51818058353	7	6	28	19	1450	1163.10783501023	7	6	15	6
CYS124A	7	5	25	16	195	146.594345400607	6	4	19	11	207	75.1199217198848	4	2	11	5
CYS141A	8	7	25	13	531	226.997957756517	5	5	21	14	1	1	1	1	1	1
ALA129A	5	4	10	9	79	40	3	2	7	2	1	1	1	1	1	1
HIS233A	3	2	7	4	102	1	2	1	3	0	1	1	1	1	1	1
THR140A	6	4	16	8	343	148.798312842525	4	3	7	2	104	47.7983128425247	2	2	3	2
CYS238A	10	6	31	13	2871	1050.83625258889	9	5	44	15	1508	1	5	2	13	3
MET246A	9	5	24	11	411	263.443311932697	8	5	33	11	76	5.44331193269664	4	2	6	2
PRO142A	7	5	20	12	445	50.1052833362724	4	3	8	5	151	50.1052833362724	2	2	2	2
ASP208A	4	4	7	5	1	1	1	1	1	1	1	1	1	1	1	1
LEU264A	6	6	16	14	111	111	3	3	5	2	1	1	1	1	1	1
LEU265A	8	5	25	16	270	250	6	4	26	10	1	1	2	1	2	0
ARG202A	4	3	9	3	918	503.063759990174	3	3	3	2	1	1	1	1	1	1
GLU221A	5	3	12	2	545	137.659907159389	3	2	6	2	430	39.4119547401055	4	2	4	1
GLY187A	4	4	9	5	189	20.8247236060241	3	3	6	3	1	1	1	1	1	1
LEU188A	6	2	16	6	293	64.838603996321	4	2	9	4	106	64.838603996321	2	2	2	2
ALA189A	6	6	17	12	2048	1380.64264358237	4	4	15	10	721	659.457111264308	2	2	4	2
TYR205A	7	4	29	16	4555	1077.54288873569	7	4	28	14	3540	62.5428887356922	5	3	12	2
ARG110A	7	5	16	11	1623	1090.83086847613	7	5	21	11	788	788	3	2	5	2
GLY226A	3	3	2	1	375	375	2	2	2	0	1	1	1	1	1	1
SER227A	3	1	4	1	933	1	3	1	4	0	1	1	1	1	1	1
GLN192A	6	3	12	6	193	1	4	1	7	0	563	163.942330011387	6	3	9	3
PRO190A	7	5	20	12	1536	1536	2	2	6	3	2237	2149.92312789235	4	3	13	6
GLY266A	8	8	22	18	1602	1236.9278613649	5	5	17	9	1	1	2	2	3	0
ASN235A	5	5	14	8	498	456.093095498547	4	4	9	4	124	82.0930954985475	2	2	3	2
LYS139A	5	1	15	1	448	1	4	1	10	0	1	1	1	1	1	1
ARG282A	9	7	24	13	3633	2046.25506342676	7	6	28	15	1766	576.255063426762	3	3	9	7
PHE134A	6	5	22	12	639	398	5	4	21	13	242	1	2	1	6	0
ARG158A	8	6	23	10	5411	3421.85113241933	5	5	15	9	3218	1585.21821387311	5	4	14	7
GLU258A	6	3	21	8	3117	584.382589700095	5	3	19	6	1	1	1	1	1	1
LYS164A	4	2	10	3	1475	551.608308558336	4	2	10	3	820	551.608308558336	3	2	5	3
MET237A	8	5	22	10	1771	435.791398064207	7	5	26	15	1150	362.599060599557	5	4	9	3
PRO152A	5	4	13	9	625	226.198370957467	4	4	16	11	203	151.378701179161	2	2	1	1
LEU194A	6	6	25	20	459	364.556688067303	6	6	31	21	279	274.556688067303	3	3	7	2
ALA159A	6	6	24	16	263	157.772307027757	4	4	15	10	145	144	4	4	13	9
VAL216A	9	9	26	21	1999	1875.81329160228	7	7	29	21	1984	1868.31329160228	6	6	18	13
ILE255A	9	5	33	14	2714	785.629426554895	6	3	25	5	1062	1	3	1	5	0
TYR234A	7	4	26	11	1870	164.598266417349	5	3	18	5	1	1	1	1	1	1
LEU252A	4	4	8	5	823	686.932129895805	4	4	8	5	396	259.932129895805	3	3	4	2
GLY262A	5	5	9	6	968	872.984491753687	3	3	7	4	1	1	1	1	1	1
HIS168A	4	3	9	7	679	389.083410454484	2	2	6	5	679	389.083410454484	2	2	4	3
PRO98A	5	5	13	7	1385	1067.0417084622	4	4	14	7	1	1	1	1	1	1
VAL97A	5	4	12	6	765	765	4	3	14	1	765	765	2	2	2	0
GLN144A	8	5	21	8	2893	621.049121963171	5	4	14	7	733	204.415820285621	3	3	4	4
PRO219A	3	3	8	8	477	279.276332850437	2	2	2	2	595	496.864437453062	2	2	6	6
VAL218A	8	8	23	17	1265	661.246257468549	6	6	25	19	2397	1228.40808980556	7	7	16	15
THR256A	6	6	19	18	886	366.072138635096	3	3	6	6	916	916	2	2	2	0
ILE232A	7	5	28	17	1225	325.534934097569	5	4	23	14	354	220.08722363134	3	3	10	9
ARG174A	4	3	14	6	186	67.1061854922134	3	3	7	4	92	1	3	2	8	2
ASN200A	5	2	16	7	529	174.955449917343	4	2	13	5	349	174.955449917343	3	2	11	6
VAL197A	9	8	30	23	3379	1849.68670839772	8	7	31	19	1166	651.686708397717	6	6	19	15
VAL272A	8	7	31	18	282	155.93653995834	4	3	16	7	458	458	2	2	3	0
VAL274A	11	10	32	23	3541	3308.05472883482	9	8	38	20	1582	1408.44700763784	6	5	12	2
GLU287A	3	3	1	1	1	1	1	1	1	1	1	1	1	1	1	1
LYS291A	2	1	2	1	1	1	1	1	1	1	1	1	1	1	1	1
GLN136A	6	4	22	6	1963	460.920048428479	6	4	23	2	1011	264.920048428479	4	3	8	2
LEU130A	7	6	13	9	985	628.81216678034	6	6	17	12	1	1	1	1	1	1
SER127A	6	4	13	8	861	328.023298093682	6	4	18	7	1	1	1	1	1	1
LEU114A	3	3	11	7	375	213.894716663728	3	3	7	5	375	213.894716663728	3	3	3	3
ALA276A	5	3	14	7	108	1	3	1	12	0	82	1	2	1	3	0
TYR103A	5	1	12	1	929	1	4	1	11	0	362	1	2	1	2	0
CYS275A	7	7	20	15	341	174.526218915023	5	5	21	16	40	18.5529923621643	2	2	5	4
LEU133A	6	6	22	17	345	321.842280887353	6	6	26	15	128	128	3	3	9	5
ASP207A	4	3	10	9	154	14.3398322941071	3	3	9	9	139	11.8535018095635	2	2	4	4
LEU206A	5	3	15	7	222	44.1281613830797	4	2	13	4	222	44.1281613830797	4	2	12	3
ASN131A	4	3	11	3	563	425	4	3	12	2	425	425	3	3	2	0
PHE270A	8	3	23	7	4374	360.628763294406	7	3	28	7	237	1	2	1	2	0
GLY244A	4	4	9	8	375	145.431387080704	3	3	6	6	1	1	1	1	1	1
GLY245A	7	7	20	15	2433	1801.20016591668	5	5	16	13	1	1	1	1	1	1
PRO223A	5	5	9	8	604	538.098213110506	4	4	11	7	1	1	1	1	1	1
LYS132A	4	3	12	5	2317	1648.81657150344	3	3	8	6	1559	1122.3578593975	2	2	3	3
GLU198A	5	3	14	6	227	99.1085916589278	4	3	13	5	227	99.1085916589278	4	3	7	2
SER260A	4	2	9	1	183	1	2	1	3	0	1	1	1	1	1	1
SER96A	4	1	10	1	189	1	4	1	14	0	1	1	1	1	1	1
PRO191A	4	3	15	6	1522	1	2	1	6	0	371	208.057669988613	2	2	5	2
ALA138A	4	4	13	7	199	125.80766253535	3	3	9	4	1	1	1	1	1	1
LEU137A	6	5	23	10	919	627	5	4	25	8	189	189	3	3	6	1
GLY112A	5	5	16	13	2161	1744.36669832245	3	3	8	5	1	1	1	1	1	1
PHE113A	5	3	14	4	3826	3755	4	3	14	3	1898	1898	2	2	3	0
HIS193A	7	7	17	12	556	471.784527631891	6	6	19	12	1257	558.861399739541	5	5	9	6
HIS214A	5	5	12	9	525	209.769454581789	5	5	12	9	325	78.3619705585456	3	3	9	6
ILE251A	6	5	23	17	287	132	6	5	23	14	1	1	2	2	3	1
VAL172A	4	4	17	16	610	610	3	3	10	7	776	572.720564802506	2	2	3	3
SER261A	5	1	8	1	1	1	2	1	3	0	1	1	1	1	1	1
ILE195A	6	5	23	12	977	363.92942847875	6	5	23	11	463	45	3	2	9	1
LEU257A	9	7	28	18	2147	959.800396627497	8	7	38	20	478	478	2	2	3	0
PHE109A	7	3	31	11	1059	85	6	2	26	2	958	1	4	1	3	0
ASP259A	6	5	12	4	272	124.585192646137	3	2	8	2	1	1	1	1	1	1
LEU145A	6	6	25	20	696	407.052289533771	5	5	22	15	292	146.5	2	2	4	3
SER185A	5	3	11	5	189	169.175276393976	4	3	11	4	1	1	1	1	1	1
ILE254A	5	3	19	4	570	444.502803825053	3	3	5	2	1	1	1	1	1	1
ASP186A	5	4	10	7	891	691.391364611486	4	3	9	4	1	1	1	1	1	1
PRO222A	4	2	9	2	1	1	2	1	4	0	324	285.588045259894	2	2	3	1
THR123A	6	5	19	12	373	190.079951571521	4	3	17	6	373	190.079951571521	4	3	10	3
TYR107A	5	2	14	3	205	52.6212988208392	4	2	11	3	203	52.6212988208392	2	2	1	1
VAL122A	8	7	19	18	271	180.14401505721	5	5	14	10	222	133.14401505721	3	3	5	3
VAL157A	10	8	33	24	1385	648.912776368659	8	6	33	17	1043	399.912776368659	5	4	9	3
LEU111A	9	8	28	19	3296	3111.41537686862	7	7	24	16	1	1	1	1	1	1
ALA161A	6	6	20	14	1234	548.2018966583	4	4	15	13	444	444	2	2	4	1
VAL143A	6	6	21	17	186	163.5	4	4	13	10	1	1	1	1	1	1
ASN263A	4	3	7	4	501	60.4148073538633	4	3	5	1	1	1	1	1	1	1
PRO278A	9	7	23	18	1317	872	8	6	26	9	1105	704	5	4	13	4
GLU285A	6	4	18	7	1219	232.541287894061	5	4	15	7	1	1	1	1	1	1
THR284A	4	4	8	5	1	1	1	1	1	1	1	1	1	1	1	1
CYS135A	5	4	25	15	563	147.957694758535	5	4	26	14	147	1	2	1	4	0
GLN100A	3	2	6	3	348	137.067870104195	2	2	3	3	585	137.067870104195	3	2	5	2
CYS220A	6	4	24	10	186	1	5	3	27	9	4	4	2	2	3	1
THR155A	9	8	26	19	2401	1569.3799335942	9	8	36	21	1	1	1	1	1	1
GLU286A	4	3	13	8	53	27.1645351259777	3	2	10	3	1	1	1	1	1	1
SER240A	4	3	18	11	189	157	4	3	19	9	157	157	3	3	8	4
ARG209A	3	1	4	1	1	1	1	1	1	1	1	1	1	1	1	1
ASN210A	4	2	7	1	1	1	1	1	1	1	1	1	1	1	1	1
SER269A	3	1	5	1	189	1	2	1	3	0	189	1	2	1	2	0
SER149A	4	2	10	2	393	3	4	2	12	1	170	1	2	1	2	0
ALA119A	4	3	10	4	375	375	2	2	5	3	1	1	1	1	1	1
LYS120A	2	1	3	1	1	1	1	1	1	1	1	1	1	1	1	1
HIS178A	5	2	12	3	79	1.58573073865385	3	2	8	2	1	1	1	1	1	1
CYS277A	7	4	15	4	366	56.1559896165951	3	2	8	1	1	1	1	1	1	1
ARG280A	5	2	13	3	224	168.844010383405	2	2	2	1	1	1	1	1	1	1
ARG267A	5	4	12	7	457	398.482977943823	3	3	3	1	329	270.482977943823	2	2	3	3
LYS101A	3	1	7	1	129	1	2	1	2	0	61	1	2	1	3	0
CYS182A	6	4	9	6	375	374.414269261346	3	3	8	5	1	1	1	1	1	1
PRO151A	6	4	14	4	713	291.250635034042	6	4	19	4	358	291.250635034042	3	3	2	1
THR150A	2	2	5	3	189	67.7493649659583	2	2	5	3	189	67.7493649659583	2	2	2	2
ASP228A	4	2	9	1	1299	559	4	2	9	0	741	1	2	1	4	0
ASP268A	4	4	14	11	189	125.08462313138	3	3	12	10	1	1	2	2	2	1
SER99A	5	4	9	4	440	59.5170220561771	3	2	4	2	626	356.517022056177	4	4	4	2
GLY117A	4	4	11	8	330	181.418264925991	3	3	11	8	1	1	1	1	1	1
SER116A	3	1	8	1	46	1	2	1	4	0	1	1	1	1	1	1
ARG248A	3	2	5	1	293	95	3	2	5	0	199	1	2	1	3	0
ASN247A	3	1	7	1	95	1	2	1	2	0	1	1	1	1	1	1
SER215A	6	3	19	7	1967	522.607575293049	5	3	15	5	1967	522.607575293049	5	3	16	4
PRO177A	5	5	10	8	253	160.368447002612	3	3	3	2	1	1	1	1	1	1
SER166A	3	2	6	3	1	1	1	1	1	1	1	1	1	1	1	1
MET160A	6	2	17	3	1472	933	4	2	12	2	1430	933	5	2	10	2
THR102A	2	2	4	1	1	1	1	1	1	1	1	1	1	1	1	1
GLY199A	3	3	6	4	181	181	2	2	3	1	1	1	1	1	1	1
MET169A	5	3	12	3	1420	656	4	2	14	1	765	1	3	1	4	0
ASN288A	2	2	3	3	1	1	1	1	1	1	1	1	1	1	1	1
MET243A	3	1	6	1	1	1	2	1	2	0	1	1	1	1	1	1
ARG290A	2	2	2	2	1	1	1	1	1	1	1	1	1	1	1	1
SER121A	3	2	10	7	1	1	1	1	1	1	1	1	1	1	1	1
VAL225A	2	2	2	2	1	1	1	1	1	1	1	1	1	1	1	1
LEU289A	3	3	8	7	189	95	3	3	7	6	1	1	1	1	1	1
PHE212A	2	1	5	1	1	1	1	1	1	1	1	1	1	1	1	1
THR170A	2	1	8	1	189	1	2	1	8	0	189	1	2	1	3	0
SER183A	2	2	4	4	1	1	1	1	1	1	1	1	1	1	1	1
GLU180A	2	2	5	3	189	189	2	2	3	0	189	189	2	2	5	2
HIS115A	1	1	1	1	1	1	1	1	1	1	1	1	1	1	1	1
ARG181A	1	1	1	1	1	1	1	1	1	1	1	1	1	1	1	1
LEU201A	1	1	1	1	1	1	1	1	1	1	1	1	1	1	1	1
GLU224A	1	1	1	1	1	1	1	1	1	1	1	1	1	1	1	1
LYS292A	1	1	1	1	1	1	1	1	1	1	1	1	1	1	1	1
