Degree	Degree_sidechain	SecondOrderDegree	SecondOrderDegree_sidechain	NodeEdgeBetweennessSTRIDE	NodeEdgeBetweennessSTRIDE_sidechain	IntermodularDegreeSTRIDE	IntermodularDegreeSTRIDE_sidechain	SecondOrderIntermodularDegreeSTRIDE	SecondOrderIntermodularDegreeSTRIDE_sidechain	NodeEdgeBetweennessWALKTRAP	NodeEdgeBetweennessWALKTRAP_sidechain	IntermodularDegreeWALKTRAP	IntermodularDegreeWALKTRAP_sidechain	SecondOrderIntermodularDegreeWALKTRAP	SecondOrderIntermodularDegreeWALKTRAP_sidechain
ILE57M	5	3	22	8	615	83.9651937019908	3	2	8	2	616	84.9651937019908	4	3	12	5
LEU78M	8	3	22	5	863	202.034806298009	5	3	17	5	367	196.034806298009	3	2	7	2
HIS72M	5	4	15	7	406	358.714962367472	3	3	5	1	789	741.714962367472	3	3	5	3
ILE70M	5	3	13	5	178	84.2356228448243	3	3	8	4	1216	84.2356228448243	5	3	9	2
GLN32M	2	1	3	1	1	1	1	1	1	1	1	1	1	1	1	1
VAL36M	4	4	12	9	91	91	2	2	4	1	91	91	2	2	4	1
TYR56M	7	3	20	5	978	187.647732131674	5	2	16	4	978	187.647732131674	5	2	7	2
GLY85M	5	5	10	8	343	299.527173860347	4	4	10	5	1	1	1	1	1	1
HIS74M	3	2	4	1	169	1	2	1	3	0	1	1	1	1	1	1
GLN23M	7	4	24	11	30	9.02909527676864	6	4	28	11	89	3	4	3	13	3
VAL24M	7	6	22	13	1098	901	5	4	21	9	1114	985	5	5	14	4
GLU41M	4	1	15	1	86	1	4	1	16	0	1	1	1	1	1	1
LYS35M	5	3	11	3	85	75.7530667456733	4	3	11	3	1	1	1	1	1	1
LEU53M	9	7	26	14	320	153.140211687411	6	6	20	16	451	146.140211687411	7	5	18	9
VAL49M	6	6	25	18	103	83	4	4	21	13	63	63	3	3	11	4
GLY21M	6	5	15	12	166	162.5	4	4	17	13	1	1	1	1	1	1
THR45M	8	7	22	11	196	168.927348584971	7	6	16	9	387	369.456443861739	6	5	13	3
ASP76M	7	5	18	5	1108	799.927291587192	7	5	20	5	547	296.165376530835	3	3	6	2
SER88M	5	4	9	6	94	41.348205304836	5	4	13	5	8	1	2	1	4	0
GLU48M	3	3	15	9	86	18.5435561382608	3	3	16	8	86	18.5435561382608	3	3	11	4
PHE44M	12	4	30	7	1598	252.873251019212	11	4	37	8	619	1	7	1	19	0
VAL71M	7	7	16	12	1120	812.632075725833	5	5	13	9	1708	1400.63207572583	5	5	11	6
VAL89M	6	5	15	9	226	127.151794695164	5	4	15	8	140	70.5	2	2	4	4
ARG67M	3	2	8	2	1	1	1	1	1	1	109	42.9384903164226	2	2	2	2
HIS69M	6	3	9	2	246	94.7643771551757	5	2	13	2	279	160.825886838753	3	3	5	3
LEU99M	7	7	22	16	837	249.001451839268	6	6	21	20	1565	556.812066218466	4	4	11	8
GLN68M	3	3	3	1	86	86	2	2	1	0	1	1	1	1	1	1
TYR63M	2	1	2	1	86	1	2	1	1	0	1	1	1	1	1	1
LYS90M	5	2	12	3	170	65	4	2	11	1	1	1	1	1	1	1
PRO92M	7	6	12	7	180	180	4	4	9	4	1	1	1	1	1	1
GLN40M	3	1	8	1	1	1	2	1	4	0	1	1	1	1	1	1
GLY38M	5	5	13	11	780	494.252715988517	5	5	12	10	1	1	1	1	1	1
LYS47M	3	1	9	1	81	1	2	1	6	0	81	1	2	1	5	0
CYS73M	6	6	17	15	330	80.8458676682433	6	6	20	14	1	1	1	1	1	1
VAL84M	6	5	14	10	413	402	5	4	18	6	1	1	1	1	1	1
SER86M	6	2	11	2	134	1	5	1	14	0	1	1	2	2	3	1
ARG101M	5	4	12	7	499	204.895765598222	4	3	12	5	518	467.895765598222	4	4	11	8
MET98M	6	4	24	13	1144	83.1165820680157	4	3	17	11	2200	530.305967688818	6	4	19	10
PHE87M	4	2	14	6	1244	238.867924274167	3	2	10	4	1244	238.867924274167	4	2	9	4
ARG27M	5	3	9	6	494	322.5	5	3	7	3	156	78.5	2	2	3	3
ILE105M	5	2	13	1	888	115	4	2	14	1	530	1	3	1	7	0
PRO18M	5	2	11	1	408	115	5	2	13	1	88	1	2	1	2	0
LEU103M	7	6	19	16	1618	1154.36769596782	6	6	23	18	1069	684.498548160732	4	3	10	7
VAL104M	4	4	11	8	156	78.5	2	2	4	2	306	228.5	4	4	6	3
ALA28M	3	3	7	5	1	1	2	2	4	2	1	1	1	1	1	1
PRO29M	5	4	14	10	169	95	3	2	9	2	75	1	2	1	5	0
GLY79M	8	8	22	21	384	358.62695847141	4	4	14	10	1	1	1	1	1	1
LEU81M	7	5	19	11	362	246.620004174368	6	5	18	10	362	246.620004174368	6	5	12	6
GLN66M	3	2	6	1	1	1	1	1	1	1	1	1	1	1	1	1
LYS65M	4	1	6	1	1	1	1	1	1	1	1	1	1	1	1	1
LEU82M	9	7	27	16	2422	2166	7	6	19	11	2166	2166	5	5	12	6
THR22M	7	6	13	8	402	244	7	6	18	6	1	1	1	1	1	1
HIS25M	5	2	14	3	260	186.96270107932	3	2	7	3	540	186.96270107932	3	2	3	1
LEU106M	4	4	9	7	150	133.5	4	4	9	7	1	1	1	1	1	1
LEU30M	8	7	23	16	420	247.263413757616	7	7	26	20	258	87.7634137576164	4	4	13	10
GLY54M	7	7	18	12	1	1	1	1	1	1	145	145	3	3	8	5
MET58M	2	1	6	1	1	1	1	1	1	1	1	1	1	1	1	1
PRO26M	7	6	27	15	1208	656.630852192911	6	5	30	15	329	329	2	2	2	1
PRO77M	5	3	13	6	86	56.2380849436433	3	2	10	4	11	1	2	1	4	0
ALA39M	6	6	18	10	1099	698.08568058978	5	5	22	11	1	1	1	1	1	1
GLU97M	3	3	7	6	1	1	1	1	1	1	1	1	1	1	1	1
SER93M	4	3	10	5	1	1	1	1	1	1	1	1	1	1	1	1
LEU34M	7	5	29	12	268	102.359788312589	6	5	27	12	135	90.3597883125887	2	2	6	4
ASP64M	5	5	8	5	373	48.2850376325278	2	2	2	2	373	48.2850376325278	2	2	2	2
TYR96M	2	1	6	1	1	1	1	1	1	1	1	1	1	1	1	1
ALA37M	8	8	20	15	924	664.788352402491	5	5	12	5	534	534	3	3	6	1
LYS60M	4	2	11	4	86	65.1868913374912	3	2	11	4	86	65.1868913374912	3	2	4	2
GLU20M	4	1	8	1	1	1	2	1	6	0	1	1	1	1	1	1
GLY19M	5	4	9	6	85	85	3	2	10	1	1	1	1	1	1	1
PRO94M	7	5	18	9	479	1	3	2	8	0	479	1	2	1	4	0
GLU42M	6	4	14	4	300	36.2617598881629	5	4	13	6	260	26.0372989206802	3	2	5	1
ASN91M	3	1	10	1	86	1	3	1	5	0	1	1	1	1	1	1
VAL46M	4	3	11	2	93	88	3	2	10	1	93	88	3	2	6	0
VAL43M	5	5	16	10	38	19.5	4	4	18	9	53	51	4	4	11	3
GLN55M	4	1	12	1	145	1	2	1	4	0	230	1	3	1	4	0
HIS51M	3	2	8	1	1	1	1	1	1	1	86	86	3	2	4	0
ILE33M	6	4	24	8	210	139.5	5	4	16	7	210	139.5	5	4	14	5
LEU62M	6	5	17	7	86	46	6	5	20	8	38	38	3	3	6	2
ASP75M	2	2	2	1	1	1	1	1	1	1	1	1	1	1	1	1
MET50M	4	2	11	2	60	25	3	2	8	2	49	25	2	2	3	2
ASN102M	4	1	13	1	86	1	4	1	16	0	1	1	2	1	5	0
LEU95M	5	3	19	6	180	46	4	3	13	6	180	46	4	3	11	5
GLU83M	4	2	11	3	498	51.1042344017783	4	2	10	2	214	51.1042344017783	2	2	3	3
TYR52M	4	1	13	1	86	1	4	1	13	0	1	1	1	1	1	1
LEU31M	5	5	16	7	85	84.022472286844	4	4	17	6	1	1	1	1	1	1
GLU80M	3	2	8	3	1	1	1	1	1	1	1	1	1	1	1	1
MET59M	1	1	1	1	1	1	1	1	1	1	1	1	1	1	1	1
GLN61M	1	1	1	1	1	1	1	1	1	1	1	1	1	1	1	1
LYS100M	1	1	1	1	1	1	1	1	1	1	1	1	1	1	1	1
