Degree	Degree_sidechain	SecondOrderDegree	SecondOrderDegree_sidechain	NodeEdgeBetweennessSTRIDE	NodeEdgeBetweennessSTRIDE_sidechain	IntermodularDegreeSTRIDE	IntermodularDegreeSTRIDE_sidechain	SecondOrderIntermodularDegreeSTRIDE	SecondOrderIntermodularDegreeSTRIDE_sidechain	NodeEdgeBetweennessWALKTRAP	NodeEdgeBetweennessWALKTRAP_sidechain	IntermodularDegreeWALKTRAP	IntermodularDegreeWALKTRAP_sidechain	SecondOrderIntermodularDegreeWALKTRAP	SecondOrderIntermodularDegreeWALKTRAP_sidechain
PRO223A	-0.170210507947961	0.489749517003425	-0.934612935244495	-0.253171299674468	-0.19896030478459	0.238906654453711	-0.0285686071836932	0.467179091993597	-0.33225592327441	-0.0808758708892898	-0.556397821210191	-0.464493839309601	-0.909828722150699	-0.822379579643325	-0.816169505532848	-0.514720236217763
THR230A	0.317893154549869	0.489749517003425	-0.156323159987513	0.279581255395905	-0.561469216452825	-0.32192868180865	0.477874883799961	0.467179091993597	-0.33225592327441	-0.435275754561458	-0.256414284109996	-0.0395829369499034	0.476238471750756	0.989643222960611	0.202410037372146	-0.00779879145784487
CYS229A	-0.170210507947961	-0.0155476037143944	-0.026608197444683	0.101997070372447	0.388832485187588	0.0560497569315697	0.477874883799961	0.467179091993597	0.172338352726446	0.273524012782879	0.385903407092773	0.578357970434737	0.476238471750756	0.989643222960611	0.457054923098395	0.499122653302073
TRP146A	0.8059968170477	-0.520844724432213	0.751681577812298	-0.963508039768297	0.395436898558062	-0.148546172384176	0.984318374783616	-0.124378849167127	0.676932628727302	-0.612475696397543	1.21056403261135	0.22438480243279	1.86230566565221	0.989643222960611	0.202410037372146	-0.00779879145784487
ARG273A	0.8059968170477	-0.520844724432213	1.27054142798362	-0.253171299674468	-0.293623563094716	-0.136622832312163	0.477874883799961	-0.124378849167127	-0.0294993576738963	-0.0808758708892898	0.884699562898586	0.245013475117384	2.55533926260294	0.989643222960611	1.47563446600339	-0.00779879145784487
ASP281A	-0.658314170445792	-0.520844724432213	-0.026608197444683	-0.253171299674468	-0.571008924654621	-0.501970282297418	-0.535012098167348	-0.124378849167127	-0.534093633674752	-0.0808758708892898	-0.338762706059069	-0.387077274318463	-0.216795125199971	0.0836318216586431	0.202410037372146	-0.00779879145784487
ARG196A	1.29410047954553	0.995046637721243	1.40025639052645	0.812333810466277	0.393969251142401	0.379397100809787	1.49076186576727	1.65029497431505	1.3833646151285	1.69112354747155	-0.38111332306145	-0.464493839309601	-0.216795125199971	-0.822379579643325	-0.0522348483541023	-1.02164168097768
ASP184A	-0.170210507947961	0.489749517003425	0.103106765098147	0.457165440419362	-0.211435307817708	-0.372173761360437	0.477874883799961	1.05873703315432	0.676932628727302	1.33672366379938	-0.556397821210191	-0.464493839309601	-0.909828722150699	-0.822379579643325	-0.816169505532848	-0.514720236217763
CYS242A	0.8059968170477	0.489749517003425	0.621966615269468	-0.0755871146510101	-0.613570699708786	-0.471524831729133	0.477874883799961	0.467179091993597	0.878770339127645	0.805123838291131	-0.425816752119518	-0.277969388695152	0.476238471750756	0.989643222960611	1.47563446600339	1.51296554282191
HIS179A	0.8059968170477	0.489749517003425	0.621966615269468	0.279581255395905	1.49543863659588	-0.169223442734512	1.49076186576727	1.05873703315432	1.28244575992833	0.805123838291131	0.947049082374313	-0.464493839309601	0.476238471750756	0.0836318216586431	1.22098958027714	1.51296554282191
GLN104A	-0.658314170445792	-0.520844724432213	-0.286038122530343	-0.0755871146510101	-0.614304523416616	-0.506532841288438	-0.535012098167348	-0.124378849167127	-0.130418212874067	0.450723954618963	-0.556397821210191	-0.464493839309601	-0.909828722150699	-0.822379579643325	-0.816169505532848	-0.514720236217763
GLY108A	1.29410047954553	1.50034375843906	0.621966615269468	0.63474962544282	-0.0969588093961598	0.0415412194119208	1.49076186576727	1.65029497431505	1.3833646151285	1.33672366379938	-0.556397821210191	-0.464493839309601	-0.909828722150699	-0.822379579643325	-0.816169505532848	-0.514720236217763
ARG175A	0.8059968170477	0.995046637721243	0.751681577812298	0.812333810466277	2.04287112263739	2.92349619986964	1.49076186576727	1.65029497431505	1.78704003592919	1.86832348930764	1.59760161577199	2.04573103153972	0.476238471750756	0.0836318216586431	1.22098958027714	-0.514720236217763
GLY279A	1.29410047954553	2.00564087915688	1.14082646544079	2.23300729065394	-0.539454505217912	-0.304288823214495	-0.535012098167348	-0.124378849167127	-0.433174778474581	0.0963240709467945	-0.374054886894386	-0.203629896191929	-0.216795125199971	0.0836318216586431	-0.306879734080351	0.499122653302073
THR118A	0.317893154549869	-0.0155476037143944	-0.026608197444683	-0.0755871146510101	0.497438393946493	0.477090503534879	0.984318374783616	0.467179091993597	-0.231337068074239	0.0963240709467945	-0.0434847930702504	0.153391785481713	-0.216795125199971	0.0836318216586431	-0.306879734080351	0.499122653302073
PRO128A	-0.658314170445792	-0.0155476037143944	-0.804897972701664	-0.608339669721382	-0.383150055450029	-0.0549863533833212	-0.535012098167348	-0.124378849167127	-0.433174778474581	-0.435275754561458	-0.556397821210191	-0.464493839309601	-0.909828722150699	-0.822379579643325	-0.816169505532848	-0.514720236217763
TYR126A	0.8059968170477	-1.02614184515003	0.492251652726638	-0.963508039768297	1.58349748153554	0.666912568969724	0.984318374783616	-0.715936790327851	0.47509491832696	-0.789675638233627	1.39996540309421	-0.464493839309601	1.86230566565221	-0.822379579643325	0.966344694550891	-1.02164168097768
ARG267A	-0.170210507947961	-0.0155476037143944	-0.415753085073174	-0.253171299674468	-0.510101556904695	-0.281904759635252	-0.535012098167348	-0.124378849167127	-1.03868790967561	-0.966875580069711	-0.202299606829177	-0.210845571799864	0.476238471750756	0.0836318216586431	0.202410037372146	-0.00779879145784487
LEU264A	0.317893154549869	0.995046637721243	0.103106765098147	1.16750218051319	0.747672278316671	0.932571412462422	-0.535012098167348	-0.124378849167127	-0.836850199275266	-0.612475696397543	0.528248536461885	1.09283389546789	0.476238471750756	0.989643222960611	0.202410037372146	-0.00779879145784487
CYS176A	0.8059968170477	0.995046637721243	0.621966615269468	0.457165440419362	1.29730623548167	0.655372629565482	0.477874883799961	0.467179091993597	0.878770339127645	0.805123838291131	-0.168183832021704	-0.335621963953523	-0.216795125199971	0.0836318216586431	0.711699808824643	1.51296554282191
ARG249A	0.8059968170477	0.995046637721243	0.492251652726638	0.457165440419362	3.33146555358763	2.34046835997781	1.49076186576727	1.65029497431505	0.777851483927473	0.982323780127216	3.639842480109	2.10193883402454	1.86230566565221	1.89565462426258	1.22098958027714	1.00604409806199
GLU171A	-1.14641783294362	-1.02614184515003	-0.804897972701664	-0.608339669721382	-0.571742748362451	-0.481004665653151	-1.041455589151	-0.715936790327851	-0.735931344075095	-0.258075812725374	-0.338762706059069	-0.350804481562981	0.476238471750756	0.0836318216586431	0.457054923098395	0.499122653302073
THR231A	0.317893154549869	0.995046637721243	0.232821727640977	1.16750218051319	-0.372142699832573	-0.0290227774449068	-0.535012098167348	-0.124378849167127	-0.635012488874923	-0.258075812725374	-0.176418674216611	-0.127302042225216	0.476238471750756	0.989643222960611	-0.0522348483541023	0.499122653302073
TYR163A	-0.658314170445792	-0.520844724432213	0.103106765098147	0.101997070372447	0.958279682464006	-0.4408944556754	-0.0285686071836932	-0.124378849167127	0.47509491832696	0.450723954618963	2.11286745596762	-0.281409464064188	1.16927206870148	0.989643222960611	1.98492423745588	2.01988698758183
SER241A	-0.658314170445792	-0.520844724432213	-0.545468047616004	-0.608339669721382	-0.573210395778112	-0.546716933994779	-1.041455589151	-1.30749473148857	-1.13960676487578	-1.1440755219058	-0.554045009154503	-0.460565474879477	-0.216795125199971	0.0836318216586431	-0.306879734080351	-1.02164168097768
TYR239A	0.317893154549869	-1.53143896586785	1.01111150289796	-1.31867640981521	-0.530648620723947	-0.546716933994779	-0.0285686071836932	-1.30749473148857	0.676932628727302	-1.1440755219058	-0.306999743307284	-0.464493839309601	1.16927206870148	-0.822379579643325	0.966344694550891	-1.02164168097768
ASN235A	-1.63452149544145	-1.02614184515003	-1.45347278541582	-1.14109222479175	-0.571008924654621	-0.386753460477839	-1.041455589151	-0.715936790327851	-1.03868790967561	-0.789675638233627	-0.338762706059069	-0.187739664997546	-0.216795125199971	0.0836318216586431	-0.561524619806599	-0.00779879145784487
GLU198A	-0.170210507947961	-0.520844724432213	-0.415753085073174	-0.963508039768297	-0.318573569160951	-0.285264706049249	-0.0285686071836932	-0.124378849167127	-0.231337068074239	-0.612475696397543	0.0659209675192323	-0.0121531025385293	0.476238471750756	0.989643222960611	-0.306879734080351	0.499122653302073
ARG213A	1.78220414204336	1.50034375843906	0.492251652726638	0.63474962544282	0.749873749440162	-0.0467600903166023	2.50364884773458	2.24185291547577	1.08060804952799	0.805123838291131	0.723531937083972	-0.464493839309601	1.16927206870148	0.0836318216586431	0.457054923098395	-1.02164168097768
THR211A	0.317893154549869	0.489749517003425	-0.156323159987513	0.101997070372447	-0.172542651302695	0.27977724576028	-0.535012098167348	-0.715936790327851	-0.231337068074239	-0.0808758708892898	0.300025767060168	0.965430813255584	-0.216795125199971	0.0836318216586431	-0.306879734080351	-0.514720236217763
GLN165A	-0.658314170445792	-0.0155476037143944	-1.06432789778732	-0.608339669721382	-0.259867672534516	-0.28526703655151	-0.0285686071836932	0.467179091993597	-0.635012488874923	-0.258075812725374	-0.556397821210191	-0.464493839309601	-0.909828722150699	-0.822379579643325	-0.816169505532848	-0.514720236217763
GLN167A	-0.658314170445792	-0.520844724432213	-1.19404286033015	-0.963508039768297	-0.542389800049234	-0.333046207499185	-1.041455589151	-0.715936790327851	-1.03868790967561	-0.612475696397543	-0.556397821210191	-0.464493839309601	-0.909828722150699	-0.822379579643325	-0.816169505532848	-0.514720236217763
GLY154A	-0.170210507947961	0.489749517003425	-0.026608197444683	0.63474962544282	-0.557066274205843	-0.315116916590889	-0.0285686071836932	0.467179091993597	-0.0294993576738963	0.450723954618963	-0.556397821210191	-0.464493839309601	-0.909828722150699	-0.822379579643325	-0.816169505532848	-0.514720236217763
PRO153A	-1.14641783294362	-1.02614184515003	-1.19404286033015	-0.78592385474484	-0.706766310603251	-0.546716933994779	-1.54789908013466	-1.30749473148857	-1.24052562007595	-0.966875580069711	-0.556397821210191	-0.464493839309601	-0.909828722150699	-0.822379579643325	-0.816169505532848	-0.514720236217763
ILE162A	0.317893154549869	-1.02614184515003	0.751681577812298	-1.14109222479175	0.975891451451936	-0.17315377433221	0.477874883799961	-0.715936790327851	0.47509491832696	-0.789675638233627	-0.556397821210191	-0.464493839309601	-0.909828722150699	-0.822379579643325	-0.816169505532848	-0.514720236217763
VAL173A	1.29410047954553	2.00564087915688	0.492251652726638	1.70025473558356	0.732995804160062	1.41856385610965	0.984318374783616	1.65029497431505	0.878770339127645	1.86832348930764	1.61995333030102	2.25608895204501	1.16927206870148	1.89565462426258	0.711699808824643	1.51296554282191
THR253A	0.8059968170477	1.50034375843906	1.78940127815494	0.989917995489734	0.0314603394741664	0.0357697309839632	0.477874883799961	1.05873703315432	0.979689194327816	0.805123838291131	0.627066642800772	0.54327132401003	1.86230566565221	2.80166602556455	2.49421400890838	3.54065132186158
TYR236A	1.78220414204336	-0.0155476037143944	2.43797609086909	0.279581255395905	0.517985457765745	-0.251867965699188	2.50364884773458	0.467179091993597	2.69530973273073	0.273524012782879	0.16473907385812	0.0241345173919369	0.476238471750756	0.0836318216586431	1.22098958027714	1.00604409806199
ARG156A	0.8059968170477	-0.0155476037143944	1.01111150289796	0.279581255395905	-0.507166262073373	-0.463221816027242	0.477874883799961	-0.124378849167127	0.576013773527131	-0.258075812725374	-0.32699864578063	-0.320038221260357	0.476238471750756	0.989643222960611	-0.0522348483541023	1.00604409806199
VAL217A	0.8059968170477	1.50034375843906	1.14082646544079	2.05542310563048	0.991301749316375	0.958194835200371	0.477874883799961	1.05873703315432	0.47509491832696	0.805123838291131	1.94817061206947	1.77579318006401	1.16927206870148	1.89565462426258	1.47563446600339	2.52680843234175
GLU271A	0.317893154549869	-0.0155476037143944	0.103106765098147	-0.608339669721382	4.64207469577279	2.70160516023938	0.477874883799961	0.467179091993597	-0.130418212874067	-0.0808758708892898	4.65978650624966	5.15545601126786	1.86230566565221	1.89565462426258	1.22098958027714	1.00604409806199
PRO250A	-0.170210507947961	-0.0155476037143944	-0.415753085073174	-0.0755871146510101	2.97042428933506	2.37269210891749	0.477874883799961	0.467179091993597	0.172338352726446	0.450723954618963	4.89036208770707	4.21222401475318	1.16927206870148	0.989643222960611	1.22098958027714	0.499122653302073
ALA203A	1.29410047954553	2.00564087915688	1.14082646544079	1.87783892060702	-0.483683903422799	-0.422777774445487	0.984318374783616	1.65029497431505	1.28244575992833	2.22272337297981	-0.411699879785391	-0.372181151285833	-0.216795125199971	0.0836318216586431	-0.816169505532848	-0.514720236217763
GLU204A	-0.170210507947961	-1.02614184515003	0.362536690183808	-0.963508039768297	-0.571008924654621	-0.546716933994779	0.477874883799961	-0.715936790327851	0.576013773527131	-0.789675638233627	-0.556397821210191	-0.464493839309601	-0.216795125199971	0.0836318216586431	-0.561524619806599	-0.00779879145784487
CYS124A	0.8059968170477	0.489749517003425	1.27054142798362	1.34508636553665	-0.515238322859508	-0.325133298826749	0.984318374783616	0.467179091993597	0.576013773527131	0.805123838291131	-0.556397821210191	-0.464493839309601	-0.909828722150699	-0.822379579643325	-0.816169505532848	-0.514720236217763
CYS141A	1.29410047954553	1.50034375843906	1.27054142798362	0.989917995489734	-0.162269119393068	-0.0638408497022876	0.477874883799961	1.05873703315432	0.878770339127645	1.33672366379938	-0.556397821210191	-0.464493839309601	-0.909828722150699	-0.822379579643325	-0.816169505532848	-0.514720236217763
ALA129A	-0.658314170445792	-0.0155476037143944	-0.934612935244495	-0.0755871146510101	-0.706032486895421	-0.546149286893299	-1.041455589151	-0.715936790327851	-1.13960676487578	-0.789675638233627	-0.556397821210191	-0.464493839309601	-0.909828722150699	-0.822379579643325	-0.816169505532848	-0.514720236217763
HIS233A	-1.14641783294362	-1.02614184515003	-1.06432789778732	-0.608339669721382	-0.540188328925743	-0.546716933994779	-1.041455589151	-1.30749473148857	-1.13960676487578	-1.1440755219058	0.0235703505168519	-0.203257604706346	0.476238471750756	0.0836318216586431	-0.0522348483541023	-0.00779879145784487
THR140A	-0.170210507947961	-0.0155476037143944	-0.156323159987513	-0.0755871146510101	-0.287752973432073	-0.109850218019303	-0.535012098167348	-0.124378849167127	-0.937769054475437	-0.789675638233627	0.115330020688676	0.291333004194195	0.476238471750756	0.989643222960611	-0.0522348483541023	0.499122653302073
CYS238A	2.27030780454119	0.995046637721243	2.17854616578343	0.812333810466277	1.00671204718081	0.399466927900971	2.50364884773458	1.05873703315432	3.30082286393175	1.51392360563547	1.02351547418417	1.17250695649157	3.94140645650439	3.70767742686651	3.76743843753962	2.01988698758183
MET246A	1.78220414204336	0.489749517003425	1.14082646544079	0.63474962544282	0.0659500537421968	-0.00124806939337506	1.99720535675092	1.05873703315432	2.0897966015297	0.982323780127216	0.0118062902384129	0.41440849772509	2.55533926260294	1.89565462426258	3.51279355181338	3.03372987710166
PRO142A	0.8059968170477	0.489749517003425	0.751681577812298	0.63474962544282	-0.490288316793273	-0.464542528804005	-0.0285686071836932	-0.124378849167127	-0.433174778474581	-0.258075812725374	-0.556397821210191	-0.464493839309601	-0.909828722150699	-0.822379579643325	-0.816169505532848	-0.514720236217763
ASP208A	-0.658314170445792	-0.0155476037143944	-1.06432789778732	-0.608339669721382	-0.706766310603251	-0.546716933994779	-1.54789908013466	-1.30749473148857	-1.24052562007595	-0.966875580069711	-0.556397821210191	-0.464493839309601	-0.909828722150699	-0.822379579643325	-0.816169505532848	-0.514720236217763
LEU265A	1.29410047954553	0.489749517003425	1.27054142798362	1.34508636553665	-0.405164766684942	-0.0977080767240017	0.984318374783616	0.467179091993597	1.18152690472816	0.627923896455047	-0.556397821210191	-0.464493839309601	-0.216795125199971	-0.822379579643325	-0.561524619806599	-1.02164168097768
ARG202A	-0.658314170445792	-0.520844724432213	-0.675183010158834	-1.14109222479175	0.0490721084620968	0.279042326899509	-0.535012098167348	-0.124378849167127	-1.03868790967561	-0.789675638233627	-0.556397821210191	-0.464493839309601	-0.909828722150699	-0.822379579643325	-0.816169505532848	-0.514720236217763
GLU221A	-0.170210507947961	-1.02614184515003	-0.415753085073174	-1.14109222479175	-0.165938237932221	-0.497415065810355	-0.535012098167348	-0.715936790327851	-0.735931344075095	-0.789675638233627	0.375315752842178	-0.464493839309601	1.16927206870148	-0.822379579643325	0.202410037372146	-1.02164168097768
GLY187A	-0.658314170445792	-0.520844724432213	-0.804897972701664	-0.78592385474484	-0.694291307570134	-0.527416932544455	-1.041455589151	-0.715936790327851	-1.03868790967561	-0.966875580069711	-0.556397821210191	-0.464493839309601	-0.909828722150699	-0.822379579643325	-0.816169505532848	-0.514720236217763
LEU188A	0.317893154549869	-1.02614184515003	0.232821727640977	-0.253171299674468	-0.475611842636664	-0.460432334199314	-0.0285686071836932	-0.715936790327851	-0.534093633674752	-0.258075812725374	-0.411699879785391	-0.315212114880735	-0.216795125199971	0.0836318216586431	-0.816169505532848	-0.514720236217763
ALA189A	0.317893154549869	0.995046637721243	0.232821727640977	0.63474962544282	0.556144290572927	0.813032743170683	-0.0285686071836932	0.467179091993597	0.0714194975262749	0.627923896455047	-0.556397821210191	-0.464493839309601	-0.909828722150699	-0.822379579643325	-0.816169505532848	-0.514720236217763
TYR205A	0.8059968170477	-0.0155476037143944	1.78940127815494	1.34508636553665	2.22045645993235	0.326228195547486	1.49076186576727	0.467179091993597	1.58520232552884	1.33672366379938	1.82111876106233	0.939896444459777	0.476238471750756	0.0836318216586431	0.966344694550891	0.499122653302073
ARG110A	0.8059968170477	0.489749517003425	0.232821727640977	0.63474962544282	0.0674177011578577	0.370205034070613	1.49076186576727	1.05873703315432	0.979689194327816	1.1595237219633	0.0282759746282275	0.511704721576247	-0.216795125199971	0.0836318216586431	-0.0522348483541023	-0.00779879145784487
GLN192A	0.317893154549869	-0.520844724432213	-0.415753085073174	-0.430755484697925	-0.484417727130629	-0.546716933994779	-0.0285686071836932	-1.30749473148857	-0.635012488874923	-1.1440755219058	-0.199946794773489	-0.464493839309601	0.476238471750756	-0.822379579643325	-0.0522348483541023	-1.02164168097768
PRO190A	0.8059968170477	0.489749517003425	0.621966615269468	0.63474962544282	0.261147160025093	0.950736119709786	-1.041455589151	-0.715936790327851	-0.735931344075095	-0.612475696397543	-0.556397821210191	-0.464493839309601	-0.909828722150699	-0.822379579643325	-0.816169505532848	-0.514720236217763
VAL143A	0.8059968170477	0.995046637721243	0.751681577812298	1.34508636553665	0.131994187446936	0.103806644301442	0.477874883799961	0.467179091993597	0.172338352726446	0.450723954618963	-0.159948989826797	0.197435567166316	-0.216795125199971	0.0836318216586431	-0.306879734080351	-0.514720236217763
GLY266A	1.29410047954553	2.00564087915688	0.751681577812298	1.70025473558356	-0.509367733196864	-0.293497532714535	0.477874883799961	1.05873703315432	0.374176063126789	0.627923896455047	-0.49287189570662	-0.358427999696249	1.16927206870148	1.89565462426258	1.22098958027714	1.00604409806199
ARG282A	1.29410047954553	0.995046637721243	1.01111150289796	0.812333810466277	1.48076216243928	1.39612264883071	0.984318374783616	1.05873703315432	1.08060804952799	0.982323780127216	1.23173934111254	2.08988974209303	1.86230566565221	1.89565462426258	0.966344694550891	-0.514720236217763
PHE134A	0.317893154549869	0.489749517003425	0.751681577812298	0.457165440419362	-0.41763976971806	-0.31852279919977	0.477874883799961	0.467179091993597	0.676932628727302	0.982323780127216	-0.0928938462396942	-0.0696932140821254	0.476238471750756	0.0836318216586431	0.457054923098395	0.499122653302073
ARG158A	1.29410047954553	0.995046637721243	0.881396540355128	0.279581255395905	2.30191089150153	2.31577895754648	0.477874883799961	1.05873703315432	0.172338352726446	0.450723954618963	2.45873082815372	1.88850245924787	1.86230566565221	1.89565462426258	1.98492423745588	2.01988698758183
GLU258A	0.317893154549869	-0.520844724432213	0.751681577812298	-0.0755871146510101	1.08376353650301	0.085256446903208	0.477874883799961	-0.124378849167127	0.576013773527131	-0.0808758708892898	-0.556397821210191	-0.464493839309601	-0.909828722150699	-0.822379579643325	-0.816169505532848	-0.514720236217763
LYS164A	-1.14641783294362	-1.02614184515003	-0.804897972701664	-0.963508039768297	0.00284121486877941	-0.0759229352871185	-0.535012098167348	-0.715936790327851	-0.534093633674752	-0.612475696397543	0.107095178493769	0.35003088635917	-0.216795125199971	0.0836318216586431	-0.0522348483541023	0.499122653302073
LEU252A	0.317893154549869	0.995046637721243	-0.026608197444683	-0.0755871146510101	5.39864693854597	8.79563859670833	0.477874883799961	1.05873703315432	0.0714194975262749	-0.0808758708892898	3.85983040731581	6.9090461960334	-0.216795125199971	0.0836318216586431	-0.306879734080351	-0.514720236217763
SER269A	-0.658314170445792	-1.53143896586785	-0.934612935244495	-1.31867640981521	1.13733266717463	-0.546716933994779	-0.535012098167348	-1.30749473148857	-0.635012488874923	-1.1440755219058	0.838819727812674	-0.464493839309601	0.476238471750756	-0.822379579643325	-0.0522348483541023	-1.02164168097768
MET237A	1.29410047954553	0.489749517003425	1.14082646544079	0.279581255395905	0.0953030020554142	-0.254891089259446	1.49076186576727	1.05873703315432	1.58520232552884	1.69112354747155	0.0482748771015738	-0.339308865219431	1.86230566565221	0.0836318216586431	1.98492423745588	-0.514720236217763
PRO152A	-0.170210507947961	-0.0155476037143944	-0.156323159987513	0.457165440419362	-0.33325004331756	-0.348205979667697	-0.0285686071836932	0.467179091993597	0.47509491832696	1.1595237219633	-0.363467232643791	-0.21743234213955	0.476238471750756	0.989643222960611	-0.0522348483541023	0.499122653302073
LEU194A	0.8059968170477	1.50034375843906	1.52997135306928	2.58817566070085	-0.512303028028186	-0.312806328263974	1.49076186576727	2.24185291547577	2.19071545672987	3.28592302399631	-0.316410991530035	-0.119710656360623	1.16927206870148	1.89565462426258	3.00350378036088	3.54065132186158
VAL216A	1.78220414204336	2.5109379998747	1.40025639052645	2.23300729065394	0.569353117313875	1.35764305366408	1.49076186576727	2.24185291547577	1.78704003592919	2.75432319848806	1.35526197403615	2.72730226016626	1.86230566565221	2.80166602556455	2.23956912318213	3.54065132186158
GLY262A	-0.170210507947961	0.489749517003425	-0.804897972701664	-0.430755484697925	-0.0477926209715206	0.375053914070292	-0.535012098167348	-0.124378849167127	-0.635012488874923	-0.435275754561458	-0.556397821210191	-0.464493839309601	-0.909828722150699	-0.822379579643325	-0.816169505532848	-0.514720236217763
PRO98A	-0.170210507947961	0.489749517003425	-0.026608197444683	-0.0755871146510101	0.62879283764814	1.22050874563866	-0.0285686071836932	0.467179091993597	0.172338352726446	0.273524012782879	-0.556397821210191	-0.464493839309601	-0.909828722150699	-0.822379579643325	-0.816169505532848	-0.514720236217763
VAL97A	0.317893154549869	0.489749517003425	-0.286038122530343	-0.0755871146510101	-0.486619198254121	-0.264341801600406	0.477874883799961	0.467179091993597	0.273257207926617	-0.435275754561458	-0.334057081947694	-0.0932634006628702	-0.216795125199971	0.0836318216586431	-0.306879734080351	-1.02164168097768
GLN144A	0.8059968170477	0.489749517003425	-0.026608197444683	-0.0755871146510101	1.08816647874999	0.0524239319972851	-0.0285686071836932	0.467179091993597	-0.534093633674752	0.0963240709467945	0.183561570303622	-0.259540626745131	0.476238471750756	0.0836318216586431	0.202410037372146	-0.00779879145784487
GLN100A	-1.14641783294362	-1.02614184515003	-1.06432789778732	-0.608339669721382	-0.424978006796364	-0.443424696068637	-1.041455589151	-0.715936790327851	-0.937769054475437	-0.435275754561458	-0.556397821210191	-0.464493839309601	-0.909828722150699	-0.822379579643325	-0.816169505532848	-0.514720236217763
PRO219A	-1.14641783294362	-0.520844724432213	-0.934612935244495	-0.0755871146510101	-0.346458870058508	-0.252425034024438	-1.041455589151	-0.715936790327851	-1.13960676487578	-0.789675638233627	-0.556397821210191	-0.464493839309601	-0.909828722150699	-0.822379579643325	-0.816169505532848	-0.514720236217763
VAL218A	1.29410047954553	2.00564087915688	1.01111150289796	1.70025473558356	0.468819269341106	0.388223896949685	0.984318374783616	1.65029497431505	1.08060804952799	2.04552343114372	0.00121863598781777	0.00101734566010906	0.476238471750756	0.989643222960611	0.711699808824643	1.51296554282191
THR256A	0.317893154549869	0.995046637721243	0.362536690183808	1.52267055056011	0.396904545973723	0.27632256913129	-0.535012098167348	-0.124378849167127	-0.735931344075095	-0.0808758708892898	1.22821012302901	2.51517058093956	-0.216795125199971	0.0836318216586431	-0.0522348483541023	-1.02164168097768
ILE232A	-0.170210507947961	-0.0155476037143944	0.492251652726638	0.812333810466277	0.0725544671126707	-0.0370183862208837	-0.535012098167348	-0.124378849167127	-0.0294993576738963	0.805123838291131	1.91993686740122	2.17963286292769	1.16927206870148	1.89565462426258	1.22098958027714	2.01988698758183
TYR234A	0.317893154549869	-0.520844724432213	1.14082646544079	-0.253171299674468	0.0784250567753142	-0.427515319381341	0.477874883799961	-0.715936790327851	0.676932628727302	-0.612475696397543	1.06704249721439	-0.178144672329241	1.16927206870148	0.0836318216586431	0.966344694550891	0.499122653302073
ARG174A	-0.658314170445792	-0.520844724432213	-0.156323159987513	-0.430755484697925	-0.593757459597364	-0.502918899144849	-0.535012098167348	-0.124378849167127	-0.635012488874923	-0.435275754561458	-0.272883968499811	-0.388718484443357	0.476238471750756	0.0836318216586431	0.457054923098395	0.499122653302073
ASN247A	-1.14641783294362	-1.02614184515003	-1.06432789778732	-1.31867640981521	-0.571008924654621	-0.481183431730466	-1.041455589151	-0.715936790327851	-1.13960676487578	-0.966875580069711	-0.556397821210191	-0.464493839309601	-0.909828722150699	-0.822379579643325	-0.816169505532848	-0.514720236217763
MET243A	-0.658314170445792	-1.02614184515003	-1.19404286033015	-1.31867640981521	-0.571008924654621	-0.402221008711447	-0.535012098167348	-0.715936790327851	-1.03868790967561	-0.966875580069711	-0.556397821210191	-0.464493839309601	-0.909828722150699	-0.822379579643325	-0.816169505532848	-0.514720236217763
ASN200A	-0.170210507947961	-1.02614184515003	0.103106765098147	-0.253171299674468	-0.0969588093961598	-0.261978475655571	-0.0285686071836932	-0.715936790327851	0.0714194975262749	-0.258075812725374	-0.556397821210191	-0.464493839309601	-0.909828722150699	-0.822379579643325	-0.816169505532848	-0.514720236217763
VAL197A	2.27030780454119	2.00564087915688	2.0488312032406	2.23300729065394	0.691901676521558	0.209533592338955	2.50364884773458	2.24185291547577	2.0897966015297	1.86832348930764	1.15174373121915	0.56678581925294	1.86230566565221	1.89565462426258	1.22098958027714	1.00604409806199
ILE255A	1.78220414204336	0.489749517003425	2.30826112832626	0.989917995489734	1.85574607714063	0.207060164995223	0.984318374783616	-0.124378849167127	1.18152690472816	-0.435275754561458	4.16099035044385	-0.464493839309601	1.86230566565221	-0.822379579643325	2.23956912318213	-1.02164168097768
VAL272A	1.29410047954553	1.50034375843906	2.0488312032406	1.70025473558356	-0.543857447464895	-0.414957123841014	-0.0285686071836932	-0.124378849167127	0.374176063126789	0.0963240709467945	0.244734683751505	0.686516938716771	1.86230566565221	1.89565462426258	2.74885889463463	3.54065132186158
VAL274A	2.75841146703902	3.01623512059252	2.17854616578343	2.58817566070085	1.56148277030062	2.72751839252455	2.50364884773458	2.83341085663649	2.69530973273073	2.75432319848806	-0.288177246861782	-0.315215990964884	0.476238471750756	0.0836318216586431	0.711699808824643	-0.00779879145784487
LEU130A	0.8059968170477	0.995046637721243	-0.286038122530343	0.279581255395905	0.0909000598084316	0.333803130992092	0.984318374783616	1.65029497431505	0.273257207926617	0.982323780127216	-0.556397821210191	-0.464493839309601	-0.909828722150699	-0.822379579643325	-0.816169505532848	-0.514720236217763
SER127A	-0.170210507947961	-0.0155476037143944	-0.415753085073174	-0.0755871146510101	-0.284817678600751	-0.203930554202983	0.477874883799961	0.467179091993597	0.0714194975262749	0.273524012782879	-0.458756120899147	-0.464493839309601	-0.216795125199971	-0.822379579643325	-0.0522348483541023	-1.02164168097768
LEU114A	-1.14641783294362	-0.520844724432213	-0.675183010158834	-0.253171299674468	-0.399294177022299	-0.270706018151596	-0.535012098167348	-0.124378849167127	-0.735931344075095	-0.258075812725374	-0.556397821210191	-0.464493839309601	-0.909828722150699	-0.822379579643325	-0.816169505532848	-0.514720236217763
ARG290A	-1.63452149544145	-1.02614184515003	-1.84261767304431	-1.31867640981521	-0.706032486895421	-0.546149286893299	-1.041455589151	-0.715936790327851	-1.24052562007595	-0.966875580069711	-0.556397821210191	-0.464493839309601	-0.909828722150699	-0.822379579643325	-0.816169505532848	-0.514720236217763
GLU287A	-1.63452149544145	-1.02614184515003	-1.84261767304431	-1.31867640981521	-0.706032486895421	-0.546149286893299	-1.041455589151	-0.715936790327851	-1.24052562007595	-0.966875580069711	-0.556397821210191	-0.464493839309601	-0.909828722150699	-0.822379579643325	-0.816169505532848	-0.514720236217763
ALA276A	-0.170210507947961	-0.520844724432213	-0.286038122530343	-0.430755484697925	-0.638520705775021	-0.546716933994779	-0.535012098167348	-1.30749473148857	-0.130418212874067	-1.1440755219058	-0.556397821210191	-0.464493839309601	-0.909828722150699	-0.822379579643325	-0.816169505532848	-0.514720236217763
GLN136A	0.317893154549869	0.489749517003425	0.621966615269468	0.101997070372447	0.642735488096919	-0.0655491304850952	0.984318374783616	1.05873703315432	0.878770339127645	0.273524012782879	-0.556397821210191	-0.464493839309601	-0.909828722150699	-0.822379579643325	-0.816169505532848	-0.514720236217763
TYR103A	-0.170210507947961	-1.02614184515003	-0.415753085073174	-0.430755484697925	0.0608132877873838	-0.504987556276058	-0.0285686071836932	-0.715936790327851	-0.231337068074239	-0.258075812725374	0.674122883914528	-0.392297485847211	1.16927206870148	0.0836318216586431	0.711699808824643	-0.00779879145784487
ALA159A	0.317893154549869	0.995046637721243	1.01111150289796	1.16750218051319	0.564216351359062	0.546633911928928	-0.0285686071836932	0.467179091993597	0.172338352726446	0.450723954618963	-0.254061472054308	0.0403009899613504	0.476238471750756	0.989643222960611	0.966344694550891	2.52680843234175
THR125A	1.78220414204336	2.00564087915688	1.78940127815494	2.41059147567739	0.648606077759562	0.83735396734572	1.49076186576727	1.65029497431505	1.3833646151285	2.04552343114372	-0.329351457836318	-0.0854066718026219	0.476238471750756	0.989643222960611	0.457054923098395	-0.514720236217763
CYS275A	0.8059968170477	1.50034375843906	0.492251652726638	0.989917995489734	-0.347192693766338	-0.259166067247804	0.477874883799961	1.05873703315432	0.777851483927473	1.69112354747155	-0.111716342685197	-0.14558313164778	-0.216795125199971	0.0836318216586431	0.202410037372146	-0.00779879145784487
LEU133A	0.317893154549869	0.995046637721243	1.01111150289796	1.52267055056011	-0.428647125335516	-0.147815169313975	0.984318374783616	1.65029497431505	1.3833646151285	1.51392360563547	-0.468167369121898	-0.317180173179946	-0.216795125199971	0.0836318216586431	-0.0522348483541023	-1.02164168097768
ALA161A	0.8059968170477	1.50034375843906	0.881396540355128	1.52267055056011	-0.163002943100899	-0.178486047769627	0.477874883799961	1.05873703315432	0.777851483927473	2.22272337297981	-0.288177246861782	-0.280990826578698	-0.216795125199971	0.0836318216586431	0.202410037372146	1.00604409806199
ASP207A	-0.658314170445792	-0.520844724432213	-0.675183010158834	0.101997070372447	-0.593757459597364	-0.496881975908551	-0.535012098167348	-0.124378849167127	-0.433174778474581	0.450723954618963	-0.401112225534796	-0.398508983221902	-0.216795125199971	0.0836318216586431	-0.306879734080351	0.499122653302073
HIS193A	0.8059968170477	1.50034375843906	0.232821727640977	0.63474962544282	-0.409567708931925	-0.17849247500517	0.984318374783616	1.65029497431505	0.576013773527131	0.982323780127216	-0.0799533799334113	0.17257444802276	1.16927206870148	1.89565462426258	0.711699808824643	1.51296554282191
ASN131A	-0.658314170445792	-0.520844724432213	-0.415753085073174	-0.963508039768297	0.94800615055438	0.799741990716073	-0.0285686071836932	-0.124378849167127	0.0714194975262749	-0.789675638233627	0.838819727812674	1.86502626775401	0.476238471750756	0.989643222960611	0.202410037372146	-0.514720236217763
PHE270A	1.78220414204336	-0.520844724432213	1.14082646544079	-0.253171299674468	5.31939397810028	-0.301312283151806	1.99720535675092	-0.124378849167127	1.98887774632953	0.0963240709467945	4.33627484859259	-0.0399171530000674	1.16927206870148	0.0836318216586431	0.711699808824643	1.00604409806199
GLY244A	-0.658314170445792	-0.0155476037143944	-0.804897972701664	-0.0755871146510101	-0.571008924654621	-0.463043283302752	-0.535012098167348	-0.124378849167127	-0.735931344075095	-0.0808758708892898	-0.556397821210191	-0.464493839309601	-0.909828722150699	-0.822379579643325	-0.816169505532848	-0.514720236217763
GLY245A	0.8059968170477	1.50034375843906	0.492251652726638	1.16750218051319	1.25327681301184	1.64646674966272	0.477874883799961	1.05873703315432	0.273257207926617	1.1595237219633	-0.556397821210191	-0.464493839309601	-0.909828722150699	-0.822379579643325	-0.816169505532848	-0.514720236217763
LYS132A	-0.658314170445792	-0.520844724432213	-0.415753085073174	-0.608339669721382	1.20557827200286	1.54448052816179	-0.535012098167348	-0.124378849167127	-0.534093633674752	-0.0808758708892898	1.35055634992477	1.81021552602937	-0.216795125199971	0.0836318216586431	-0.0522348483541023	0.499122653302073
ASP228A	-1.14641783294362	-1.53143896586785	-0.934612935244495	-1.31867640981521	-0.571008924654621	-0.546716933994779	-0.535012098167348	-1.30749473148857	-0.534093633674752	-1.1440755219058	-0.338762706059069	-0.464493839309601	-0.216795125199971	-0.822379579643325	-0.0522348483541023	-1.02164168097768
PRO191A	-0.658314170445792	-0.520844724432213	-0.026608197444683	-0.430755484697925	0.327191293729832	-0.546716933994779	-1.041455589151	-1.30749473148857	-0.735931344075095	-1.1440755219058	-0.556397821210191	-0.464493839309601	-0.909828722150699	-0.822379579643325	-0.816169505532848	-0.514720236217763
ALA138A	-0.658314170445792	-0.0155476037143944	-0.286038122530343	0.101997070372447	-0.560735392744995	-0.393150103949244	-0.535012098167348	-0.124378849167127	-0.534093633674752	-0.258075812725374	-0.369349262783011	-0.277373841204902	-0.216795125199971	0.0836318216586431	-0.0522348483541023	-0.514720236217763
LEU137A	0.8059968170477	0.995046637721243	1.52997135306928	0.812333810466277	-0.14832646894429	-0.0153992470093838	0.984318374783616	1.05873703315432	1.98887774632953	0.805123838291131	-0.138773681325606	0.232790847037433	-0.216795125199971	0.0836318216586431	-0.0522348483541023	-0.514720236217763
GLY112A	-0.170210507947961	0.489749517003425	-0.026608197444683	0.63474962544282	0.499639865069984	0.956531451268039	-0.535012098167348	-0.124378849167127	-0.534093633674752	-0.258075812725374	-0.556397821210191	-0.464493839309601	-0.909828722150699	-0.822379579643325	-0.816169505532848	-0.514720236217763
PHE113A	-0.170210507947961	-0.520844724432213	0.103106765098147	-0.78592385474484	0.592101652256619	1.41847733132941	-0.0285686071836932	-0.124378849167127	0.273257207926617	-0.612475696397543	-0.0411319810145626	0.395817970887585	-0.216795125199971	0.0836318216586431	-0.0522348483541023	-1.02164168097768
HIS214A	-0.170210507947961	0.489749517003425	-0.415753085073174	0.101997070372447	-0.358200049383795	-0.215003738051335	0.477874883799961	1.05873703315432	-0.130418212874067	0.450723954618963	-0.0234858905969041	0.0864290220011158	1.16927206870148	1.89565462426258	0.711699808824643	1.00604409806199
VAL172A	-0.170210507947961	0.489749517003425	0.232821727640977	1.34508636553665	-0.306832389835664	0.0720184066185552	-0.0285686071836932	0.467179091993597	-0.231337068074239	0.0963240709467945	0.667064447747465	1.15576606462296	0.476238471750756	0.989643222960611	0.457054923098395	1.00604409806199
SER261A	-0.170210507947961	-1.53143896586785	-0.934612935244495	-1.31867640981521	-0.706766310603251	-0.546716933994779	-1.041455589151	-1.30749473148857	-1.03868790967561	-1.1440755219058	-0.556397821210191	-0.464493839309601	-0.909828722150699	-0.822379579643325	-0.816169505532848	-0.514720236217763
ILE195A	0.317893154549869	0.489749517003425	1.27054142798362	0.812333810466277	-0.212902955233368	-0.246346059456585	0.984318374783616	1.05873703315432	1.18152690472816	0.982323780127216	0.235323435528754	0.0551803809517163	2.55533926260294	2.80166602556455	2.23956912318213	2.52680843234175
LEU257A	1.29410047954553	0.995046637721243	1.52997135306928	1.34508636553665	0.361681007997862	0.331448432166353	1.49076186576727	1.65029497431505	1.98887774632953	2.22272337297981	0.00121863598781777	0.466528530629819	-0.216795125199971	0.0836318216586431	-0.0522348483541023	-0.00779879145784487
PHE109A	0.8059968170477	-0.520844724432213	2.17854616578343	0.279581255395905	0.151073603850527	-0.402534570218828	1.49076186576727	-0.124378849167127	1.98887774632953	0.273524012782879	0.205913284832656	-0.215042697996718	1.86230566565221	0.989643222960611	1.98492423745588	1.00604409806199
ASP259A	0.317893154549869	0.489749517003425	-0.415753085073174	-0.78592385474484	-0.347926517474169	-0.408106783211548	-0.535012098167348	-0.715936790327851	-0.534093633674752	-0.789675638233627	-0.556397821210191	-0.464493839309601	-0.909828722150699	-0.822379579643325	-0.816169505532848	-0.514720236217763
SER96A	-1.14641783294362	-1.02614184515003	-0.804897972701664	-0.78592385474484	-0.571008924654621	-0.54243028014169	-0.535012098167348	-0.715936790327851	-0.130418212874067	-0.612475696397543	-0.556397821210191	-0.464493839309601	-0.909828722150699	-0.822379579643325	-0.816169505532848	-0.514720236217763
ASP148A	-0.658314170445792	-0.520844724432213	-0.415753085073174	-0.0755871146510101	-0.571008924654621	-0.492451616202225	-0.535012098167348	-0.124378849167127	-0.130418212874067	0.450723954618963	-0.556397821210191	-0.464493839309601	-0.909828722150699	-0.822379579643325	-0.816169505532848	-0.514720236217763
SER185A	-0.170210507947961	-0.520844724432213	-0.545468047616004	-0.608339669721382	-0.571742748362451	-0.546716933994779	-0.535012098167348	-1.30749473148857	-0.33225592327441	-1.1440755219058	-0.556397821210191	-0.464493839309601	-0.909828722150699	-0.822379579643325	-0.816169505532848	-0.514720236217763
TYR107A	0.317893154549869	-1.02614184515003	0.103106765098147	-0.963508039768297	-0.465338310727038	-0.503329837963288	0.477874883799961	-0.715936790327851	0.273257207926617	-0.612475696397543	-0.379936917033606	-0.389429453209473	-0.216795125199971	0.0836318216586431	-0.561524619806599	-0.00779879145784487
VAL147A	1.78220414204336	1.50034375843906	1.14082646544079	0.812333810466277	0.140066248233071	0.724812573320697	1.49076186576727	1.05873703315432	1.98887774632953	0.627923896455047	0.165915479885964	0.741514040738509	-0.216795125199971	0.0836318216586431	-0.0522348483541023	-0.00779879145784487
ILE254A	0.317893154549869	-0.520844724432213	0.881396540355128	-0.78592385474484	0.0219206312723707	0.207067049882177	-0.535012098167348	-0.124378849167127	-0.735931344075095	-0.789675638233627	-0.556397821210191	-0.464493839309601	-0.909828722150699	-0.822379579643325	-0.816169505532848	-0.514720236217763
ASP186A	-0.170210507947961	-0.0155476037143944	-0.675183010158834	-0.430755484697925	-0.209233836694216	0.0775905407426058	-0.535012098167348	-0.124378849167127	-0.735931344075095	-0.435275754561458	-0.556397821210191	-0.464493839309601	-0.909828722150699	-0.822379579643325	-0.816169505532848	-0.514720236217763
ASN263A	-0.658314170445792	-0.520844724432213	-1.06432789778732	-0.78592385474484	-0.344991222642847	-0.486650599259968	-0.0285686071836932	-0.124378849167127	-0.836850199275266	-0.966875580069711	-0.556397821210191	-0.464493839309601	-0.909828722150699	-0.822379579643325	-0.816169505532848	-0.514720236217763
MET169A	0.317893154549869	-0.520844724432213	-0.415753085073174	-0.963508039768297	-0.146124997820799	0.106077232707363	0.477874883799961	-0.124378849167127	0.172338352726446	-0.966875580069711	-0.238768193692338	-0.464493839309601	1.16927206870148	-0.822379579643325	0.457054923098395	-1.02164168097768
SER166A	-1.14641783294362	-1.02614184515003	-1.06432789778732	-1.14109222479175	-0.580548632856416	-0.546716933994779	-1.041455589151	-1.30749473148857	-0.937769054475437	-1.1440755219058	-0.556397821210191	-0.464493839309601	-0.909828722150699	-0.822379579643325	-0.816169505532848	-0.514720236217763
THR123A	-0.170210507947961	-0.0155476037143944	0.492251652726638	0.63474962544282	-0.505698614657712	-0.387779862673089	-0.0285686071836932	-0.124378849167127	0.374176063126789	0.0963240709467945	-0.556397821210191	-0.464493839309601	-0.909828722150699	-0.822379579643325	-0.816169505532848	-0.514720236217763
VAL122A	1.29410047954553	1.50034375843906	0.362536690183808	1.52267055056011	-0.446258894323447	-0.267517948452618	0.477874883799961	1.05873703315432	0.0714194975262749	0.627923896455047	-0.556397821210191	-0.464493839309601	-0.909828722150699	-0.822379579643325	-0.816169505532848	-0.514720236217763
GLY105A	0.8059968170477	1.50034375843906	0.232821727640977	0.812333810466277	-0.222442663435164	0.160847862240262	0.984318374783616	1.65029497431505	0.576013773527131	0.627923896455047	-0.119951184880104	0.192021409016036	0.476238471750756	0.989643222960611	-0.0522348483541023	-0.514720236217763
LEU111A	1.29410047954553	1.50034375843906	1.27054142798362	0.812333810466277	3.35641555965387	5.26489135215846	1.49076186576727	2.24185291547577	1.28244575992833	1.1595237219633	2.46108364020941	4.13961373871639	1.86230566565221	2.80166602556455	2.23956912318213	2.52680843234175
VAL157A	1.78220414204336	1.50034375843906	2.0488312032406	2.23300729065394	-0.212169131525538	-0.0617166138659058	1.49076186576727	1.05873703315432	1.28244575992833	0.982323780127216	0.00357144804350557	0.0707458142948125	1.86230566565221	0.989643222960611	1.98492423745588	0.499122653302073
PRO278A	1.78220414204336	1.50034375843906	0.881396540355128	1.52267055056011	0.0776912330674838	0.143317255231973	1.99720535675092	1.65029497431505	1.18152690472816	0.450723954618963	-0.556397821210191	-0.464493839309601	-0.909828722150699	-0.822379579643325	-0.816169505532848	-0.514720236217763
GLU285A	0.317893154549869	-0.0155476037143944	0.362536690183808	-0.253171299674468	0.428458965410432	-0.204871203251585	0.477874883799961	0.467179091993597	0.172338352726446	0.0963240709467945	-0.556397821210191	-0.464493839309601	-0.909828722150699	-0.822379579643325	-0.816169505532848	-0.514720236217763
THR284A	-0.658314170445792	-0.0155476037143944	-0.934612935244495	-0.608339669721382	-0.706766310603251	-0.546716933994779	-1.54789908013466	-1.30749473148857	-1.24052562007595	-0.966875580069711	-0.49287189570662	-0.358427999696249	-0.216795125199971	0.0836318216586431	-0.561524619806599	-1.02164168097768
CYS135A	-0.170210507947961	-0.0155476037143944	1.27054142798362	1.16750218051319	-0.482950079714969	-0.461381444209652	0.477874883799961	0.467179091993597	1.3833646151285	1.33672366379938	-0.556397821210191	-0.464493839309601	-0.909828722150699	-0.822379579643325	-0.816169505532848	-0.514720236217763
CYS220A	0.317893154549869	0.489749517003425	1.14082646544079	0.989917995489734	-0.556332450498012	-0.517996627284141	0.477874883799961	0.467179091993597	1.28244575992833	1.33672366379938	-0.551692197098815	-0.456637110449353	0.476238471750756	0.989643222960611	0.457054923098395	-0.00779879145784487
THR155A	1.78220414204336	2.00564087915688	1.52997135306928	1.87783892060702	0.537064874169336	0.763193277917314	2.50364884773458	2.83341085663649	2.19071545672987	2.93152314032414	-0.219945697246835	-0.0581219847087627	-0.216795125199971	0.0836318216586431	-0.306879734080351	-0.00779879145784487
ARG280A	-0.170210507947961	-1.02614184515003	-0.545468047616004	-1.31867640981521	-0.571008924654621	-0.390122841128391	-1.041455589151	-0.715936790327851	-1.24052562007595	-0.966875580069711	-0.00583980017924563	-0.464493839309601	0.476238471750756	-0.822379579643325	-0.0522348483541023	-1.02164168097768
LYS120A	-1.14641783294362	-1.02614184515003	-1.19404286033015	-1.31867640981521	-0.571008924654621	-0.493281599313522	-1.041455589151	-0.715936790327851	-1.24052562007595	-0.966875580069711	-0.556397821210191	-0.464493839309601	-0.909828722150699	-0.822379579643325	-0.816169505532848	-0.514720236217763
HIS168A	-0.658314170445792	-0.520844724432213	-0.804897972701664	-0.253171299674468	-0.571008924654621	-0.44080438387669	-0.535012098167348	-0.715936790327851	-0.433174778474581	-0.258075812725374	-0.343468330170445	-0.28125363007451	-0.216795125199971	0.0836318216586431	-0.0522348483541023	0.499122653302073
GLU286A	-0.658314170445792	-0.520844724432213	-0.286038122530343	-0.253171299674468	-0.634117763528038	-0.48981281809711	-0.535012098167348	-0.715936790327851	-0.433174778474581	-0.612475696397543	-0.455226902815615	-0.428121079045363	-0.216795125199971	0.0836318216586431	-0.0522348483541023	0.499122653302073
SER240A	-0.658314170445792	-0.520844724432213	0.362536690183808	0.457165440419362	-0.571008924654621	-0.374152215144822	-0.0285686071836932	-0.124378849167127	0.576013773527131	0.450723954618963	-0.377584104977918	-0.165938142620167	0.476238471750756	0.989643222960611	0.711699808824643	0.499122653302073
ARG209A	-1.14641783294362	-1.53143896586785	-1.45347278541582	-1.31867640981521	-0.706766310603251	-0.546716933994779	-1.54789908013466	-1.30749473148857	-1.24052562007595	-0.966875580069711	-0.556397821210191	-0.464493839309601	-0.909828722150699	-0.822379579643325	-0.816169505532848	-0.514720236217763
ASN210A	-0.658314170445792	-1.02614184515003	-1.06432789778732	-1.31867640981521	-0.706766310603251	-0.546716933994779	-1.54789908013466	-1.30749473148857	-1.24052562007595	-0.966875580069711	-0.556397821210191	-0.464493839309601	-0.909828722150699	-0.822379579643325	-0.816169505532848	-0.514720236217763
ALA119A	-0.658314170445792	-0.520844724432213	-0.545468047616004	-0.608339669721382	-0.571008924654621	-0.336687506447134	-1.041455589151	-0.715936790327851	-0.836850199275266	-0.612475696397543	-0.556397821210191	-0.464493839309601	-0.909828722150699	-0.822379579643325	-0.816169505532848	-0.514720236217763
HIS178A	-0.170210507947961	-1.02614184515003	-0.415753085073174	-0.963508039768297	-0.65393100363946	-0.546172432514978	-0.535012098167348	-0.715936790327851	-0.534093633674752	-0.789675638233627	-0.556397821210191	-0.464493839309601	-0.909828722150699	-0.822379579643325	-0.816169505532848	-0.514720236217763
CYS277A	0.317893154549869	-0.520844724432213	-0.415753085073174	-0.963508039768297	-0.63778688206719	-0.546716933994779	-1.041455589151	-1.30749473148857	-0.635012488874923	-1.1440755219058	-0.556397821210191	-0.464493839309601	-0.909828722150699	-0.822379579643325	-0.816169505532848	-0.514720236217763
PHE212A	-1.14641783294362	-1.53143896586785	-1.06432789778732	-1.31867640981521	-0.571008924654621	-0.546716933994779	-1.041455589151	-1.30749473148857	-1.03868790967561	-1.1440755219058	-0.556397821210191	-0.464493839309601	-0.909828722150699	-0.822379579643325	-0.816169505532848	-0.514720236217763
PRO151A	0.8059968170477	0.995046637721243	0.621966615269468	0.989917995489734	-0.300961800173021	-0.288112640323373	1.49076186576727	1.65029497431505	1.08060804952799	1.69112354747155	-0.203476012857021	-0.309109580402688	1.16927206870148	0.989643222960611	0.202410037372146	0.499122653302073
LYS101A	-1.14641783294362	-1.53143896586785	-1.06432789778732	-1.31867640981521	-0.632650116112377	-0.546716933994779	-1.041455589151	-1.30749473148857	-1.13960676487578	-1.1440755219058	-0.556397821210191	-0.464493839309601	-0.909828722150699	-0.822379579643325	-0.816169505532848	-0.514720236217763
CYS182A	0.317893154549869	-0.0155476037143944	-0.804897972701664	-0.430755484697925	-0.436719186121651	-0.12947316878521	-0.535012098167348	-0.124378849167127	-0.534093633674752	-0.258075812725374	-0.338762706059069	-0.464493839309601	-0.216795125199971	-0.822379579643325	-0.816169505532848	-1.02164168097768
THR150A	-1.63452149544145	-1.02614184515003	-1.19404286033015	-0.608339669721382	-0.571008924654621	-0.466879942179423	-1.041455589151	-0.715936790327851	-0.735931344075095	-0.258075812725374	-0.556397821210191	-0.464493839309601	-0.909828722150699	-0.822379579643325	-0.816169505532848	-0.514720236217763
LYS139A	-0.658314170445792	-1.02614184515003	-0.286038122530343	-0.78592385474484	-0.548260389711877	-0.509961777688769	-0.535012098167348	-0.715936790327851	-0.635012488874923	-0.435275754561458	-0.556397821210191	-0.464493839309601	-0.909828722150699	-0.822379579643325	-0.816169505532848	-0.514720236217763
LEU145A	-0.658314170445792	-0.0155476037143944	0.103106765098147	0.989917995489734	-0.568073629823299	-0.439431631815036	-0.535012098167348	-0.124378849167127	-0.130418212874067	0.627923896455047	-0.294059277001001	-0.212096424674125	1.16927206870148	1.89565462426258	1.47563446600339	2.52680843234175
ASP268A	-0.658314170445792	-0.0155476037143944	-0.156323159987513	0.279581255395905	-0.571008924654621	-0.407113008230405	-0.535012098167348	-0.124378849167127	-0.130418212874067	0.627923896455047	-0.338762706059069	-0.222963892777468	0.476238471750756	0.989643222960611	0.457054923098395	1.00604409806199
SER99A	-0.170210507947961	-0.0155476037143944	-0.804897972701664	-0.78592385474484	-0.55266333195886	-0.507270261960961	-0.535012098167348	-0.715936790327851	-0.937769054475437	-0.789675638233627	-0.556397821210191	-0.464493839309601	-0.909828722150699	-0.822379579643325	-0.816169505532848	-0.514720236217763
SER149A	-0.658314170445792	-1.02614184515003	-0.156323159987513	-1.14109222479175	-0.706766310603251	-0.546716933994779	-0.535012098167348	-0.715936790327851	-0.33225592327441	-0.966875580069711	-0.556397821210191	-0.464493839309601	-0.909828722150699	-0.822379579643325	-0.816169505532848	-0.514720236217763
PRO222A	-0.658314170445792	-1.02614184515003	-0.804897972701664	-1.14109222479175	-0.706766310603251	-0.546716933994779	-1.041455589151	-1.30749473148857	-0.937769054475437	-1.1440755219058	0.13768173521771	0.694373667577019	-0.216795125199971	0.0836318216586431	-0.306879734080351	-1.02164168097768
LEU206A	-0.170210507947961	-0.520844724432213	-0.026608197444683	-0.253171299674468	-0.549728037127538	-0.497953238222086	-0.0285686071836932	-0.715936790327851	-0.0294993576738963	-0.435275754561458	-0.304646931251596	-0.380127351990565	1.16927206870148	0.0836318216586431	1.73027935172964	0.499122653302073
GLY117A	-0.658314170445792	-0.0155476037143944	-0.545468047616004	-0.0755871146510101	-0.46827360555836	-0.342507039821517	-0.535012098167348	-0.124378849167127	-0.231337068074239	0.273524012782879	-0.556397821210191	-0.464493839309601	-0.909828722150699	-0.822379579643325	-0.816169505532848	-0.514720236217763
SER116A	-1.14641783294362	-1.53143896586785	-0.934612935244495	-1.31867640981521	-0.675211891166543	-0.546716933994779	-1.041455589151	-1.30749473148857	-0.937769054475437	-1.1440755219058	-0.556397821210191	-0.464493839309601	-0.909828722150699	-0.822379579643325	-0.816169505532848	-0.514720236217763
ARG283A	-0.658314170445792	-0.0155476037143944	-0.415753085073174	0.101997070372447	-0.386819173989182	-0.408865571989721	-1.041455589151	-0.715936790327851	-0.836850199275266	-0.612475696397543	0.625890236772928	0.630759718918792	1.16927206870148	1.89565462426258	-0.0522348483541023	-0.00779879145784487
SER215A	0.317893154549869	-0.520844724432213	0.492251652726638	-0.253171299674468	-0.167405885347882	-0.312868341440635	0.477874883799961	-0.124378849167127	0.172338352726446	-0.258075812725374	0.34590560214608	-0.0599103883288069	1.86230566565221	0.989643222960611	2.23956912318213	1.00604409806199
ILE251A	0.317893154549869	0.489749517003425	1.01111150289796	1.70025473558356	-0.571008924654621	-0.404237511523268	0.984318374783616	1.05873703315432	1.18152690472816	1.69112354747155	-0.44463924856502	-0.277896528878705	0.476238471750756	0.989643222960611	1.22098958027714	2.01988698758183
PRO177A	-0.170210507947961	0.489749517003425	-0.545468047616004	0.101997070372447	-0.639254529482851	-0.480894680535842	-0.535012098167348	-0.124378849167127	-0.937769054475437	-0.612475696397543	-0.556397821210191	-0.464493839309601	-0.909828722150699	-0.822379579643325	-0.816169505532848	-0.514720236217763
LEU289A	-1.14641783294362	-0.520844724432213	-0.934612935244495	-0.253171299674468	-0.571008924654621	-0.470966759964773	-0.535012098167348	-0.124378849167127	-0.735931344075095	-0.0808758708892898	-0.556397821210191	-0.464493839309601	-0.909828722150699	-0.822379579643325	-0.816169505532848	-0.514720236217763
GLY226A	-1.14641783294362	-0.520844724432213	-1.84261767304431	-1.31867640981521	-0.70529866318759	-0.544446345588859	-1.041455589151	-0.715936790327851	-1.24052562007595	-1.1440755219058	-0.556397821210191	-0.464493839309601	-0.909828722150699	-0.822379579643325	-0.816169505532848	-0.514720236217763
SER227A	-1.63452149544145	-1.53143896586785	-1.71290271050148	-1.31867640981521	-0.70529866318759	-0.546716933994779	-1.041455589151	-1.30749473148857	-1.24052562007595	-1.1440755219058	-0.556397821210191	-0.464493839309601	-0.909828722150699	-0.822379579643325	-0.816169505532848	-0.514720236217763
THR102A	-1.63452149544145	-1.02614184515003	-1.45347278541582	-1.14109222479175	-0.706766310603251	-0.546716933994779	-1.54789908013466	-1.30749473148857	-1.24052562007595	-0.966875580069711	-0.556397821210191	-0.464493839309601	-0.909828722150699	-0.822379579643325	-0.816169505532848	-0.514720236217763
ARG248A	-1.14641783294362	-1.02614184515003	-1.19404286033015	-0.963508039768297	-0.305364742420003	-0.340093389056014	-0.535012098167348	-0.715936790327851	-0.836850199275266	-1.1440755219058	-0.127009621047167	-0.464493839309601	-0.216795125199971	-0.822379579643325	-0.306879734080351	-1.02164168097768
MET160A	0.317893154549869	-1.02614184515003	0.232821727640977	-0.963508039768297	-0.374344170956064	-0.177746318032699	-0.0285686071836932	-0.715936790327851	-0.130418212874067	-0.789675638233627	-0.134068057214231	0.173865380585571	0.476238471750756	0.0836318216586431	1.22098958027714	-0.00779879145784487
GLY199A	-1.14641783294362	-0.520844724432213	-1.19404286033015	-0.78592385474484	-0.456532426233073	-0.159581610785335	-1.041455589151	-0.715936790327851	-1.03868790967561	-0.966875580069711	-0.556397821210191	-0.464493839309601	-0.909828722150699	-0.822379579643325	-0.816169505532848	-0.514720236217763
ASN288A	-1.63452149544145	-1.02614184515003	-1.58318774795865	-0.963508039768297	-0.706766310603251	-0.546716933994779	-1.54789908013466	-1.30749473148857	-1.24052562007595	-0.966875580069711	-0.556397821210191	-0.464493839309601	-0.909828722150699	-0.822379579643325	-0.816169505532848	-0.514720236217763
SER106A	-1.63452149544145	-1.53143896586785	-1.19404286033015	-1.31867640981521	-0.571008924654621	-0.546716933994779	-1.041455589151	-1.30749473148857	-0.836850199275266	-1.1440755219058	-0.556397821210191	-0.464493839309601	-0.909828722150699	-0.822379579643325	-0.816169505532848	-0.514720236217763
SER260A	-0.658314170445792	-1.02614184515003	-0.804897972701664	-1.31867640981521	-0.698694249817116	-0.546716933994779	-1.041455589151	-1.30749473148857	-1.03868790967561	-1.1440755219058	-0.556397821210191	-0.464493839309601	-0.909828722150699	-0.822379579643325	-0.816169505532848	-0.514720236217763
THR170A	-0.170210507947961	-0.0155476037143944	-0.415753085073174	-0.253171299674468	-0.631182468696716	-0.492790459354168	-0.535012098167348	-0.715936790327851	-0.130418212874067	-0.612475696397543	-0.459932526926991	-0.303430897674511	0.476238471750756	0.989643222960611	0.202410037372146	-0.514720236217763
VAL225A	-1.63452149544145	-1.02614184515003	-1.71290271050148	-1.14109222479175	-0.706766310603251	-0.546716933994779	-1.54789908013466	-1.30749473148857	-1.24052562007595	-0.966875580069711	-0.556397821210191	-0.464493839309601	-0.909828722150699	-0.822379579643325	-0.816169505532848	-0.514720236217763
SER183A	-1.63452149544145	-1.02614184515003	-1.45347278541582	-0.78592385474484	-0.706766310603251	-0.546716933994779	-1.54789908013466	-1.30749473148857	-1.24052562007595	-0.966875580069711	-0.338762706059069	-0.101120129523118	-0.216795125199971	0.0836318216586431	-0.816169505532848	-1.02164168097768
GLU180A	-1.63452149544145	-1.02614184515003	-1.32375782287299	-0.963508039768297	-0.571008924654621	-0.336687506447134	-1.041455589151	-0.715936790327851	-1.03868790967561	-1.1440755219058	-0.338762706059069	-0.101120129523118	-0.216795125199971	0.0836318216586431	-0.561524619806599	-1.02164168097768
SER121A	-1.63452149544145	-1.02614184515003	-1.06432789778732	-0.253171299674468	-0.706766310603251	-0.546716933994779	-1.54789908013466	-1.30749473148857	-1.24052562007595	-0.966875580069711	-0.556397821210191	-0.464493839309601	-0.909828722150699	-0.822379579643325	-0.816169505532848	-0.514720236217763
HIS115A	-2.12262515793928	-1.53143896586785	-1.84261767304431	-1.31867640981521	-0.706766310603251	-0.546716933994779	-1.54789908013466	-1.30749473148857	-1.24052562007595	-0.966875580069711	-0.556397821210191	-0.464493839309601	-0.909828722150699	-0.822379579643325	-0.816169505532848	-0.514720236217763
ARG181A	-2.12262515793928	-1.53143896586785	-1.84261767304431	-1.31867640981521	-0.706766310603251	-0.546716933994779	-1.54789908013466	-1.30749473148857	-1.24052562007595	-0.966875580069711	-0.556397821210191	-0.464493839309601	-0.909828722150699	-0.822379579643325	-0.816169505532848	-0.514720236217763
LEU201A	-2.12262515793928	-1.53143896586785	-1.84261767304431	-1.31867640981521	-0.706766310603251	-0.546716933994779	-1.54789908013466	-1.30749473148857	-1.24052562007595	-0.966875580069711	-0.556397821210191	-0.464493839309601	-0.909828722150699	-0.822379579643325	-0.816169505532848	-0.514720236217763
GLU224A	-2.12262515793928	-1.53143896586785	-1.84261767304431	-1.31867640981521	-0.706766310603251	-0.546716933994779	-1.54789908013466	-1.30749473148857	-1.24052562007595	-0.966875580069711	-0.556397821210191	-0.464493839309601	-0.909828722150699	-0.822379579643325	-0.816169505532848	-0.514720236217763
