Degree	Degree_sidechain	SecondOrderDegree	SecondOrderDegree_sidechain	NodeEdgeBetweennessSTRIDE	NodeEdgeBetweennessSTRIDE_sidechain	IntermodularDegreeSTRIDE	IntermodularDegreeSTRIDE_sidechain	SecondOrderIntermodularDegreeSTRIDE	SecondOrderIntermodularDegreeSTRIDE_sidechain	NodeEdgeBetweennessWALKTRAP	NodeEdgeBetweennessWALKTRAP_sidechain	IntermodularDegreeWALKTRAP	IntermodularDegreeWALKTRAP_sidechain	SecondOrderIntermodularDegreeWALKTRAP	SecondOrderIntermodularDegreeWALKTRAP_sidechain
ARG213D	8	6	16	8	9806	2657.39608602623	8	6	19	8	1	1	1	1	1	1
PRO98D	5	5	14	7	9095	7935.60391397377	4	4	15	8	1	1	1	1	1	1
CYS176B	8	6	28	16	140622	83750.2050947793	8	6	33	19	1	1	1	1	1	1
HIS179B	9	7	30	16	994	184.308575691034	8	6	39	20	13	7	2	2	2	2
ARG282C	10	8	31	18	77357	38977.9881452656	8	7	38	22	38785	9892.34679025339	2	2	6	5
THR118C	8	7	27	20	94554	49883.6647618761	8	7	30	23	94554	49883.6647618761	7	6	13	9
CYS242A	7	5	18	10	583	304.311243618592	4	4	20	14	174	174	2	2	2	0
HIS179A	7	6	19	12	7090	692.908922137862	6	5	29	18	4112	1	3	2	4	2
GLU271D	6	4	18	6	15695	3524.24912613086	5	4	14	7	10307	2442.52230489734	3	2	5	1
LYS132D	4	3	12	5	8270	5778.82290725506	3	3	8	6	8058	5616.47769510266	2	2	2	1
ALA276C	7	5	19	9	110314	48302.2035065053	5	3	20	2	57292	3896	4	2	13	4
PRO278C	9	7	29	22	60866	58607	8	6	31	12	59958	58217	5	4	14	3
PRO128A	5	5	15	10	4095	3882.51291190861	4	4	16	10	1	1	1	1	1	1
TYR126A	7	2	20	2	25228	263.759768137301	6	2	21	2	12000	1	2	1	2	0
LEU257C	7	6	29	18	1574	527.532047316468	7	6	36	17	1	1	1	1	1	1
TYR220C	8	3	29	6	9619	2.5	7	2	36	4	1	1	2	1	3	0
THR253D	7	7	29	16	11442	5882.2705650284	5	5	22	12	1227	614	4	4	8	7
TYR236D	9	4	33	11	11740	2566.47297122379	9	4	42	9	6114	45.6799262244744	5	2	15	4
SER241A	3	3	9	6	1	1	1	1	1	1	752	752	2	2	2	0
TYR239A	5	2	18	6	1666	236.395735095981	3	2	14	5	925	1	3	1	2	0
THR125A	9	8	31	24	2115	1168.36407017477	7	6	29	18	1	1	1	1	1	1
VAL122A	8	7	21	14	673	445.517359211183	5	4	16	7	975	287.481180351789	2	2	3	2
CYS124B	8	6	28	19	1683	960.21207996988	7	5	27	15	1123	851.90419620951	4	4	8	5
LEU133B	7	6	26	17	1372	1263.69211623963	7	6	31	14	986	986	4	3	9	2
PRO151D	7	5	23	9	44922	21008.446112024	7	5	26	8	1	1	1	1	1	1
THR150D	4	4	13	8	5530	2805.41815388734	4	4	13	6	1	1	1	1	1	1
ARG213A	7	5	18	10	14048	3088.95698501886	7	5	18	9	1	1	1	1	1	1
THR211A	5	5	9	7	3736	3736	2	2	6	4	1	1	1	1	1	1
GLN167D	4	3	6	3	1050	1050	2	2	3	2	1	1	1	1	1	1
SER166D	3	2	7	2	454	1	2	1	4	0	1	1	1	1	1	1
LEU133C	9	8	31	23	1712	1428.63474706053	8	7	35	18	65	65	2	2	4	0
PHE113C	7	4	25	11	42642	42240	5	3	21	3	32875	10391	3	2	7	0
THR253A	7	7	28	16	8668	4658.56069712449	5	5	24	13	1	1	1	1	1	1
TYR236A	9	3	33	7	14788	3253.47470893974	9	3	43	6	1	1	1	1	1	1
ARG156A	8	6	27	15	85752	37370.6597048667	6	5	24	16	42877	18534.8490055204	3	3	8	5
VAL217A	7	6	28	20	141539	103055.271849838	5	5	24	16	31106	31106	2	2	5	2
TYR205D	8	4	27	12	8800	1177.11834483391	8	4	32	9	4495	657	4	2	7	2
VAL216D	9	9	24	20	4644	4514.43282920757	7	7	30	20	4338	4338	4	4	6	2
GLY112D	5	5	17	12	21586	18788.3420238871	3	3	8	4	1	1	1	1	1	1
PHE113D	6	3	21	9	20787	9244	4	2	14	2	20544	9244	3	2	7	0
CYS124A	7	6	23	19	879	655.614430701652	6	5	21	15	803	610.363326057889	5	4	6	2
CYS141A	7	6	23	13	1695	855.097920958315	4	4	19	11	803	193.636673942111	2	2	4	3
PRO151C	6	5	14	9	8294	5483.42140020867	6	5	20	9	1	1	1	1	1	1
THR155C	8	7	23	15	3968	1824.45129207509	8	7	33	18	1	1	1	1	1	1
GLU198B	5	3	14	6	8349	3409.20578719025	4	3	9	5	7834	3409.20578719025	3	3	5	3
VAL197B	9	7	24	16	10629	4690.58552044102	7	5	29	13	1	1	1	1	1	1
ARG158D	9	6	25	9	18356	10097.1393018179	6	5	18	8	7489	3778.0105406047	3	3	3	2
VAL217D	7	7	25	20	25216	14998.4847539456	5	5	20	12	1	1	1	1	1	1
CYS135B	9	7	31	23	852	259.686006674306	8	6	42	21	105	1	4	2	7	0
CYS141B	7	6	26	14	3150	2208.6322262642	4	4	21	12	3064	272.09580379049	3	2	6	3
LEU252C	6	5	14	8	3227	2796.16362500363	5	4	14	6	1113	682.163625003632	2	2	3	2
LYS164C	4	2	14	3	16238	5964.27521764203	4	2	14	3	1	1	1	1	1	1
ARG175C	7	6	19	13	7532	4454.17978149335	7	6	26	12	1	1	1	1	1	1
GLU180C	3	2	8	2	2084	373.073103001955	3	2	9	2	1	1	1	1	1	1
ARG110D	6	5	17	12	24850	17422.0601401808	6	5	20	11	1	1	1	1	1	1
TRP146D	7	3	20	4	26720	1900.55320239053	6	3	19	3	1	1	1	1	1	1
GLU287C	4	3	5	3	1751	1	2	1	2	0	1	1	1	1	1	1
THR284C	4	4	8	5	1	1	1	1	1	1	1	1	1	1	1	1
ASP259A	7	6	22	9	4678	1670.75539366868	4	3	17	7	3181	637.711183387809	2	2	5	4
LEU265A	10	7	33	20	105135	87404.5490384838	8	6	36	16	58203	40796.0490384838	2	2	5	4
GLY187A	3	3	6	6	606	337.244530022454	2	2	4	4	1	1	1	1	1	1
LEU188A	6	5	14	11	26376	17403.009917638	5	5	9	8	13417	13355.034579876	3	3	3	2
ALA161D	7	7	25	20	880	381.2760971055	5	5	20	18	1	1	1	1	1	1
ILE162D	7	3	24	4	22462	3932.58633860529	6	3	22	4	11330	3932.58633860529	2	2	2	1
ALA189A	6	6	17	14	21281	8807.02503875601	4	4	13	9	1	1	1	1	1	1
TYR205A	7	4	28	15	11876	5633.94805948461	7	4	28	12	1	1	1	1	1	1
VAL147D	8	5	23	10	12214	12152	6	3	26	6	1	1	1	1	1	1
LYS101D	3	1	8	1	741	1	2	1	3	0	1	1	1	1	1	1
SER99D	5	4	12	5	644	143.280201147004	3	2	6	3	1	1	1	1	1	1
ASP268D	4	4	12	10	1733	1398.73526670297	3	3	11	10	752	752	2	2	1	0
SER269D	2	1	3	1	1	1	1	1	1	1	752	1	2	1	1	0
ARG249A	7	6	18	11	13866	8742.70571138756	7	6	22	11	1	1	1	1	1	1
TYR163A	6	4	21	11	13984	797.618715530056	6	4	25	11	1	1	1	1	1	1
TYR236C	9	3	33	6	11378	1789.08069132047	9	3	42	5	2247	1	4	1	8	0
VAL272C	7	7	25	18	2577	2353.5	5	5	24	15	6339	6151.5	4	4	6	2
ASN235A	5	5	13	8	6327	5788.48215738547	4	4	9	5	1	1	1	1	1	1
LYS139A	5	2	14	3	9695	856.989147893454	4	2	11	3	1	1	1	1	1	1
THR140B	6	4	16	7	3126	1734.77951461558	4	3	8	3	2144	897.728117848204	3	2	5	2
ARG283D	5	4	18	8	18981	11114.3870929164	4	4	13	8	17504	10238.03831425	3	3	4	1
THR118D	7	6	22	16	51052	30399.7771369171	7	6	20	15	22337	11578.4183541788	2	2	2	2
VAL216A	9	9	27	21	1914	1629	7	7	32	22	1	1	2	2	5	2
GLN100C	5	3	17	6	1466	431.836374996368	4	3	13	7	1263	431.836374996368	4	3	6	2
SER99C	5	4	13	5	863	183.739950292539	3	2	6	2	1026	346.739950292539	5	4	8	3
ARG213C	10	7	22	12	7674	1807.42692464093	10	7	30	14	1	1	1	1	1	1
THR211C	5	5	12	9	2989	2989	2	2	9	6	1	1	1	1	1	1
GLU271A	6	4	18	6	6770	1472.51210325373	5	4	14	7	9334	1112.5413767729	4	2	8	1
LEU252A	5	5	10	7	3911	3188.12848027153	4	4	10	5	2067	2067	4	4	6	2
GLY279D	8	8	26	22	1277	1146.94916031644	3	3	11	9	1	1	1	1	1	1
VAL122D	9	7	26	20	2755	2628.94420171417	6	5	23	11	1	1	1	1	1	1
CYS176D	8	6	20	12	10220	4587.99005548337	8	6	25	14	1	1	1	1	1	1
PRO177D	4	4	10	9	752	625.314043055119	3	3	9	7	1	1	1	1	1	1
ARG175D	7	6	23	17	12836	11666	7	6	27	12	1	1	1	1	1	1
PRO190D	6	4	20	11	1355	1355	3	2	13	3	1	1	1	1	1	1
HIS233C	3	3	7	5	761	210.719709692309	2	2	3	2	1	1	1	1	1	1
THR140C	6	4	16	7	2039	1122.76245086784	4	3	7	3	1279	572.482160560146	3	2	2	1
GLU171A	3	2	10	5	750	223.094390536255	2	2	6	5	1	1	1	1	1	1
ASP148D	4	3	13	8	752	201.506084717579	3	3	11	9	1	1	1	1	1	1
ALA138D	5	4	19	8	752	551.844972353764	4	3	14	3	1	1	1	1	1	1
LYS139D	6	2	19	4	19750	1488.25431451296	5	2	18	4	11983	1488.25431451296	4	2	7	1
ASN235C	5	5	13	8	20339	19114.2578285892	4	4	9	5	1	1	2	2	2	1
GLN144B	8	4	24	8	14198	1986.78651131071	5	3	14	4	1	1	1	1	1	1
GLY112B	5	5	18	15	9360	7497.71348868929	3	3	8	5	1	1	1	1	1	1
ASP148B	4	3	13	8	752	203.158727601844	4	3	19	9	1	1	1	1	1	1
VAL147B	9	7	26	12	1734	1394	8	6	35	10	1439	1439	4	4	7	3
LYS164A	5	2	16	3	2434	915.029273519176	5	2	17	3	279	1	2	1	3	0
THR170D	5	4	11	6	748	1.5	3	2	10	3	1	1	1	1	1	1
LEU130A	7	6	14	11	786	249.186039818767	6	6	19	14	1	1	1	1	1	1
SER127A	6	5	13	10	2112	746.202595991441	6	5	19	10	1	1	1	1	1	1
PHE270D	8	3	24	7	26487	2788.43638997229	7	3	28	7	25617	1	6	1	10	0
GLN104B	4	3	13	8	1526	418.083796196075	3	3	12	9	1	1	1	1	1	1
GLY105B	7	7	16	13	1638	1638	6	6	17	9	887	887	2	2	1	0
LEU257B	4	3	19	8	8068	3668	4	3	17	6	1	1	1	1	1	1
VAL157B	10	8	33	23	38202	14628.574322037	8	6	32	15	1	1	1	1	1	1
GLU221D	3	1	8	1	766	1	2	1	3	0	1	1	1	1	1	1
PRO222D	6	3	13	3	2398	774.175488069414	3	2	6	3	1	1	1	1	1	1
CYS124C	7	6	24	20	1964	1480.85502400731	6	5	23	16	1	1	1	1	1	1
THR125C	10	9	36	30	5864	3758.4767662852	8	7	36	24	1	1	1	1	1	1
ASP186C	5	4	8	6	3748	3109.2757693577	4	3	8	5	1501	1113.10157458746	2	2	3	2
LEU188C	4	3	8	4	2252	710.786197739144	3	3	5	3	2252	710.786197739144	4	3	6	2
ALA189D	6	6	17	10	7816	4265.82075508652	4	4	14	7	1	1	1	1	1	1
ASP186D	5	4	9	8	5232	4742.06090007956	4	3	8	5	1	1	1	1	1	1
LEU133D	6	6	23	17	22820	22530.7153983765	6	6	25	13	11471	11471	3	3	7	1
TYR126D	6	2	17	2	33976	2012.73933315476	5	2	15	2	1	1	1	1	1	1
GLY266A	8	8	27	21	10041	10041	5	5	21	11	1	1	1	1	1	1
TYR103A	7	3	20	6	8705	3002	6	3	18	4	3002	3002	3	3	3	1
ARG202B	3	2	7	2	751	414.429739990899	2	2	1	1	1	1	1	1	1	1
PRO219B	3	3	7	7	751	337.5702600091	2	2	1	1	1	1	1	1	1	1
PHE134A	6	5	22	12	1391	1391	5	4	21	13	1	1	1	1	1	1
GLU258B	5	3	20	8	8342	1180.4144878843	5	3	18	6	4529	787.907072458093	2	2	1	1
THR155B	8	7	25	15	978	541.938644151291	8	7	30	17	1	1	3	3	6	3
PHE270C	7	3	24	6	22522	2376.24072451422	7	3	30	5	17844	1	5	1	9	0
ARG181B	3	2	7	1	752	375.77230005477	3	2	4	1	752	375.77230005477	2	2	1	1
SER261A	5	2	10	1	752	377.22769994523	2	2	2	1	752	377.22769994523	2	2	1	1
GLU286C	5	3	13	8	729	22.8750029893855	4	2	10	3	690	1	2	1	2	0
LEU289C	3	3	6	6	754	722	3	3	5	3	754	722	3	3	3	2
ASP207A	5	4	13	9	8036	1330.59317393597	4	4	12	10	8277	74.1561956577902	4	3	6	2
HIS193A	7	7	18	13	12338	10770.4617155569	6	6	21	15	5767	4199.46171555693	3	3	5	4
LEU264D	5	5	14	11	1436	1436	2	2	3	0	1	1	1	1	1	1
TYR103D	5	1	12	1	4641	1	4	1	10	0	1	1	1	1	1	1
PRO190B	8	5	22	10	16433	16080.7099220465	4	3	17	4	37454	30883.5334229862	6	5	12	5
PRO191B	4	3	14	7	1549	1	2	1	7	0	3748	1636.96113465507	4	3	8	5
ARG175B	8	7	28	22	51770	27817	8	7	35	16	25872	25872	3	3	7	5
SER183B	5	3	18	8	517	118	4	2	20	5	1	1	1	1	1	1
ARG196A	7	5	23	10	13372	5550.32934188577	6	5	20	10	1	1	1	1	1	1
MET237A	7	4	23	9	11336	2576.17142614261	6	4	23	10	1	1	3	1	5	0
HIS193B	8	7	23	13	31978	7264.64613316927	7	6	28	14	44125	6151.74878826313	5	4	11	8
HIS214B	5	5	13	11	2192	951.871750786177	5	5	12	10	1365	301.427746781671	2	2	4	3
ARG196D	6	3	21	6	9343	6542.80332601102	5	3	20	6	412	1	2	1	3	0
ASN235D	7	6	20	11	15184	10110.1920484436	6	5	17	7	1407	1095.19204844363	3	3	2	1
LEU145B	9	9	34	27	4744	2375.5	8	8	36	22	1	1	1	1	1	1
LEU111B	10	8	33	20	14361	13190.448483426	7	7	27	17	6803	6803	2	2	4	0
ARG213B	8	6	17	9	9640	2381.15018729511	8	6	18	7	1	1	1	1	1	1
MET169B	6	3	17	5	1851	1117	5	3	19	4	1	1	1	1	1	1
ARG156D	7	4	24	10	31544	6355.19998516874	5	3	18	5	1	1	1	1	1	1
GLU204D	5	2	17	3	752	105.255550542173	5	2	19	2	1	1	1	1	1	1
ARG280B	4	1	12	1	728	1	2	1	2	0	1	1	1	1	1	1
CYS277B	7	3	14	2	2188	728	3	2	8	0	1	1	2	1	3	0
GLY154A	5	5	15	13	1965	1965	4	4	14	10	1	1	1	1	1	1
SER260A	5	2	13	2	3195	1	3	1	6	0	2016	1	2	1	3	0
GLY244C	5	5	12	8	1421	1419	3	3	10	7	1	1	1	1	1	1
PRO177C	5	4	10	9	2252	1267.28460926303	4	3	10	7	1	1	1	1	1	1
PRO151A	6	5	16	9	10240	5540.81127277832	6	5	21	9	1	1	1	1	1	1
TYR220A	8	3	29	6	10896	172.5	7	2	35	3	7	7	2	2	2	1
GLY187D	4	4	6	5	756	88.7300494218519	3	3	5	4	1	1	1	1	1	1
MET169D	6	2	14	2	1649	454	5	2	16	0	1	1	1	1	1	1
CYS275C	7	6	23	16	6919	3754.65847463334	5	5	21	16	10763	3731.20310214295	6	5	13	5
PRO142B	7	5	21	12	2664	368.617546348795	4	3	9	6	2109	2109	4	4	7	5
ARG249D	7	6	17	9	15218	8865.0837771918	7	6	20	9	1	1	1	1	1	1
HIS168D	4	3	9	7	752	399.3153715589	3	2	9	5	1	1	1	1	1	1
ALA276A	5	3	15	7	1594	1	3	1	13	0	1556	1	2	1	2	0
PRO278A	9	7	26	19	1356	1291	8	6	27	9	1169	1169	3	3	5	3
ARG156C	7	5	22	10	1162	632.858833121213	5	4	15	6	912	392.858833121213	3	3	4	4
GLU204C	5	2	17	4	752	3.6669044239406	5	2	19	3	9	3.6669044239406	2	2	2	2
TYR163B	6	4	23	11	17592	863.615675195268	6	4	24	9	1	1	1	1	1	1
CYS176A	8	6	19	11	5548	2452.68255972294	8	6	25	14	1	1	1	1	1	1
GLU258D	5	2	19	5	4682	488.930949130228	5	2	17	4	1	1	1	1	1	1
LEU257A	7	6	29	18	11194	4345.51048963143	7	6	37	18	1	1	1	1	1	1
PHE109A	7	2	26	4	3438	398	7	2	31	1	1	1	1	1	1	1
ARG267A	6	5	15	12	11944	4021.00793962837	4	4	7	4	1	1	1	1	1	1
THR256A	7	6	24	19	10427	7335.82047375621	5	4	15	10	1	1	1	1	1	1
ASP281C	4	3	16	6	752	159.188630662026	3	3	8	6	1	1	2	2	5	4
CYS238D	10	7	33	15	15048	5577.92100999813	9	6	45	19	6341	1	2	1	4	0
VAL274D	11	10	33	28	19479	18665.4099096373	9	8	42	27	13090	12339	5	4	9	2
PRO152C	5	4	12	9	2243	1923.73437990986	4	4	16	11	1	1	1	1	1	1
PRO128D	5	4	11	5	3979	3185.23053770636	4	3	11	4	1	1	1	1	1	1
GLU204A	8	4	30	12	62274	15067.2566151161	8	4	37	14	61291	14793.4798486377	6	3	12	7
PRO152D	5	4	14	10	77053	54981.7726448315	4	4	17	12	1	1	1	1	1	1
THR155D	8	7	23	14	34930	31464.1185252939	8	7	29	13	1	1	1	1	1	1
ARG158B	9	6	26	12	14559	9208.48074619882	6	5	18	10	4529	3742.09292754191	2	2	1	1
VAL217B	7	7	28	23	63910	54597.1368034267	5	5	23	15	1	1	1	1	1	1
TYR220D	8	4	26	8	41510	1317.96024601924	6	2	29	4	1	1	1	1	1	1
ARG110A	7	5	17	12	17944	13054.8981611494	7	5	24	13	1	1	1	1	1	1
ASP148A	4	3	12	8	752	196.234256520688	3	3	13	10	1	1	1	1	1	1
ILE255D	10	5	37	15	21926	1378.23646970981	7	3	33	4	1227	614	3	3	9	5
PHE109D	7	3	31	10	7982	729.5	7	3	32	8	1	1	1	1	1	1
VAL217C	7	7	24	20	4433	3953.07190526424	5	5	20	13	3690	3210.07190526424	4	4	9	7
GLY262B	5	5	8	6	4155	3762.4925845738	3	3	7	4	1	1	1	1	1	1
MET237B	8	4	27	6	14044	2703.82679228434	7	4	28	5	4904	2016.81303433024	2	2	2	2
GLU171B	3	2	9	5	751	166.87577694128	2	2	6	5	1	1	1	1	1	1
THR170B	5	4	12	7	670	1.5	3	2	10	3	1	1	1	1	1	1
TYR234D	8	3	30	8	5294	420.281808098701	6	2	22	3	5294	420.281808098701	7	3	14	3
VAL143D	6	6	22	15	568	446.5	4	4	14	8	82	82	2	2	6	2
SER260D	4	2	10	2	748	1	2	1	3	0	4	4	2	2	4	0
SER261D	6	2	11	1	1245	623	3	2	5	1	1684	1	5	1	4	0
HIS178B	10	6	32	14	144642	29839.855876001	8	6	33	16	74170	29212.8207462411	6	5	6	5
ASP281D	4	3	15	7	752	216.344593616513	3	3	8	7	1	1	1	1	1	1
CYS275D	7	6	20	16	1285	984.18297820282	5	5	21	17	1	1	1	1	1	1
PRO128C	6	5	20	11	27944	14580.5562885857	5	4	20	10	13212	1	2	1	2	0
TYR126C	7	2	24	2	74270	202.912877199864	6	2	24	2	1	1	1	1	1	1
CYS277C	6	4	17	4	24665	6157.5	4	3	13	2	12352	1	3	1	9	0
SER149D	5	3	17	4	12356	6157.5	4	3	13	4	1	1	1	1	1	1
GLU204B	7	4	25	10	48678	11330.182005965	7	4	29	11	24338	11330.182005965	3	3	2	2
MET160B	6	2	15	2	4203	2256	4	2	11	1	2328	2256	4	2	6	0
SER215B	5	2	19	5	9499	2372.18625389239	4	2	14	4	2256	1	2	1	3	0
ALA203D	8	8	22	19	751	288.474673752658	6	6	28	19	60	60	2	2	3	1
VAL157C	10	8	34	23	16954	9689.24503627018	8	6	33	15	10305	3483.74503627018	5	3	12	6
ARG249B	7	6	20	10	25730	21301.3124591101	7	6	22	9	1	1	1	1	1	1
SER245B	7	4	25	10	23154	5865	5	3	27	10	1	1	1	1	1	1
CYS229A	6	4	19	10	8886	3376.56097660118	6	4	21	9	4088	1	4	2	7	2
TRP146A	8	3	23	4	11432	1673.41782052619	7	3	28	4	1	1	1	1	1	1
TYR239C	4	2	16	6	2052	12.6825483570094	3	2	14	5	1	1	1	1	1	1
VAL274C	10	9	31	25	46556	45747.4252428401	9	8	42	25	163	125.88061533044	3	3	6	4
PRO151B	7	5	19	8	7484	4558.06959660853	7	5	26	9	4007	3811.83803408152	2	2	3	2
PRO152B	5	4	13	9	1991	1865.69560490276	4	4	16	11	1	1	1	1	1	1
LYS132B	4	3	13	5	1962	1440.89419223627	3	3	8	6	1222	852.638773558917	2	2	1	1
PHE134B	6	4	24	10	922	577.516634034873	4	3	15	7	1	1	2	1	3	0
CYS176C	8	6	21	12	9554	2962.5048414933	8	6	27	15	1	1	1	1	1	1
ILE251B	5	3	17	9	721	340	4	3	16	8	1	1	1	1	1	1
LEU252B	5	5	11	7	2363	2046.88620029774	4	4	9	5	812	495.886200297739	2	2	2	1
MET246B	8	5	24	14	870	701	6	3	29	11	1	1	1	1	1	1
ARG267B	6	5	14	9	3376	1606.66986297938	4	4	6	3	800	614.903375389374	2	2	4	3
SER99B	5	4	10	5	800	186.096624610626	3	2	5	3	928	314.096624610626	5	4	7	2
ARG282B	8	6	25	14	3545	1470.29143032631	6	5	23	13	1	1	1	1	1	1
TYR126B	7	2	20	2	5250	825.269176903509	6	2	19	2	410	1	2	1	3	0
MET160C	7	3	22	8	1088	738	5	3	20	7	1	1	2	1	3	0
SER215C	5	2	19	5	1692	564.067741211232	4	2	14	4	1127	564.067741211232	2	2	3	3
PRO278B	9	7	25	20	13619	8414.58454648271	8	6	31	13	8691	6954.58454648272	4	4	8	5
ASN200D	5	2	15	7	1700	526.997084608898	4	2	13	5	1	1	1	1	1	1
VAL218D	8	8	23	18	4298	2245.02824163844	6	6	24	18	1	1	1	1	1	1
ILE232A	8	5	30	17	6031	3766.87835161909	5	4	24	15	1	1	1	1	1	1
VAL157A	10	8	37	25	65696	23900.6216483809	8	6	34	15	1	1	1	1	1	1
THR256B	6	5	23	13	3208	1588.23351241	4	3	12	7	1	1	1	1	1	1
GLY112A	5	5	18	13	14556	11641.5894058542	3	3	11	6	1	1	1	1	1	1
LEU111A	8	7	24	19	8804	7669.63278477634	7	7	24	16	1	1	1	1	1	1
PRO98A	5	5	14	7	7287	5555.04301498114	4	4	14	7	1	1	1	1	1	1
VAL97A	5	5	10	9	1004	1002	3	3	8	4	1	1	1	1	1	1
GLU171D	3	2	9	5	751	176.935425552229	2	2	6	5	1	1	1	1	1	1
VAL197D	9	7	26	16	5749	3668.56717079243	7	5	31	13	3361	2705	4	3	10	2
GLN144A	9	6	27	10	17958	3603.93179701839	6	5	19	9	1	1	1	1	1	1
ARG158C	9	6	23	9	3410	2304.77500039651	6	5	16	7	1317	661.334615979372	4	4	5	5
LEU206C	4	3	13	7	729	5	3	2	10	4	9	5	2	2	3	3
GLN100A	4	2	12	4	2190	723.871519728471	3	2	6	3	1	1	1	1	1	1
GLU285D	6	4	16	6	3130	674.170139199335	5	4	12	7	1	1	1	1	1	1
ASN288C	2	1	3	1	1	1	1	1	1	1	1	1	1	1	1	1
HIS233A	4	4	13	10	478	131.779589030796	2	2	3	2	1	1	1	1	1	1
CYS135A	7	6	26	20	752	322.038752983796	7	6	35	20	1	1	2	1	4	0
SER127D	5	4	13	6	2150	623.288404698879	5	4	14	6	1	1	1	1	1	1
LEU137B	8	6	30	16	13220	12852.8494154681	7	6	41	17	1	1	1	1	1	1
TYR239B	7	2	25	5	2074	161.150584531922	4	2	17	5	479	1	2	1	2	0
THR256D	6	5	25	15	1859	843.773728709461	4	3	12	7	1	1	1	1	1	1
GLY279C	9	9	28	26	17361	15377.1188449359	4	4	18	15	16607	15071.2514395953	2	2	6	5
ARG209B	3	1	4	1	1	1	1	1	1	1	1	1	1	1	1	1
ASP208B	4	4	6	5	1	1	1	1	1	1	1	1	1	1	1	1
LEU130D	5	4	10	8	840	307.481057594763	4	4	11	7	1	1	1	1	1	1
LEU114B	4	3	13	6	1302	810.882453651205	3	3	7	4	233	1	2	1	1	0
GLU221C	4	2	9	1	952	258.369368848556	3	2	6	1	894	258.369368848556	2	2	2	1
PRO222C	5	2	14	2	1	1	2	1	4	0	1	1	1	1	1	1
ASN263B	4	3	7	4	2106	219.165665481399	4	3	5	1	1	1	1	1	1	1
ASP259B	6	5	12	4	941	507.834334518601	3	2	7	2	1	1	1	1	1	1
ARG156B	8	5	28	13	31144	13472.250809774	6	4	23	10	15511	7266.96168574999	4	2	5	2
GLY279A	8	8	23	20	1763	1598.72183935855	3	3	9	7	1	1	1	1	1	1
PRO98B	5	5	14	7	4784	4202.84981270489	4	4	14	7	1	1	1	1	1	1
VAL97B	5	5	9	8	356	355.5	4	4	8	3	1	1	1	1	1	1
CYS141C	8	6	26	13	3119	1186.91864966832	5	4	26	11	4244	4244	3	3	4	0
ILE232D	7	5	26	17	5196	3416.65518193293	4	4	18	16	1	1	2	2	6	2
THR230A	6	5	13	8	507	507	5	4	10	3	1648	1161.679736003	4	3	6	1
THR231A	5	5	17	13	2928	2928	2	2	3	2	1142	487.320263997002	2	2	3	2
LEU194A	6	6	22	17	792	546	6	6	25	19	1	1	2	2	2	0
ILE162C	7	3	25	5	6144	1053.49434161304	6	3	27	7	1539	394.994341613045	2	2	3	2
ILE254C	7	4	23	6	1892	1498.00565838696	4	4	10	5	1539	1145.00565838696	4	3	7	4
ARG110B	7	5	18	13	5978	4159.37677968908	7	5	24	15	3137	2685.19961774947	3	2	4	1
MET243B	4	2	12	6	2994	1	3	2	8	3	2994	1	3	2	3	1
THR211D	5	5	10	8	2993	2993	2	2	7	5	1	1	1	1	1	1
ARG174D	5	4	15	8	1057	426.165460788869	3	3	6	6	1	1	1	1	1	1
VAL172D	5	5	15	13	2778	2778	3	3	8	5	1	1	1	1	1	1
CYS229D	5	4	15	9	5269	2624.44679760947	4	3	12	4	2245	1	2	1	3	0
GLN144D	7	4	19	7	24405	3517.65797611292	4	3	7	4	1	1	1	1	1	1
ALA161C	7	7	25	20	1646	704.00746240389	5	5	20	18	1	1	1	1	1	1
CYS238C	10	7	31	15	33378	10336.4012001683	9	6	44	19	1	1	1	1	1	1
MET237C	7	4	24	10	3786	653.613906631941	6	4	24	11	1	1	1	1	1	1
THR211B	5	5	10	8	2993	2993	2	2	7	5	1	1	1	1	1	1
HIS178A	4	1	10	1	136	1	2	1	7	0	1	1	1	1	1	1
LEU137A	8	7	27	14	9197	6760.60426490402	7	6	36	15	822	822	3	3	6	3
HIS115D	4	2	12	4	752	353.290077953499	4	2	10	2	752	353.290077953499	3	2	8	4
LEU206B	6	5	18	10	6560	3344	5	4	16	5	3632	3583.71448007964	3	3	5	4
GLY105C	7	7	19	14	4008	4008	6	6	21	11	1	1	1	1	1	1
TYR103C	5	1	13	1	2015	1	4	1	11	0	1	1	1	1	1	1
THR231C	5	4	14	9	3477	3477	2	2	3	2	16	1	2	1	1	0
ARG273C	7	3	22	6	5881	3730.60826719502	5	3	12	6	5234	3137.79689785705	4	2	8	4
SER240C	3	3	13	10	752	752	3	3	12	9	4	4	2	2	3	1
CYS275A	7	7	21	16	824	476.035901974999	5	5	21	16	141	64.598185589752	2	2	4	3
VAL274A	11	10	35	29	5900	5088.40181441025	9	8	42	25	2772	1960.40181441025	5	4	10	3
HIS168B	4	3	7	5	2248	1184.19608875337	3	2	8	5	1	1	1	1	1	1
HIS178C	5	2	15	1	2325	623	3	2	9	1	1	1	1	1	1	1
GLY105D	7	7	17	12	5708	5708	6	6	19	9	1	1	1	1	1	1
TYR107D	6	3	18	6	92508	15682.9053233694	5	3	15	5	1	1	1	1	1	1
LEU137D	8	7	28	15	1998	1368.725014196	7	6	36	15	802	172.725014196004	3	2	7	1
GLN167A	4	3	5	3	1501	1309.4490139924	2	2	3	3	1	1	1	1	1	1
HIS168A	4	3	9	7	752	429.581182546124	3	2	9	5	1	1	1	1	1	1
PRO223A	5	5	10	8	1850	1850	4	4	12	7	1850	1850	3	3	5	2
PHE212B	3	1	6	1	752	1	2	1	2	0	1	1	1	1	1	1
VAL172B	5	4	14	11	4003	4003	3	3	8	5	1	1	1	1	1	1
ARG181C	2	2	4	4	752	752	2	2	3	2	1	1	1	1	1	1
GLY226B	3	3	3	3	1501	1501	2	2	3	2	1	1	1	1	1	1
VAL225B	2	2	2	2	1	1	1	1	1	1	1	1	1	1	1	1
VAL173D	8	8	22	21	13205	12891.5700453812	6	6	22	17	1	1	1	1	1	1
LEU145A	7	7	30	21	11089	5547	6	6	29	16	1	1	1	1	1	1
GLY279B	8	8	22	19	2151	1955.44362662389	3	3	9	8	1	1	1	1	1	1
THR118B	6	5	15	12	4222	587.732281243443	6	5	11	9	1	1	1	1	1	1
CYS135D	7	6	27	20	752	287.902793760549	7	6	35	21	658	255.984521603288	3	3	9	6
GLN136D	7	5	23	9	29850	13067.5264889982	7	5	31	9	10495	9007.74568548704	2	2	3	1
ASN263D	4	3	8	5	1326	216.263844529676	4	3	6	2	1	1	2	2	4	0
ASP259D	6	5	11	5	2025	524.736155470324	3	2	6	2	931	931	2	2	4	0
SER260B	5	2	11	1	3249	1	3	1	6	0	1994	1	2	1	2	0
CYS238A	10	7	30	14	6242	2277.50951067266	9	6	43	18	3564	860	5	3	10	1
GLN136C	7	4	24	7	87268	44221.1166918011	7	4	31	5	44350	26168.6601089257	5	3	11	2
LYS139C	5	2	15	3	40364	4343.54341712461	4	2	11	3	3887	1	2	1	2	0
LEU114D	4	3	14	6	2236	1239.89526581557	3	3	7	4	1341	1	2	1	2	0
PRO142D	8	5	22	13	4800	278.104734184432	5	3	11	6	1	1	2	2	2	2
THR150A	2	2	5	4	752	283.588080089952	2	2	5	4	1	1	1	1	1	1
ALA159B	6	6	22	13	2322	1474.91062698086	4	4	14	8	14	14	2	2	3	1
TYR234B	5	2	17	5	2936	180.071475900742	4	2	12	3	1503	1	2	1	3	0
ASP207B	5	5	13	12	668	108.548586901958	4	4	13	10	854	139.211639969416	4	4	8	6
LEU265B	7	5	24	14	1302	1277.5	5	4	18	9	669	349.122206460937	3	2	2	1
ARG273A	7	3	24	7	1355	838.653467746961	5	3	12	6	2061	1	4	1	10	0
VAL143B	6	6	22	16	744	710	4	4	13	9	1	1	1	1	1	1
ALA138B	4	4	16	9	752	463.986242045893	3	3	10	4	1	1	1	1	1	1
HIS179D	7	6	21	13	3472	350.727882800054	6	5	30	18	1	1	1	1	1	1
PRO278D	9	7	26	18	14923	11380.7538093731	8	6	28	11	1	1	1	1	1	1
PHE109B	8	3	34	10	3108	53	7	2	32	1	1240	1	3	1	4	0
ALA276D	5	3	14	6	1070	1	3	1	13	0	1	1	1	1	1	1
CYS277D	6	3	12	3	417	1	2	1	7	0	1	1	1	1	1	1
ASP207D	4	4	11	10	770	88.8222797699058	3	3	10	9	1	1	1	1	1	1
HIS214D	5	5	13	10	4292	1715.57209661723	5	5	12	11	1	1	1	1	1	1
ARG174A	6	3	17	6	11071	1953.43628071039	4	2	12	4	1	1	2	1	3	0
VAL172A	4	4	14	11	4999	4999	2	2	6	4	1	1	1	1	1	1
PHE270B	8	3	25	7	32909	6963.72050804441	7	3	30	7	19754	1	5	1	8	0
VAL272B	9	9	32	26	2771	2473.35289576614	5	5	25	17	1429	1429	3	3	6	2
VAL218A	8	8	23	17	9823	4823.40766790845	6	6	25	18	1	1	1	1	1	1
LEU145C	7	7	29	21	5173	2595.5	6	6	28	16	5116	2567	4	4	7	3
PHE109C	8	3	33	10	1212	490	7	2	32	1	18	1	3	2	8	4
LEU133A	7	6	26	16	880	772.748895356237	7	6	31	14	748	686	4	3	8	1
LEU130C	6	5	14	9	2024	1048.50063191023	5	5	15	10	1	1	1	1	1	1
PHE134C	7	5	26	12	9057	8071.45760518378	5	4	22	13	1	1	1	1	1	1
ILE232B	5	4	20	17	2549	1599.92567796303	4	4	19	17	1	1	1	1	1	1
VAL218B	8	8	22	18	7535	3740.52011667773	6	6	24	18	1	1	1	1	1	1
PRO219C	3	3	8	8	881	881	2	2	2	1	2480	2188.23314102384	3	3	5	4
VAL218C	8	8	22	18	4131	2144.00691462669	6	6	24	18	1712	348.766858976155	4	4	9	7
CYS141D	8	7	28	15	3180	1198.96040922005	5	5	25	13	4668	2686.96040922005	6	6	17	8
SER99A	5	4	12	5	2605	592.171586615414	3	2	6	3	1	1	1	1	1	1
ALA189C	6	6	15	11	5372	2999.32047025505	4	4	15	9	3403	2848.29121954704	5	5	7	6
PRO190C	5	4	16	11	4866	4866	2	2	7	3	279	179.203445478251	2	2	4	4
ASP228B	4	1	9	1	752	1	4	1	10	0	1	1	2	1	2	0
SER227B	4	3	5	3	3748	2248	4	3	8	2	2248	2248	3	3	2	0
THR140A	6	4	16	8	1040	603.431687143141	4	3	7	3	1	1	1	1	1	1
THR170C	5	4	14	8	752	226.096463338374	3	2	13	3	1	1	1	1	1	1
VAL97C	6	4	14	7	7233	6784.80592346906	5	4	19	6	1	1	1	1	1	1
HIS214A	5	5	15	11	25470	18403.5088297967	5	5	14	11	6779	2921.38208878529	3	3	5	4
PHE212C	3	1	7	1	748	1	2	1	3	0	1	1	1	1	1	1
VAL172C	6	6	19	16	903	903	4	4	12	7	1	1	1	1	1	1
GLY117A	4	4	12	10	1487	895.108569294357	3	3	11	9	1	1	1	1	1	1
SER116A	4	2	10	3	1	1	2	1	4	0	15	15	2	2	1	0
GLU258A	4	2	21	5	92822	9967.26051547511	4	2	19	4	1	1	1	1	1	1
THR155A	8	7	25	17	2012	742.987764108839	8	7	35	21	1	1	1	1	1	1
GLY105A	7	7	24	18	2599	2599	6	6	27	17	1	1	1	1	1	1
TYR107A	7	3	27	8	17808	4309.24588897912	6	3	26	10	12788	3526.41903188733	2	2	5	4
TYR220B	6	3	27	8	8724	196.161965918485	6	3	34	9	4007	196.161965918485	4	3	6	4
GLN100B	3	2	7	4	812	317.113799702261	2	2	3	3	924	317.113799702261	3	2	5	1
LYS164B	5	2	15	3	3470	1432.67982334131	5	2	16	3	1	1	1	1	1	1
GLN104C	4	3	13	8	706	196.030443745848	3	3	13	10	1	1	1	1	1	1
SER240A	3	3	13	11	752	752	3	3	12	9	752	752	3	3	7	3
THR123C	5	4	18	12	1399	277.339891074267	4	3	18	7	1009	277.339891074267	2	2	4	2
TRP146B	7	4	21	5	4030	1220.93877639714	5	4	15	6	4178	361.800382250526	3	2	5	1
ASP148C	4	3	12	8	752	178.360139666377	4	3	19	10	1	1	1	1	1	1
VAL147C	8	6	23	9	767	749.5	7	5	31	5	1	1	1	1	1	1
ARG282A	9	7	25	15	18025	11587.8426771634	7	6	28	17	1	1	1	1	1	1
THR125D	9	8	30	23	3807	1639.61657792987	7	6	28	18	1	1	1	1	1	1
VAL173B	8	8	21	17	14549	12928.2660723304	6	6	21	15	1	1	1	1	1	1
SER121B	3	2	11	7	1	1	1	1	1	1	1	1	1	1	1	1
VAL122B	8	7	22	21	957	914.882157469824	5	5	15	11	1	1	1	1	1	1
GLY117D	5	5	19	13	4508	2724.22436839972	4	4	18	13	2002	1431.39963985623	2	2	2	2
SER116D	5	2	16	3	4640	1	3	1	9	0	4680	1341	3	2	3	0
HIS179C	7	6	21	13	1891	214.81133993052	6	5	30	18	1	1	1	1	1	1
LEU137C	8	7	26	14	4969	2324.31745164299	7	6	36	15	1	1	1	1	1	1
GLY226A	3	3	3	3	1501	1501	2	2	3	2	1	1	1	1	1	1
SER227A	4	3	6	4	3748	2246.50856059161	4	3	9	4	2248	2246.50856059161	3	3	5	2
SER96C	3	2	10	3	752	224.09761319257	3	2	13	3	1	1	1	1	1	1
LEU264A	7	7	23	19	8	8	4	4	11	6	1	1	2	2	2	1
LEU111D	9	7	28	16	12963	11511.264733297	7	7	29	17	5578	5578	2	2	5	0
GLY187C	4	3	6	4	752	430.112227673398	3	2	5	2	752	430.112227673398	2	2	3	2
ASP186A	4	4	9	8	24862	19618.4195656632	3	3	7	7	1	1	1	1	1	1
VAL272D	8	8	28	21	457	412.320073775526	4	4	18	12	7229	7184.32007377553	5	5	14	5
ASP228A	4	2	10	2	752	2.49143940838684	4	2	12	2	10	2.49143940838684	3	2	4	2
ASP259C	6	5	13	4	4488	1034.16966929684	3	2	9	2	1	1	1	1	1	1
LEU265C	9	6	27	14	6539	6495.5	7	5	28	9	1	1	1	1	1	1
PRO142C	7	5	20	12	3922	152.379669181813	4	3	8	6	1	1	1	1	1	1
HIS233B	3	3	7	5	1150	312.948603232625	2	2	3	2	447	96.3037293334282	2	2	1	1
THR231B	5	4	12	8	1610	1610	2	2	3	2	447	351.696270666572	2	2	1	1
MET246C	6	5	21	15	54	28	5	4	20	11	1	1	1	1	1	1
VAL173C	9	8	25	21	5953	4728.92876376806	7	7	26	19	1	1	1	1	1	1
CYS229B	5	3	14	6	8944	4716.86160585338	5	3	14	5	2248	1	2	1	2	0
GLY154B	5	5	15	12	1662	1662	4	4	14	9	1	1	2	2	3	1
GLN104A	4	2	13	5	129	1	3	2	13	4	1	1	1	1	1	1
GLY108A	9	8	25	13	11666	6803.86758232994	8	7	32	13	1	1	1	1	1	1
ARG273D	7	4	23	8	2708	2113.74302959316	5	4	12	9	1	1	2	1	2	0
GLY266C	8	8	26	18	3008	3008	5	5	18	8	1	1	1	1	1	1
PHE270A	7	3	21	7	6532	677.964593935772	7	3	30	6	1866	1	3	1	4	0
ASN263C	4	3	7	4	2250	466.830330703158	4	3	5	1	1	1	1	1	1	1
GLY262C	5	5	9	9	751	751	3	3	5	3	1	1	1	1	1	1
ARG196B	6	3	22	7	9848	7497.18696566976	5	3	20	6	9513	7497.18696566976	3	3	4	3
PRO191C	4	3	11	6	2075	1	2	1	6	0	1	1	1	1	1	1
GLU271C	6	4	16	5	19468	5295.92733667133	5	4	13	6	12816	2600.20255431336	3	2	4	1
PRO250C	5	4	12	8	6800	6103.58044273258	5	4	15	9	1	1	1	1	1	1
CYS238B	11	7	36	16	146722	85638.3319586009	10	6	54	21	1	1	1	1	1	1
PHE134D	5	4	19	10	9932	9548.88586544119	4	3	15	7	1	1	1	1	1	1
VAL216C	9	9	23	19	1913	1592.90816089818	7	7	30	20	100	50.5	2	2	3	3
GLU198C	5	3	14	6	5410	1932.26001085064	4	3	8	5	1279	707.517839439854	2	2	2	1
GLY199C	3	3	6	4	1814	1814	3	3	6	3	1	1	1	1	1	1
VAL197C	9	7	26	19	21905	12656.0918391018	7	5	29	13	1	1	1	1	1	1
ARG249C	7	6	17	10	12058	7736.21946054094	7	6	21	10	1	1	1	1	1	1
SER245C	8	5	25	13	12852	3525	5	3	26	10	1	1	1	1	1	1
TYR163C	6	4	23	10	2092	165.12891207302	6	4	26	10	1	1	1	1	1	1
MET169C	8	5	20	7	14964	8430.5	7	5	29	8	1	1	2	2	3	2
ARG283A	3	2	10	4	677	392.082000672116	2	2	5	4	1	1	1	1	1	1
THR118A	6	5	16	13	10794	5157.3634841256	6	5	12	10	1	1	1	1	1	1
ALA159C	6	6	23	15	10614	6527.56092657206	4	4	13	8	5634	4791.26421655449	4	4	5	3
TYR234C	6	3	20	8	16351	794.235783445515	4	2	12	3	5665	794.235783445515	4	3	7	6
ARG267C	6	4	15	6	4330	1418.26004970746	4	3	6	1	863	680.260049707461	2	2	4	3
VAL157D	10	8	35	23	43228	38048.8448180671	8	6	33	14	1	1	1	1	1	1
PRO223D	5	5	14	8	4	4	3	3	7	5	4	4	2	2	3	2
ASP268C	4	4	14	11	1501	1034.01779578467	3	3	12	10	2252	1785.01779578467	3	3	6	4
LEU111C	10	8	31	19	14894	13786.9822042153	7	7	24	15	15050	13712.9822042153	6	5	13	4
HIS193C	7	7	16	10	3374	2895.39684777189	6	6	18	11	1	1	1	1	1	1
TYR205C	8	4	27	14	15988	7632.42388329141	8	4	31	11	2820	325.423883291408	2	2	4	4
HIS168C	4	3	9	6	752	389.684819928351	3	2	9	5	1	1	1	1	1	1
ALA119D	4	3	12	6	1501	1501	2	2	6	5	1	1	1	1	1	1
MET246D	6	3	17	7	776	201.929160166751	5	3	19	8	1	1	1	1	1	1
SER245D	8	5	24	12	3724	992.742843687628	5	3	25	10	1	1	1	1	1	1
HIS193D	8	7	21	11	15337	8509.43085582919	7	6	26	12	1	1	1	1	1	1
PRO191D	4	3	11	6	326	1	2	1	6	0	1	1	1	1	1	1
GLN136B	7	5	25	11	23530	6669.08771985473	7	5	32	9	10791	2797.96209926063	3	3	5	5
THR123B	7	6	21	15	2236	1175.45335425665	5	4	23	9	2236	1175.45335425665	3	3	3	2
THR123D	6	5	21	14	850	440.465387115704	5	4	23	9	1	1	2	2	3	1
ARG273B	7	4	25	8	4995	4126.90357230035	5	4	12	9	5374	1	4	1	5	0
ASP281B	4	3	15	7	752	152.928571288832	3	3	8	7	1	1	1	1	1	1
ILE255B	9	4	34	12	12233	652.517897118398	6	2	29	3	3573	1787	2	2	3	3
TYR239D	5	2	19	6	2160	29.2749858039961	3	2	14	5	1615	29.2749858039961	4	2	4	1
CYS229C	6	4	18	9	11010	5686.25496513382	6	4	19	7	7832	5588	3	2	5	2
TRP146C	8	3	23	4	9317	837.745034866176	6	3	23	4	10949	1	2	1	3	0
ARG175A	6	5	19	13	10518	9650.71962955311	6	5	24	11	4971	4112	3	2	6	1
CYS277A	5	3	13	2	280	68.9849098798356	3	2	8	1	1	1	1	1	1	1
ARG158A	9	6	28	12	92555	60461.9328693037	6	5	19	10	1	1	1	1	1	1
LEU206A	7	6	21	14	9170	5265.29788172449	6	5	19	9	16443	13027.7978817245	4	4	6	4
CYS242D	7	5	19	10	88	40.3041649756972	4	4	20	14	674	674	2	2	3	1
ASP268B	4	4	14	11	1655	1041.55151657403	3	3	12	10	843	843	3	3	3	1
PRO177B	3	3	14	10	752	613.602906817802	2	2	7	5	1	1	1	1	1	1
GLY199D	3	3	6	4	1204	1204	3	3	6	3	1	1	1	1	1	1
GLU198A	5	3	15	6	1960	845.306566440591	4	3	8	5	1	1	1	1	1	1
GLY199A	3	3	6	4	816	816	3	3	6	3	1	1	1	1	1	1
ALA203C	8	8	23	20	742	286.959246333579	6	6	28	19	1	1	1	1	1	1
ASN200C	5	2	15	7	984	134.53383903973	4	2	13	5	1	1	1	1	1	1
GLY244A	5	5	11	8	1413	1413	3	3	9	7	1	1	1	1	1	1
SER245A	8	5	25	14	3040	754.558867854926	5	3	26	10	1	1	1	1	1	1
PRO190A	6	5	15	11	4485	4129.8426209501	3	3	9	4	1	1	1	1	1	1
VAL216B	9	9	25	21	17261	17115.414479559	7	7	32	22	1	1	1	1	1	1
GLY244D	5	5	11	8	1411	1411	3	3	9	7	1	1	1	1	1	1
PRO223B	5	5	9	7	2718	2227.34934576059	4	4	11	6	1	1	1	1	1	1
THR230B	6	6	15	14	2231	1332.15065423941	5	5	12	10	1	1	1	1	1	1
ILE162A	7	3	22	5	14694	2010.28523527974	6	3	22	5	7412	2010.28523527974	3	2	4	1
VAL173A	8	8	21	18	12314	11818.2238626804	6	6	22	16	595	333.723862680429	2	2	3	3
VAL274B	11	10	37	29	65973	64865.9399032172	9	8	45	27	4419	4205.16233236524	3	3	5	1
GLY154D	5	5	14	11	2238	2238	4	4	12	8	1	1	1	1	1	1
ARG202C	4	2	9	1	1774	636.630631151444	3	2	3	1	1774	636.630631151444	3	2	3	1
ILE162B	6	2	21	2	4618	533	5	2	17	2	1065	533	2	2	3	2
GLN144C	8	4	25	7	27975	4453.77871302132	5	3	15	4	38687	15283.7787130213	4	3	6	3
SER261C	5	1	8	1	1	1	2	1	3	0	1	1	1	1	1	1
TYR107C	6	2	20	3	3211	253.234473116633	5	2	17	3	1	1	1	1	1	1
GLY262D	5	5	9	7	2416	2416	3	3	7	3	751	751	2	2	4	0
SER106A	4	3	16	6	1124	485	4	3	15	6	491	485	3	3	2	1
THR140D	6	4	19	10	2212	1057.51351612288	4	3	10	4	599	1	2	1	2	0
GLU285A	6	4	18	7	2266	498.495987876914	5	4	15	7	1	1	1	1	1	1
THR256C	6	5	23	14	4336	2733	4	3	12	6	1	1	1	1	1	1
VAL225A	2	2	2	2	1	1	1	1	1	1	1	1	1	1	1	1
CYS242B	8	5	26	11	1013	408.551464110952	5	4	28	15	9	1	2	1	2	0
LYS132C	4	3	13	5	9887	7033.53356251094	3	3	8	6	8742	6142.79744568664	2	2	2	1
PRO222B	4	2	8	1	1	1	2	1	4	0	1	1	1	1	1	1
GLN192C	5	3	10	3	691	295.926896998045	4	3	9	3	1	1	1	1	1	1
HIS233D	5	5	16	13	1198	337.378839742398	3	3	7	4	1	1	1	1	1	1
THR231D	5	5	17	15	3981	3981	2	2	4	2	1	1	1	1	1	1
ILE195A	6	5	23	11	1100	309.263743954014	6	5	23	9	66	66	2	2	4	1
ARG283C	5	4	19	10	45722	26824.3917159603	4	4	14	10	45722	26824.3917159603	4	4	9	7
ASP186B	5	4	10	8	4350	4177.69270628039	4	3	8	5	4350	4177.69270628039	3	3	4	3
SER185B	3	3	6	6	752	752	3	3	6	4	1	1	1	1	1	1
SER106C	2	1	6	1	752	1	2	1	5	0	1	1	1	1	1	1
GLU271B	6	4	19	6	4638	905.68140309977	5	4	14	7	1222	370.361226441083	2	2	1	1
GLN192B	5	4	10	6	752	376.5	3	2	5	1	1501	564.038865344926	2	2	3	2
TYR236B	9	4	34	12	43112	7881.38309904603	9	4	43	10	518	1	2	1	4	0
ASN210B	4	2	6	1	1	1	1	1	1	1	1	1	1	1	1	1
SER261B	5	1	9	1	1	1	2	1	3	0	1	1	1	1	1	1
ILE251D	5	3	16	7	776	113.570839833249	4	3	15	8	1	1	1	1	1	1
ILE254B	6	3	22	4	1065	533	3	3	6	2	1065	533	4	3	8	4
SER116C	5	2	17	3	114	1	3	1	9	0	114	1	2	1	3	0
VAL122C	8	7	22	16	1059	652.058718453827	5	4	19	9	1	1	1	1	1	1
SER121C	2	2	7	6	1	1	1	1	1	1	1	1	1	1	1	1
PHE212D	3	1	6	1	752	1	2	1	2	0	1	1	1	1	1	1
GLU285C	6	4	18	7	2245	400.806277991909	5	4	14	7	1	1	1	1	1	1
LEU194B	7	7	27	23	2100	1747.5	7	7	31	20	1	1	1	1	1	1
ALA129B	4	4	5	5	42	21.5	2	2	2	2	1	1	1	1	1	1
LEU289B	3	3	5	5	832	811.5	3	3	3	2	1	1	1	1	1	1
GLY108B	8	7	22	12	5009	3436.58031426248	7	6	29	14	934	934	2	2	2	0
TYR107B	5	2	14	3	409	100.865750945948	4	2	11	3	1	1	1	1	1	1
ILE254A	7	4	25	6	7752	5742.71476472026	4	4	9	4	7412	5402.71476472026	2	2	2	1
THR253C	6	6	25	10	9816	5069.17858416531	4	4	19	8	601	301	3	3	5	3
GLN165C	4	4	7	4	3748	681.564492314453	4	4	7	5	1	1	1	1	1	1
PRO153D	3	2	6	4	1	1	1	1	1	1	1	1	1	1	1	1
ARG283B	3	2	10	4	96	55.0955105996332	2	2	5	4	1	1	1	1	1	1
ASN131C	3	3	9	3	752	550.087122800136	3	3	11	3	107	107	2	2	4	0
GLY108D	8	7	22	11	16564	10343.4337751017	7	6	24	10	1	1	1	1	1	1
THR253B	7	7	27	15	30086	15428.0434971434	5	5	23	13	3798	1899.5	4	4	8	7
SER96B	3	1	7	1	752	1	3	1	10	0	1	1	1	1	1	1
SER240D	3	3	13	12	752	752	3	3	12	10	752	752	3	3	5	3
ARG174C	6	4	20	9	1004	305.081699548095	4	3	11	6	1	1	1	1	1	1
HIS214C	5	5	14	11	2726	1144.94609166937	5	5	13	11	1	1	1	1	1	1
ASP208D	4	4	6	5	1	1	1	1	1	1	1	1	1	1	1	1
GLY117B	4	4	12	10	813	422.729622321175	3	3	11	9	1	1	1	1	1	1
THR125B	9	8	29	21	6757	5345.82537141572	7	6	27	17	1	1	1	1	1	1
PRO250D	6	5	13	8	12018	11556.9922463946	6	5	18	9	1	1	1	1	1	1
SER227D	5	3	9	5	3748	2245	5	3	10	3	2248	2245	4	3	4	0
ASN210D	4	2	6	1	1	1	1	1	1	1	1	1	1	1	1	1
GLN136A	7	4	22	5	9680	6535.86995700656	7	4	29	3	2680	1556	3	2	3	0
THR123A	5	4	18	12	1714	454.140895099982	4	3	18	7	1019	688.518819648211	4	3	7	4
GLY226C	3	3	3	3	1501	1501	2	2	3	2	1	1	1	1	1	1
SER227C	4	3	6	4	3748	2246.58886499378	4	3	9	4	2248	2246.58886499378	3	3	3	2
CYS182B	5	3	16	6	985	287.964870240031	4	3	14	6	71	1	2	1	2	0
PRO152A	7	6	22	14	8434	7618.27553629967	6	6	27	19	71	71	3	3	6	4
ARG282D	8	6	24	15	49658	22306.9577700913	6	5	23	14	1	1	1	1	1	1
LEU264B	5	5	15	12	83	83	2	2	3	0	469	120.877793539063	2	2	2	1
MET237D	7	3	25	4	7680	1442.35170163522	6	3	25	4	1	1	1	1	1	1
ILE195B	6	5	24	12	6706	2384.44545104121	6	5	24	11	3711	2384.44545104121	5	5	8	5
PRO223C	5	5	10	8	3680	3259.8341941826	4	4	12	7	1	1	1	1	1	1
THR230C	6	5	14	9	747	479.165805817403	5	4	11	4	16	16	2	2	1	0
ALA276B	5	3	14	7	688	1	3	1	13	0	96	65	4	3	6	1
CYS275B	7	6	20	16	978	503.212286437031	5	5	21	17	538	214.837667634762	3	2	5	2
GLN192D	4	3	9	6	752	283.009306994803	3	3	6	6	1	1	1	1	1	1
ALA119C	4	3	13	8	536	536	2	2	7	6	536	536	2	2	6	5
LYS120C	3	2	6	2	751	751	2	2	4	1	751	751	2	2	2	0
GLU287D	2	2	3	3	1	1	1	1	1	1	1	1	1	1	1	1
THR284D	4	4	6	4	1	1	1	1	1	1	1	1	1	1	1	1
ALA138C	4	4	14	9	675	643.694252934101	3	3	8	4	1	1	1	1	1	1
GLY244B	4	4	12	8	60	60	2	2	7	5	1	1	1	1	1	1
VAL272A	9	9	28	25	8135	7759.20375271456	6	6	26	18	6685	6399.70375271456	5	5	11	4
GLN192A	5	3	10	3	2178	327.4267523564	4	3	8	2	2178	327.4267523564	4	3	4	1
MET246A	7	6	22	16	484	1	6	5	24	14	1	1	1	1	1	1
GLY266B	8	8	23	17	6043	6043	5	5	15	5	201	201	2	2	2	1
TYR103B	5	1	12	1	3105	1	4	1	10	0	887	1	2	1	1	0
GLU286B	4	3	11	7	791	1	3	2	6	3	1	1	1	1	1	1
SER127B	5	4	11	5	1498	797.089900041443	5	4	11	5	1	1	1	1	1	1
ARG202D	3	2	7	2	751	340.226150936445	2	2	1	1	1	1	1	1	1	1
ILE251A	4	3	14	12	751	297.796247285438	3	3	10	10	733	286.296247285438	3	2	7	4
GLY266D	8	8	22	16	4855	4855	5	5	16	6	1	1	1	1	1	1
ARG267D	6	5	14	9	2368	1382.94607014353	4	4	6	3	1	1	1	1	1	1
GLY226D	3	3	4	3	1501	1501	2	2	4	2	1	1	1	1	1	1
VAL225D	2	2	2	2	1	1	1	1	1	1	1	1	1	1	1	1
GLN167C	4	2	5	3	1501	1276.85506495296	2	2	3	3	1	1	1	1	1	1
SER149A	4	2	13	3	864	864	3	2	10	2	1	1	1	1	1	1
ASP268A	4	4	12	10	1501	1033.36721522366	3	3	12	10	1	1	1	1	1	1
LYS101A	3	1	8	1	741	1	2	1	3	0	1	1	1	1	1	1
GLU221B	3	1	6	1	297	1	2	1	4	0	1	1	1	1	1	1
TYR163D	5	4	17	10	13168	665.665425697075	5	4	19	9	1	1	1	1	1	1
HIS115C	4	2	11	4	752	356.157379049895	4	2	10	2	1	1	2	1	3	0
ASN200B	5	2	15	7	1222	366.642312333992	4	2	13	5	1	1	1	1	1	1
LEU130B	4	3	9	6	1746	1039.55048120609	3	3	8	6	1	1	1	1	1	1
LEU264C	6	5	18	13	17	17	3	2	5	0	1	1	1	1	1	1
ASN263A	4	3	13	10	2246	464.955789719129	4	3	11	7	1	1	2	2	5	4
MET169A	7	3	20	5	1636	637	6	3	22	4	1	1	1	1	1	1
LEU206D	5	3	17	7	732	162.852634151073	4	2	15	4	450	162.852634151073	2	2	2	2
LYS132A	4	3	12	5	5889	4279.96263535018	3	3	8	6	3713	2601.4586232271	2	2	3	1
PRO153C	3	2	6	4	1	1	1	1	1	1	1	1	1	1	1	1
PRO98C	5	5	16	9	4753	3091.57307535907	4	4	18	10	1	1	1	1	1	1
ALA161B	6	6	21	16	6530	2825.28847662841	4	4	16	15	2910	1215.05454895879	2	2	4	4
ALA203A	7	7	23	21	748	260.730924059366	5	5	25	19	5	5	3	3	7	3
VAL197A	10	8	30	21	19804	10278.5	8	6	31	16	1	1	1	1	1	1
ASN131D	3	3	10	3	12020	10008.2606668452	3	3	10	3	6104	6104	2	2	5	0
ASP228D	5	2	14	5	2250	1	5	2	15	2	751	1	3	1	4	0
VAL147A	8	6	22	8	638	454.5	6	4	31	4	1	1	1	1	1	1
TYR205B	8	4	29	11	33942	2950.77166843576	8	4	33	8	15682	1	2	1	5	0
GLN165D	4	3	8	5	2844	465.007753605413	4	3	8	5	1	1	1	1	1	1
THR170A	6	5	12	7	2112	551.318778433428	4	3	10	4	1	1	1	1	1	1
ILE251C	5	3	18	10	489	216	4	3	15	9	376	188.5	2	2	3	3
LEU257D	5	3	22	8	7368	3880.5	5	3	24	7	1	1	1	1	1	1
ILE232C	6	5	23	17	2715	1725.25496372982	4	4	17	15	2715	1725.25496372982	4	4	10	7
ARG110C	7	5	17	12	16166	12260.4901946808	7	5	25	14	1	1	1	1	1	1
ALA159A	6	6	22	14	4476	3236.84687516965	4	4	13	8	14	14	2	2	4	1
TYR234A	6	3	22	8	9821	473.594223457952	4	2	12	3	1	1	1	1	1	1
ASN235B	6	5	16	7	15252	8314.06609496154	5	4	14	5	11969	5031.06609496154	4	3	5	2
GLU286A	5	3	14	8	1489	2.09845228118045	4	2	13	4	1	1	1	1	1	1
MET243D	2	1	4	1	1	1	1	1	1	1	1	1	1	1	1	1
LEU265D	6	4	18	9	1481	1481	4	3	11	2	1	1	1	1	1	1
ILE255A	8	4	31	13	14381	744.558901372395	5	2	22	3	1	1	1	1	1	1
CYS135C	7	6	26	18	752	319.710963933405	7	6	35	19	59	38.1193846695597	4	4	9	4
PHE113B	7	4	23	11	9639	9405	5	3	20	3	9611	9405	4	3	8	0
ILE254D	7	4	26	6	12769	8837.4136613947	4	4	9	4	11330	7398.41366139471	3	2	4	1
PRO128B	4	4	9	5	2454	2364.35961875247	3	3	9	4	1	1	1	1	1	1
PRO142A	7	5	19	12	3500	200.13064073138	4	3	8	6	1	1	2	2	4	3
LEU194D	7	7	24	20	974	900.5	7	7	29	20	1	1	1	1	1	1
CYS124D	8	6	30	20	3741	2016.33967080014	7	5	28	16	2263	1727.05506917667	3	3	6	6
GLY108C	9	8	25	13	10635	4929.11922190697	8	7	33	15	1	1	1	1	1	1
ILE195C	6	5	26	13	3186	2036.06377382805	6	5	25	11	1	1	1	1	1	1
LYS139B	6	2	18	4	8966	942.874379405909	5	2	16	4	1	1	2	1	2	0
GLU198D	5	3	15	7	1760	554.915595691088	4	3	10	6	809	312.807951556367	2	2	2	2
ASN200A	5	2	15	7	2092	818.861408032183	4	2	14	5	1	1	1	1	1	1
ILE195D	6	5	25	13	1552	666.653857513339	6	5	25	12	556	1	2	1	3	0
ILE255C	8	4	32	12	12044	3244.70328998243	5	2	22	3	6563	301	3	2	7	2
SER127C	5	4	15	7	3364	1145.06807651473	5	4	18	8	1	1	1	1	1	1
GLU171C	4	2	12	5	752	245.966807457687	3	2	9	5	1	1	1	1	1	1
ASN210A	4	2	6	1	1	1	1	1	1	1	1	1	1	1	1	1
ASP208A	4	4	6	5	1	1	1	1	1	1	1	1	1	1	1	1
ALA189B	6	5	19	11	4358	1189.22833156424	4	3	14	5	5478	904.073843966449	3	2	7	4
PRO177A	4	4	9	8	752	626.028895993025	3	3	9	7	1	1	1	1	1	1
SER185D	3	3	5	5	752	666.949078723846	3	3	5	4	1	1	1	1	1	1
ALA159D	6	6	26	15	5021	3207.98172219149	4	4	17	9	2927	2507.7181919013	3	3	7	2
ARG209A	3	1	4	1	1	1	1	1	1	1	1	1	1	1	1	1
LEU114C	4	3	14	6	682	412.620330818187	3	3	7	4	1	1	1	1	1	1
THR150B	2	2	6	4	752	345.768437472988	2	2	6	4	1	1	1	1	1	1
SER149C	4	2	12	2	774	69	4	2	15	1	1	1	1	1	1	1
THR150C	2	2	5	4	752	282.626407373271	2	2	5	4	1	1	1	1	1	1
GLY154C	5	5	13	11	2242	2242	4	4	12	9	1	1	1	1	1	1
PRO250A	6	5	13	8	6926	6443.63471118707	6	5	18	9	1	1	1	1	1	1
ALA129C	5	5	12	10	270	94.965420123971	3	3	6	6	270	94.965420123971	3	3	4	4
VAL225C	2	2	2	2	1	1	1	1	1	1	1	1	1	1	1	1
ASP208C	4	4	6	5	1	1	1	1	1	1	1	1	1	1	1	1
GLY199B	3	3	6	4	752	752	3	3	6	3	1	1	1	1	1	1
CYS242C	7	5	17	10	154	79.99800914488	4	4	20	14	1	1	1	1	1	1
ASP228C	4	2	10	2	752	2.41113500622173	4	2	11	2	4	2.41113500622173	2	2	2	2
LEU188B	5	4	9	5	2252	1002.17962564327	4	4	7	4	1501	251.179625643267	3	3	3	3
PRO153A	3	2	8	6	1	1	1	1	1	1	1	1	1	1	1	1
GLU285B	6	4	16	6	6052	888.021184896323	5	4	11	7	1	1	1	1	1	1
SER149B	4	2	13	2	754	7	4	2	16	1	1	1	1	1	1	1
THR230D	6	6	12	11	766	766	4	4	5	3	1	1	1	1	1	1
GLU286D	5	3	12	7	752	1	4	2	9	3	1	1	1	1	1	1
LEU289D	3	3	5	5	754	753	3	3	4	2	1	1	1	1	1	1
GLN165B	3	3	6	5	752	159.361403080511	3	3	7	5	1	1	1	1	1	1
LEU252D	6	5	14	7	4382	3724.54582400735	5	4	13	5	1666	1008.54582400735	2	2	1	1
GLN100D	4	2	13	4	3105	658.454175992649	3	2	7	3	1666	658.454175992649	2	2	1	1
SER185A	2	1	6	1	752	1	2	1	5	0	1	1	1	1	1	1
PRO219A	3	3	8	8	2490	1310.80155794962	2	2	2	2	2490	1310.80155794962	2	2	2	1
ARG174B	4	3	13	7	722	159.933529142593	2	2	4	4	1	1	1	1	1	1
ALA161A	5	5	19	13	717	313.012393365557	3	3	10	9	876	543.276137319571	4	4	7	3
SER215D	6	3	21	7	13905	3550.13682524422	5	3	17	5	7043	3550.13682524422	3	2	5	2
THR284A	4	4	7	5	1	1	1	1	1	1	1	1	1	1	1	1
ALA129A	5	4	11	10	5	3	3	2	8	3	1	1	1	1	1	1
GLU287A	2	1	3	1	1	1	1	1	1	1	1	1	1	1	1	1
ALA203B	8	8	24	21	751	488.837570988282	6	6	30	21	1	1	1	1	1	1
LYS164D	4	2	12	3	9372	3884.27317876648	4	2	13	3	1	1	1	1	1	1
PRO250B	6	5	13	8	4062	3903.63859691949	6	5	18	9	1	1	1	1	1	1
PRO153B	3	2	6	4	1	1	1	1	1	1	1	1	1	1	1	1
ALA119A	4	3	10	5	1351	1351	2	2	5	4	1	1	1	1	1	1
LYS120A	2	1	3	1	1	1	1	1	1	1	1	1	1	1	1	1
MET160D	6	2	17	3	1477	1152	4	2	12	2	8	1	2	1	2	0
ASN131B	3	3	10	3	5684	4859.73082309649	3	3	11	3	3178	3178	2	2	4	0
GLY112C	5	5	19	14	22152	17817.2212869787	3	3	9	4	44940	40605.2212869787	4	4	10	7
ASN210C	4	2	6	1	1	1	1	1	1	1	1	1	1	1	1	1
LEU188D	5	3	8	3	2252	377.820871854302	4	3	6	3	752	376.5	2	2	1	1
GLU258C	5	2	22	5	3890	447.559615582864	5	2	22	4	1	1	1	1	1	1
ALA129D	4	4	6	5	3	2	2	2	2	2	1	1	1	1	1	1
ASP281A	4	3	15	7	752	164.908815867792	3	3	8	6	1	1	1	1	1	1
SER116B	4	2	10	3	457	1	2	1	4	0	233	233	2	2	1	0
SER241D	4	3	10	6	2	1	2	1	2	0	742	742	2	2	3	1
VAL97D	5	5	8	7	1197	1196.5	4	4	8	3	1	1	1	1	1	1
PRO222A	5	2	13	1	1	1	2	1	4	0	444	438	3	2	3	0
SER95A	3	3	5	4	752	203.681221566572	3	3	4	2	1	1	1	1	1	1
GLY262A	4	4	8	7	749	749	2	2	3	2	1	1	1	1	1	1
LEU194C	6	6	24	20	4116	3249	6	6	26	20	1	1	1	1	1	1
ARG248C	3	2	5	2	832	44	3	2	5	0	1	1	1	1	1	1
SER241C	3	2	7	5	44	1	2	1	2	0	1	1	1	1	1	1
PRO191A	4	3	12	7	5502	1	2	1	5	0	1	1	1	1	1	1
ASP207C	4	3	10	9	773	100.575361010641	3	3	9	9	1	1	1	1	1	1
SER166A	2	2	3	2	1	1	1	1	1	1	1	1	1	1	1	1
ARG280A	4	2	11	2	196	128.015090120164	2	2	2	1	1	1	1	1	1	1
VAL143A	5	5	20	16	825	759.5	3	3	9	7	1	1	1	1	1	1
MET160A	6	2	14	2	910	833	4	2	11	1	1192	833	5	2	6	0
SER121D	2	2	8	7	1	1	1	1	1	1	1	1	1	1	1	1
THR102A	2	2	6	3	1	1	1	1	1	1	1	1	1	1	1	1
THR102B	2	2	4	1	1	1	1	1	1	1	1	1	1	1	1	1
SER260C	4	2	9	1	748	1	2	1	3	0	1	1	1	1	1	1
GLN104D	3	1	11	1	696	1	2	1	6	0	1	1	1	1	1	1
PHE113A	6	3	20	4	13168	12897	5	3	22	3	12271	12000	3	2	4	0
GLN167B	3	1	3	1	1	1	1	1	1	1	1	1	1	1	1	1
GLN165A	4	4	8	6	3748	674.916274820523	4	4	8	6	1	1	1	1	1	1
ASN131A	3	3	9	3	2288	2025.2402318627	3	3	11	3	1452	1452	2	2	2	0
ARG202A	4	3	8	4	4240	2930.19844205038	3	3	2	1	2494	1180.19844205038	3	2	3	1
LYS101B	3	1	8	1	736	1	2	1	3	0	17	1	2	1	4	0
HIS178D	5	2	11	2	2248	1	2	1	7	0	1	1	1	1	1	1
GLY187B	5	4	9	8	1638	809.127668076343	4	3	8	5	183	105.127668076343	2	2	2	2
MET243C	2	1	4	1	1	1	1	1	1	1	1	1	1	1	1	1
ARG196C	7	5	24	12	2609	1748.59351062391	6	5	24	13	1057	804.081451683298	3	3	5	4
GLU180B	2	2	4	3	752	376.5	2	2	2	1	1	1	1	1	1	1
SER269A	2	1	3	1	1	1	1	1	1	1	1	1	1	1	1	1
VAL143C	6	6	23	17	624	578.5	4	4	13	9	131	131	2	2	3	2
GLY117C	6	6	24	17	18490	8828.39754486203	5	5	26	19	16081	7331.21855643232	3	3	9	8
LEU289A	5	5	9	8	1501	1494	4	4	10	7	1	1	1	1	1	1
LEU145D	8	8	34	24	907	461	7	7	33	19	1	1	1	1	1	1
PRO219D	3	3	7	7	751	411.773849063555	2	2	1	1	1	1	1	1	1	1
SER96A	3	2	4	4	1	1	2	1	2	0	1	1	1	1	1	1
THR102C	2	2	4	1	1	1	1	1	1	1	1	1	1	1	1	1
SER269C	2	1	3	1	1	1	1	1	1	1	752	1	2	1	2	0
SER215A	5	2	18	5	15302	4144.22406603733	4	2	13	4	833	1	2	1	4	0
SER121A	2	2	7	6	1	1	1	1	1	1	1	1	1	1	1	1
ALA138A	4	4	14	9	683	422.167070730235	3	3	8	4	1	1	1	1	1	1
SER241B	4	3	13	6	3	1	2	1	2	0	1	1	1	1	1	1
LEU201D	2	2	4	2	752	376.5	2	2	3	2	752	376.5	2	2	1	1
ARG248A	2	1	5	1	752	1	2	1	5	0	1	1	1	1	1	1
ARG209C	3	1	4	1	1	1	1	1	1	1	1	1	1	1	1	1
SER96D	3	2	7	4	752	1	3	2	10	3	1	1	1	1	1	1
SER106B	2	1	6	1	752	1	2	1	5	0	1	1	1	1	1	1
THR284B	4	4	7	4	1	1	1	1	1	1	1	1	1	1	1	1
ARG248B	3	2	7	3	752	3	3	2	6	0	1	1	1	1	1	1
SER240B	4	3	17	12	726	726	3	3	12	10	1	1	2	2	3	0
ASN288A	2	1	4	1	1	1	1	1	1	1	1	1	1	1	1	1
ARG280D	3	1	9	1	1	1	1	1	1	1	1	1	1	1	1	1
GLU221A	3	1	7	1	507	1	2	1	4	0	944	1	3	1	5	0
SER166C	2	2	3	2	1	1	1	1	1	1	1	1	1	1	1	1
GLU180A	2	2	4	2	752	425.5732476436	2	2	3	2	752	425.5732476436	2	2	3	2
ARG280C	3	1	10	1	1	1	1	1	1	1	1	1	1	1	1	1
ARG248D	3	2	7	3	752	2	3	2	6	0	1	1	1	1	1	1
GLU287B	2	2	3	3	1	1	1	1	1	1	1	1	1	1	1	1
SER106D	4	1	12	1	5978	1	4	1	12	0	1	1	1	1	1	1
ARG209D	3	1	4	1	1	1	1	1	1	1	1	1	1	1	1	1
MET243A	2	1	4	1	1	1	1	1	1	1	1	1	1	1	1	1
LEU114A	4	3	14	8	966	570.36935926862	3	3	8	6	15	1	2	1	1	0
CYS182D	3	3	4	1	1	1	1	1	1	1	1	1	1	1	1	1
ALA119B	4	3	10	5	1501	1501	2	2	5	4	1	1	1	1	1	1
LEU201B	2	1	4	1	752	1	2	1	3	0	1	1	1	1	1	1
PHE212A	2	1	4	1	1	1	1	1	1	1	1	1	1	1	1	1
SER166B	2	2	2	1	1	1	1	1	1	1	1	1	1	1	1	1
SER185C	4	3	9	5	752	1	4	3	10	3	752	1	2	1	2	0
ARG181D	2	1	2	1	1	1	1	1	1	1	1	1	1	1	1	1
THR102D	2	2	4	1	1	1	1	1	1	1	1	1	1	1	1	1
LYS101C	3	1	8	1	739	1	2	1	3	0	14	1	2	1	4	0
LYS120B	2	1	3	1	1	1	1	1	1	1	1	1	1	1	1	1
SER269B	2	1	3	1	1	1	1	1	1	1	752	1	2	1	2	0
LYS120D	2	1	3	1	1	1	1	1	1	1	1	1	1	1	1	1
HIS115A	1	1	1	1	1	1	1	1	1	1	1	1	1	1	1	1
LEU201A	1	1	1	1	1	1	1	1	1	1	1	1	1	1	1	1
GLU224A	1	1	1	1	1	1	1	1	1	1	1	1	1	1	1	1
ASN247A	1	1	1	1	1	1	1	1	1	1	1	1	1	1	1	1
HIS115B	1	1	1	1	1	1	1	1	1	1	1	1	1	1	1	1
GLU224B	1	1	1	1	1	1	1	1	1	1	1	1	1	1	1	1
ASN247B	1	1	1	1	1	1	1	1	1	1	1	1	1	1	1	1
ASN288B	1	1	1	1	1	1	1	1	1	1	1	1	1	1	1	1
LEU201C	1	1	1	1	1	1	1	1	1	1	1	1	1	1	1	1
GLU224C	1	1	1	1	1	1	1	1	1	1	1	1	1	1	1	1
ASN247C	1	1	1	1	1	1	1	1	1	1	1	1	1	1	1	1
GLU180D	1	1	1	1	1	1	1	1	1	1	1	1	1	1	1	1
GLU224D	1	1	1	1	1	1	1	1	1	1	1	1	1	1	1	1
ASN247D	1	1	1	1	1	1	1	1	1	1	1	1	1	1	1	1
ASN288D	1	1	1	1	1	1	1	1	1	1	1	1	1	1	1	1
ARG181A	1	1	1	1	1	1	1	1	1	1	1	1	1	1	1	1
