Degree	Degree_sidechain	SecondOrderDegree	SecondOrderDegree_sidechain	NodeEdgeBetweennessSTRIDE	NodeEdgeBetweennessSTRIDE_sidechain	IntermodularDegreeSTRIDE	IntermodularDegreeSTRIDE_sidechain	SecondOrderIntermodularDegreeSTRIDE	SecondOrderIntermodularDegreeSTRIDE_sidechain	NodeEdgeBetweennessWALKTRAP	NodeEdgeBetweennessWALKTRAP_sidechain	IntermodularDegreeWALKTRAP	IntermodularDegreeWALKTRAP_sidechain	SecondOrderIntermodularDegreeWALKTRAP	SecondOrderIntermodularDegreeWALKTRAP_sidechain
ARG3A	7	6	16	9	1474	1141.81501362043	5	5	15	10	1061	728.815013620434	2	2	4	3
GLU35A	3	2	7	1	218	2	3	2	6	0	2	2	2	2	1	0
ALA147A	8	7	28	16	1066	593.852429421227	5	5	13	7	299	299	2	2	4	2
PHE179A	6	3	20	4	1416	961	5	3	12	1	1287	961	5	3	8	1
ARG82A	6	3	14	4	1	1	2	1	3	0	1	1	1	1	1	1
GLU66A	6	3	12	5	2208	488.882933260607	4	3	5	1	1273	1	3	1	2	0
GLU182A	3	2	11	6	1	1	1	1	1	1	278	67.6525146161332	2	2	4	4
VAL178A	7	7	19	11	42	21.5	3	3	8	7	347	259.847485383867	5	5	9	7
ALA194A	6	6	18	15	831	432.023383492163	3	3	7	6	6	2.67721900228812	2	2	3	2
LEU223A	5	4	18	10	218	124.798931322662	4	4	8	8	32	20.8178448197232	4	3	6	4
ARG148A	3	2	8	2	574	1	2	1	4	0	574	1	2	1	4	0
ALA184A	6	5	15	8	814	531	5	4	16	5	1	1	1	1	1	1
ASN185A	4	1	10	1	218	1	3	1	6	0	1	1	1	1	1	1
GLU76A	3	3	5	4	1	1	1	1	1	1	1	1	1	1	1	1
GLY78A	5	5	7	5	646	371.305862602747	3	3	3	3	646	371.305862602747	2	2	2	2
ALA13A	8	8	19	14	2523	2523	4	4	11	5	1	1	1	1	1	1
ASP21A	4	2	12	1	1911	190.558928695636	3	2	6	1	1	1	1	1	1	1
LEU100A	8	6	26	9	1634	1423.5	5	5	16	5	1634	1423.5	5	5	13	5
LYS124A	6	1	25	1	3036	1	5	1	15	0	1714	1	4	1	9	0
ILE7A	6	3	18	7	5699	2227.04508826873	4	2	11	4	4188	2227.04508826873	3	2	8	3
LEU43A	6	4	14	5	3100	2045.84129540996	5	4	14	4	3100	2045.84129540996	5	4	9	3
ILE157A	7	4	20	8	3442	1490.56283287261	5	3	16	6	1	1	1	1	1	1
VAL118A	8	8	22	18	3782	2785.84912756441	6	6	20	12	218	218	3	3	7	6
LEU193A	7	6	20	15	5061	3402.19629989475	4	4	10	6	5061	3402.19629989475	4	4	10	6
THR197A	8	6	25	17	178	86.0049361779887	4	4	11	11	178	86.0049361779887	5	4	9	6
LYS27A	5	2	19	1	670	1	3	1	8	0	670	1	3	1	4	0
TYR48A	9	3	31	5	2533	234	7	3	19	2	1783	234	4	2	11	0
ASP204A	6	5	16	10	8620	1863.49316945054	6	5	18	8	1	1	1	1	1	1
THR165A	10	7	27	18	8062	4412.24057638758	8	5	34	20	1	1	1	1	1	1
ARG18A	4	2	11	1	1496	664.441071304364	4	2	7	1	1	1	1	1	1	1
LEU227A	6	5	13	10	1474	827.653835510125	5	4	9	3	1	1	2	2	3	2
ARG85A	6	5	14	5	1885	1334.11706673939	3	2	6	2	1792	933.195770626378	2	2	4	2
GLU86A	4	2	12	2	1	1	1	1	1	1	1669	1	2	1	2	0
GLN55A	8	5	23	13	4999	2885.02990581182	4	4	6	6	1	1	2	1	2	0
GLU91A	5	2	18	4	1808	436.219631721374	2	2	3	3	1	1	1	1	1	1
GLU133A	6	3	22	5	5928	1546.07656486861	4	3	9	3	5928	1546.07656486861	4	3	10	5
VAL134A	7	7	22	15	2002	1067.514739593	5	5	12	8	1292	835.802980498324	4	4	8	4
LEU205A	7	7	19	15	374	214.444093829677	7	7	24	15	1	1	1	1	1	1
SER216A	6	3	20	8	218	104	5	2	24	4	1	1	1	1	1	1
ARG129A	9	5	30	7	5119	2767.27089967078	5	3	17	6	910	662.770899670784	3	2	7	3
GLY125A	10	10	31	17	2696	1900.64632278491	4	4	12	10	1	1	1	1	1	1
GLU188A	3	1	6	1	1	1	1	1	1	1	1	1	1	1	1	1
PRO187A	6	4	14	3	252	252	3	3	6	2	1	1	1	1	1	1
ARG117A	6	4	20	11	5085	2256.39912109713	4	4	14	10	3355	2006.96195396974	3	3	5	4
ILE108A	5	3	18	5	218	82	5	3	17	3	158	22	3	2	5	0
ASP126A	6	5	18	7	724	325.246634431616	3	3	8	6	241	113.858541757988	2	2	3	3
TYR151A	7	4	24	11	10674	2467.61609887538	6	4	17	7	4827	1	3	1	9	0
ALA135A	7	7	16	14	1410	1164.28824090533	6	6	15	11	1	1	1	1	1	1
LYS140A	3	2	9	2	433	1	2	1	5	0	1	1	1	1	1	1
ALA150A	9	7	27	20	2238	1874.99705624485	4	4	11	6	1	1	1	1	1	1
SER146A	5	2	14	2	1	1	1	1	1	1	1	1	1	1	1	1
ALA23A	8	8	23	16	2786	1902.09103838456	4	4	12	8	2786	1902.09103838456	4	4	8	6
ALA47A	7	6	24	18	2525	2172.90896161544	3	3	9	6	2525	2172.90896161544	3	3	6	5
GLU14A	4	2	14	5	218	1	3	2	8	2	1	1	2	2	2	2
MET22A	8	4	25	8	4450	1257.15870459004	7	4	16	6	2660	1040.15870459004	4	3	8	5
ALA58A	6	6	19	16	22	11.5	2	2	3	3	203	27.7321638571692	3	3	3	2
TRP59A	7	4	16	7	3207	231.209296762715	4	2	9	4	2616	231.209296762715	3	2	7	3
THR217A	5	5	7	7	56	28.5	2	2	6	6	1	1	1	1	1	1
TYR213A	3	1	8	1	1011	1	2	1	6	0	1	1	1	1	1	1
TYR128A	5	1	21	1	464	1	3	1	8	0	322	1	2	1	4	0
GLY53A	7	7	18	15	1	1	1	1	1	1	453	399.871865034645	2	2	3	2
LYS49A	6	1	19	1	1	1	3	1	10	0	1	1	3	1	10	0
MET155A	6	4	21	12	7754	2152.10862871509	5	4	14	7	7754	2152.10862871509	5	4	15	8
ASP156A	2	2	1	1	1	1	1	1	1	1	1	1	1	1	1	1
GLN152A	2	2	1	1	1	1	1	1	1	1	1	1	1	1	1	1
LEU121A	6	5	20	11	1603	795.784368752617	5	4	10	4	1	1	1	1	1	1
GLU31A	5	2	17	1	26	1	2	1	3	0	26	1	2	1	2	0
GLU40A	6	5	15	10	8212	2554.81959723906	6	5	20	12	7850	2468.04353915024	5	4	10	5
LEU62A	5	4	11	8	318	233.323458009884	4	4	6	4	1	1	1	1	1	1
ALA190A	9	8	21	13	1382	1257.7065755716	6	6	18	8	939	939	2	2	3	0
ASN42A	2	1	5	1	1	1	1	1	1	1	1	1	1	1	1	1
VAL46A	6	6	11	7	1	1	3	3	8	4	1	1	3	3	4	3
VAL99A	8	7	25	15	1980	1980	4	4	14	4	1749	1749	3	3	8	2
ALA173A	8	8	28	24	218	68.6950713901552	4	4	10	9	218	68.6950713901552	4	4	11	9
ALA154A	7	7	23	21	3182	1382.33545903925	3	3	10	9	1802	584.119827791868	2	2	6	6
LEU172A	9	7	29	20	14621	14037.8801722081	7	7	23	16	14621	14037.8801722081	7	7	14	8
THR98A	6	5	21	13	437	437	3	3	8	2	437	437	2	2	2	0
SER69A	4	3	8	4	857	1	2	1	3	0	1061	1061	2	2	2	0
SER74A	4	3	4	3	1506	1074	4	3	3	0	218	218	2	2	1	0
ILE168A	2	1	7	1	218	1	2	1	5	0	218	1	2	1	2	0
SER149A	5	3	11	2	1	1	1	1	1	1	1	1	1	1	1	1
TYR127A	8	3	29	3	2148	1	7	3	20	2	2148	1	7	3	16	1
SER212A	4	2	10	3	1078	31.207519180735	3	2	9	3	1	1	1	1	1	1
ARG60A	4	3	16	5	2412	1602.79061759389	2	2	3	2	2412	1602.79061759389	3	3	7	5
ALA111A	8	8	17	14	7017	5093.40073400236	7	7	22	14	6801	4877.40073400236	4	4	10	7
SER186A	5	3	15	5	524	387	5	3	13	3	1	1	1	1	1	1
TYR84A	3	1	8	1	21	1	2	1	3	0	1	1	1	1	1	1
VAL88A	6	6	14	10	847	687.176541990116	4	4	7	5	1	1	2	2	4	2
LEU107A	6	5	22	9	576	515.835226106602	6	5	23	13	387	326.835226106602	3	3	8	6
GLU75A	2	1	3	1	218	1	2	1	3	0	218	1	2	1	1	0
ASN175A	5	4	16	6	1132	357.370558571228	4	4	9	5	1132	357.370558571228	4	4	6	3
SER209A	4	4	4	2	650	619.792480819265	4	4	4	1	1	1	1	1	1	1
TYR181A	3	1	13	1	218	1	3	1	11	0	1	1	1	1	1	1
MET220A	5	4	16	9	2512	1381.37076281877	5	4	14	6	939	726.093284122268	2	2	4	3
PHE198A	7	4	16	3	1584	501.560083113542	3	3	5	4	1584	501.560083113542	5	4	6	2
LEU36A	7	6	26	15	10120	4259.05681373935	7	6	29	19	9681	4039.55681373935	5	4	17	9
TYR120A	6	4	22	11	8362	2532.99910781817	6	4	27	14	8362	2532.99910781817	6	4	17	9
GLY101A	8	8	20	15	857	857	2	2	2	1	1	1	1	1	1	1
SER105A	4	2	9	1	1073	217	3	2	3	0	1	1	1	1	1	1
ALA24A	5	5	15	9	1	1	1	1	1	1	1	1	1	1	1	1
ALA16A	5	5	3	2	860	860	3	3	4	1	1	1	1	1	1	1
GLU17A	2	1	4	1	218	1	2	1	2	0	1	1	1	1	1	1
GLY73A	3	3	3	3	433	433	2	2	3	2	1	1	1	1	1	1
ALA4A	3	3	7	7	1	1	1	1	1	1	1	1	1	1	1	1
SER5A	3	2	2	1	218	218	2	2	1	0	1	1	1	1	1	1
GLU20A	4	1	13	1	218	1	2	1	4	0	218	1	2	1	3	0
ASP104A	4	1	9	1	218	1	3	1	4	0	1	1	1	1	1	1
ALA203A	5	4	9	6	204	1	3	2	6	4	3	3	2	2	1	0
ASP199A	3	2	8	4	1	1	1	1	1	1	3	1	2	1	1	0
LEU44A	7	6	27	13	1842	1057.5	5	5	20	15	1842	1057.5	4	4	10	8
VAL30A	10	7	25	13	712	349.20521129647	6	5	21	15	258	129.70521129647	4	4	7	7
ARG56A	9	5	20	4	10556	7351.1328175375	4	3	9	3	8087	7351.1328175375	5	4	12	5
ILE144A	6	3	18	4	631	57	4	2	13	2	444	57	3	2	8	2
HIS180A	5	3	14	2	319	210	4	2	10	0	482	397.151096827294	2	2	3	2
PHE176A	4	3	11	5	673	299	3	2	9	3	1154	383.848903172706	4	3	7	1
LEU92A	5	5	18	12	4656	3501.05239438297	3	3	6	5	1	1	1	1	1	1
ALA201A	9	9	24	18	2953	1259.13860098969	5	5	20	13	1	1	3	3	8	6
ARG41A	7	6	17	12	1924	1591.6189120004	7	6	21	12	1854	1521.6189120004	6	5	16	8
PHE119A	4	3	12	5	632	550.381087999602	3	3	7	5	632	550.381087999602	3	3	6	4
LEU208A	7	7	16	14	3482	2885.14063355924	7	7	22	14	1	1	1	1	1	1
ALA10A	9	8	23	12	228	228	4	4	13	6	1	1	1	1	1	1
GLY28A	8	8	21	15	121	37.0674215086856	2	2	5	5	1	1	1	1	1	1
LYS32A	5	2	12	3	236	1	4	2	11	2	1	1	1	1	1	1
LYS122A	6	3	22	5	154	1	4	2	11	3	154	1	4	2	10	3
GLU189A	3	1	11	1	210	1	2	1	3	0	1	1	1	1	1	1
ASN166A	5	2	17	1	977	236	3	2	6	1	471	236	2	2	2	1
PRO163A	6	3	17	4	1636	1636	4	2	15	2	1636	1636	2	2	2	0
ALA57A	6	4	16	11	1	1	1	1	1	1	453	54.1281349653554	4	3	7	4
GLY54A	6	6	18	17	1	1	1	1	1	1	203	176.267836142831	3	3	5	4
ILE191A	5	3	15	6	218	1.25993085055611	4	2	13	3	1	1	1	1	1	1
THR231A	4	4	13	11	236	235.740069149444	4	4	13	9	1	1	1	1	1	1
LEU170A	8	6	28	18	484	408.5	6	6	22	13	152	76.5	2	2	4	3
ARG169A	7	5	17	8	6768	3341	6	5	17	4	3645	218	4	3	5	0
PRO164A	7	4	24	10	7441	3870.00350329428	5	2	19	4	1	1	1	1	1	1
GLU80A	5	4	7	6	1	1	3	3	3	2	218	61.5870156594406	3	2	3	2
LYS77A	4	1	6	1	1	1	2	1	2	0	1	1	1	1	1	1
ALA29A	7	6	21	16	2214	1512	3	2	8	1	1	1	1	1	1	1
LEU174A	8	4	20	4	582	343.059823650565	4	4	6	6	179	90	2	2	2	2
LEU222A	2	2	7	3	218	46.9590898464961	2	2	3	3	1	1	1	1	1	1
LEU102A	5	3	19	7	470	153.5	4	3	11	4	281	153.5	3	3	4	3
ARG224A	3	2	7	3	646	358.34663276419	2	2	2	2	1078	358.34663276419	3	2	5	3
TYR130A	6	2	23	1	8844	1	5	2	10	0	8844	1	5	2	11	0
CYS96A	7	5	22	7	123	33.5459218694558	4	4	14	6	123	33.5459218694558	4	4	13	6
ALA132A	9	8	25	16	638	399	5	4	15	4	23	23	2	2	4	2
LEU131A	7	4	26	9	953	709.954078130544	5	4	14	8	953	709.954078130544	4	4	9	8
ILE65A	3	2	5	3	176	1	2	1	2	0	1	1	1	1	1	1
VAL61A	4	4	9	7	1	1	1	1	1	1	1	1	1	1	1	1
ILE183A	7	4	24	8	862	498	6	3	18	4	576	498	5	3	8	3
ASP113A	4	1	9	1	130	1	3	1	7	0	130	1	3	1	4	0
GLY112A	3	3	8	7	1	1	1	1	1	1	1	1	1	1	1	1
PRO79A	5	4	10	5	646	275.694137397253	2	2	2	2	863	432.107121737813	3	3	3	2
ASP225A	2	2	1	1	1	1	1	1	1	1	2	1.4484094789871	2	2	1	1
GLN221A	2	2	1	1	1	1	1	1	1	1	2	1.5515905210129	2	2	1	1
THR207A	4	4	9	9	630	497.761943792491	3	3	11	10	1	1	1	1	1	1
LYS159A	2	1	6	1	218	1	2	1	5	0	218	1	2	1	3	0
VAL95A	8	6	28	15	1525	1167.69806808383	4	4	13	9	1	1	1	1	1	1
LYS214A	3	2	5	1	1	1	1	1	1	1	1	1	1	1	1	1
VAL51A	8	8	25	20	809	809	5	5	9	6	809	809	4	4	6	3
GLY137A	3	3	3	3	5	5	2	2	1	0	1	1	1	1	1	1
THR136A	3	3	7	7	1	1	1	1	1	1	1	1	1	1	1	1
ASN50A	3	3	7	5	443	443	2	2	2	0	443	443	2	2	2	0
SER116A	5	4	15	9	532	54.6373120278949	4	3	14	6	532	54.6373120278949	4	3	10	3
MET162A	6	3	18	10	4258	1387.16726792248	6	3	21	9	1636	1	3	1	4	0
GLY171A	8	8	27	21	335	335	3	3	5	2	1	1	2	2	3	1
GLU161A	3	3	10	8	218	38.3004367460318	2	2	4	4	1	1	1	1	1	1
LEU6A	7	6	18	12	1468	1326.85427236046	6	6	12	6	1	1	1	1	1	1
PHE25A	7	2	19	2	226	2	4	2	10	1	1	1	1	1	1	1
ALA114A	7	6	18	7	900	472.683167767082	5	5	12	5	130	130	2	2	2	0
GLN93A	6	3	20	9	1056	226.987722738961	3	2	8	4	1056	226.987722738961	3	2	6	3
HIS106A	3	2	3	2	217	1	2	1	2	0	1	1	1	1	1	1
SER37A	4	3	9	4	650	493.223941911179	4	3	12	4	1	1	1	1	1	1
SER177A	6	3	23	8	2663	1	4	1	14	0	2663	1	4	1	6	0
PRO167A	6	4	18	8	1502	1135	5	4	12	5	1	1	1	1	1	1
GLY33A	4	4	12	8	256	256	4	4	10	5	1	1	1	1	1	1
GLU153A	6	3	19	9	205	1	2	1	4	0	1	1	1	1	1	1
VAL52A	7	7	23	14	4852	4852	3	3	10	3	4852	4852	3	3	10	3
GLU2A	2	1	2	1	218	1	2	1	1	0	1	1	1	1	1	1
HIS206A	3	3	5	5	204	204	2	2	2	1	1	1	1	1	1	1
TYR19A	4	1	12	1	1034	1	3	1	5	0	1034	1	3	1	4	0
GLY94A	7	7	17	12	1	1	1	1	1	1	1	1	1	1	1	1
MET202A	6	1	17	1	374	1	3	1	10	0	1	1	2	1	4	0
LEU103A	7	5	21	9	3216	3156	5	4	15	3	3156	3156	4	4	10	3
ASN70A	3	2	7	3	1	1	1	1	1	1	213	213	2	2	2	0
ILE219A	3	2	11	4	702	368	3	2	6	3	1	1	1	1	1	1
TRP230A	8	7	18	13	242	139.293424428398	7	6	18	8	1	1	3	3	7	4
GLU89A	5	3	16	7	1971	1971	3	2	7	1	3762	2829.80422937362	5	3	7	2
GLN15A	2	1	4	1	1	1	1	1	1	1	1	1	1	1	1	1
THR90A	6	4	13	3	1	1	1	1	1	1	1886	1886	3	3	2	0
LEU12A	3	1	9	1	1	1	1	1	1	1	1	1	1	1	1	1
MET26A	7	3	21	7	401	16	5	3	16	7	288	16	4	3	11	6
SER158A	5	3	18	7	8688	4032	5	3	21	6	7678	3428	3	2	9	2
ASP211A	3	2	4	1	1	1	2	1	3	0	1	1	1	1	1	1
SER63A	2	2	6	3	1	1	1	1	1	1	1	1	1	1	1	1
ARG142A	3	2	5	1	1	1	1	1	1	1	1	1	1	1	1	1
ASP139A	3	2	3	1	5	1	2	1	1	0	1	1	1	1	1	1
THR196A	5	5	13	11	1	1	1	1	1	1	1	1	1	1	1	1
MET123A	3	1	12	1	1620	1	3	1	7	0	1620	1	3	1	5	0
VAL81A	4	4	9	6	562	562	3	3	4	2	1	1	1	1	1	1
LYS9A	5	2	17	2	201	88.2073447962181	3	2	6	2	1	1	1	1	1	1
MET1A	4	3	9	5	612	217.870961334632	4	3	10	6	1	1	1	1	1	1
SER192A	3	2	5	1	1	1	1	1	1	1	1	1	1	1	1	1
LEU229A	2	1	2	1	1	1	1	1	1	1	1	1	1	1	1	1
THR228A	3	3	2	2	1	1	1	1	1	1	433	433	2	2	2	1
LYS195A	4	1	10	1	224	1	2	1	4	0	1	1	1	1	1	1
LYS11A	3	1	9	1	218	1	2	1	4	0	218	1	2	1	4	0
GLU115A	4	2	14	1	962	236	3	2	8	1	962	236	3	2	6	1
ASP97A	3	1	11	1	1	1	1	1	1	1	1	1	1	1	1	1
GLU72A	2	1	2	1	1	1	1	1	1	1	1	1	1	1	1	1
GLU34A	3	1	8	1	218	1	3	1	7	0	1	1	1	1	1	1
LYS109A	3	3	3	2	218	218	3	3	3	0	1	1	1	1	1	1
ASP145A	3	2	6	2	1	1	1	1	1	1	1	1	1	1	1	1
GLU110A	3	1	8	1	218	1	3	1	8	0	2	1	2	1	1	0
GLU83A	3	3	6	5	1	1	1	1	1	1	1	1	2	2	2	1
GLU39A	2	1	3	1	218	1	2	1	3	0	1	1	1	1	1	1
ASN226A	4	3	15	8	220	110.5	3	3	5	5	220	110.5	3	3	5	5
LYS87A	2	1	5	1	1	1	1	1	1	1	218	1	2	1	2	0
SER45A	2	1	3	1	218	1	2	1	2	0	218	1	2	1	2	0
GLU200A	2	1	8	1	1	1	1	1	1	1	1	1	1	1	1	1
LEU218A	2	1	4	1	1	1	1	1	1	1	1	1	1	1	1	1
GLU210A	2	1	3	1	218	1	2	1	3	0	1	1	1	1	1	1
ASP215A	2	1	5	1	218	1	2	1	4	0	1	1	1	1	1	1
ILE143A	3	2	12	6	218	15	3	2	9	5	1	1	1	1	1	1
SER0A	1	1	1	1	1	1	1	1	1	1	1	1	1	1	1	1
GLN8A	1	1	1	1	1	1	1	1	1	1	1	1	1	1	1	1
SER64A	1	1	1	1	1	1	1	1	1	1	1	1	1	1	1	1
GLN67A	1	1	1	1	1	1	1	1	1	1	1	1	1	1	1	1
LYS68A	1	1	1	1	1	1	1	1	1	1	1	1	1	1	1	1
GLU71A	1	1	1	1	1	1	1	1	1	1	1	1	1	1	1	1
LYS141A	1	1	1	1	1	1	1	1	1	1	1	1	1	1	1	1
LYS160A	1	1	1	1	1	1	1	1	1	1	1	1	1	1	1	1
