Degree	Degree_sidechain	SecondOrderDegree	SecondOrderDegree_sidechain	NodeEdgeBetweennessSTRIDE	NodeEdgeBetweennessSTRIDE_sidechain	IntermodularDegreeSTRIDE	IntermodularDegreeSTRIDE_sidechain	SecondOrderIntermodularDegreeSTRIDE	SecondOrderIntermodularDegreeSTRIDE_sidechain	NodeEdgeBetweennessWALKTRAP	NodeEdgeBetweennessWALKTRAP_sidechain	IntermodularDegreeWALKTRAP	IntermodularDegreeWALKTRAP_sidechain	SecondOrderIntermodularDegreeWALKTRAP	SecondOrderIntermodularDegreeWALKTRAP_sidechain
ARG3A	0.918655664459367	1.12433546584725	0.270857319369937	0.449275226313322	0.0356846762597863	0.315301905305947	1.03059286590442	1.6021900509245	1.02257081363123	1.61613365396763	0.106802458526519	0.23330245696876	-0.107756463752498	0.188070197458143	0.0933077971570796	0.568783767989022
GLU35A	-0.926678858035431	-0.729407596123125	-0.882794226094608	-0.993423580696299	-0.500941522487068	-0.490358878066363	-0.125682056817613	-0.317100114245474	-0.311217204148637	-0.875225195982469	-0.434499194128694	-0.32764342454531	-0.107756463752498	0.188070197458143	-0.711471953322732	-0.912200382623903
ALA147A	1.37998929508307	1.58777123133984	1.80905937998933	1.71163668244674	-0.138633388301294	-0.0720170539718273	1.03059286590442	1.6021900509245	0.726173476346819	0.8687259989826	-0.282689382194229	-0.0984228888001811	-0.107756463752498	0.188070197458143	0.0933077971570796	0.0751223844513802
PHE179A	0.457322033835667	-0.265971830630532	0.783591339576401	-0.452411528067691	0.0109041670819857	0.187495582544678	1.03059286590442	0.322663274144517	0.577974807704611	-0.62608931098746	0.222321035958132	0.412499652153607	2.07906588887173	1.08923989361174	1.16634746446349	-0.418538999086261
ARG82A	0.457322033835667	-0.265971830630532	0.0144903092667045	-0.452411528067691	-0.593654806824701	-0.49106571274896	-0.703819518178631	-0.956863502635464	-0.75581321007526	-0.875225195982469	-0.435010338276621	-0.32841521086095	-0.836697247960575	-0.713099498695458	-0.711471953322732	-0.418538999086261
GLU66A	0.457322033835667	-0.265971830630532	-0.241876700836528	-0.272074177191488	0.349286292406435	-0.146213134472943	0.452455404543406	0.322663274144517	-0.459415872790844	-0.62608931098746	0.215165017887147	-0.32841521086095	0.621184320455578	-0.713099498695458	-0.443212036496128	-0.912200382623903
GLU182A	-0.926678858035431	-0.729407596123125	-0.370060205888144	-0.0917368263152858	-0.593654806824701	-0.49106571274896	-1.28195697953965	-0.956863502635464	-1.05221054735968	-0.62608931098746	-0.293423409300706	-0.276973712177212	-0.107756463752498	0.188070197458143	0.0933077971570796	1.06244515152666
VAL178A	0.918655664459367	1.58777123133984	0.655407834524785	0.809949928065728	-0.576137550336945	-0.476575601755711	-0.125682056817613	0.322663274144517	-0.0148198668642207	0.8687259989826	-0.25815446309371	-0.128640263803814	2.07906588887173	2.89157928591894	1.4346073812901	2.54342930213959
ALA194A	0.457322033835667	1.12433546584725	0.527224329473169	1.53129933157054	-0.23903717548721	-0.18640343628616	-0.125682056817613	0.322663274144517	-0.163018535506429	0.61959011398759	-0.432454617536984	-0.327120756186652	-0.107756463752498	0.188070197458143	-0.174952119669524	0.0751223844513802
LEU223A	-0.00401159678803235	0.197463934862061	0.527224329473169	0.629612577189525	-0.500941522487068	-0.403560334421592	0.452455404543406	0.962426662534508	-0.0148198668642207	1.11786188397761	-0.419164869690869	-0.313120069423607	1.35012510466365	1.08923989361174	0.629827630810287	1.06244515152666
ARG148A	-0.926678858035431	-0.729407596123125	-0.754610721042992	-0.813086229820096	-0.348840466154361	-0.49106571274896	-0.703819518178631	-0.956863502635464	-0.607614541433052	-0.875225195982469	-0.142124741514169	-0.32841521086095	-0.107756463752498	-0.713099498695458	0.0933077971570796	-0.912200382623903
ALA184A	0.457322033835667	0.660899700354655	0.142673814318321	0.26893787543712	-0.246300428177255	-0.116443330972264	1.03059286590442	0.962426662534508	1.17076948227344	0.37045422899258	-0.435010338276621	-0.32841521086095	-0.836697247960575	-0.713099498695458	-0.711471953322732	-0.418538999086261
ASN185A	-0.465345227411732	-1.19284336161572	-0.498243710939759	-0.993423580696299	-0.500941522487068	-0.49106571274896	-0.125682056817613	-0.956863502635464	-0.311217204148637	-0.875225195982469	-0.435010338276621	-0.32841521086095	-0.836697247960575	-0.713099498695458	-0.711471953322732	-0.418538999086261
GLU76A	-0.926678858035431	-0.265971830630532	-1.13916123619784	-0.452411528067691	-0.593654806824701	-0.49106571274896	-1.28195697953965	-0.956863502635464	-1.05221054735968	-0.62608931098746	-0.435010338276621	-0.32841521086095	-0.836697247960575	-0.713099498695458	-0.711471953322732	-0.418538999086261
GLY78A	-0.00401159678803235	0.660899700354655	-0.882794226094608	-0.272074177191488	-0.318078454761229	-0.22932068589214	-0.125682056817613	0.322663274144517	-0.75581321007526	-0.12781754099744	-0.10532236286339	-0.0426182135028234	-0.107756463752498	0.188070197458143	-0.443212036496128	0.0751223844513802
ALA13A	1.37998929508307	2.05120699683243	0.655407834524785	1.35096198069434	0.483870092251387	1.29157135676204	0.452455404543406	0.962426662534508	0.429776139062403	0.37045422899258	-0.435010338276621	-0.32841521086095	-0.836697247960575	-0.713099498695458	-0.711471953322732	-0.418538999086261
ASP21A	-0.465345227411732	-0.729407596123125	-0.241876700836528	-0.993423580696299	0.222392995409767	-0.357078887550851	-0.125682056817613	-0.317100114245474	-0.311217204148637	-0.62608931098746	-0.435010338276621	-0.32841521086095	-0.836697247960575	-0.713099498695458	-0.711471953322732	-0.418538999086261
LEU100A	1.37998929508307	1.12433546584725	1.5526923698861	0.449275226313322	0.104044701577857	0.51440662324604	1.03059286590442	1.6021900509245	1.17076948227344	0.37045422899258	0.399688055288971	0.769450823137183	2.07906588887173	2.89157928591894	2.50764704859651	1.5561065350643
LYS124A	0.457322033835667	-1.19284336161572	1.42450886483448	-0.993423580696299	0.70304942342745	-0.49106571274896	1.03059286590442	-0.956863502635464	1.02257081363123	-0.875225195982469	0.440579587123171	-0.32841521086095	1.35012510466365	-0.713099498695458	1.4346073812901	-0.912200382623903
ILE7A	0.457322033835667	-0.265971830630532	0.527224329473169	0.0886005245609169	1.84081659481509	1.08238016066528	0.452455404543406	-0.317100114245474	0.429776139062403	0.12131834399757	1.70515020909578	1.38961592626286	0.621184320455578	0.188070197458143	1.16634746446349	0.568783767989022
LEU43A	0.457322033835667	0.197463934862061	0.0144903092667045	-0.272074177191488	0.730393433554679	0.95429903525448	1.03059286590442	0.962426662534508	0.874372144989027	0.12131834399757	1.14902537615067	1.24976531859236	2.07906588887173	1.99040958976534	1.4346073812901	0.568783767989022
ILE157A	0.918655664459367	0.197463934862061	0.783591339576401	0.26893787543712	0.876512987672055	0.561808959433646	1.03059286590442	0.322663274144517	1.17076948227344	0.61959011398759	-0.435010338276621	-0.32841521086095	-0.836697247960575	-0.713099498695458	-0.711471953322732	-0.418538999086261
VAL118A	1.37998929508307	2.05120699683243	1.03995834967963	2.07231138419915	1.02177804147295	1.47736223641506	1.60873032726544	2.24195343931449	1.76356415684227	2.11440542395765	-0.324092058176356	-0.160937580367034	0.621184320455578	1.08923989361174	0.898087547636891	2.04976791860195
LEU193A	0.918655664459367	1.12433546584725	0.783591339576401	1.53129933157054	1.56823099385928	1.91301779433907	0.452455404543406	0.962426662534508	0.281577470420195	0.61959011398759	2.15137905023648	2.29658155020378	1.35012510466365	1.99040958976534	1.7028672981167	2.04976791860195
THR197A	1.37998929508307	1.12433546584725	1.42450886483448	1.89197403332294	-0.518031528816585	-0.430981275666368	0.452455404543406	0.962426662534508	0.429776139062403	1.86526953896264	-0.344537824093456	-0.262809564356913	2.07906588887173	1.99040958976534	1.4346073812901	2.04976791860195
LYS27A	-0.00401159678803235	-0.729407596123125	0.655407834524785	-0.993423580696299	-0.307824450963518	-0.49106571274896	-0.125682056817613	-0.956863502635464	-0.0148198668642207	-0.875225195982469	-0.09305490331313	-0.32841521086095	0.621184320455578	-0.713099498695458	0.0933077971570796	-0.912200382623903
TYR48A	1.84132292570677	-0.265971830630532	2.19360989514418	-0.272074177191488	0.488142593833766	-0.326373231703734	2.18686778862646	0.322663274144517	1.61536548820007	-0.37695342599245	0.475848533330167	-0.148588999316792	1.35012510466365	0.188070197458143	1.97112721494331	-0.912200382623903
ASP204A	0.457322033835667	0.660899700354655	0.270857319369937	0.629612577189525	3.08881430702811	0.825409055519695	1.60873032726544	1.6021900509245	1.46716681955786	1.11786188397761	-0.435010338276621	-0.32841521086095	-0.836697247960575	-0.713099498695458	-0.711471953322732	-0.418538999086261
THR165A	2.30265655633047	1.58777123133984	1.68087587493771	2.07231138419915	2.85040871873134	2.62695211992335	2.76500524998748	1.6021900509245	3.83834551783318	4.10749250391773	-0.435010338276621	-0.32841521086095	-0.836697247960575	-0.713099498695458	-0.711471953322732	-0.418538999086261
ARG18A	-0.465345227411732	-0.729407596123125	-0.370060205888144	-0.993423580696299	0.045084179741021	-0.0221225536913686	0.452455404543406	-0.317100114245474	-0.163018535506429	-0.62608931098746	-0.435010338276621	-0.32841521086095	-0.836697247960575	-0.713099498695458	-0.711471953322732	-0.418538999086261
LEU227A	0.457322033835667	0.660899700354655	-0.113693195784912	0.629612577189525	0.0356846762597863	0.0932418886918777	1.03059286590442	0.962426662534508	0.133378801777987	-0.12781754099744	-0.435010338276621	-0.32841521086095	-0.107756463752498	0.188070197458143	-0.174952119669524	0.0751223844513802
ARG85A	0.457322033835667	0.660899700354655	0.0144903092667045	-0.272074177191488	0.21128449129558	0.451227665985142	-0.125682056817613	-0.317100114245474	-0.311217204148637	-0.37695342599245	0.480448830661515	0.391040728406126	-0.107756463752498	0.188070197458143	0.0933077971570796	0.0751223844513802
GLU86A	-0.465345227411732	-0.729407596123125	-0.241876700836528	-0.813086229820096	-0.593654806824701	-0.49106571274896	-1.28195697953965	-0.956863502635464	-1.05221054735968	-0.62608931098746	0.417578100466434	-0.32841521086095	-0.107756463752498	-0.713099498695458	-0.443212036496128	-0.912200382623903
GLN55A	1.37998929508307	0.660899700354655	1.16814185473125	1.17062462981813	1.54174148404853	1.54746665032735	0.452455404543406	0.962426662534508	-0.311217204148637	0.61959011398759	-0.435010338276621	-0.32841521086095	-0.107756463752498	-0.713099498695458	-0.443212036496128	-0.912200382623903
GLU91A	-0.00401159678803235	-0.729407596123125	0.527224329473169	-0.452411528067691	0.178386229111259	-0.183437382500965	-0.703819518178631	-0.317100114245474	-0.75581321007526	-0.12781754099744	-0.435010338276621	-0.32841521086095	-0.836697247960575	-0.713099498695458	-0.711471953322732	-0.418538999086261
GLU133A	0.457322033835667	-0.265971830630532	1.03995834967963	-0.272074177191488	1.93865688105158	0.601047990568843	0.452455404543406	0.322663274144517	0.133378801777987	-0.12781754099744	2.59454102648962	0.864053738520958	1.35012510466365	1.08923989361174	1.7028672981167	1.5561065350643
VAL134A	0.918655664459367	1.58777123133984	1.03995834967963	1.53129933157054	0.261272759809419	0.262783894696853	1.03059286590442	1.6021900509245	0.577974807704611	1.11786188397761	0.224876756697769	0.315874305743279	1.35012510466365	1.99040958976534	1.16634746446349	1.06244515152666
LEU205A	0.918655664459367	1.58777123133984	0.655407834524785	1.53129933157054	-0.434290497801949	-0.340196024434541	2.18686778862646	2.88171682770448	2.35635883141111	2.86181307894268	-0.435010338276621	-0.32841521086095	-0.836697247960575	-0.713099498695458	-0.711471953322732	-0.418538999086261
SER216A	0.457322033835667	-0.265971830630532	0.783591339576401	0.26893787543712	-0.500941522487068	-0.418261740441414	1.03059286590442	-0.317100114245474	2.35635883141111	0.12131834399757	-0.435010338276621	-0.32841521086095	-0.836697247960575	-0.713099498695458	-0.711471953322732	-0.418538999086261
ARG129A	1.84132292570677	0.660899700354655	2.06542639009256	0.0886005245609169	1.59301150303708	1.46423050059865	1.03059286590442	0.322663274144517	1.31896815091565	0.61959011398759	0.0296196921894678	0.182330513593841	0.621184320455578	0.188070197458143	0.898087547636891	0.568783767989022
GLY125A	2.30265655633047	2.97807852781762	2.19360989514418	1.89197403332294	0.55778436962655	0.851670192864297	0.452455404543406	0.962426662534508	0.577974807704611	1.61613365396763	-0.435010338276621	-0.32841521086095	-0.836697247960575	-0.713099498695458	-0.711471953322732	-0.418538999086261
GLU188A	-0.926678858035431	-1.19284336161572	-1.01097773114622	-0.993423580696299	-0.593654806824701	-0.49106571274896	-1.28195697953965	-0.956863502635464	-1.05221054735968	-0.62608931098746	-0.435010338276621	-0.32841521086095	-0.836697247960575	-0.713099498695458	-0.711471953322732	-0.418538999086261
PRO187A	0.457322033835667	0.197463934862061	0.0144903092667045	-0.632748878943894	-0.486415017106978	-0.313650207416978	-0.125682056817613	0.322663274144517	-0.311217204148637	-0.37695342599245	-0.435010338276621	-0.32841521086095	-0.836697247960575	-0.713099498695458	-0.711471953322732	-0.418538999086261
ARG117A	0.457322033835667	0.197463934862061	0.783591339576401	0.809949928065728	1.57848499765699	1.1031286091425	0.452455404543406	0.962426662534508	0.874372144989027	1.61613365396763	1.27936713387218	1.2197587749077	0.621184320455578	1.08923989361174	0.361567713983683	1.06244515152666
ILE108A	-0.00401159678803235	-0.265971830630532	0.527224329473169	-0.272074177191488	-0.500941522487068	-0.43381210345856	1.03059286590442	0.322663274144517	1.31896815091565	-0.12781754099744	-0.354760707052005	-0.312207698232506	0.621184320455578	0.188070197458143	0.361567713983683	-0.912200382623903
ASP126A	0.457322033835667	0.660899700354655	0.527224329473169	0.0886005245609169	-0.28475294241867	-0.261876945817169	-0.125682056817613	0.322663274144517	-0.0148198668642207	0.61959011398759	-0.312335742774024	-0.241312532729031	-0.107756463752498	0.188070197458143	-0.174952119669524	0.568783767989022
TYR151A	0.918655664459367	0.197463934862061	1.29632535978286	0.809949928065728	3.96638613204884	1.2524240945896	1.60873032726544	0.962426662534508	1.31896815091565	0.8687259989826	2.03177131962145	-0.32841521086095	0.621184320455578	-0.713099498695458	1.4346073812901	-0.912200382623903
ALA135A	0.918655664459367	1.58777123133984	0.270857319369937	1.35096198069434	0.00834066613255805	0.331186761780807	1.60873032726544	2.24195343931449	1.02257081363123	1.86526953896264	-0.435010338276621	-0.32841521086095	-0.836697247960575	-0.713099498695458	-0.711471953322732	-0.418538999086261
LYS140A	-0.926678858035431	-0.729407596123125	-0.626427215991376	-0.813086229820096	-0.40908273846591	-0.49106571274896	-0.703819518178631	-0.956863502635464	-0.459415872790844	-0.875225195982469	-0.435010338276621	-0.32841521086095	-0.836697247960575	-0.713099498695458	-0.711471953322732	-0.418538999086261
ALA150A	1.84132292570677	1.58777123133984	1.68087587493771	2.43298608595155	0.362103797153573	0.833540401690592	0.452455404543406	0.962426662534508	0.429776139062403	0.61959011398759	-0.435010338276621	-0.32841521086095	-0.836697247960575	-0.713099498695458	-0.711471953322732	-0.418538999086261
SER146A	-0.00401159678803235	-0.729407596123125	0.0144903092667045	-0.813086229820096	-0.593654806824701	-0.49106571274896	-1.28195697953965	-0.956863502635464	-1.05221054735968	-0.62608931098746	-0.435010338276621	-0.32841521086095	-0.836697247960575	-0.713099498695458	-0.711471953322732	-0.418538999086261
ALA23A	1.37998929508307	2.05120699683243	1.16814185473125	1.71163668244674	0.596236883867965	0.852691367956617	0.452455404543406	0.962426662534508	0.577974807704611	1.11786188397761	0.988526113701441	1.1388208373504	1.35012510466365	1.99040958976534	1.16634746446349	2.04976791860195
ALA47A	0.918655664459367	1.12433546584725	1.29632535978286	2.07231138419915	0.484724592567862	1.04411486876524	-0.125682056817613	0.322663274144517	0.133378801777987	0.61959011398759	0.855117491092366	1.34783440453008	0.621184320455578	1.08923989361174	0.629827630810287	1.5561065350643
GLU14A	-0.465345227411732	-0.729407596123125	0.0144903092667045	-0.272074177191488	-0.500941522487068	-0.49106571274896	-0.125682056817613	-0.317100114245474	-0.0148198668642207	-0.37695342599245	-0.435010338276621	-0.32841521086095	-0.107756463752498	0.188070197458143	-0.443212036496128	0.0751223844513802
MET22A	1.37998929508307	0.197463934862061	1.42450886483448	0.26893787543712	1.3071811471759	0.396830826502079	2.18686778862646	0.962426662534508	1.17076948227344	0.61959011398759	0.924121951062577	0.473593257120004	1.35012510466365	1.08923989361174	1.16634746446349	1.5561065350643
ALA58A	0.457322033835667	1.12433546584725	0.655407834524785	1.71163668244674	-0.584682553501704	-0.483643948581686	-0.703819518178631	-0.317100114245474	-0.75581321007526	-0.12781754099744	-0.331759220395268	-0.307783692608536	0.621184320455578	1.08923989361174	-0.174952119669524	0.0751223844513802
TRP59A	0.918655664459367	0.197463934862061	0.270857319369937	0.0886005245609169	0.776109200486138	-0.328345797540684	0.452455404543406	-0.317100114245474	0.133378801777987	0.12131834399757	0.901631608553767	-0.150742825886341	0.621184320455578	0.188070197458143	0.898087547636891	0.568783767989022
THR217A	-0.00401159678803235	0.660899700354655	-0.882794226094608	0.0886005245609169	-0.570156048121614	-0.471627758977528	-0.703819518178631	-0.317100114245474	-0.311217204148637	0.61959011398759	-0.435010338276621	-0.32841521086095	-0.836697247960575	-0.713099498695458	-0.711471953322732	-0.418538999086261
TYR213A	-0.926678858035431	-1.19284336161572	-0.754610721042992	-0.993423580696299	-0.16213214700438	-0.49106571274896	-0.703819518178631	-0.956863502635464	-0.311217204148637	-0.875225195982469	-0.435010338276621	-0.32841521086095	-0.836697247960575	-0.713099498695458	-0.711471953322732	-0.418538999086261
TYR128A	-0.00401159678803235	-1.19284336161572	0.911774844628017	-0.993423580696299	-0.395837983560534	-0.49106571274896	-0.125682056817613	-0.956863502635464	-0.0148198668642207	-0.875225195982469	-0.270933066791897	-0.32841521086095	-0.107756463752498	-0.713099498695458	0.0933077971570796	-0.912200382623903
GLY53A	0.918655664459367	1.58777123133984	0.527224329473169	1.53129933157054	-0.593654806824701	-0.49106571274896	-1.28195697953965	-0.956863502635464	-1.05221054735968	-0.62608931098746	-0.203973183413396	-0.0205713637333408	-0.107756463752498	0.188070197458143	-0.174952119669524	0.0751223844513802
LYS49A	0.457322033835667	-1.19284336161572	0.655407834524785	-0.993423580696299	-0.593654806824701	-0.49106571274896	-0.125682056817613	-0.956863502635464	0.281577470420195	-0.875225195982469	-0.435010338276621	-0.32841521086095	0.621184320455578	-0.713099498695458	1.7028672981167	-0.912200382623903
MET155A	0.457322033835667	0.197463934862061	0.911774844628017	0.99028727894193	2.71881566999406	1.0294124720617	1.03059286590442	0.962426662534508	0.874372144989027	0.8687259989826	3.52789024060522	1.33178099223684	2.07906588887173	1.99040958976534	3.04416688224972	3.03709068567723
ASP156A	-1.38801248865913	-0.729407596123125	-1.6518952564043	-0.993423580696299	-0.593654806824701	-0.49106571274896	-1.28195697953965	-0.956863502635464	-1.05221054735968	-0.62608931098746	-0.435010338276621	-0.32841521086095	-0.836697247960575	-0.713099498695458	-0.711471953322732	-0.418538999086261
GLN152A	-1.38801248865913	-0.729407596123125	-1.6518952564043	-0.993423580696299	-0.593654806824701	-0.49106571274896	-1.28195697953965	-0.956863502635464	-1.05221054735968	-0.62608931098746	-0.435010338276621	-0.32841521086095	-0.836697247960575	-0.713099498695458	-0.711471953322732	-0.418538999086261
LEU121A	0.457322033835667	0.660899700354655	0.783591339576401	0.809949928065728	0.0907999466724807	0.0707154442717818	1.03059286590442	0.962426662534508	0.281577470420195	0.12131834399757	-0.435010338276621	-0.32841521086095	-0.836697247960575	-0.713099498695458	-0.711471953322732	-0.418538999086261
GLU31A	-0.00401159678803235	-0.729407596123125	0.399040824421553	-0.993423580696299	-0.582973552868753	-0.49106571274896	-0.703819518178631	-0.956863502635464	-0.75581321007526	-0.875225195982469	-0.422231734578434	-0.32841521086095	-0.107756463752498	-0.713099498695458	-0.443212036496128	-0.912200382623903
GLU40A	0.457322033835667	0.660899700354655	0.142673814318321	0.629612577189525	2.91449624246703	1.31406255167689	1.60873032726544	1.6021900509245	1.76356415684227	2.11440542395765	3.57696007880626	1.57561523274368	2.07906588887173	1.99040958976534	1.7028672981167	1.5561065350643
LEU62A	-0.00401159678803235	0.197463934862061	-0.370060205888144	0.26893787543712	-0.458216506663274	-0.326851435046581	0.452455404543406	0.962426662534508	-0.311217204148637	0.12131834399757	-0.435010338276621	-0.32841521086095	-0.836697247960575	-0.713099498695458	-0.711471953322732	-0.418538999086261
ALA190A	1.84132292570677	2.05120699683243	0.911774844628017	1.17062462981813	-0.0036223382981043	0.397218080713434	1.60873032726544	2.24195343931449	1.46716681955786	1.11786188397761	0.0444428724793651	0.395520353209524	-0.107756463752498	0.188070197458143	-0.174952119669524	-0.912200382623903
ASN42A	-1.38801248865913	-1.19284336161572	-1.13916123619784	-0.993423580696299	-0.593654806824701	-0.49106571274896	-1.28195697953965	-0.956863502635464	-1.05221054735968	-0.62608931098746	-0.435010338276621	-0.32841521086095	-0.836697247960575	-0.713099498695458	-0.711471953322732	-0.418538999086261
VAL46A	0.457322033835667	1.12433546584725	-0.370060205888144	0.0886005245609169	-0.593654806824701	-0.49106571274896	-0.125682056817613	0.322663274144517	-0.0148198668642207	0.12131834399757	-0.435010338276621	-0.32841521086095	0.621184320455578	1.08923989361174	0.0933077971570796	0.568783767989022
VAL99A	1.37998929508307	1.58777123133984	1.42450886483448	1.53129933157054	0.251873256328185	0.907760124111571	0.452455404543406	0.962426662534508	0.874372144989027	0.12131834399757	0.458469632300633	1.02066726887806	0.621184320455578	1.08923989361174	1.16634746446349	0.0751223844513802
ALA173A	1.37998929508307	2.05120699683243	1.80905937998933	3.15433548945636	-0.500941522487068	-0.443216488449482	0.452455404543406	0.962426662534508	0.281577470420195	1.36699776897262	-0.324092058176356	-0.276169081125744	1.35012510466365	1.99040958976534	1.97112721494331	3.53075206921487
ALA154A	0.918655664459367	1.58777123133984	1.16814185473125	2.61332343682775	0.76542794653019	0.485310098001776	-0.125682056817613	0.322663274144517	0.281577470420195	1.36699776897262	0.48556027214079	0.121628692607263	-0.107756463752498	0.188070197458143	0.629827630810287	2.04976791860195
LEU172A	1.84132292570677	1.58777123133984	1.93724288504094	2.43298608595155	5.652742506614	9.43068802843348	2.18686778862646	2.88171682770448	2.2081601627689	3.11094896393769	7.0379171044233	10.50505682033	3.53694745728788	4.69391867822615	2.77590696542312	3.03709068567723
THR98A	0.457322033835667	0.660899700354655	0.911774844628017	1.17062462981813	-0.407373737832959	-0.182885791136433	-0.125682056817613	0.322663274144517	-0.0148198668642207	-0.37695342599245	-0.212151489780235	0.00808362275816154	-0.107756463752498	0.188070197458143	-0.443212036496128	-0.912200382623903
SER69A	-0.465345227411732	-0.265971830630532	-0.754610721042992	-0.452411528067691	-0.227928671373023	-0.49106571274896	-0.703819518178631	-0.956863502635464	-0.75581321007526	-0.875225195982469	0.106802458526519	0.489678283717624	-0.107756463752498	0.188070197458143	-0.443212036496128	-0.912200382623903
SER74A	-0.465345227411732	-0.265971830630532	-1.26734474124946	-0.632748878943894	0.0493566813234004	0.2673679016782	0.452455404543406	0.322663274144517	-0.75581321007526	-0.875225195982469	-0.324092058176356	-0.160937580367034	-0.107756463752498	0.188070197458143	-0.711471953322732	-0.912200382623903
ILE168A	-1.38801248865913	-1.19284336161572	-0.882794226094608	-0.993423580696299	-0.500941522487068	-0.49106571274896	-0.703819518178631	-0.956863502635464	-0.459415872790844	-0.875225195982469	-0.324092058176356	-0.32841521086095	-0.107756463752498	-0.713099498695458	-0.443212036496128	-0.912200382623903
SER149A	-0.00401159678803235	-0.265971830630532	-0.370060205888144	-0.813086229820096	-0.593654806824701	-0.49106571274896	-1.28195697953965	-0.956863502635464	-1.05221054735968	-0.62608931098746	-0.435010338276621	-0.32841521086095	-0.836697247960575	-0.713099498695458	-0.711471953322732	-0.418538999086261
TYR127A	1.37998929508307	-0.265971830630532	1.93724288504094	-0.632748878943894	0.323651282912159	-0.49106571274896	2.18686778862646	0.322663274144517	1.76356415684227	-0.37695342599245	0.662416147323702	-0.32841521086095	3.53694745728788	1.08923989361174	3.31242679907632	-0.418538999086261
SER212A	-0.465345227411732	-0.729407596123125	-0.498243710939759	-0.632748878943894	-0.133506386402438	-0.469713990516787	-0.125682056817613	-0.317100114245474	0.133378801777987	-0.12781754099744	-0.435010338276621	-0.32841521086095	-0.836697247960575	-0.713099498695458	-0.711471953322732	-0.418538999086261
ARG60A	-0.465345227411732	-0.265971830630532	0.270857319369937	-0.272074177191488	0.436445324686975	0.641135450025735	-0.703819518178631	-0.317100114245474	-0.75581321007526	-0.37695342599245	0.797358202376559	0.907824868318821	0.621184320455578	1.08923989361174	0.898087547636891	1.5561065350643
ALA111A	1.37998929508307	2.05120699683243	0.399040824421553	1.35096198069434	2.40393230337269	3.10841974372908	2.18686778862646	2.88171682770448	2.05996149412669	2.61267719394767	3.04076986763032	3.43512414521972	1.35012510466365	1.99040958976534	1.7028672981167	2.54342930213959
SER186A	-0.00401159678803235	-0.265971830630532	0.142673814318321	-0.272074177191488	-0.370202974066258	-0.21822752526631	1.03059286590442	0.322663274144517	0.726173476346819	-0.12781754099744	-0.435010338276621	-0.32841521086095	-0.836697247960575	-0.713099498695458	-0.711471953322732	-0.418538999086261
TYR84A	-0.926678858035431	-1.19284336161572	-0.754610721042992	-0.993423580696299	-0.585109803659942	-0.49106571274896	-0.703819518178631	-0.956863502635464	-0.75581321007526	-0.875225195982469	-0.435010338276621	-0.32841521086095	-0.836697247960575	-0.713099498695458	-0.711471953322732	-0.418538999086261
VAL88A	0.457322033835667	1.12433546584725	0.0144903092667045	0.629612577189525	-0.232201172955403	-0.00605233448549922	0.452455404543406	0.962426662534508	-0.163018535506429	0.37045422899258	-0.435010338276621	-0.32841521086095	-0.107756463752498	0.188070197458143	0.0933077971570796	0.0751223844513802
LEU107A	0.457322033835667	0.660899700354655	1.03995834967963	0.449275226313322	-0.347985965837885	-0.127162319113868	1.60873032726544	1.6021900509245	2.2081601627689	2.36354130895266	-0.23770869717661	-0.0769400421983556	0.621184320455578	1.08923989361174	1.16634746446349	2.04976791860195
GLU75A	-1.38801248865913	-1.19284336161572	-1.39552824630107	-0.993423580696299	-0.500941522487068	-0.49106571274896	-0.703819518178631	-0.956863502635464	-0.75581321007526	-0.875225195982469	-0.324092058176356	-0.32841521086095	-0.107756463752498	-0.713099498695458	-0.711471953322732	-0.912200382623903
ASN175A	-0.00401159678803235	0.197463934862061	0.270857319369937	-0.0917368263152858	-0.11043487785759	-0.239170642094158	0.452455404543406	0.962426662534508	0.133378801777987	0.37045422899258	0.143093693029371	-0.0533732904586344	1.35012510466365	1.99040958976534	0.629827630810287	0.568783767989022
SER209A	-0.465345227411732	0.197463934862061	-1.26734474124946	-0.813086229820096	-0.316369454128277	-0.053681725975331	0.452455404543406	0.962426662534508	-0.607614541433052	-0.62608931098746	-0.435010338276621	-0.32841521086095	-0.836697247960575	-0.713099498695458	-0.711471953322732	-0.418538999086261
TYR181A	-0.926678858035431	-1.19284336161572	-0.113693195784912	-0.993423580696299	-0.500941522487068	-0.49106571274896	-0.125682056817613	-0.956863502635464	0.429776139062403	-0.875225195982469	-0.435010338276621	-0.32841521086095	-0.836697247960575	-0.713099498695458	-0.711471953322732	-0.418538999086261
MET220A	-0.00401159678803235	0.197463934862061	0.270857319369937	0.449275226313322	0.479170340510769	0.484628217254968	1.03059286590442	0.962426662534508	0.874372144989027	0.61959011398759	0.0444428724793651	0.231201863387202	-0.107756463752498	0.188070197458143	0.0933077971570796	0.568783767989022
PHE198A	0.918655664459367	0.197463934862061	0.270857319369937	-0.632748878943894	0.0826821936659598	-0.137252485280402	-0.125682056817613	0.322663274144517	-0.459415872790844	0.12131834399757	0.374130847892597	0.0579102114417847	2.07906588887173	1.99040958976534	0.629827630810287	0.0751223844513802
LEU36A	0.918655664459367	1.12433546584725	1.5526923698861	1.53129933157054	3.72968954438503	2.51867652367279	2.18686778862646	2.24195343931449	3.09735217462214	3.85835661892272	4.51286501366149	2.78848767291843	2.07906588887173	1.99040958976534	3.58068671590293	3.53075206921487
TYR120A	0.457322033835667	0.197463934862061	1.03995834967963	0.809949928065728	2.97858376620272	1.29863907296295	1.60873032726544	0.962426662534508	2.80095483733773	2.61267719394767	3.83866588254513	1.62574705176622	2.80800667307981	1.99040958976534	3.58068671590293	3.53075206921487
GLY101A	1.37998929508307	2.05120699683243	0.783591339576401	1.53129933157054	-0.227928671373023	0.113984775554534	-0.703819518178631	-0.317100114245474	-0.904011878717468	-0.62608931098746	-0.435010338276621	-0.32841521086095	-0.836697247960575	-0.713099498695458	-0.711471953322732	-0.418538999086261
SER105A	-0.465345227411732	-0.729407596123125	-0.626427215991376	-0.993423580696299	-0.135642637193628	-0.338389421307892	-0.125682056817613	-0.317100114245474	-0.75581321007526	-0.875225195982469	-0.435010338276621	-0.32841521086095	-0.836697247960575	-0.713099498695458	-0.711471953322732	-0.418538999086261
ALA24A	-0.00401159678803235	0.660899700354655	0.142673814318321	0.449275226313322	-0.593654806824701	-0.49106571274896	-1.28195697953965	-0.956863502635464	-1.05221054735968	-0.62608931098746	-0.435010338276621	-0.32841521086095	-0.836697247960575	-0.713099498695458	-0.711471953322732	-0.418538999086261
ALA16A	-0.00401159678803235	0.660899700354655	-1.39552824630107	-0.813086229820096	-0.22664692089831	0.116105279602326	-0.125682056817613	0.322663274144517	-0.607614541433052	-0.62608931098746	-0.435010338276621	-0.32841521086095	-0.836697247960575	-0.713099498695458	-0.711471953322732	-0.418538999086261
GLU17A	-1.38801248865913	-1.19284336161572	-1.26734474124946	-0.993423580696299	-0.500941522487068	-0.49106571274896	-0.703819518178631	-0.956863502635464	-0.904011878717468	-0.875225195982469	-0.435010338276621	-0.32841521086095	-0.836697247960575	-0.713099498695458	-0.711471953322732	-0.418538999086261
GLY73A	-0.926678858035431	-0.265971830630532	-1.39552824630107	-0.632748878943894	-0.40908273846591	-0.185713129866823	-0.703819518178631	-0.317100114245474	-0.75581321007526	-0.37695342599245	-0.435010338276621	-0.32841521086095	-0.836697247960575	-0.713099498695458	-0.711471953322732	-0.418538999086261
ALA4A	-0.926678858035431	-0.265971830630532	-0.882794226094608	0.0886005245609169	-0.593654806824701	-0.49106571274896	-1.28195697953965	-0.956863502635464	-1.05221054735968	-0.62608931098746	-0.435010338276621	-0.32841521086095	-0.836697247960575	-0.713099498695458	-0.711471953322732	-0.418538999086261
SER5A	-0.926678858035431	-0.729407596123125	-1.52371175135269	-0.993423580696299	-0.500941522487068	-0.337682586625294	-0.703819518178631	-0.317100114245474	-1.05221054735968	-0.875225195982469	-0.435010338276621	-0.32841521086095	-0.836697247960575	-0.713099498695458	-0.711471953322732	-0.418538999086261
GLU20A	-0.465345227411732	-1.19284336161572	-0.113693195784912	-0.993423580696299	-0.500941522487068	-0.49106571274896	-0.703819518178631	-0.956863502635464	-0.607614541433052	-0.875225195982469	-0.324092058176356	-0.32841521086095	-0.107756463752498	-0.713099498695458	-0.174952119669524	-0.912200382623903
ASP104A	-0.465345227411732	-1.19284336161572	-0.626427215991376	-0.993423580696299	-0.500941522487068	-0.49106571274896	-0.125682056817613	-0.956863502635464	-0.607614541433052	-0.875225195982469	-0.435010338276621	-0.32841521086095	-0.836697247960575	-0.713099498695458	-0.711471953322732	-0.418538999086261
ALA203A	-0.00401159678803235	0.197463934862061	-0.626427215991376	-0.0917368263152858	-0.506923024702399	-0.49106571274896	-0.125682056817613	-0.317100114245474	-0.311217204148637	0.12131834399757	-0.433988049980767	-0.32687163822967	-0.107756463752498	0.188070197458143	-0.711471953322732	-0.912200382623903
ASP199A	-0.926678858035431	-0.729407596123125	-0.754610721042992	-0.452411528067691	-0.593654806824701	-0.49106571274896	-1.28195697953965	-0.956863502635464	-1.05221054735968	-0.62608931098746	-0.433988049980767	-0.32841521086095	-0.107756463752498	-0.713099498695458	-0.711471953322732	-0.912200382623903
LEU44A	0.918655664459367	1.12433546584725	1.68087587493771	1.17062462981813	0.192912734491349	0.255705129415341	1.03059286590442	1.6021900509245	1.76356415684227	2.86181307894268	0.506006038057889	0.486977031612883	1.35012510466365	1.99040958976534	1.7028672981167	3.03709068567723
VAL30A	2.30265655633047	1.58777123133984	1.42450886483448	1.17062462981813	-0.289879944317525	-0.244942192743411	1.60873032726544	1.6021900509245	1.91176282548448	2.86181307894268	-0.303646292259256	-0.229082290030758	1.35012510466365	1.99040958976534	0.898087547636891	2.54342930213959
ARG56A	1.84132292570677	0.660899700354655	0.783591339576401	-0.452411528067691	3.91597061337677	4.70426308438492	0.452455404543406	0.322663274144517	0.133378801777987	-0.12781754099744	3.69810124186507	5.34431671585217	2.07906588887173	1.99040958976534	2.23938713176991	1.5561065350643
ILE144A	0.457322033835667	-0.265971830630532	0.527224329473169	-0.452411528067691	-0.324487207134798	-0.451482970523498	0.452455404543406	-0.317100114245474	0.726173476346819	-0.37695342599245	-0.208573480744743	-0.285195177185101	0.621184320455578	0.188070197458143	1.16634746446349	0.0751223844513802
HIS180A	-0.00401159678803235	-0.265971830630532	0.0144903092667045	-0.813086229820096	-0.457789256505036	-0.343337264086075	0.452455404543406	-0.317100114245474	0.281577470420195	-0.875225195982469	-0.189150003123498	-0.0226712154038028	-0.107756463752498	0.188070197458143	-0.174952119669524	0.0751223844513802
PHE176A	-0.465345227411732	-0.265971830630532	-0.370060205888144	-0.272074177191488	-0.306542700488805	-0.280428977334894	-0.125682056817613	-0.317100114245474	0.133378801777987	-0.12781754099744	0.154338864283776	-0.0329376664344093	1.35012510466365	1.08923989361174	0.898087547636891	-0.418538999086261
LEU92A	-0.00401159678803235	0.660899700354655	0.527224329473169	0.99028727894193	1.39519467977292	1.98289271050949	-0.125682056817613	0.322663274144517	-0.311217204148637	0.37045422899258	-0.435010338276621	-0.32841521086095	-0.836697247960575	-0.713099498695458	-0.711471953322732	-0.418538999086261
ALA201A	1.84132292570677	2.51464276232503	1.29632535978286	2.07231138419915	0.667587660293701	0.3982302859453	1.03059286590442	1.6021900509245	1.76356415684227	2.36354130895266	-0.435010338276621	-0.32841521086095	0.621184320455578	1.08923989361174	1.16634746446349	2.04976791860195
ARG41A	0.918655664459367	1.12433546584725	0.399040824421553	0.99028727894193	0.22794724746686	0.633238901048485	2.18686778862646	2.24195343931449	1.91176282548448	2.11440542395765	0.512139767833019	0.845177656724592	2.80800667307981	2.89157928591894	3.31242679907632	3.03709068567723
PHE119A	-0.465345227411732	-0.265971830630532	-0.241876700836528	-0.272074177191488	-0.32405995697656	-0.102744105787671	-0.125682056817613	0.322663274144517	-0.163018535506429	0.37045422899258	-0.112478380934375	0.0955895949286475	0.621184320455578	1.08923989361174	0.629827630810287	1.06244515152666
LEU208A	0.918655664459367	1.58777123133984	0.270857319369937	1.35096198069434	0.893602994001572	1.54754491653956	2.18686778862646	2.88171682770448	2.05996149412669	2.61267719394767	-0.435010338276621	-0.32841521086095	-0.836697247960575	-0.713099498695458	-0.711471953322732	-0.418538999086261
ALA10A	1.84132292570677	2.05120699683243	1.16814185473125	0.99028727894193	-0.496669020904688	-0.330614239799319	0.452455404543406	0.962426662534508	0.726173476346819	0.61959011398759	-0.435010338276621	-0.32841521086095	-0.836697247960575	-0.713099498695458	-0.711471953322732	-0.418538999086261
GLY28A	1.37998929508307	2.05120699683243	0.911774844628017	1.53129933157054	-0.542384787836148	-0.465572008314757	-0.703819518178631	-0.317100114245474	-0.459415872790844	0.37045422899258	-0.435010338276621	-0.32841521086095	-0.836697247960575	-0.713099498695458	-0.711471953322732	-0.418538999086261
LYS32A	-0.00401159678803235	-0.729407596123125	-0.241876700836528	-0.632748878943894	-0.493251019638785	-0.49106571274896	0.452455404543406	-0.317100114245474	0.429776139062403	-0.37695342599245	-0.435010338276621	-0.32841521086095	-0.836697247960575	-0.713099498695458	-0.711471953322732	-0.418538999086261
LYS122A	0.457322033835667	-0.265971830630532	1.03995834967963	-0.272074177191488	-0.528285532614296	-0.49106571274896	0.452455404543406	-0.317100114245474	0.429776139062403	-0.12781754099744	-0.356805283643715	-0.32841521086095	1.35012510466365	0.188070197458143	1.7028672981167	0.568783767989022
GLU189A	-0.926678858035431	-1.19284336161572	-0.370060205888144	-0.993423580696299	-0.504359523752971	-0.49106571274896	-0.703819518178631	-0.956863502635464	-0.75581321007526	-0.875225195982469	-0.435010338276621	-0.32841521086095	-0.836697247960575	-0.713099498695458	-0.711471953322732	-0.418538999086261
ASN166A	-0.00401159678803235	-0.729407596123125	0.399040824421553	-0.993423580696299	-0.17665865238447	-0.324959562338539	-0.125682056817613	-0.317100114245474	-0.311217204148637	-0.62608931098746	-0.194772588750701	-0.147045426685511	-0.107756463752498	0.188070197458143	-0.443212036496128	-0.418538999086261
PRO163A	0.457322033835667	-0.265971830630532	0.399040824421553	-0.452411528067691	0.104899201894333	0.664608993298017	0.452455404543406	-0.317100114245474	1.02257081363123	-0.37695342599245	0.400710343584826	0.933455415210718	-0.107756463752498	0.188070197458143	-0.443212036496128	-0.912200382623903
ALA57A	0.457322033835667	0.197463934862061	0.270857319369937	0.809949928065728	-0.593654806824701	-0.49106571274896	-1.28195697953965	-0.956863502635464	-1.05221054735968	-0.62608931098746	-0.203973183413396	-0.287411643319205	1.35012510466365	1.08923989361174	0.898087547636891	1.06244515152666
GLY54A	0.457322033835667	1.12433546584725	0.527224329473169	1.89197403332294	-0.593654806824701	-0.49106571274896	-1.28195697953965	-0.956863502635464	-1.05221054735968	-0.62608931098746	-0.331759220395268	-0.193145893354051	0.621184320455578	1.08923989361174	0.361567713983683	1.06244515152666
ILE191A	-0.00401159678803235	-0.265971830630532	0.142673814318321	-0.0917368263152858	-0.500941522487068	-0.49088198460871	0.452455404543406	-0.317100114245474	0.726173476346819	-0.12781754099744	-0.435010338276621	-0.32841521086095	-0.836697247960575	-0.713099498695458	-0.711471953322732	-0.418538999086261
THR231A	-0.465345227411732	0.197463934862061	-0.113693195784912	0.809949928065728	-0.493251019638785	-0.325143290478789	0.452455404543406	0.962426662534508	0.726173476346819	1.36699776897262	-0.435010338276621	-0.32841521086095	-0.836697247960575	-0.713099498695458	-0.711471953322732	-0.418538999086261
LEU170A	1.37998929508307	1.12433546584725	1.80905937998933	2.07231138419915	-0.387292980395775	-0.203030579590463	1.60873032726544	2.24195343931449	2.05996149412669	2.36354130895266	-0.35782757193957	-0.270145344030118	-0.107756463752498	0.188070197458143	0.0933077971570796	0.568783767989022
ARG169A	0.918655664459367	0.660899700354655	0.399040824421553	0.26893787543712	2.29754701397145	1.86976212712682	1.60873032726544	1.6021900509245	1.31896815091565	0.12131834399757	1.42759893677116	-0.160937580367034	1.35012510466365	1.08923989361174	0.361567713983683	-0.912200382623903
PRO164A	0.918655664459367	0.197463934862061	1.29632535978286	0.629612577189525	2.58508637046558	2.24368015047082	1.03059286590442	-0.317100114245474	1.61536548820007	0.12131834399757	-0.435010338276621	-0.32841521086095	-0.836697247960575	-0.713099498695458	-0.711471953322732	-0.418538999086261
GLU80A	-0.00401159678803235	0.197463934862061	-0.882794226094608	-0.0917368263152858	-0.593654806824701	-0.49106571274896	-0.125682056817613	0.322663274144517	-0.75581321007526	-0.37695342599245	-0.324092058176356	-0.281654981269517	0.621184320455578	0.188070197458143	-0.174952119669524	0.0751223844513802
LYS77A	-0.465345227411732	-1.19284336161572	-1.01097773114622	-0.993423580696299	-0.593654806824701	-0.49106571274896	-0.703819518178631	-0.956863502635464	-0.904011878717468	-0.875225195982469	-0.435010338276621	-0.32841521086095	-0.836697247960575	-0.713099498695458	-0.711471953322732	-0.418538999086261
ALA29A	0.918655664459367	1.12433546584725	0.911774844628017	1.71163668244674	0.351849793355863	0.576961492655922	-0.125682056817613	-0.317100114245474	-0.0148198668642207	-0.62608931098746	-0.435010338276621	-0.32841521086095	-0.836697247960575	-0.713099498695458	-0.711471953322732	-0.418538999086261
LEU174A	1.37998929508307	0.197463934862061	0.783591339576401	-0.452411528067691	-0.345422464888457	-0.249285965869543	0.452455404543406	0.962426662534508	-0.311217204148637	0.61959011398759	-0.344026679945528	-0.259726228768975	-0.107756463752498	0.188070197458143	-0.443212036496128	0.0751223844513802
LEU222A	-1.38801248865913	-0.729407596123125	-0.882794226094608	-0.632748878943894	-0.500941522487068	-0.458580234064841	-0.703819518178631	-0.317100114245474	-0.75581321007526	-0.12781754099744	-0.435010338276621	-0.32841521086095	-0.836697247960575	-0.713099498695458	-0.711471953322732	-0.418538999086261
LEU102A	-0.00401159678803235	-0.265971830630532	0.655407834524785	0.0886005245609169	-0.393274482611107	-0.383273423652836	0.452455404543406	0.322663274144517	0.429776139062403	0.12131834399757	-0.291889976856924	-0.210717797725825	0.621184320455578	1.08923989361174	0.0933077971570796	0.568783767989022
ARG224A	-0.926678858035431	-0.729407596123125	-0.882794226094608	-0.632748878943894	-0.318078454761229	-0.238480719001785	-0.703819518178631	-0.317100114245474	-0.904011878717468	-0.37695342599245	0.115491909041286	-0.0526199697534572	0.621184320455578	0.188070197458143	0.361567713983683	0.568783767989022
TYR130A	0.457322033835667	-0.729407596123125	1.16814185473125	-0.993423580696299	3.18451834247341	-0.49106571274896	1.03059286590442	-0.317100114245474	0.281577470420195	-0.875225195982469	4.08503736184618	-0.32841521086095	2.07906588887173	0.188070197458143	1.97112721494331	-0.912200382623903
CYS96A	0.918655664459367	0.660899700354655	1.03995834967963	0.0886005245609169	-0.541530287519672	-0.468061126394519	0.452455404543406	0.962426662534508	0.874372144989027	0.61959011398759	-0.372650752229468	-0.30329671373221	1.35012510466365	1.99040958976534	2.50764704859651	2.04976791860195
ALA132A	1.84132292570677	2.05120699683243	1.42450886483448	1.71163668244674	-0.321496456027133	-0.20974550907514	1.03059286590442	0.962426662534508	1.02257081363123	0.12131834399757	-0.423765167022217	-0.311435911916866	-0.107756463752498	0.188070197458143	0.0933077971570796	0.0751223844513802
LEU131A	0.918655664459367	0.197463934862061	1.5526923698861	0.449275226313322	-0.186912656182181	0.0100476180426743	1.03059286590442	0.962426662534508	0.874372144989027	1.11786188397761	0.0515988905503499	0.218745845057492	1.35012510466365	1.99040958976534	1.4346073812901	3.03709068567723
ILE65A	-0.926678858035431	-0.729407596123125	-1.13916123619784	-0.632748878943894	-0.518886029133061	-0.49106571274896	-0.703819518178631	-0.956863502635464	-0.904011878717468	-0.875225195982469	-0.435010338276621	-0.32841521086095	-0.836697247960575	-0.713099498695458	-0.711471953322732	-0.418538999086261
VAL61A	-0.465345227411732	0.197463934862061	-0.626427215991376	0.0886005245609169	-0.593654806824701	-0.49106571274896	-1.28195697953965	-0.956863502635464	-1.05221054735968	-0.62608931098746	-0.435010338276621	-0.32841521086095	-0.836697247960575	-0.713099498695458	-0.711471953322732	-0.418538999086261
ILE183A	0.918655664459367	0.197463934862061	1.29632535978286	0.26893787543712	-0.225792420581834	-0.139768875497983	1.60873032726544	0.322663274144517	1.46716681955786	0.12131834399757	-0.141102453218314	0.0551625880122115	2.07906588887173	1.08923989361174	1.16634746446349	0.568783767989022
ASP113A	-0.465345227411732	-1.19284336161572	-0.626427215991376	-0.993423580696299	-0.538539536412007	-0.49106571274896	-0.125682056817613	-0.956863502635464	-0.163018535506429	-0.875225195982469	-0.369072743193975	-0.32841521086095	0.621184320455578	-0.713099498695458	0.0933077971570796	-0.912200382623903
GLY112A	-0.926678858035431	-0.265971830630532	-0.754610721042992	0.0886005245609169	-0.593654806824701	-0.49106571274896	-1.28195697953965	-0.956863502635464	-1.05221054735968	-0.62608931098746	-0.435010338276621	-0.32841521086095	-0.836697247960575	-0.713099498695458	-0.711471953322732	-0.418538999086261
PRO79A	-0.00401159678803235	0.197463934862061	-0.498243710939759	-0.272074177191488	-0.318078454761229	-0.296902369330368	-0.703819518178631	-0.317100114245474	-0.904011878717468	-0.37695342599245	0.00559591723687575	0.00430736627131233	0.621184320455578	1.08923989361174	-0.174952119669524	0.0751223844513802
ASP225A	-1.38801248865913	-0.729407596123125	-1.6518952564043	-0.993423580696299	-0.593654806824701	-0.49106571274896	-1.28195697953965	-0.956863502635464	-1.05221054735968	-0.62608931098746	-0.434499194128694	-0.328069134561264	-0.107756463752498	0.188070197458143	-0.711471953322732	-0.418538999086261
GLN221A	-1.38801248865913	-0.729407596123125	-1.6518952564043	-0.993423580696299	-0.593654806824701	-0.49106571274896	-1.28195697953965	-0.956863502635464	-1.05221054735968	-0.62608931098746	-0.434499194128694	-0.327989500844995	-0.107756463752498	0.188070197458143	-0.711471953322732	-0.418538999086261
THR207A	-0.465345227411732	0.197463934862061	-0.626427215991376	0.449275226313322	-0.324914457293036	-0.139937141881858	-0.125682056817613	0.322663274144517	0.429776139062403	1.61613365396763	-0.435010338276621	-0.32841521086095	-0.836697247960575	-0.713099498695458	-0.711471953322732	-0.418538999086261
LYS159A	-1.38801248865913	-1.19284336161572	-1.01097773114622	-0.993423580696299	-0.500941522487068	-0.49106571274896	-0.703819518178631	-0.956863502635464	-0.459415872790844	-0.875225195982469	-0.324092058176356	-0.32841521086095	-0.107756463752498	-0.713099498695458	-0.174952119669524	-0.912200382623903
VAL95A	1.37998929508307	1.12433546584725	1.80905937998933	1.53129933157054	0.0574744343299213	0.333596945892237	0.452455404543406	0.962426662534508	0.726173476346819	1.36699776897262	-0.435010338276621	-0.32841521086095	-0.836697247960575	-0.713099498695458	-0.711471953322732	-0.418538999086261
LYS214A	-0.926678858035431	-0.729407596123125	-1.13916123619784	-0.993423580696299	-0.593654806824701	-0.49106571274896	-1.28195697953965	-0.956863502635464	-1.05221054735968	-0.62608931098746	-0.435010338276621	-0.32841521086095	-0.836697247960575	-0.713099498695458	-0.711471953322732	-0.418538999086261
VAL51A	1.37998929508307	2.05120699683243	1.42450886483448	2.43298608595155	-0.248436678968445	0.0800567107898518	1.03059286590442	1.6021900509245	0.133378801777987	0.61959011398759	-0.0220058667512088	0.295188132176303	1.35012510466365	1.99040958976534	0.629827630810287	0.568783767989022
GLY137A	-0.926678858035431	-0.265971830630532	-1.39552824630107	-0.632748878943894	-0.591945806191749	-0.48823837401857	-0.703819518178631	-0.317100114245474	-1.05221054735968	-0.875225195982469	-0.435010338276621	-0.32841521086095	-0.836697247960575	-0.713099498695458	-0.711471953322732	-0.418538999086261
THR136A	-0.926678858035431	-0.265971830630532	-0.882794226094608	0.0886005245609169	-0.593654806824701	-0.49106571274896	-1.28195697953965	-0.956863502635464	-1.05221054735968	-0.62608931098746	-0.435010338276621	-0.32841521086095	-0.836697247960575	-0.713099498695458	-0.711471953322732	-0.418538999086261
ASN50A	-0.926678858035431	-0.265971830630532	-0.882794226094608	-0.272074177191488	-0.404810236883531	-0.178644783040848	-0.703819518178631	-0.317100114245474	-0.904011878717468	-0.875225195982469	-0.20908462489267	0.0127143406520025	-0.107756463752498	0.188070197458143	-0.443212036496128	-0.912200382623903
SER116A	-0.00401159678803235	0.197463934862061	0.142673814318321	0.449275226313322	-0.366784972800354	-0.453153000326338	0.452455404543406	0.322663274144517	0.874372144989027	0.61959011398759	-0.163592795727124	-0.287018667430099	1.35012510466365	1.08923989361174	1.7028672981167	0.568783767989022
MET162A	0.457322033835667	-0.265971830630532	0.527224329473169	0.629612577189525	1.22514911679421	0.488725388100125	1.60873032726544	0.322663274144517	1.91176282548448	1.36699776897262	0.400710343584826	-0.32841521086095	0.621184320455578	-0.713099498695458	0.0933077971570796	-0.912200382623903
GLY171A	1.37998929508307	2.05120699683243	1.68087587493771	2.61332343682775	-0.450953253973229	-0.254982928761382	-0.125682056817613	0.322663274144517	-0.459415872790844	-0.37695342599245	-0.435010338276621	-0.32841521086095	-0.107756463752498	0.188070197458143	-0.174952119669524	-0.418538999086261
GLU161A	-0.926678858035431	-0.265971830630532	-0.498243710939759	0.26893787543712	-0.500941522487068	-0.46470047038083	-0.703819518178631	-0.317100114245474	-0.607614541433052	0.12131834399757	-0.435010338276621	-0.32841521086095	-0.836697247960575	-0.713099498695458	-0.711471953322732	-0.418538999086261
LEU6A	0.918655664459367	1.12433546584725	0.527224329473169	0.99028727894193	0.0331211753103586	0.44609407102554	1.60873032726544	2.24195343931449	0.577974807704611	0.61959011398759	-0.435010338276621	-0.32841521086095	-0.836697247960575	-0.713099498695458	-0.711471953322732	-0.418538999086261
PHE25A	0.918655664459367	-0.729407596123125	0.655407834524785	-0.813086229820096	-0.497523521221164	-0.490358878066363	0.452455404543406	-0.317100114245474	0.281577470420195	-0.62608931098746	-0.435010338276621	-0.32841521086095	-0.836697247960575	-0.713099498695458	-0.711471953322732	-0.418538999086261
ALA114A	0.918655664459367	1.12433546584725	0.527224329473169	0.0886005245609169	-0.209556914568792	-0.157663690573713	1.03059286590442	1.6021900509245	0.577974807704611	0.37045422899258	-0.369072743193975	-0.228854776143369	-0.107756463752498	0.188070197458143	-0.443212036496128	-0.912200382623903
GLN93A	0.457322033835667	-0.265971830630532	0.783591339576401	0.449275226313322	-0.142905889883673	-0.331329752475826	-0.125682056817613	-0.317100114245474	-0.0148198668642207	0.12131834399757	0.104246737786882	-0.154000978948336	0.621184320455578	0.188070197458143	0.629827630810287	0.568783767989022
HIS106A	-0.926678858035431	-0.729407596123125	-1.39552824630107	-0.813086229820096	-0.501368772645306	-0.49106571274896	-0.703819518178631	-0.956863502635464	-0.904011878717468	-0.875225195982469	-0.435010338276621	-0.32841521086095	-0.836697247960575	-0.713099498695458	-0.711471953322732	-0.418538999086261
SER37A	-0.465345227411732	-0.265971830630532	-0.626427215991376	-0.452411528067691	-0.316369454128277	-0.143144759001262	0.452455404543406	0.322663274144517	0.577974807704611	0.12131834399757	-0.435010338276621	-0.32841521086095	-0.836697247960575	-0.713099498695458	-0.711471953322732	-0.418538999086261
SER177A	0.457322033835667	-0.265971830630532	1.16814185473125	0.26893787543712	0.543685114404698	-0.49106571274896	0.452455404543406	-0.956863502635464	0.874372144989027	-0.875225195982469	0.92565538350636	-0.32841521086095	1.35012510466365	-0.713099498695458	0.629827630810287	-0.912200382623903
PRO167A	0.457322033835667	0.197463934862061	0.527224329473169	0.26893787543712	0.0476476806904486	0.31048481731665	1.03059286590442	0.962426662534508	0.577974807704611	0.37045422899258	-0.435010338276621	-0.32841521086095	-0.836697247960575	-0.713099498695458	-0.711471953322732	-0.418538999086261
GLY33A	-0.465345227411732	0.197463934862061	-0.241876700836528	0.26893787543712	-0.484706016474026	-0.310822868686588	0.452455404543406	0.962426662534508	0.281577470420195	0.37045422899258	-0.435010338276621	-0.32841521086095	-0.836697247960575	-0.713099498695458	-0.711471953322732	-0.418538999086261
GLU153A	0.457322033835667	-0.265971830630532	0.655407834524785	0.449275226313322	-0.506495774544161	-0.49106571274896	-0.703819518178631	-0.956863502635464	-0.607614541433052	-0.875225195982469	-0.435010338276621	-0.32841521086095	-0.836697247960575	-0.713099498695458	-0.711471953322732	-0.418538999086261
VAL52A	0.918655664459367	1.58777123133984	1.16814185473125	1.35096198069434	1.47893571078755	2.93778933253171	-0.125682056817613	0.322663274144517	0.281577470420195	-0.12781754099744	2.04454992331964	3.41552020630948	0.621184320455578	1.08923989361174	1.7028672981167	0.568783767989022
GLU2A	-1.38801248865913	-1.19284336161572	-1.52371175135269	-0.993423580696299	-0.500941522487068	-0.49106571274896	-0.703819518178631	-0.956863502635464	-1.05221054735968	-0.875225195982469	-0.435010338276621	-0.32841521086095	-0.836697247960575	-0.713099498695458	-0.711471953322732	-0.418538999086261
HIS206A	-0.926678858035431	-0.265971830630532	-1.13916123619784	-0.272074177191488	-0.506923024702399	-0.34757827218166	-0.703819518178631	-0.317100114245474	-0.904011878717468	-0.62608931098746	-0.435010338276621	-0.32841521086095	-0.836697247960575	-0.713099498695458	-0.711471953322732	-0.418538999086261
TYR19A	-0.465345227411732	-1.19284336161572	-0.241876700836528	-0.993423580696299	-0.152305393364908	-0.49106571274896	-0.125682056817613	-0.956863502635464	-0.459415872790844	-0.875225195982469	0.0930015665324767	-0.32841521086095	0.621184320455578	-0.713099498695458	0.0933077971570796	-0.912200382623903
GLY94A	0.918655664459367	1.58777123133984	0.399040824421553	0.99028727894193	-0.593654806824701	-0.49106571274896	-1.28195697953965	-0.956863502635464	-1.05221054735968	-0.62608931098746	-0.435010338276621	-0.32841521086095	-0.836697247960575	-0.713099498695458	-0.711471953322732	-0.418538999086261
MET202A	0.457322033835667	-1.19284336161572	0.399040824421553	-0.993423580696299	-0.434290497801949	-0.49106571274896	-0.125682056817613	-0.956863502635464	0.281577470420195	-0.875225195982469	-0.435010338276621	-0.32841521086095	-0.107756463752498	-0.713099498695458	0.0933077971570796	-0.912200382623903
LEU103A	0.918655664459367	0.660899700354655	0.911774844628017	0.449275226313322	0.77995445191028	1.73899771084628	1.03059286590442	0.962426662534508	1.02257081363123	-0.12781754099744	1.17764944843461	2.10657061498377	1.35012510466365	1.99040958976534	1.7028672981167	0.568783767989022
ASN70A	-0.926678858035431	-0.729407596123125	-0.882794226094608	-0.632748878943894	-0.593654806824701	-0.49106571274896	-1.28195697953965	-0.956863502635464	-1.05221054735968	-0.62608931098746	-0.326647778915993	-0.164796511945235	-0.107756463752498	0.188070197458143	-0.443212036496128	-0.912200382623903
ILE219A	-0.926678858035431	-0.729407596123125	-0.370060205888144	-0.452411528067691	-0.294152445899904	-0.231657384235663	-0.125682056817613	-0.317100114245474	-0.311217204148637	-0.12781754099744	-0.435010338276621	-0.32841521086095	-0.836697247960575	-0.713099498695458	-0.711471953322732	-0.418538999086261
TRP230A	1.37998929508307	1.58777123133984	0.527224329473169	1.17062462981813	-0.490687518689357	-0.393315123987787	2.18686778862646	2.24195343931449	1.46716681955786	1.11786188397761	-0.435010338276621	-0.32841521086095	0.621184320455578	1.08923989361174	0.898087547636891	1.06244515152666
GLU89A	-0.00401159678803235	-0.265971830630532	0.270857319369937	0.0886005245609169	0.248028004904043	0.901398611968193	-0.125682056817613	-0.317100114245474	-0.163018535506429	-0.62608931098746	1.48740280207867	1.85481718299463	2.07906588887173	1.08923989361174	0.898087547636891	0.0751223844513802
GLN15A	-1.38801248865913	-1.19284336161572	-1.26734474124946	-0.993423580696299	-0.593654806824701	-0.49106571274896	-1.28195697953965	-0.956863502635464	-1.05221054735968	-0.62608931098746	-0.435010338276621	-0.32841521086095	-0.836697247960575	-0.713099498695458	-0.711471953322732	-0.418538999086261
THR90A	0.457322033835667	0.197463934862061	-0.113693195784912	-0.632748878943894	-0.593654806824701	-0.49106571274896	-1.28195697953965	-0.956863502635464	-1.05221054735968	-0.62608931098746	0.528496380566699	1.12640199412076	0.621184320455578	1.08923989361174	-0.443212036496128	-0.912200382623903
LEU12A	-0.926678858035431	-1.19284336161572	-0.626427215991376	-0.993423580696299	-0.593654806824701	-0.49106571274896	-1.28195697953965	-0.956863502635464	-1.05221054735968	-0.62608931098746	-0.435010338276621	-0.32841521086095	-0.836697247960575	-0.713099498695458	-0.711471953322732	-0.418538999086261
MET26A	0.918655664459367	-0.265971830630532	0.911774844628017	0.0886005245609169	-0.422754743529525	-0.480463192509997	1.03059286590442	0.322663274144517	1.17076948227344	0.8687259989826	-0.288311967821432	-0.316838416126347	1.35012510466365	1.08923989361174	1.97112721494331	2.04976791860195
SER158A	-0.00401159678803235	-0.265971830630532	0.527224329473169	0.0886005245609169	3.11786731778829	2.35818489280172	1.03059286590442	0.322663274144517	1.91176282548448	0.61959011398759	3.48904328536273	2.31649649283789	0.621184320455578	0.188070197458143	1.4346073812901	0.0751223844513802
ASP211A	-0.926678858035431	-0.729407596123125	-1.26734474124946	-0.993423580696299	-0.593654806824701	-0.49106571274896	-0.703819518178631	-0.956863502635464	-0.75581321007526	-0.875225195982469	-0.435010338276621	-0.32841521086095	-0.836697247960575	-0.713099498695458	-0.711471953322732	-0.418538999086261
SER63A	-1.38801248865913	-0.729407596123125	-1.01097773114622	-0.632748878943894	-0.593654806824701	-0.49106571274896	-1.28195697953965	-0.956863502635464	-1.05221054735968	-0.62608931098746	-0.435010338276621	-0.32841521086095	-0.836697247960575	-0.713099498695458	-0.711471953322732	-0.418538999086261
ARG142A	-0.926678858035431	-0.729407596123125	-1.13916123619784	-0.993423580696299	-0.593654806824701	-0.49106571274896	-1.28195697953965	-0.956863502635464	-1.05221054735968	-0.62608931098746	-0.435010338276621	-0.32841521086095	-0.836697247960575	-0.713099498695458	-0.711471953322732	-0.418538999086261
ASP139A	-0.926678858035431	-0.729407596123125	-1.39552824630107	-0.993423580696299	-0.591945806191749	-0.49106571274896	-0.703819518178631	-0.956863502635464	-1.05221054735968	-0.875225195982469	-0.435010338276621	-0.32841521086095	-0.836697247960575	-0.713099498695458	-0.711471953322732	-0.418538999086261
THR196A	-0.00401159678803235	0.660899700354655	-0.113693195784912	0.809949928065728	-0.593654806824701	-0.49106571274896	-1.28195697953965	-0.956863502635464	-1.05221054735968	-0.62608931098746	-0.435010338276621	-0.32841521086095	-0.836697247960575	-0.713099498695458	-0.711471953322732	-0.418538999086261
MET123A	-0.926678858035431	-1.19284336161572	-0.241876700836528	-0.993423580696299	0.0980631993625257	-0.49106571274896	-0.125682056817613	-0.956863502635464	-0.163018535506429	-0.875225195982469	0.392532037217986	-0.32841521086095	0.621184320455578	-0.713099498695458	0.361567713983683	-0.912200382623903
VAL81A	-0.465345227411732	0.197463934862061	-0.626427215991376	-0.0917368263152858	-0.353967468053216	-0.0945314558117406	-0.125682056817613	0.322663274144517	-0.607614541433052	-0.37695342599245	-0.435010338276621	-0.32841521086095	-0.836697247960575	-0.713099498695458	-0.711471953322732	-0.418538999086261
LYS9A	-0.00401159678803235	-0.729407596123125	0.399040824421553	-0.813086229820096	-0.508204775177113	-0.429424536869751	-0.125682056817613	-0.317100114245474	-0.311217204148637	-0.37695342599245	-0.435010338276621	-0.32841521086095	-0.836697247960575	-0.713099498695458	-0.711471953322732	-0.418538999086261
MET1A	-0.465345227411732	-0.265971830630532	-0.626427215991376	-0.272074177191488	-0.332604960141319	-0.337773795629372	0.452455404543406	0.322663274144517	0.281577470420195	0.61959011398759	-0.435010338276621	-0.32841521086095	-0.836697247960575	-0.713099498695458	-0.711471953322732	-0.418538999086261
SER192A	-0.926678858035431	-0.729407596123125	-1.13916123619784	-0.993423580696299	-0.593654806824701	-0.49106571274896	-1.28195697953965	-0.956863502635464	-1.05221054735968	-0.62608931098746	-0.435010338276621	-0.32841521086095	-0.836697247960575	-0.713099498695458	-0.711471953322732	-0.418538999086261
LEU229A	-1.38801248865913	-1.19284336161572	-1.52371175135269	-0.993423580696299	-0.593654806824701	-0.49106571274896	-1.28195697953965	-0.956863502635464	-1.05221054735968	-0.62608931098746	-0.435010338276621	-0.32841521086095	-0.836697247960575	-0.713099498695458	-0.711471953322732	-0.418538999086261
THR228A	-0.926678858035431	-0.265971830630532	-1.52371175135269	-0.813086229820096	-0.593654806824701	-0.49106571274896	-1.28195697953965	-0.956863502635464	-1.05221054735968	-0.62608931098746	-0.214196066371945	0.00499647749560089	-0.107756463752498	0.188070197458143	-0.443212036496128	-0.418538999086261
LYS195A	-0.465345227411732	-1.19284336161572	-0.498243710939759	-0.993423580696299	-0.49837802153764	-0.49106571274896	-0.703819518178631	-0.956863502635464	-0.607614541433052	-0.875225195982469	-0.435010338276621	-0.32841521086095	-0.836697247960575	-0.713099498695458	-0.711471953322732	-0.418538999086261
LYS11A	-0.926678858035431	-1.19284336161572	-0.626427215991376	-0.993423580696299	-0.500941522487068	-0.49106571274896	-0.703819518178631	-0.956863502635464	-0.607614541433052	-0.875225195982469	-0.324092058176356	-0.32841521086095	-0.107756463752498	-0.713099498695458	0.0933077971570796	-0.912200382623903
GLU115A	-0.465345227411732	-0.729407596123125	0.0144903092667045	-0.993423580696299	-0.18306740475804	-0.324959562338539	-0.125682056817613	-0.317100114245474	-0.0148198668642207	-0.62608931098746	0.0561991878816974	-0.147045426685511	0.621184320455578	0.188070197458143	0.629827630810287	-0.418538999086261
ASP97A	-0.926678858035431	-1.19284336161572	-0.370060205888144	-0.993423580696299	-0.593654806824701	-0.49106571274896	-1.28195697953965	-0.956863502635464	-1.05221054735968	-0.62608931098746	-0.435010338276621	-0.32841521086095	-0.836697247960575	-0.713099498695458	-0.711471953322732	-0.418538999086261
GLU72A	-1.38801248865913	-1.19284336161572	-1.52371175135269	-0.993423580696299	-0.593654806824701	-0.49106571274896	-1.28195697953965	-0.956863502635464	-1.05221054735968	-0.62608931098746	-0.435010338276621	-0.32841521086095	-0.836697247960575	-0.713099498695458	-0.711471953322732	-0.418538999086261
GLU34A	-0.926678858035431	-1.19284336161572	-0.754610721042992	-0.993423580696299	-0.500941522487068	-0.49106571274896	-0.125682056817613	-0.956863502635464	-0.163018535506429	-0.875225195982469	-0.435010338276621	-0.32841521086095	-0.836697247960575	-0.713099498695458	-0.711471953322732	-0.418538999086261
LYS109A	-0.926678858035431	-0.265971830630532	-1.39552824630107	-0.813086229820096	-0.500941522487068	-0.337682586625294	-0.125682056817613	0.322663274144517	-0.75581321007526	-0.875225195982469	-0.435010338276621	-0.32841521086095	-0.836697247960575	-0.713099498695458	-0.711471953322732	-0.418538999086261
ASP145A	-0.926678858035431	-0.729407596123125	-1.01097773114622	-0.813086229820096	-0.593654806824701	-0.49106571274896	-1.28195697953965	-0.956863502635464	-1.05221054735968	-0.62608931098746	-0.435010338276621	-0.32841521086095	-0.836697247960575	-0.713099498695458	-0.711471953322732	-0.418538999086261
GLU110A	-0.926678858035431	-1.19284336161572	-0.754610721042992	-0.993423580696299	-0.500941522487068	-0.49106571274896	-0.125682056817613	-0.956863502635464	-0.0148198668642207	-0.875225195982469	-0.434499194128694	-0.32841521086095	-0.107756463752498	-0.713099498695458	-0.711471953322732	-0.912200382623903
GLU83A	-0.926678858035431	-0.265971830630532	-1.01097773114622	-0.272074177191488	-0.593654806824701	-0.49106571274896	-1.28195697953965	-0.956863502635464	-1.05221054735968	-0.62608931098746	-0.435010338276621	-0.32841521086095	-0.107756463752498	0.188070197458143	-0.443212036496128	-0.418538999086261
GLU39A	-1.38801248865913	-1.19284336161572	-1.39552824630107	-0.993423580696299	-0.500941522487068	-0.49106571274896	-0.703819518178631	-0.956863502635464	-0.75581321007526	-0.875225195982469	-0.435010338276621	-0.32841521086095	-0.836697247960575	-0.713099498695458	-0.711471953322732	-0.418538999086261
ASN226A	-0.465345227411732	-0.265971830630532	0.142673814318321	0.26893787543712	-0.500087022170592	-0.41366731500453	-0.125682056817613	0.322663274144517	-0.459415872790844	0.37045422899258	-0.323069769880501	-0.243904609298352	0.621184320455578	1.08923989361174	0.361567713983683	1.5561065350643
LYS87A	-1.38801248865913	-1.19284336161572	-1.13916123619784	-0.993423580696299	-0.593654806824701	-0.49106571274896	-1.28195697953965	-0.956863502635464	-1.05221054735968	-0.62608931098746	-0.324092058176356	-0.32841521086095	-0.107756463752498	-0.713099498695458	-0.443212036496128	-0.912200382623903
SER45A	-1.38801248865913	-1.19284336161572	-1.39552824630107	-0.993423580696299	-0.500941522487068	-0.49106571274896	-0.703819518178631	-0.956863502635464	-0.904011878717468	-0.875225195982469	-0.324092058176356	-0.32841521086095	-0.107756463752498	-0.713099498695458	-0.443212036496128	-0.912200382623903
GLU200A	-1.38801248865913	-1.19284336161572	-0.754610721042992	-0.993423580696299	-0.593654806824701	-0.49106571274896	-1.28195697953965	-0.956863502635464	-1.05221054735968	-0.62608931098746	-0.435010338276621	-0.32841521086095	-0.836697247960575	-0.713099498695458	-0.711471953322732	-0.418538999086261
LEU218A	-1.38801248865913	-1.19284336161572	-1.26734474124946	-0.993423580696299	-0.593654806824701	-0.49106571274896	-1.28195697953965	-0.956863502635464	-1.05221054735968	-0.62608931098746	-0.435010338276621	-0.32841521086095	-0.836697247960575	-0.713099498695458	-0.711471953322732	-0.418538999086261
GLU210A	-1.38801248865913	-1.19284336161572	-1.39552824630107	-0.993423580696299	-0.500941522487068	-0.49106571274896	-0.703819518178631	-0.956863502635464	-0.75581321007526	-0.875225195982469	-0.435010338276621	-0.32841521086095	-0.836697247960575	-0.713099498695458	-0.711471953322732	-0.418538999086261
ASP215A	-1.38801248865913	-1.19284336161572	-1.13916123619784	-0.993423580696299	-0.500941522487068	-0.49106571274896	-0.703819518178631	-0.956863502635464	-0.607614541433052	-0.875225195982469	-0.435010338276621	-0.32841521086095	-0.836697247960575	-0.713099498695458	-0.711471953322732	-0.418538999086261
ILE143A	-0.926678858035431	-0.729407596123125	-0.241876700836528	-0.0917368263152858	-0.500941522487068	-0.481170027192595	-0.125682056817613	-0.317100114245474	0.133378801777987	0.37045422899258	-0.435010338276621	-0.32841521086095	-0.836697247960575	-0.713099498695458	-0.711471953322732	-0.418538999086261
SER0A	-1.84934611928283	-1.19284336161572	-1.6518952564043	-0.993423580696299	-0.593654806824701	-0.49106571274896	-1.28195697953965	-0.956863502635464	-1.05221054735968	-0.62608931098746	-0.435010338276621	-0.32841521086095	-0.836697247960575	-0.713099498695458	-0.711471953322732	-0.418538999086261
GLN8A	-1.84934611928283	-1.19284336161572	-1.6518952564043	-0.993423580696299	-0.593654806824701	-0.49106571274896	-1.28195697953965	-0.956863502635464	-1.05221054735968	-0.62608931098746	-0.435010338276621	-0.32841521086095	-0.836697247960575	-0.713099498695458	-0.711471953322732	-0.418538999086261
SER64A	-1.84934611928283	-1.19284336161572	-1.6518952564043	-0.993423580696299	-0.593654806824701	-0.49106571274896	-1.28195697953965	-0.956863502635464	-1.05221054735968	-0.62608931098746	-0.435010338276621	-0.32841521086095	-0.836697247960575	-0.713099498695458	-0.711471953322732	-0.418538999086261
GLN67A	-1.84934611928283	-1.19284336161572	-1.6518952564043	-0.993423580696299	-0.593654806824701	-0.49106571274896	-1.28195697953965	-0.956863502635464	-1.05221054735968	-0.62608931098746	-0.435010338276621	-0.32841521086095	-0.836697247960575	-0.713099498695458	-0.711471953322732	-0.418538999086261
LYS68A	-1.84934611928283	-1.19284336161572	-1.6518952564043	-0.993423580696299	-0.593654806824701	-0.49106571274896	-1.28195697953965	-0.956863502635464	-1.05221054735968	-0.62608931098746	-0.435010338276621	-0.32841521086095	-0.836697247960575	-0.713099498695458	-0.711471953322732	-0.418538999086261
GLU71A	-1.84934611928283	-1.19284336161572	-1.6518952564043	-0.993423580696299	-0.593654806824701	-0.49106571274896	-1.28195697953965	-0.956863502635464	-1.05221054735968	-0.62608931098746	-0.435010338276621	-0.32841521086095	-0.836697247960575	-0.713099498695458	-0.711471953322732	-0.418538999086261
LYS141A	-1.84934611928283	-1.19284336161572	-1.6518952564043	-0.993423580696299	-0.593654806824701	-0.49106571274896	-1.28195697953965	-0.956863502635464	-1.05221054735968	-0.62608931098746	-0.435010338276621	-0.32841521086095	-0.836697247960575	-0.713099498695458	-0.711471953322732	-0.418538999086261
LYS160A	-1.84934611928283	-1.19284336161572	-1.6518952564043	-0.993423580696299	-0.593654806824701	-0.49106571274896	-1.28195697953965	-0.956863502635464	-1.05221054735968	-0.62608931098746	-0.435010338276621	-0.32841521086095	-0.836697247960575	-0.713099498695458	-0.711471953322732	-0.418538999086261
