Degree	Degree_sidechain	SecondOrderDegree	SecondOrderDegree_sidechain	NodeEdgeBetweennessSTRIDE	NodeEdgeBetweennessSTRIDE_sidechain	IntermodularDegreeSTRIDE	IntermodularDegreeSTRIDE_sidechain	SecondOrderIntermodularDegreeSTRIDE	SecondOrderIntermodularDegreeSTRIDE_sidechain	NodeEdgeBetweennessWALKTRAP	NodeEdgeBetweennessWALKTRAP_sidechain	IntermodularDegreeWALKTRAP	IntermodularDegreeWALKTRAP_sidechain	SecondOrderIntermodularDegreeWALKTRAP	SecondOrderIntermodularDegreeWALKTRAP_sidechain
CYS229A	5	4	15	9	1108	406.348721406857	5	4	15	8	525	1	2	1	1	0
TRP146A	7	3	19	3	1798	292.040643031502	6	3	16	3	684	1	3	1	4	0
ARG273A	7	3	26	8	4104	1573.62250667713	5	3	13	6	2138	1	4	1	9	0
ASP281A	6	4	18	8	1674	312.513470557475	3	3	8	6	1	1	1	1	1	1
GLY105A	7	7	17	12	651	651	6	6	19	10	246	246	3	3	6	3
SER106A	2	1	6	1	196	1	2	1	5	0	1	1	1	1	1	1
ARG196A	8	6	27	15	1243	879.729936708706	7	6	31	17	578	273.461361952303	4	3	10	2
ASP184A	6	6	17	12	1354	270.44123773011	6	6	23	16	145	34.8337799011583	3	3	4	2
CYS242A	8	6	20	10	576	166.244667899634	5	4	24	12	323	162	2	2	4	3
HIS179A	7	5	20	9	3107	410.708934305211	6	4	27	12	2863	410.708934305211	5	4	13	7
ARG202A	3	3	4	2	196	69.0292158021566	3	3	3	2	196	69.0292158021566	3	3	3	2
GLU221A	4	2	7	2	2	1.5	3	2	6	2	2	1.5	3	2	4	2
ARG213A	10	8	22	14	1984	478.641941783697	10	8	28	14	1984	478.641941783697	6	4	13	5
SER94A	5	5	14	12	151	47.358058216303	3	3	12	9	121	17.358058216303	2	2	5	3
ARG175A	7	6	21	14	5836	4255.38974518759	7	6	31	16	4849	3474	4	3	12	4
GLY279A	8	8	24	23	2003	1220.80585337715	3	3	8	7	2003	1220.80585337715	3	3	7	7
THR118A	6	5	16	14	1912	884.367691281764	5	4	10	9	1895	884.367691281764	4	4	8	8
PRO128A	5	5	12	7	1020	996.289466916103	4	4	13	5	693	669.289466916103	3	3	6	2
TYR126A	7	2	18	3	2902	266	6	2	19	2	1657	266	4	2	10	2
ARG267A	7	4	18	7	1266	406.181071866986	4	3	7	1	1	1	1	1	1	1
LEU264A	6	6	20	16	257	169.723594088641	3	3	7	3	222	74.1137982447001	2	2	5	3
CYS176A	8	6	19	9	2522	994.829544436906	8	6	29	12	1291	994.334169916872	4	4	7	5
ARG249A	7	6	20	11	6326	4609.8589467428	7	6	25	14	3423	2235.8589467428	5	4	7	5
GLU171A	6	3	15	5	2246	455.370474567753	5	3	15	6	2246	455.370474567753	4	3	9	4
TYR205A	8	4	28	16	6042	591.409422673634	8	4	34	14	5390	591.409422673634	7	4	23	8
VAL203A	8	8	22	18	1400	872.769213115354	7	7	29	21	1206	678.769213115354	5	5	18	13
THR230A	6	5	19	13	124	86.5814213749372	5	4	19	8	14	14	3	3	6	2
THR231A	7	7	21	19	1327	1327	4	4	12	8	2728	2682	5	5	10	7
TYR163A	4	3	16	9	2608	128.59768541695	4	3	18	9	1327	128.59768541695	3	3	7	4
THR125A	9	8	24	18	1160	490.659461639404	7	6	22	15	1160	490.659461639404	6	6	18	13
VAL122A	8	7	21	18	3100	2456.4731598513	5	5	16	12	3100	2456.4731598513	5	5	14	11
HIS93A	5	4	11	6	1158	878.120102763023	4	3	11	5	1158	878.120102763023	4	3	7	3
VAL172A	6	6	13	11	638	638	4	4	7	4	638	638	4	4	7	3
THR211A	7	6	16	11	759	729	4	3	13	8	1402	1222.60223528031	5	5	11	5
GLY154A	5	5	12	10	570	570	4	4	12	8	192	192	2	2	1	0
PRO153A	3	2	6	3	1	1	1	1	1	1	1	1	1	1	1	1
ILE162A	6	2	23	4	3602	297.569741125368	5	2	21	4	2392	297.569741125368	4	2	12	2
VAL173A	7	7	22	20	2876	2705.06744091751	5	5	16	12	385	214.06744091751	3	3	8	8
THR253A	7	7	27	17	2620	1338.71742137522	5	5	18	10	2582	1319.71742137522	5	5	12	6
TYR236A	7	3	27	11	4596	737.570526975162	7	3	29	7	1512	666.206147324142	3	2	7	4
ALA138A	4	4	14	5	264	184.903019265141	3	3	10	3	1	1	1	1	1	1
LEU137A	6	4	23	9	196	136	5	3	25	7	72	70	3	2	8	3
PRO222A	4	3	12	4	1	1	1	1	1	1	1	1	1	1	1	1
TYR220A	10	3	31	6	2960	1	8	2	38	2	1219	1	5	2	10	2
CYS238A	10	6	33	13	2968	1381.93898978832	9	5	48	16	1449	1378.67903220799	7	4	19	5
CYS124A	7	4	24	16	2598	855.64638224142	6	3	19	9	1310	1	5	2	15	5
CYS141A	8	7	27	15	1541	843.199133175018	5	5	22	14	1	1	1	1	1	1
CYS182A	4	4	9	9	389	355.166220098842	3	3	10	8	340	213.3428023297	3	3	3	3
MET246A	9	5	23	13	8360	5588.67916624521	9	5	36	13	374	80.6791662452111	4	2	8	4
VAL216A	8	8	23	20	2353	2317.84626284628	6	6	28	21	2353	2317.84626284628	6	6	18	11
ASP208A	4	4	7	5	1	1	1	1	1	1	775	375.397764719688	3	3	6	4
LEU265A	8	6	25	15	1377	1366.5	6	5	21	9	1142	938.8862017553	6	4	10	3
ASP259A	6	5	12	3	1151	260.170289578799	3	2	8	2	1151	260.170289578799	3	2	8	2
GLY187A	4	3	9	4	3	2.11326785482025	2	2	3	2	1	1	1	1	1	1
LEU188A	6	3	16	8	196	49.3867321451797	4	3	9	7	96	48.5	2	2	4	4
ALA189A	7	6	17	12	1570	885.304422821204	5	4	18	10	1051	857.129215374063	3	3	9	5
HIS178A	4	2	10	4	1	1	2	1	7	0	1	1	2	1	3	0
PRO142A	7	5	18	13	1631	144.331643107796	4	3	7	3	1534	84.650028376109	3	2	6	2
GLY226A	3	3	1	1	3	3	2	2	1	0	1	1	1	1	1	1
SER227A	2	1	2	1	3	1	2	1	1	0	1	1	1	1	1	1
ARG158A	8	5	23	7	3756	1755.59259841044	6	5	15	6	3059	1401.20775287499	5	3	14	6
VAL217A	6	6	22	19	4328	3766.98621497825	4	4	15	11	5035	4204.90645853067	5	5	16	13
VAL143A	7	6	23	18	456	327	5	4	19	14	78	15.5	4	3	10	5
GLU258A	5	3	23	9	1783	325.030406392056	4	2	17	4	1767	597.585427613365	3	3	7	5
THR256A	8	7	27	20	1048	883.276405911359	5	4	14	8	762	489.444978778691	4	4	12	6
ASN235A	4	4	11	5	420	321.118775487318	4	4	10	4	218	119.118775487318	2	2	3	2
LYS139A	6	1	16	1	612	1	5	1	14	0	321	1	2	1	3	0
GLU271A	5	3	13	2	1169	213.11258636855	4	3	8	2	755	213.11258636855	3	3	3	1
LYS164A	4	1	8	1	414	1	4	1	9	0	237	1	3	1	4	0
ASN268A	6	5	20	15	2188	1327.86245500963	5	4	20	13	1993	1327.86245500963	4	4	11	6
PHE109A	8	3	33	11	1372	109	8	3	38	9	1331	109	6	2	15	2
GLY245A	6	6	19	15	3572	2849.76715396373	6	6	27	18	1	1	1	1	1	1
MET237A	8	4	24	10	706	108.831202961915	7	4	29	12	1	1	2	1	6	0
PRO152A	5	3	12	5	689	640.713688103575	4	3	16	5	689	640.713688103575	3	3	5	3
LEU194A	7	7	26	20	196	107.820833754789	7	7	31	20	196	107.820833754789	5	5	13	8
PHE134A	7	4	29	10	607	321.711632243715	5	3	22	9	1	1	3	1	7	0
PRO278A	8	8	23	21	583	451.824461496614	7	7	23	15	354	321.019695637497	3	3	5	4
PRO223A	4	4	13	7	525	525	2	2	4	3	525	525	2	2	1	0
LEU111A	9	8	32	20	2399	2093.13754499037	8	8	36	21	2328	2057.63754499037	5	5	16	8
LEU252A	4	4	9	3	1052	893.011982951247	4	4	9	3	638	479.011982951247	3	3	3	1
ASN239A	6	2	22	4	4055	3	4	2	20	2	2126	3	3	2	7	1
VAL274A	11	10	33	26	4718	4574.32381178256	9	8	40	22	2238	2124	6	5	14	5
PRO98A	6	6	20	12	1851	1577	5	5	20	14	2440	1967.13264158654	5	5	14	8
VAL97A	6	5	15	10	128	64.5	4	3	16	4	973	582.867358413465	3	3	6	4
GLN192A	8	5	18	10	968	45.5	6	3	18	6	1263	756.615361485837	5	3	12	3
PRO190A	7	5	22	12	1745	1745	2	2	7	3	2321	1875	4	3	11	3
GLN144A	9	5	25	8	1351	325.16030674861	6	4	18	7	175	63.0564874203477	3	2	5	2
GLN282A	8	7	24	16	2868	1655.03333791469	7	7	27	15	2358	1405.92396841471	6	6	16	11
PRO219A	3	3	7	7	195	127.470784197843	2	2	2	2	195	127.470784197843	2	2	2	2
VAL218A	7	7	20	16	1516	955.600401163769	5	5	21	16	2223	1224.68015761135	6	6	20	16
GLN100A	5	2	13	3	946	159.988017048753	4	2	9	3	402	159.988017048753	2	2	2	2
ILE254A	8	5	30	9	1437	1140.43025887463	5	5	13	7	1386	793.430258874632	5	3	17	5
ILE232A	8	5	29	18	1445	579.201265896998	5	4	24	15	2378	579.201265896998	5	4	17	12
TYR234A	6	4	26	11	1006	60.8581820269628	5	3	20	5	375	60.8581820269628	3	3	8	4
ARG174A	6	5	18	9	774	534.467398488416	5	5	15	9	774	534.467398488416	5	5	12	8
ASN247A	3	1	7	1	196	1	3	1	9	0	1	1	1	1	1	1
MET243A	5	4	8	6	598	415.085309369294	5	4	11	4	1	1	1	1	1	1
ASN200A	5	2	14	6	728	238.317293280763	4	2	13	4	454	238.317293280763	3	2	11	5
VAL197A	10	8	32	22	1525	865.554953560641	9	7	36	17	763	103.554953560641	7	5	25	13
ARG290A	3	3	1	1	1	1	1	1	1	1	1	1	1	1	1	1
LYS291A	2	1	2	1	1	1	1	1	1	1	1	1	1	1	1	1
GLU180A	3	3	6	3	389	195	2	2	4	3	389	195	2	2	3	2
HIS90A	7	4	12	9	1381	1005.54403655041	5	4	13	7	629	257.544036550413	4	3	7	5
LEU130A	6	5	13	8	980	616.197876228303	5	5	13	9	683	496.253552372913	4	4	6	3
SER127A	5	3	12	4	1158	275.810228231411	5	3	15	5	534	98.7545520868015	3	2	7	1
LEU114A	3	3	11	7	430	284.293484203543	3	3	8	5	430	284.293484203543	3	3	4	2
SER269A	3	2	6	2	472	198	3	2	6	1	275	1	2	1	3	0
ALA276A	5	3	13	6	130	1	3	1	12	0	130	1	2	1	3	0
GLN136A	7	5	23	10	494	187.980304362503	7	5	29	9	301	165.980304362503	4	4	6	5
GLY266A	8	8	26	20	942	942	5	5	20	10	694	694	4	4	12	5
TYR103A	5	1	13	1	628	1	4	1	11	0	246	1	2	1	2	0
ALA159A	6	6	22	15	181	88.5971836600747	4	4	14	9	72	51.9466954006444	3	3	7	7
LEU145A	8	8	33	24	647	335.878229003206	7	7	35	21	429	225.959650378143	4	4	13	8
CYS275A	7	7	20	15	505	265.059256906283	5	5	20	17	1	1	2	2	5	4
PRO151A	6	5	16	9	2386	1506.65295668701	6	5	20	9	2126	1320.61342601139	4	3	7	2
ALA161A	6	6	19	16	563	245.184535194145	4	4	14	13	688	370.184535194145	5	5	10	6
ASP207A	5	4	10	7	413	93.610695134609	4	4	12	8	330	82.069459809075	3	2	4	3
LEU206A	4	3	12	7	177	1	3	2	9	4	20	20	2	2	2	1
ASN131A	4	3	11	4	692	427	4	3	12	3	692	427	4	3	8	1
PHE270A	7	3	23	10	3358	703.724299921552	6	3	22	9	3022	598.076431300637	5	2	14	4
ARG280A	5	3	13	6	1	1	1	1	1	1	1	1	1	1	1	1
GLY244A	5	5	12	11	746	389.783947774014	5	5	18	15	135	46.5511017377453	2	2	2	2
ARG283A	5	4	13	10	1	1	2	2	4	3	1	1	2	2	3	3
VAL272A	8	8	28	21	581	509.63562034898	4	4	16	11	85	85	3	3	7	4
LYS101A	3	1	9	1	174	1	2	1	3	0	1	1	1	1	1	1
LYS132A	4	3	14	4	1177	854.985946099789	3	3	7	5	755	542.88741363145	2	2	2	2
GLU198A	5	3	15	5	379	170.826200664444	4	3	14	5	379	170.826200664444	4	3	8	2
THR140A	6	4	17	10	168	97.0550238482378	4	3	8	3	162	91.0550238482378	2	2	3	2
SER260A	4	2	9	1	192	1	2	1	3	0	192	1	2	1	1	0
ARG156A	6	3	17	5	196	55.4496662468363	5	3	14	4	194	55.4496662468363	3	3	5	5
VAL157A	9	8	33	22	5678	2540.75095975806	7	6	31	17	3584	638.750959758056	6	5	21	10
PRO191A	4	3	17	8	2167	1	2	1	6	0	2853	377.384638514163	3	2	7	2
GLY112A	5	5	18	13	1517	1336.50681623338	3	3	10	5	1257	1257	2	2	3	1
PHE113A	5	3	16	4	1848	1662	4	3	15	3	2065	623	4	2	6	1
GLN167A	3	2	4	2	1	1	1	1	1	1	1	1	1	1	1	1
HIS168A	4	3	7	5	387	169.156566213676	3	2	8	5	387	169.156566213676	2	2	4	3
MET133A	6	6	23	15	998	571.195788532781	6	6	21	13	187	187	2	2	3	1
GLY262A	4	4	6	5	194	194	2	2	3	2	194	194	2	2	3	2
SER261A	5	1	7	1	1	1	2	1	3	0	1	1	2	1	3	0
GLU204A	3	2	11	2	196	1.32595950786841	3	2	10	2	2	1.32595950786841	2	2	2	2
ILE195A	5	4	20	11	528	190.248023888344	5	4	18	9	490	171.248023888344	4	3	11	5
LEU257A	7	6	29	16	1318	636.505326782017	7	6	35	16	662	331	3	2	8	1
ARG110A	6	5	18	12	1716	857.527031679216	6	5	21	11	1021	449	3	2	5	0
ASP148A	4	3	12	8	196	74.8827490994314	3	3	11	9	1	1	1	1	1	1
SER185A	6	4	13	8	386	230	4	2	15	3	157	1	3	1	5	0
SER215A	5	2	16	4	1258	343.615154464546	4	2	12	4	1	1	2	1	5	0
ASN263A	4	3	6	4	580	127.829710421201	4	3	4	1	580	127.829710421201	4	3	4	1
THR284A	6	5	13	9	1	1	1	1	1	1	148	1	2	1	2	0
THR123A	5	5	18	11	327	324	4	4	15	6	327	324	4	4	8	4
TYR107A	6	2	18	2	220	49.2863118964253	5	2	15	2	212	49.2863118964253	3	2	7	2
HIS89A	2	2	6	4	1	1	1	1	1	1	1	1	1	1	1	1
HIS233A	5	4	17	13	104	38.3183852683128	3	2	6	2	93	47	2	2	4	4
HIS92A	4	2	8	2	708	362.016327058819	3	2	7	2	708	362.016327058819	3	2	6	2
HIS91A	4	3	11	4	576	137.73166126197	3	2	6	1	268	1	3	2	7	2
PHE212A	4	2	12	2	628	172.26833873803	3	2	5	1	414	1	3	1	7	0
HIS115A	6	5	17	15	159	80	4	4	15	11	196	105.304706472139	4	4	11	8
SER116A	7	4	16	9	260	230.710533083897	5	3	20	4	170	24.7105330838968	4	2	10	2
HIS193A	6	5	15	8	1264	1264	5	5	16	8	131	1	2	1	3	0
GLY108A	8	7	20	10	988	560.590219221353	7	6	24	10	162	162	2	2	5	1
ALA129A	4	4	9	9	6	3.5	2	2	3	3	6	3.5	2	2	2	2
CYS135A	8	7	31	23	486	106.487015647308	7	6	33	20	189	1	3	2	4	0
HIS214A	5	4	13	8	1142	536.919105152096	5	4	16	9	707	536.919105152096	4	4	10	7
ASP186A	5	4	10	7	389	360.824792552859	3	3	7	5	1	1	1	1	1	1
SER95A	3	2	6	2	1	1	1	1	1	1	1	1	1	1	1	1
ARG248A	2	2	4	3	196	33.9146906307058	2	2	4	3	1	1	1	1	1	1
ALA119A	4	3	11	6	18	18	2	2	4	3	1	1	1	1	1	1
SER121A	3	2	9	7	1	1	1	1	1	1	1	1	1	1	1	1
GLY117A	5	5	13	12	135	69.7698654356669	2	2	6	5	288	197.465158963528	4	4	11	9
SER240A	4	3	18	11	4236	2168	4	3	20	9	2168	2168	3	3	8	4
ASN210A	3	1	8	1	1	1	1	1	1	1	196	1	3	1	6	0
CYS277A	6	3	11	3	103	1	2	1	6	0	1	1	1	1	1	1
ILE255A	9	5	35	16	966	350.044634312963	6	3	27	5	1365	573.695122572393	7	3	23	4
THR155A	8	7	26	16	1056	472.381247206594	8	7	32	17	418	303.386573988611	2	2	3	2
THR150A	2	2	5	4	196	74.9604693243768	2	2	5	4	1	1	1	1	1	1
MET169A	5	2	13	2	194	194	4	2	13	0	1	1	1	1	1	1
SER166A	3	2	5	2	194	1	2	1	3	0	1	1	1	1	1	1
PRO177A	4	4	9	8	196	138.726761832183	3	3	11	9	196	138.726761832183	3	3	4	4
ASP228A	2	1	6	1	196	1	2	1	5	0	1	1	1	1	1	1
SER99A	5	4	15	4	298	65.8189281330145	3	2	7	2	1	1	1	1	1	1
GLU286A	3	2	8	2	196	98.2454479131984	3	2	8	2	196	98.2454479131984	3	2	5	1
VAL147A	7	5	22	7	316	236	5	3	23	3	236	236	3	3	6	1
SER149A	4	2	11	2	74	9	3	2	9	1	1	1	1	1	1	1
GLU285A	7	4	21	6	812	147.080465787973	5	4	14	6	368	1	3	1	5	0
LEU289A	4	4	7	6	590	385.246447627087	4	4	6	5	395	190.246447627087	3	3	4	4
ASN288A	3	3	10	8	1	1	1	1	1	1	222	222	3	3	3	0
SER183A	2	2	3	3	1	1	1	1	1	1	196	93.8234177691418	2	2	2	2
GLN104A	3	1	11	1	177	1	2	1	6	0	1	1	1	1	1	1
SER96A	6	2	14	5	101	1	3	2	12	2	484	1	3	1	7	0
GLU287A	2	2	2	2	1	1	1	1	1	1	1	1	1	1	1	1
MET160A	6	3	19	9	1048	1048	4	3	16	8	613	488	3	2	9	3
THR102A	3	3	8	5	196	196	2	2	4	3	1	1	1	1	1	1
PRO250A	4	4	8	6	890	850.714602764151	4	4	11	7	518	518	2	2	4	3
HIS88A	4	4	12	8	196	139.958764674466	4	4	12	8	1	1	1	1	1	1
ILE251A	3	3	12	9	196	196	3	3	14	10	196	196	3	3	7	5
GLY199A	3	3	6	4	275	275	2	2	3	1	1	1	1	1	1	1
THR170A	6	5	16	8	622	292.379897236977	5	4	19	6	495	228.879897236977	2	2	3	2
GLN165A	3	3	4	4	196	40.2853972358489	3	3	5	4	1	1	1	1	1	1
VAL225A	2	2	2	2	1	1	1	1	1	1	1	1	1	1	1	1
ARG181A	2	2	2	2	1	1	1	1	1	1	1	1	1	1	1	1
SER241A	2	2	5	2	1	1	1	1	1	1	1	1	1	1	1	1
LYS292A	2	1	3	1	196	1	2	1	3	0	1	1	1	1	1	1
ARG209A	2	1	3	1	1	1	1	1	1	1	1	1	1	1	1	1
LYS120A	1	1	1	1	1	1	1	1	1	1	1	1	1	1	1	1
LEU201A	1	1	1	1	1	1	1	1	1	1	1	1	1	1	1	1
GLU224A	1	1	1	1	1	1	1	1	1	1	1	1	1	1	1	1
