Degree	Degree_sidechain	SecondOrderDegree	SecondOrderDegree_sidechain	NodeEdgeBetweennessSTRIDE	NodeEdgeBetweennessSTRIDE_sidechain	IntermodularDegreeSTRIDE	IntermodularDegreeSTRIDE_sidechain	SecondOrderIntermodularDegreeSTRIDE	SecondOrderIntermodularDegreeSTRIDE_sidechain	NodeEdgeBetweennessWALKTRAP	NodeEdgeBetweennessWALKTRAP_sidechain	IntermodularDegreeWALKTRAP	IntermodularDegreeWALKTRAP_sidechain	SecondOrderIntermodularDegreeWALKTRAP	SecondOrderIntermodularDegreeWALKTRAP_sidechain
THR940A	6	5	17	11	1061	739.5	5	4	16	6	1	1	1	1	1	1
VAL980A	5	5	15	11	345	223.293395464426	4	4	12	7	288	194.793395464426	2	2	3	2
THR940B	5	4	7	3	690	550	5	4	8	1	1	1	1	1	1	1
TYR978B	4	1	15	1	523	1	3	1	8	0	1	1	1	1	1	1
TYR827B	7	4	21	8	13368	11477.8341097237	5	3	20	6	13368	11477.8341097237	4	3	11	5
VAL769B	7	6	23	17	2912	2428.21170782272	6	5	23	15	1977	1500.21170782272	4	4	8	6
CYS818A	7	5	28	13	1080	1	5	4	18	6	1080	1	3	2	9	0
LEU814A	8	6	27	17	4038	878.054295352459	6	5	23	16	4005	845.054295352459	4	3	9	5
ARG977A	4	2	12	2	592	140.898531060559	4	2	12	2	1	1	1	1	1	1
TYR978A	8	3	21	2	2136	130.101468939441	7	3	19	1	1	1	1	1	1	1
MET945A	4	4	10	7	1	1	1	1	1	1	1	1	1	1	1	1
TYR944A	8	5	22	10	1429	1291.12087178774	4	4	13	9	1234	1234	3	3	7	4
ASN842B	6	4	19	8	28080	13645.5985502412	5	3	22	9	1	1	1	1	1	1
VAL843B	9	9	30	23	17078	13135.7429189815	8	8	32	20	1	1	2	2	4	3
GLY724A	6	6	10	8	1665	1561.22244576049	5	5	9	4	2124	1503.99657065727	3	3	4	3
SER720A	5	1	12	1	8	1	3	1	6	0	521	1	3	1	3	0
PHE910A	3	1	9	1	526	1	3	1	9	0	1	1	1	1	1	1
VAL802A	7	7	19	16	13813	7065.6885702113	5	5	19	12	1	1	1	1	1	1
LEU798A	6	6	23	21	5926	2314.51430788523	5	5	26	21	1	1	1	1	1	1
TRP817A	12	8	34	19	30046	7377.7319791978	9	6	39	17	6050	1	2	1	5	0
MET908B	9	5	32	19	1815	460.548923572879	7	4	32	14	1815	460.548923572879	6	3	11	4
THR909B	6	6	26	19	731	593.362582968049	3	3	10	8	209	139.404801222883	2	2	3	3
ALA859B	9	6	29	15	11544	4758.17014459076	6	4	28	9	8490	4640.17014459076	4	3	11	5
LEU858B	10	7	30	16	10378	4975.56165871113	8	7	33	18	10378	4975.56165871113	7	7	17	14
GLY729A	8	8	18	13	1195	752.695944820258	6	6	17	9	403	265.542926842578	2	2	4	3
LEU730A	7	5	16	10	1172	200.309815777469	6	4	15	3	1550	315.766888934891	5	4	7	3
ASP984B	5	4	13	9	1592	520.905124480885	4	4	14	11	1	1	1	1	1	1
GLY983B	3	3	4	4	1	1	1	1	1	1	1	1	1	1	1	1
VAL845B	10	10	31	27	6926	3740.12673781577	7	7	33	24	3761	2243.41179173749	4	4	5	4
VAL851B	9	8	34	25	31297	16406.4767743575	7	6	35	24	1523	1009.36841569695	2	2	3	3
GLY796B	6	6	24	18	13858	10354.6526584533	5	5	24	18	747	747	2	2	2	0
LEU883B	6	5	9	3	2740	1900.5	5	4	10	2	1061	1061	3	3	2	0
LEU887B	3	2	6	4	1	1	1	1	1	1	1	1	1	1	1	1
TYR801B	7	3	29	7	7621	1464.07380062939	5	3	26	8	3287	1464.07380062939	4	3	8	4
VAL802B	10	10	25	21	14078	6842.10266220902	6	6	25	18	1	1	1	1	1	1
ASN771A	5	3	18	8	7484	4248.44258419237	5	3	20	6	7484	4248.44258419237	5	3	14	6
PRO772B	7	6	20	13	16778	9669.83007080083	6	5	21	10	16778	9669.83007080083	5	5	15	10
ASN771B	5	3	18	8	3120	1662.19230063031	5	3	21	6	3120	1662.19230063031	5	3	14	6
LEU815B	8	7	30	19	2896	2400.47171931405	6	6	24	15	1	1	2	1	3	0
MET971B	7	4	22	4	100	1	4	2	12	1	1049	1049	2	2	2	1
ALA743B	4	4	17	15	721	361	2	2	4	3	1	1	1	1	1	1
VAL742B	9	9	28	22	4693	3781.33245085068	5	5	21	14	1	1	2	2	6	2
SER885A	4	3	11	5	622	84	4	3	13	3	1	1	1	1	1	1
SER895A	8	4	23	10	4850	1777.3383482996	7	3	29	4	1	1	1	1	1	1
ALA972A	9	8	27	19	2316	785.58733394766	5	4	22	13	2316	785.58733394766	4	4	17	13
LEU815A	9	8	33	22	1520	1105.5763652506	7	7	32	21	1520	1105.5763652506	7	7	15	8
ILE759B	7	3	27	10	4962	1326.01789805049	6	3	26	7	4962	1326.01789805049	5	3	14	5
GLU829A	4	4	11	7	4296	464.203547603638	4	4	12	8	2323	198.369792247286	2	2	3	3
HIS893A	7	5	20	12	6154	5278.22851623148	6	5	18	12	4984	4786.63020775271	4	4	5	2
PRO959A	8	6	21	17	4033	1570.59634542907	7	5	20	9	5692	4059.34132054392	6	5	8	3
VAL897A	7	7	27	23	12436	8122.12401641616	5	5	24	18	8778	5493.05926780371	3	3	7	6
ASN700B	4	3	13	7	6310	1876.72203656601	4	3	16	7	3349	1876.72203656601	3	3	11	7
ASN816A	7	6	23	13	11880	5003.50339214397	6	5	23	14	11880	5003.50339214397	6	5	14	10
ASP942A	5	2	17	3	526	1	3	2	11	2	1	1	1	1	1	1
ILE946A	6	3	16	4	935	324.21869220439	4	2	14	4	582	1	3	1	4	0
GLY719A	6	6	15	13	1083	1083	3	3	7	6	514	514	2	2	2	0
VAL717A	4	4	10	9	1	1	1	1	1	1	1	1	1	1	1	1
ALA882A	7	7	26	21	4939	4048.68909192291	6	6	28	22	1	1	1	1	1	1
TRP898A	9	6	32	20	6232	3815.72507900825	6	6	28	22	516	258.5	2	2	2	1
PRO733B	5	5	16	11	8128	7090.08854081602	5	5	19	12	3908	3107.58854081602	2	2	3	3
TRP731B	8	5	30	13	13206	5902.91145918398	8	5	35	16	10985	5902.91145918398	4	4	9	5
ILE740A	7	3	25	9	1504	365.087237497407	5	3	25	8	1295	1	3	1	5	0
PRO741A	6	2	18	3	2125	1	4	1	15	0	1297	1295	3	2	6	0
LEU844A	8	6	24	12	13134	5553.37772917515	6	6	18	14	4692	2321.20992597776	3	3	3	3
MET793A	7	5	25	13	6729	5268.60468355793	6	5	24	11	1	1	2	1	2	0
ARG832B	2	1	6	1	526	1	2	1	5	0	1	1	1	1	1	1
HIS893B	7	5	18	10	2620	2084.24271181696	6	5	16	9	1	1	2	1	3	0
ARG958A	12	10	32	24	4365	2918.71599610536	11	10	41	27	2746	1	2	1	5	0
ILE923B	5	4	12	4	550	550	4	4	13	4	187	187	2	2	3	2
TYR915B	5	1	15	1	6426	1	5	1	18	0	3465	1	3	1	7	0
LYS949B	2	1	7	1	526	1	2	1	6	0	526	1	2	1	3	0
PRO959B	8	5	20	16	1751	838.046318395854	7	4	19	7	908	894.661959209141	4	4	9	6
ASP855B	8	6	26	9	19316	4633.90832591354	7	6	28	13	11714	1984.52088489511	4	4	9	7
HIS835B	11	8	33	19	22646	15279	10	7	48	21	528	528	2	2	4	2
CYS781B	6	6	19	15	1606	1558.93801366546	5	5	15	11	1	1	1	1	1	1
LEU707B	8	7	24	16	4132	2327.86110666414	8	7	34	19	270	184.880650745555	3	3	4	3
MET881A	7	5	15	5	3395	2827.26964755385	6	5	16	7	1	1	2	1	2	0
VAL876A	4	4	10	6	2052	905.918784547948	4	4	12	9	1213	345.12959045154	2	2	2	2
GLU762B	3	1	15	1	526	1	2	1	7	0	526	1	2	1	6	0
ALA767A	9	9	25	23	13562	5698.29163476265	5	5	22	18	1	1	1	1	1	1
LEU704A	8	8	25	23	15080	8353.6248620454	8	8	34	26	3049	3049	3	3	9	3
TRP898B	8	5	31	18	16457	11395.5191252766	5	5	24	21	16457	11395.5191252766	5	5	13	10
TRP951B	8	7	27	18	19658	6530.04263024732	8	7	27	18	17673	4545.04263024732	6	5	17	10
LYS949A	2	1	7	1	526	1	2	1	6	0	526	1	2	1	5	0
ASN816B	5	4	21	9	5576	2417.33475341056	4	3	14	6	5576	2417.33475341056	3	3	6	5
GLN849B	7	5	29	14	17451	6397.16524658944	6	4	24	8	19193	9261.88773790925	6	5	14	8
GLN791B	4	4	13	9	1002	645.5	4	4	13	9	289	289	2	2	2	0
LYS846A	7	1	22	1	941	1	5	1	17	0	354	1	3	1	5	0
VAL845A	11	10	31	26	6583	2988.70245008297	8	7	34	20	762	762	2	2	4	3
PRO975A	8	6	19	12	6553	3802.51448852742	7	5	22	7	4205	1454.51448852742	3	2	12	3
ARG932A	7	6	17	12	7070	5088.7616956459	6	5	19	13	1651	1405.38181625365	5	4	6	2
LEU927A	5	3	17	8	525	258.5	4	2	14	5	525	258.5	3	2	5	1
PRO733A	8	6	26	14	11504	10264.7355983501	8	6	36	18	1	1	1	1	1	1
TRP731A	9	7	31	16	26928	9522.50599032322	9	7	44	23	11582	2747.19100985107	3	2	5	2
GLY901B	9	9	35	33	3797	1784.21400986844	3	3	10	9	3797	1784.21400986844	3	3	9	8
MET971A	7	5	25	9	2656	2066.29424089738	6	5	21	8	46	1	2	1	6	0
ARG803A	5	4	15	9	8173	3769.44610298408	3	3	8	6	1	1	2	2	3	0
GLY911A	6	6	13	10	15994	12225.5538970159	6	6	15	10	1	1	1	1	1	1
ILE923A	5	4	12	5	521	521	3	3	10	3	1	1	1	1	1	1
TYR915A	5	2	15	5	7352	223.305663668824	5	2	16	5	3924	223.305663668824	3	2	6	3
ASP770A	4	3	15	9	44120	7419.32531132721	4	3	15	8	44120	7419.32531132721	4	3	8	5
ALA702B	7	7	18	13	1049	1049	5	5	20	12	1049	1049	4	4	15	8
TYR813A	6	2	25	3	18750	4247	5	2	22	3	18750	4247	5	2	17	2
PRO936B	9	8	23	18	1997	1585.54389882641	8	8	29	18	1138	999.595198777117	4	4	9	4
LEU979B	9	8	31	25	8398	5814.32874725192	7	7	33	24	1457	997.451076427122	2	2	5	2
GLY719B	6	6	15	13	1812	1812	3	3	7	6	462	462	2	2	2	0
THR725B	7	7	17	15	47	47	4	4	7	4	153	78.7615353354016	3	3	5	3
LEU933B	8	6	24	16	8446	6558.36588711043	7	6	29	16	6734	4356.36588711043	5	3	11	4
GLN935A	5	4	18	12	1092	466.879128212258	5	4	19	10	1	1	1	1	1	1
PRO936A	8	7	22	19	2337	1792.73835015611	7	7	28	17	1636	1153.25481158096	5	5	14	5
ARG958B	11	9	30	21	16633	7994.29850104748	10	9	35	24	13560	5533.65968347092	5	3	12	6
GLU884B	4	4	17	14	526	200.355741317146	4	4	20	15	1	1	1	1	1	1
ILE941B	3	2	4	2	1	1	1	1	1	1	483	242	2	2	1	1
MET945B	3	3	6	3	1	1	1	1	1	1	483	242	2	2	1	1
GLY901A	9	9	36	32	7747	4217.85377713808	3	3	11	8	3564	3564	4	4	12	5
TYR900A	8	4	28	12	4473	1350.97728423081	6	4	20	7	4101	1350.97728423081	6	4	12	2
HIS805B	5	4	12	5	8100	3561.35574424056	3	2	9	3	4072	3561.35574424056	2	2	2	2
ALA882B	7	7	25	20	6347	5052.90689732616	6	6	26	20	4029	2945.98087472338	3	3	8	7
ALA840A	6	5	19	12	5844	3619.70484964973	5	4	16	11	1	1	1	1	1	1
ARG841A	7	5	21	12	606	385.702524045088	6	5	24	13	353	259.169807784731	2	2	4	3
MET766B	7	3	25	8	1157	63.9024994652896	5	3	25	8	127	63.9024994652896	3	3	10	8
VAL843A	8	8	26	20	8440	6876.4367494038	7	7	27	17	1	1	1	1	1	1
ARG836A	5	2	18	2	4712	2161	4	2	15	1	1	1	2	1	7	0
ASP896A	7	5	25	14	18636	11080.940521431	6	5	27	17	10622	5902.70901188252	4	3	12	7
ASN842A	5	3	14	3	14332	6344.93385608643	5	3	17	3	4080	1	3	2	3	0
ASP837A	5	4	19	7	14456	1603.73906617092	5	4	22	9	5982	1	2	1	7	0
ASN826B	3	2	10	2	526	119.298007186092	2	2	3	2	1	1	1	1	1	1
ILE965B	5	3	9	1	2176	1142.70199281391	4	3	5	1	385	1	2	1	2	0
ALA822A	8	8	27	19	1274	1176.02271576919	4	4	12	8	651	553.022715769186	2	2	5	3
LEU964A	6	5	23	12	2311	2054.74497511485	5	4	17	8	1225	1225	3	3	7	3
GLU829B	3	2	9	4	526	1	3	2	9	3	1	1	1	1	1	1
THR892B	7	6	21	14	7935	1279.39175265097	5	4	22	10	4961	177	4	3	6	2
GLU906B	8	5	26	12	3383	1640.23182037518	5	4	18	7	1	1	1	1	1	1
GLY911B	7	7	18	15	10914	7600.00195680054	7	7	19	13	1	1	1	1	1	1
TRP817B	12	8	39	23	24003	7884.93958058969	9	6	40	19	8635	3960.61783896434	5	4	17	6
PHE961A	6	4	20	12	13455	7010.31877227552	5	4	17	12	6950	3090.59941165237	3	3	5	4
GLN894A	6	5	22	16	2782	1603.07983076287	6	5	26	17	782	782	3	3	6	4
THR892A	7	6	21	13	8126	1615.6616517004	5	4	22	10	1	1	1	1	1	1
CYS939B	6	5	23	18	1892	606.781147051857	6	5	26	20	90	90	2	2	5	2
VAL943B	8	8	23	18	929	488.5	5	5	16	11	59	59	2	2	3	1
VAL726A	8	7	19	16	5925	3647.92761607904	6	5	16	11	1	1	1	1	1	1
VAL742A	9	9	28	22	7711	6959.30405517974	5	5	23	15	5382	5382	4	4	8	4
ILE918B	7	3	11	1	5658	2976.17018907412	7	3	15	1	1	1	2	1	3	0
PRO919B	4	3	9	3	2550	1576	4	3	10	3	1	1	1	1	1	1
ASP896B	7	5	25	14	18766	11425.1379327911	6	5	27	16	1	1	2	1	1	0
MET825B	8	4	30	12	12476	5469.07920951349	6	4	29	13	1	1	1	1	1	1
GLY824B	9	9	27	23	4577	3962.22679190523	4	4	18	14	1	1	1	1	1	1
LYS823B	5	1	19	1	736	1	2	1	3	0	1	1	1	1	1	1
LYS716A	2	1	3	1	1	1	1	1	1	1	1	1	1	1	1	1
VAL834A	8	8	26	22	11542	8423.17018197271	7	7	30	19	997	997	3	3	10	5
ILE918A	7	3	11	3	5388	3430.23341387188	7	3	12	2	1	1	2	1	2	0
PRO919A	3	2	8	3	776	642	3	2	8	2	1	1	1	1	1	1
GLY917A	3	3	7	4	77	77	2	2	6	2	1	1	1	1	1	1
ALA702A	6	6	14	8	1049	1049	4	4	11	4	1047	1047	3	3	6	2
GLN701A	2	1	5	1	1	1	1	1	1	1	1	1	1	1	1	1
ALA767B	9	9	28	26	4065	3377.06310796005	5	5	23	20	1	1	1	1	1	1
ARG776B	5	5	20	18	526	495.619856487776	3	3	10	8	1	1	1	1	1	1
LEU798B	6	6	25	24	9823	4847.33693347424	5	5	26	22	2239	510.219792565558	2	2	3	3
ASP974B	3	2	8	1	1480	479	3	2	8	0	1	1	1	1	1	1
PRO975B	8	6	18	12	6029	4128.42934726321	7	5	23	7	1	1	1	1	1	1
ALA839A	7	5	24	11	7324	5285.39031365292	7	5	27	13	6943	5158.92302991328	3	3	7	5
TRP880A	8	5	23	12	10533	2474.10771841784	7	4	24	9	8493	2474.10771841784	5	4	8	5
ALA920B	4	4	5	5	2305	2305	3	3	6	4	1613	1613	2	2	2	1
ILE878B	4	3	6	4	3750	756.486020280368	4	3	7	4	1824	102.886743022837	3	2	3	1
PHE856B	7	3	29	11	3114	520.598978892747	7	3	29	10	2066	520.598978892747	5	3	7	4
ALA722B	5	4	10	6	633	332.413239430014	4	3	11	5	1	1	1	1	1	1
PHE723B	7	2	18	1	3041	180.847184119946	6	2	22	1	1	1	1	1	1	1
LYS846B	7	1	21	1	833	1	5	1	15	0	225	1	2	1	2	0
GLU711A	6	5	14	12	1106	1106	4	4	16	11	1	1	1	1	1	1
THR710A	2	2	5	5	1	1	1	1	1	1	1	1	1	1	1	1
MET947A	7	4	30	13	1297	397.352814687728	5	3	22	10	1297	397.352814687728	4	3	11	4
VAL943A	8	8	27	20	459	256.487066898226	5	5	23	16	1	1	1	1	1	1
ARG948B	6	3	17	8	2046	61	4	2	14	4	598	362.725447177983	3	3	8	7
TYR944B	6	4	22	8	52	4	4	3	16	6	538	236.274552822017	3	3	6	4
ILE981A	6	3	15	7	3088	876	6	3	18	6	1287	1	2	1	3	0
PRO914A	7	5	26	12	5773	1337	5	3	23	7	6096	2830	5	4	13	5
TRP905A	12	7	32	14	12207	7872.79829670315	8	5	29	5	8060	165.798296703149	7	3	20	1
ARG748B	5	4	12	7	526	276.163254122674	5	4	17	6	1	1	1	1	1	1
GLY721B	6	6	13	10	2542	684.723494527369	5	5	19	13	1	1	1	1	1	1
SER895B	8	4	22	10	5590	1872.60824734903	7	3	28	4	1	1	2	2	1	0
ALA822B	8	8	26	18	1792	1659.48769063536	4	4	12	8	1	1	1	1	1	1
TYR900B	8	4	30	12	6298	1429.51230936464	6	4	22	7	886	886	2	2	3	0
VAL904A	8	6	34	17	585	585	3	3	8	5	1742	1739	4	3	11	5
GLN976B	4	4	13	9	159	112.780916147885	3	3	9	6	1	1	1	1	1	1
ALA755B	5	4	7	2	3274	1432.98210194951	4	3	7	2	2224	907.982101949515	2	2	4	2
ASN756B	2	1	4	1	526	1	2	1	3	0	1	1	1	1	1	1
ASP916A	3	3	5	2	973	188.654822532508	2	2	3	1	1	1	1	1	1	1
PRO934B	5	3	22	10	36	1	4	2	17	4	491	491	3	3	7	3
LEU718A	8	6	19	11	9654	8136.07238392096	6	6	16	10	1	1	1	1	1	1
HIS850A	8	4	26	6	1355	191	6	3	23	4	1	1	2	1	4	0
LYS852A	6	1	23	1	1065	1	4	1	16	0	18	1	2	1	3	0
LYS879A	4	3	14	4	1	1	3	3	10	3	1	1	3	3	3	1
ILE926A	4	3	10	3	1763	1241.76658612812	2	2	6	2	1	1	1	1	1	1
SER912B	5	2	19	5	10490	69.0422182548339	4	2	15	2	1	1	1	1	1	1
GLY917B	3	3	7	4	680	680	2	2	6	2	1	1	1	1	1	1
PRO794B	6	5	23	12	1959	1249	4	3	13	4	1249	1249	2	2	2	1
VAL738A	7	7	19	10	3752	2786.37507552329	5	5	22	13	1	1	1	1	1	1
ILE789A	8	4	26	11	3890	104.366915762282	6	2	27	5	2755	104.366915762282	5	2	10	2
LEU788A	6	5	24	16	613	152.575269399489	3	3	14	10	582	132.367385685989	2	2	2	2
TRP880B	7	4	20	9	4809	1121.3318757668	6	3	18	5	1	1	1	1	1	1
LEU979A	9	8	31	24	4461	3209.69375217273	7	7	31	22	3840	2622.69375217273	4	4	13	9
VAL726B	7	6	15	12	6716	4222.07294392352	5	4	11	7	1	1	1	1	1	1
LEU718B	7	5	17	8	2108	1448.92705607648	5	5	14	7	1	1	1	1	1	1
LYS728B	4	1	15	1	1168	1	3	1	9	0	1	1	1	1	1	1
GLU736A	6	4	20	7	14932	2330.25109703953	6	4	22	7	7345	2330.25109703953	3	3	4	3
ARG705A	7	4	26	9	526	272.912437622456	7	4	38	11	107	1	4	2	10	1
GLY779A	8	8	28	21	11784	7232.15012824488	7	7	35	25	7166	7166	5	5	15	6
MET766A	6	2	21	3	443	18	4	2	17	2	1	1	1	1	1	1
PHE856A	6	3	22	10	1223	250.420141904144	5	3	21	9	803	250.420141904144	3	3	4	4
ILE789B	7	4	31	15	12233	392.863122861494	5	2	24	6	9031	1	3	1	5	0
GLU967B	3	2	6	1	1	1	1	1	1	1	1574	124.918258542435	3	2	2	1
LYS970B	2	2	2	1	1	1	1	1	1	1	526	402.081741457565	2	2	2	1
PHE712B	4	3	15	7	640	346.442017371432	4	3	12	7	1	1	1	1	1	1
ILE732A	3	2	12	5	526	3	3	2	12	3	1	1	1	1	1	1
GLY857B	5	5	19	16	931	931	2	2	6	2	1	1	1	1	1	1
LEU707A	8	6	25	16	1768	1509.63308423772	8	6	35	18	400	296.633084237718	3	3	8	5
HIS773B	8	6	30	16	47554	34456.6946547913	7	5	28	13	22096	17605.60836295	2	2	3	2
LYS737B	2	1	7	1	1	1	1	1	1	1	1	1	1	1	1	1
VAL738B	8	8	21	14	2475	1432.80578250119	6	6	26	16	2000	1195.30578250119	5	5	12	4
MET881B	7	5	15	6	2979	1554.6154520214	6	5	14	7	2416	1554.6154520214	5	4	8	2
PRO877B	4	4	13	11	5075	2521.05580578413	3	3	10	8	1	1	1	1	1	1
PRO937B	3	3	10	10	1	1	1	1	1	1	1	1	1	1	1	1
ILE821A	7	4	31	14	610	159.237710730803	5	3	22	10	1	1	1	1	1	1
ILE853A	6	4	27	15	888	550.284300234184	6	4	26	9	229	1	3	1	10	0
THR909A	6	6	25	18	1800	1328.33965957952	3	3	9	7	725	483.745188419035	2	2	4	4
LEU799A	6	6	17	14	3074	677.630599511862	5	5	18	15	1	1	1	1	1	1
ILE886A	3	2	7	2	1538	268.787215744005	3	2	8	2	1	1	1	1	1	1
ALA698B	2	2	1	1	2	1.37202686184767	2	2	1	1	1	1	1	1	1	1
PRO699B	2	2	1	1	2	1.62797313815233	2	2	1	1	1	1	1	1	1	1
THR903A	8	5	24	13	436	436	3	3	10	7	90	90	4	2	6	0
ALA840B	6	5	21	12	4587	3395.85693200492	5	4	15	8	1	1	1	1	1	1
LEU799B	6	4	20	11	2366	1	4	3	14	9	1	1	1	1	1	1
ILE878A	4	3	5	3	2018	488.928353628283	4	3	7	4	765	1	2	1	1	0
ILE740B	9	5	28	12	9239	3589.91837360532	7	5	29	10	6553	779.885625533429	7	3	12	4
VAL765B	4	3	9	4	1	1	1	1	1	1	1	1	1	1	1	1
ASP837B	6	5	19	7	30056	4528.84718873302	6	5	21	10	5714	1090.88898577675	2	2	3	3
GLN787B	8	4	25	8	2343	1650.04309770724	5	4	15	8	1	1	1	1	1	1
ASP770B	6	3	22	9	43210	8466.29631975866	5	3	17	8	43210	8466.29631975866	5	3	9	5
HIS773A	8	6	30	16	41188	31722.7619996177	7	5	28	13	19501	14909.299289467	2	2	4	2
PRO753B	3	3	3	2	383	383	2	2	1	0	1	1	1	1	1	1
SER752B	3	2	6	5	383	1	2	1	1	0	898	470.464153984891	2	2	3	3
ASP954B	4	4	5	4	2620	1313.40166781315	4	4	5	4	1	1	1	1	1	1
ASP956B	3	1	6	1	526	1	2	1	3	0	1	1	1	1	1	1
ARG705B	8	4	28	8	17124	4293.27390494454	8	4	43	9	16590	4293.27390494454	6	3	13	4
ILE938A	4	4	15	10	620	424	4	4	16	9	569	373	3	3	7	3
MET908A	9	5	31	17	1537	395.168401301101	7	4	31	15	1537	395.168401301101	5	2	10	3
LEU838A	5	4	25	10	10672	6666.12896290072	5	4	25	11	9146	5140.12896290072	4	3	12	5
ILE890A	4	2	8	2	940	857	3	2	4	0	1	1	1	1	1	1
GLY810B	8	8	26	19	3893	3308.49401088878	7	7	29	19	528	528	2	2	2	0
ILE981B	6	5	19	14	546	358.515770883565	5	5	22	17	1	1	1	1	1	1
ASP984A	4	3	9	6	2622	1380.20660453557	4	3	9	5	2622	1380.20660453557	4	3	4	1
PRO772A	7	6	22	13	21172	12778.0057608736	6	5	22	10	21172	12778.0057608736	5	5	16	10
ALA955B	5	5	16	14	3658	1623.7494958855	4	4	17	15	1	1	2	2	3	2
GLN849A	8	6	30	17	33347	20288.0841832084	7	5	31	14	34588	21243.4546852046	6	5	14	8
LEU833B	5	3	17	6	2387	1455.5	4	3	10	4	1	1	1	1	1	1
VAL834B	8	8	25	21	11283	8322.35758200551	7	7	30	19	4959	4959	3	3	6	3
LEU777A	9	7	25	18	1534	810.211067935068	8	7	30	20	582	450.632614314012	3	3	5	2
GLN935B	4	3	14	8	790	462	4	3	16	7	1	1	1	1	1	1
MET947B	5	3	26	12	616	457	4	3	16	10	674	457	4	2	5	1
PRO741B	6	2	19	5	1015	1	4	1	15	0	1936	1936	2	2	6	2
ILE744A	9	6	25	15	2079	2077	7	5	22	9	33	33	2	2	2	1
LYS713A	3	1	13	1	526	1	3	1	11	0	1	1	1	1	1	1
THR725A	6	6	15	12	8	8	3	3	4	2	2041	628.003429342732	3	3	4	2
LEU828B	6	5	23	13	1404	823.111894181373	4	4	16	11	777	509.611894181373	2	2	4	2
VAL774B	9	9	30	23	3291	2278.37150215265	8	8	31	20	1624	822.743309379417	4	4	11	7
ASP761B	3	2	3	1	1	1	1	1	1	1	526	147.161796909786	2	2	1	1
LYS757B	2	2	2	1	1	1	1	1	1	1	526	379.838203090214	2	2	1	1
LEU844B	8	6	23	11	15964	7852.39865332335	6	6	17	13	7820	4014.95614213354	5	4	6	3
MET793B	7	4	21	5	2613	2114.18988427863	6	4	21	5	453	453	3	2	3	0
GLY729B	8	8	16	13	2276	1701.08382907838	6	6	14	9	1	1	1	1	1	1
TRP951A	8	7	28	19	13214	5617.17771106467	8	7	28	18	1224	1098.64718531227	3	3	5	3
THR847A	7	6	25	12	952	438.033106383735	5	5	19	14	953	90.5331063837354	5	4	7	3
LYS739B	4	1	14	1	526	1	3	1	11	0	359	1	3	1	10	0
LEU747B	9	8	33	22	7325	5853.07278740255	8	7	37	22	4136	3381.07278740255	4	4	11	9
TYR764A	4	1	15	1	526	1	2	1	7	0	1	1	1	1	1	1
ALA920A	4	4	5	5	899	899	3	3	5	3	765	765	2	2	1	0
SER921A	3	2	4	1	1	1	1	1	1	1	1	1	1	1	1	1
SER811B	9	5	28	11	1098	133.50371632442	7	4	27	9	1	1	1	1	1	1
ARG948A	5	3	18	9	855	73	3	2	12	4	855	73	3	2	6	3
LEU838B	7	5	34	16	10202	5422.10099367457	7	5	34	16	1	1	1	1	1	1
GLY796A	5	5	20	15	6010	4346.42467319201	4	4	18	13	1	1	1	1	1	1
PHE961B	6	4	20	12	22528	12462.9837600607	5	4	16	11	1	1	1	1	1	1
VAL897B	8	8	28	24	12587	7813.78676706444	5	5	22	17	914	735.972322438891	3	3	8	6
HIS835A	11	8	29	15	12774	7624	10	7	40	14	12038	6888	8	5	15	2
LYS728A	4	1	16	1	11165	1	3	1	10	0	1	1	1	1	1	1
CYS775B	7	5	22	7	919	320.23458128688	6	5	19	8	683	150.868605424281	3	2	5	2
MET790B	3	3	11	7	526	226.131394575719	3	3	10	9	526	226.131394575719	3	3	6	4
PHE968B	8	2	28	3	2871	155	6	2	19	1	1840	1	4	1	6	0
ARG803B	5	4	16	7	109	50.6007988287305	3	3	9	6	1	1	1	1	1	1
ALA839B	6	4	23	9	3202	2003.47837817852	6	4	25	9	1	1	1	1	1	1
GLU884A	4	4	18	15	526	165.683228229255	4	4	21	16	1	1	1	1	1	1
ASP942B	4	2	11	2	1	1	1	1	1	1	1	1	1	1	1	1
ASP800B	2	2	3	1	526	53.6641495655729	2	2	2	1	1	1	1	1	1	1
CYS797B	4	2	9	1	828	473.335850434427	3	2	6	1	1049	1	3	1	5	0
CYS950B	5	5	20	17	1790	376.734305221972	4	4	12	9	1896	482.734305221972	5	5	9	7
ASP761A	3	2	4	1	1	1	1	1	1	1	1	1	1	1	1	1
LYS757A	2	2	2	1	1	1	1	1	1	1	1	1	1	1	1	1
TYR891A	6	2	18	4	4068	505.225588977458	5	2	20	4	1	1	1	1	1	1
ILE715A	3	2	10	4	526	350.690184222531	3	2	10	3	526	350.690184222531	2	2	4	3
GLN812A	8	4	23	10	6182	3546.0957515296	6	4	22	9	6182	3546.0957515296	7	4	16	6
GLU804A	2	1	5	1	1	1	1	1	1	1	1	1	1	1	1	1
HIS805A	6	5	14	6	4810	2066.88655634309	4	3	12	5	2478	2066.88655634309	2	2	4	3
LEU792B	6	5	19	8	2514	1207	6	5	17	7	1249	1	3	2	3	1
ALA763A	9	8	20	16	1254	458.900338114142	4	4	21	17	3	2	2	2	6	2
LEU760A	6	5	18	9	373	280.653642132923	4	4	14	10	341	264.653642132923	3	3	11	6
ILE821B	7	4	32	15	884	230.977117400882	5	3	23	11	1	1	1	1	1	1
GLY930B	5	5	10	9	526	175.956658421645	5	5	12	8	524	173.956658421645	2	2	6	5
LEU927B	5	4	16	10	518	236.583308281244	4	3	13	8	518	236.583308281244	3	3	10	9
ILE853B	6	4	27	14	526	400.145015321534	6	4	26	8	1	1	1	1	1	1
PHE795B	10	5	33	16	20286	4755.50088398933	9	5	45	20	1	1	1	1	1	1
SER768A	6	4	18	9	3380	574.675194114243	4	3	14	7	954	574.675194114243	2	2	2	2
LYS823A	6	2	22	3	4578	2918	3	2	7	2	2918	2918	2	2	4	2
LYS745B	5	3	23	8	10588	4585.43744312014	5	3	22	8	7327	4585.43744312014	4	3	9	5
CYS950A	6	4	26	14	6945	1799.12370125374	5	3	22	6	440	402	3	2	7	0
MET952A	4	2	17	2	1570	526	4	2	17	1	1	1	1	1	1	1
PRO877A	5	4	16	9	2862	1396.19748729111	5	4	17	10	1213	868.87040954846	3	3	2	1
TRP905B	12	7	32	13	8769	5581	8	5	29	4	1372	1	4	2	8	2
LYS913A	5	2	18	2	973	785.345177467492	4	2	10	1	1494	1	4	1	11	0
GLU931A	4	2	8	1	528	157.236725708486	3	2	6	1	1047	1	2	1	4	0
VAL765A	5	4	11	5	2225	1113	2	2	4	3	2225	1113	2	2	3	1
VAL819B	7	6	21	13	1146	1107.22795329712	3	3	6	2	1146	1107.22795329712	4	4	6	2
ASN756A	4	2	11	6	2618	506.292208803522	3	2	7	4	1570	506.292208803522	2	2	5	4
LEU782A	8	7	21	14	6399	1509.05414906355	6	5	16	10	5974	1335.20793468162	6	5	10	5
GLN820B	6	5	24	14	42894	22238.0063616228	5	5	22	14	7058	7058	2	2	5	4
GLN791A	3	3	9	5	526	340.5	3	3	8	4	1	1	1	1	1	1
THR847B	7	6	27	13	771	336.338195083224	5	5	22	15	1	1	2	2	2	1
LEU778B	7	6	22	16	10484	6175.00091765101	6	6	27	20	4550	2574.5	3	3	8	5
GLU963A	4	3	9	7	1570	1570	3	3	9	5	1	1	1	1	1	1
CYS797A	4	2	9	1	948	462.626627424806	3	2	6	1	1	1	1	1	1	1
SER811A	7	3	27	8	526	1	5	2	22	4	1	1	3	2	12	3
ALA972B	8	7	23	13	1195	241.484317999527	5	4	19	10	1	1	1	1	1	1
ARG973A	4	2	14	2	1512	1	2	1	6	0	1	1	1	1	1	1
LYS970A	4	2	9	1	59	1	2	1	6	0	526	455.469466999583	2	2	1	1
TYR813B	6	2	25	3	2518	1	5	2	20	3	2512	1	5	2	14	1
LYS713B	2	1	7	1	526	1	2	1	5	0	1	1	1	1	1	1
PHE723A	4	1	7	1	526	1	3	1	7	0	1	1	1	1	1	1
PHE968A	7	2	25	3	1224	216	6	2	20	1	1009	1	5	1	15	0
LEU703B	8	5	24	12	6744	4720	7	5	23	12	1	1	2	2	5	4
GLN812B	8	5	23	11	4938	2086.23273368523	6	4	21	7	572	524	3	2	3	0
TYR827A	7	4	21	9	24101	16679.6819256924	5	3	19	7	24101	16679.6819256924	4	3	9	4
ASN700A	3	1	11	1	526	1	3	1	8	0	524	1	2	1	2	0
ARG932B	7	6	18	12	7256	5502.83472668981	6	5	20	14	8302	6548.83472668981	7	6	12	8
GLU931B	4	2	8	1	528	140.350022059522	3	2	6	1	1047	1	2	1	6	0
TYR727A	5	2	14	5	3400	1	3	1	8	0	1	1	1	1	1	1
GLY724B	9	9	24	20	4924	4790.70001191994	8	8	31	18	2032	2000.2384646646	4	4	7	4
ILE965A	5	3	11	2	2809	2186	4	3	6	1	522	1	2	1	2	0
ALA743A	5	5	22	19	1093	547	3	3	10	9	1	1	1	1	1	1
VAL902B	8	7	30	23	1131	1034.08857887003	5	5	22	15	136	39.0885788700306	2	2	5	4
PRO794A	7	6	26	13	12423	9612.96725192811	5	4	20	8	7802	7802	3	2	6	1
MET825A	8	5	28	14	16300	7944.51963468033	6	5	27	16	9466	5359.23899530348	4	4	13	8
GLU922A	3	1	4	1	750	1	2	1	1	0	1	1	1	1	1	1
TYR801A	6	3	26	6	2943	475.988858634675	5	3	27	7	1147	472.581594510666	2	2	4	3
SER720B	6	1	15	1	47	1	4	1	14	0	508	1	3	1	3	0
ARG831A	5	4	17	8	2071	454.359498454067	4	3	13	7	1061	454.359498454067	3	3	3	3
VAL769A	7	6	19	14	13200	11167.2833817393	7	6	21	11	5884	3851.28338173933	3	3	5	4
LEU777B	9	7	29	22	2122	1266.16806962675	8	7	35	26	1082	833.656852375195	3	3	7	5
LEU788B	8	7	31	23	12933	9318.70985106181	6	6	33	26	12933	9318.70985106181	6	6	18	17
LEU730B	7	5	17	7	1112	521.778192855451	6	5	17	6	284	284	2	2	6	2
GLU736B	7	4	20	6	7560	1091.53184914624	7	4	24	6	4340	1091.53184914624	5	4	6	3
GLY735B	4	4	10	6	712	712	3	3	9	5	906	906	3	3	6	3
VAL819A	7	6	23	15	778	770.034321063829	3	3	6	2	778	770.034321063829	3	3	6	2
ILE886B	3	2	7	2	910	110.113256977163	3	2	8	2	910	110.113256977163	3	2	6	1
SER768B	6	4	19	7	3529	1070.40338867714	4	3	13	5	1764	1063.40338867714	2	2	1	1
ASP855A	4	1	16	1	334	1	3	1	13	0	1	1	2	1	2	0
PHE910B	3	1	12	1	526	1	3	1	11	0	1	1	1	1	1	1
LEU933A	8	6	26	16	10942	8794.06560740603	7	6	29	17	10034	8578.69433633118	5	4	14	6
PRO934A	5	3	23	10	436	243.201703296851	4	2	16	4	436	243.201703296851	4	2	12	2
ARG841B	6	5	16	8	1	1	4	4	14	12	1	1	2	2	3	3
LYS754B	3	1	5	1	1	1	1	1	1	1	1	1	1	1	1	1
GLN982B	2	1	2	1	1	1	1	1	1	1	1	1	1	1	1	1
MET952B	3	2	14	3	526	1	3	2	12	1	1	1	1	1	1	1
CYS781A	5	5	20	16	391	152.213963268695	4	4	14	10	290	106.846214381934	2	2	5	4
PHE712A	5	3	20	6	1264	420.942228612951	5	3	19	6	394	182.156191881646	3	2	2	1
THR854A	7	5	23	9	8366	6205.29007402224	6	4	26	10	8280	6205.29007402224	3	3	4	3
GLN820A	6	5	25	15	44896	24194.0008264115	5	5	23	15	9485	9485	2	2	5	4
ILE941A	2	2	3	3	1	1	1	1	1	1	1	1	1	1	1	1
ILE780A	10	6	24	15	4250	462.7921162865	8	5	25	11	8923	452	7	3	13	2
VAL904B	8	6	32	15	160	160	3	3	7	5	160	160	2	2	3	1
LEU704B	9	9	26	24	4744	2373.99356444065	9	9	40	31	1	1	2	2	5	2
TYR764B	4	1	17	1	526	1	2	1	8	0	1	1	1	1	1	1
VAL876B	5	5	11	7	2605	1951.40072274247	4	4	11	7	679	679	2	2	1	0
GLN787A	7	4	23	8	593	310.678566921708	4	4	13	8	362	180.843808118354	2	2	2	1
TYR891B	6	2	18	4	1230	107.384547978602	5	2	20	4	1230	107.384547978602	4	2	7	3
VAL851A	9	8	33	24	27790	15379.4013569263	7	6	35	23	1	1	1	1	1	1
GLN894B	7	6	22	17	9071	6056.84031652908	6	5	24	14	8042	5027.84031652908	4	3	8	3
PHE795A	8	3	29	11	2536	631.800030400187	7	3	33	9	1155	384.808591965383	3	2	8	4
LYS879B	5	3	14	3	187	1	4	3	13	2	187	1	4	3	4	0
ILE953A	4	3	19	8	3990	1619.74058163001	4	3	19	7	1	1	1	1	1	1
LEU782B	7	5	22	13	1977	311.34530806978	5	4	16	9	2605	1373.70563258863	4	4	9	7
THR783B	6	5	17	13	2990	1756.5	5	4	16	9	1224	1	3	2	5	1
THR854B	6	5	25	14	11150	7422.67788200386	5	4	23	11	7218	3656.04385786646	2	2	4	3
SER899A	3	2	10	5	613	613	2	2	6	3	90	1	2	1	3	0
ALA763B	10	9	24	18	824	277.144783651381	5	5	29	25	636	183.468744255269	2	2	6	6
LYS929A	3	2	5	1	526	369.763274291514	3	2	6	1	1	1	1	1	1	1
ALA955A	5	5	17	14	2610	1126.85765812151	4	4	18	16	1	1	1	1	1	1
ASP954A	4	4	6	4	1574	870.628701449275	4	4	6	4	1	1	1	1	1	1
HIS888A	3	2	5	3	857	1	2	1	2	0	1	1	1	1	1	1
LEU887A	4	3	7	4	1	1	2	2	2	1	1	1	2	2	2	1
SER885B	4	3	11	5	928	339	4	3	13	3	590	1	2	1	4	0
ASP800A	2	2	3	1	526	64.3733725751944	2	2	2	1	1	1	1	1	1	1
SER957B	2	2	3	3	526	264.928254804861	2	2	3	3	1	1	1	1	1	1
GLY824A	9	9	27	23	1308	941.930731959237	4	4	17	13	1	1	1	1	1	1
CYS939A	8	5	25	16	681	144.516461424856	7	5	30	15	83	83	2	2	4	1
TYR727B	6	1	16	1	1553	1	4	1	10	0	1	1	1	1	1	1
LEU747A	4	3	13	7	1398	943.034304375869	3	2	9	5	2756	2301.03430437587	3	3	4	3
VAL786A	8	8	25	19	2804	1473.96569562413	6	6	21	13	2090	1116.96569562413	4	4	8	4
LEU907B	6	5	26	15	526	298.812011230951	6	5	28	16	37	1	2	1	5	0
ILE706A	3	3	11	8	526	510	3	3	10	7	494	494	2	2	6	2
LYS714A	4	3	14	4	3380	1733.16524119665	4	3	11	3	1	1	1	1	1	1
GLY779B	8	8	28	24	21994	18441.2546460673	7	7	38	29	16703	16545.1193492544	4	4	9	4
LYS960A	4	2	8	3	4324	1708.16624464365	4	2	10	3	782	1	2	1	2	0
ARG832A	2	1	6	1	526	1	2	1	5	0	526	1	2	1	3	0
LEU833A	6	4	20	9	5568	2221.5	5	4	12	6	5357	1113	4	2	6	1
VAL774A	8	8	27	21	1354	1143.34146143829	7	7	24	16	612	489.556493631711	4	4	9	6
GLY810A	7	7	23	14	4154	3279	6	6	23	11	2666	2666	5	5	14	6
LYS875B	4	2	11	1	1244	289.152815880054	4	2	11	1	679	1	2	1	1	0
PRO848A	8	6	35	12	1115	792.794286112909	7	5	36	11	1438	411.822486675524	4	4	14	9
PRO848B	9	7	35	15	4091	2630.5549495526	8	6	44	19	3699	825.596866770707	4	3	12	6
ILE953B	4	3	18	8	3868	1571.04561364108	4	3	18	7	2189	731.545613641077	2	2	6	5
THR785A	7	5	16	4	3318	2411.87707880451	5	4	11	3	4223	323.877078804511	4	2	8	1
ILE715B	3	3	10	9	526	219.805527215484	3	3	10	9	1	1	1	1	1	1
LYS714B	5	4	17	5	3934	2428.07687125587	5	4	15	5	1	1	1	1	1	1
GLY863B	2	2	3	2	1	1	1	1	1	1	1	1	1	1	1	1
LEU862B	4	2	8	2	1025	1025	2	2	5	1	1	1	1	1	1	1
GLU746B	6	3	24	7	3455	1215.90036411076	5	3	19	5	2010	1	3	1	6	0
THR785B	7	5	21	11	4025	1375.6481460602	5	3	15	3	1492	334.548510170956	3	2	5	1
SER925A	4	3	5	3	750	750	2	2	1	0	1	1	1	1	1	1
GLY930A	5	5	10	8	526	176.618183746349	5	5	12	7	524	174.618183746349	2	2	4	3
GLU734B	3	1	5	1	338	1	2	1	1	0	532	1	3	1	3	0
ILE780B	10	7	29	19	1089	264.087984282089	8	6	38	22	3095	1421.72765976324	5	5	18	18
CYS775A	7	5	23	9	1972	619.032928715665	6	5	22	9	416	246	4	3	6	0
MET790A	4	4	16	10	1158	625.467071284335	4	4	15	12	492	246.5	2	2	2	2
PRO937A	2	2	7	7	1	1	1	1	1	1	1	1	1	1	1	1
ASP956A	3	1	6	1	526	1	2	1	3	0	1	1	1	1	1	1
ALA750B	4	3	7	2	802	1	3	2	7	1	279	279	2	2	1	0
GLU749B	3	1	6	1	248	1	2	1	3	0	279	1	2	1	1	0
GLU746A	3	2	10	4	690	277.122921195489	3	2	8	3	690	277.122921195489	3	2	5	1
LYS913B	5	1	18	1	370	1	4	1	10	0	370	1	2	1	1	0
PRO914B	7	5	25	9	1842	275.5	5	3	22	6	1	1	1	1	1	1
VAL786B	9	9	31	22	578	264.039622446663	6	6	26	18	329	139.539622446662	5	5	12	10
VAL980B	4	4	12	11	7	4	2	2	4	3	1	1	1	1	1	1
GLU709A	2	2	5	5	526	150.049475664319	2	2	3	3	1	1	1	1	1	1
THR783A	6	6	15	14	4515	4365.95052433568	4	4	9	8	6983	6983	4	4	9	5
ASP916B	3	3	5	2	370	370	2	2	3	0	370	370	2	2	1	0
SER899B	3	2	10	4	526	526	2	2	5	2	1	1	1	1	1	1
THR903B	9	6	26	15	525	525	4	4	15	10	1	1	1	1	1	1
ILE809A	6	4	24	14	5250	3895.3114297887	5	4	20	11	665	1	2	1	4	0
VAL902A	8	8	31	28	1541	1461.93551514621	5	5	23	16	1	1	3	3	7	4
ALA722A	3	3	5	4	526	225.922072784327	2	2	3	3	1	1	1	1	1	1
GLY721A	5	5	8	5	1575	404.855481455185	4	4	7	5	1	1	1	1	1	1
ILE946B	6	3	16	4	482	1	4	2	12	1	434	1	3	1	5	0
LEU814B	10	7	34	19	6295	1452.77436381205	8	6	34	20	6677	2645.38216103566	6	4	14	3
CYS818B	7	5	31	14	454	43	5	4	18	6	115	115	3	3	8	3
HIS850B	8	4	26	6	842	225	6	3	23	4	225	225	3	2	2	0
SER784B	5	2	12	4	526	156.451489829044	4	2	10	2	490	156.451489829044	3	2	4	1
GLU906A	8	5	24	11	4723	2457.38702463584	5	4	19	10	2217	1173.72247379743	2	2	4	3
ILE744B	7	5	21	16	128	128	5	4	16	10	1	1	1	1	1	1
ARG973B	3	1	11	1	526	1	2	1	6	0	1	1	1	1	1	1
VAL717B	6	6	11	10	592	592	3	3	6	3	1	1	1	1	1	1
ILE759A	5	2	20	7	524	32	4	2	17	5	524	32	4	2	14	3
THR751B	6	6	12	9	3063	3063	5	5	13	7	3123	2653.53584601511	4	4	5	3
LYS960B	3	1	6	1	1472	1	3	1	7	0	1	1	1	1	1	1
LEU792A	6	5	21	10	15558	7757	6	5	19	9	7802	1	3	2	3	0
SER912A	5	2	18	5	15434	231.405528839514	4	2	14	2	1	1	1	1	1	1
LYS852B	6	1	25	1	457	1	4	1	17	0	453	1	2	1	2	0
GLU734A	4	2	7	1	1263	131.599522965422	3	2	4	1	1	1	1	1	1	1
ILE732B	2	1	4	1	526	1	2	1	4	0	1	1	1	1	1	1
LEU778A	5	4	19	14	13390	6841.74140846685	4	4	19	13	6821	4074.80899014893	3	3	6	2
LEU828A	6	5	22	14	582	356.523364464145	4	4	14	11	385	258.023364464145	2	2	2	2
ILE938B	5	4	16	11	658	470.300461274461	4	4	17	12	256	256	2	2	5	2
LEU703A	7	4	23	10	7574	4732.5	6	4	18	7	726	363.5	2	2	2	2
ILE890B	4	2	8	2	1251	913	3	2	4	0	1	1	1	1	1	1
ARG977B	3	1	5	1	526	1	3	1	6	0	1	1	1	1	1	1
LYS860B	6	4	16	8	6663	5331.98254161723	4	4	14	12	6663	5331.98254161723	4	4	5	5
ILE706B	5	4	18	13	526	371	5	4	24	15	27	1	2	1	2	0
ASP974A	3	2	9	2	1218	381	3	2	9	1	1	1	1	1	1	1
LEU760B	4	3	13	5	226	75.15469193022	3	3	8	6	224	74.15469193022	2	2	3	3
LEU883A	6	5	11	5	2806	1936	5	4	11	3	1066	1066	3	3	3	1
ARG836B	5	2	18	2	1848	683	4	2	15	1	683	683	2	2	3	1
GLU749A	4	2	8	1	2089	1	3	2	5	0	1570	1	2	1	1	0
LEU964B	6	5	23	12	1302	1302	5	4	17	7	328	328	2	2	2	0
GLU922B	4	2	5	2	582	283	3	2	4	2	1	1	1	1	1	1
SER925B	4	3	5	3	18	18	2	2	2	1	1	1	1	1	1	1
LYS708B	4	2	7	1	338	338	2	2	1	0	338	338	2	2	2	0
THR710B	4	4	7	5	1	1	1	1	1	1	1	1	1	1	1	1
GLU963B	3	3	7	5	526	526	3	3	8	3	1	1	1	1	1	1
ASN826A	3	1	10	1	526	1	2	1	3	0	1	1	1	1	1	1
LEU907A	6	5	22	13	526	257.314749263644	6	5	25	15	1	1	1	1	1	1
LEU861B	5	4	16	9	1034	270.5	4	3	13	5	46	23.5	2	2	4	4
ARG831B	4	3	12	4	2905	701.596611322861	3	2	6	2	1764	701.596611322861	2	2	1	1
ARG776A	6	5	19	14	15368	8715.52216489396	4	3	15	7	1	1	1	1	1	1
GLN976A	2	1	7	1	1	1	1	1	1	1	1	1	1	1	1	1
SER752A	2	1	2	1	1	1	1	1	1	1	1	1	1	1	1	1
THR751A	3	3	2	2	1	1	1	1	1	1	1	1	1	1	1	1
LYS708A	3	2	7	1	485	354.400477034578	2	2	2	1	1	1	1	1	1	1
SER969B	3	3	7	6	234	39.772046702877	2	2	2	2	618	423.772046702877	3	3	4	3
ILE926B	3	2	8	2	1040	686.829810925878	2	2	6	2	1	1	1	1	1	1
SER924B	3	2	7	3	536	1	2	1	4	0	536	1	2	1	2	0
SER969A	4	3	12	6	47	8.96567893617074	2	2	2	2	568	529.965678936171	3	3	3	2
GLU711B	5	4	16	10	1874	1405.15642121992	3	3	14	10	1	1	1	1	1	1
SER921B	3	2	4	2	1	1	1	1	1	1	1	1	1	1	1	1
ILE809B	6	4	27	15	8131	6952.00480092531	5	4	22	11	549	1	3	1	6	0
LYS745A	3	1	9	1	1772	1	2	1	5	0	1359	1	2	1	2	0
ALA755A	3	3	3	2	1574	1574	3	3	3	1	1	1	1	1	1	1
GLY983A	3	3	3	3	1049	1049	2	2	3	2	1574	1574	3	3	4	2
SER784A	4	1	11	1	1	1	2	1	2	0	1	1	2	1	3	0
GLU967A	2	2	3	1	1	1	1	1	1	1	526	71.5305330004169	2	2	1	1
SER924A	3	2	7	3	541	1	2	1	4	0	541	1	2	1	2	0
ARG962A	3	2	3	3	1	1	1	1	1	1	1	1	1	1	1	1
LYS929B	3	2	5	1	526	386.649977940478	3	2	6	1	1	1	1	1	1	1
LYS716B	2	1	5	1	1	1	1	1	1	1	1	1	1	1	1	1
ALA750A	3	3	4	3	1	1	1	1	1	1	1570	1570	2	2	1	0
GLU709B	3	1	7	1	545	1	2	1	4	0	1	1	1	1	1	1
GLU928A	3	2	7	2	526	1	3	2	5	1	526	1	3	2	3	1
GLN701B	2	1	6	1	1	1	1	1	1	1	1	1	1	1	1	1
HIS888B	3	2	4	2	913	1	2	1	2	0	1	1	1	1	1	1
GLY735A	3	3	7	5	2279	2279	2	2	5	3	1	1	1	1	1	1
SER957A	3	2	5	3	530	3.1204144005688	3	2	6	3	1	1	1	1	1	1
GLU762A	2	1	8	1	1	1	1	1	1	1	1	1	1	1	1	1
LYS737A	2	1	6	1	1	1	1	1	1	1	1	1	1	1	1	1
GLY857A	2	2	5	3	1	1	1	1	1	1	1	1	1	1	1	1
LYS754A	2	1	2	1	526	1	2	1	2	0	1	1	1	1	1	1
LYS739A	2	1	6	1	1	1	1	1	1	1	1	1	1	1	1	1
GLU804B	2	1	4	1	1	1	1	1	1	1	1	1	1	1	1	1
ILE966A	2	2	2	2	1	1	1	1	1	1	1	1	1	1	1	1
GLU928B	2	1	5	1	526	1	2	1	4	0	526	1	2	1	2	0
GLU758B	2	2	4	4	526	526	2	2	3	2	1	1	1	1	1	1
GLN982A	2	1	2	1	1	1	1	1	1	1	526	1	2	1	2	0
ARG748A	1	1	1	1	1	1	1	1	1	1	1	1	1	1	1	1
GLU758A	1	1	1	1	1	1	1	1	1	1	1	1	1	1	1	1
LYS806A	1	1	1	1	1	1	1	1	1	1	1	1	1	1	1	1
ASP807A	1	1	1	1	1	1	1	1	1	1	1	1	1	1	1	1
ASN808A	1	1	1	1	1	1	1	1	1	1	1	1	1	1	1	1
ASP830A	1	1	1	1	1	1	1	1	1	1	1	1	1	1	1	1
ARG889A	1	1	1	1	1	1	1	1	1	1	1	1	1	1	1	1
LYS806B	1	1	1	1	1	1	1	1	1	1	1	1	1	1	1	1
ASP807B	1	1	1	1	1	1	1	1	1	1	1	1	1	1	1	1
ASN808B	1	1	1	1	1	1	1	1	1	1	1	1	1	1	1	1
ASP830B	1	1	1	1	1	1	1	1	1	1	1	1	1	1	1	1
ARG889B	1	1	1	1	1	1	1	1	1	1	1	1	1	1	1	1
ARG962B	1	1	1	1	1	1	1	1	1	1	1	1	1	1	1	1
ILE966B	1	1	1	1	1	1	1	1	1	1	1	1	1	1	1	1
GLU985A	1	1	1	1	1	1	1	1	1	1	1	1	1	1	1	1
