Degree	Degree_sidechain	SecondOrderDegree	SecondOrderDegree_sidechain	NodeEdgeBetweennessSTRIDE	NodeEdgeBetweennessSTRIDE_sidechain	IntermodularDegreeSTRIDE	IntermodularDegreeSTRIDE_sidechain	SecondOrderIntermodularDegreeSTRIDE	SecondOrderIntermodularDegreeSTRIDE_sidechain	NodeEdgeBetweennessWALKTRAP	NodeEdgeBetweennessWALKTRAP_sidechain	IntermodularDegreeWALKTRAP	IntermodularDegreeWALKTRAP_sidechain	SecondOrderIntermodularDegreeWALKTRAP	SecondOrderIntermodularDegreeWALKTRAP_sidechain
PRO223A	-0.162815563873834	0.513224118743558	-0.914496311740094	-0.0418698935415584	-0.11287805983207	0.175699740665854	-0.0336417484884286	0.49120239903442	-0.336749481882173	0.139236564258615	-0.602030217769726	-0.528506298574549	-1.04294364073092	-0.894225812928033	-0.863450158588316	-0.567352717756202
THR230A	0.323164225264731	1.01874987570596	-0.144051094008953	0.484621746523568	-0.393104012226148	-0.0579420893950102	0.476160132451606	1.08486419418645	-0.336749481882173	-0.0412213512607743	-0.183030717981677	0.0735404380666594	0.291211536048243	0.767684424306141	-0.216683309759806	0.295724389564044
CYS229A	-0.162815563873834	0.00769836178115334	-0.0156435577204292	0.133627319813484	0.227396310932167	-0.0680062432791933	0.476160132451606	0.49120239903442	0.0696189587352117	0.500152395297395	-0.602030217769726	-0.528506298574549	-1.04294364073092	-0.894225812928033	-0.863450158588316	-0.567352717756202
TRP146A	0.809144014403297	-0.497827395181252	0.497986587433665	-0.91935596031677	0.112065221681543	-0.151531636775351	0.476160132451606	-0.102459396117609	0.0696189587352117	-0.582595097818943	0.656068017814336	-0.528506298574549	0.291211536048243	-0.894225812928033	-0.216683309759806	-0.998891271416325
ARG273A	0.809144014403297	-0.497827395181252	1.26843180516481	-0.392864320251643	-0.374041022267367	-0.205964316460106	0.476160132451606	-0.102459396117609	-0.0319731514191344	-0.0412213512607743	-0.602030217769726	-0.528506298574549	0.291211536048243	-0.894225812928033	-0.00109436015030208	-0.998891271416325
ASP281A	-0.6487953530124	-0.497827395181252	-0.0156435577204292	-0.392864320251643	-0.660939021147018	-0.629387835877374	-0.543443629428463	-0.102459396117609	-0.539933702190865	-0.0412213512607743	-0.602030217769726	-0.528506298574549	-1.04294364073092	-0.894225812928033	-0.863450158588316	-0.567352717756202
ARG196A	0.809144014403297	0.513224118743558	1.14002426887628	0.484621746523568	0.273147486833241	0.0840699200391534	0.98596201339164	1.08486419418645	1.08554006027867	1.58289988841373	-0.340292997429685	-0.366452150187263	0.291211536048243	-0.0632706943109458	0.430083539068705	0.295724389564044
ASP184A	-0.6487953530124	0.00769836178115334	-0.272458630297476	-0.0418698935415584	-0.660939021147018	-0.641747214799339	-0.0336417484884286	0.49120239903442	0.37439528919825	1.22198405737495	-0.39857901708524	-0.454637376710182	0.958289124437824	1.59863954292323	0.861261438287712	1.15880149688429
CYS242A	0.809144014403297	0.513224118743558	0.626394123722188	-0.0418698935415584	-0.69906500106458	-0.579954650921531	0.476160132451606	0.49120239903442	0.88235583996998	0.861068226336174	-0.479959497359035	-0.357222212781201	0.291211536048243	0.767684424306141	1.07685038789722	1.15880149688429
HIS179A	0.809144014403297	0.513224118743558	0.626394123722188	0.309124533168526	2.34910709334447	-0.201170806934973	1.49576389433167	1.08486419418645	1.28872428058736	0.861068226336174	1.16634562385542	-0.433295217412416	0.291211536048243	-0.0632706943109458	1.07685038789722	1.15880149688429
GLN104A	-0.6487953530124	-0.497827395181252	-0.272458630297476	-0.0418698935415584	-0.675236263616104	-0.628301530358151	-0.543443629428463	-0.102459396117609	-0.13356526157348	0.500152395297395	-0.602030217769726	-0.528506298574549	-1.04294364073092	-0.894225812928033	-0.863450158588316	-0.567352717756202
GLY108A	1.29512380354186	1.52427563266837	0.369579051145141	0.133627319813484	0.348446297170425	0.550653112702986	1.49576389433167	1.67852598933848	1.28872428058736	1.04152614185556	-0.2391172651974	0.108676937772979	-0.375866052341337	-0.0632706943109458	-0.216683309759806	-0.567352717756202
ARG175A	0.809144014403297	1.01874987570596	0.626394123722188	0.660118959878611	3.07159441278226	4.86923591885895	1.49576389433167	1.67852598933848	1.5935006110504	1.58289988841373	1.71291452515374	2.40217822999182	0.958289124437824	0.767684424306141	1.50802828711622	0.727262943224167
GLY279A	1.29512380354186	2.02980138963077	1.26843180516481	2.23959388007399	-0.553233127879907	-0.241398308624212	-0.543443629428463	-0.102459396117609	-0.336749481882173	0.139236564258615	-0.222621221898658	0.125690609868446	0.291211536048243	0.767684424306141	0.214494589459201	1.15880149688429
THR118A	0.323164225264731	0.00769836178115334	-0.0156435577204292	-0.0418698935415584	0.73065924584398	0.266066996147884	0.98596201339164	0.49120239903442	-0.235157371727827	0.139236564258615	0.784737155544524	0.627925944409148	0.958289124437824	0.767684424306141	0.645672488678208	1.59034005054441
PRO128A	-0.6487953530124	0.00769836178115334	-0.78608877545157	-0.568361533606685	-0.127175302301156	0.489424652446227	-0.543443629428463	-0.102459396117609	-0.438341592036519	-0.582595097818943	-0.134642324305367	0.292108475509389	-0.375866052341337	-0.0632706943109458	-0.432272259369309	-0.567352717756202
TYR126A	0.809144014403297	-1.00335315214366	0.497986587433665	-0.91935596031677	1.24917257272282	-0.169998695680359	0.98596201339164	-0.696121191269638	0.475987399352596	-0.763053013338333	0.880414206677228	0.114469512648866	0.958289124437824	-0.0632706943109458	0.214494589459201	-0.135814164096079
CYS176A	0.809144014403297	1.01874987570596	0.626394123722188	0.484621746523568	1.61899457792317	1.0011784331194	0.476160132451606	0.49120239903442	0.88235583996998	0.861068226336174	-0.243516210077065	-0.400862852801828	-0.375866052341337	-0.0632706943109458	0.430083539068705	1.15880149688429
ARG249A	0.809144014403297	1.01874987570596	0.626394123722188	0.484621746523568	4.03808800369245	3.32457855916354	1.49576389433167	1.67852598933848	0.88235583996998	1.04152614185556	3.19425921338078	2.28643605130161	1.6253667128274	1.59863954292323	0.645672488678208	0.727262943224167
GLU171A	-1.13477514215097	-1.00335315214366	-0.78608877545157	-0.568361533606685	-0.660939021147018	-0.618471056920626	-1.0532455103685	-0.696121191269638	-0.743117922499557	-0.221679266780164	-0.39857901708524	-0.426557539106615	0.291211536048243	-0.0632706943109458	0.214494589459201	0.295724389564044
THR231A	0.323164225264731	1.01874987570596	0.497986587433665	1.53760502665382	-0.343540238333318	0.126101594133763	-0.543443629428463	-0.102459396117609	-0.641525812345211	-0.221679266780164	-0.352390095848763	-0.321523410883592	0.291211536048243	0.767684424306141	-0.00109436015030208	0.727262943224167
ARG283A	-0.6487953530124	0.00769836178115334	-0.529273702874523	-0.0418698935415584	-0.576108715830444	-0.399960128080221	-1.0532455103685	-0.696121191269638	-0.844710032653903	-0.582595097818943	-0.0576607889112376	0.154073983161101	0.958289124437824	1.59863954292323	0.430083539068705	0.727262943224167
TYR163A	-0.162815563873834	-0.497827395181252	0.626394123722188	0.133627319813484	1.69334023876241	-0.532781363890282	0.476160132451606	-0.102459396117609	0.983947950124327	0.500152395297395	0.874915525577648	-0.323183405062262	0.291211536048243	0.767684424306141	0.861261438287712	1.59034005054441
SER241A	-0.6487953530124	-0.497827395181252	-0.529273702874523	-0.568361533606685	-0.671423665624348	-0.70297921734578	-1.0532455103685	-1.28978298642167	-1.14948636311694	-1.12396884437711	-0.591032855570565	-0.509197715654927	-0.375866052341337	-0.0632706943109458	-0.432272259369309	-0.998891271416325
TYR239A	0.323164225264731	-1.50887890910606	1.01161673258776	-1.27035038702685	-0.618047293739761	-0.70297921734578	-0.0336417484884286	-1.28978298642167	0.679171619661288	-1.12396884437711	-0.424972686363228	-0.528506298574549	0.958289124437824	-0.894225812928033	0.645672488678208	-0.998891271416325
ARG213A	1.78110359268043	1.52427563266837	0.497986587433665	0.660118959878611	1.00897889924218	0.0285589122638609	2.51536765621174	2.27218778449051	1.28872428058736	0.861068226336174	-0.602030217769726	-0.528506298574549	0.291211536048243	0.767684424306141	0.430083539068705	-0.567352717756202
THR211A	0.323164225264731	0.513224118743558	-0.144051094008953	0.133627319813484	-0.233928046070328	0.31016393645065	-0.543443629428463	-0.696121191269638	-0.235157371727827	-0.0412213512607743	-0.602030217769726	-0.528506298574549	-1.04294364073092	-0.894225812928033	-0.863450158588316	-0.567352717756202
GLN165A	-0.6487953530124	0.00769836178115334	-1.04290384802862	-0.568361533606685	0.0367664113443592	-0.168270362548722	-0.0336417484884286	0.49120239903442	-0.641525812345211	-0.221679266780164	-0.602030217769726	-0.528506298574549	-1.04294364073092	-0.894225812928033	-0.863450158588316	-0.567352717756202
GLN167A	-0.6487953530124	-0.497827395181252	-1.29971892060566	-0.91935596031677	-0.486512663024174	-0.209339768328926	-1.0532455103685	-0.696121191269638	-1.0478942529626	-0.582595097818943	-0.602030217769726	-0.528506298574549	-1.04294364073092	-0.894225812928033	-0.863450158588316	-0.567352717756202
GLY154A	-0.162815563873834	0.513224118743558	-0.0156435577204292	0.660118959878611	-0.64950122717175	-0.387672422246417	-0.0336417484884286	0.49120239903442	0.0696189587352117	0.500152395297395	-0.602030217769726	-0.528506298574549	-0.375866052341337	-0.0632706943109458	-0.647861208978812	-0.998891271416325
PRO153A	-1.13477514215097	-1.00335315214366	-1.17131138431714	-0.743858746961727	-0.837271678265741	-0.70297921734578	-1.56304739130853	-1.28978298642167	-1.25107847327129	-0.943510928857723	-0.602030217769726	-0.528506298574549	-1.04294364073092	-0.894225812928033	-0.863450158588316	-0.567352717756202
ILE162A	0.809144014403297	-0.497827395181252	0.754801660010712	-0.743858746961727	1.02804188920096	-0.346391160406807	0.98596201339164	-0.102459396117609	0.983947950124327	-0.402137182299554	0.991487564888758	-0.0983264217068406	1.6253667128274	-0.0632706943109458	0.861261438287712	-0.567352717756202
VAL173A	1.29512380354186	2.02980138963077	0.754801660010712	1.88859945336391	1.8858764373461	3.24120503295658	0.98596201339164	1.67852598933848	1.08554006027867	2.1242736349719	1.53035831264767	1.36667042704801	2.29244430121698	3.2605497801574	1.50802828711622	3.31649426518491
THR253A	0.809144014403297	1.52427563266837	1.65365441403038	1.01111338658869	0.388478576083865	0.346081727250204	0.476160132451606	1.08486419418645	0.88235583996998	0.861068226336174	0.736348761868214	0.670442810705441	1.6253667128274	2.42959466154031	1.50802828711622	1.15880149688429
TYR236A	1.78110359268043	0.00769836178115334	2.29569209547299	0.309124533168526	1.32351823356206	-0.163600178625842	2.51536765621174	0.49120239903442	2.60942171259386	0.319694479778005	0.23926799046612	0.0581206090441003	0.291211536048243	-0.0632706943109458	0.430083539068705	0.727262943224167
ARG156A	1.29512380354186	0.00769836178115334	1.52524687774185	0.309124533168526	-0.710502795039848	-0.619864928201737	0.98596201339164	-0.102459396117609	1.28872428058736	-0.221679266780164	-0.602030217769726	-0.528506298574549	0.291211536048243	-0.894225812928033	-0.00109436015030208	-0.998891271416325
VAL217A	0.809144014403297	1.52427563266837	1.01161673258776	1.88859945336391	1.31493988808061	1.39025604832072	0.476160132451606	1.08486419418645	0.577579509506942	1.04152614185556	-0.602030217769726	-0.528506298574549	-1.04294364073092	-0.894225812928033	-0.863450158588316	-0.567352717756202
GLU271A	0.323164225264731	0.00769836178115334	0.112763978568094	-0.568361533606685	3.51957467681361	2.93359238193818	0.476160132451606	0.49120239903442	-0.13356526157348	-0.0412213512607743	5.17598388166966	3.85857255154047	1.6253667128274	1.59863954292323	1.07685038789722	1.15880149688429
PRO250A	-0.162815563873834	0.00769836178115334	-0.400866166586	-0.0418698935415584	3.22600463144839	3.09110584754275	0.476160132451606	0.49120239903442	0.171211068889558	0.500152395297395	3.48239010299881	3.51857268137824	0.958289124437824	0.767684424306141	0.861261438287712	0.295724389564044
ALA203A	1.29512380354186	1.52427563266837	1.01161673258776	1.71310224000886	-0.666657918134652	-0.598203752580862	0.98596201339164	1.08486419418645	1.18713217043302	1.94381571945251	-0.598731009109978	-0.528506298574549	-0.375866052341337	-0.894225812928033	-0.432272259369309	-0.998891271416325
GLU204A	-0.162815563873834	-1.00335315214366	0.497986587433665	-0.91935596031677	-0.660939021147018	-0.70297921734578	0.476160132451606	-0.696121191269638	0.679171619661288	-0.763053013338333	-0.602030217769726	-0.528506298574549	-1.04294364073092	-0.894225812928033	-0.863450158588316	-0.567352717756202
CYS124A	0.809144014403297	0.513224118743558	1.26843180516481	1.36210781329878	-0.554186277377846	-0.347351040808406	0.98596201339164	0.49120239903442	0.679171619661288	0.861068226336174	-0.602030217769726	-0.528506298574549	-0.375866052341337	-0.894225812928033	-0.216683309759806	-0.998891271416325
CYS141A	1.29512380354186	1.52427563266837	1.39683934145333	1.01111338658869	-0.0461575949763373	0.0326006910653998	0.476160132451606	1.08486419418645	0.88235583996998	1.40244197289434	-0.602030217769726	-0.528506298574549	-1.04294364073092	-0.894225812928033	-0.863450158588316	-0.567352717756202
ALA129A	-0.6487953530124	0.00769836178115334	-0.914496311740094	-0.0418698935415584	-0.836318528767802	-0.702178946292228	-1.0532455103685	-0.696121191269638	-1.14948636311694	-0.763053013338333	-0.602030217769726	-0.528506298574549	-1.04294364073092	-0.894225812928033	-0.863450158588316	-0.567352717756202
HIS233A	-1.13477514215097	-1.00335315214366	-0.914496311740094	-0.568361533606685	-0.723846888010995	-0.70297921734578	-1.0532455103685	-1.28978298642167	-1.0478942529626	-1.12396884437711	-0.602030217769726	-0.528506298574549	-1.04294364073092	-0.894225812928033	-0.863450158588316	-0.567352717756202
THR140A	0.323164225264731	0.00769836178115334	0.112763978568094	-0.0418698935415584	-0.520826044949979	-0.357188475127371	-0.0336417484884286	-0.102459396117609	-0.641525812345211	-0.763053013338333	-0.367786402927589	-0.34112419805495	0.291211536048243	-0.0632706943109458	0.214494589459201	-0.135814164096079
CYS238A	2.26708338181899	1.01874987570596	2.16728455918447	0.835616173233653	1.87062604537907	0.806130128187853	2.51536765621174	1.08486419418645	3.32056648367429	1.58289988841373	1.17074456873509	1.2920495495779	3.62659947799615	3.2605497801574	3.23273988399225	2.45341715786466
MET246A	1.78110359268043	0.513224118743558	1.39683934145333	0.660118959878611	0.0901427832289454	0.0958175146743444	2.00556577527171	1.08486419418645	2.20305327197648	1.04152614185556	-0.0653589424506505	0.375287651750282	2.29244430121698	1.59863954292323	2.80156198477324	2.45341715786466
PRO142A	0.809144014403297	0.513224118743558	0.883209196299235	0.660118959878611	-0.205333561132157	-0.602459424740085	-0.0336417484884286	-0.102459396117609	-0.438341592036519	-0.221679266780164	-0.539345253234506	-0.528506298574549	-0.375866052341337	-0.894225812928033	-0.432272259369309	-0.998891271416325
ASP208A	-0.6487953530124	0.00769836178115334	-0.914496311740094	-0.392864320251643	-0.837271678265741	-0.70297921734578	-1.56304739130853	-1.28978298642167	-1.25107847327129	-0.943510928857723	-0.602030217769726	-0.528506298574549	-1.04294364073092	-0.894225812928033	-0.863450158588316	-0.567352717756202
LEU264A	0.323164225264731	1.01874987570596	0.112763978568094	1.01111338658869	0.729706096346041	1.01600300568323	-0.543443629428463	-0.102459396117609	-0.844710032653903	-0.763053013338333	1.01018308062733	0.732255479836897	0.291211536048243	0.767684424306141	0.645672488678208	1.15880149688429
LEU265A	1.29512380354186	0.513224118743558	1.26843180516481	1.36210781329878	-0.456011879090125	-0.0875707771645362	0.98596201339164	0.49120239903442	1.28872428058736	0.680610310816784	-0.238017528977484	-0.0592190473878576	1.6253667128274	-0.0632706943109458	1.29243933750672	-0.135814164096079
GLY187A	-0.6487953530124	0.00769836178115334	-1.04290384802862	-0.568361533606685	-0.657126423155262	-0.668489873141956	-0.543443629428463	-0.102459396117609	-0.844710032653903	-0.582595097818943	-0.597631272890061	-0.5207828654067	-0.375866052341337	-0.0632706943109458	-0.432272259369309	-0.567352717756202
LEU188A	0.323164225264731	-1.00335315214366	0.241171514856618	-0.217367106896601	-0.657126423155262	-0.69817759102447	-0.0336417484884286	-0.696121191269638	-0.336749481882173	-0.402137182299554	-0.394180072205576	-0.522713723698662	0.958289124437824	-0.0632706943109458	-0.216683309759806	-0.998891271416325
ALA189A	0.323164225264731	1.01874987570596	0.241171514856618	0.484621746523568	1.10429384903608	1.51350671937068	-0.0336417484884286	0.49120239903442	0.0696189587352117	0.500152395297395	0.195278541669474	-0.0735245991799448	-0.375866052341337	-0.0632706943109458	-0.647861208978812	-0.135814164096079
TYR205A	0.809144014403297	0.00769836178115334	1.65365441403038	1.18661059994374	3.68732898845088	1.15168229145987	1.49576389433167	0.49120239903442	1.49190850089606	1.22198405737495	2.03843644624892	1.55488979845267	0.291211536048243	-0.0632706943109458	0.645672488678208	0.295724389564044
ARG110A	0.809144014403297	0.513224118743558	0.112763978568094	0.484621746523568	0.311273466750803	0.765287940261226	1.49576389433167	1.08486419418645	0.88235583996998	1.04152614185556	0.0732078212587829	0.657040692690246	0.291211536048243	-0.0632706943109458	-0.216683309759806	-0.998891271416325
GLN192A	0.323164225264731	-0.497827395181252	-0.400866166586	-0.392864320251643	-0.546561081394333	-0.70297921734578	-0.0336417484884286	-1.28978298642167	-0.641525812345211	-1.12396884437711	-0.266610670695304	-0.528506298574549	0.291211536048243	-0.894225812928033	-0.216683309759806	-0.998891271416325
PRO190A	0.809144014403297	0.513224118743558	0.626394123722188	0.660118959878611	0.626765950568625	1.75545345916499	-1.0532455103685	-0.696121191269638	-0.743117922499557	-0.582595097818943	-0.602030217769726	-0.528506298574549	-1.04294364073092	-0.894225812928033	-0.863450158588316	-0.567352717756202
VAL143A	0.809144014403297	1.01874987570596	0.754801660010712	1.18661059994374	-0.612328396752127	-0.471700882869344	0.476160132451606	0.49120239903442	0.0696189587352117	0.500152395297395	-0.422773213923395	-0.287149012079273	0.958289124437824	0.767684424306141	0.645672488678208	-0.135814164096079
GLY266A	1.29512380354186	2.02980138963077	0.754801660010712	1.53760502665382	-0.546561081394333	-0.292290266729209	0.476160132451606	1.08486419418645	0.37439528919825	0.500152395297395	-0.339193261209769	-0.160496957765434	0.958289124437824	1.59863954292323	1.50802828711622	2.45341715786466
ASN235A	-0.162815563873834	0.513224118743558	-0.144051094008953	0.133627319813484	0.119690417665056	0.728630000799562	-0.0336417484884286	0.49120239903442	-0.438341592036519	-0.221679266780164	1.39838996625773	2.77220463277458	1.6253667128274	2.42959466154031	1.07685038789722	1.15880149688429
LYS139A	-0.162815563873834	-1.00335315214366	-0.0156435577204292	-0.91935596031677	0.537169897762355	-0.474764427003458	-0.0336417484884286	-0.696121191269638	-0.336749481882173	-0.582595097818943	0.141391466893583	-0.528506298574549	-0.375866052341337	-0.894225812928033	-0.216683309759806	-0.998891271416325
ARG282A	1.29512380354186	1.01874987570596	1.01161673258776	0.660118959878611	1.28062650615481	0.999954724967651	0.98596201339164	1.08486419418645	1.08554006027867	0.861068226336174	0.405328159673457	0.139720655134373	0.958289124437824	1.59863954292323	-0.00109436015030208	0.295724389564044
PHE134A	0.323164225264731	0.513224118743558	0.754801660010712	0.484621746523568	-0.248225288539414	-0.195607369394013	0.476160132451606	0.49120239903442	0.679171619661288	1.04152614185556	-0.602030217769726	-0.528506298574549	0.291211536048243	0.767684424306141	-0.216683309759806	0.727262943224167
ARG158A	1.29512380354186	1.01874987570596	1.14002426887628	0.484621746523568	3.75881520079631	4.17672456762063	0.476160132451606	1.08486419418645	0.272803179043904	0.680610310816784	3.25914365035584	3.62388101575649	1.6253667128274	1.59863954292323	1.72361723672573	0.727262943224167
GLU258A	0.323164225264731	-0.497827395181252	0.754801660010712	-0.0418698935415584	2.00216067609466	0.309525776711104	0.476160132451606	-0.102459396117609	0.577579509506942	-0.0412213512607743	3.87059698862921	0.515146517487825	0.291211536048243	-0.0632706943109458	0.645672488678208	0.295724389564044
LYS164A	-0.6487953530124	-1.00335315214366	-0.272458630297476	-0.91935596031677	0.297929373779656	0.0964263355375523	-0.0336417484884286	-0.696121191269638	-0.13356526157348	-0.582595097818943	0.143590939333416	0.43587872670847	0.291211536048243	-0.0632706943109458	0.214494589459201	0.295724389564044
MET169A	0.809144014403297	-0.497827395181252	0.241171514856618	-0.743858746961727	0.00912507590412703	0.118098883598246	0.98596201339164	-0.102459396117609	1.08554006027867	-0.582595097818943	-0.120345753446457	-0.528506298574549	0.958289124437824	-0.894225812928033	-0.00109436015030208	-0.998891271416325
MET237A	1.29512380354186	0.513224118743558	1.01161673258776	0.133627319813484	0.452339592445781	-0.173235913630436	1.49576389433167	1.08486419418645	1.39031639074171	1.40244197289434	-0.181930981761761	-0.427335573973155	1.6253667128274	0.767684424306141	1.50802828711622	0.727262943224167
PRO152A	-0.162815563873834	0.00769836178115334	-0.272458630297476	0.309124533168526	-0.26156938151056	-0.380706261449259	-0.0336417484884286	0.49120239903442	0.272803179043904	1.04152614185556	-0.385382182446247	-0.237866674154144	0.291211536048243	0.767684424306141	-0.00109436015030208	0.727262943224167
LEU194A	0.809144014403297	1.52427563266837	1.65365441403038	2.59058830678407	-0.588499659303651	-0.359789155947653	1.49576389433167	2.27218778449051	2.20305327197648	3.38747904360763	-0.357888776948343	-0.152141201328437	0.958289124437824	1.59863954292323	2.58597303516374	4.61110992616527
ILE255A	1.78110359268043	0.513224118743558	1.91046948660742	1.01111338658869	1.17196746338976	-0.0461414414017437	0.98596201339164	-0.102459396117609	0.983947950124327	-0.221679266780164	3.31083125269189	1.52084822588784	2.95952188960656	0.767684424306141	3.66391778321126	0.295724389564044
TYR234A	0.809144014403297	0.00769836178115334	1.52524687774185	0.484621746523568	0.630578548560381	-0.470261073305775	0.476160132451606	-0.102459396117609	0.679171619661288	-0.221679266780164	1.98784858013278	-0.24776032124883	2.29244430121698	0.767684424306141	3.44832883360175	1.59034005054441
LEU252A	-0.162815563873834	0.513224118743558	-0.400866166586	0.133627319813484	0.0977679792124578	0.593383620375593	-0.0336417484884286	0.49120239903442	-0.539933702190865	-0.221679266780164	-0.0697578873303151	0.0757603375504558	0.291211536048243	0.767684424306141	-0.432272259369309	-0.135814164096079
VAL216A	1.78110359268043	2.53532714659318	1.39683934145333	2.06409666671895	1.03852653367829	2.27961496759438	1.49576389433167	2.27218778449051	1.7966848313591	2.66564738153007	1.30051344268519	2.80705140079016	1.6253667128274	2.42959466154031	1.72361723672573	2.88495571152478
GLY262A	-0.162815563873834	0.513224118743558	-0.78608877545157	-0.392864320251643	0.080611288249555	0.690950665674774	-0.543443629428463	-0.102459396117609	-0.641525812345211	-0.402137182299554	-0.602030217769726	-0.528506298574549	-1.04294364073092	-0.894225812928033	-0.863450158588316	-0.567352717756202
PRO98A	-0.162815563873834	0.513224118743558	-0.0156435577204292	-0.0418698935415584	0.319851812232254	0.911877382058112	-0.0336417484884286	0.49120239903442	0.272803179043904	0.500152395297395	0.0919033369973572	0.689865283653604	-0.375866052341337	-0.0632706943109458	-0.216683309759806	-0.567352717756202
VAL97A	0.323164225264731	0.513224118743558	-0.272458630297476	-0.0418698935415584	-0.427417394151953	-0.0587610192366756	0.476160132451606	0.49120239903442	0.37439528919825	-0.582595097818943	-0.189629135301174	0.195565560911279	-0.375866052341337	-0.0632706943109458	-0.432272259369309	-0.998891271416325
GLN144A	0.809144014403297	0.513224118743558	0.112763978568094	-0.0418698935415584	1.29301744962801	-0.170147934094455	-0.0336417484884286	0.49120239903442	-0.539933702190865	0.139236564258615	-0.421673477703479	-0.370175918633648	-0.375866052341337	-0.0632706943109458	-0.863450158588316	-0.567352717756202
PRO219A	-1.13477514215097	-0.497827395181252	-1.04290384802862	-0.217367106896601	-0.562764622859297	-0.457309760514382	-1.0532455103685	-0.696121191269638	-1.14948636311694	-0.763053013338333	-0.602030217769726	-0.528506298574549	-1.04294364073092	-0.894225812928033	-0.863450158588316	-0.567352717756202
VAL218A	0.809144014403297	1.52427563266837	0.497986587433665	1.01111338658869	0.279819533318814	0.265140138528922	0.476160132451606	1.08486419418645	0.679171619661288	1.40244197289434	-0.48985712333828	-0.430032525684476	-0.375866052341337	-0.0632706943109458	-0.216683309759806	0.295724389564044
THR256A	0.323164225264731	1.01874987570596	0.497986587433665	1.71310224000886	0.361790390141572	0.286806175753093	-0.543443629428463	-0.102459396117609	-0.743117922499557	-0.0412213512607743	3.7067362918617	5.80163177543323	1.6253667128274	2.42959466154031	1.72361723672573	2.45341715786466
ILE232A	0.809144014403297	0.513224118743558	1.52524687774185	1.36210781329878	0.337961652693096	-0.147216108087578	0.476160132451606	0.49120239903442	0.780763729815634	1.04152614185556	0.753944541386873	0.141953918070408	1.6253667128274	1.59863954292323	1.07685038789722	1.59034005054441
ARG174A	-0.6487953530124	-0.497827395181252	-0.144051094008953	-0.392864320251643	-0.686674057591372	-0.639295815958904	-0.543443629428463	-0.102459396117609	-0.641525812345211	-0.402137182299554	-0.341392733649601	-0.451680063836654	0.291211536048243	-0.0632706943109458	0.645672488678208	0.295724389564044
ASN247A	-1.13477514215097	-1.50887890910606	-1.04290384802862	-1.27035038702685	-0.725753187006873	-0.70297921734578	-1.0532455103685	-1.28978298642167	-1.14948636311694	-1.12396884437711	-0.602030217769726	-0.528506298574549	-1.04294364073092	-0.894225812928033	-0.863450158588316	-0.567352717756202
MET243A	-0.6487953530124	-1.00335315214366	-1.17131138431714	-1.27035038702685	-0.725753187006873	-0.515715790814686	-0.543443629428463	-0.696121191269638	-1.0478942529626	-1.12396884437711	-0.602030217769726	-0.528506298574549	-1.04294364073092	-0.894225812928033	-0.863450158588316	-0.567352717756202
ASN200A	-0.162815563873834	-1.00335315214366	-0.0156435577204292	-0.392864320251643	-0.409307553691112	-0.471432220696157	-0.0336417484884286	-0.696121191269638	-0.0319731514191344	-0.402137182299554	-0.602030217769726	-0.528506298574549	-1.04294364073092	-0.894225812928033	-0.863450158588316	-0.567352717756202
VAL197A	2.26708338181899	2.02980138963077	2.03887702289595	2.41509109342903	2.22329135961652	2.00195297530587	2.51536765621174	2.27218778449051	2.20305327197648	2.1242736349719	2.15500848556003	2.22875934234748	1.6253667128274	1.59863954292323	1.72361723672573	1.59034005054441
VAL272A	1.29512380354186	1.52427563266837	2.03887702289595	1.71310224000886	-0.350212284818891	-0.128674400851671	-0.0336417484884286	-0.102459396117609	0.37439528919825	0.139236564258615	0.826527131901338	1.74990648594086	0.958289124437824	0.767684424306141	1.29243933750672	2.02187860420454
VAL274A	2.75306317095756	3.04085290355558	2.16728455918447	2.59058830678407	2.19088427668659	4.05777466189382	2.51536765621174	2.86584957964253	2.71101382274821	2.66564738153007	-0.432670839902641	-0.528506298574549	-0.375866052341337	-0.894225812928033	-0.647861208978812	-0.998891271416325
GLU287A	-1.13477514215097	-0.497827395181252	-1.55653399318271	-1.09485317367181	-0.835365379269862	-0.699778133131573	-1.0532455103685	-0.696121191269638	-1.14948636311694	-1.12396884437711	-0.602030217769726	-0.528506298574549	-1.04294364073092	-0.894225812928033	-0.863450158588316	-0.567352717756202
LYS291A	-1.13477514215097	-1.50887890910606	-1.55653399318271	-1.27035038702685	-0.835365379269862	-0.70297921734578	-0.543443629428463	-1.28978298642167	-1.14948636311694	-1.12396884437711	-0.602030217769726	-0.528506298574549	-1.04294364073092	-0.894225812928033	-0.863450158588316	-0.567352717756202
LEU130A	0.809144014403297	1.01874987570596	-0.272458630297476	0.133627319813484	0.374181333614779	0.64092617261318	0.98596201339164	1.67852598933848	0.272803179043904	0.861068226336174	-0.602030217769726	-0.528506298574549	-0.375866052341337	-0.0632706943109458	-0.647861208978812	-0.135814164096079
SER127A	-0.162815563873834	-0.497827395181252	-0.400866166586	-0.392864320251643	0.101580577204214	0.0174561051221778	0.476160132451606	-0.102459396117609	0.0696189587352117	-0.0412213512607743	-0.602030217769726	-0.528506298574549	-0.375866052341337	-0.894225812928033	-0.432272259369309	-0.998891271416325
LEU114A	-1.13477514215097	-0.497827395181252	-0.657681239163047	-0.217367106896601	-0.506528802480894	-0.379355351569083	-0.543443629428463	-0.102459396117609	-0.743117922499557	-0.221679266780164	-0.421673477703479	-0.370175918633648	-0.375866052341337	-0.0632706943109458	-0.863450158588316	-0.567352717756202
ARG290A	-1.13477514215097	-0.497827395181252	-1.55653399318271	-1.09485317367181	-0.837271678265741	-0.70297921734578	-1.0532455103685	-0.696121191269638	-1.14948636311694	-1.12396884437711	-0.602030217769726	-0.528506298574549	-1.04294364073092	-0.894225812928033	-0.863450158588316	-0.567352717756202
ALA276A	-0.162815563873834	-0.497827395181252	-0.144051094008953	-0.392864320251643	-0.638063433196481	-0.70297921734578	-0.543443629428463	-1.28978298642167	-0.0319731514191344	-1.12396884437711	-0.602030217769726	-0.528506298574549	-1.04294364073092	-0.894225812928033	-0.863450158588316	-0.567352717756202
GLN136A	0.323164225264731	0.00769836178115334	0.754801660010712	-0.568361533606685	1.57514970101797	0.817376417607704	0.98596201339164	0.49120239903442	1.08554006027867	-0.582595097818943	-0.201726233720252	-0.187736141304811	-0.375866052341337	-0.0632706943109458	-0.216683309759806	0.295724389564044
TYR103A	-0.162815563873834	-1.50887890910606	-0.400866166586	-1.27035038702685	0.0262817668670298	-0.70297921734578	-0.0336417484884286	-1.28978298642167	-0.235157371727827	-1.12396884437711	-0.238017528977484	-0.528506298574549	-0.375866052341337	-0.894225812928033	-0.647861208978812	-0.998891271416325
ALA159A	0.323164225264731	1.01874987570596	1.14002426887628	1.36210781329878	-0.295882763436366	-0.0840242013849002	-0.0336417484884286	0.49120239903442	0.171211068889558	0.680610310816784	0.303052691221256	0.951942038824756	1.6253667128274	2.42959466154031	2.58597303516374	3.31649426518491
THR125A	1.78110359268043	2.02980138963077	1.91046948660742	2.59058830678407	0.698252162914053	1.1337412917773	1.49576389433167	1.67852598933848	1.5935006110504	2.30473155049129	-0.293004339973291	-0.288529954869496	-0.375866052341337	-0.0632706943109458	-0.647861208978812	-0.135814164096079
CYS275A	0.809144014403297	1.01874987570596	0.626394123722188	1.18661059994374	-0.25203788653117	-0.0731738631385781	0.476160132451606	1.08486419418645	0.88235583996998	1.94381571945251	-0.602030217769726	-0.528506298574549	-1.04294364073092	-0.894225812928033	-0.863450158588316	-0.567352717756202
LEU133A	0.323164225264731	1.01874987570596	0.883209196299235	1.53760502665382	-0.42074534766638	-0.0675309232425405	0.98596201339164	1.67852598933848	1.28872428058736	1.58289988841373	-0.602030217769726	-0.528506298574549	-1.04294364073092	-0.894225812928033	-0.863450158588316	-0.567352717756202
ALA161A	0.809144014403297	1.52427563266837	1.14002426887628	1.71310224000886	0.275053785829119	0.116942179431806	0.476160132451606	1.08486419418645	0.780763729815634	2.30473155049129	0.898009986195887	1.20486338914358	0.958289124437824	1.59863954292323	1.72361723672573	2.02187860420454
ASP207A	-0.6487953530124	-0.497827395181252	-0.529273702874523	0.133627319813484	-0.697158702068702	-0.673944929639355	-0.543443629428463	-0.102459396117609	-0.438341592036519	0.500152395297395	-0.457964772960712	-0.498177555245558	-0.375866052341337	-0.0632706943109458	-0.432272259369309	0.295724389564044
HIS193A	0.809144014403297	1.52427563266837	0.369579051145141	0.835616173233653	-0.394057161724087	-0.0645888239830132	0.98596201339164	1.67852598933848	0.679171619661288	1.22198405737495	-0.0906528755087217	0.241633630305128	0.958289124437824	1.59863954292323	0.430083539068705	1.15880149688429
ASN131A	-0.6487953530124	-0.497827395181252	-0.529273702874523	-0.91935596031677	0.172113640051703	0.459014352411263	-0.0336417484884286	-0.102459396117609	-0.13356526157348	-0.763053013338333	0.562590439121464	0.873296821390013	0.958289124437824	0.767684424306141	0.645672488678208	-0.567352717756202
PHE270A	1.29512380354186	-0.497827395181252	0.883209196299235	-0.217367106896601	2.32527835589599	-0.235233064131431	1.49576389433167	-0.102459396117609	1.49190850089606	0.139236564258615	2.91052726864242	0.0357722258448182	1.6253667128274	-0.0632706943109458	1.50802828711622	0.727262943224167
GLY244A	-0.6487953530124	0.00769836178115334	-0.78608877545157	-0.0418698935415584	-0.378806769757062	-0.408377777386678	-0.543443629428463	-0.102459396117609	-0.743117922499557	-0.0412213512607743	-0.602030217769726	-0.528506298574549	-1.04294364073092	-0.894225812928033	-0.863450158588316	-0.567352717756202
GLY245A	0.809144014403297	1.52427563266837	0.497986587433665	1.18661059994374	1.40930168837658	2.01607627586209	0.476160132451606	1.08486419418645	0.272803179043904	1.22198405737495	-0.602030217769726	-0.528506298574549	-1.04294364073092	-0.894225812928033	-0.863450158588316	-0.567352717756202
GLU221A	-0.162815563873834	-1.00335315214366	-0.400866166586	-1.27035038702685	-0.512247699468528	-0.70297921734578	-0.543443629428463	-1.28978298642167	-0.743117922499557	-1.12396884437711	-0.31609880059153	-0.514129106605899	0.291211536048243	-0.0632706943109458	-0.432272259369309	-0.567352717756202
LYS132A	-0.6487953530124	-0.497827395181252	-0.400866166586	-0.568361533606685	1.84870360692647	2.48430691542043	-0.543443629428463	-0.102459396117609	-0.539933702190865	-0.0412213512607743	2.49702644995395	3.31656458771757	0.291211536048243	0.767684424306141	0.430083539068705	1.59034005054441
GLU198A	-0.162815563873834	-0.497827395181252	-0.0156435577204292	-0.392864320251643	-0.32161779988072	-0.342054922619436	-0.0336417484884286	-0.102459396117609	0.0696189587352117	-0.221679266780164	-0.00707292279509521	-0.093095281176075	0.291211536048243	0.767684424306141	0.214494589459201	1.15880149688429
ASP228A	-1.13477514215097	-1.50887890910606	-0.914496311740094	-1.27035038702685	-0.660939021147018	-0.70297921734578	-0.543443629428463	-1.28978298642167	-0.641525812345211	-1.12396884437711	-0.602030217769726	-0.528506298574549	-1.04294364073092	-0.894225812928033	-0.863450158588316	-0.567352717756202
PRO191A	-0.6487953530124	-0.497827395181252	-0.0156435577204292	-0.392864320251643	0.683954920444967	-0.70297921734578	-1.0532455103685	-1.28978298642167	-0.743117922499557	-1.12396884437711	-0.602030217769726	-0.528506298574549	-1.04294364073092	-0.894225812928033	-0.863450158588316	-0.567352717756202
ALA138A	-0.6487953530124	0.00769836178115334	-0.144051094008953	0.133627319813484	-0.681908310101677	-0.525954079586454	-0.543443629428463	-0.102459396117609	-0.438341592036519	-0.221679266780164	-0.457964772960712	-0.376734586928894	-0.375866052341337	-0.0632706943109458	-0.216683309759806	-0.135814164096079
LEU137A	0.809144014403297	1.01874987570596	1.52524687774185	0.835616173233653	-0.291117015946671	-0.097974300860708	0.98596201339164	1.08486419418645	1.99986905166779	0.861068226336174	-0.325996426570775	-0.0438608672920349	-0.375866052341337	-0.0632706943109458	-0.216683309759806	-0.135814164096079
GLY112A	-0.162815563873834	0.513224118743558	-0.144051094008953	0.484621746523568	0.723034049860468	1.63514318627291	-0.543443629428463	-0.102459396117609	-0.641525812345211	-0.221679266780164	-0.602030217769726	-0.528506298574549	-1.04294364073092	-0.894225812928033	-0.863450158588316	-0.567352717756202
PHE113A	-0.162815563873834	-0.497827395181252	-0.0156435577204292	-0.743858746961727	0.692533265926419	1.82907839609174	-0.0336417484884286	-0.102459396117609	0.171211068889558	-0.582595097818943	1.1377524821376	2.52611151930966	0.291211536048243	0.767684424306141	0.430083539068705	-0.135814164096079
HIS214A	-0.162815563873834	0.513224118743558	-0.400866166586	0.133627319813484	-0.373087872769428	-0.219275840510394	0.476160132451606	1.08486419418645	-0.13356526157348	0.500152395297395	-0.0840544581892249	0.0288265054068084	0.958289124437824	1.59863954292323	0.430083539068705	0.727262943224167
ILE251A	0.809144014403297	0.513224118743558	1.26843180516481	1.71310224000886	-0.527498091435552	-0.481304135511964	0.98596201339164	1.08486419418645	1.18713217043302	1.76335780393312	-0.28750565887371	-0.298734161831046	0.958289124437824	0.767684424306141	1.72361723672573	1.15880149688429
VAL172A	-0.162815563873834	0.513224118743558	0.241171514856618	1.36210781329878	-0.189130019667193	0.385389415484508	-0.0336417484884286	0.49120239903442	-0.235157371727827	0.139236564258615	0.303052691221256	0.561964953640399	-0.375866052341337	-0.0632706943109458	-0.00109436015030208	1.15880149688429
SER261A	-0.162815563873834	-1.50887890910606	-0.914496311740094	-1.27035038702685	-0.837271678265741	-0.70297921734578	-1.0532455103685	-1.28978298642167	-1.0478942529626	-1.12396884437711	-0.602030217769726	-0.528506298574549	-1.04294364073092	-0.894225812928033	-0.863450158588316	-0.567352717756202
ILE195A	0.323164225264731	0.513224118743558	1.26843180516481	0.835616173233653	0.0482042053196277	-0.125275581968246	0.98596201339164	1.08486419418645	1.18713217043302	1.04152614185556	-0.00707292279509521	-0.262047854283764	0.958289124437824	0.767684424306141	1.07685038789722	-0.135814164096079
LEU257A	1.78110359268043	1.52427563266837	1.52524687774185	1.53760502665382	1.00421315175248	1.00259417580781	2.00556577527171	2.27218778449051	2.40623749228517	2.48518946601068	1.41818521821622	1.43734362489679	1.6253667128274	1.59863954292323	2.15479513594473	1.59034005054441
PHE109A	0.323164225264731	-1.00335315214366	1.39683934145333	-0.568361533606685	0.799286009695591	-0.371667001175383	0.98596201339164	-0.696121191269638	1.39031639074171	-0.763053013338333	1.28621687182628	-0.128818632138372	1.6253667128274	-0.0632706943109458	1.72361723672573	-0.135814164096079
ASP259A	0.323164225264731	0.513224118743558	-0.400866166586	-0.743858746961727	-0.359743779798281	-0.453909393765986	-0.543443629428463	-0.696121191269638	-0.539933702190865	-0.763053013338333	-0.602030217769726	-0.528506298574549	-1.04294364073092	-0.894225812928033	-0.863450158588316	-0.567352717756202
LEU145A	-0.162815563873834	0.513224118743558	0.626394123722188	1.53760502665382	-0.421698497164319	-0.295094103427982	-0.0336417484884286	0.49120239903442	0.171211068889558	1.22198405737495	-0.203925706160084	-0.10788455334192	0.291211536048243	0.767684424306141	0.430083539068705	1.59034005054441
SER96A	-1.13477514215097	-1.50887890910606	-0.78608877545157	-1.27035038702685	-0.660939021147018	-0.70297921734578	-0.543443629428463	-1.28978298642167	-0.13356526157348	-1.12396884437711	-0.602030217769726	-0.528506298574549	-1.04294364073092	-0.894225812928033	-0.863450158588316	-0.567352717756202
ASP148A	-0.6487953530124	-0.497827395181252	-0.529273702874523	-0.0418698935415584	-0.660939021147018	-0.628183851845745	-0.0336417484884286	-0.102459396117609	0.37439528919825	0.500152395297395	-0.602030217769726	-0.528506298574549	-1.04294364073092	-0.894225812928033	-0.863450158588316	-0.567352717756202
ILE254A	-0.162815563873834	-0.497827395181252	0.754801660010712	-0.568361533606685	-0.0127973625484709	0.324901648359658	-0.543443629428463	-0.102459396117609	-0.641525812345211	-0.582595097818943	1.1509493167766	0.620755907382828	0.958289124437824	-0.0632706943109458	1.93920618633523	-0.567352717756202
ASN263A	-0.6487953530124	-0.497827395181252	-1.04290384802862	-0.743858746961727	-0.296835912934305	-0.595128151041524	-0.0336417484884286	-0.102459396117609	-0.844710032653903	-0.943510928857723	-0.602030217769726	-0.528506298574549	-1.04294364073092	-0.894225812928033	-0.863450158588316	-0.567352717756202
PRO222A	-0.6487953530124	-1.00335315214366	-0.78608877545157	-1.27035038702685	-0.837271678265741	-0.70297921734578	-1.0532455103685	-1.28978298642167	-0.946302142808249	-1.12396884437711	-0.527248154815429	-0.411585126689769	-0.375866052341337	-0.0632706943109458	-0.647861208978812	-0.567352717756202
THR123A	-0.162815563873834	0.00769836178115334	0.497986587433665	0.484621746523568	-0.448386683106612	-0.402855745549279	-0.0336417484884286	-0.102459396117609	0.475987399352596	-0.0412213512607743	0.151289092872829	0.109996050509636	1.6253667128274	1.59863954292323	0.214494589459201	0.295724389564044
TYR107A	-0.162815563873834	-1.00335315214366	-0.144051094008953	-0.91935596031677	-0.663798469640835	-0.628591685360662	-0.0336417484884286	-0.696121191269638	-0.235157371727827	-0.582595097818943	-0.402977961964905	-0.438766839478399	-0.375866052341337	-0.0632706943109458	-0.647861208978812	-0.135814164096079
VAL122A	1.78110359268043	1.52427563266837	1.01161673258776	1.53760502665382	-0.573249267336626	-0.374683076069314	0.98596201339164	1.08486419418645	0.88235583996998	0.680610310816784	-0.0939520841684701	-0.270098639780697	0.958289124437824	0.767684424306141	0.214494589459201	0.295724389564044
ARG202A	-0.6487953530124	-0.497827395181252	-0.657681239163047	-0.91935596031677	-0.42074534766638	-0.249211773373008	-0.543443629428463	-0.102459396117609	-1.0478942529626	-0.943510928857723	-0.602030217769726	-0.528506298574549	-1.04294364073092	-0.894225812928033	-0.863450158588316	-0.567352717756202
GLY105A	0.809144014403297	1.52427563266837	0.241171514856618	0.835616173233653	-0.192942617658949	0.378987247056095	0.98596201339164	1.67852598933848	0.475987399352596	0.500152395297395	-0.238017528977484	0.110607796064942	0.291211536048243	0.767684424306141	-0.00109436015030208	-0.567352717756202
VAL157A	1.78110359268043	2.02980138963077	1.91046948660742	2.76608552013912	0.208333320973386	0.222812516913742	1.49576389433167	1.67852598933848	1.39031639074171	1.76335780393312	0.0611107228397054	0.0853596113504937	0.958289124437824	1.59863954292323	1.50802828711622	2.02187860420454
LEU111A	0.809144014403297	1.01874987570596	0.626394123722188	0.835616173233653	1.71812212570883	3.24711959529649	0.98596201339164	1.67852598933848	0.679171619661288	1.04152614185556	2.14731033202062	4.06206211192224	0.958289124437824	1.59863954292323	1.50802828711622	1.15880149688429
PRO278A	2.26708338181899	2.02980138963077	1.52524687774185	2.23959388007399	0.439948648972573	0.563049589372982	2.51536765621174	2.27218778449051	1.69509272120475	1.04152614185556	-0.553641824093416	-0.443548533728212	-0.375866052341337	-0.0632706943109458	-0.216683309759806	0.295724389564044
GLU285A	0.323164225264731	0.00769836178115334	0.369579051145141	-0.217367106896601	0.673470275967638	-0.21949672980074	0.476160132451606	0.49120239903442	0.171211068889558	0.139236564258615	0.487808376167167	0.0547561885238718	0.958289124437824	1.59863954292323	0.214494589459201	0.727262943224167
THR284A	-0.6487953530124	0.00769836178115334	-1.04290384802862	-0.743858746961727	-0.837271678265741	-0.70297921734578	-1.56304739130853	-1.28978298642167	-1.25107847327129	-0.943510928857723	-0.527248154815429	-0.397207934721119	-0.375866052341337	-0.0632706943109458	-0.647861208978812	-0.998891271416325
CYS135A	-0.162815563873834	0.00769836178115334	1.39683934145333	1.18661059994374	-0.660939021147018	-0.612166471676097	0.476160132451606	0.49120239903442	1.49190850089606	1.40244197289434	-0.602030217769726	-0.528506298574549	-1.04294364073092	-0.894225812928033	-0.863450158588316	-0.567352717756202
GLN100A	-1.13477514215097	-1.00335315214366	-1.04290384802862	-0.743858746961727	-0.422651646662258	-0.429210247998752	-1.0532455103685	-0.696121191269638	-1.0478942529626	-0.582595097818943	-0.123644962106206	-0.198237521389845	-0.375866052341337	-0.0632706943109458	-0.647861208978812	-0.135814164096079
CYS220A	0.323164225264731	0.00769836178115334	1.01161673258776	0.133627319813484	-0.550373679386089	-0.70297921734578	0.476160132451606	-0.102459396117609	1.28872428058736	0.680610310816784	-0.505253430417106	-0.528506298574549	-0.375866052341337	-0.894225812928033	-0.216683309759806	-0.998891271416325
THR155A	1.78110359268043	2.02980138963077	1.39683934145333	1.88859945336391	1.15767022092067	1.57460133611322	2.51536765621174	2.86584957964253	2.30464538213083	2.84610529704946	1.01018308062733	1.50147172293097	1.6253667128274	2.42959466154031	1.29243933750672	1.59034005054441
ASP186A	-0.162815563873834	0.00769836178115334	-0.78608877545157	-0.217367106896601	0.0272349163649688	0.371565496789939	-0.0336417484884286	-0.102459396117609	-0.539933702190865	-0.402137182299554	0.395430533694211	0.767800472840569	0.291211536048243	0.767684424306141	-0.216683309759806	-0.135814164096079
SER185A	-1.13477514215097	-0.497827395181252	-1.29971892060566	-0.568361533606685	-0.660939021147018	-0.434966103307068	-0.543443629428463	-0.102459396117609	-0.844710032653903	-0.402137182299554	-0.602030217769726	-0.528506298574549	-1.04294364073092	-0.894225812928033	-0.863450158588316	-0.567352717756202
VAL147A	0.809144014403297	0.513224118743558	0.369579051145141	-0.217367106896601	-0.203427262136279	0.361381283877958	0.98596201339164	0.49120239903442	0.983947950124327	-0.402137182299554	0.514202045445154	1.43131486776709	0.291211536048243	0.767684424306141	0.214494589459201	-0.567352717756202
HIS168A	-0.6487953530124	-0.497827395181252	-0.78608877545157	-0.217367106896601	-0.660939021147018	-0.549340557898775	-0.543443629428463	-0.696121191269638	-0.438341592036519	-0.221679266780164	-0.39857901708524	-0.343160047299669	-0.375866052341337	-0.0632706943109458	-0.216683309759806	0.295724389564044
GLU286A	-0.6487953530124	-0.497827395181252	-0.272458630297476	-0.392864320251643	-0.673329964620226	-0.563607089676405	-0.543443629428463	-0.696121191269638	-0.438341592036519	-0.763053013338333	-0.369985875367421	-0.420999597153796	-0.375866052341337	-0.0632706943109458	-0.432272259369309	0.295724389564044
CYS182A	0.323164225264731	0.00769836178115334	-0.78608877545157	-0.392864320251643	-0.343540238333318	0.110283094067975	-0.543443629428463	-0.102459396117609	-0.539933702190865	-0.221679266780164	-0.39857901708524	-0.528506298574549	-0.375866052341337	-0.894225812928033	-0.863450158588316	-0.998891271416325
HIS178A	-0.162815563873834	-1.00335315214366	-0.400866166586	-0.91935596031677	-0.763879166924434	-0.687160717279992	-0.543443629428463	-0.696121191269638	-0.539933702190865	-0.763053013338333	-0.602030217769726	-0.528506298574549	-1.04294364073092	-0.894225812928033	-0.863450158588316	-0.567352717756202
ARG209A	-0.6487953530124	-1.00335315214366	-0.914496311740094	-0.91935596031677	-0.746722475961532	-0.62695346725837	-1.0532455103685	-0.696121191269638	-0.946302142808249	-0.763053013338333	-0.602030217769726	-0.528506298574549	-1.04294364073092	-0.894225812928033	-0.863450158588316	-0.567352717756202
ASN210A	-0.6487953530124	-1.00335315214366	-0.914496311740094	-1.09485317367181	-0.837271678265741	-0.70297921734578	-1.56304739130853	-1.28978298642167	-1.25107847327129	-0.943510928857723	-0.602030217769726	-0.528506298574549	-1.04294364073092	-0.894225812928033	-0.863450158588316	-0.567352717756202
SER269A	-1.13477514215097	-1.50887890910606	-1.29971892060566	-1.27035038702685	-0.660939021147018	-0.70297921734578	-1.0532455103685	-1.28978298642167	-1.0478942529626	-1.12396884437711	-0.39857901708524	-0.528506298574549	-0.375866052341337	-0.894225812928033	-0.432272259369309	-0.998891271416325
ALA119A	-0.6487953530124	-0.497827395181252	-0.529273702874523	-0.743858746961727	-0.486512663024174	-0.113979721931742	-1.0532455103685	-0.696121191269638	-0.844710032653903	-0.582595097818943	-0.602030217769726	-0.528506298574549	-0.375866052341337	-0.894225812928033	-0.432272259369309	-0.998891271416325
LYS120A	-1.62075493128953	-1.50887890910606	-1.55653399318271	-1.27035038702685	-0.837271678265741	-0.70297921734578	-1.56304739130853	-1.28978298642167	-1.25107847327129	-0.943510928857723	-0.602030217769726	-0.528506298574549	-1.04294364073092	-0.894225812928033	-0.863450158588316	-0.567352717756202
CYS277A	0.323164225264731	-0.497827395181252	-0.272458630297476	-0.91935596031677	-0.743863027467715	-0.70297921734578	-1.0532455103685	-1.28978298642167	-0.539933702190865	-1.12396884437711	-0.602030217769726	-0.528506298574549	-1.04294364073092	-0.894225812928033	-0.863450158588316	-0.567352717756202
ARG280A	-0.6487953530124	-1.50887890910606	-0.657681239163047	-1.27035038702685	-0.837271678265741	-0.70297921734578	-1.56304739130853	-1.28978298642167	-1.25107847327129	-0.943510928857723	-0.353489832068679	-0.528506298574549	0.291211536048243	-0.894225812928033	-0.216683309759806	-0.998891271416325
PHE212A	-1.13477514215097	-1.50887890910606	-1.04290384802862	-1.27035038702685	-0.660939021147018	-0.70297921734578	-1.0532455103685	-1.28978298642167	-1.0478942529626	-1.12396884437711	-0.602030217769726	-0.528506298574549	-1.04294364073092	-0.894225812928033	-0.863450158588316	-0.567352717756202
ARG267A	-0.162815563873834	0.00769836178115334	-0.400866166586	-0.217367106896601	-0.359743779798281	-0.0150142287801333	-0.543443629428463	-0.102459396117609	-1.0478942529626	-0.943510928857723	-0.602030217769726	-0.528506298574549	-1.04294364073092	-0.894225812928033	-0.863450158588316	-0.567352717756202
LEU206A	0.323164225264731	0.00769836178115334	0.241171514856618	-0.217367106896601	-0.456965028588064	-0.536156643993827	0.476160132451606	-0.102459396117609	0.0696189587352117	-0.221679266780164	-0.26771040691522	-0.418971036549201	0.958289124437824	-0.0632706943109458	1.29243933750672	0.295724389564044
LYS101A	-1.13477514215097	-1.50887890910606	-1.04290384802862	-1.27035038702685	-0.7190811405213	-0.70297921734578	-1.0532455103685	-1.28978298642167	-1.14948636311694	-1.12396884437711	-0.602030217769726	-0.528506298574549	-1.04294364073092	-0.894225812928033	-0.863450158588316	-0.567352717756202
PRO151A	0.323164225264731	0.513224118743558	-0.144051094008953	0.133627319813484	-0.306367407913695	-0.366413968018765	0.98596201339164	1.08486419418645	0.577579509506942	0.861068226336174	0.010522856723563	-0.122481490126679	1.6253667128274	1.59863954292323	0.645672488678208	1.15880149688429
THR150A	-1.62075493128953	-1.00335315214366	-1.29971892060566	-0.743858746961727	-0.660939021147018	-0.590523364036171	-1.0532455103685	-0.696121191269638	-0.844710032653903	-0.402137182299554	-0.39857901708524	-0.392842065888091	-0.375866052341337	-0.0632706943109458	-0.216683309759806	0.295724389564044
ASP268A	-0.6487953530124	0.00769836178115334	-0.400866166586	0.133627319813484	-0.660939021147018	-0.506873701536788	-0.543443629428463	-0.102459396117609	-0.235157371727827	0.500152395297395	-0.39857901708524	-0.291928979165817	0.291211536048243	0.767684424306141	-0.00109436015030208	0.727262943224167
SER99A	-0.162815563873834	0.00769836178115334	-0.78608877545157	-0.743858746961727	-0.433136291139588	-0.589072610252641	-0.543443629428463	-0.696121191269638	-0.946302142808249	-0.763053013338333	-0.602030217769726	-0.528506298574549	-1.04294364073092	-0.894225812928033	-0.863450158588316	-0.567352717756202
SER149A	-0.6487953530124	-1.00335315214366	-0.529273702874523	-1.09485317367181	-0.660939021147018	-0.701378675238677	-0.0336417484884286	-0.696121191269638	-0.0319731514191344	-0.943510928857723	-0.597631272890061	-0.528506298574549	-0.375866052341337	-0.894225812928033	-0.216683309759806	-0.998891271416325
GLY117A	-0.6487953530124	0.00769836178115334	-0.529273702874523	-0.0418698935415584	-0.554186277377846	-0.436988656898614	-0.543443629428463	-0.102459396117609	-0.235157371727827	0.319694479778005	-0.167634410902851	-0.00579361695452971	0.291211536048243	0.767684424306141	-0.647861208978812	-0.567352717756202
SER116A	-1.13477514215097	-1.50887890910606	-0.78608877545157	-1.27035038702685	-0.769598063912069	-0.70297921734578	-1.0532455103685	-1.28978298642167	-0.844710032653903	-1.12396884437711	-0.476660288699286	-0.528506298574549	-0.375866052341337	-0.894225812928033	-0.647861208978812	-0.998891271416325
SER240A	-0.6487953530124	-0.497827395181252	0.369579051145141	0.484621746523568	-0.660939021147018	-0.456495732851862	-0.0336417484884286	-0.102459396117609	0.577579509506942	0.500152395297395	-0.432670839902641	-0.231154121612369	0.291211536048243	0.767684424306141	-0.432272259369309	-0.998891271416325
SER215A	0.323164225264731	-0.497827395181252	0.626394123722188	-0.0418698935415584	0.280772682816753	-0.190454945891652	0.476160132451606	-0.102459396117609	0.272803179043904	-0.0412213512607743	0.687960368191904	0.0897915487467413	1.6253667128274	0.767684424306141	2.15479513594473	0.727262943224167
PRO177A	-0.162815563873834	0.513224118743558	-0.529273702874523	0.133627319813484	-0.498903606497381	-0.34349365979241	-0.543443629428463	-0.102459396117609	-0.946302142808249	-0.582595097818943	-0.602030217769726	-0.528506298574549	-1.04294364073092	-0.894225812928033	-0.863450158588316	-0.567352717756202
SER166A	-1.62075493128953	-1.00335315214366	-1.55653399318271	-1.09485317367181	-0.837271678265741	-0.70297921734578	-1.56304739130853	-1.28978298642167	-1.25107847327129	-0.943510928857723	-0.602030217769726	-0.528506298574549	-1.04294364073092	-0.894225812928033	-0.863450158588316	-0.567352717756202
LEU289A	-1.13477514215097	-0.497827395181252	-0.914496311740094	-0.217367106896601	-0.660939021147018	-0.596309525838365	-0.543443629428463	-0.102459396117609	-0.743117922499557	-0.0412213512607743	-0.602030217769726	-0.528506298574549	-1.04294364073092	-0.894225812928033	-0.863450158588316	-0.567352717756202
MET160A	0.323164225264731	-1.00335315214366	0.241171514856618	-0.91935596031677	-0.264428830004377	0.156511894168727	-0.0336417484884286	-0.696121191269638	-0.13356526157348	-0.763053013338333	0.597781998158781	0.508364604209156	1.6253667128274	-0.0632706943109458	1.93920618633523	-0.135814164096079
THR102A	-1.62075493128953	-1.00335315214366	-1.42812645689419	-1.27035038702685	-0.837271678265741	-0.70297921734578	-1.56304739130853	-1.28978298642167	-1.25107847327129	-0.943510928857723	-0.602030217769726	-0.528506298574549	-1.04294364073092	-0.894225812928033	-0.863450158588316	-0.567352717756202
ARG248A	-1.13477514215097	-1.00335315214366	-1.17131138431714	-0.91935596031677	-0.33114929486011	-0.424484890709794	-0.543443629428463	-0.696121191269638	-0.844710032653903	-1.12396884437711	-0.209424387259665	-0.528506298574549	-0.375866052341337	-0.894225812928033	-0.432272259369309	-0.998891271416325
GLY199A	-1.13477514215097	-0.497827395181252	-1.17131138431714	-0.743858746961727	-0.678095712109921	-0.435688685459518	-1.0532455103685	-0.696121191269638	-1.0478942529626	-0.943510928857723	-0.602030217769726	-0.528506298574549	-1.04294364073092	-0.894225812928033	-0.863450158588316	-0.567352717756202
GLY226A	-1.13477514215097	-0.497827395181252	-1.81334906575976	-1.27035038702685	-0.835365379269862	-0.699778133131573	-1.0532455103685	-0.696121191269638	-1.25107847327129	-1.12396884437711	-0.602030217769726	-0.528506298574549	-1.04294364073092	-0.894225812928033	-0.863450158588316	-0.567352717756202
SER227A	-1.62075493128953	-1.50887890910606	-1.68494152947123	-1.27035038702685	-0.835365379269862	-0.70297921734578	-1.0532455103685	-1.28978298642167	-1.25107847327129	-1.12396884437711	-0.602030217769726	-0.528506298574549	-1.04294364073092	-0.894225812928033	-0.863450158588316	-0.567352717756202
ASN288A	-1.62075493128953	-1.00335315214366	-1.55653399318271	-0.91935596031677	-0.837271678265741	-0.70297921734578	-1.56304739130853	-1.28978298642167	-1.25107847327129	-0.943510928857723	-0.602030217769726	-0.528506298574549	-1.04294364073092	-0.894225812928033	-0.863450158588316	-0.567352717756202
SER106A	-1.62075493128953	-1.50887890910606	-1.17131138431714	-1.27035038702685	-0.660939021147018	-0.70297921734578	-1.0532455103685	-1.28978298642167	-0.844710032653903	-1.12396884437711	-0.602030217769726	-0.528506298574549	-1.04294364073092	-0.894225812928033	-0.863450158588316	-0.567352717756202
SER260A	-0.6487953530124	-1.00335315214366	-0.78608877545157	-1.27035038702685	-0.829646482282228	-0.70297921734578	-1.0532455103685	-1.28978298642167	-1.0478942529626	-1.12396884437711	-0.602030217769726	-0.528506298574549	-1.04294364073092	-0.894225812928033	-0.863450158588316	-0.567352717756202
THR170A	-0.162815563873834	0.00769836178115334	-0.400866166586	-0.217367106896601	-0.720987439517178	-0.658964309400437	-0.543443629428463	-0.696121191269638	-0.13356526157348	-0.582595097818943	-0.532746835915009	-0.40686222618093	0.291211536048243	0.767684424306141	-0.00109436015030208	-0.567352717756202
VAL225A	-1.62075493128953	-1.00335315214366	-1.68494152947123	-1.09485317367181	-0.837271678265741	-0.70297921734578	-1.56304739130853	-1.28978298642167	-1.25107847327129	-0.943510928857723	-0.602030217769726	-0.528506298574549	-1.04294364073092	-0.894225812928033	-0.863450158588316	-0.567352717756202
SER183A	-1.62075493128953	-1.00335315214366	-1.42812645689419	-0.743858746961727	-0.837271678265741	-0.70297921734578	-1.56304739130853	-1.28978298642167	-1.25107847327129	-0.943510928857723	-0.39857901708524	-0.171297514561541	-0.375866052341337	-0.0632706943109458	-0.863450158588316	-0.998891271416325
GLU180A	-1.62075493128953	-1.00335315214366	-1.29971892060566	-0.91935596031677	-0.660939021147018	-0.406878927531657	-1.0532455103685	-0.696121191269638	-1.0478942529626	-1.12396884437711	-0.39857901708524	-0.171297514561541	-0.375866052341337	-0.0632706943109458	-0.647861208978812	-0.998891271416325
SER121A	-1.62075493128953	-1.00335315214366	-0.914496311740094	-0.217367106896601	-0.837271678265741	-0.70297921734578	-1.56304739130853	-1.28978298642167	-1.25107847327129	-0.943510928857723	-0.39857901708524	-0.171297514561541	-0.375866052341337	-0.0632706943109458	-0.432272259369309	-0.135814164096079
HIS115A	-2.1067347204281	-1.50887890910606	-1.81334906575976	-1.27035038702685	-0.837271678265741	-0.70297921734578	-1.56304739130853	-1.28978298642167	-1.25107847327129	-0.943510928857723	-0.602030217769726	-0.528506298574549	-1.04294364073092	-0.894225812928033	-0.863450158588316	-0.567352717756202
ARG181A	-2.1067347204281	-1.50887890910606	-1.81334906575976	-1.27035038702685	-0.837271678265741	-0.70297921734578	-1.56304739130853	-1.28978298642167	-1.25107847327129	-0.943510928857723	-0.602030217769726	-0.528506298574549	-1.04294364073092	-0.894225812928033	-0.863450158588316	-0.567352717756202
LEU201A	-2.1067347204281	-1.50887890910606	-1.81334906575976	-1.27035038702685	-0.837271678265741	-0.70297921734578	-1.56304739130853	-1.28978298642167	-1.25107847327129	-0.943510928857723	-0.602030217769726	-0.528506298574549	-1.04294364073092	-0.894225812928033	-0.863450158588316	-0.567352717756202
GLU224A	-2.1067347204281	-1.50887890910606	-1.81334906575976	-1.27035038702685	-0.837271678265741	-0.70297921734578	-1.56304739130853	-1.28978298642167	-1.25107847327129	-0.943510928857723	-0.602030217769726	-0.528506298574549	-1.04294364073092	-0.894225812928033	-0.863450158588316	-0.567352717756202
LYS292A	-2.1067347204281	-1.50887890910606	-1.81334906575976	-1.27035038702685	-0.837271678265741	-0.70297921734578	-1.56304739130853	-1.28978298642167	-1.25107847327129	-0.943510928857723	-0.602030217769726	-0.528506298574549	-1.04294364073092	-0.894225812928033	-0.863450158588316	-0.567352717756202
