Degree	Degree_sidechain	SecondOrderDegree	SecondOrderDegree_sidechain	NodeEdgeBetweennessSTRIDE	NodeEdgeBetweennessSTRIDE_sidechain	IntermodularDegreeSTRIDE	IntermodularDegreeSTRIDE_sidechain	SecondOrderIntermodularDegreeSTRIDE	SecondOrderIntermodularDegreeSTRIDE_sidechain	NodeEdgeBetweennessWALKTRAP	NodeEdgeBetweennessWALKTRAP_sidechain	IntermodularDegreeWALKTRAP	IntermodularDegreeWALKTRAP_sidechain	SecondOrderIntermodularDegreeWALKTRAP	SecondOrderIntermodularDegreeWALKTRAP_sidechain
CYS229A	5	4	15	9	1858	674.636849889372	5	4	15	8	1100	674.636849889372	3	3	5	3
TRP146A	7	3	18	3	2775	672.994429103254	6	3	17	3	2775	672.994429103254	5	3	6	2
ARG273A	7	3	25	8	978	642.813266189417	5	3	13	6	2276	642.813266189417	6	3	12	2
ASP281A	4	4	13	7	370	74.9325740794107	3	3	8	6	357	69.2373197901118	2	2	5	2
GLY105A	7	7	18	13	1893	1893	6	6	18	9	1	1	1	1	1	1
SER106A	3	2	9	2	602	1	2	1	5	0	1	1	1	1	1	1
ARG196A	8	6	25	13	1653	790.585749753029	7	6	27	16	144	1	3	1	11	0
ASP184A	5	5	16	11	870	184.949467867362	5	5	20	14	1	1	1	1	1	1
CYS229B	5	4	16	9	1352	617.432082913143	5	4	15	8	856	617.432082913143	3	3	5	3
THR230B	6	5	14	10	363	363	5	4	10	3	316	300.307387944497	3	3	4	2
ARG280B	5	2	11	2	649	386.989097820718	2	2	2	1	1	1	1	1	1	1
CYS277B	7	3	15	2	1650	263.010902179282	3	2	8	1	1	1	3	1	6	0
CYS242A	7	5	20	8	374	229.268300914691	5	4	22	11	1	1	1	1	1	1
HIS179A	7	5	20	10	4842	477.862425442467	7	5	26	11	1	1	1	1	1	1
TRP146B	7	3	18	3	1065	487.501208625705	5	3	13	3	1390	487.501208625705	5	3	6	2
GLN104A	4	3	13	8	161	44.9657077598824	3	3	12	9	1	1	1	1	1	1
GLY108A	8	7	17	8	3588	2626.88761086497	7	6	22	10	1	1	1	1	1	1
ARG175A	7	6	21	13	4352	3768.0463222116	7	6	31	17	1	1	1	1	1	1
GLY279A	7	7	21	17	428	414.79871478167	4	4	11	8	33	26.7631458488895	2	2	3	3
THR118A	6	4	15	9	4332	1790.72669489648	6	4	14	8	3167	1782.77697071369	3	3	5	5
CYS238B	10	6	31	12	11712	5133.65615047766	9	5	46	15	1387	799.656150477656	5	4	7	3
CYS242B	7	5	20	8	395	202.782379365726	5	4	23	11	102	59.6160396585535	2	2	4	3
PRO128A	5	5	13	9	814	814	4	4	15	8	1	1	1	1	1	1
TYR126A	7	2	19	3	11088	4260	6	2	20	2	1426	1	4	1	7	0
PRO219B	3	3	7	7	1297	700.473992218458	2	2	2	2	1297	700.473992218458	2	2	2	2
VAL218B	7	7	20	16	13001	6416.83956467833	5	5	19	13	19423	11862.5678341398	6	6	8	8
ASP148A	4	3	11	8	372	92.9959110175935	3	3	12	9	1	1	1	1	1	1
VAL147A	6	4	15	6	526	526	4	2	17	2	526	526	2	2	4	2
CYS176A	7	6	20	11	5250	1899.44172186155	5	4	22	11	1	1	1	1	1	1
TYR107A	6	2	14	3	580	92.2238210179097	4	2	10	3	1	1	1	1	1	1
GLU285B	6	3	18	3	554	106.520508060311	5	3	15	3	1	1	1	1	1	1
THR284B	3	3	8	4	1	1	1	1	1	1	1	1	1	1	1	1
ARG249A	7	6	19	11	13056	7209.57338279426	7	6	21	12	9319	5305.07338279426	5	4	6	4
GLU171A	3	2	12	5	281	62.456093387304	2	2	6	5	281	62.456093387304	2	2	4	3
ASN200B	5	2	17	6	18088	4669.0196027053	4	2	15	4	9056	4669.0196027053	2	2	5	5
GLY199B	4	4	8	4	38626	36709.0372894239	4	4	8	4	19302	17385.0372894239	2	2	2	1
ASP184B	5	4	19	10	19120	3335.56207924781	5	4	22	12	9854	3335.56207924781	3	3	5	5
THR170A	8	7	18	14	19393	13332.9856288427	6	5	23	9	1	1	1	1	1	1
PRO152B	5	4	13	9	1257	465.254183283149	4	4	16	11	1	1	1	1	1	1
PRO153B	3	2	6	4	1	1	1	1	1	1	1	1	1	1	1	1
THR230A	6	5	13	8	422	394.471945087714	5	4	10	3	397	362.139772133366	3	3	4	1
THR231A	5	5	15	12	432	432	2	2	3	2	105	35.8602278666344	2	2	2	2
ARG283A	4	4	12	10	955	762.829050545923	2	2	5	3	1616	1398.06590469703	4	4	5	3
ARG273B	7	3	24	7	616	404.840325625067	5	3	13	6	1120	192.064271654348	5	2	10	4
SER240B	4	3	18	11	372	336	4	3	19	9	336	336	3	3	7	3
TYR163A	4	3	16	9	12038	1045.03267401571	4	3	18	9	5956	1045.03267401571	3	3	7	4
SER241A	4	3	11	5	340	1	2	1	2	0	1	1	1	1	1	1
TYR239A	6	1	23	1	396	1	4	1	20	0	168	1	3	1	8	0
ASP186B	7	4	19	9	10202	4950.59600142423	5	3	20	6	5472	4950.59600142423	4	3	7	3
LEU188B	6	4	19	12	372	105.350812637829	4	4	11	8	372	105.350812637829	3	3	4	3
GLY112B	5	5	16	13	1872	1497.49598067783	3	3	8	5	1	1	1	1	1	1
PHE113B	5	3	15	4	1328	1295	4	3	15	3	721	721	2	2	2	0
ALA276B	5	3	15	7	196	1	3	1	13	0	196	1	3	2	6	0
CYS124B	8	6	26	17	584	433.987915287071	7	5	24	14	269	101.78940358105	4	2	6	1
LEU133B	6	6	22	17	1544	1523.03346993697	6	6	27	15	590	590	3	3	4	1
LEU257B	9	7	27	17	7278	2668.20771962548	8	7	37	19	1851	1851	2	2	4	0
THR256B	5	5	18	16	1	1	2	2	4	4	930	930	2	2	3	1
ARG213A	9	7	22	15	20776	4052.18284466154	9	7	32	17	1	1	1	1	1	1
THR211A	7	6	14	9	1836	1836	4	3	15	7	1	1	1	1	1	1
GLN165A	4	3	7	4	1848	346.485586958463	4	3	7	4	1	1	1	1	1	1
GLN167A	4	3	5	3	741	741	2	2	3	2	1	1	1	1	1	1
PRO151B	6	4	14	4	1116	204.118016734559	6	4	19	4	1	1	1	1	1	1
GLY154A	5	5	15	12	1098	1098	4	4	14	9	1	1	1	1	1	1
PRO153A	3	2	6	4	1	1	1	1	1	1	1	1	1	1	1	1
ILE162A	7	3	21	7	10872	4042.6283214605	6	3	25	7	1	1	1	1	1	1
VAL173A	8	8	19	18	10004	8396.36063739516	6	6	21	16	1	1	1	1	1	1
THR253A	7	7	27	13	3112	1592.23229009861	5	5	23	11	2411	1380.27799160846	3	3	8	6
TYR236A	9	4	35	10	3312	800.311885402174	9	4	40	8	2099	800.311885402174	5	4	12	6
ARG156A	8	4	27	10	310	116.006664583007	6	3	26	5	310	116.006664583007	3	3	5	5
VAL217A	7	7	24	20	6141	2980.33016015148	5	5	20	12	7834	2819.36314247764	5	5	15	12
GLU271A	6	4	15	5	10100	3488.27575093092	5	4	11	6	2565	728.783697889504	2	2	1	1
PRO250A	5	4	12	7	7692	4692.51441304154	5	4	15	8	3931	3931	3	3	5	3
LEU194B	7	7	30	21	2350	1830.67734094704	7	7	39	22	13	7.67734094704397	2	2	3	2
MET237B	7	3	24	8	2938	584.544556772408	6	3	26	8	1	1	1	1	1	1
CYS176B	7	6	21	11	10834	4427.32995936481	5	4	23	11	898	183.712832645536	2	2	4	3
HIS179B	7	5	20	10	11586	1099.23151079181	7	5	26	11	5933	21.0149772182544	3	2	6	3
THR123B	4	4	16	12	1043	692.553903064656	3	3	12	7	1043	692.553903064656	3	3	5	2
VAL122B	8	7	18	17	362	291.548140865654	5	5	15	11	155	155	3	3	5	1
ALA203A	6	6	17	15	362	129.02846712475	4	4	15	12	314	105.02846712475	2	2	5	5
GLU204A	5	2	18	3	372	1	5	2	18	2	1	1	2	2	2	2
CYS220B	6	4	22	9	523	1	5	3	25	9	1	1	1	1	1	1
VAL157B	8	7	27	22	1334	665.5	6	5	24	14	897	242	4	3	8	2
THR125A	9	8	29	23	4237	2588.94072248354	7	6	28	19	2347	1567.15027817465	4	4	6	2
PRO128B	5	5	14	9	1600	1600	4	4	15	8	1	1	1	1	1	1
SER127B	5	3	13	6	2242	695.210337481485	5	3	16	6	1	1	1	1	1	1
MET246B	9	5	26	12	548	429.322659052956	8	5	36	12	339	332.322659052956	4	3	6	4
TYR239B	6	1	22	1	714	1	4	1	20	0	653	1	3	1	4	0
CYS124A	7	5	25	16	211	158.500924724181	6	4	19	11	1	1	1	1	1	1
CYS141A	9	7	30	13	705	258.683262598869	5	5	22	14	1	1	1	1	1	1
ALA129A	4	4	9	9	2	1.5	2	2	2	2	1	1	1	1	1	1
CYS135B	8	6	33	20	5168	1288.46654155532	7	5	40	16	2518	1	3	2	5	0
VAL274B	11	10	35	25	10374	8666.34413423251	9	8	44	22	798	463	4	3	8	1
HIS233A	3	2	7	4	144	1	2	1	3	0	1	1	1	1	1	1
THR140A	6	4	16	8	615	187.546908519401	4	3	7	2	472	44.5469085194005	3	2	6	2
VAL197B	11	9	31	23	9678	3869	9	7	33	16	1173	587	2	2	5	5
CYS238A	10	6	31	13	4208	818.427551781288	9	5	45	15	3019	1	4	1	11	0
MET246A	9	5	24	11	1054	465.002397951451	8	5	33	11	522	5.00239795145086	4	2	6	3
GLU198B	5	3	16	6	17614	3412.69740914027	4	3	9	5	1	1	1	1	1	1
ARG249B	8	7	19	12	10634	6661.71542394191	8	7	23	13	1105	490.457610660525	2	2	2	1
TYR163B	5	4	20	14	8096	396.600618030472	5	4	24	14	4023	1	2	1	4	0
ARG213B	9	7	20	14	5492	550.62010891731	9	7	25	10	1	1	1	1	1	1
PRO98B	6	6	15	9	2743	2564.37989108269	4	4	15	8	1	1	1	1	1	1
GLY244B	4	4	10	8	757	308.837680180939	3	3	7	6	1	1	1	1	1	1
PRO177B	5	5	11	9	685	407.366989832651	3	3	4	3	1	1	1	1	1	1
CYS141B	8	6	28	14	1932	815.438457866126	5	4	26	11	1	1	1	1	1	1
PRO142A	7	5	21	12	668	78.5923536275519	4	3	8	5	1	1	1	1	1	1
GLY245B	8	7	21	16	9225	6986.29532998641	6	5	21	14	1	1	1	1	1	1
ASP208A	4	4	8	6	1	1	1	1	1	1	1	1	1	1	1	1
LEU264A	5	5	14	11	1369	1369	2	2	3	0	1	1	1	1	1	1
LEU265A	8	5	25	15	812	794	6	4	26	10	1	1	1	1	1	1
HIS193B	7	7	17	12	1255	1066.57563009407	6	6	19	11	1255	1066.57563009407	4	4	5	3
HIS214B	5	5	12	9	1062	537.093994078172	5	5	12	9	595	158.762607177867	2	2	3	3
GLY187A	4	4	8	4	1	1	2	2	2	0	1	1	1	1	1	1
LEU188A	5	1	11	1	372	1	3	1	3	0	1	1	1	1	1	1
SER149B	4	2	11	2	372	2	4	2	13	1	1	1	1	1	1	1
VAL147B	7	5	20	8	1099	1095	6	4	23	4	1054	1054	3	3	8	2
ALA189A	6	6	16	11	4330	2696.13901231151	4	4	14	10	2096	1881.07327168636	2	2	5	3
TYR205A	7	4	29	16	8098	1246.92672831364	7	4	27	13	7813	1246.92672831364	6	4	17	6
ASN247B	4	1	12	1	51	1	3	1	9	0	1	1	1	1	1	1
ARG110A	7	5	15	11	3146	2310.15077035756	7	5	20	10	1507	1507	3	2	6	2
ARG156B	8	4	26	10	336	130.676180904715	6	3	26	5	336	130.676180904715	3	3	5	5
GLN192A	6	3	12	6	384	1	4	1	7	0	1100	319.604977492034	4	3	5	3
PRO190A	7	5	19	11	1568	1568	2	2	6	3	1767	1721.96659018849	4	3	9	4
GLY266A	7	7	19	16	11856	8790.66580928988	4	4	11	7	1	1	1	1	1	1
ASN235A	5	5	14	8	1088	976.813461329358	4	4	9	4	1088	976.813461329358	4	4	6	3
LYS139A	5	1	16	1	532	1	4	1	10	0	389	1	2	1	3	0
ARG267B	6	5	14	4	788	687.73710105089	4	4	7	1	1	1	1	1	1	1
LYS101B	3	1	8	1	316	1	2	1	3	0	1	1	1	1	1	1
ARG282A	8	7	21	13	8995	6041.24370056574	7	6	27	14	4335	1403.24370056574	3	3	5	5
PHE134A	6	5	21	12	247	23	5	4	21	13	225	1	2	1	3	0
ARG158A	8	6	23	10	13867	9052.58073621906	5	5	15	9	7316	3946.15346902951	5	4	11	6
GLU258A	6	3	21	8	7898	1932.34647586825	5	3	19	6	1	1	1	1	1	1
LYS164A	2	2	5	3	372	266.50794695858	2	2	4	3	1	1	1	1	1	1
THR140B	6	4	16	7	2652	1320.36615826334	4	3	8	3	1	1	1	1	1	1
ARG175B	7	6	23	14	22254	14643.0961984651	7	6	31	15	15069	11792.0961984651	3	3	4	3
ALA189B	7	6	19	13	11812	6744.00773203911	5	4	21	10	5196	465.373793079185	3	2	5	2
LEU252A	6	6	13	8	22299	20970.6620298176	5	5	14	6	6012	4683.66202981763	2	2	2	1
SER269A	3	1	6	1	9446	1	3	1	7	0	4561	1	2	1	2	0
MET237A	8	5	23	10	1056	256.926769957313	7	5	28	16	397	47.4151130434056	4	2	7	1
ASP259B	6	5	12	4	444	255.189538492232	3	2	8	2	1	1	1	1	1	1
SER261B	5	1	8	1	1	1	2	1	3	0	1	1	1	1	1	1
PRO152A	5	4	14	9	1307	484.204108105208	4	4	16	11	1	1	1	1	1	1
LEU194A	6	6	25	20	2764	2045.49760204855	6	6	31	21	1335	1330.99760204855	4	4	9	2
ALA119B	4	3	10	4	735	735	2	2	5	3	1	1	1	1	1	1
ALA159A	6	6	23	15	381	187.656733771487	4	4	15	10	742	548.656733771487	5	5	18	14
VAL216A	9	9	25	20	5217	4976.49425271501	7	7	27	19	5169	4952.49425271501	6	6	19	14
ARG158B	8	6	22	10	17829	11231.0401090466	5	5	15	9	9753	4922.17663927356	5	4	12	7
GLU258B	6	3	21	8	9984	2163.06922499355	5	3	19	6	1	1	1	1	1	1
LEU206B	5	3	15	7	609	99.5412758457984	4	2	13	4	609	99.5412758457984	4	2	10	3
SER215B	6	3	19	7	1498	454.546756539513	5	3	15	5	1498	454.546756539513	4	3	11	4
GLY279B	7	7	23	21	856	847.023000433172	3	3	9	7	1	1	1	1	1	1
THR118B	6	4	15	9	2170	403.277806911157	6	4	12	8	1	1	1	1	1	1
ASN263B	4	3	7	4	1068	118.810461507768	4	3	5	1	1	1	1	1	1	1
GLY262A	5	5	9	6	1162	1036.22625694221	3	3	7	4	1	1	1	1	1	1
PRO98A	6	6	17	10	9312	6244.81715533846	5	5	21	10	1	1	1	1	1	1
VAL97A	8	7	21	15	19894	13686.9297420201	7	6	29	10	1	1	1	1	1	1
LYS101A	4	2	9	3	32655	1917.96271057606	3	2	5	3	25225	1917.96271057606	3	2	4	1
GLN144A	7	5	17	8	3992	878.849934002659	4	4	8	7	728	125.368721007374	2	2	2	2
GLN100A	3	2	7	5	6012	1329.33797018237	2	2	4	4	11890	1329.33797018237	3	2	4	1
PRO219A	3	3	8	8	1116	564.00661134888	2	2	2	2	1403	1161.35060744347	2	2	5	5
VAL218A	8	8	22	16	1994	1045.63786531849	6	6	23	17	4481	2651.75427554886	6	6	12	9
ILE255B	9	5	32	14	2751	546.887432765862	6	3	24	5	2321	1274	4	2	7	1
TYR234B	6	3	26	8	2383	182.44896323869	5	3	20	5	1	1	1	1	1	1
ASP281B	3	3	10	7	372	102.892287151727	3	3	8	6	102	45.6683411224458	2	2	4	4
ILE232A	7	5	28	17	1716	664.016733993696	5	4	22	14	870	556.122624191066	3	3	9	5
TYR234A	7	4	26	10	3234	362.848228164822	5	3	17	5	3234	362.848228164822	6	4	17	9
ARG174A	4	3	14	6	475	171.941473986944	3	3	7	4	1	1	1	1	1	1
ASN200A	5	2	15	7	1074	355.833667556759	4	2	13	5	702	355.833667556759	3	2	11	5
VAL197A	9	8	30	23	3937	2131.50574728499	7	6	28	17	2588	1253.00574728499	7	6	22	11
GLY117B	4	4	11	8	587	320.808090937855	3	3	11	8	218	218	2	2	2	0
ALA129B	4	4	9	9	2	1.5	2	2	2	2	1	1	1	1	1	1
ILE255A	8	4	26	12	5048	1869.99503806369	6	3	23	5	5397	2128.80516837209	5	4	14	9
THR256A	5	5	18	16	7446	3066.33419071012	2	2	3	3	1	1	1	1	1	1
VAL272A	8	7	31	18	493	315.599992680965	4	3	17	7	1571	1543.59999268097	4	4	14	9
VAL274A	11	10	32	23	4594	4204.15144521602	9	8	40	21	1707	1456	6	5	15	5
GLN104B	3	2	11	6	359	101.698117189777	2	2	6	5	1	1	1	1	1	1
GLY105B	7	7	18	13	1269	1269	6	6	19	9	1	1	1	1	1	1
ASP148B	4	3	11	8	372	95.2704400322476	4	3	16	9	1	1	1	1	1	1
GLN136A	6	4	22	6	1998	366.36496985883	6	4	23	2	1	1	1	1	1	1
GLU271B	4	2	10	1	781	139.178421400607	3	2	5	1	372	139.178421400607	2	2	2	1
LEU252B	5	5	10	7	820	661.511274012385	4	4	6	3	411	252.511274012385	3	3	3	2
LEU130A	7	6	13	9	1870	1405.48205634625	6	6	16	11	1	1	1	1	1	1
SER127A	5	3	12	6	648	406.628282122397	5	3	16	6	1	1	1	1	1	1
LEU114A	3	3	10	7	708	394.907646372448	3	3	6	5	1	1	1	1	1	1
VAL217B	7	7	23	19	9624	5201.05914743641	5	5	18	11	15675	5806.33087797492	5	5	14	12
VAL272B	8	7	29	16	1061	807.642906450503	4	3	18	7	453	453	2	2	4	1
ALA276A	5	3	14	7	77	1	3	1	12	0	1	1	1	1	1	1
ASP268B	4	4	13	11	372	248.091384538602	3	3	11	10	372	248.091384538602	2	2	1	1
LEU111B	9	8	30	19	4573	3865.4086154614	7	7	25	16	372	124.908615461398	2	2	1	1
SER116B	3	1	8	1	155	1	2	1	4	0	372	1	3	1	3	0
PHE109B	8	3	33	11	4255	358	7	2	31	2	3851	1	5	1	5	0
GLY187B	5	5	14	6	1093	1045.67939285876	3	3	8	4	96	48.6793928587578	2	2	2	2
SER96A	6	2	16	5	1982	1	6	2	23	2	1	1	1	1	1	1
ARG282B	9	7	24	13	4401	2742.26869956378	7	6	28	14	1	1	1	1	1	1
THR125B	9	8	30	25	5162	3929.58640727171	7	6	29	20	386	168.21059641895	3	2	5	1
TYR103A	5	1	11	1	2873	1	4	1	9	0	1	1	1	1	1	1
ARG202B	4	3	10	2	2249	1243.54514029265	3	3	3	2	2249	1243.54514029265	3	3	4	2
CYS275A	7	7	20	15	713	332.422831847306	5	5	21	16	622	267.949414020471	2	2	5	2
THR155B	9	8	26	19	5102	3336.96978607461	9	8	36	21	1	1	1	1	1	1
LEU133A	6	6	24	17	896	826.259003405149	6	6	27	15	615	615	3	3	8	1
PRO250B	4	4	8	7	1112	1111	4	4	9	7	1	1	1	1	1	1
ARG174B	4	3	14	6	341	89.0158439962425	3	3	7	4	32	1	2	1	4	0
ASP207A	4	3	10	9	371	49.1339283197895	3	3	9	9	1	1	1	1	1	1
HIS193A	7	7	17	12	1873	1715.36032136533	6	6	19	12	200	46.0334098115068	2	2	3	2
ASN131A	4	3	11	3	8820	4561	4	3	14	2	4561	4561	3	3	6	1
PHE270A	9	3	23	7	14529	709.855831818249	8	3	32	7	6296	1	6	2	13	3
GLN165B	4	3	6	4	3	2	2	2	3	3	370	369	3	2	3	1
HIS168B	4	3	10	7	1105	615.542389339475	2	2	7	6	1473	615.542389339475	3	2	3	1
PRO190B	7	5	21	12	2362	2362	2	2	6	2	1	1	2	1	3	0
PRO191B	4	3	15	6	2334	1	2	1	6	0	844	474.849162764397	2	2	3	2
HIS178B	5	2	12	3	441	105.865547509295	3	2	8	2	1	1	1	1	1	1
GLN167B	4	2	6	3	1	1	1	1	1	1	2	2	2	2	2	1
PRO223A	5	5	8	7	888	786.528054912286	4	4	10	6	1	1	1	1	1	1
CYS275B	7	7	20	15	1144	659.958966395955	5	5	21	17	863	535.229485273953	5	5	11	6
GLU221A	5	1	12	1	1177	1	3	1	6	0	732	1	4	1	4	0
GLY245A	7	7	19	15	6867	4766.5	5	5	16	13	1	1	1	1	1	1
TYR236B	10	4	36	10	4154	510.476040174299	10	4	47	8	1	1	1	1	1	1
ASP208B	4	4	9	6	1	1	1	1	1	1	1	1	1	1	1	1
THR211B	8	6	15	9	2929	2193	5	3	16	7	1	1	1	1	1	1
ASN235B	5	5	13	7	9801	7641.66443185612	4	4	9	4	1	1	1	1	1	1
LYS132A	4	3	12	5	4265	3007.69970510256	3	3	8	6	2565	1837.2163021105	2	2	1	1
LYS164B	3	2	6	1	372	233.821578599393	3	2	5	1	372	233.821578599393	3	2	3	1
GLU198A	5	3	14	6	502	163.639630151241	4	3	8	5	419	163.639630151241	4	3	11	4
SER260A	4	2	9	1	366	1	2	1	3	0	1	1	1	1	1	1
PRO278B	9	8	27	21	10840	8200.03790194925	8	7	31	15	6697	6365.03790194925	5	5	10	7
PRO142B	7	5	22	12	908	119.436433607432	4	3	10	6	1	1	1	1	1	1
LEU130B	7	6	15	8	1530	653.971429586089	6	6	17	10	1	1	1	1	1	1
ARG196B	9	7	29	14	3714	2335.53238495666	8	7	33	16	1444	1386.34172228708	4	4	7	5
PRO191A	4	3	15	6	1511	1	2	1	6	0	729	410.395022507966	2	2	3	2
TYR126B	7	2	20	3	4184	768	6	2	20	2	1193	1	3	1	3	0
ALA138A	4	4	14	8	135	88.5848869565944	3	3	9	4	116	69.5848869565944	2	2	3	1
LEU137A	7	6	27	13	1101	757	6	5	33	11	757	757	4	4	8	1
GLY112A	5	5	14	11	2794	2276.01878700472	3	3	8	5	1	1	1	1	1	1
PHE113A	5	3	16	4	4525	4500	4	3	15	3	4500	4500	3	3	8	1
HIS214A	5	5	12	9	1128	502.564276327932	5	5	12	9	1	1	1	1	1	1
ILE251A	6	5	23	17	520	165.5	6	5	23	14	1	1	2	2	3	1
VAL172A	4	4	17	16	9219	9219	3	3	11	8	1	1	1	1	1	1
SER261A	5	1	8	1	1	1	2	1	3	0	1	1	1	1	1	1
CYS182B	6	4	10	6	658	553.134452490705	3	3	8	5	409	1	2	1	1	0
SER183B	3	2	10	4	604	1	2	1	5	0	409	409	2	2	1	0
ILE195A	6	5	24	12	3252	1052.61939941863	6	5	24	11	1592	65	3	2	9	3
LEU257A	9	7	26	17	9390	2997.70110693756	8	7	36	20	1	1	1	1	1	1
PHE109A	5	2	20	4	3368	147	5	2	22	2	15	1	2	1	2	0
ASP259A	6	5	12	4	999	256.459596682063	3	2	8	2	1	1	1	1	1	1
THR170B	7	6	13	8	378	136.54741416583	5	4	16	4	1	1	2	2	1	0
VAL97B	6	5	14	11	1113	981.45258583417	4	3	14	3	1	1	1	1	1	1
LEU145A	6	6	21	17	721	407.605890197371	5	5	20	14	314	164.5	3	3	5	2
LEU137B	7	6	26	12	1906	1590	6	5	33	9	521	521	2	2	2	0
LYS132B	3	2	10	2	328	230.479491939689	2	2	4	2	1	1	1	1	1	1
ARG110B	6	5	16	11	1880	1279.4580952299	6	5	20	12	551	551	2	2	4	2
ALA159B	6	6	23	15	509	337.663603995448	4	4	15	10	194	194	3	3	8	4
GLU221B	5	2	12	2	1247	306.980867488895	3	2	6	2	1711	306.980867488895	4	2	5	2
LEU264B	4	3	12	4	6	6	2	2	4	0	1	1	1	1	1	1
GLY262B	5	5	9	6	2095	1887.06730523345	3	3	7	4	1	1	1	1	1	1
SER96B	5	2	14	5	372	1	3	2	12	2	1	1	1	1	1	1
SER185A	5	3	11	5	1	1	3	1	10	0	1	1	1	1	1	1
GLN100B	4	2	11	4	472	159.488725987615	3	2	6	3	411	159.488725987615	2	2	2	2
GLU286B	4	3	13	7	7	3.81823293242627	3	2	9	2	1	1	1	1	1	1
THR253B	7	7	30	15	1952	994.23678678516	5	5	23	11	10	10	2	2	3	1
ILE254A	5	3	16	5	5445	4037.8716785395	3	3	7	3	1	1	1	1	1	1
ASP186A	5	4	9	6	1844	1662.84106262896	3	3	5	3	1	1	1	1	1	1
GLU171B	3	2	12	6	372	107.641568688142	2	2	7	6	1	1	2	1	1	0
ASN263A	4	3	7	4	690	113.540403317937	4	3	5	1	1	1	1	1	1	1
ILE251B	7	5	25	17	864	427	6	5	24	15	1	1	2	2	3	2
HIS233B	4	3	15	7	337	80.272000740268	3	2	11	2	1	1	1	1	1	1
VAL173B	8	8	22	20	9591	8070.16493238235	6	6	22	17	9353	7247.44131847322	5	5	6	2
PHE134B	8	5	29	11	930	72	6	4	28	12	1	1	2	1	2	0
THR123A	6	5	19	12	369	188.63503014117	4	3	17	6	1	1	1	1	1	1
ILE195B	6	5	25	12	5830	1886.88236824121	6	5	25	11	119	119	2	2	4	1
MET160B	6	2	17	3	731	598	4	2	12	2	1163	598	5	2	8	2
GLU204B	5	2	19	3	372	1	5	2	20	2	1	1	2	2	2	2
VAL122A	8	7	20	18	814	549.862060476689	5	5	15	11	1	1	1	1	1	1
LEU265B	8	5	24	14	435	408.5	6	4	26	10	1	1	1	1	1	1
SER99B	5	4	12	5	622	101.26289894911	3	2	6	3	1	1	1	1	1	1
GLY266B	7	7	23	16	4009	4009	5	5	18	8	1	1	2	2	4	0
ARG280A	6	3	12	5	381	320.46287575417	2	2	2	1	658	1	3	1	4	0
SER185B	7	4	19	9	789	1	5	2	20	3	789	1	3	2	5	1
MET169B	5	2	13	2	740	1	3	1	11	0	1	1	1	1	1	1
SER166B	3	2	6	2	1	1	1	1	1	1	1	1	1	1	1	1
VAL157A	10	8	32	23	2820	1400.37737580893	8	6	33	17	1393	464.377375808934	5	3	13	4
LEU111A	7	6	19	13	5643	5250.66554383986	6	6	21	13	5349	5103.66554383986	4	4	11	6
ILE162B	6	2	21	3	5882	388.557986252954	5	2	19	3	3657	388.557986252954	4	2	9	1
ILE254B	6	4	22	5	1682	1294.44201374705	4	4	8	3	2754	1084.44201374705	4	2	7	1
PHE270B	8	3	25	7	4804	460.144266590037	7	3	30	7	1356	1	2	1	2	0
GLN192B	6	3	12	6	495	1	4	1	7	0	1215	370.150837235603	4	3	3	1
GLU180B	2	2	5	3	372	372	2	2	3	0	372	372	2	2	3	2
ALA161A	6	6	21	15	3547	1542.01996318622	4	4	15	13	1	1	1	1	1	1
VAL143A	7	7	23	19	362	290	4	4	12	9	193	193	2	2	5	3
PRO278A	9	7	24	17	1238	739	8	6	26	9	1	1	1	1	1	1
GLU285A	6	4	17	7	2753	530.516597007937	5	4	15	7	1	1	1	1	1	1
THR284A	3	3	9	6	1	1	1	1	1	1	29	29	2	2	2	0
PRO222B	4	2	9	2	1	1	2	1	4	0	465	465	2	2	3	1
PRO223B	5	4	8	5	565	497	4	3	10	3	1	1	1	1	1	1
CYS135A	5	4	26	15	730	200.23669193965	5	4	27	14	1	1	1	1	1	1
THR150B	2	2	5	3	372	172.881983265441	2	2	5	3	1	1	1	1	1	1
ALA203B	8	7	24	19	367	127.64083261637	6	5	25	17	336	112.14083261637	2	2	5	5
GLY108B	8	7	20	10	2835	2036.57334754808	7	6	25	11	1273	1273	2	2	4	0
CYS220A	6	4	24	8	500	1	5	3	27	9	5	5	2	2	3	0
THR155A	9	8	26	19	5234	3536.87096393933	9	8	36	21	1	1	1	1	1	1
VAL172B	5	5	18	16	2798	2798	4	4	13	8	3115	2106.55868152678	2	2	4	4
TYR205B	7	3	30	15	15576	4154	7	3	31	12	1	1	1	1	1	1
ASP207B	4	3	10	9	337	32.3145318315143	3	3	9	9	333	31.6617627280622	2	2	3	3
SER106B	2	1	6	1	372	1	2	1	5	0	1	1	1	1	1	1
HIS168A	4	3	9	7	372	197.437849802725	3	2	9	5	372	197.437849802725	2	2	4	3
GLU286A	4	3	12	7	153	78.3163430741429	3	2	9	2	1	1	1	1	1	1
THR231B	6	6	18	15	560	560	3	3	7	5	22	16.692612055503	2	2	2	2
ARG283B	4	4	11	8	120	39.4878540166715	2	2	5	3	1	1	1	1	1	1
SER240A	4	3	18	11	372	252	4	3	19	9	252	252	3	3	10	6
ARG209A	3	1	4	1	1	1	1	1	1	1	1	1	1	1	1	1
ASN210A	4	2	8	1	1	1	1	1	1	1	1	1	1	1	1	1
GLY154B	5	5	15	12	1094	1094	4	4	14	9	1	1	1	1	1	1
ALA119A	5	3	14	4	741	741	3	2	8	3	1	1	1	1	1	1
LYS120A	2	1	4	1	1	1	1	1	1	1	1	1	1	1	1	1
HIS178A	5	2	12	3	73	1.48964981885682	3	2	8	2	1	1	1	1	1	1
CYS277A	7	4	15	5	506	61.53712424583	3	2	8	1	1	1	1	1	1	1
VAL216B	9	9	27	20	8626	7537.5	7	7	31	20	1	1	1	1	1	1
ILE232B	5	4	20	14	6216	2106.68506749054	4	3	16	8	2439	1220	2	2	5	5
PHE212B	3	1	9	1	372	1	2	1	3	0	1	1	1	1	1	1
ARG267A	5	4	12	7	13583	13544.0275544646	3	3	4	2	230	191.027554464615	2	2	3	3
GLN136B	7	4	22	5	9726	4948.44609693534	7	4	28	2	4603	351.446096935344	3	2	6	2
LYS139B	5	1	15	1	9427	1	4	1	11	0	1	1	1	1	1	1
CYS182A	6	4	9	6	741	740.510350181143	3	3	8	5	1	1	1	1	1	1
PRO151A	6	4	14	4	1112	231.286384002231	6	4	18	4	1	1	1	1	1	1
THR150A	2	2	5	3	372	141.713615997769	2	2	5	3	1	1	1	1	1	1
GLN144B	8	5	22	8	2651	532.070727783325	5	4	14	7	713	124.066708461152	2	2	2	2
LEU114B	3	3	11	7	416	264.063566392568	3	3	7	5	1	1	1	1	1	1
ASP228A	3	1	8	1	372	1	3	1	8	0	372	1	2	1	4	0
ALA138B	4	4	13	6	374	238.630841598091	3	3	8	2	1	1	1	1	1	1
ASP268A	3	3	11	9	372	246.334456160135	3	3	11	9	372	246.334456160135	3	3	5	4
SER99A	5	4	9	5	321	39.9724455353846	3	2	4	2	12031	11840.9724455354	4	4	5	3
LEU145B	6	6	23	18	3949	2487.81493250946	5	5	20	13	247	124	2	2	3	2
SER149A	4	2	11	2	216	216	3	2	8	1	1	1	1	1	1	1
PRO222A	4	2	9	1	1	1	2	1	4	0	436	436	2	2	3	0
LEU206A	5	3	15	7	371	102.405834256321	4	2	13	4	289	102.405834256321	2	2	4	3
GLY117A	4	4	11	8	701	385.599056249967	3	3	11	8	1	1	1	1	1	1
SER116A	3	1	8	1	41	1	2	1	4	0	1	1	1	1	1	1
SER121B	2	2	7	7	1	1	1	1	1	1	1	1	1	1	1	1
ALA161B	6	6	21	14	5355	2341.45269937644	4	4	15	13	442	442	3	3	7	2
SER260B	4	2	9	1	366	1	2	1	3	0	1	1	1	1	1	1
VAL143B	7	6	24	16	377	368	5	4	15	10	1	1	1	1	1	1
SER215A	6	3	19	7	2640	718.103871979678	5	3	15	5	1431	718.103871979678	3	2	9	3
THR102B	2	2	5	1	1	1	1	1	1	1	1	1	1	1	1	1
TYR103B	6	1	14	1	1853	1	5	1	13	0	1	1	1	1	1	1
ARG202A	4	3	8	2	2000	1436.99338865112	3	3	3	1	1	1	1	1	1	1
SER94B	3	1	8	1	372	1	3	1	7	0	1	1	1	1	1	1
ARG290A	2	2	2	2	1	1	1	1	1	1	1	1	1	1	1	1
GLU287A	3	3	1	1	3	3	2	2	1	0	1	1	1	1	1	1
ARG209B	3	1	4	1	1	1	1	1	1	1	1	1	1	1	1	1
GLY244A	4	4	9	8	741	344.81388380931	3	3	6	6	1	1	1	1	1	1
PRO177A	5	5	10	9	205	129.18611619069	3	3	3	2	1	1	1	1	1	1
SER166A	2	2	3	2	1	1	1	1	1	1	1	1	1	1	1	1
TYR107B	5	2	14	3	339	107.568311016754	4	2	11	3	1	1	1	1	1	1
MET160A	6	2	17	3	1103	562	4	2	13	2	1	1	1	1	1	1
THR102A	2	2	4	1	1	1	1	1	1	1	1	1	1	1	1	1
ARG248A	3	2	6	3	1046	340	3	2	5	0	707	1	2	1	2	0
SER95B	4	3	12	6	1104	1104	4	3	10	2	1	1	1	1	1	1
MET243B	4	2	7	1	51	51	3	2	4	0	1	1	1	1	1	1
GLY199A	3	3	6	4	456	456	3	3	6	3	1	1	1	1	1	1
MET169A	4	2	14	6	372	110.584629137146	3	2	14	5	1	1	1	1	1	1
GLY226A	3	3	1	1	3	3	2	2	1	0	1	1	1	1	1	1
SER227A	2	1	2	1	3	1	2	1	1	0	1	1	1	1	1	1
ASN210B	4	2	9	1	1	1	1	1	1	1	1	1	1	1	1	1
MET243A	3	2	6	3	1	1	2	1	2	0	1	1	1	1	1	1
LEU289A	3	3	8	7	372	135.073318457212	3	3	6	6	1	1	1	1	1	1
ASP228B	3	1	8	1	372	1	3	1	7	0	372	1	2	1	4	0
LEU289B	3	3	8	7	372	186.5	3	3	6	6	1	1	1	1	1	1
GLY226B	3	3	1	1	3	3	2	2	1	0	1	1	1	1	1	1
VAL225B	2	2	2	2	1	1	1	1	1	1	1	1	1	1	1	1
SER241B	3	3	10	5	1	1	1	1	1	1	1	1	1	1	1	1
ASN131B	4	3	11	3	2494	1727	4	3	12	2	1727	1727	3	3	2	0
ASN247A	2	1	6	1	1	1	1	1	1	1	1	1	1	1	1	1
SER121A	3	2	10	7	1	1	1	1	1	1	1	1	1	1	1	1
SER269B	3	1	5	1	372	1	2	1	3	0	372	1	2	1	2	0
ARG248B	2	1	3	1	372	1	2	1	3	0	1	1	1	1	1	1
VAL225A	2	2	2	2	1	1	1	1	1	1	1	1	1	1	1	1
PHE212A	2	1	6	1	1	1	1	1	1	1	1	1	1	1	1	1
SER183A	2	2	4	4	1	1	1	1	1	1	1	1	1	1	1	1
GLU180A	2	2	5	3	372	372	2	2	3	0	372	372	2	2	3	2
LYS120B	2	1	3	1	1	1	1	1	1	1	1	1	1	1	1	1
SER227B	2	1	2	1	3	1	2	1	1	0	1	1	1	1	1	1
LYS291A	2	1	2	1	3	1	2	1	1	0	1	1	1	1	1	1
HIS115A	1	1	1	1	1	1	1	1	1	1	1	1	1	1	1	1
ARG181A	1	1	1	1	1	1	1	1	1	1	1	1	1	1	1	1
LEU201A	1	1	1	1	1	1	1	1	1	1	1	1	1	1	1	1
GLU224A	1	1	1	1	1	1	1	1	1	1	1	1	1	1	1	1
ASN288A	1	1	1	1	1	1	1	1	1	1	1	1	1	1	1	1
HIS115B	1	1	1	1	1	1	1	1	1	1	1	1	1	1	1	1
ARG181B	1	1	1	1	1	1	1	1	1	1	1	1	1	1	1	1
LEU201B	1	1	1	1	1	1	1	1	1	1	1	1	1	1	1	1
GLU224B	1	1	1	1	1	1	1	1	1	1	1	1	1	1	1	1
GLU287B	1	1	1	1	1	1	1	1	1	1	1	1	1	1	1	1
ASN288B	1	1	1	1	1	1	1	1	1	1	1	1	1	1	1	1
