Degree	Degree_sidechain	SecondOrderDegree	SecondOrderDegree_sidechain	NodeEdgeBetweennessSTRIDE	NodeEdgeBetweennessSTRIDE_sidechain	IntermodularDegreeSTRIDE	IntermodularDegreeSTRIDE_sidechain	SecondOrderIntermodularDegreeSTRIDE	SecondOrderIntermodularDegreeSTRIDE_sidechain	NodeEdgeBetweennessWALKTRAP	NodeEdgeBetweennessWALKTRAP_sidechain	IntermodularDegreeWALKTRAP	IntermodularDegreeWALKTRAP_sidechain	SecondOrderIntermodularDegreeWALKTRAP	SecondOrderIntermodularDegreeWALKTRAP_sidechain
ASN51A	0.87469026870171	0.104123832495811	0.542013418681883	-0.319736485591098	0.0369247725940852	-0.174724942341526	0.927622705351207	0.466954252276886	1.01412511396118	-0.250011792240684	0.070266185474603	-0.536696631500397	0.288715642176671	-0.865888126461047	0.828829179827002	-0.951714114246148
TYR118A	0.41790757282415	-0.369471663694814	0.542013418681883	-0.319736485591098	-0.293825152323785	-0.473915684181767	0.927622705351207	-0.100636692301053	0.312694499048996	-0.412461850793386	-0.274223805899494	-0.307937538957234	0.945310892933294	0.660239696426549	0.828829179827002	0.47207039619106
ARG43A	1.33147296457927	0.577719328686436	0.925410870358198	0.313005191157601	5.45733236565989	4.47695724475728	1.41749087559286	1.03454519685482	1.21453386107894	1.21203873473364	-0.430392601989084	-0.536696631500397	0.288715642176671	-0.102824215017249	0.619393849440609	1.18396265140966
ASP41B	-0.495657818930969	0.104123832495811	0.414214268123111	0.629376029531951	1.76330967481246	1.09230092499339	-0.0521136351320904	0.466954252276886	0.713511993284528	1.21203873473364	1.44133635114351	1.6440681277345	0.288715642176671	0.660239696426549	0.619393849440609	1.18396265140966
ILE30A	-0.0388751230534092	0.104123832495811	0.414214268123111	0.945746867906301	-0.372945722598256	-0.241325591648571	-0.0521136351320904	-0.100636692301053	0.0120813783723476	0.0748883248647209	-0.166283608602277	0.152603279465125	0.945310892933294	1.42330360787035	1.03826451021339	1.89585490662827
LEU44A	0.41790757282415	0.577719328686436	0.669812569240655	0.471190610344776	-0.367757488481897	-0.347883811339467	-0.541981805373739	-0.668227636878992	-0.58914486298095	-0.737361967898791	-0.414316402391626	-0.0657991633482547	-0.367879608579952	-0.102824215017249	-0.637218132877749	-0.595767986636846
PRO117A	-0.952440514808528	-0.843067159885438	-1.11937553858215	-0.636107323965448	-0.777627983674238	-0.614279360566706	-1.03184997561539	-1.23581858145693	-0.989962357216481	-1.0622620850042	-0.738136994283277	-0.536696631500397	-1.02447485933658	-0.865888126461047	-0.846653463264141	-0.595767986636846
VAL116A	-0.0388751230534092	0.577719328686436	-0.224781484670747	0.154819771970427	-0.44039276611092	-0.271040703370306	-0.0521136351320904	0.466954252276886	0.0120813783723476	0.399788441970126	-0.738136994283277	-0.536696631500397	-1.02447485933658	-0.865888126461047	-0.846653463264141	-0.595767986636846
PRO47B	-0.495657818930969	0.104123832495811	-1.11937553858215	-0.636107323965448	0.223701200783	0.846141170290104	-0.541981805373739	-0.100636692301053	-0.689349236539833	-0.412461850793386	0.43772217627364	1.17322892661235	-0.367879608579952	-0.102824215017249	-0.218347472104963	-0.239821859027544
SER46B	-0.952440514808528	-0.843067159885438	-1.50277299025846	-0.794292743152623	-0.270478098800171	-0.492720168320218	-0.541981805373739	-0.668227636878992	-1.09016673077536	-0.737361967898791	-0.738136994283277	-0.536696631500397	-1.02447485933658	-0.865888126461047	-0.846653463264141	-0.595767986636846
LYS22A	-0.495657818930969	-0.843067159885438	-0.608178936347063	-0.794292743152623	-0.6064162578344	-0.614279360566706	-0.541981805373739	-0.668227636878992	-0.989962357216481	-0.899812026451493	-0.738136994283277	-0.536696631500397	-1.02447485933658	-0.865888126461047	-0.846653463264141	-0.595767986636846
PRO23A	0.87469026870171	0.104123832495811	0.669812569240655	-0.161551066403923	-0.243239869689287	-0.30894907722164	0.437754535109558	-0.668227636878992	0.412898872607879	-0.737361967898791	0.0909355849570488	0.224754593596684	0.945310892933294	-0.102824215017249	0.200523188667823	-0.951714114246148
LEU71A	1.78825566045683	1.52491032106769	1.8200049242696	2.2112302214037	0.684156978609839	0.180994647209513	2.39722721607615	2.1697270860107	2.21657759666777	2.83653932026066	1.31731995424883	0.690945247267795	2.25850139444654	2.18636751931415	1.87600583175897	2.96369328945617
VAL101A	1.78825566045683	2.47210131344894	1.30880832203451	1.89485938302935	-0.0499781488549239	0.475054393721867	0.437754535109558	1.03454519685482	0.613307619725645	1.37448879328634	1.3678451529837	2.42758846409216	0.945310892933294	1.42330360787035	0.200523188667823	0.47207039619106
ILE95A	-0.952440514808528	-1.31666265607606	-0.352580635229519	-1.11066358152697	-0.777627983674238	-0.614279360566706	-1.52171814585704	-1.23581858145693	-1.29057547789313	-0.899812026451493	-0.738136994283277	-0.536696631500397	-1.02447485933658	-0.865888126461047	-0.846653463264141	-0.595767986636846
VAL94A	1.33147296457927	1.99850581725831	1.43660747259328	1.42030312546783	0.654324632440776	1.61729566334455	0.437754535109558	1.03454519685482	0.513103246166762	0.72468855907553	0.816661166785146	1.58401182436209	0.288715642176671	0.660239696426549	0.828829179827002	1.18396265140966
GLN78A	-0.0388751230534092	-0.843067159885438	-0.480379785788291	-0.952478162339798	-0.593445672543503	-0.343785418274433	-0.541981805373739	-0.668227636878992	-0.989962357216481	-0.899812026451493	-0.738136994283277	-0.536696631500397	-1.02447485933658	-0.865888126461047	-0.846653463264141	-0.595767986636846
HIS80A	-0.495657818930969	-0.369471663694814	-0.863777237464606	-0.952478162339798	-0.442986883169099	-0.15228988195031	-0.541981805373739	-0.668227636878992	-1.09016673077536	-0.899812026451493	-0.738136994283277	-0.536696631500397	-1.02447485933658	-0.865888126461047	-0.846653463264141	-0.595767986636846
ALA39B	-0.495657818930969	0.104123832495811	-0.608178936347063	-0.161551066403923	-0.586960379898054	-0.313047470286674	-0.541981805373739	-0.100636692301053	-0.388736115863184	-0.0875617336879815	-0.604934197618627	-0.48818214297433	-0.367879608579952	-0.102824215017249	-0.846653463264141	-0.595767986636846
MET40B	-0.952440514808528	-0.843067159885438	-1.37497383969969	-0.794292743152623	-0.615495667538027	-0.614279360566706	-1.03184997561539	-1.23581858145693	-1.19037110433425	-1.0622620850042	-0.604934197618627	-0.391508615396505	-0.367879608579952	-0.102824215017249	-0.846653463264141	-0.595767986636846
ARG41A	-0.0388751230534092	0.104123832495811	0.286415117564339	0.629376029531951	0.974698089125929	0.718722983835749	0.437754535109558	0.466954252276886	0.813716366843411	1.04958867618093	0.809771366957664	-0.536696631500397	-0.367879608579952	-0.865888126461047	-0.427782802491356	-0.951714114246148
MET57A	0.41790757282415	0.577719328686436	0.797611719799426	0.313005191157601	2.36255071525189	3.37636978011194	0.927622705351207	1.03454519685482	0.713511993284528	0.562238500522828	2.02007953665199	1.89267135751361	0.945310892933294	0.660239696426549	0.409958519054216	-0.239821859027544
GLN70A	-0.952440514808528	-0.843067159885438	-0.735978086905834	-0.952478162339798	-0.288636918207426	-0.45449156578275	-0.541981805373739	-0.668227636878992	-0.889757983657598	-0.899812026451493	0.127681184036952	-0.276280889510234	0.288715642176671	-0.102824215017249	-0.218347472104963	-0.595767986636846
ALA59A	0.87469026870171	1.05131482487706	0.414214268123111	0.945746867906301	-0.382025132301884	-0.0664491492661445	1.41749087559286	1.60213614143276	1.21453386107894	1.04958867618093	-0.738136994283277	-0.536696631500397	-1.02447485933658	-0.865888126461047	-0.846653463264141	-0.595767986636846
MET97A	-0.495657818930969	-0.843067159885438	-0.480379785788291	-1.11066358152697	-0.0136605100404126	-0.281791193882034	-0.0521136351320904	-0.668227636878992	0.0120813783723476	-0.899812026451493	-0.170876808487265	0.00517925299507852	-0.367879608579952	-0.102824215017249	-0.846653463264141	-0.595767986636846
LEU102A	-0.0388751230534092	0.104123832495811	-0.0969823341119757	-0.794292743152623	-0.527295687559929	-0.316273619002702	-0.541981805373739	-0.100636692301053	-0.889757983657598	-0.737361967898791	-0.738136994283277	-0.536696631500397	-1.02447485933658	-0.865888126461047	-0.846653463264141	-0.595767986636846
ASN63A	0.41790757282415	0.577719328686436	0.158615967005568	-0.319736485591098	-0.27307221585835	0.0403554868882179	0.437754535109558	1.03454519685482	0.0120813783723476	0.0748883248647209	-0.033080811937626	0.346606246564301	0.288715642176671	0.660239696426549	0.409958519054216	0.47207039619106
PRO40A	-0.495657818930969	0.104123832495811	-0.480379785788291	-0.319736485591098	-0.280854567032888	-0.275108289043358	-0.541981805373739	-0.100636692301053	-0.488940489422067	-0.250011792240684	0.729390368970375	0.871033562437526	0.945310892933294	1.42330360787035	0.619393849440609	0.47207039619106
ARG92A	1.78825566045683	1.05131482487706	0.797611719799426	1.10393228709348	0.614115818038996	0.0674465358447445	1.9073590458345	1.60213614143276	0.813716366843411	1.37448879328634	1.91673253923976	0.397945387872473	2.91509664520316	2.18636751931415	2.50431182291814	1.53990877901897
THR86A	-0.952440514808528	-0.369471663694814	-0.608178936347063	-0.161551066403923	-0.607713316363489	-0.454076028111937	-0.541981805373739	-0.100636692301053	-0.388736115863184	0.0748883248647209	-0.738136994283277	-0.536696631500397	-1.02447485933658	-0.865888126461047	-0.846653463264141	-0.595767986636846
GLN26A	1.33147296457927	1.52491032106769	1.18100917147574	0.945746867906301	0.394912926622839	1.09777196991512	1.41749087559286	1.60213614143276	1.71555572887336	1.21203873473364	-0.437282401816566	-0.0991961469051442	0.945310892933294	0.660239696426549	1.03826451021339	0.47207039619106
ILE112A	1.78825566045683	0.577719328686436	1.94780407482837	1.26211770628065	1.73088321158522	0.127066207839222	1.9073590458345	1.03454519685482	2.51719071734442	2.02428902749715	1.99252033734206	0.294486498152477	1.60190614368992	0.660239696426549	2.08544116214536	1.53990877901897
CYS75A	0.87469026870171	1.05131482487706	1.43660747259328	2.36941564059088	-0.249725162334736	-0.152794577436978	0.927622705351207	1.03454519685482	1.21453386107894	1.53693885183904	0.148350583519398	-0.0200645478472856	0.945310892933294	1.42330360787035	1.24769984059979	2.60774716184687
VAL76A	1.33147296457927	1.52491032106769	2.20340237594592	2.2112302214037	-0.39758983465096	-0.261817556973743	0.927622705351207	1.03454519685482	1.51514698175559	2.18673908604985	-0.168580208544771	-0.0353262546394898	0.945310892933294	1.42330360787035	1.24769984059979	2.25180103423757
ARG91A	1.78825566045683	1.52491032106769	0.925410870358198	0.787561448719126	0.756792256238861	0.52182653337103	2.39722721607615	2.1697270860107	1.61535135531447	1.53693885183904	0.917711564254881	1.31488320755562	2.91509664520316	3.71249534220174	1.87600583175897	1.89585490662827
SER55A	-0.0388751230534092	-0.369471663694814	1.05321002091697	0.154819771970427	-0.375539839656435	-0.00156959734405573	-0.0521136351320904	-0.668227636878992	0.412898872607879	-0.250011792240684	0.683458370120495	1.14542852587458	1.60190614368992	0.660239696426549	3.34205314446372	1.89585490662827
ASP89A	0.87469026870171	1.52491032106769	0.286415117564339	0.629376029531951	0.287257068708395	0.800734026741615	0.437754535109558	1.03454519685482	0.312694499048996	0.887138617628233	0.304519379608989	0.543766162213929	0.945310892933294	1.42330360787035	-0.00891214171856997	0.47207039619106
LEU87A	-0.0388751230534092	-0.369471663694814	-0.224781484670747	0.154819771970427	0.362486463395597	0.575785214899306	-0.0521136351320904	-0.100636692301053	-0.58914486298095	-0.250011792240684	1.28057435516893	1.40282290348793	0.288715642176671	0.660239696426549	0.409958519054216	1.18396265140966
PRO39A	-0.0388751230534092	-0.843067159885438	-0.863777237464606	-1.11066358152697	-0.60252508224713	-0.34583461480695	-0.0521136351320904	-0.668227636878992	-0.488940489422067	-1.0622620850042	0.150647183461892	-0.0991961469051442	0.288715642176671	-0.102824215017249	-0.218347472104963	-0.951714114246148
ASP42B	-1.40922321068609	-0.843067159885438	-1.24717468914092	-0.794292743152623	-0.607713316363489	-0.58198366770612	-1.03184997561539	-0.668227636878992	-0.889757983657598	-0.574911909346088	-0.738136994283277	-0.536696631500397	-1.02447485933658	-0.865888126461047	-0.846653463264141	-0.595767986636846
LEU45B	0.41790757282415	0.104123832495811	-0.863777237464606	-0.952478162339798	1.68029792895072	-0.111427455415955	0.927622705351207	0.466954252276886	-0.58914486298095	-0.574911909346088	3.3130653042761	-0.102035015111646	1.60190614368992	0.660239696426549	-0.00891214171856997	-0.239821859027544
ALA11A	0.41790757282415	0.104123832495811	0.030816816446796	-0.00336564721674835	-0.732230935156099	-0.542557481928604	-0.541981805373739	-0.668227636878992	-0.388736115863184	-0.737361967898791	-0.591154597963663	-0.392422419718362	0.945310892933294	0.660239696426549	0.828829179827002	0.828016523800362
ILE10A	0.87469026870171	0.104123832495811	1.18100917147574	0.471190610344776	0.581689354811754	0.235523378903272	0.927622705351207	0.466954252276886	1.21453386107894	0.72468855907553	0.417052776791194	0.300084113850423	0.945310892933294	0.660239696426549	1.45713517098618	0.47207039619106
ASP18A	-0.0388751230534092	-0.843067159885438	-0.224781484670747	-0.952478162339798	-0.755577988679713	-0.614279360566706	-0.0521136351320904	-0.668227636878992	-0.0881229951865353	-1.0622620850042	-0.738136994283277	-0.536696631500397	-1.02447485933658	-0.865888126461047	-0.846653463264141	-0.595767986636846
GLY17A	0.41790757282415	1.05131482487706	0.542013418681883	0.945746867906301	-0.254913396451094	0.0478720389684989	0.927622705351207	1.60213614143276	0.713511993284528	0.887138617628233	-0.464841601126494	-0.4060231594354	-0.367879608579952	-0.102824215017249	0.200523188667823	0.47207039619106
LEU62A	1.33147296457927	1.52491032106769	0.925410870358198	1.42030312546783	3.0785270233094	2.66254202677448	1.41749087559286	1.60213614143276	1.21453386107894	1.37448879328634	0.711017569430423	0.840295143197256	-0.367879608579952	-0.102824215017249	-0.427782802491356	0.116124268581758
PRO64A	0.41790757282415	0.577719328686436	-0.0969823341119757	0.629376029531951	0.000607133779573924	0.615238558943629	-0.541981805373739	-0.100636692301053	-0.58914486298095	-0.0875617336879815	-0.738136994283277	-0.536696631500397	-1.02447485933658	-0.865888126461047	-0.846653463264141	-0.595767986636846
LEU65A	-0.952440514808528	-0.843067159885438	-0.480379785788291	-0.161551066403923	-0.607713316363489	-0.443920048637022	-1.03184997561539	-0.668227636878992	-0.789553610098715	-0.250011792240684	-0.437282401816566	-0.259051854681956	-0.367879608579952	-0.102824215017249	-0.427782802491356	0.116124268581758
ASP48A	2.24503835633439	1.52491032106769	2.07560322538714	1.578488544655	2.17447722853389	1.62672735962978	2.39722721607615	1.60213614143276	2.81780383802107	1.21203873473364	3.06962571037174	1.25110909559549	2.91509664520316	1.42330360787035	2.50431182291814	0.116124268581758
LEU25A	1.78825566045683	1.99850581725831	2.07560322538714	1.578488544655	2.20301251617386	2.606106357923	1.9073590458345	2.1697270860107	2.21657759666777	1.53693885183904	2.15098573337415	3.02260396625304	0.945310892933294	1.42330360787035	1.87600583175897	1.18396265140966
LEU50A	-0.495657818930969	-1.31666265607606	0.030816816446796	-1.11066358152697	-0.607713316363489	-0.614279360566706	-0.0521136351320904	-1.23581858145693	0.412898872607879	-1.0622620850042	-0.499290600263904	-0.536696631500397	-0.367879608579952	-0.865888126461047	0.200523188667823	-0.951714114246148
ALA107A	-0.0388751230534092	0.577719328686436	-0.352580635229519	0.313005191157601	-0.0746222609076279	0.241452972985286	-0.541981805373739	-0.100636692301053	-0.889757983657598	-0.737361967898791	-0.738136994283277	-0.536696631500397	-1.02447485933658	-0.865888126461047	-0.846653463264141	-0.595767986636846
SER104A	-0.495657818930969	-0.369471663694814	-0.0969823341119757	-0.161551066403923	-0.462442761105444	-0.321777667738971	-0.0521136351320904	-0.100636692301053	0.11228575193123	-0.0875617336879815	-0.738136994283277	-0.536696631500397	-1.02447485933658	-0.865888126461047	-0.846653463264141	-0.595767986636846
SER37B	0.41790757282415	0.104123832495811	0.286415117564339	0.787561448719126	0.227592376370269	-0.444744032150666	-0.0521136351320904	-0.100636692301053	0.11228575193123	0.562238500522828	1.04172796114956	-0.260394749978705	0.945310892933294	0.660239696426549	1.24769984059979	2.25180103423757
VAL66A	-0.0388751230534092	0.577719328686436	0.542013418681883	0.471190610344776	-0.363866312894628	-0.126570585827607	-0.0521136351320904	0.466954252276886	0.613307619725645	0.887138617628233	-0.147910809062325	0.154620928127216	0.288715642176671	0.660239696426549	0.828829179827002	0.828016523800362
ILE21A	-0.495657818930969	-0.843067159885438	0.030816816446796	-0.794292743152623	-0.509136868152673	-0.316525322041575	-0.541981805373739	-0.668227636878992	-0.288531742304301	-0.737361967898791	-0.21451220739465	-0.536696631500397	-0.367879608579952	-0.865888126461047	-0.427782802491356	-0.951714114246148
ALA9A	0.87469026870171	0.104123832495811	1.18100917147574	0.471190610344776	-0.317172205847399	-0.112489276604993	0.437754535109558	0.466954252276886	0.613307619725645	0.237338383417423	-0.432689201931578	-0.0925167501937663	0.945310892933294	-0.102824215017249	0.409958519054216	-0.595767986636846
ILE13A	1.33147296457927	0.104123832495811	1.18100917147574	-0.161551066403923	0.0485982993558923	-0.248722463895461	0.927622705351207	-0.100636692301053	0.713511993284528	-0.250011792240684	-0.738136994283277	-0.536696631500397	-0.367879608579952	-0.102824215017249	-0.427782802491356	-0.595767986636846
GLN38B	1.78825566045683	0.577719328686436	0.030816816446796	-0.477921904778273	0.891686343264189	0.240911747224976	1.9073590458345	1.03454519685482	0.813716366843411	-0.0875617336879815	0.81895776672764	-0.536696631500397	0.288715642176671	-0.865888126461047	0.619393849440609	-0.951714114246148
GLU120A	-0.952440514808528	-0.369471663694814	-0.224781484670747	0.154819771970427	-0.607713316363489	-0.541485149111175	-0.541981805373739	-0.100636692301053	0.11228575193123	0.562238500522828	-0.455655201356518	-0.424475570381312	-0.367879608579952	-0.102824215017249	0.200523188667823	1.18396265140966
GLN61A	-0.495657818930969	-0.843067159885438	-0.224781484670747	-0.477921904778273	-0.592148614014413	-0.537104629449514	-0.541981805373739	-0.668227636878992	-0.58914486298095	-0.250011792240684	-0.738136994283277	-0.536696631500397	-1.02447485933658	-0.865888126461047	-0.846653463264141	-0.595767986636846
LEU53A	0.87469026870171	1.05131482487706	0.797611719799426	0.313005191157601	0.811268714460628	0.1092918414164	0.437754535109558	0.466954252276886	0.513103246166762	0.237338383417423	2.81240651681241	1.03103852842061	2.25850139444654	2.18636751931415	2.71374715330454	1.89585490662827
MET14A	0.41790757282415	0.577719328686436	0.925410870358198	1.26211770628065	-0.553236858141722	-0.450172321704502	0.437754535109558	0.466954252276886	0.613307619725645	0.887138617628233	-0.409723202506639	-0.319337034006849	0.945310892933294	0.660239696426549	1.87600583175897	1.89585490662827
LEU5A	1.33147296457927	1.99850581725831	2.07560322538714	3.00215731733957	1.15369216614031	2.15437094662545	1.9073590458345	2.73731803058864	2.51719071734442	3.64878961302417	1.72152154412777	2.83670150370969	2.25850139444654	2.94943143075794	2.50431182291814	2.60774716184687
GLN15A	-0.0388751230534092	-0.369471663694814	0.158615967005568	-0.477921904778273	-0.380728073772794	-0.412427216021269	-0.541981805373739	-0.668227636878992	-0.188327368745418	-0.737361967898791	-0.03537741188012	-0.207726098643505	0.945310892933294	0.660239696426549	1.45713517098618	0.47207039619106
SER47A	0.87469026870171	0.104123832495811	1.56440662315206	1.26211770628065	0.261315898126601	0.233631100719656	1.41749087559286	0.466954252276886	2.01616884955001	1.37448879328634	-0.104275410154939	-0.536696631500397	0.945310892933294	-0.102824215017249	1.45713517098618	0.116124268581758
THR52A	0.41790757282415	0.577719328686436	0.414214268123111	0.629376029531951	-0.170604592060265	-0.320639357193801	0.437754535109558	0.466954252276886	0.513103246166762	0.237338383417423	-0.157097208832301	-0.536696631500397	-0.367879608579952	-0.865888126461047	-0.427782802491356	-0.951714114246148
LEU99A	1.78825566045683	1.99850581725831	1.69220577371083	1.89485938302935	0.437715858082798	0.121495084687715	1.41749087559286	1.60213614143276	1.51514698175559	2.02428902749715	1.01187216189713	0.353516964018491	0.945310892933294	1.42330360787035	-0.218347472104963	0.47207039619106
CYS77A	0.41790757282415	0.104123832495811	0.925410870358198	0.154819771970427	-0.633654486945283	-0.574320028182621	-0.0521136351320904	-0.100636692301053	0.312694499048996	0.399788441970126	-0.738136994283277	-0.536696631500397	-1.02447485933658	-0.865888126461047	-0.846653463264141	-0.595767986636846
MET46A	-0.0388751230534092	0.104123832495811	0.669812569240655	0.945746867906301	0.101777699048569	0.184710183735816	-0.0521136351320904	0.466954252276886	0.11228575193123	1.04958867618093	0.157536983289374	-0.202110606069459	0.288715642176671	-0.102824215017249	-0.00891214171856997	0.47207039619106
SER6A	-0.495657818930969	-0.369471663694814	-0.224781484670747	-0.477921904778273	-0.550642741083543	-0.32329345294926	-0.0521136351320904	-0.100636692301053	-0.288531742304301	-0.737361967898791	-0.412019802449132	-0.0624594649925657	0.288715642176671	0.660239696426549	-0.218347472104963	-0.595767986636846
GLU56B	-1.40922321068609	-0.843067159885438	-1.37497383969969	-0.636107323965448	-0.772439749557879	-0.6101346199078	-1.03184997561539	-0.668227636878992	-1.29057547789313	-0.899812026451493	-0.738136994283277	-0.536696631500397	-1.02447485933658	-0.865888126461047	-0.846653463264141	-0.595767986636846
THR55B	-0.0388751230534092	0.577719328686436	-1.75837129137601	-1.11066358152697	-0.772439749557879	-0.610227315095544	-1.03184997561539	-0.668227636878992	-1.29057547789313	-0.899812026451493	-0.738136994283277	-0.536696631500397	-1.02447485933658	-0.865888126461047	-0.846653463264141	-0.595767986636846
PHE82A	1.33147296457927	0.577719328686436	1.05321002091697	-0.00336564721674835	0.615412876568086	-0.144018252479593	1.41749087559286	1.03454519685482	0.913920740402294	0.0748883248647209	-0.513070199918867	-0.536696631500397	-0.367879608579952	-0.865888126461047	-0.218347472104963	-0.951714114246148
THR19A	-0.0388751230534092	0.577719328686436	-0.0969823341119757	0.471190610344776	-0.389807483476422	-0.226322978456156	-0.0521136351320904	0.466954252276886	-0.188327368745418	0.399788441970126	-0.738136994283277	-0.536696631500397	-1.02447485933658	-0.865888126461047	-0.846653463264141	-0.595767986636846
LEU45A	0.41790757282415	1.05131482487706	0.286415117564339	1.26211770628065	3.32237402677826	5.86323087872025	0.927622705351207	1.60213614143276	0.412898872607879	1.04958867618093	3.06732911042924	4.9971835438762	0.945310892933294	1.42330360787035	0.828829179827002	1.18396265140966
MET44B	0.41790757282415	0.577719328686436	0.542013418681883	0.629376029531951	3.12003289624027	2.39650220879035	0.927622705351207	1.03454519685482	0.412898872607879	0.72468855907553	1.60439494706058	-0.536696631500397	-0.367879608579952	-0.865888126461047	-0.637218132877749	-0.951714114246148
ASN114A	-0.495657818930969	-0.843067159885438	-0.352580635229519	-0.636107323965448	-0.714072115748844	-0.579569540205709	-0.541981805373739	-0.668227636878992	-0.789553610098715	-0.574911909346088	-0.625603597101072	-0.480127957804915	-0.367879608579952	-0.102824215017249	-0.637218132877749	-0.239821859027544
PRO115A	1.78825566045683	1.52491032106769	0.925410870358198	0.945746867906301	-0.00587815886587451	-0.0670506847373756	1.9073590458345	1.60213614143276	1.71555572887336	1.04958867618093	-0.409723202506639	-0.137341822574927	0.945310892933294	1.42330360787035	0.409958519054216	0.47207039619106
ASN29A	-0.0388751230534092	-0.369471663694814	0.414214268123111	-0.00336564721674835	1.90598611301232	3.50870406285795	-0.0521136351320904	-0.100636692301053	-0.0881229951865353	0.0748883248647209	3.88262209001461	6.18277646014577	0.288715642176671	0.660239696426549	-0.00891214171856997	-0.239821859027544
ILE33A	-0.495657818930969	-0.369471663694814	-0.480379785788291	-0.00336564721674835	-0.270478098800171	-0.190959170203251	-0.0521136351320904	-0.100636692301053	-0.188327368745418	0.237338383417423	-0.141021009234843	0.153213643699076	0.288715642176671	0.660239696426549	-0.00891214171856997	0.116124268581758
ARG31A	-0.495657818930969	-0.843067159885438	-1.11937553858215	-0.952478162339798	0.166630625503054	-0.279102622332022	-0.541981805373739	-0.668227636878992	-0.689349236539833	-0.737361967898791	-0.437282401816566	-0.536696631500397	-0.367879608579952	-0.865888126461047	-0.846653463264141	-0.951714114246148
LEU43B	-0.952440514808528	-0.369471663694814	-1.37497383969969	-0.952478162339798	-0.304201620556502	-0.201499364432603	-0.541981805373739	-0.100636692301053	-1.09016673077536	-0.899812026451493	-0.738136994283277	-0.536696631500397	-1.02447485933658	-0.865888126461047	-0.846653463264141	-0.595767986636846
LYS111A	-0.0388751230534092	-1.31666265607606	0.414214268123111	-1.11066358152697	-0.572692736078068	-0.614279360566706	-0.0521136351320904	-1.23581858145693	0.212490125490113	-1.0622620850042	-0.621010397216085	-0.536696631500397	-0.367879608579952	-0.865888126461047	-0.427782802491356	-0.951714114246148
VAL110A	0.41790757282415	0.104123832495811	0.030816816446796	-0.636107323965448	-0.388510424947332	-0.545311511696254	0.437754535109558	-0.100636692301053	0.513103246166762	-0.250011792240684	-0.517663399803855	-0.424295596356581	0.288715642176671	-0.102824215017249	-0.00891214171856997	-0.595767986636846
GLY113A	-0.0388751230534092	0.577719328686436	0.286415117564339	0.787561448719126	-0.580475087252606	-0.489311908967384	-0.0521136351320904	0.466954252276886	-0.0881229951865353	0.562238500522828	-0.414316402391626	-0.35139802982907	0.288715642176671	0.660239696426549	-0.218347472104963	0.47207039619106
GLU67A	-0.952440514808528	-0.843067159885438	-0.735978086905834	-1.11066358152697	-0.607713316363489	-0.499389181605199	-1.03184997561539	-0.668227636878992	-0.889757983657598	-0.899812026451493	-0.437282401816566	-0.349453223816497	-0.367879608579952	-0.102824215017249	-0.218347472104963	-0.595767986636846
VAL93A	0.87469026870171	1.52491032106769	1.05321002091697	1.578488544655	0.380645282802852	0.818627625589331	-0.0521136351320904	0.466954252276886	-0.288531742304301	0.0748883248647209	1.83635154125247	2.56004895389021	1.60190614368992	2.18636751931415	2.08544116214536	2.60774716184687
TYR42A	0.87469026870171	-0.843067159885438	0.286415117564339	-1.11066358152697	0.279474717533857	-0.460724793768458	0.927622705351207	-0.668227636878992	0.11228575193123	-0.899812026451493	0.313705779378965	-0.286439554589044	1.60190614368992	-0.102824215017249	0.619393849440609	-0.595767986636846
VAL108A	2.24503835633439	2.94569680963956	1.05321002091697	1.73667396384218	1.01101572794044	1.68013345165835	2.39722721607615	3.30490897516658	1.81576010243224	2.18673908604985	0.832737366382604	0.973248786184684	1.60190614368992	2.18636751931415	1.45713517098618	1.89585490662827
THR60A	-0.0388751230534092	0.104123832495811	-0.0969823341119757	-0.161551066403923	-0.597336848130772	-0.496396160654384	0.437754535109558	0.466954252276886	0.312694499048996	0.237338383417423	-0.738136994283277	-0.536696631500397	-1.02447485933658	-0.865888126461047	-0.846653463264141	-0.595767986636846
ALA12A	-0.495657818930969	0.104123832495811	-0.352580635229519	0.313005191157601	-0.590851555485323	-0.578213648698188	-1.03184997561539	-0.668227636878992	-0.889757983657598	-0.250011792240684	-0.340825204231819	-0.408451697202064	0.945310892933294	1.42330360787035	0.409958519054216	0.47207039619106
GLY8A	0.87469026870171	1.52491032106769	0.669812569240655	0.787561448719126	0.0745394699376861	0.0082279064085182	0.927622705351207	1.60213614143276	0.613307619725645	1.04958867618093	-0.407426602564145	-0.114558519597463	-0.367879608579952	-0.102824215017249	-0.427782802491356	0.116124268581758
GLY49A	0.87469026870171	1.52491032106769	1.05321002091697	1.89485938302935	0.132907103746722	-0.229297344333229	0.927622705351207	1.60213614143276	1.31473823463783	2.02428902749715	0.483654175123519	0.45549372655053	0.945310892933294	1.42330360787035	1.66657050137257	2.60774716184687
GLY90A	-0.495657818930969	0.104123832495811	0.414214268123111	1.26211770628065	-0.636248604003462	-0.390916938522329	-0.541981805373739	-0.100636692301053	0.11228575193123	0.72468855907553	-0.738136994283277	-0.536696631500397	-1.02447485933658	-0.865888126461047	-0.846653463264141	-0.595767986636846
ALA105A	0.41790757282415	0.577719328686436	-0.224781484670747	0.154819771970427	-0.490978048745417	-0.22151759449348	0.927622705351207	1.03454519685482	0.412898872607879	0.237338383417423	-0.738136994283277	-0.536696631500397	-1.02447485933658	-0.865888126461047	-0.846653463264141	-0.595767986636846
ILE83A	-0.495657818930969	-0.843067159885438	-0.480379785788291	-1.11066358152697	-0.410560419941857	-0.440615983719624	-0.541981805373739	-0.668227636878992	-0.789553610098715	-0.899812026451493	-0.170876808487265	-0.253667022140701	-0.367879608579952	-0.102824215017249	-0.846653463264141	-0.595767986636846
ILE28A	0.41790757282415	0.577719328686436	1.05321002091697	1.26211770628065	0.730851085657068	0.0947426396842539	-0.0521136351320904	-0.100636692301053	0.0120813783723476	-0.574911909346088	2.44035732612839	0.99449603490477	0.945310892933294	0.660239696426549	1.03826451021339	0.828016523800362
VAL27A	1.78825566045683	2.47210131344894	0.925410870358198	1.73667396384218	0.279474717533857	0.470629601658555	0.927622705351207	1.60213614143276	0.913920740402294	1.37448879328634	1.0646939605745	0.762236668163027	1.60190614368992	2.18636751931415	1.66657050137257	2.60774716184687
ILE50B	-0.952440514808528	-0.843067159885438	-1.11937553858215	-0.794292743152623	-0.609010374892579	-0.481388888977429	-1.03184997561539	-0.668227636878992	-0.889757983657598	-0.574911909346088	-0.43957900175906	-0.320117068529803	-0.367879608579952	-0.102824215017249	-0.218347472104963	-0.239821859027544
PRO36B	-0.0388751230534092	0.104123832495811	-0.608178936347063	0.154819771970427	-0.607713316363489	-0.360803518058406	-0.0521136351320904	-0.100636692301053	-0.488940489422067	-0.0875617336879815	-0.660052596238482	-0.447542605817614	-0.367879608579952	-0.102824215017249	-0.427782802491356	0.116124268581758
SER54A	-0.952440514808528	-0.843067159885438	-0.608178936347063	-0.636107323965448	3.10446819389119	0.103809014822912	-0.541981805373739	-0.668227636878992	-0.288531742304301	-0.412461850793386	-0.738136994283277	-0.536696631500397	-1.02447485933658	-0.865888126461047	-0.846653463264141	-0.595767986636846
GLU68A	-0.952440514808528	-0.369471663694814	-1.11937553858215	-0.477921904778273	-0.616792726067117	-0.519966785318526	-1.03184997561539	-0.668227636878992	-1.19037110433425	-0.899812026451493	-0.453358601414024	-0.382989777385129	-0.367879608579952	-0.102824215017249	-0.637218132877749	-0.595767986636846
VAL84A	1.33147296457927	1.99850581725831	0.669812569240655	1.10393228709348	-0.286042801149247	0.0573962705348718	0.437754535109558	1.03454519685482	0.613307619725645	1.37448879328634	0.311409179436471	0.833498498701692	0.288715642176671	0.660239696426549	0.409958519054216	0.47207039619106
GLU100A	-0.0388751230534092	-0.843067159885438	0.286415117564339	-0.952478162339798	-0.442986883169099	-0.547576133793659	-1.03184997561539	-0.668227636878992	-1.19037110433425	-0.899812026451493	-0.738136994283277	-0.536696631500397	-1.02447485933658	-0.865888126461047	-0.846653463264141	-0.595767986636846
LEU35B	-0.0388751230534092	0.104123832495811	-0.224781484670747	0.154819771970427	-0.358678078778269	-0.483540604080183	-0.0521136351320904	-0.100636692301053	0.0120813783723476	0.237338383417423	-0.66464579612347	-0.466392278936413	-0.367879608579952	-0.102824215017249	-0.427782802491356	0.116124268581758
GLY109A	-0.495657818930969	0.104123832495811	0.030816816446796	0.945746867906301	-0.589554496956234	-0.411819447552097	-0.0521136351320904	0.466954252276886	0.312694499048996	1.21203873473364	-0.517663399803855	-0.328486624498073	-0.367879608579952	-0.102824215017249	-0.637218132877749	-0.595767986636846
SER73A	-0.0388751230534092	-0.843067159885438	-0.0969823341119757	-0.794292743152623	-0.278260449974709	-0.497475158213225	-0.0521136351320904	-0.668227636878992	-0.0881229951865353	-0.737361967898791	-0.738136994283277	-0.536696631500397	-1.02447485933658	-0.865888126461047	-0.846653463264141	-0.595767986636846
SER38A	-1.40922321068609	-1.31666265607606	-1.37497383969969	-1.11066358152697	-0.607713316363489	-0.614279360566706	-1.03184997561539	-1.23581858145693	-1.09016673077536	-1.0622620850042	-0.437282401816566	-0.536696631500397	-0.367879608579952	-0.865888126461047	-0.637218132877749	-0.951714114246148
LEU58A	1.33147296457927	1.05131482487706	1.56440662315206	2.05304480221653	1.79443907951061	1.07883655190115	1.9073590458345	1.60213614143276	2.51719071734442	2.51163920315526	0.139164183749422	0.101185754436193	0.288715642176671	0.660239696426549	0.619393849440609	1.53990877901897
PRO34B	-0.495657818930969	-0.843067159885438	-0.480379785788291	-1.11066358152697	-0.607713316363489	-0.383521958099577	-0.541981805373739	-0.668227636878992	-0.488940489422067	-0.899812026451493	-0.738136994283277	-0.536696631500397	-1.02447485933658	-0.865888126461047	-0.846653463264141	-0.595767986636846
SER33B	-0.952440514808528	-0.843067159885438	-0.735978086905834	-1.11066358152697	-0.270478098800171	-0.576592017274079	-0.541981805373739	-0.668227636878992	-0.488940489422067	-0.899812026451493	-0.738136994283277	-0.536696631500397	-1.02447485933658	-0.865888126461047	-0.846653463264141	-0.595767986636846
SER72A	0.41790757282415	-0.369471663694814	0.030816816446796	-0.477921904778273	-0.607713316363489	-0.610180967501672	0.437754535109558	-0.668227636878992	0.412898872607879	-0.412461850793386	-0.609527397503615	-0.536696631500397	-0.367879608579952	-0.865888126461047	-0.427782802491356	-0.951714114246148
GLN4A	-0.952440514808528	-1.31666265607606	-0.863777237464606	-1.11066358152697	-0.551939799612633	-0.614279360566706	-1.03184997561539	-1.23581858145693	-0.689349236539833	-1.0622620850042	-0.338528604289325	-0.536696631500397	-0.367879608579952	-0.865888126461047	-0.00891214171856997	-0.951714114246148
ASN74A	-0.952440514808528	-1.31666265607606	-0.224781484670747	-1.11066358152697	-0.607713316363489	-0.614279360566706	-0.541981805373739	-1.23581858145693	0.0120813783723476	-1.0622620850042	-0.437282401816566	-0.536696631500397	-0.367879608579952	-0.865888126461047	-0.427782802491356	-0.951714114246148
GLU7A	-0.952440514808528	-1.31666265607606	-0.608178936347063	-1.11066358152697	-0.724448583981561	-0.614279360566706	-1.03184997561539	-1.23581858145693	-0.989962357216481	-1.0622620850042	-0.643976396641024	-0.536696631500397	-0.367879608579952	-0.865888126461047	-0.637218132877749	-0.951714114246148
LEU96A	1.33147296457927	0.577719328686436	1.94780407482837	1.10393228709348	0.520727603944538	0.200407924131847	1.41749087559286	0.466954252276886	1.91596447599112	0.237338383417423	0.63982297121311	0.931315374941294	1.60190614368992	2.18636751931415	0.828829179827002	0.828016523800362
PHE56A	0.41790757282415	-0.369471663694814	1.43660747259328	0.154819771970427	0.822942241222435	-0.195741445912571	0.437754535109558	-0.100636692301053	0.813716366843411	0.399788441970126	2.23595993124642	0.145419682471137	2.25850139444654	0.660239696426549	2.50431182291814	0.828016523800362
GLY3A	-0.952440514808528	-0.369471663694814	-1.11937553858215	-0.477921904778273	-0.777627983674238	-0.614279360566706	-1.52171814585704	-1.23581858145693	-1.29057547789313	-0.899812026451493	-0.738136994283277	-0.536696631500397	-1.02447485933658	-0.865888126461047	-0.846653463264141	-0.595767986636846
ASP48B	-1.40922321068609	-1.31666265607606	-1.50277299025846	-1.11066358152697	-0.777627983674238	-0.614279360566706	-1.52171814585704	-1.23581858145693	-1.29057547789313	-0.899812026451493	-0.738136994283277	-0.536696631500397	-1.02447485933658	-0.865888126461047	-0.846653463264141	-0.595767986636846
ILE24A	-0.0388751230534092	-0.843067159885438	0.158615967005568	-0.794292743152623	-0.289933976736516	-0.516790171354887	-0.0521136351320904	-0.668227636878992	-0.388736115863184	-0.737361967898791	-0.412019802449132	-0.536696631500397	-0.367879608579952	-0.865888126461047	-0.637218132877749	-0.951714114246148
ILE79A	0.87469026870171	0.577719328686436	1.56440662315206	0.787561448719126	0.30801000517383	-0.244531049470303	0.437754535109558	-0.100636692301053	0.913920740402294	0.237338383417423	0.111604984439495	-0.141156955467653	-0.367879608579952	-0.102824215017249	-0.218347472104963	0.47207039619106
THR34A	-1.40922321068609	-0.843067159885438	-1.50277299025846	-0.794292743152623	-0.607713316363489	-0.34583461480695	-1.03184997561539	-0.668227636878992	-1.09016673077536	-0.737361967898791	-0.738136994283277	-0.536696631500397	-1.02447485933658	-0.865888126461047	-0.846653463264141	-0.595767986636846
LYS103A	-0.495657818930969	-1.31666265607606	0.286415117564339	-1.11066358152697	0.553154067171781	-0.614279360566706	-0.541981805373739	-1.23581858145693	-0.388736115863184	-1.0622620850042	0.518103174260929	-0.536696631500397	-0.367879608579952	-0.865888126461047	-0.427782802491356	-0.951714114246148
TRP53B	-0.952440514808528	-0.369471663694814	-1.11937553858215	-0.636107323965448	-0.609010374892579	-0.481081585953087	-1.03184997561539	-0.668227636878992	-0.889757983657598	-0.574911909346088	-0.43957900175906	-0.319616238380615	-0.367879608579952	-0.102824215017249	-0.218347472104963	-0.239821859027544
LYS16A	-0.495657818930969	-0.843067159885438	-0.608178936347063	-0.794292743152623	-0.619386843125296	-0.614279360566706	-0.541981805373739	-1.23581858145693	-0.58914486298095	-1.0622620850042	-0.738136994283277	-0.536696631500397	-1.02447485933658	-0.865888126461047	-0.846653463264141	-0.595767986636846
VAL2A	0.41790757282415	1.05131482487706	0.030816816446796	0.787561448719126	-0.436501590523651	-0.218784429790882	0.437754535109558	1.03454519685482	0.212490125490113	0.887138617628233	-0.347715004059301	-0.184358454975212	0.288715642176671	0.660239696426549	-0.218347472104963	0.116124268581758
PRO32A	-1.40922321068609	-0.843067159885438	-1.50277299025846	-0.952478162339798	-0.777627983674238	-0.614279360566706	-1.52171814585704	-1.23581858145693	-1.29057547789313	-0.899812026451493	-0.437282401816566	-0.0991961469051442	-0.367879608579952	-0.102824215017249	-0.846653463264141	-0.951714114246148
GLN52B	-1.40922321068609	-1.31666265607606	-1.37497383969969	-1.11066358152697	-0.777627983674238	-0.614279360566706	-1.52171814585704	-1.23581858145693	-1.29057547789313	-0.899812026451493	-0.738136994283277	-0.536696631500397	-1.02447485933658	-0.865888126461047	-0.846653463264141	-0.595767986636846
MET1A	-0.952440514808528	-0.369471663694814	-0.608178936347063	-0.319736485591098	-0.607713316363489	-0.436754427100895	-0.541981805373739	-0.100636692301053	-0.288531742304301	-0.0875617336879815	-0.738136994283277	-0.536696631500397	-1.02447485933658	-0.865888126461047	-0.846653463264141	-0.595767986636846
GLU106A	-1.40922321068609	-1.31666265607606	-1.37497383969969	-1.11066358152697	-0.777627983674238	-0.614279360566706	-1.52171814585704	-1.23581858145693	-1.29057547789313	-0.899812026451493	-0.738136994283277	-0.536696631500397	-1.02447485933658	-0.865888126461047	-0.846653463264141	-0.595767986636846
ASP49B	-1.40922321068609	-0.843067159885438	-1.63057214081724	-0.952478162339798	-0.607713316363489	-0.34583461480695	-1.03184997561539	-0.668227636878992	-1.19037110433425	-0.899812026451493	-0.738136994283277	-0.536696631500397	-1.02447485933658	-0.865888126461047	-0.846653463264141	-0.595767986636846
ARG81A	-1.40922321068609	-1.31666265607606	-1.63057214081724	-1.11066358152697	-0.607713316363489	-0.614279360566706	-1.03184997561539	-1.23581858145693	-1.19037110433425	-1.0622620850042	-0.437282401816566	-0.536696631500397	-0.367879608579952	-0.865888126461047	-0.846653463264141	-0.951714114246148
GLU98A	-0.952440514808528	-0.843067159885438	-0.991576388023378	-1.11066358152697	-0.270478098800171	-0.34583461480695	-0.541981805373739	-0.668227636878992	-0.689349236539833	-1.0622620850042	-0.437282401816566	-0.0991961469051442	-0.367879608579952	-0.102824215017249	-0.846653463264141	-0.951714114246148
ASN85A	-1.40922321068609	-1.31666265607606	-0.991576388023378	-1.11066358152697	-0.777627983674238	-0.614279360566706	-1.52171814585704	-1.23581858145693	-1.29057547789313	-0.899812026451493	-0.437282401816566	-0.536696631500397	-0.367879608579952	-0.865888126461047	-0.637218132877749	-0.951714114246148
PHE54B	-1.40922321068609	-1.31666265607606	-1.37497383969969	-1.11066358152697	-0.777627983674238	-0.614279360566706	-1.52171814585704	-1.23581858145693	-1.29057547789313	-0.899812026451493	-0.738136994283277	-0.536696631500397	-1.02447485933658	-0.865888126461047	-0.846653463264141	-0.595767986636846
GLU51B	-1.40922321068609	-1.31666265607606	-1.37497383969969	-1.11066358152697	-0.777627983674238	-0.614279360566706	-1.52171814585704	-1.23581858145693	-1.29057547789313	-0.899812026451493	-0.738136994283277	-0.536696631500397	-1.02447485933658	-0.865888126461047	-0.846653463264141	-0.595767986636846
ASN20A	-1.86600590656365	-1.31666265607606	-1.75837129137601	-1.11066358152697	-0.777627983674238	-0.614279360566706	-1.52171814585704	-1.23581858145693	-1.29057547789313	-0.899812026451493	-0.738136994283277	-0.536696631500397	-1.02447485933658	-0.865888126461047	-0.846653463264141	-0.595767986636846
GLU69A	-1.86600590656365	-1.31666265607606	-1.75837129137601	-1.11066358152697	-0.777627983674238	-0.614279360566706	-1.52171814585704	-1.23581858145693	-1.29057547789313	-0.899812026451493	-0.738136994283277	-0.536696631500397	-1.02447485933658	-0.865888126461047	-0.846653463264141	-0.595767986636846
LYS88A	-1.86600590656365	-1.31666265607606	-1.75837129137601	-1.11066358152697	-0.777627983674238	-0.614279360566706	-1.52171814585704	-1.23581858145693	-1.29057547789313	-0.899812026451493	-0.738136994283277	-0.536696631500397	-1.02447485933658	-0.865888126461047	-0.846653463264141	-0.595767986636846
ASN119A	-1.86600590656365	-1.31666265607606	-1.75837129137601	-1.11066358152697	-0.777627983674238	-0.614279360566706	-1.52171814585704	-1.23581858145693	-1.29057547789313	-0.899812026451493	-0.738136994283277	-0.536696631500397	-1.02447485933658	-0.865888126461047	-0.846653463264141	-0.595767986636846
