Degree	Degree_sidechain	SecondOrderDegree	SecondOrderDegree_sidechain	NodeEdgeBetweennessSTRIDE	NodeEdgeBetweennessSTRIDE_sidechain	IntermodularDegreeSTRIDE	IntermodularDegreeSTRIDE_sidechain	SecondOrderIntermodularDegreeSTRIDE	SecondOrderIntermodularDegreeSTRIDE_sidechain	NodeEdgeBetweennessWALKTRAP	NodeEdgeBetweennessWALKTRAP_sidechain	IntermodularDegreeWALKTRAP	IntermodularDegreeWALKTRAP_sidechain	SecondOrderIntermodularDegreeWALKTRAP	SecondOrderIntermodularDegreeWALKTRAP_sidechain
GLU271B	5	3	13	2	1242	536.474924005558	4	3	8	2	662	536.474924005558	3	3	3	1
LEU252B	6	5	15	8	781	700.459070635945	5	4	12	4	201	120.459070635945	3	3	3	2
MET169B	5	2	11	2	620	1	3	1	11	0	620	1	3	1	8	0
SER166B	3	2	6	2	1	1	1	1	1	1	1	1	1	1	1	1
CYS176B	7	6	20	11	2413	972.698472917997	5	4	22	11	603	128.903672977422	2	2	5	4
HIS179B	7	5	19	10	2468	286.487691025706	7	5	26	11	1119	1	3	2	9	4
CYS229B	6	4	16	9	2416	860.737747207224	6	4	17	9	562	1	2	1	2	0
THR230B	6	6	14	11	174	151.184864817407	5	5	10	6	163	47.6087904299049	2	2	1	1
ARG280B	5	1	13	1	231	1	2	1	2	0	1	1	1	1	1	1
CYS277B	7	3	15	2	630	231	3	2	8	0	1	1	1	1	1	1
GLU285B	6	4	19	6	756	107.555118706187	5	4	16	6	1	1	1	1	1	1
LEU130B	7	6	14	9	1026	589.766511334669	6	6	17	11	1	1	1	1	1	1
GLY244B	4	4	9	8	377	145.283346607297	3	3	6	6	1	1	1	1	1	1
PRO177B	5	5	10	8	289	181.97345787406	3	3	3	2	1	1	1	1	1	1
CYS238B	10	6	32	13	4692	1241.72210112747	9	5	46	15	2391	1241.72210112747	6	5	14	7
CYS242B	7	5	20	8	189	113.091734928831	5	4	22	11	114	78.3742258951124	3	3	8	4
PRO219B	3	3	7	7	189	189	2	2	1	0	564	503.675815260722	3	3	4	3
VAL218B	8	8	20	16	1788	779.581207882803	6	6	22	16	1390	433.803520842639	4	4	9	7
THR284B	4	4	8	4	1	1	1	1	1	1	1	1	1	1	1	1
ASN200B	5	2	15	7	510	176.460863301879	4	2	14	5	1	1	1	1	1	1
GLY199B	3	3	6	4	168	168	2	2	3	1	1	1	1	1	1	1
THR253B	7	7	29	15	1917	976.003432852582	5	5	22	11	115	58	3	3	8	5
TYR236B	9	4	33	10	2820	469.499503485496	9	4	40	8	114	1	2	1	5	0
PRO152B	5	4	13	9	583	154.498635797893	4	4	15	10	131	93.8785305246188	3	3	3	1
PRO153B	3	2	6	4	1	1	1	1	1	1	1	1	1	1	1	1
CYS124B	7	5	25	16	276	206.905187852263	6	4	18	11	1	1	3	1	6	0
LEU133B	6	6	22	17	334	306.857858692021	6	6	26	15	118	118	2	2	3	0
LEU257B	8	6	26	16	2793	1550.63699806023	7	6	29	14	1335	1079	3	2	8	2
THR256B	6	6	19	17	968	412.953230719371	3	3	6	6	1582	1026.95323071937	4	4	13	9
LEU194B	7	7	27	23	368	294.953148418781	7	7	35	25	28	15.9531484187808	2	2	5	3
MET237B	7	4	24	10	736	179.619836285247	6	4	25	12	411	123.281547949503	3	3	8	6
THR123B	4	4	16	11	321	207.575644236442	3	3	11	6	321	207.575644236442	3	3	6	2
VAL122B	8	7	18	17	354	252.685390291814	5	5	14	10	354	252.685390291814	5	5	11	7
GLY112B	5	5	15	12	2387	1922.03675643716	3	3	7	5	2134	2134	2	2	2	1
LEU111B	8	7	25	14	3275	3124.53185304232	6	6	20	12	3273	3123.53185304232	6	6	18	10
PRO128B	5	5	14	9	1353	1353	4	4	15	8	1	1	1	1	1	1
SER127B	5	3	13	6	1152	396.12072264431	5	3	16	6	1	1	1	1	1	1
LEU264B	6	6	16	14	219	112.5	3	3	5	2	274	123.286079233326	3	3	7	5
LEU265B	8	5	24	16	257	241	6	4	25	10	164	125.213920766674	5	3	10	3
ARG282B	9	7	24	13	3390	2201.17592410414	7	6	28	14	949	329.930179818078	2	2	6	6
GLU286B	4	3	13	7	12	6.61276602102099	3	2	9	2	1	1	1	1	1	1
MET246B	9	5	25	12	1968	1036.04685158122	8	5	34	12	1016	1001.04685158122	6	4	13	5
TYR239B	6	1	23	1	188	1	4	1	20	0	45	1	4	1	8	0
GLU198B	5	3	15	6	310	145.768043989048	4	3	14	5	310	145.768043989048	3	3	3	3
VAL197B	10	8	30	23	3060	1677.27598934148	9	7	34	18	2648	1592	5	4	14	7
ARG213B	9	7	18	12	2186	502.511468341262	9	7	22	8	1	1	4	4	9	5
PRO98B	6	6	15	9	1911	1598.48853165874	4	4	15	8	708	467.474636725395	2	2	5	4
CYS135B	6	5	27	17	2008	372.181214539045	6	5	33	17	965	1	3	2	6	2
CYS141B	8	7	26	14	777	423.981752778561	5	5	23	15	1	1	1	1	1	1
HIS193B	7	7	17	12	885	754.952834652265	6	6	19	11	654	523.952834652265	4	4	7	5
HIS214B	5	5	12	9	636	307.999995013887	5	5	12	9	632	304.62642844127	4	4	7	4
GLY245B	7	7	19	15	1581	1193.74319551864	5	5	16	13	1	1	1	1	1	1
SER149B	4	2	10	2	192	9	4	2	12	1	1	1	1	1	1	1
VAL147B	7	5	19	8	1110	1110	6	4	23	4	911	911	2	2	2	0
GLY105B	7	7	17	13	759	759	6	6	18	9	340	340	3	3	5	2
SER106B	2	1	6	1	190	1	2	1	5	0	1	1	1	1	1	1
ARG156B	8	4	26	10	105	41.454616295783	6	3	25	5	105	41.454616295783	3	3	4	4
ILE251B	7	5	26	19	1091	372.5	6	5	26	17	1	1	2	2	5	3
ARG267B	5	4	12	7	339	295.602576573001	3	3	3	1	1	1	1	1	1	1
GLY266B	8	8	21	17	1525	1219.54676928063	5	5	16	8	1034	728.546769280629	5	5	13	8
TYR126B	7	2	20	3	5014	127	6	2	20	2	2489	1	4	1	9	0
VAL97B	6	5	12	9	809	740.242187957687	4	3	12	1	1516	980.767551232293	6	5	9	2
THR140B	6	4	16	8	274	173.606474146184	4	3	7	3	118	54.1195880716044	2	2	2	2
LYS101B	3	1	7	1	136	1	2	1	2	0	1	1	1	1	1	1
GLY279B	8	8	24	22	269	255.284942766862	3	3	9	7	24	10.2849427668619	2	2	4	4
THR118B	6	4	16	8	1510	554.870050124257	6	4	12	8	393	7.35816380635511	3	2	4	3
ARG175B	7	6	21	13	3804	2925.44342429093	7	6	29	15	2437	1558.44342429093	5	4	11	5
ALA189B	7	6	16	11	1827	1178.7565678457	5	4	17	9	623	39.8020190281686	3	2	4	2
LEU188B	5	2	11	2	190	1.48389655071091	3	2	3	1	190	1.48389655071091	3	2	3	1
SER240B	4	3	18	11	190	155	4	3	19	9	155	155	3	3	7	3
LEU206B	5	3	15	7	189	38.3788265730298	4	2	13	4	189	38.3788265730298	4	2	11	3
SER215B	6	3	19	7	1530	406.05048900606	5	3	15	5	1299	406.05048900606	5	3	15	4
HIS178B	5	2	11	3	80	1.29166823079747	3	2	8	2	1	1	1	1	1	1
PHE113B	5	3	15	4	4119	4076	4	3	15	3	4505	2372	3	2	4	0
ASN210B	3	1	8	1	1	1	1	1	1	1	1	1	1	1	1	1
ASP208B	4	4	7	5	1	1	1	1	1	1	1	1	1	1	1	1
ASN263B	4	3	7	4	488	53.2659901303492	4	3	5	1	488	53.2659901303492	4	3	5	1
ASP259B	6	5	12	4	252	119.734009869651	3	2	8	2	252	119.734009869651	3	2	7	2
ASP184B	4	4	13	10	880	176.693811310115	4	4	15	11	880	176.693811310115	3	3	8	6
SER185B	6	4	12	8	375	249	4	2	13	3	375	249	3	2	6	1
GLY117B	4	4	11	8	318	178.705022651242	3	3	11	8	448	308.705022651242	4	4	10	7
GLN144B	7	5	17	8	3478	693.779909709343	4	4	9	7	124	62.5	3	2	4	1
ASP148B	4	3	11	8	190	45.3803298506288	4	3	17	9	1	1	1	1	1	1
VAL217B	7	7	23	19	1854	1014.17110502181	5	5	17	10	1665	825.171105021808	4	4	10	8
GLN104B	4	3	13	8	177	57.8697746831368	3	3	12	9	1	1	1	1	1	1
PRO151B	5	3	12	2	566	120.275692158885	5	3	15	2	375	1	3	1	3	0
ASP268B	4	4	13	10	190	126.468146957677	3	3	11	9	190	126.468146957677	3	3	7	6
PHE109B	7	3	32	10	2685	285	6	2	26	2	1392	299.5	5	3	18	8
CYS182B	5	4	8	6	190	189.708331769203	3	3	8	5	1	1	1	1	1	1
THR125B	9	8	30	24	2094	1418.03630066565	7	6	29	19	2094	1418.03630066565	7	7	14	9
GLY154B	5	5	15	12	554	554	4	4	14	9	185	185	2	2	1	0
THR155B	9	8	26	18	2860	1942.74289666649	9	8	32	18	361	361	2	2	2	0
GLN192B	6	3	12	6	272	1	4	1	7	0	272	1	3	1	4	0
PRO191B	4	3	15	6	1368	1	2	1	6	0	1	1	1	1	1	1
GLU258B	6	3	21	8	3461	678.449169384275	5	3	19	6	662	101.612006657633	2	2	2	2
LYS164B	3	2	8	2	190	126.525075994442	3	2	7	2	190	126.525075994442	3	2	4	2
GLN165B	4	3	6	4	4	2.04180361913967	2	2	3	3	1	1	1	1	1	1
HIS168B	4	3	9	7	1160	613.772809889529	2	2	6	5	1160	613.772809889529	2	2	4	3
ARG283B	4	3	12	3	210	120.242369396038	2	2	5	3	1	1	1	1	1	1
PRO190B	7	5	20	11	1398	1398	2	2	6	2	1	1	1	1	1	1
ARG249B	7	6	18	11	4726	3039.91862880113	7	6	19	12	3109	1772.91862880113	5	4	7	4
GLN167B	4	3	6	3	1	1	1	1	1	1	1	1	1	1	1	1
ALA276B	5	3	15	7	72	1	3	1	13	0	1	1	1	1	1	1
TYR163B	4	3	16	9	2454	108.963086450786	4	3	18	9	2454	108.963086450786	4	3	13	6
PRO142B	7	5	22	12	725	68.6668254818777	4	3	9	5	1	1	1	1	1	1
PRO278B	9	7	27	19	2276	1646	8	6	30	11	1493	965	3	2	8	1
ARG248B	3	2	5	3	564	189	3	2	4	0	376	1	2	1	2	0
PRO250B	4	4	8	7	936	934.95819638086	4	4	9	7	933	933	3	3	5	3
VAL216B	9	9	25	19	2209	2055.72401065852	7	7	30	20	1852	1850.5	5	5	16	12
THR170B	5	4	11	6	190	69.7578120423127	3	2	11	2	190	69.7578120423127	3	2	8	4
LEU137B	7	6	26	12	475	306	6	5	32	10	1	1	1	1	1	1
VAL274B	11	10	33	24	4960	4464.32686799777	9	8	42	22	761	562.252881859661	5	4	10	3
LYS132B	4	2	12	3	814	238.444881293813	3	2	7	3	473	1	2	1	2	0
TRP146B	7	3	20	3	1105	442.945586646276	5	3	16	3	1515	1	3	1	3	0
ARG158B	8	6	21	10	5127	3347.10780037668	5	5	15	9	2504	1268.94496310332	5	4	15	6
ASP228B	4	1	9	1	190	1	4	1	10	0	1	1	2	1	2	0
ALA159B	6	6	23	15	158	83.5773129117758	4	4	15	10	190	115.577312911776	6	6	24	13
TYR234B	6	3	25	8	1133	97.3251768237672	5	3	20	5	1522	97.3251768237672	6	3	21	8
GLY262B	5	5	9	6	978	877.387993342367	3	3	7	4	978	877.387993342367	3	3	4	3
SER96B	5	2	14	5	190	1	3	2	11	2	1	1	2	1	5	0
THR211B	7	6	13	9	897	813	4	3	13	7	1	1	1	1	1	1
GLN100B	4	2	12	4	248	81.5409293640553	3	2	7	3	201	81.5409293640553	2	2	2	2
ASP186B	5	4	9	6	563	524.197980971831	3	3	6	4	563	524.197980971831	3	3	4	2
VAL173B	8	8	20	19	3463	3001.7698464891	6	6	23	18	2778	2154.56093049606	5	5	9	5
ILE195B	6	5	26	14	1398	525.036075553112	6	5	26	13	1398	525.036075553112	6	5	14	6
MET160B	6	2	19	3	549	496	4	2	12	2	1019	496	5	2	17	2
GLU171B	3	2	9	5	190	59.3454748585554	2	2	6	5	190	59.3454748585554	2	2	4	3
PHE134B	7	5	27	11	218	113	6	4	28	13	46	1	2	1	6	0
SER99B	5	4	11	4	314	44.3974234269989	3	2	5	2	1	1	1	1	1	1
ALA203B	7	7	19	18	189	70.937264918679	5	5	23	18	1	1	1	1	1	1
GLU221B	4	1	8	1	77	1	2	1	4	0	16	1	2	1	1	0
ARG196B	8	6	26	14	1222	743.626667631928	7	6	27	15	1017	678.581216449456	5	4	10	5
ARG273B	7	3	25	6	383	254.426742377275	5	3	13	6	512	1	4	1	7	0
PHE270B	8	3	23	7	4281	447.493530361005	7	3	28	7	1626	1	3	1	7	0
GLU180B	2	2	5	3	190	190	2	2	3	0	190	190	2	2	2	0
ARG174B	4	3	14	6	161	41.5251371397771	3	3	7	4	218	41.5251371397771	3	2	7	3
PRO222B	4	2	8	1	1	1	2	1	4	0	1	1	1	1	1	1
PRO223B	5	5	9	8	673	598.815135182593	4	4	12	7	1	1	1	1	1	1
GLU204B	5	2	18	3	190	1	5	2	19	2	1	1	2	2	2	2
ILE254B	6	4	22	5	1592	1221.41642078667	4	4	8	3	2823	1064.41642078667	4	2	12	1
ARG110B	7	5	16	11	1394	1030.46250985245	7	5	22	12	605	605	3	2	4	0
GLY108B	8	7	19	10	1401	833.287385613787	7	6	26	12	1	1	1	1	1	1
SER227B	4	3	6	4	938	562	4	3	9	3	562	562	3	3	2	0
CYS275B	7	6	20	15	448	253.597338751644	5	5	21	16	102	45.7471181403393	2	2	4	3
ARG209B	2	1	3	1	1	1	1	1	1	1	1	1	1	1	1	1
VAL172B	5	5	14	14	786	640	4	4	12	9	921	624.439069503938	2	2	4	4
TYR205B	7	3	29	13	4508	1057	7	3	30	11	2300	1057	3	2	8	3
LEU114B	3	3	10	7	318	188.833174518122	3	3	6	5	124	62.5	2	2	2	1
GLN136B	7	4	22	5	1012	243.424355763558	7	4	27	2	861	243.424355763558	5	3	9	2
ASN288B	2	2	3	3	1	1	1	1	1	1	1	1	1	1	1	1
ILE232B	5	4	19	13	1994	385.496326144654	4	3	16	8	1994	385.496326144654	4	3	9	5
THR231B	6	6	18	16	531	531	3	3	7	5	163	116.391209570095	2	2	1	1
PHE212B	3	1	7	1	190	1	2	1	3	0	1	1	1	1	1	1
TYR107B	5	2	14	3	125	38.1214694753812	4	2	11	3	117	38.1214694753812	2	2	2	2
HIS233B	3	3	8	7	157	37.51311392542	2	2	3	2	1	1	1	1	1	1
ALA161B	8	8	26	20	1489	662.694077957784	6	6	25	22	989	684.963924446888	4	4	12	6
ILE255B	9	5	32	14	4013	537.597510264457	6	3	21	5	6015	1925.59751026446	8	4	29	8
SER269B	3	1	5	1	190	1	2	1	3	0	190	1	2	1	2	0
LYS139B	5	1	15	1	317	1	4	1	11	0	130	1	2	1	4	0
ASN235B	5	5	13	7	367	286.112367939348	4	4	9	4	582	501.112367939348	3	3	7	4
ALA138B	4	4	13	7	155	98.6617116642556	3	3	8	3	1	1	1	1	1	1
ASP281B	4	3	15	6	190	47.7230370114204	3	3	8	6	1	1	1	1	1	1
TYR103B	5	1	12	1	859	1	4	1	11	0	340	1	2	1	2	0
VAL143B	7	6	22	15	205	195.5	5	4	14	9	162	152.5	4	4	12	8
SER116B	3	1	8	1	60	1	2	1	4	0	190	1	3	1	7	0
LEU145B	5	5	16	14	703	450.503673855346	4	4	12	10	672	435.003673855346	3	3	7	5
ARG202B	3	1	6	1	189	1	2	1	1	0	189	1	2	1	2	0
SER261B	5	1	8	1	1	1	2	1	3	0	1	1	2	1	3	0
SER121B	2	2	7	7	1	1	1	1	1	1	1	1	1	1	1	1
VAL272B	8	7	30	17	688	336.003533300917	4	3	17	7	418	418	2	2	3	0
ALA119B	4	3	10	4	377	377	2	2	5	3	377	377	2	2	2	1
VAL157B	7	6	26	19	2128	1903.02066389664	5	4	17	10	2128	1903.02066389664	5	4	15	8
ALA129B	4	4	9	9	97	49	2	2	2	2	1	1	1	1	1	1
ASN247B	2	1	6	1	1	1	1	1	1	1	1	1	1	1	1	1
GLY187B	4	3	8	3	2	1.51610344928909	2	2	2	1	2	1.51610344928909	2	2	2	1
THR102B	2	2	4	1	1	1	1	1	1	1	1	1	1	1	1	1
SER241B	4	3	11	5	189	1	2	1	2	0	1	1	2	2	3	0
LYS120B	2	1	3	1	1	1	1	1	1	1	1	1	1	1	1	1
ASP207B	4	3	10	9	189	29.5220331940703	3	3	9	9	185	28.8955997666879	2	2	3	3
ILE162B	6	2	22	3	3012	371.583579213327	5	2	19	3	1985	371.583579213327	4	2	10	1
THR150B	2	2	4	2	190	72.7243078411154	2	2	4	2	1	1	1	1	1	1
GLY226B	3	3	3	3	377	377	2	2	3	2	1	1	1	1	1	1
SER260B	4	2	9	1	185	1	2	1	3	0	185	1	2	1	1	0
VAL225B	2	2	2	2	1	1	1	1	1	1	1	1	1	1	1	1
LEU289B	3	3	8	7	190	95.5	3	3	6	6	1	1	1	1	1	1
ASN131B	4	3	11	3	566	440	4	3	12	2	440	440	3	3	3	0
CYS220B	4	3	14	5	189	1	3	2	14	5	16	16	2	2	1	0
SER94B	2	1	3	1	190	1	2	1	3	0	1	1	1	1	1	1
SER95B	4	4	7	7	566	420	4	4	7	5	1	1	1	1	1	1
MET243B	3	1	6	1	1	1	2	1	2	0	1	1	1	1	1	1
HIS115B	1	1	1	1	1	1	1	1	1	1	1	1	1	1	1	1
ARG181B	1	1	1	1	1	1	1	1	1	1	1	1	1	1	1	1
SER183B	1	1	1	1	1	1	1	1	1	1	1	1	1	1	1	1
LEU201B	1	1	1	1	1	1	1	1	1	1	1	1	1	1	1	1
GLU224B	1	1	1	1	1	1	1	1	1	1	1	1	1	1	1	1
GLU287B	1	1	1	1	1	1	1	1	1	1	1	1	1	1	1	1
ARG290B	1	1	1	1	1	1	1	1	1	1	1	1	1	1	1	1
LYS291B	1	1	1	1	1	1	1	1	1	1	1	1	1	1	1	1
