Degree	Degree_sidechain	SecondOrderDegree	SecondOrderDegree_sidechain	NodeEdgeBetweennessSTRIDE	NodeEdgeBetweennessSTRIDE_sidechain	IntermodularDegreeSTRIDE	IntermodularDegreeSTRIDE_sidechain	SecondOrderIntermodularDegreeSTRIDE	SecondOrderIntermodularDegreeSTRIDE_sidechain	NodeEdgeBetweennessWALKTRAP	NodeEdgeBetweennessWALKTRAP_sidechain	IntermodularDegreeWALKTRAP	IntermodularDegreeWALKTRAP_sidechain	SecondOrderIntermodularDegreeWALKTRAP	SecondOrderIntermodularDegreeWALKTRAP_sidechain
HIS178A	-0.099340316105225	-0.869764248862014	-0.364302363524792	-0.973167544227778	-0.659835392362692	-0.650816343554189	-0.966394457411533	-1.19856513671312	-0.676278913540534	-1.08037622432474	-0.440774628451046	-0.567738559483389	-0.243561847412676	-0.83246903305699	-0.0165093694122413	-0.966917998508553
HIS179A	1.33861075951791	-0.869764248862014	0.538766431194463	-0.269716847463879	0.37674129893471	-0.650816343554189	1.56089728080562	-0.603904284822033	1.72148633981924	-0.0730689233842817	0.161829932705677	-0.567738559483389	1.92601214723255	0.0503140624375103	2.63874754438989	-0.0123646802878332
ARG273A	0.859293734310197	0.100550780215262	1.31282539809668	-0.269716847463879	-0.356038685143992	-0.271179188443165	0.549980585518758	0.585417418960134	0.0534757287863522	0.531315457179991	0.0900043385476034	-0.435350418904741	1.20282081568414	0.0503140624375103	1.31111908748882	-0.0123646802878332
ASP281A	-0.578657341312936	-0.384606734323376	-0.106282707890719	-0.0938541732729037	-0.656645925620238	-0.592555491970812	-0.460936109768102	-0.00924343293094952	-0.467777587161424	0.3298539969919	-0.663555708636259	-0.567738559483389	-0.966753178961085	-0.83246903305699	-0.813086443552881	-0.489641339398193
ALA203A	0.379976709102486	1.07086580929254	0.6677762590115	1.31304722025489	-0.661430125733919	-0.519413748518024	0.549980585518758	1.18007827085122	0.887481034302794	1.74008421830854	-0.522339286223774	-0.48854837959772	-0.243561847412676	0.0503140624375103	0.249016321967972	1.41946529704325
TYR205A	1.81792778472562	-0.384606734323376	1.69985488154779	0.609596523490996	3.16592996521033	0.80729524414355	2.06635562844905	-0.00924343293094952	1.61723567662968	0.531315457179991	1.77851449273826	-0.567738559483389	0.479629484135732	-0.83246903305699	-0.0165093694122413	-0.966917998508553
ARG175A	-0.099340316105225	0.5857082947539	0.151736947743354	0.433733849300021	2.39886321365026	3.0377517911132	0.549980585518758	1.18007827085122	0.783230371113239	0.3298539969919	1.39625624586309	0.550114881869414	0.479629484135732	0.93309715793201	1.04559339610861	0.942188637932886
PRO128A	-0.099340316105225	0.5857082947539	-0.493312191341828	-0.0938541732729037	-0.305007217264735	0.12811819003839	0.044522237875328	0.585417418960134	0.0534757287863522	0.531315457179991	-0.663555708636259	-0.567738559483389	-0.966753178961085	-0.83246903305699	-0.813086443552881	-0.489641339398193
TYR126A	0.379976709102486	-0.869764248862014	0.0227271199263174	-0.797304870036803	0.612761837876273	0.294637636454769	0.549980585518758	-0.603904284822033	0.157726391975907	-0.677453303948554	-0.54060003050125	-0.567738559483389	-0.243561847412676	-0.83246903305699	-0.547560752172668	-0.966917998508553
ASP207A	-0.099340316105225	0.100550780215262	-0.235292535707756	0.609596523490996	-0.619967058082023	-0.615895940537985	0.044522237875328	-0.00924343293094952	-0.259276260782313	0.732776917368082	-0.515034988512783	-0.535628303952038	0.479629484135732	0.93309715793201	-0.0165093694122413	0.464911978822526
PRO209A	-0.578657341312936	0.100550780215262	-1.00935150260997	-0.269716847463879	-0.785021962003993	-0.617326148077033	-0.966394457411533	-0.603904284822033	-0.9890309031092	-0.677453303948554	-0.663555708636259	-0.567738559483389	-0.966753178961085	-0.83246903305699	-0.813086443552881	-0.489641339398193
CYS176A	0.859293734310197	1.07086580929254	0.6677762590115	0.433733849300021	1.29211825401888	0.817324067104863	1.56089728080562	1.7747391227423	1.30448368706101	0.934238377556173	2.03538229557476	1.7710451202224	1.92601214723255	2.69866334892101	2.37322185300968	2.37401861526397
CYS242A	0.859293734310197	0.5857082947539	0.409756603377427	0.257871175109046	-0.608803924483435	-0.447191155247554	0.549980585518758	0.585417418960134	1.20023302387146	0.934238377556173	-0.396948842185102	-0.261146727495222	0.479629484135732	0.93309715793201	1.57664477886904	1.41946529704325
ARG249A	0.859293734310197	1.07086580929254	0.538766431194463	0.609596523490996	2.89642002547301	3.74134110878969	1.56089728080562	1.7747391227423	0.783230371113239	1.33716129793235	2.7037255361304	3.03791734948076	1.92601214723255	1.81588025342651	0.514542013348185	0.942188637932886
GLU171A	-1.05797436652065	-0.869764248862014	-0.751331846975901	-0.445579521654853	-0.657443292305852	-0.578993370917224	-0.966394457411533	-0.603904284822033	-0.676278913540534	-0.0730689233842817	-0.437122479595551	-0.451581060004765	-0.243561847412676	0.0503140624375103	-0.0165093694122413	0.464911978822526
ASP148A	-0.099340316105225	-0.384606734323376	-0.106282707890719	0.0820085009180711	-0.657443292305852	-0.594202283731319	-0.460936109768102	-0.00924343293094952	-0.155025597592758	0.732776917368082	-0.663555708636259	-0.567738559483389	-0.966753178961085	-0.83246903305699	-0.813086443552881	-0.489641339398193
SER149A	-0.578657341312936	-0.869764248862014	-0.493312191341828	-0.797304870036803	-0.805753495829941	-0.650816343554189	-0.966394457411533	-1.19856513671312	-0.780529576730089	-1.08037622432474	-0.663555708636259	-0.567738559483389	-0.966753178961085	-0.83246903305699	-0.813086443552881	-0.489641339398193
TYR163A	-0.578657341312936	-0.384606734323376	0.151736947743354	0.257871175109046	1.56800712724111	-0.500910410689288	0.044522237875328	-0.00924343293094952	0.574729044734128	0.732776917368082	1.13695367712292	-0.325299438972307	0.479629484135732	0.93309715793201	1.04559339610861	1.41946529704325
VAL253A	1.33861075951791	2.04118083836981	1.82886470936483	1.48890989444587	1.13902385038111	1.24974385391392	0.549980585518758	1.18007827085122	0.574729044734128	0.531315457179991	-0.659903559780763	-0.561488999112643	-0.243561847412676	0.0503140624375103	-0.0165093694122413	-0.489641339398193
VAL272A	1.33861075951791	1.55602332383118	1.95787453718186	2.36822326540074	-0.674187992703733	-0.588393048271026	0.044522237875328	-0.00924343293094952	0.157726391975907	0.128392536803809	0.25313365409306	0.809247908871036	1.20282081568414	0.93309715793201	1.04559339610861	-0.0123646802878332
THR170A	-0.099340316105225	0.100550780215262	-0.493312191341828	-0.445579521654853	-0.657443292305852	-0.577297605107075	-0.460936109768102	-0.603904284822033	-0.155025597592758	-0.677453303948554	-0.663555708636259	-0.567738559483389	-0.966753178961085	-0.83246903305699	-0.813086443552881	-0.489641339398193
VAL97A	-0.099340316105225	0.100550780215262	-0.364302363524792	-0.0938541732729037	-0.505943622039308	-0.240015332023963	0.044522237875328	-0.00924343293094952	0.0534757287863522	-0.677453303948554	-0.00495153169527422	-0.160930867527814	-0.243561847412676	0.0503140624375103	-0.547560752172668	-0.0123646802878332
ARG267A	0.379976709102486	0.5857082947539	0.151736947743354	0.78545919768197	0.340062431396495	-0.0456361779046506	0.044522237875328	0.585417418960134	-0.572028250350979	-0.274530383572373	0.189829740597808	0.162418410498798	-0.243561847412676	0.0503140624375103	-0.0165093694122413	0.942188637932886
GLY266A	1.33861075951791	2.04118083836981	1.05480574246261	1.66477256863684	0.00676315681009904	0.661741702262062	0.549980585518758	1.18007827085122	0.470478381544573	0.531315457179991	0.0936564874030987	0.703385423414382	1.20282081568414	1.81588025342651	1.04559339610861	1.41946529704325
LYS120A	-0.578657341312936	-0.869764248862014	-0.364302363524792	-0.797304870036803	-0.643888058650424	-0.650816343554189	-0.966394457411533	-1.19856513671312	-0.676278913540534	-1.08037622432474	-0.663555708636259	-0.567738559483389	-0.966753178961085	-0.83246903305699	-0.813086443552881	-0.489641339398193
THR123A	0.859293734310197	0.5857082947539	0.409756603377427	0.0820085009180711	0.282652030032331	0.142456660134603	1.56089728080562	1.18007827085122	1.51298501344013	0.531315457179991	-0.0658206792868624	-0.309372810815794	1.20282081568414	0.0503140624375103	1.84217047024925	0.464911978822526
ARG213A	1.81792778472562	1.07086580929254	0.6677762590115	0.433733849300021	2.10224280660208	-0.279938159777967	2.57181397609248	1.7747391227423	0.991731697492349	0.531315457179991	3.77623991669419	0.0320734624496484	1.92601214723255	0.0503140624375103	1.31111908748882	-0.0123646802878332
THR211A	0.859293734310197	1.07086580929254	-0.106282707890719	0.0820085009180711	0.193346961243631	0.963153461556471	0.044522237875328	-0.00924343293094952	-0.0507749344032031	-0.0730689233842817	0.634174518016402	1.65293855892178	-0.243561847412676	0.0503140624375103	-0.0165093694122413	-0.489641339398193
GLN165A	-1.05797436652065	-0.384606734323376	-1.13836133042701	-0.621442195845828	-0.656645925620238	-0.535775030133517	-0.460936109768102	-0.00924343293094952	-0.780529576730089	-0.274530383572373	-0.663555708636259	-0.567738559483389	-0.966753178961085	-0.83246903305699	-0.813086443552881	-0.489641339398193
GLN167A	-0.578657341312936	-0.384606734323376	-1.39638098606108	-0.797304870036803	-0.794590362231354	-0.636405170611238	-0.966394457411533	-0.603904284822033	-1.09328156629876	-0.677453303948554	-0.663555708636259	-0.567738559483389	-0.966753178961085	-0.83246903305699	-0.813086443552881	-0.489641339398193
GLY154A	-0.099340316105225	0.5857082947539	-0.106282707890719	0.609596523490996	-0.317765084234549	0.137491334600419	0.044522237875328	0.585417418960134	0.0534757287863522	0.732776917368082	-0.663555708636259	-0.567738559483389	-0.966753178961085	-0.83246903305699	-0.813086443552881	-0.489641339398193
PRO153A	-1.05797436652065	-0.869764248862014	-1.13836133042701	-0.621442195845828	-0.805753495829941	-0.650816343554189	-1.47185280505496	-1.19856513671312	-1.19753222948831	-0.878914764136645	-0.663555708636259	-0.567738559483389	-0.966753178961085	-0.83246903305699	-0.813086443552881	-0.489641339398193
ILE162A	-0.099340316105225	-0.869764248862014	0.796786086828536	-0.797304870036803	1.87898013463033	-0.055304802924622	0.044522237875328	-0.603904284822033	0.366227718355018	-0.475991843760463	1.39869101176675	0.395367379055721	0.479629484135732	0.0503140624375103	0.780067704728398	-0.489641339398193
VAL173A	1.33861075951791	2.04118083836981	0.409756603377427	1.48890989444587	2.01532983787022	3.73734221413688	1.05543893316219	1.7747391227423	0.470478381544573	1.53862275812045	1.49608164791329	0.838680948375374	1.20282081568414	1.81588025342651	0.514542013348185	1.41946529704325
ALA138A	-0.578657341312936	0.100550780215262	-0.235292535707756	-0.0938541732729037	-0.557772456604178	-0.366560255110883	-0.460936109768102	-0.00924343293094952	-0.676278913540534	-0.677453303948554	-0.663555708636259	-0.567738559483389	-0.966753178961085	-0.83246903305699	-0.813086443552881	-0.489641339398193
LEU137A	1.33861075951791	1.55602332383118	1.31282539809668	0.609596523490996	-0.256367849442318	-0.204386300168106	1.56089728080562	1.7747391227423	2.45124098214612	0.934238377556173	-0.641642815503287	-0.545689163843161	0.479629484135732	0.93309715793201	0.514542013348185	-0.0123646802878332
GLU271A	0.379976709102486	0.100550780215262	0.0227271199263174	-0.445579521654853	0.839213976590474	-0.133122120591483	0.549980585518758	0.585417418960134	-0.155025597592758	0.128392536803809	1.8527748528	0.00676329962934038	1.20282081568414	0.0503140624375103	0.780067704728398	-0.489641339398193
PRO250A	-0.099340316105225	0.100550780215262	-0.364302363524792	0.0820085009180711	-0.0219420438719829	0.407345025079815	0.549980585518758	0.585417418960134	0.157726391975907	0.531315457179991	0.231220760960088	0.963403731349444	0.479629484135732	0.93309715793201	0.249016321967972	0.464911978822526
SER240A	-0.578657341312936	-0.384606734323376	0.409756603377427	0.609596523490996	-0.375972852284326	-0.213577081632075	0.044522237875328	-0.00924343293094952	0.678979707923683	0.934238377556173	-0.172950379048058	0.13939757640821	0.479629484135732	0.93309715793201	0.780067704728398	0.942188637932886
THR125A	0.859293734310197	1.55602332383118	1.18381557027965	2.54408593959172	0.209294294955899	0.643099779115576	0.549980585518758	1.18007827085122	0.574729044734128	1.53862275812045	-0.524774052127438	-0.330255265395031	-0.243561847412676	0.0503140624375103	-0.282035060792455	-0.489641339398193
CYS238A	2.29724480993333	1.07086580929254	1.95787453718186	0.78545919768197	4.10682265423413	1.67904520103253	2.57181397609248	1.18007827085122	3.49374761404167	1.53862275812045	4.0757161228448	3.20028831568539	3.37239481032937	2.69866334892101	3.96637600129096	3.32857193348468
MET246A	1.81792778472562	0.5857082947539	0.925795914645573	0.78545919768197	1.64295959568877	1.38435714971235	2.06635562844905	1.18007827085122	2.0342383293879	1.33716129793235	1.05417163639836	2.35080625625841	1.92601214723255	0.93309715793201	2.37322185300968	2.37401861526397
ASP208A	-0.578657341312936	0.100550780215262	-0.751331846975901	-0.269716847463879	-0.805753495829941	-0.650816343554189	-1.47185280505496	-1.19856513671312	-1.19753222948831	-0.878914764136645	-0.663555708636259	-0.567738559483389	-0.966753178961085	-0.83246903305699	-0.813086443552881	-0.489641339398193
LEU264A	0.859293734310197	1.07086580929254	0.6677762590115	1.31304722025489	-0.360822885257672	0.0679347747632477	0.044522237875328	-0.00924343293094952	-0.363526923971869	-0.475991843760463	0.888607554949241	1.34945484009456	1.92601214723255	2.69866334892101	1.31111908748882	2.85129527437432
LEU265A	0.859293734310197	0.5857082947539	1.18381557027965	1.48890989444587	0.42857013349958	1.31029221852161	0.549980585518758	0.585417418960134	0.574729044734128	0.732776917368082	-0.608773475803829	-0.567738559483389	0.479629484135732	-0.83246903305699	-0.0165093694122413	-0.966917998508553
MET133A	-0.578657341312936	0.100550780215262	0.151736947743354	0.433733849300021	-0.473251587929159	-0.300877347360832	0.044522237875328	0.585417418960134	0.157726391975907	0.3298539969919	-0.404253139896093	-0.124019773160405	0.479629484135732	0.93309715793201	-0.282035060792455	-0.489641339398193
VAL141A	1.33861075951791	2.04118083836981	1.18381557027965	1.31304722025489	0.0498209578332219	0.48585983407443	0.549980585518758	1.18007827085122	0.574729044734128	0.934238377556173	1.03956304097638	0.753897782812309	0.479629484135732	0.93309715793201	0.514542013348185	0.942188637932886
ASP259A	0.379976709102486	0.5857082947539	-0.493312191341828	-0.621442195845828	0.0737419584016235	-0.172937015783994	-0.460936109768102	-0.603904284822033	-0.676278913540534	-1.08037622432474	-0.663555708636259	-0.567738559483389	-0.966753178961085	-0.83246903305699	-0.813086443552881	-0.489641339398193
GLY187A	-1.05797436652065	-0.384606734323376	-1.52539081387812	-1.14903021841875	-0.656645925620238	-0.486734868231159	-0.966394457411533	-0.603904284822033	-1.19753222948831	-0.878914764136645	-0.210689250554842	0.207206926489147	-0.243561847412676	0.0503140624375103	-0.813086443552881	-0.966917998508553
LEU188A	-0.578657341312936	-1.35492176340065	-0.751331846975901	-1.14903021841875	-0.805753495829941	-0.650816343554189	-1.47185280505496	-1.19856513671312	-1.19753222948831	-0.878914764136645	-0.210689250554842	-0.567738559483389	-0.243561847412676	-0.83246903305699	-0.813086443552881	-0.966917998508553
ASN210A	-0.578657341312936	-1.35492176340065	-0.751331846975901	-1.14903021841875	-0.805753495829941	-0.650816343554189	-1.47185280505496	-1.19856513671312	-1.19753222948831	-0.878914764136645	-0.663555708636259	-0.567738559483389	-0.966753178961085	-0.83246903305699	-0.813086443552881	-0.489641339398193
ARG280A	-0.578657341312936	-1.35492176340065	-0.622322019158865	-1.14903021841875	-0.667809059218826	-0.650816343554189	-0.966394457411533	-1.19856513671312	-1.09328156629876	-1.08037622432474	-0.663555708636259	-0.567738559483389	-0.966753178961085	-0.83246903305699	-0.813086443552881	-0.489641339398193
CYS277A	-0.099340316105225	-0.869764248862014	-0.106282707890719	-1.14903021841875	-0.385541252511687	-0.427977735186955	-0.460936109768102	-0.603904284822033	-0.363526923971869	-1.08037622432474	-0.663555708636259	-0.567738559483389	-0.966753178961085	-0.83246903305699	-0.813086443552881	-0.489641339398193
ARG110A	0.379976709102486	0.5857082947539	0.151736947743354	0.78545919768197	0.234810028895527	0.62824855100192	1.05543893316219	1.18007827085122	0.678979707923683	1.13569983774426	0.127743210054388	0.7863328541783	-0.243561847412676	0.0503140624375103	-0.547560752172668	-0.966917998508553
GLY108A	1.33861075951791	1.55602332383118	0.6677762590115	0.609596523490996	0.186968027758724	0.328192443314921	1.56089728080562	1.7747391227423	1.0959823606819	0.934238377556173	-0.663555708636259	-0.567738559483389	-0.966753178961085	-0.83246903305699	-0.813086443552881	-0.489641339398193
PRO142A	0.859293734310197	0.5857082947539	0.796786086828536	0.78545919768197	-0.0921103122059608	-0.170360846901136	0.549980585518758	0.585417418960134	-0.155025597592758	-0.274530383572373	0.954346234348156	1.52731946265092	1.20282081568414	1.81588025342651	-0.0165093694122413	0.464911978822526
THR231A	0.379976709102486	0.5857082947539	0.6677762590115	0.78545919768197	0.391093899275751	0.628216486499395	-0.460936109768102	-0.00924343293094952	-0.363526923971869	0.3298539969919	0.69504366560799	1.75709789843422	0.479629484135732	0.93309715793201	0.780067704728398	1.41946529704325
GLN192A	-0.099340316105225	0.100550780215262	-0.622322019158865	-0.269716847463879	-0.508335722096148	-0.44798275941195	-0.460936109768102	-0.603904284822033	-0.780529576730089	-0.878914764136645	-0.437122479595551	-0.567738559483389	-0.243561847412676	-0.83246903305699	-0.547560752172668	-0.966917998508553
PRO190A	0.859293734310197	0.5857082947539	0.409756603377427	0.257871175109046	0.352820298366309	1.22077034984229	-0.966394457411533	-0.603904284822033	-0.572028250350979	-0.677453303948554	1.39382147995942	2.89674049835158	0.479629484135732	0.93309715793201	0.249016321967972	0.464911978822526
PRO151A	0.379976709102486	0.5857082947539	0.0227271199263174	0.433733849300021	0.502725235261625	0.783755723750202	1.05543893316219	1.18007827085122	0.574729044734128	0.732776917368082	1.05782378525386	1.45280310622316	1.20282081568414	0.93309715793201	0.514542013348185	0.464911978822526
TYR220A	0.859293734310197	-0.384606734323376	1.57084505373075	-0.0938541732729037	0.618343404675566	-0.650816343554189	1.05543893316219	-0.603904284822033	1.82573700300879	-0.475991843760463	0.40530652307203	-0.503159768985678	1.20282081568414	0.93309715793201	0.780067704728398	0.464911978822526
ARG282A	1.33861075951791	1.07086580929254	0.6677762590115	0.78545919768197	0.159857560447869	0.378041802751546	1.05543893316219	1.18007827085122	0.678979707923683	1.13569983774426	-0.663555708636259	-0.567738559483389	-0.966753178961085	-0.83246903305699	-0.813086443552881	-0.489641339398193
PHE134A	0.859293734310197	0.100550780215262	1.18381557027965	0.433733849300021	-0.743558894352097	-0.63535933025704	0.549980585518758	-0.00924343293094952	0.887481034302794	0.3298539969919	-0.591730114478185	-0.567738559483389	-0.243561847412676	-0.83246903305699	-0.0165093694122413	-0.966917998508553
ARG158A	1.33861075951791	0.5857082947539	1.31282539809668	0.257871175109046	2.16443740807992	1.59287135109364	1.05543893316219	1.18007827085122	0.470478381544573	0.531315457179991	1.08095406133866	1.54468155531733	1.20282081568414	0.0503140624375103	1.84217047024925	-0.0123646802878332
GLU258A	-0.099340316105225	-0.384606734323376	1.05480574246261	0.257871175109046	0.946858479148281	-0.111151447322887	0.044522237875328	-0.603904284822033	0.470478381544573	-0.274530383572373	2.53816145468128	1.56128315137326	0.479629484135732	0.93309715793201	0.780067704728398	1.41946529704325
LYS164A	-1.53729139172836	-0.869764248862014	-1.26737115824405	-0.797304870036803	-0.656645925620238	-0.475804140840244	-0.966394457411533	-0.603904284822033	-0.884780239919645	-0.475991843760463	-0.663555708636259	-0.567738559483389	-0.966753178961085	-0.83246903305699	-0.813086443552881	-0.489641339398193
LEU252A	0.859293734310197	1.07086580929254	0.6677762590115	0.257871175109046	1.29052352064765	2.68214284017767	0.549980585518758	1.18007827085122	0.157726391975907	0.128392536803809	1.34999569369348	2.79146594919429	1.20282081568414	1.81588025342651	1.04559339610861	0.464911978822526
SER269A	-0.578657341312936	-1.35492176340065	-0.751331846975901	-1.14903021841875	-0.47803578804284	-0.650816343554189	-0.460936109768102	-1.19856513671312	-0.572028250350979	-1.08037622432474	-0.493122095379812	-0.567738559483389	0.479629484135732	-0.83246903305699	-0.0165093694122413	-0.966917998508553
MET237A	0.859293734310197	-0.384606734323376	0.6677762590115	-0.621442195845828	0.341657164767721	-0.27869038239982	1.05543893316219	-0.00924343293094952	0.783230371113239	-0.274530383572373	-0.260601951579945	-0.567738559483389	0.479629484135732	-0.83246903305699	0.249016321967972	-0.966917998508553
PRO152A	-0.099340316105225	0.100550780215262	-0.235292535707756	0.433733849300021	-0.361620251943285	-0.136059924764196	0.044522237875328	0.585417418960134	0.261977055165463	1.33716129793235	-0.151037485915086	0.230972363853822	0.479629484135732	0.93309715793201	-0.0165093694122413	0.464911978822526
LEU194A	0.379976709102486	1.07086580929254	1.18381557027965	2.01649791701879	-0.559367189975405	-0.325575097901909	1.05543893316219	1.7747391227423	1.72148633981924	2.5459300590609	-0.405470522847925	-0.142768576875945	1.20282081568414	1.81588025342651	2.10769616162946	1.89674195615361
ALA159A	0.379976709102486	1.07086580929254	1.18381557027965	1.48890989444587	-0.42620695347797	-0.381184941749813	0.044522237875328	0.585417418960134	0.366227718355018	0.934238377556173	-0.625816837129474	-0.503159768985678	-0.243561847412676	0.0503140624375103	-0.0165093694122413	-0.0123646802878332
VAL216A	1.81792778472562	2.52633835290845	1.18381557027965	2.19236059120977	0.437341167041328	1.24717608089159	1.56089728080562	2.36939997463339	1.51298501344013	2.5459300590609	-0.663555708636259	-0.567738559483389	-0.966753178961085	-0.83246903305699	-0.813086443552881	-0.489641339398193
PRO278A	2.29724480993333	2.04118083836981	1.05480574246261	2.01649791701879	0.869513910643783	1.37405239837235	2.57181397609248	2.36939997463339	2.24273965576701	1.94154567849663	0.747391132536756	1.84667493041491	1.20282081568414	1.81588025342651	1.84217047024925	2.37401861526397
GLY117A	-0.578657341312936	0.100550780215262	-0.880341674792938	-0.797304870036803	-0.708474760185108	-0.554390861664822	-0.460936109768102	-0.00924343293094952	-0.780529576730089	-0.274530383572373	-0.663555708636259	-0.567738559483389	-0.243561847412676	0.0503140624375103	-0.282035060792455	-0.0123646802878332
TYR233A	-0.099340316105225	-0.384606734323376	0.28074677556039	-0.621442195845828	-0.595248690828008	-0.426626997124425	0.044522237875328	-0.00924343293094952	-0.155025597592758	-0.274530383572373	0.182525442886817	-0.205162729843812	1.20282081568414	0.93309715793201	-0.0165093694122413	-0.0123646802878332
THR256A	1.33861075951791	1.55602332383118	1.57084505373075	2.01649791701879	0.371159732135417	0.54701646100659	0.549980585518758	0.585417418960134	0.261977055165463	0.732776917368082	1.67990647363989	2.18616085651455	1.92601214723255	2.69866334892101	2.63874754438989	2.85129527437432
ALA119A	0.379976709102486	1.07086580929254	-0.106282707890719	0.0820085009180711	-0.663822225790759	-0.536176828267	0.044522237875328	0.585417418960134	-0.259276260782313	0.128392536803809	-0.446861543210205	-0.38233493515125	-0.243561847412676	0.0503140624375103	-0.282035060792455	0.464911978822526
ASN239A	-0.099340316105225	-0.869764248862014	0.796786086828536	-0.269716847463879	-0.560961923346632	-0.641264494674372	0.044522237875328	-0.603904284822033	0.887481034302794	-0.0730689233842817	-0.342166609352673	-0.552290592899139	0.479629484135732	0.0503140624375103	0.514542013348185	-0.0123646802878332
VAL274A	2.77656183514104	3.01149586744709	2.34490402063297	3.42339931054659	3.59650797544156	5.71032996712645	2.57181397609248	2.96406082652447	3.07674496128345	3.75469882018944	-0.0889509553716659	-0.00333225019225569	1.92601214723255	1.81588025342651	1.04559339610861	0.464911978822526
PRO98A	-0.099340316105225	0.5857082947539	-0.364302363524792	-0.0938541732729037	-0.234838948930757	-0.099426067267177	0.044522237875328	0.585417418960134	0.0534757287863522	0.3298539969919	0.866694661816269	1.04420752197068	0.479629484135732	0.93309715793201	0.249016321967972	-0.0123646802878332
LEU206A	0.379976709102486	0.100550780215262	0.796786086828536	0.609596523490996	-0.656645925620238	-0.604445303662742	0.044522237875328	-0.00924343293094952	0.157726391975907	0.531315457179991	-0.663555708636259	-0.567738559483389	-0.243561847412676	-0.83246903305699	-0.547560752172668	-0.966917998508553
GLN100A	-0.578657341312936	-0.869764248862014	-0.235292535707756	-0.445579521654853	-0.643090691964811	-0.597401530768953	-0.460936109768102	-0.603904284822033	-0.572028250350979	-0.274530383572373	-0.461470138632186	-0.481352117089627	-0.243561847412676	0.0503140624375103	-0.282035060792455	0.464911978822526
PRO219A	-1.05797436652065	-0.384606734323376	-0.880341674792938	0.0820085009180711	-0.357633418515218	-0.242775650016662	-0.966394457411533	-0.603904284822033	-1.09328156629876	-0.677453303948554	0.0206135102931928	0.0921754611519616	-0.243561847412676	0.0503140624375103	-0.547560752172668	-0.0123646802878332
VAL218A	1.33861075951791	2.04118083836981	1.18381557027965	2.01649791701879	1.01224254736858	0.990707365528184	1.05543893316219	1.7747391227423	1.30448368706101	2.74739151924899	3.26615645987668	3.1311016800197	2.64920347878096	3.58144644441551	1.57664477886904	3.32857193348468
ILE254A	1.33861075951791	0.100550780215262	1.57084505373075	-0.445579521654853	0.575285603652443	0.984634368371442	0.044522237875328	0.585417418960134	-0.572028250350979	-0.475991843760463	2.62459564426134	1.99807392465889	1.92601214723255	0.0503140624375103	1.84217047024925	-0.489641339398193
VAL135A	1.33861075951791	1.55602332383118	1.57084505373075	2.19236059120977	1.38222068949319	0.795032242659395	1.56089728080562	1.7747391227423	2.65974230852523	2.74739151924899	0.81191242898384	-0.228179112672843	1.92601214723255	1.81588025342651	1.57664477886904	-0.0123646802878332
ARG156A	0.379976709102486	-0.384606734323376	0.796786086828536	-0.269716847463879	0.241188962380435	-0.0273476053719798	0.549980585518758	-0.00924343293094952	0.574729044734128	-0.0730689233842817	0.617131156690757	0.440581856275416	0.479629484135732	0.93309715793201	-0.0165093694122413	0.942188637932886
VAL217A	0.859293734310197	1.55602332383118	1.44183522591372	2.19236059120977	1.3112550544736	1.73849958908911	0.549980585518758	1.18007827085122	0.678979707923683	1.53862275812045	1.66286311231424	1.44929846215175	1.20282081568414	1.81588025342651	2.10769616162946	4.2831252517054
ASN200A	-0.099340316105225	-0.869764248862014	-0.106282707890719	-0.0938541732729037	0.16703386061839	-0.228846759477544	0.044522237875328	-0.603904284822033	0.157726391975907	-0.0730689233842817	0.293307291503508	0.114702307871513	-0.243561847412676	0.0503140624375103	0.249016321967972	1.41946529704325
VAL197A	2.29724480993333	2.52633835290845	2.21589419281594	2.01649791701879	1.85585650074754	1.51831785581241	2.06635562844905	2.36939997463339	2.13848899257746	2.74739151924899	0.568435838617487	0.486353956382479	-0.243561847412676	0.0503140624375103	0.249016321967972	1.41946529704325
LEU130A	-0.099340316105225	0.100550780215262	-0.751331846975901	0.0820085009180711	-0.492388388383881	-0.307733755707595	0.044522237875328	0.585417418960134	-0.259276260782313	0.3298539969919	-0.663555708636259	-0.567738559483389	-0.966753178961085	-0.83246903305699	-0.813086443552881	-0.489641339398193
SER127A	-0.099340316105225	0.100550780215262	-0.493312191341828	-0.269716847463879	-0.434977987019717	-0.447059244730847	0.549980585518758	0.585417418960134	0.0534757287863522	0.3298539969919	-0.663555708636259	-0.567738559483389	-0.966753178961085	-0.83246903305699	-0.813086443552881	-0.489641339398193
GLN144A	1.33861075951791	0.5857082947539	0.0227271199263174	-0.0938541732729037	2.61654431882271	1.98077519057097	1.05543893316219	1.18007827085122	0.366227718355018	-0.0730689233842817	-0.663555708636259	-0.567738559483389	-0.966753178961085	-0.83246903305699	-0.813086443552881	-0.489641339398193
LEU114A	-1.53729139172836	-1.35492176340065	-1.00935150260997	-1.14903021841875	-0.656645925620238	-0.650816343554189	-0.966394457411533	-1.19856513671312	-0.780529576730089	-1.08037622432474	-0.663555708636259	-0.567738559483389	-0.966753178961085	-0.83246903305699	-0.813086443552881	-0.489641339398193
ALA276A	-0.099340316105225	-0.384606734323376	0.0227271199263174	-0.0938541732729037	-0.672593259332506	-0.650816343554189	-0.460936109768102	-1.19856513671312	0.157726391975907	-1.08037622432474	-0.480948265861494	-0.567738559483389	-0.243561847412676	-0.83246903305699	-0.0165093694122413	-0.966917998508553
GLN136A	0.859293734310197	0.100550780215262	0.925795914645573	0.0820085009180711	0.12477342628088	-0.104699819345842	1.56089728080562	0.585417418960134	2.0342383293879	0.128392536803809	0.0242656591486881	0.315482052905332	1.92601214723255	1.81588025342651	1.04559339610861	-0.0123646802878332
TYR103A	-0.099340316105225	-1.35492176340065	-0.235292535707756	-1.14903021841875	-0.00200787673164821	-0.650816343554189	0.044522237875328	-1.19856513671312	-0.0507749344032031	-1.08037622432474	0.0157439784858658	-0.567738559483389	-0.243561847412676	-0.83246903305699	-0.0165093694122413	-0.966917998508553
CYS275A	0.859293734310197	1.07086580929254	0.796786086828536	1.66477256863684	-0.589667124028714	-0.469639467591301	0.549980585518758	1.18007827085122	0.991731697492349	2.5459300590609	-0.606338709900166	-0.521771139231638	-0.243561847412676	0.0503140624375103	-0.0165093694122413	0.464911978822526
HIS193A	0.859293734310197	1.55602332383118	0.538766431194463	0.961321871872945	0.0793235252009172	0.717455664620722	1.05543893316219	1.7747391227423	0.783230371113239	1.13569983774426	0.203220953067957	0.378416585222718	1.20282081568414	1.81588025342651	0.514542013348185	1.89674195615361
ASN131A	-0.578657341312936	-0.384606734323376	-0.364302363524792	-0.797304870036803	0.458072700867276	0.445343516101974	0.044522237875328	-0.00924343293094952	-0.0507749344032031	-0.677453303948554	0.372437183372573	1.2050533990183	0.479629484135732	0.93309715793201	0.514542013348185	-0.489641339398193
PHE270A	1.33861075951791	-0.384606734323376	1.31282539809668	0.78545919768197	4.18576195610986	0.00298989493424453	1.56089728080562	-0.00924343293094952	1.51298501344013	0.531315457179991	4.1024985477851	-0.567738559483389	1.92601214723255	0.0503140624375103	1.31111908748882	-0.0123646802878332
HIS115A	-0.099340316105225	-0.869764248862014	0.0227271199263174	-1.14903021841875	1.21078685208631	0.628295835269443	0.549980585518758	-0.603904284822033	0.366227718355018	-0.878914764136645	-0.663555708636259	-0.567738559483389	-0.966753178961085	-0.83246903305699	-0.813086443552881	-0.489641339398193
TYR229A	-0.099340316105225	-0.869764248862014	-0.493312191341828	-1.14903021841875	0.977955779887203	-0.408700797050056	0.044522237875328	-0.603904284822033	-0.259276260782313	-0.878914764136645	0.0120918296303705	-0.567738559483389	-0.243561847412676	-0.83246903305699	-0.547560752172668	-0.966917998508553
GLY244A	-0.578657341312936	0.100550780215262	-0.880341674792938	-0.0938541732729037	-0.509133088781762	-0.467963866524187	-0.460936109768102	-0.00924343293094952	-0.676278913540534	0.128392536803809	-0.334862311641682	-0.36082237572412	-0.243561847412676	0.0503140624375103	-0.547560752172668	-0.0123646802878332
GLY245A	0.859293734310197	1.55602332383118	0.538766431194463	1.31304722025489	-0.100881345747708	0.1778983538611	0.549980585518758	1.18007827085122	0.574729044734128	1.94154567849663	-0.663555708636259	-0.567738559483389	-0.966753178961085	-0.83246903305699	-0.813086443552881	-0.489641339398193
PRO223A	-0.099340316105225	0.5857082947539	-0.751331846975901	-0.269716847463879	-0.193375881278861	0.268081182512121	0.044522237875328	0.585417418960134	-0.467777587161424	-0.274530383572373	-0.663555708636259	-0.567738559483389	-0.966753178961085	-0.83246903305699	-0.813086443552881	-0.489641339398193
THR230A	0.379976709102486	1.07086580929254	-0.106282707890719	0.609596523490996	-0.656645925620238	-0.442639983370039	0.044522237875328	0.585417418960134	-0.676278913540534	-0.274530383572373	-0.53329573279026	-0.344837572926773	-0.243561847412676	0.0503140624375103	-0.282035060792455	-0.489641339398193
SER215A	-0.099340316105225	-0.869764248862014	0.409756603377427	-0.621442195845828	0.0753366917728503	-0.307362806655738	0.044522237875328	-0.603904284822033	0.0534757287863522	-0.274530383572373	-0.0719075940460212	-0.567738559483389	-0.243561847412676	-0.83246903305699	-0.0165093694122413	-0.966917998508553
GLU221A	-0.578657341312936	-0.869764248862014	-0.751331846975901	-0.973167544227778	-0.400691219538341	-0.57094868190767	-0.460936109768102	-0.603904284822033	-0.780529576730089	-0.677453303948554	0.30182897216633	-0.438570585429225	1.20282081568414	0.0503140624375103	0.249016321967972	-0.0123646802878332
GLU204A	-0.578657341312936	-0.869764248862014	-0.106282707890719	-0.973167544227778	-0.656645925620238	-0.590856725559038	0.044522237875328	-0.603904284822033	0.157726391975907	-0.677453303948554	-0.435905096643719	-0.470767367115536	-0.243561847412676	0.0503140624375103	-0.547560752172668	-0.0123646802878332
LYS132A	-0.578657341312936	-0.384606734323376	-0.106282707890719	-0.445579521654853	0.462856900980956	0.785459146160669	-0.460936109768102	-0.00924343293094952	-0.467777587161424	0.128392536803809	0.477132117230104	0.809705603866962	-0.243561847412676	0.0503140624375103	-0.282035060792455	-0.489641339398193
ARG202A	-0.578657341312936	-0.384606734323376	-1.00935150260997	-0.973167544227778	-0.0378893775842506	0.101700618357986	-0.460936109768102	-0.00924343293094952	-0.9890309031092	-0.677453303948554	0.50878407397773	0.649288324836644	0.479629484135732	0.93309715793201	-0.0165093694122413	-0.0123646802878332
PHE236A	0.859293734310197	-0.384606734323376	2.0868843649989	0.609596523490996	1.81997499989494	-0.102138559981885	1.56089728080562	-0.00924343293094952	1.92998766619835	0.128392536803809	-0.663555708636259	-0.567738559483389	-0.966753178961085	-0.83246903305699	-0.813086443552881	-0.489641339398193
SER260A	-0.578657341312936	-0.869764248862014	-0.751331846975901	-1.14903021841875	-0.659835392362692	-0.650816343554189	-0.966394457411533	-1.19856513671312	-0.9890309031092	-1.08037622432474	-0.663555708636259	-0.567738559483389	-0.966753178961085	-0.83246903305699	-0.813086443552881	-0.489641339398193
CYS124A	0.379976709102486	0.100550780215262	0.6677762590115	0.78545919768197	-0.0602156447814254	-0.292324943248841	0.549980585518758	0.585417418960134	0.678979707923683	1.13569983774426	0.249481505237564	-0.293025931592607	1.20282081568414	0.0503140624375103	0.780067704728398	-0.0123646802878332
ARG196A	-0.099340316105225	-0.384606734323376	0.796786086828536	-0.445579521654853	0.0219131238367534	-0.0445499027125286	0.044522237875328	-0.00924343293094952	0.157726391975907	-0.274530383572373	-0.125472443926619	-0.415139116125571	-0.243561847412676	0.0503140624375103	-0.547560752172668	-0.0123646802878332
SER96A	-1.05797436652065	-1.35492176340065	-0.880341674792938	-1.14903021841875	-0.656645925620238	-0.650816343554189	-0.460936109768102	-1.19856513671312	-0.676278913540534	-1.08037622432474	-0.663555708636259	-0.567738559483389	-0.966753178961085	-0.83246903305699	-0.813086443552881	-0.489641339398193
TYR146A	-0.099340316105225	-0.869764248862014	0.0227271199263174	-0.973167544227778	0.679740639467797	-0.650816343554189	0.549980585518758	-0.603904284822033	0.470478381544573	-0.878914764136645	0.404089140120199	-0.567738559483389	0.479629484135732	-0.83246903305699	-0.282035060792455	-0.966917998508553
THR140A	-0.099340316105225	0.100550780215262	-0.235292535707756	-0.973167544227778	-0.653456458877785	-0.404792215241232	-0.460936109768102	-0.00924343293094952	-0.780529576730089	-0.878914764136645	-0.663555708636259	-0.567738559483389	-0.966753178961085	-0.83246903305699	-0.813086443552881	-0.489641339398193
PRO191A	-0.578657341312936	-0.384606734323376	-0.364302363524792	-0.0938541732729037	0.556946169883336	-0.650816343554189	-0.966394457411533	-1.19856513671312	-0.884780239919645	-1.08037622432474	-0.663555708636259	-0.567738559483389	-0.966753178961085	-0.83246903305699	-0.813086443552881	-0.489641339398193
GLY122A	-0.578657341312936	0.100550780215262	-0.751331846975901	-0.269716847463879	-0.509133088781762	-0.347179778188656	-0.460936109768102	-0.00924343293094952	-0.0507749344032031	0.3298539969919	-0.663555708636259	-0.567738559483389	-0.243561847412676	0.0503140624375103	-0.0165093694122413	0.464911978822526
GLY112A	-0.099340316105225	0.5857082947539	0.0227271199263174	0.609596523490996	2.82465702376781	5.2138321182725	0.044522237875328	0.585417418960134	0.261977055165463	0.3298539969919	-0.663555708636259	-0.567738559483389	-0.966753178961085	-0.83246903305699	-0.813086443552881	-0.489641339398193
PHE113A	0.859293734310197	-0.384606734323376	0.796786086828536	-0.0938541732729037	3.0032671613452	2.24093322745414	1.56089728080562	-0.00924343293094952	1.51298501344013	0.3298539969919	2.20581590883121	4.10901578462506	0.479629484135732	0.0503140624375103	0.514542013348185	-0.489641339398193
VAL172A	-0.099340316105225	0.5857082947539	0.6677762590115	1.48890989444587	0.367970265392963	1.24524395422944	-0.460936109768102	-0.00924343293094952	-0.155025597592758	0.3298539969919	2.9605933389669	4.5508663760984	0.479629484135732	0.93309715793201	0.780067704728398	0.942188637932886
GLY262A	-0.099340316105225	0.5857082947539	-0.622322019158865	0.257871175109046	-0.657443292305852	-0.411232637448377	-0.460936109768102	-0.00924343293094952	-0.780529576730089	-0.677453303948554	-0.663555708636259	-0.567738559483389	-0.966753178961085	-0.83246903305699	-0.813086443552881	-0.489641339398193
SER261A	-0.578657341312936	-1.35492176340065	-0.880341674792938	-1.14903021841875	-0.805753495829941	-0.650816343554189	-1.47185280505496	-1.19856513671312	-1.19753222948831	-0.878914764136645	-0.663555708636259	-0.567738559483389	-0.966753178961085	-0.83246903305699	-0.813086443552881	-0.489641339398193
ILE195A	-0.578657341312936	-0.384606734323376	0.28074677556039	0.433733849300021	-0.584882923915033	-0.525872152735567	0.044522237875328	-0.00924343293094952	-0.0507749344032031	0.128392536803809	-0.663555708636259	-0.567738559483389	-0.966753178961085	-0.83246903305699	-0.813086443552881	-0.489641339398193
LEU257A	0.379976709102486	0.5857082947539	1.31282539809668	0.961321871872945	0.150289160220509	-0.0989319886249065	1.05543893316219	1.18007827085122	1.72148633981924	1.74008421830854	0.410176054879357	0.10096440018646	0.479629484135732	0.0503140624375103	0.249016321967972	-0.489641339398193
PHE109A	0.379976709102486	-0.869764248862014	1.44183522591372	-0.445579521654853	0.110420825939839	-0.0904996115325315	1.05543893316219	-0.603904284822033	1.30448368706101	-0.677453303948554	0.256785802948555	0.338447694274818	0.479629484135732	0.0503140624375103	0.780067704728398	-0.489641339398193
ILE232A	0.859293734310197	0.100550780215262	1.57084505373075	1.31304722025489	-0.224473182017783	-0.328795233196915	0.549980585518758	0.585417418960134	0.991731697492349	1.53862275812045	0.779043089284382	-0.0469418619212011	1.92601214723255	1.81588025342651	2.63874754438989	4.2831252517054
LEU145A	-0.099340316105225	0.5857082947539	0.6677762590115	1.48890989444587	-0.68295902624548	-0.551633841564149	0.044522237875328	0.585417418960134	0.470478381544573	1.53862275812045	-0.575904136104372	-0.492743835034434	0.479629484135732	0.93309715793201	1.31111908748882	2.37401861526397
HIS214A	-0.099340316105225	0.5857082947539	-0.364302363524792	0.433733849300021	-0.0506472445540648	0.140887133449879	0.549980585518758	1.18007827085122	-0.155025597592758	0.531315457179991	-0.00738629759893775	-0.112910873681001	0.479629484135732	0.93309715793201	-0.0165093694122413	0.464911978822526
ASN263A	-1.05797436652065	-1.35492176340065	-1.00935150260997	-1.14903021841875	-0.361620251943285	-0.650816343554189	-0.460936109768102	-1.19856513671312	-0.884780239919645	-1.08037622432474	-0.663555708636259	-0.567738559483389	-0.966753178961085	-0.83246903305699	-0.813086443552881	-0.489641339398193
HIS168A	-1.05797436652065	-0.384606734323376	-0.880341674792938	-0.0938541732729037	-0.365607085371352	-0.246325717592162	-0.966394457411533	-0.603904284822033	-0.676278913540534	-0.0730689233842817	0.00843968077487519	0.0864340255442405	-0.243561847412676	0.0503140624375103	-0.0165093694122413	0.464911978822526
TYR107A	-0.578657341312936	-0.869764248862014	-0.106282707890719	-0.797304870036803	-0.691730059787227	-0.602394946816573	-0.460936109768102	-0.603904284822033	-0.467777587161424	-0.475991843760463	-0.489469946524316	-0.489427844125876	-0.243561847412676	0.0503140624375103	-0.547560752172668	-0.0123646802878332
GLY105A	0.859293734310197	1.55602332383118	0.0227271199263174	0.78545919768197	-0.189389047850794	0.344872929670504	1.05543893316219	1.7747391227423	0.366227718355018	0.732776917368082	-0.663555708636259	-0.567738559483389	-0.243561847412676	0.0503140624375103	-0.547560752172668	-0.966917998508553
VAL157A	2.29724480993333	2.04118083836981	2.34490402063297	2.19236059120977	0.698877439922518	1.42686386047095	2.06635562844905	1.7747391227423	1.92998766619835	1.53862275812045	0.305481121021826	0.780083293807553	2.64920347878096	2.69866334892101	3.43532461853053	2.37401861526397
LEU111A	1.33861075951791	1.07086580929254	0.925795914645573	1.13718454606392	1.16135011757828	2.26202947785424	1.56089728080562	1.7747391227423	1.40873435025057	1.53862275812045	2.14494676123962	3.97647928018431	1.20282081568414	1.81588025342651	1.84217047024925	0.942188637932886
ALA161A	-0.099340316105225	0.5857082947539	0.0227271199263174	0.609596523490996	-0.523485689122803	-0.449530036433376	-0.460936109768102	-0.00924343293094952	-0.467777587161424	0.3298539969919	-0.208254484651179	-0.112004068800371	1.20282081568414	1.81588025342651	1.31111908748882	1.89674195615361
ARG174A	-0.578657341312936	-0.869764248862014	-0.235292535707756	-0.621442195845828	-0.548204056376818	-0.650816343554189	-0.966394457411533	-1.19856513671312	-0.884780239919645	-1.08037622432474	-0.663555708636259	-0.567738559483389	-0.243561847412676	-0.83246903305699	-0.282035060792455	-0.966917998508553
VAL143A	0.859293734310197	1.55602332383118	1.05480574246261	1.48890989444587	0.41900173327222	1.27744606526517	0.549980585518758	1.18007827085122	1.0959823606819	1.13569983774426	0.451567075241637	1.34046054038447	0.479629484135732	0.93309715793201	0.249016321967972	-0.489641339398193
GLU285A	0.379976709102486	0.100550780215262	0.409756603377427	-0.0938541732729037	-0.108057645918229	-0.392977788977579	0.549980585518758	0.585417418960134	0.0534757287863522	0.3298539969919	-0.663555708636259	-0.567738559483389	-0.966753178961085	-0.83246903305699	-0.813086443552881	-0.489641339398193
THR284A	-0.578657341312936	-0.384606734323376	-1.00935150260997	-0.621442195845828	-0.805753495829941	-0.650816343554189	-1.47185280505496	-1.19856513671312	-1.19753222948831	-0.878914764136645	-0.663555708636259	-0.567738559483389	-0.966753178961085	-0.83246903305699	-0.813086443552881	-0.489641339398193
ALA129A	-1.05797436652065	-0.384606734323376	-1.13836133042701	-0.269716847463879	-0.805753495829941	-0.650816343554189	-1.47185280505496	-1.19856513671312	-1.19753222948831	-0.878914764136645	-0.663555708636259	-0.567738559483389	-0.966753178961085	-0.83246903305699	-0.813086443552881	-0.489641339398193
ILE255A	1.81792778472562	0.5857082947539	2.73193350408408	1.48890989444587	1.06965294873274	-0.428845382555708	1.05543893316219	-0.00924343293094952	1.40873435025057	-0.0730689233842817	3.23450450312905	0.223872420811137	2.64920347878096	0.0503140624375103	3.70085030991074	-0.489641339398193
PHE234A	0.859293734310197	0.100550780215262	2.0868843649989	0.609596523490996	0.733164207403894	-0.61752429647469	1.05543893316219	-0.00924343293094952	1.0959823606819	-0.0730689233842817	0.451567075241637	-0.567738559483389	-0.243561847412676	-0.83246903305699	-0.547560752172668	-0.966917998508553
ALA189A	-0.099340316105225	0.5857082947539	-0.106282707890719	-0.0938541732729037	-0.0123736436446222	0.53647177360462	-0.460936109768102	-0.00924343293094952	-0.259276260782313	-0.274530383572373	0.547740328436347	1.3524328534563	0.479629484135732	0.93309715793201	-0.282035060792455	-0.489641339398193
SER99A	-0.099340316105225	0.100550780215262	-0.364302363524792	-0.445579521654853	-0.664619592476372	-0.602851971430893	-0.460936109768102	-0.603904284822033	-0.676278913540534	-0.475991843760463	-0.663555708636259	-0.567738559483389	-0.966753178961085	-0.83246903305699	-0.813086443552881	-0.489641339398193
LYS101A	-1.05797436652065	-1.35492176340065	-0.880341674792938	-1.14903021841875	-0.667011692533212	-0.650816343554189	-0.966394457411533	-1.19856513671312	-0.9890309031092	-1.08037622432474	-0.663555708636259	-0.567738559483389	-0.966753178961085	-0.83246903305699	-0.813086443552881	-0.489641339398193
THR155A	1.81792778472562	2.04118083836981	1.44183522591372	1.66477256863684	-0.0825419119786002	-0.0146352635638288	2.57181397609248	2.96406082652447	2.0342383293879	2.5459300590609	-0.311732035556879	-0.221780031467351	-0.243561847412676	0.0503140624375103	-0.282035060792455	-0.0123646802878332
THR150A	-1.05797436652065	-0.869764248862014	-0.622322019158865	-0.621442195845828	-0.624751258195703	-0.543643786792343	-0.966394457411533	-0.603904284822033	-0.780529576730089	-0.274530383572373	-0.663555708636259	-0.567738559483389	-0.966753178961085	-0.83246903305699	-0.813086443552881	-0.489641339398193
MET169A	-0.099340316105225	-0.869764248862014	-0.493312191341828	-1.14903021841875	-0.549798789748045	-0.50518490578057	0.044522237875328	-0.603904284822033	-0.0507749344032031	-0.878914764136645	-0.663555708636259	-0.567738559483389	-0.966753178961085	-0.83246903305699	-0.813086443552881	-0.489641339398193
SER166A	-1.05797436652065	-0.869764248862014	-1.13836133042701	-1.14903021841875	-0.701298460014588	-0.627708719500597	-0.966394457411533	-0.603904284822033	-0.9890309031092	-0.878914764136645	-0.663555708636259	-0.567738559483389	-0.966753178961085	-0.83246903305699	-0.813086443552881	-0.489641339398193
SER182A	-1.53729139172836	-0.869764248862014	-1.00935150260997	-0.973167544227778	-0.656645925620238	-0.409944553006948	-0.966394457411533	-0.603904284822033	-0.676278913540534	-0.878914764136645	-0.663555708636259	-0.567738559483389	-0.966753178961085	-0.83246903305699	-0.813086443552881	-0.489641339398193
ARG181A	-1.05797436652065	-0.384606734323376	-1.13836133042701	-0.445579521654853	-0.805753495829941	-0.650816343554189	-1.47185280505496	-1.19856513671312	-1.19753222948831	-0.878914764136645	-0.663555708636259	-0.567738559483389	-0.966753178961085	-0.83246903305699	-0.813086443552881	-0.489641339398193
PRO177A	-0.099340316105225	0.100550780215262	-0.751331846975901	-0.0938541732729037	-0.0881234787778939	0.22948136357179	-0.460936109768102	-0.00924343293094952	-0.467777587161424	0.3298539969919	0.432088948012329	0.855944932055816	0.479629484135732	0.93309715793201	0.249016321967972	1.41946529704325
ASP268A	-0.578657341312936	0.100550780215262	-0.235292535707756	0.257871175109046	-0.656645925620238	-0.489004603271359	-0.460936109768102	-0.00924343293094952	-0.155025597592758	0.732776917368082	-0.435905096643719	-0.306044474047215	0.479629484135732	0.93309715793201	0.249016321967972	0.464911978822526
GLU286A	-0.578657341312936	-0.384606734323376	-0.493312191341828	-0.269716847463879	-0.792198262174514	-0.639558913613301	-0.460936109768102	-0.603904284822033	-0.572028250350979	-0.475991843760463	-0.663555708636259	-0.567738559483389	-0.966753178961085	-0.83246903305699	-0.813086443552881	-0.489641339398193
THR118A	-0.099340316105225	-0.384606734323376	-0.493312191341828	-0.621442195845828	-0.497969955183174	-0.474230577481689	-0.460936109768102	-0.00924343293094952	-0.780529576730089	-0.274530383572373	-0.342166609352673	-0.380353076497296	-0.243561847412676	0.0503140624375103	-0.282035060792455	-0.0123646802878332
VAL147A	1.81792778472562	1.55602332383118	0.6677762590115	0.0820085009180711	-0.53704092277823	-0.239917406738307	1.05543893316219	0.585417418960134	1.30448368706101	-0.475991843760463	-0.387209778570448	-0.0948551580969224	0.479629484135732	0.93309715793201	0.249016321967972	-0.0123646802878332
PRO222A	-0.099340316105225	-0.869764248862014	-0.235292535707756	-0.973167544227778	-0.805753495829941	-0.650816343554189	-0.966394457411533	-1.19856513671312	-0.9890309031092	-1.08037622432474	-0.278862695857421	0.0259696757375052	0.479629484135732	0.0503140624375103	0.514542013348185	-0.489641339398193
SER116A	-0.578657341312936	-0.869764248862014	-0.493312191341828	-0.797304870036803	-0.57930135711574	-0.650816343554189	-0.460936109768102	-1.19856513671312	-0.572028250350979	-1.08037622432474	-0.317818950316038	-0.567738559483389	-0.243561847412676	-0.83246903305699	-0.282035060792455	-0.966917998508553
GLY279A	0.859293734310197	1.55602332383118	0.409756603377427	1.66477256863684	-0.684553759616707	-0.571313129264421	-0.966394457411533	-0.603904284822033	-0.884780239919645	-0.274530383572373	-0.663555708636259	-0.567738559483389	-0.966753178961085	-0.83246903305699	-0.813086443552881	-0.489641339398193
ASP186A	-1.53729139172836	-0.869764248862014	-1.65440064169516	-0.973167544227778	-0.656645925620238	-0.574026028329979	-0.966394457411533	-0.603904284822033	-1.19753222948831	-0.878914764136645	-0.663555708636259	-0.567738559483389	-0.966753178961085	-0.83246903305699	-0.813086443552881	-0.489641339398193
ASP228A	-1.05797436652065	-1.35492176340065	-1.26737115824405	-1.14903021841875	-0.656645925620238	-0.650816343554189	-0.460936109768102	-1.19856513671312	-0.676278913540534	-1.08037622432474	-0.663555708636259	-0.567738559483389	-0.243561847412676	-0.83246903305699	-0.547560752172668	-0.966917998508553
GLN104A	-1.05797436652065	-1.35492176340065	-0.493312191341828	-1.14903021841875	-0.731598394067897	-0.650816343554189	-0.966394457411533	-1.19856513671312	-0.676278913540534	-1.08037622432474	-0.663555708636259	-0.567738559483389	-0.966753178961085	-0.83246903305699	-0.813086443552881	-0.489641339398193
MET160A	0.379976709102486	-0.384606734323376	0.28074677556039	-0.0938541732729037	-0.104868179175775	0.481409880461988	0.044522237875328	-0.00924343293094952	0.157726391975907	0.128392536803809	0.572087987472982	1.26338262914526	1.92601214723255	0.93309715793201	1.31111908748882	-0.489641339398193
GLU180A	-1.53729139172836	-0.869764248862014	-1.39638098606108	-0.797304870036803	-0.656645925620238	-0.612778137149188	-0.966394457411533	-0.603904284822033	-1.09328156629876	-0.878914764136645	-0.663555708636259	-0.567738559483389	-0.966753178961085	-0.83246903305699	-0.813086443552881	-0.489641339398193
GLY226A	-1.05797436652065	-0.384606734323376	-1.52539081387812	-0.797304870036803	-0.509133088781762	-0.171648931342565	-0.966394457411533	-0.603904284822033	-0.9890309031092	-0.677453303948554	-0.663555708636259	-0.567738559483389	-0.966753178961085	-0.83246903305699	-0.813086443552881	-0.489641339398193
SER227A	-0.578657341312936	-0.384606734323376	-1.26737115824405	-0.973167544227778	-0.0665945782663325	0.0640705214389604	0.044522237875328	-0.00924343293094952	-0.676278913540534	-0.878914764136645	0.0120918296303705	0.588430109104668	0.479629484135732	0.93309715793201	-0.547560752172668	-0.966917998508553
THR102A	-1.53729139172836	-0.869764248862014	-1.39638098606108	-1.14903021841875	-0.805753495829941	-0.650816343554189	-1.47185280505496	-1.19856513671312	-1.19753222948831	-0.878914764136645	-0.663555708636259	-0.567738559483389	-0.966753178961085	-0.83246903305699	-0.813086443552881	-0.489641339398193
ARG248A	-1.05797436652065	-0.869764248862014	-1.26737115824405	-0.973167544227778	-0.656645925620238	-0.64952825911276	-0.460936109768102	-0.603904284822033	-0.780529576730089	-1.08037622432474	-0.437122479595551	-0.567738559483389	-0.243561847412676	-0.83246903305699	-0.547560752172668	-0.966917998508553
SER241A	-1.05797436652065	-0.869764248862014	-1.00935150260997	-0.445579521654853	-0.804956129144328	-0.650816343554189	-0.966394457411533	-1.19856513671312	-1.09328156629876	-1.08037622432474	-0.663555708636259	-0.567738559483389	-0.966753178961085	-0.83246903305699	-0.813086443552881	-0.489641339398193
GLU198A	-0.099340316105225	-1.35492176340065	-0.235292535707756	-1.14903021841875	-0.396704386110274	-0.650816343554189	0.044522237875328	-1.19856513671312	-0.676278913540534	-1.08037622432474	-0.663555708636259	-0.567738559483389	-0.966753178961085	-0.83246903305699	-0.813086443552881	-0.489641339398193
GLY199A	-1.05797436652065	-0.384606734323376	-1.13836133042701	-0.973167544227778	-0.234041582245144	0.272740200950474	-0.460936109768102	-0.00924343293094952	-0.676278913540534	-0.878914764136645	-0.663555708636259	-0.567738559483389	-0.966753178961085	-0.83246903305699	-0.813086443552881	-0.489641339398193
ILE251A	-0.099340316105225	0.100550780215262	0.796786086828536	1.13718454606392	-0.632724925051837	-0.49238195725841	0.549980585518758	0.585417418960134	0.783230371113239	1.13569983774426	-0.551556477067736	-0.376085374780504	0.479629484135732	0.93309715793201	0.780067704728398	0.942188637932886
LYS139A	-0.578657341312936	-1.35492176340065	-0.364302363524792	-1.14903021841875	-0.73239576075351	-0.650816343554189	-0.966394457411533	-1.19856513671312	-1.09328156629876	-1.08037622432474	-0.663555708636259	-0.567738559483389	-0.966753178961085	-0.83246903305699	-0.813086443552881	-0.489641339398193
GLU287A	-1.53729139172836	-0.869764248862014	-1.52539081387812	-0.797304870036803	-0.805753495829941	-0.650816343554189	-1.47185280505496	-1.19856513671312	-1.19753222948831	-0.878914764136645	-0.663555708636259	-0.567738559483389	-0.966753178961085	-0.83246903305699	-0.813086443552881	-0.489641339398193
SER106A	-1.53729139172836	-1.35492176340065	-1.13836133042701	-1.14903021841875	-0.656645925620238	-0.650816343554189	-0.966394457411533	-1.19856513671312	-0.780529576730089	-1.08037622432474	-0.663555708636259	-0.567738559483389	-0.966753178961085	-0.83246903305699	-0.813086443552881	-0.489641339398193
MET243A	-1.53729139172836	-1.35492176340065	-1.52539081387812	-1.14903021841875	-0.805753495829941	-0.650816343554189	-1.47185280505496	-1.19856513671312	-1.19753222948831	-0.878914764136645	-0.663555708636259	-0.567738559483389	-0.966753178961085	-0.83246903305699	-0.813086443552881	-0.489641339398193
PHE121A	-1.53729139172836	-1.35492176340065	-1.52539081387812	-1.14903021841875	-0.805753495829941	-0.650816343554189	-1.47185280505496	-1.19856513671312	-1.19753222948831	-0.878914764136645	-0.663555708636259	-0.567738559483389	-0.966753178961085	-0.83246903305699	-0.813086443552881	-0.489641339398193
ASN247A	-1.53729139172836	-1.35492176340065	-1.13836133042701	-1.14903021841875	-0.805753495829941	-0.650816343554189	-1.47185280505496	-1.19856513671312	-1.19753222948831	-0.878914764136645	-0.663555708636259	-0.567738559483389	-0.966753178961085	-0.83246903305699	-0.813086443552881	-0.489641339398193
ASP184A	-1.53729139172836	-0.869764248862014	-1.78341046951219	-1.14903021841875	-0.805753495829941	-0.650816343554189	-1.47185280505496	-1.19856513671312	-1.19753222948831	-0.878914764136645	-0.662338325684427	-0.56565537269314	-0.243561847412676	0.0503140624375103	-0.813086443552881	-0.966917998508553
SER185A	-1.53729139172836	-1.35492176340065	-1.78341046951219	-1.14903021841875	-0.805753495829941	-0.650816343554189	-1.47185280505496	-1.19856513671312	-1.19753222948831	-0.878914764136645	-0.662338325684427	-0.567738559483389	-0.243561847412676	-0.83246903305699	-0.813086443552881	-0.966917998508553
VAL225A	-1.53729139172836	-0.869764248862014	-1.65440064169516	-0.973167544227778	-0.805753495829941	-0.650816343554189	-1.47185280505496	-1.19856513671312	-1.19753222948831	-0.878914764136645	-0.663555708636259	-0.567738559483389	-0.966753178961085	-0.83246903305699	-0.813086443552881	-0.489641339398193
PHE212A	-1.53729139172836	-1.35492176340065	-1.13836133042701	-1.14903021841875	-0.805753495829941	-0.650816343554189	-1.47185280505496	-1.19856513671312	-1.19753222948831	-0.878914764136645	-0.663555708636259	-0.567738559483389	-0.966753178961085	-0.83246903305699	-0.813086443552881	-0.489641339398193
ARG283A	-1.53729139172836	-1.35492176340065	-1.13836133042701	-1.14903021841875	-0.805753495829941	-0.650816343554189	-1.47185280505496	-1.19856513671312	-1.19753222948831	-0.878914764136645	-0.663555708636259	-0.567738559483389	-0.966753178961085	-0.83246903305699	-0.813086443552881	-0.489641339398193
LYS235A	-1.05797436652065	-0.869764248862014	-1.00935150260997	-1.14903021841875	-0.656645925620238	-0.505262801672701	-0.460936109768102	-0.603904284822033	-0.780529576730089	-1.08037622432474	-0.663555708636259	-0.567738559483389	-0.966753178961085	-0.83246903305699	-0.813086443552881	-0.489641339398193
LEU201A	-1.53729139172836	-0.869764248862014	-1.39638098606108	-0.973167544227778	-0.805753495829941	-0.650816343554189	-1.47185280505496	-1.19856513671312	-1.19753222948831	-0.878914764136645	-0.663555708636259	-0.567738559483389	-0.966753178961085	-0.83246903305699	-0.813086443552881	-0.489641339398193
SER183A	-2.01660841693607	-1.35492176340065	-1.78341046951219	-1.14903021841875	-0.805753495829941	-0.650816343554189	-1.47185280505496	-1.19856513671312	-1.19753222948831	-0.878914764136645	-0.663555708636259	-0.567738559483389	-0.966753178961085	-0.83246903305699	-0.813086443552881	-0.489641339398193
GLU224A	-2.01660841693607	-1.35492176340065	-1.78341046951219	-1.14903021841875	-0.805753495829941	-0.650816343554189	-1.47185280505496	-1.19856513671312	-1.19753222948831	-0.878914764136645	-0.663555708636259	-0.567738559483389	-0.966753178961085	-0.83246903305699	-0.813086443552881	-0.489641339398193
ASN288A	-2.01660841693607	-1.35492176340065	-1.78341046951219	-1.14903021841875	-0.805753495829941	-0.650816343554189	-1.47185280505496	-1.19856513671312	-1.19753222948831	-0.878914764136645	-0.663555708636259	-0.567738559483389	-0.966753178961085	-0.83246903305699	-0.813086443552881	-0.489641339398193
