Degree	Degree_sidechain	SecondOrderDegree	SecondOrderDegree_sidechain	NodeEdgeBetweennessSTRIDE	NodeEdgeBetweennessSTRIDE_sidechain	IntermodularDegreeSTRIDE	IntermodularDegreeSTRIDE_sidechain	SecondOrderIntermodularDegreeSTRIDE	SecondOrderIntermodularDegreeSTRIDE_sidechain	NodeEdgeBetweennessWALKTRAP	NodeEdgeBetweennessWALKTRAP_sidechain	IntermodularDegreeWALKTRAP	IntermodularDegreeWALKTRAP_sidechain	SecondOrderIntermodularDegreeWALKTRAP	SecondOrderIntermodularDegreeWALKTRAP_sidechain
CYS229A	5	4	13	7	1374	433.264080036323	5	4	12	6	1075	433.264080036323	4	4	7	4
TRP146A	7	3	19	4	2662	1978.92998076487	5	3	14	4	4519	1978.92998076487	5	3	11	3
GLU271B	6	4	14	5	3181	530.190333806885	5	4	10	6	1828	436.77877010432	2	2	1	1
LEU252B	4	3	12	4	1826	1475.05852607464	4	3	10	4	896	545.058526074641	2	2	1	1
ARG273A	7	3	25	7	1152	739.679339088135	5	3	13	6	1469	1	4	1	4	0
ASP281A	4	3	15	7	376	89.0774142727345	3	3	8	6	1	1	1	1	1	1
ARG196A	8	6	26	13	2477	1180.65724789443	7	6	27	17	188	1	2	1	4	0
ASP184A	5	5	16	11	1462	336.372740588626	4	4	18	14	1	1	1	1	1	1
CYS176B	7	6	20	10	6582	2826.79733578003	5	4	22	11	5265	3179.9256267288	5	5	12	9
HIS179B	7	5	20	9	7758	1011.32802119282	7	5	25	10	4161	745.328021192821	5	4	13	9
CYS229B	6	4	16	9	3732	1127.80893658695	6	4	17	7	2214	1	4	2	4	1
THR230B	6	5	15	11	355	340.549720890972	5	4	11	4	22	2.17886352872649	3	2	4	1
LEU133B	7	7	25	18	2114	1843.05153717211	7	7	28	16	884	884	2	2	2	0
PHE113B	5	2	17	3	1634	1379	4	2	16	2	1	1	1	1	1	1
CYS242A	7	5	19	9	370	159.951803069521	5	4	23	12	1	1	1	1	1	1
HIS179A	8	6	22	12	6682	783.676148674695	8	6	32	16	1	1	1	1	1	1
TRP146B	7	3	19	3	1321	767.191063413047	5	3	15	3	1308	376	4	2	8	0
GLN104A	3	2	11	6	268	77.3651890257045	2	2	6	5	1	1	1	1	1	1
GLY108A	8	7	19	10	2124	1664.97699991089	7	6	24	11	1561	1253.69759495752	3	3	7	5
ARG175A	7	6	21	14	6942	5872.71816372353	7	6	31	17	1	1	1	1	1	1
GLY279A	8	8	26	22	488	460.898213582943	3	3	10	7	443	443	2	2	3	2
THR118A	6	4	16	9	3686	1446.28171181476	6	4	12	8	2922	1439.65146902838	4	3	3	2
CYS238B	10	6	31	12	12608	5795.25593818467	9	5	45	15	1240	704.25593818467	5	4	14	9
CYS242B	7	5	20	8	327	165.618704842483	5	4	22	11	303	156.320337389064	3	3	8	6
PRO128A	5	5	13	9	1426	1304.14563065298	4	4	14	9	1	1	1	1	1	1
TYR126A	6	2	18	3	2148	834	5	2	17	2	148	1	2	1	3	0
PRO219B	3	3	8	7	944	483.524654886647	2	2	2	2	944	483.524654886647	2	2	2	2
VAL218B	8	7	22	17	8833	2694.24466009497	6	5	24	17	12714	6146.93168425137	7	6	16	12
ASP148A	4	3	11	8	376	101.262877474645	4	3	16	9	80	25.9074714537181	2	2	4	4
VAL147A	7	5	19	8	2583	2583	6	4	22	4	4068	4068	4	3	11	3
CYS176A	7	6	20	12	7701	2515.61561121461	5	4	23	12	1	1	1	1	1	1
ARG249A	7	6	19	11	12006	7979.43016221655	7	6	21	12	6449	5727.93016221655	4	4	5	4
GLU171A	3	2	9	5	376	105.747744217324	2	2	6	5	376	105.747744217324	2	2	3	3
ASN200B	5	2	17	7	14908	4080	4	2	14	4	4080	4080	2	2	6	5
GLY199B	4	4	8	4	22377	22377	3	3	5	1	14901	14901	2	2	1	0
GLY112B	5	5	15	11	1692	1366.98142786176	3	3	7	4	1	1	1	1	1	1
PRO152B	5	4	13	9	1385	370.632165276384	4	4	15	10	344	239.080103372614	3	3	3	1
PRO153B	3	2	6	4	1	1	1	1	1	1	1	1	1	1	1	1
THR230A	4	4	10	9	325	228.805939198809	3	3	7	5	325	228.805939198809	3	3	4	3
THR231A	6	6	17	15	1111	1111	3	3	7	5	1	1	1	1	1	1
ARG283A	4	4	11	8	651	456.658094226122	2	2	5	3	651	456.658094226122	2	2	3	2
ARG273B	7	3	25	6	553	375.476424888903	5	3	13	6	740	1	4	1	8	0
SER240B	4	3	18	11	376	346	4	3	19	9	346	346	3	3	8	4
TYR163A	4	3	16	9	12850	1044.89170560293	4	3	17	9	12850	1044.89170560293	4	3	7	3
SER241A	3	3	10	6	1	1	1	1	1	1	1	1	1	1	1	1
TYR239A	6	2	22	6	751	13.7315119986806	4	2	21	5	1	1	1	1	1	1
ASP186B	6	4	15	6	41105	18725.4565350133	4	3	12	4	20444	1	2	1	4	0
LEU188B	6	2	18	7	6072	2974	4	2	9	4	2974	2974	2	2	2	1
ALA276B	5	3	15	8	163	1	3	1	11	0	1	1	1	1	1	1
CYS277B	8	4	16	3	1936	826	4	3	8	0	376	376	2	2	1	0
CYS124B	7	5	26	17	2062	1538.35764280286	6	4	19	12	1	1	1	1	1	1
LEU257B	8	6	26	15	7598	2900.88372334819	7	6	33	17	12137	2020	4	2	10	0
THR256B	6	6	19	17	1	1	3	3	6	6	15318	15318	4	4	8	4
HIS193B	7	7	17	12	1832	1485.33950727449	6	6	19	12	4018	1718.51905619829	5	5	10	7
HIS214B	5	5	13	10	2166	1156.66532511044	5	5	12	9	2144	1138.18870093749	4	4	10	8
ARG213A	9	7	20	14	19122	3826.99936352643	9	7	28	12	9921	446	6	4	9	1
THR211A	7	6	14	9	1489	1489	4	3	14	7	1489	1489	2	2	5	3
GLN165A	4	3	7	4	1120	250.26082752933	4	3	7	4	744	248.26082752933	2	2	1	1
GLN167A	4	3	6	3	375	375	2	2	3	2	1	1	1	1	1	1
GLY154A	5	5	15	12	486	486	4	4	15	9	2	2	2	2	4	2
PRO153A	3	2	6	4	1	1	1	1	1	1	1	1	1	1	1	1
ILE162A	6	2	23	4	5944	1011.34443137582	5	2	20	4	655	1	3	1	5	0
VAL173A	7	7	18	16	9049	8199.24484323317	5	5	16	12	15021	9077.0285217403	4	4	7	4
THR253A	7	7	28	15	1885	969.87734408805	5	5	21	10	192	96.5	3	3	4	2
TYR236A	9	4	33	10	4578	600.091941879957	9	4	39	8	6	1	2	1	3	0
ARG156A	9	4	28	10	472	151.060398359078	7	3	31	5	404	151.060398359078	5	3	9	4
VAL217A	7	7	24	19	7201	3543.89742544004	5	5	21	12	6826	3168.89742544004	4	4	11	8
GLU271A	6	4	17	5	17240	4037.11813132987	5	4	13	6	16410	3923.11813132987	3	3	3	2
PRO250A	5	4	13	8	1930	1568.73917247067	5	4	16	9	744	496.73917247067	2	2	1	1
LEU194B	6	6	24	19	1310	1053.65803160941	6	6	30	19	13	7.65803160940783	2	2	4	2
MET237B	7	3	23	7	2438	621.72541728434	6	3	24	7	1	1	1	1	1	1
THR123B	4	4	15	11	980	637.911371912219	3	3	10	6	980	637.911371912219	2	2	3	2
VAL122B	8	7	18	17	403	311.307506362282	5	5	14	10	396	12.9208872618843	4	3	4	2
ALA203A	8	7	22	17	375	134.532837804462	6	5	24	16	1	1	1	1	1	1
GLU204A	5	2	20	3	376	1	5	2	21	2	1	1	2	2	4	2
THR125A	9	8	29	24	4656	3552.20412261185	7	6	30	20	1398	660.731637866571	4	3	8	3
PRO128B	5	5	13	9	1110	1110	4	4	14	8	1	1	1	1	1	1
SER127B	5	3	13	5	1654	529.346043060503	5	3	15	5	1	1	1	1	1	1
LEU264B	6	6	16	14	6	6	3	3	5	2	50	14.448990862267	2	2	3	1
LEU265B	8	5	24	16	438	422.5	6	4	25	10	89	36.551009137733	4	2	6	1
MET246B	9	5	24	11	494	405.341968390592	8	5	33	11	411	341.341968390592	5	3	9	4
TYR239B	6	1	23	1	806	1	4	1	20	0	772	1	3	1	6	0
CYS124A	7	5	25	16	916	525.36798593442	6	4	20	11	794	215.044264126446	4	2	12	2
CYS141A	8	7	26	13	1190	419.797179041818	5	5	22	14	320	200.900809790028	4	4	4	1
ALA129A	4	4	9	9	2	1.5	2	2	2	2	1	1	1	1	1	1
CYS135B	5	4	24	15	4858	973.57722561312	5	4	26	14	2142	1	2	1	2	0
VAL274B	11	10	32	23	12041	10812.4527133286	9	8	40	21	2260	1769.91306970179	6	5	11	3
HIS233A	3	2	8	5	376	1	2	1	3	0	1	1	1	1	1	1
THR140A	6	4	16	8	1044	416.248318319455	4	3	7	2	669	41.2483183194553	3	2	4	2
VAL197B	9	7	29	19	8267	5424.45443024865	8	6	32	14	4535	2570.95443024865	5	4	16	9
ALA161A	7	7	22	16	1559	704.255156766828	5	5	16	14	520	520	3	3	4	1
LEU252A	6	5	17	9	2176	1831.3605653519	5	4	13	5	1460	1115.3605653519	3	3	3	2
CYS238A	10	6	31	14	4654	1535.75643704117	9	5	47	16	1	1	1	1	1	1
MET246A	9	5	25	12	1227	593.004422895874	8	5	32	12	607	1	2	1	3	0
ARG213B	10	8	19	12	5352	860.209325245906	10	8	23	9	1	1	2	2	3	0
PRO98B	6	6	16	10	2786	2574.79067475409	4	4	16	9	1	1	1	1	1	1
GLY244B	4	4	9	8	749	281.377328910524	3	3	6	6	673	249.501656464801	2	2	3	3
PRO177B	5	5	9	7	673	424.498343535199	3	3	3	2	1716	1208.66842003984	4	4	6	5
CYS141B	8	7	27	14	3744	1161.47395078511	5	5	23	15	1	1	1	1	1	1
PRO142A	7	5	22	12	1133	33.9591701557757	4	3	9	5	1	1	1	1	1	1
GLY245B	7	7	19	15	4463	3460.62432755428	5	5	16	13	1	1	1	1	1	1
ASP208A	4	4	8	6	1	1	1	1	1	1	1	1	1	1	1	1
LEU264A	6	6	16	15	8114	4565.5	3	3	6	4	1062	262.140397676286	2	2	4	1
LEU265A	8	5	25	16	1098	1082	6	4	26	9	1209	800.859602323714	5	2	6	1
GLY187A	4	4	9	5	378	43.0813861705792	3	3	6	3	3	3	2	2	4	0
LEU188A	6	2	17	7	376	1	4	2	10	4	376	1	5	1	4	0
SER149B	4	2	10	2	376	2	4	2	12	1	1	1	1	1	1	1
VAL147B	7	5	20	8	1253	1253	6	4	23	4	1348	1348	4	3	11	1
ALA189A	6	6	17	12	4335	2975.88301389027	4	4	15	10	1	1	2	2	4	0
TYR205A	7	4	29	16	8338	991.865476961875	7	4	28	13	4296	851	3	2	8	3
ASN247B	2	1	6	1	1	1	1	1	1	1	1	1	1	1	1	1
GLN144B	7	4	18	7	3635	778.518572138245	4	3	9	4	1	1	1	1	1	1
GLY266A	8	8	23	20	6426	6259.09962868442	5	5	18	11	148	148	2	2	4	1
THR256A	6	6	19	17	15336	11503.4003713156	4	4	11	10	456	386.133517573977	2	2	2	2
ARG110A	6	5	16	11	1310	932.39493358876	6	5	20	12	1310	932.39493358876	5	5	10	7
GLY226A	3	3	2	1	749	749	2	2	2	0	1	1	1	1	1	1
SER227A	3	1	4	1	1868	1	3	1	4	0	1	1	1	1	1	1
ARG156B	8	3	25	6	916	248.078655004017	7	3	29	5	637	248.078655004017	4	3	9	5
GLU198B	5	3	15	6	7861	3828.63426668327	4	3	13	5	7861	3828.63426668327	3	3	2	2
VAL272B	8	7	31	18	1637	1349.36233908732	4	3	17	7	377	377	2	2	3	0
GLN192A	6	3	12	6	380	1	4	1	7	0	5	1	2	1	4	0
PRO190A	7	5	20	12	2366	2366	2	2	6	3	1	1	2	2	4	0
VAL143A	7	6	21	14	507	315.5	5	4	13	8	114	114	2	2	5	3
PRO250B	5	4	11	7	1826	1654.56887386021	5	4	13	7	1778	1654.56887386021	4	4	6	4
VAL97B	6	5	13	9	846	796.5	4	3	13	1	747	747	2	2	3	0
ASN235A	5	5	14	8	1517	1388.39212560845	4	4	9	4	922	793.392125608453	3	3	4	3
LYS139A	5	1	15	1	1004	1	4	1	10	0	1	1	2	1	3	0
ARG267B	5	4	12	7	749	651.529482895362	3	3	3	1	1	1	1	1	1	1
LYS101B	3	1	7	1	307	1	2	1	2	0	1	1	1	1	1	1
ARG282A	9	7	23	14	4425	1336.2962749664	7	6	26	15	1830	585.690436745494	2	2	3	2
PHE134A	6	5	22	12	3586	1561	5	4	21	13	1	1	1	1	1	1
ARG158A	9	6	26	10	16283	4864.14855564865	6	5	18	8	8496	4864.14855564865	5	5	13	9
GLU258A	6	3	22	9	1755	198.278262616204	5	2	20	4	1287	268.144745042227	3	3	5	5
LYS164A	4	2	13	3	20028	7506.67127590987	4	2	12	3	9992	7506.67127590987	3	2	4	2
THR140B	6	4	16	7	4224	2037.04426285519	4	3	7	3	3922	1765.95812117765	2	2	2	2
ARG175B	7	6	21	14	11754	5503.22497668572	7	6	30	15	6521	5361.22497668572	4	4	8	6
ALA189B	7	6	18	12	35072	16946.7733890042	5	4	18	10	17132	15010.2299240175	3	3	8	5
MET169A	6	3	14	2	20784	10411	5	3	17	1	10374	1	3	1	9	0
MET237A	8	5	23	10	1890	444.256989216079	7	5	28	15	1	1	1	1	1	1
ASP259B	6	5	12	4	448	251.104768965125	3	2	8	2	1	1	1	1	1	1
SER261B	5	1	8	1	1	1	2	1	3	0	1	1	1	1	1	1
PRO152A	5	4	13	9	1367	460.262869075167	4	4	15	10	383	309.402350569034	3	3	3	1
LEU194A	6	6	25	19	1496	1096.99557710413	6	6	29	20	1	1	1	1	1	1
ALA119B	4	3	11	4	376	376	2	2	5	3	1	1	2	1	3	0
CYS220B	6	5	23	16	610	523.239371689737	5	5	26	19	171	124.078285411589	3	2	6	3
VAL157B	9	8	30	23	690	298.08296763351	7	6	25	17	449	169.08296763351	5	4	15	8
ARG158B	7	5	21	9	17282	12286.8324135877	5	5	15	9	16902	11948.1702233021	5	4	14	6
GLU258B	6	3	21	7	10054	2162.7656216941	5	3	19	6	15254	1947.41887137901	3	2	7	3
ILE255A	8	5	32	16	4046	1540.08612363677	6	3	23	5	3116	1329.58629081138	4	3	11	5
TYR234A	7	4	26	11	3257	378.722691163933	5	3	19	5	3521	510.722691163933	6	4	14	7
CYS220A	6	6	21	18	376	308.702162114339	6	6	29	21	295	234.202162114339	2	2	4	4
THR155A	9	8	26	19	5156	3461.47761417817	9	8	37	22	3713	2612.3381326843	5	5	9	5
LEU206B	5	3	14	6	416	42.8195636031284	4	2	13	4	416	42.8195636031284	4	2	11	3
SER215B	6	3	18	6	1197	342.337809714375	5	3	15	5	662	1	4	2	11	1
GLY279B	8	8	24	21	373	361.079112738116	3	3	9	7	373	361.079112738116	3	3	6	4
THR118B	6	4	16	9	1720	735.979351412819	6	4	12	8	1329	728.263470660948	4	3	5	3
ASN263B	4	3	7	4	1066	117.895231034875	4	3	5	1	1	1	1	1	1	1
VAL216A	9	9	26	20	4181	4017.34031123036	7	7	29	19	3878	3866	5	5	9	5
GLY262A	5	5	9	7	1162	1162	3	3	7	3	1	1	1	1	1	1
PRO98A	6	5	19	9	11840	8459.00063647357	5	4	18	8	1	1	1	1	1	1
VAL97A	7	6	18	12	31062	30939.5	6	5	20	6	31062	30939.5	5	5	7	1
LYS101A	4	1	9	1	29088	1	3	1	4	0	14901	1	2	1	1	0
HIS178B	4	1	11	1	267	1	2	1	6	0	110	1	2	1	4	0
PRO219A	4	3	10	6	375	202.150193192722	3	2	6	1	1122	811.09408411644	3	3	3	3
VAL218A	7	7	20	14	2679	1377.46017189683	5	5	19	13	1967	748.556109076281	3	3	6	5
GLN100A	4	2	13	4	965	345.639434648101	3	2	8	3	886	345.639434648101	2	2	2	2
ILE254A	7	5	24	9	3169	2158.65556862418	5	5	12	6	1	1	2	1	2	0
GLY105B	7	7	17	13	1200	1200	6	6	18	9	655	655	3	3	4	1
TYR107B	5	2	14	3	331	105.919896627386	4	2	11	3	330	105.919896627386	2	2	2	2
GLU285B	6	4	16	6	1669	309.698434839381	5	4	13	6	1	1	1	1	1	1
LYS132B	4	3	12	5	2846	2101.5227950563	3	3	8	6	1828	1392.22122989568	2	2	1	1
ILE232A	7	5	27	16	2268	826.774195456978	5	4	20	12	2093	821	5	4	14	7
ARG174A	4	3	13	6	414	104.889923548949	3	3	7	4	414	104.889923548949	2	2	4	4
ASN247A	4	3	10	2	753	317.034376241056	3	3	6	3	1	1	1	1	1	1
MET243A	5	2	9	2	378	249.465623758944	4	2	7	2	1	1	1	1	1	1
LYS120B	3	1	8	1	376	1	2	1	3	0	376	1	2	1	1	0
ASN200A	5	2	15	6	1084	377.006990298709	4	2	13	4	1	1	1	1	1	1
VAL197A	10	8	32	23	2713	1477.15968876964	8	6	32	16	2180	1330	5	4	12	6
GLY117B	4	4	11	8	615	337.207080660259	3	3	11	8	840	569.92296141213	3	3	6	5
ALA129B	4	4	8	8	2	1.5	2	2	2	2	1	1	1	1	1	1
VAL272A	8	7	30	18	1624	1421.11022562263	4	3	16	7	1367	1367	2	2	3	0
VAL274A	11	10	32	24	6056	5552.84903278474	9	8	41	23	156	132.351311909854	3	3	4	1
GLN104B	3	2	11	6	364	104.529288420769	2	2	6	5	1	1	1	1	1	1
ASP148B	4	3	11	8	376	94.768790582734	4	3	16	9	84	21.9236018656442	2	2	4	4
GLN136A	6	4	21	5	2594	663.115615281003	6	4	24	2	1288	286.115615281003	4	3	8	3
LEU130A	7	6	13	10	3530	2446.40161208857	6	6	16	12	1	1	1	1	1	1
SER127A	5	4	13	8	2414	1188.9096277941	5	4	16	9	1	1	1	1	1	1
LEU114A	3	3	10	6	410	221.540829844224	3	3	6	4	1	1	1	1	1	1
VAL217B	7	7	24	19	9251	3509.51268671172	5	5	20	12	12757	3562.82566255533	5	5	17	13
VAL225A	2	2	2	2	1	1	1	1	1	1	1	1	1	1	1	1
VAL216B	9	9	25	19	16113	15001.5	7	7	30	20	14481	14258	5	5	14	9
PRO151B	5	3	12	2	1124	238.018623351593	5	3	15	2	747	1	3	1	3	0
ALA276A	5	3	14	6	213	1	3	1	13	0	179	1	2	1	3	0
ASP268B	4	4	12	10	376	246.625448286215	3	3	10	9	376	246.625448286215	2	2	1	1
LEU111B	8	7	26	15	4149	3747.37455171378	6	6	21	13	376	130.374551713785	2	2	1	1
PHE109B	8	3	34	10	4407	231	7	2	30	2	4086	1	5	1	11	0
CYS182B	6	5	11	11	6979	5673.33106019371	3	3	10	8	1	1	1	1	1	1
GLU221B	5	4	12	6	2135	444.693290682884	3	2	6	2	1844	448.693290682884	3	3	4	3
PRO222B	4	2	9	3	1	1	2	1	4	0	1	1	1	1	1	1
ARG282B	9	7	23	13	4217	2222.30899208433	7	6	25	14	2612	782.308992084328	3	3	8	7
THR125B	9	8	28	22	3966	2828.65271331703	7	6	27	17	3718	2745.03933241743	6	6	9	5
TYR103A	5	2	12	6	2501	90.4088330204617	4	2	11	5	913	90.4088330204617	2	2	2	2
ARG202B	4	3	10	4	2783	1856.78205443047	3	3	3	2	2783	1856.78205443047	3	3	3	3
ALA159A	6	6	24	16	1453	998.191185199293	4	4	15	10	1004	855.191018024687	3	3	9	7
CYS275A	7	7	20	15	969	456.891934729276	5	5	22	17	54	24.6486880901459	2	2	2	2
GLY266B	8	8	22	17	4159	4159	5	5	17	8	2881	2881	4	4	10	2
ILE232B	5	5	20	19	3098	1407.48398976501	4	4	15	13	2081	1041	2	2	6	5
PRO223B	5	5	9	7	1154	1109.45027910903	4	4	12	6	1095	1095	2	2	3	1
SER95B	3	2	13	6	376	376	3	2	12	2	1	1	1	1	1	1
THR155B	9	8	26	18	5446	3557.90312846989	9	8	35	21	733	733	2	2	2	0
LEU133A	6	6	22	17	992	950.73564481379	6	6	25	15	824	824	4	4	8	2
ASP281B	4	3	15	6	376	105.257065569843	3	3	8	6	1	1	1	1	1	1
ASP207A	4	3	10	9	199	32.1819657160275	3	3	9	9	376	32.1819657160275	4	3	11	7
HIS193A	7	7	17	12	776	616.27525032223	6	6	19	12	776	616.27525032223	4	4	11	8
LEU206A	5	3	16	7	551	160.377423306134	4	2	14	4	728	337.377423306134	5	3	14	6
ASN131A	4	3	11	3	2626	1793	4	3	11	2	1793	1793	3	3	5	0
PHE270A	8	3	23	7	6114	413.920488409361	7	3	27	7	5330	1	5	1	10	0
GLN165B	3	3	5	4	374	124.431126139785	2	2	4	3	374	124.431126139785	2	2	3	3
HIS168B	4	3	6	5	747	417.228664434487	2	2	6	5	747	417.228664434487	2	2	4	3
GLY244A	4	4	10	8	376	151.123409862926	3	3	6	6	1	1	1	1	1	1
GLY245A	7	7	20	16	8574	6246.77278050561	5	5	16	13	1	1	1	1	1	1
PRO190B	7	5	21	12	1642	1642	2	2	6	3	3828	3594.82045107619	4	3	12	6
PRO191B	4	3	15	6	1164	1	2	1	6	0	1366	105.711109561265	3	2	7	2
ARG249B	7	6	19	11	5900	3222.18406901044	7	6	20	12	3940	2232.68406901044	5	4	9	4
GLN167B	2	1	3	1	1	1	1	1	1	1	1	1	1	1	1	1
CYS275B	7	6	20	15	1031	645.353439839467	5	5	20	15	330	146.086930298214	2	2	5	4
ASN235B	5	5	13	6	5944	4272.40761213908	4	4	9	4	3940	2268.40761213908	2	2	2	2
LYS132A	4	3	12	5	9810	6941.70723392355	3	3	8	6	6993	4982.21059276026	2	2	2	2
ASP184B	5	5	15	12	16876	3127.27049733306	5	5	17	13	13229	1821.60155752677	3	3	7	6
GLU198A	5	3	15	6	508	178.359556072091	4	3	8	5	432	178.359556072091	3	3	4	3
ASP228A	4	2	8	1	2608	1120	4	2	9	0	1489	1	2	1	4	0
PRO142B	7	5	22	12	2507	378.796613806818	4	3	9	5	1	1	1	1	1	1
LEU130B	6	5	11	8	1714	1019.40663935319	5	5	12	8	1	1	1	1	1	1
ARG196B	8	6	26	15	18135	10070.0054372598	7	6	28	15	18367	9414.75930473579	5	4	9	4
PRO278B	8	6	23	16	5767	4581	7	5	24	8	3000	2142	3	2	6	0
PRO191A	4	3	15	6	2255	1	2	1	6	0	1	1	1	1	1	1
TYR126B	6	2	19	3	3654	1144	5	2	18	2	884	1	3	1	6	0
ALA138A	4	4	15	9	386	244.026800359874	3	3	9	4	1	1	1	1	1	1
LEU137A	8	7	29	15	1190	799.268488001319	7	6	40	17	1	1	1	1	1	1
GLY112A	5	5	14	11	1788	1452.62873753132	3	3	7	4	1	1	1	1	1	1
PHE113A	4	2	12	3	2001	1915	3	2	10	2	1915	1915	2	2	4	0
HIS214A	5	5	12	9	1020	507.652860412793	5	5	12	9	1020	507.652860412793	5	5	8	6
ARG280B	5	1	13	1	451	1	2	1	3	0	1	1	1	1	1	1
VAL172A	5	5	16	15	8363	8363	4	4	12	8	15811	13931.9714782597	3	3	8	6
SER261A	5	1	8	1	1	1	2	1	3	0	1	1	1	1	1	1
ILE195A	5	4	23	12	936	341	5	4	22	11	357	1	2	1	4	0
LEU257A	9	7	28	19	12727	5246.45970520136	8	7	39	23	2711	868.459705201359	3	3	8	5
PHE109A	7	3	32	10	7888	636	6	2	27	2	3875	383	4	2	9	4
ASP259A	6	5	12	4	1411	305.515673778491	3	2	8	2	1	1	1	1	1	1
THR170B	5	4	12	6	373	50.5	3	2	12	2	4	4	3	3	5	1
LEU145A	5	5	21	17	1001	582.725804543022	4	4	15	13	270	135.5	2	2	3	2
SER96A	4	2	13	5	376	1	4	2	16	2	376	1	3	1	9	0
LEU137B	7	6	26	12	1502	1320	6	5	32	9	458	458	2	2	2	0
PHE270B	8	3	25	7	5564	653.596091235025	7	3	29	7	1352	1	2	1	2	0
ARG110B	6	5	16	11	1140	804.885789351292	6	5	20	12	1140	804.885789351292	5	5	9	6
ASP268A	4	4	12	10	376	247.588818479716	3	3	10	9	376	247.588818479716	2	2	4	4
SER269A	3	1	5	1	376	1	2	1	3	0	376	1	2	1	2	0
ASP228B	4	1	9	1	376	1	4	1	10	0	376	1	2	1	3	0
ALA159B	6	6	22	13	4538	2635.82468605075	4	4	15	9	4848	2945.82468605075	6	6	17	11
TYR234B	6	2	24	5	3416	268.919489482161	5	2	19	3	2818	268.919489482161	3	2	9	5
GLY262B	5	5	9	6	2105	1889.65324968492	3	3	7	4	1	1	1	1	1	1
SER185A	5	3	11	5	376	335.918613829421	4	3	11	4	1	1	1	1	1	1
GLN100B	4	2	10	2	1870	351.941473925359	3	2	6	2	896	351.941473925359	2	2	1	1
GLU286B	4	3	13	7	43	22.2473175863071	3	2	8	2	1	1	1	1	1	1
ASP186A	5	4	10	7	1862	1397.21956736531	4	3	9	4	374	374	2	2	4	0
GLU171B	3	2	9	5	375	107.792526011221	2	2	6	5	376	107.792526011221	3	2	6	3
ASN263A	4	3	7	4	774	136.484326221509	4	3	5	1	1	1	1	1	1	1
SER166A	3	1	7	1	375	1	2	1	4	0	1	1	1	1	1	1
VAL143B	7	6	22	13	942	873	5	4	14	7	1	1	1	1	1	1
HIS233B	3	2	8	3	303	31.9138583224678	2	2	3	2	1	1	1	1	1	1
TYR163B	4	3	16	9	3664	201.29474054385	4	3	18	9	3664	201.29474054385	4	3	11	5
VAL173B	8	8	21	20	8387	6209.16834056714	6	6	21	16	6468	4450.99883251003	4	4	8	5
PHE134B	5	4	20	11	570	166	4	3	16	8	405	1	2	1	5	0
THR123A	5	4	19	11	305	197.884384718997	4	3	18	6	710	405.117218001533	5	4	14	7
ILE195B	6	5	25	13	10284	3192.52974345709	6	5	25	12	5121	167	3	2	8	1
TYR236B	9	4	33	10	5052	623.823983697668	9	4	39	8	1	1	1	1	1	1
MET160B	6	2	18	3	683	517	4	2	12	2	1130	517	5	2	12	1
TYR107A	5	2	14	3	346	74.5976494309659	4	2	11	3	345	74.5976494309659	2	2	2	2
VAL122A	9	7	23	17	1034	782.067727577315	6	5	22	10	1083	500.767166717464	6	5	11	4
ARG248A	4	3	9	3	376	188.5	4	3	9	3	1	1	1	1	1	1
SER99B	5	4	11	4	563	98.4705171046384	3	2	5	2	1	1	1	1	1	1
ALA203B	8	7	24	19	4729	598.639656611275	6	5	25	16	4709	588.639656611275	3	2	7	5
GLY105A	7	7	17	13	1288	1198.59116697954	6	6	18	10	913	823.591166979538	3	3	5	2
MET169B	5	2	11	1	747	1	3	1	12	0	749	1	4	1	4	0
SER166B	2	1	4	1	1	1	1	1	1	1	1	1	1	1	1	1
VAL157A	9	8	29	23	1028	493.5	7	6	28	19	506	214	4	3	8	4
LEU111A	8	7	24	14	3845	3336.91118152028	6	6	20	12	4086	3457.41118152028	5	5	11	4
THR253B	7	7	29	15	2861	1437.21758597999	5	5	22	11	1	1	2	2	3	1
GLN192B	6	3	13	6	922	1	4	1	7	0	1124	98.2888904387355	5	3	9	3
GLU180B	2	2	5	3	376	376	2	2	3	0	376	376	2	2	4	2
SER185B	6	4	14	8	562	378	4	2	14	3	185	1	2	1	4	0
ILE162B	6	2	23	3	6150	608.552739909342	5	2	20	3	4003	608.552739909342	4	2	8	1
ILE254B	6	4	22	5	3378	2770.44726009066	4	4	8	3	4030	1676.44726009066	4	2	7	1
PRO278A	10	8	27	21	1810	1019	9	7	30	12	934	934	4	4	9	6
ARG174B	5	4	17	9	373	95.7605199402051	3	3	7	4	373	95.7605199402051	3	3	5	5
GLU285A	6	4	18	7	4676	858.503358836717	5	4	15	7	1	1	1	1	1	1
THR284A	4	4	7	4	1	1	1	1	1	1	1	1	1	1	1	1
ARG283B	4	4	12	8	223	113.465243425169	2	2	5	3	223	113.465243425169	2	2	3	2
CYS135A	5	4	26	15	832	253.601469335085	5	4	28	14	443	120.099190209972	3	2	6	3
GLN144A	7	4	16	7	2322	491.871262468681	4	3	8	4	224	1	2	1	3	0
GLU204B	5	2	20	2	376	1	5	2	21	2	1	1	2	2	3	2
GLY108B	8	7	20	10	2603	1979.81613164521	7	6	25	11	1778	1501.19060878306	3	3	8	4
SER96B	5	2	14	5	376	1	3	2	12	2	1	1	1	1	1	1
PRO223A	4	3	7	5	376	300	4	3	9	4	77	1	2	1	2	0
SER227B	4	3	6	4	1868	1120	4	3	9	3	1120	1120	2	2	3	1
VAL172B	5	5	17	15	2586	2586	3	3	10	7	2921	2018.00116748997	3	3	5	5
TYR205B	7	4	28	15	20960	2289.18423703423	7	4	29	13	20960	2289.18423703423	5	3	13	5
ASP207B	4	3	10	9	334	37.2346476748651	3	3	9	9	312	33.7112718478157	2	2	4	4
SER106B	2	1	6	1	376	1	2	1	5	0	1	1	1	1	1	1
GLU286A	4	3	13	7	237	120.162761003679	3	2	9	3	1	1	1	1	1	1
SER240A	4	3	18	11	376	347	4	3	19	9	1	1	2	2	3	0
ARG209A	3	1	4	1	1	1	1	1	1	1	1	1	1	1	1	1
ASN210A	4	2	8	1	1	1	1	1	1	1	1	1	1	1	1	1
GLY154B	5	5	14	11	1110	1110	4	4	15	9	1	1	1	1	1	1
THR211B	7	6	13	10	2226	1851	4	3	13	8	1	1	1	1	1	1
ALA119A	4	3	11	4	749	749	2	2	5	3	1	1	2	1	5	0
LYS120A	2	1	3	1	1	1	1	1	1	1	1	1	1	1	1	1
HIS178A	5	2	13	3	81	1.56462151726561	3	2	9	2	1	1	1	1	1	1
CYS277A	6	3	13	3	52	1	2	1	8	0	1	1	1	1	1	1
HIS168A	4	3	9	7	376	179.4303879632	3	2	9	5	374	179.4303879632	2	2	3	3
MET243B	3	1	6	1	1	1	2	1	2	0	1	1	2	1	3	0
ILE251B	6	5	24	18	376	219	6	5	24	15	1	1	2	2	4	2
THR231B	6	6	18	16	1440	1440	3	3	7	5	22	20.8211364712735	2	2	2	1
ARG280A	4	1	10	1	1	1	1	1	1	1	1	1	1	1	1	1
PHE212A	3	1	8	1	376	1	2	1	3	0	1	1	1	1	1	1
ALA161B	7	7	22	16	8881	3847.30191597577	5	5	18	15	438	438	3	3	7	2
ILE255B	9	5	34	14	4378	1412.25582446709	6	3	24	4	5016	3158.25582446709	4	3	11	6
ARG267A	5	4	13	7	14610	14524.0182609412	3	3	4	1	1	1	1	1	1	1
GLN136B	6	4	20	5	4788	2076.08862808778	6	4	21	2	3621	2076.08862808778	4	3	7	1
LYS139B	5	1	15	1	3809	1	4	1	10	0	1734	1	2	1	3	0
CYS182A	6	4	10	7	749	748.435378482734	3	3	9	6	1	1	1	1	1	1
PRO151A	5	3	12	2	1124	238.946967163908	5	3	15	2	747	1	3	1	6	0
THR150A	2	2	4	2	376	140.053032836092	2	2	4	2	1	1	1	1	1	1
LEU114B	3	3	10	6	1998	1167.70338619318	3	3	6	4	1	1	1	1	1	1
ALA138B	4	4	13	6	398	267.028450191637	3	3	8	2	1	1	1	1	1	1
ASN210B	4	2	8	1	1	1	1	1	1	1	1	1	1	1	1	1
ASP208B	4	4	8	6	1	1	1	1	1	1	1	1	1	1	1	1
SER116B	3	1	8	1	135	1	2	1	4	0	242	1	2	1	2	0
SER99A	5	4	13	4	649	86.9817390588123	3	2	6	2	1	1	1	1	1	1
SER260B	4	2	9	1	370	1	2	1	3	0	1	1	1	1	1	1
LEU145B	6	6	23	17	1109	742.516010234988	5	5	20	14	1	1	1	1	1	1
SER149A	4	2	10	2	376	2	4	2	12	1	1	1	1	1	1	1
SER183B	2	2	4	4	1	1	1	1	1	1	1	1	1	1	1	1
GLY117A	4	4	11	8	660	359.593855220609	3	3	11	8	930	636.224098006984	3	3	5	2
SER116A	3	1	9	1	90	1	2	1	5	0	376	1	3	1	7	0
SER121B	2	2	7	7	1	1	1	1	1	1	376	376	2	2	3	2
SER215A	6	3	20	7	1494	439.237934629887	5	3	15	5	1546	439.237934629887	5	3	14	6
ARG202A	3	2	8	2	375	173.849806807278	2	2	2	1	375	173.849806807278	2	2	2	2
ARG209B	3	1	4	1	1	1	1	1	1	1	1	1	1	1	1	1
ILE251A	6	5	24	18	156	112.5	5	5	19	15	1	1	1	1	1	1
PRO177A	5	5	12	9	156	99.603809631464	3	3	5	3	1	1	1	1	1	1
LEU289A	3	3	8	7	376	135.880368460679	3	3	6	6	1	1	1	1	1	1
MET160A	5	2	15	3	831	619	3	2	8	2	1138	619	3	2	6	2
GLY187B	4	3	10	4	1	1	2	2	3	1	1	1	1	1	1	1
THR102A	2	2	4	2	1	1	1	1	1	1	1	1	1	1	1	1
PHE212B	3	1	8	1	371	1	2	1	2	0	1	1	1	1	1	1
ARG248B	3	2	6	3	444	87	3	2	5	0	358	1	2	1	3	0
SER241B	4	3	11	5	87	1	2	1	2	0	1	1	1	1	1	1
GLY199A	3	3	6	4	440	440	3	3	6	3	1	1	1	1	1	1
ASN288A	2	2	3	3	1	1	1	1	1	1	1	1	1	1	1	1
THR150B	2	2	4	2	376	140.981376648407	2	2	4	2	1	1	1	1	1	1
SER106A	2	1	6	1	376	1	2	1	5	0	1	1	1	1	1	1
TYR103B	5	1	12	1	1977	1	4	1	11	0	655	1	2	1	2	0
GLY226B	3	3	3	3	749	749	2	2	3	2	1	1	1	1	1	1
LEU289B	3	3	7	6	376	188.5	3	3	5	5	1	1	1	1	1	1
VAL225B	2	2	2	2	1	1	1	1	1	1	1	1	1	1	1	1
THR284B	3	3	8	4	1	1	1	1	1	1	1	1	1	1	1	1
SER260A	4	2	9	1	58	1	2	1	3	0	1	1	1	1	1	1
ASN131B	4	3	11	3	2870	1727	4	3	11	2	1727	1727	3	3	2	0
THR170A	5	4	13	8	316	123.5	3	2	13	4	316	123.5	3	2	9	4
SER269B	3	1	5	1	376	1	2	1	3	0	376	1	2	1	2	0
SER183A	2	2	4	4	1	1	1	1	1	1	1	1	1	1	1	1
THR102B	2	2	4	1	1	1	1	1	1	1	1	1	1	1	1	1
GLU180A	2	2	5	3	376	376	2	2	3	0	1	1	1	1	1	1
SER121A	2	2	8	7	1	1	1	1	1	1	376	376	2	2	5	4
LYS164B	2	2	5	3	376	330.588436297434	2	2	4	3	1	1	1	1	1	1
HIS115A	1	1	1	1	1	1	1	1	1	1	1	1	1	1	1	1
ARG181A	1	1	1	1	1	1	1	1	1	1	1	1	1	1	1	1
LEU201A	1	1	1	1	1	1	1	1	1	1	1	1	1	1	1	1
GLU224A	1	1	1	1	1	1	1	1	1	1	1	1	1	1	1	1
GLU287A	1	1	1	1	1	1	1	1	1	1	1	1	1	1	1	1
HIS115B	1	1	1	1	1	1	1	1	1	1	1	1	1	1	1	1
ARG181B	1	1	1	1	1	1	1	1	1	1	1	1	1	1	1	1
LEU201B	1	1	1	1	1	1	1	1	1	1	1	1	1	1	1	1
GLU224B	1	1	1	1	1	1	1	1	1	1	1	1	1	1	1	1
GLU287B	1	1	1	1	1	1	1	1	1	1	1	1	1	1	1	1
ASN288B	1	1	1	1	1	1	1	1	1	1	1	1	1	1	1	1
ARG290A	1	1	1	1	1	1	1	1	1	1	1	1	1	1	1	1
