Degree	Degree_sidechain	SecondOrderDegree	SecondOrderDegree_sidechain	NodeEdgeBetweennessSTRIDE	NodeEdgeBetweennessSTRIDE_sidechain	IntermodularDegreeSTRIDE	IntermodularDegreeSTRIDE_sidechain	SecondOrderIntermodularDegreeSTRIDE	SecondOrderIntermodularDegreeSTRIDE_sidechain	NodeEdgeBetweennessWALKTRAP	NodeEdgeBetweennessWALKTRAP_sidechain	IntermodularDegreeWALKTRAP	IntermodularDegreeWALKTRAP_sidechain	SecondOrderIntermodularDegreeWALKTRAP	SecondOrderIntermodularDegreeWALKTRAP_sidechain
CYS229A	5	4	13	7	535	175.583001572652	5	4	10	4	447	175.583001572652	4	4	6	2
TRP146A	7	4	18	7	1486	1197.41699842735	5	3	15	5	2150	1197.41699842735	5	3	8	3
CYS141A	8	6	22	11	703	275.494990430699	5	4	21	10	1	1	1	1	1	1
PRO142A	7	4	19	10	331	51.4803099049139	5	3	9	5	608	51.4803099049139	4	2	7	1
ARG273A	6	3	20	7	353	236.929660801942	4	3	9	6	849	236.929660801942	5	3	11	3
ASP281A	3	3	9	7	193	46.0536732770392	3	3	7	6	164	33.7043268576782	2	2	4	2
GLY105A	7	7	16	11	721	721	7	7	20	9	360	360	3	3	5	2
SER106A	3	2	9	2	193	1	2	1	6	0	1	1	1	1	1	1
ARG196A	8	6	28	16	1959	1270.79438140299	7	6	32	19	651	432.268807473099	3	3	5	3
ASP184A	6	6	17	13	521	99.0675258743374	6	6	23	18	167	42.6637254481709	3	3	4	2
GLY108A	8	7	19	9	1023	951.404702813014	7	6	22	8	1	1	1	1	1	1
TYR107A	7	2	18	2	441	53.7195717373204	5	2	18	2	157	1	3	1	8	0
CYS242A	7	5	19	8	196	128.390550369196	5	4	23	12	184	125.512599777142	3	3	7	3
HIS179A	7	5	20	9	1351	111.707943136017	6	4	26	12	507	1	3	2	5	3
PRO128A	5	5	15	11	874	837.119254622039	4	4	16	11	1	1	2	2	6	5
TYR126A	6	2	20	3	4411	175	5	2	17	2	3685	1	4	1	13	0
LYS101A	3	2	9	4	193	1	2	1	4	0	1	1	1	1	1	1
THR102A	5	4	12	8	193	193	3	3	8	5	1	1	1	1	1	1
ARG267A	8	5	18	12	908	432.116728401049	5	4	9	4	1	1	1	1	1	1
LEU264A	6	6	19	16	23	23	3	3	7	4	76	20.3272233418963	2	2	4	2
CYS176A	7	6	20	9	2659	1062.18178366996	7	6	24	12	818	219.075483157431	2	2	4	3
THR230A	3	2	7	4	91	1	2	1	4	0	91	1	2	1	3	0
THR231A	5	5	13	8	137	137	2	2	4	2	371	359.647174260544	4	4	6	3
SER241A	3	3	10	5	1	1	1	1	1	1	189	189	2	2	3	0
TYR239A	6	1	23	1	376	1	4	1	21	0	284	1	4	1	8	0
THR125A	9	9	30	24	3355	2327.00006816525	7	7	25	17	277	170.387250174687	5	5	10	2
VAL122A	8	5	22	14	660	425.746926649265	5	3	22	9	1	1	1	1	1	1
GLY266A	8	8	22	17	3116	2899.36812577834	5	5	18	10	1368	1368	4	4	13	7
GLN165A	5	5	13	10	657	522.312282177259	5	5	15	11	1	1	1	1	1	1
GLN167A	4	2	6	4	235	114.192291356987	2	2	4	4	1	1	1	1	1	1
ARG156A	6	6	17	13	193	54.2449675459106	5	5	14	11	193	54.2449675459106	4	4	11	9
VAL217A	7	7	21	18	459	391.255032454089	5	5	16	11	554	307.450494447809	5	5	15	12
ILE162A	6	2	22	3	5269	476.276867192944	5	2	19	3	3437	476.276867192944	4	2	10	1
VAL173A	8	8	23	19	4377	4051.21541988213	6	6	23	15	576	358.527384414895	4	4	8	7
THR253A	6	6	23	12	2516	1289.37109989778	4	4	18	7	2516	1289.37109989778	4	4	11	5
TYR236A	9	4	33	9	2731	558.236577113325	9	4	39	7	1155	531.962738467918	2	2	3	3
ALA138A	4	4	12	8	331	239.575476273871	3	3	7	4	1	1	1	1	1	1
LEU137A	7	6	27	13	813	524	6	5	33	11	1	1	1	1	1	1
GLU271A	6	4	15	5	2009	487.834308981741	5	4	12	6	2518	361.671049902087	4	2	9	1
PRO250A	5	4	14	9	665	585.495426465754	5	4	17	10	1	1	1	1	1	1
CYS124A	6	5	21	16	197	141.836390410555	5	4	14	8	277	107.612749825313	3	2	5	4
CYS182A	4	4	9	9	383	341.336274551829	3	3	10	8	359	317.336274551829	3	3	3	2
CYS238A	10	6	31	13	7453	2120.87927030522	9	5	47	17	2549	658.411917065427	5	4	10	4
MET246A	10	5	29	11	3298	1699.27771502657	9	5	39	11	1726	1699.27771502657	6	5	14	7
TYR220A	6	4	17	7	2218	147.444477998178	5	3	19	6	2685	228.166653924875	5	4	9	4
VAL147A	5	4	19	9	663	512.711519136842	4	3	16	6	1277	1176.71151913684	3	3	8	5
ASP208A	4	4	7	5	1	1	1	1	1	1	1	1	1	1	1	1
THR211A	7	6	16	9	757	757	4	3	14	6	5	5	2	2	2	0
LEU265A	7	4	20	10	124	14.5	5	3	22	6	84	64.6727766581037	5	3	8	1
GLY187A	4	4	9	5	1	1	2	2	3	1	1	1	1	1	1	1
LEU188A	6	2	14	3	101	1	4	2	11	2	93	1	3	2	7	0
ARG280A	5	3	13	2	108	26.3363340312776	3	3	5	2	31	1	2	1	1	0
CYS277A	6	3	16	2	771	271.663665968722	4	3	11	2	1	1	1	1	1	1
GLY226A	5	5	7	4	1	1	2	2	4	2	1	1	1	1	1	1
SER227A	4	2	7	3	757	1	2	1	4	0	1	1	1	1	1	1
ARG249A	9	7	22	11	4963	3590.29219194486	9	7	29	13	482	252.621735031089	3	3	3	3
TYR163A	4	3	19	10	3541	227.659789930651	4	3	21	10	1	1	1	1	1	1
PRO151A	7	5	15	6	2157	1236.91234300272	7	5	17	5	1392	940.844002864981	3	2	5	3
ARG282A	10	8	24	16	4276	2255.41318474303	8	7	28	16	2437	1891.37329115011	7	6	11	2
PHE134A	6	5	21	12	507	506	5	4	21	12	505	505	3	2	10	5
ARG158A	8	5	22	9	1827	937.8941877555	6	4	18	6	1690	937.8941877555	7	5	19	10
GLU258A	6	5	23	16	1789	516.23113871261	5	4	18	10	1932	682.302659855112	3	3	8	6
LYS164A	3	2	9	3	193	137.836740920347	3	2	8	3	1	1	2	1	4	0
GLU171A	4	2	15	6	192	26.534575067247	3	2	12	6	10	1	2	1	3	0
VAL172A	7	7	19	17	235	235	5	5	14	9	742	294.94668256256	4	4	6	4
ASN268A	6	4	19	9	1384	593	5	3	15	3	1192	593	4	3	11	3
PHE109A	7	3	25	7	1315	124	6	2	24	3	772	124	6	3	18	7
VAL216A	9	9	24	20	1361	1182.5	7	7	29	19	1431	1252.5	6	6	20	12
ARG175A	7	7	21	15	5049	3482.80275093161	7	7	31	21	507	507	2	2	2	1
GLY245A	7	7	23	17	1014	764.282091764356	5	5	21	17	430	223	3	3	7	6
MET237A	8	5	24	12	2655	609.225045198666	7	5	29	18	1	1	1	1	1	1
PRO152A	4	3	12	5	696	643.28042826268	3	3	10	5	200	1	2	1	1	0
PRO153A	3	2	5	3	1	1	1	1	1	1	200	200	2	2	1	0
LEU194A	6	6	26	19	349	278.722284973427	6	6	31	21	144	73.7222849734269	4	4	11	9
ILE255A	7	4	25	9	769	645	5	4	20	7	769	645	5	4	18	6
LEU111A	7	6	24	13	1319	1253	5	5	18	10	1189	1188	5	5	18	8
LEU252A	6	6	18	12	1371	1056	5	5	16	8	817	817	5	5	13	4
GLY262A	6	6	12	10	940	754.809767509096	4	4	11	9	1	1	1	1	1	1
SER185A	6	4	13	8	347	1	4	2	15	3	347	1	3	1	4	0
PRO219A	3	3	6	6	127	87.723972984722	2	2	1	1	443	349.790200540984	3	3	5	5
VAL218A	7	7	19	17	451	398.429354276972	5	5	18	13	820	352.16766472699	5	5	11	10
GLN100A	5	3	14	6	1701	444.192996825015	4	3	10	6	363	129.192996825015	2	2	2	1
ILE254A	6	4	18	4	2584	2108.72313280706	4	4	9	3	1876	1400.72313280706	2	2	3	1
THR256A	8	8	27	21	1773	693.515145820608	5	5	15	12	1007	655.738246366593	3	3	8	6
ILE232A	6	3	21	6	3883	492.704368973681	4	2	14	3	2120	492.704368973681	3	2	5	2
TYR234A	6	3	24	5	1190	30.7297669886096	5	2	17	2	740	30.7297669886096	4	2	11	4
ARG174A	3	2	12	6	1	1	1	1	1	1	193	108.025933022546	3	2	6	3
MET169A	5	3	14	3	511	382.807003174985	4	3	12	2	363	234.807003174985	3	2	7	1
ASN200A	5	2	14	6	246	53.5706457230283	4	2	13	4	172	53.5706457230283	3	2	8	4
VAL197A	10	9	31	22	3371	2371.73684537772	8	7	33	18	1130	742.736845377721	5	5	12	10
PHE157A	5	3	18	8	3573	1025.95013221184	5	3	17	5	3573	1025.95013221184	5	3	14	5
ASP148A	4	3	11	7	221	21.2471114288498	3	3	10	7	1	1	1	1	1	1
SER149A	3	2	8	3	163	1	2	1	6	0	1	1	1	1	1	1
LEU130A	7	6	12	8	677	316.838057488581	6	6	16	11	1	1	1	1	1	1
SER127A	6	5	14	10	935	304.062252131713	6	5	19	10	254	1	2	1	6	0
LEU114A	3	3	10	5	359	201.019690095086	3	3	7	4	144	93.5196900950861	2	2	3	1
ARG202A	3	2	7	2	127	40.276027015278	2	2	1	1	127	40.276027015278	2	2	2	2
VAL203A	8	8	23	17	924	842.763154622279	6	6	28	19	733	651.763154622279	4	4	13	8
ARG213A	9	7	20	12	2081	584.663769951545	9	7	23	9	1296	584.663769951545	7	7	14	8
GLU224A	4	3	5	5	1	1	1	1	1	1	1	1	1	1	1	1
ALA276A	5	3	15	8	44	1	3	1	13	0	1	1	1	1	1	1
GLN136A	7	5	22	11	2755	283.803965375098	7	5	28	9	1379	1	3	1	6	0
TYR103A	5	1	14	1	893	1	4	1	12	0	360	1	2	1	2	0
ALA159A	5	5	17	12	245	201.27023301139	3	3	10	7	367	323.27023301139	5	5	19	11
CYS275A	7	7	20	16	452	251.501721386308	5	5	20	16	335	146.851067805669	3	3	8	5
VAL274A	11	10	32	24	6007	5670.56291537134	9	8	42	23	1810	1601.51494453471	5	4	10	4
TYR205A	10	3	31	14	2862	613	9	3	37	11	1570	1	6	1	17	0
ASN131A	4	3	11	3	575	401	4	3	12	2	401	401	3	3	7	1
PHE270A	9	3	27	6	4781	683.166492251727	8	3	30	6	4781	683.166492251727	7	2	20	3
GLY244A	5	5	8	7	385	151.229499182355	4	4	8	7	1	1	1	1	1	1
VAL272A	8	7	28	17	291	196.225830737163	4	3	15	6	1211	1142.49966938257	5	4	13	6
ARG283A	4	2	9	3	227	183.671852245957	2	2	4	2	383	183.671852245957	3	2	2	1
THR118A	6	4	17	7	974	469.446825254157	5	3	13	7	227	44.3281477540435	2	2	2	1
SER215A	6	3	19	7	277	75.0649060227953	4	2	13	3	347	75.0649060227953	5	3	19	6
GLY154A	4	4	8	8	556	556	3	3	7	5	1	1	1	1	1	1
SER260A	3	2	6	1	191	1	2	1	2	0	1	1	1	1	1	1
GLU198A	4	2	9	1	311	44.8603431249232	3	2	3	1	689	44.8603431249232	3	2	5	1
LYS235A	2	2	3	1	193	149.139656875077	2	2	2	1	193	149.139656875077	2	2	2	1
PRO98A	6	6	15	9	2696	2300.33623004846	4	4	15	8	2696	2300.33623004846	4	4	14	8
SER96A	5	1	13	1	193	1	3	1	11	0	193	1	3	1	7	0
GLY112A	6	6	19	16	2490	2062.9553580613	4	4	11	7	1	1	1	1	1	1
PHE113A	6	3	21	4	4638	4261	5	3	19	3	4535	4261	4	3	11	1
SER261A	5	1	7	1	5	1	2	1	3	0	1	1	1	1	1	1
ILE195A	5	4	21	9	1761	876.755533270471	5	4	20	7	1295	410.755533270471	4	3	12	3
LEU257A	7	6	23	12	3339	1647.1928448555	7	6	27	11	2509	1301	5	4	14	4
LEU145A	6	6	21	14	3877	2914.34549881448	4	4	11	7	3747	2849.34549881448	3	3	6	3
ASP228A	5	3	12	4	1697	757	5	3	8	1	926	1	2	1	4	0
ARG110A	5	3	16	5	343	218.092073555741	5	3	16	4	325	205	3	2	7	2
HIS193A	7	7	18	11	1026	971.924124736542	6	6	19	10	768	713.924124736542	4	4	8	6
HIS214A	5	4	12	8	589	233.159060195999	4	4	9	8	586	230.857672294	4	3	9	4
ALA189A	7	6	17	11	990	614.975622410752	5	4	19	9	715	598.688165263878	4	4	9	4
ASP186A	5	4	9	6	423	390.755570116149	3	3	7	4	1	1	1	1	1	1
ASN263A	4	3	7	3	197	6.23119740342487	4	3	5	1	1	1	1	1	1	1
ASP259A	4	4	7	5	4	2.76880259657513	2	2	3	2	1	1	1	1	1	1
THR123A	4	4	14	10	92	46.5	3	3	10	7	1	1	2	2	2	1
PRO278A	9	7	27	18	2871	1720.6960346249	8	6	30	12	156	156	2	2	2	1
PRO223A	5	5	9	8	104	104	3	3	8	5	1	1	1	1	1	1
PRO190A	6	5	18	10	840	840	2	2	8	2	140	124.043027263023	3	3	5	4
HIS115A	2	1	4	1	1	1	1	1	1	1	1	1	1	1	1	1
SER116A	5	2	14	1	1	1	3	1	13	0	383	1	4	1	11	0
ALA161A	6	6	19	12	1373	580.029046847395	4	4	13	12	690	343.244466729529	3	3	8	3
VAL97A	5	5	11	9	162	108.602750439403	3	3	10	7	162	108.602750439403	3	3	8	7
VAL143A	8	7	21	14	456	438.5	5	4	15	6	681	663.5	4	4	8	4
GLU285A	5	2	13	2	767	189.314092873813	4	2	11	2	1	1	1	1	1	1
THR284A	4	4	7	4	1	1	1	1	1	1	31	31	2	2	1	0
ALA129A	5	4	10	9	2	1.5	3	2	7	2	1	1	1	1	1	1
CYS135A	6	5	27	18	885	280.62064832212	6	5	33	17	156	1	3	2	3	0
GLN144A	7	4	18	8	2705	535.544641938696	4	3	9	5	1	1	2	1	3	0
GLY279A	8	8	25	19	450	325.003643044532	4	4	10	5	157	157	2	2	2	1
ASN247A	4	2	14	6	71	23.3782649689111	3	2	11	6	68	23.3782649689111	2	2	2	2
SER94A	2	2	1	1	2	2	2	2	1	0	1	1	1	1	1	1
SER95A	2	1	1	1	2	1	2	1	1	0	1	1	1	1	1	1
VAL225A	3	2	5	4	1	1	1	1	1	1	1	1	1	1	1	1
HIS168A	4	3	11	7	193	129.135178088335	3	2	12	6	1	1	1	1	1	1
SER240A	4	3	18	11	193	147	4	3	19	9	193	147	3	2	9	3
GLU286A	4	3	14	9	6	3.48043575766701	3	2	10	4	188	42.6267088498945	2	2	6	5
ASN210A	3	1	8	1	1	1	1	1	1	1	1	1	1	1	1	1
SER269A	2	1	3	1	193	1	2	1	3	0	193	1	2	1	2	0
ALA119A	5	4	14	7	4	4	3	2	7	2	1	1	1	1	1	1
LYS120A	4	1	10	1	190	1	3	1	5	0	1	1	1	1	1	1
HIS178A	5	2	10	4	253	1	2	1	6	0	1	1	1	1	1	1
HIS233A	4	4	9	7	166	69.4248233952288	3	3	5	3	44	12.3528257394556	2	2	3	3
THR155A	7	6	22	16	1621	1008.3071551445	7	6	26	16	406	406	2	2	2	1
LEU206A	5	4	21	10	720	264	4	3	14	7	1137	681	5	4	18	8
THR150A	2	2	6	4	193	58.9316598622612	2	2	6	4	1	1	1	1	1	1
PRO177A	4	4	10	8	749	568.796214812691	3	3	9	8	1	1	1	1	1	1
ASP207A	3	3	8	8	193	25.9168150674593	3	3	8	8	190	25.2182029694587	2	2	3	3
GLY199A	3	3	5	3	193	193	3	3	5	2	1	1	1	1	1	1
PRO222A	4	3	9	3	1	1	1	1	1	1	468	387.277824073303	2	2	4	3
GLY117A	4	4	13	10	556	297.717499897802	2	2	6	6	383	383	2	2	3	0
GLN192A	4	2	6	1	393	60.0546810409289	3	2	4	1	393	60.0546810409289	3	2	4	1
GLU180A	2	2	3	1	193	133.945318959071	2	2	2	1	193	133.945318959071	2	2	2	1
SER183A	2	1	3	1	1	1	1	1	1	1	193	1	2	1	2	0
GLN104A	3	2	11	6	397	57.2561122023947	3	2	12	5	1	1	1	1	1	1
GLU221A	3	1	6	1	1	1	1	1	1	1	1	1	1	1	1	1
PRO191A	4	3	12	6	1396	1	2	1	6	0	1	1	1	1	1	1
ILE251A	6	5	22	17	209	137	5	5	19	14	228	108.5	4	3	11	6
SER166A	3	2	6	2	149	1	2	1	3	0	1	1	1	1	1	1
THR140A	3	3	8	7	115	97.5751766047712	2	2	2	2	1	1	1	1	1	1
MET160A	6	2	15	3	199	109	4	2	10	1	321	109	6	2	16	2
LYS132A	4	3	11	3	1781	1232.0148572241	3	3	7	4	1143	782.328950097913	2	2	3	1
SER99A	4	2	13	3	181	1	3	1	7	0	1	1	1	1	1	1
GLU204A	4	2	15	5	193	1.5	4	2	15	4	2	1.5	2	2	3	3
ASN288A	2	2	3	3	1	1	1	1	1	1	1	1	1	1	1	1
MET133A	5	4	18	13	445	427.5	5	4	16	8	310	292.5	3	3	6	5
MET243A	2	1	4	1	1	1	1	1	1	1	1	1	1	1	1	1
THR170A	5	4	12	7	162	54.3972495605973	3	2	10	2	162	54.3972495605973	3	2	8	2
LEU289A	3	3	8	7	193	97	3	3	7	6	1	1	1	1	1	1
PHE212A	3	1	10	1	193	1	2	1	4	0	1	1	1	1	1	1
LYS139A	3	1	9	1	105	1	2	1	2	0	1	1	1	1	1	1
ARG181A	2	2	4	2	1	1	1	1	1	1	1	1	1	1	1	1
SER121A	2	2	7	5	1	1	1	1	1	1	1	1	1	1	1	1
GLU287A	2	2	3	2	1	1	1	1	1	1	1	1	1	1	1	1
ARG209A	2	1	3	1	1	1	1	1	1	1	1	1	1	1	1	1
ARG248A	2	1	4	1	193	1	2	1	4	0	1	1	1	1	1	1
LEU201A	1	1	1	1	1	1	1	1	1	1	1	1	1	1	1	1
ARG290A	1	1	1	1	1	1	1	1	1	1	1	1	1	1	1	1
LYS291A	1	1	1	1	1	1	1	1	1	1	1	1	1	1	1	1
