Degree	Degree_sidechain	SecondOrderDegree	SecondOrderDegree_sidechain	NodeEdgeBetweennessSTRIDE	NodeEdgeBetweennessSTRIDE_sidechain	IntermodularDegreeSTRIDE	IntermodularDegreeSTRIDE_sidechain	SecondOrderIntermodularDegreeSTRIDE	SecondOrderIntermodularDegreeSTRIDE_sidechain	NodeEdgeBetweennessWALKTRAP	NodeEdgeBetweennessWALKTRAP_sidechain	IntermodularDegreeWALKTRAP	IntermodularDegreeWALKTRAP_sidechain	SecondOrderIntermodularDegreeWALKTRAP	SecondOrderIntermodularDegreeWALKTRAP_sidechain
ARG110A	6	5	19	13	3381	3096.69381701019	6	5	22	11	1901	1901	2	2	4	2
TRP146A	6	3	19	5	13545	3674.07009757219	6	3	20	4	6943	3674.07009757219	5	3	6	4
HIS178A	5	3	15	6	575	1.43612523134682	3	2	10	2	1	1	1	1	1	1
HIS179A	8	5	23	11	24823	2219.66743360622	7	5	36	18	11695	1	4	3	14	7
ILE255A	8	4	32	16	8043	334.050433537476	5	2	23	4	14290	6918	5	2	16	4
VAL157A	10	9	31	24	10867	5352.47328582356	8	7	29	16	76	38.5	3	3	5	4
CYS176B	6	5	17	10	123789	36419.1878415084	6	5	22	13	63229	36297.558136491	4	4	9	9
HIS179B	7	6	21	12	101377	56684.8364276226	6	5	27	14	50780	12027.5524589056	4	4	10	10
ASN210B	5	3	9	1	575	109.453283825838	2	2	1	1	575	109.453283825838	2	2	1	1
LEU201C	2	2	4	2	575	466.546716174162	2	2	1	1	575	466.546716174162	2	2	1	1
PRO219C	4	4	9	8	995	563.371084432361	3	3	5	4	2495	1276.09521206103	4	4	5	4
VAL218C	7	7	16	13	13866	8516.06128532486	5	5	12	11	1501	788.275872371328	2	2	3	3
GLY154C	5	5	13	10	1711	1378.99788651446	4	4	12	9	1713	1380.99788651446	4	4	5	3
SER260C	3	2	8	4	571	333.002113485542	2	2	3	3	571	333.002113485542	2	2	3	3
CYS242A	7	5	18	9	1137	456.737298581906	5	4	27	14	217	87.0085231636854	2	2	7	5
ALA276C	4	3	14	7	575	10.6313418615353	3	2	12	4	1	1	1	1	1	1
PRO278C	10	8	28	23	34177	31574.2243487742	9	7	33	14	31470	29729.2243487742	3	3	6	3
PRO128A	5	5	13	9	1141	1049.97834944844	4	4	15	10	1	1	1	1	1	1
TYR126A	6	2	18	2	3431	9.24664124222661	5	2	15	2	1	1	1	1	1	1
ALA159A	7	7	25	18	910	456.232048085497	5	5	17	12	1	1	2	2	2	1
ARG158A	7	5	21	7	19678	10555.8806411843	5	5	12	6	2902	2902	2	2	2	0
GLY279B	11	11	26	23	1204	646.712287869635	6	6	18	8	1	1	1	1	1	1
LYS120B	5	1	14	1	33	1	4	1	13	0	1	1	1	1	1	1
ASN235C	6	5	20	7	6773	5271.48914336256	5	4	16	4	1	1	1	1	1	1
GLU198C	6	3	18	7	7139	2847.5186701176	5	3	16	6	4723	1387.00781348016	3	2	4	2
ARG213A	7	5	23	13	56665	37908.0392839928	7	5	23	12	8132	1	2	1	1	0
THR211A	5	5	12	10	8132	8132	2	2	6	4	8132	8132	2	2	1	0
THR253A	9	9	34	22	2178	1041.54825327874	6	6	28	16	1612	792.776545175764	5	5	15	10
TYR236A	10	3	36	10	11537	588.952616011089	10	3	48	8	6289	588.952616011089	5	3	16	6
CYS124A	7	4	20	13	2426	1157.81551590122	6	3	19	7	1	1	1	1	1	1
CYS141A	7	6	25	13	5397	3126.92678473006	6	6	27	14	1	1	1	1	1	1
GLU198B	5	3	17	9	1048	434.3892276501	4	3	14	10	1	1	1	1	1	1
VAL197B	10	9	27	19	11311	9603.23729577239	8	7	27	13	8062	8062	2	2	5	3
ILE232C	5	4	19	14	3072	1781.90537753934	3	3	10	10	1	1	1	1	1	1
THR231C	4	4	9	7	1	1	1	1	1	1	1	1	1	1	1	1
GLY244B	4	4	9	9	1715	667.077665156579	3	3	6	6	1096	403.380895447993	2	2	2	2
GLY245B	7	7	18	15	121402	90927.3032302914	5	5	19	15	1	1	1	1	1	1
ASP259A	6	5	12	4	828	74.6442939217422	3	2	7	2	728	1	2	1	1	0
LEU265A	7	5	23	13	845	828	5	4	16	6	728	728	2	2	1	0
GLY187A	4	4	9	6	633	103.370865135307	3	3	6	5	59	37.4639154422505	2	2	2	1
LEU188A	7	4	17	10	1829	418.536084557749	5	4	13	10	1037	22.5360845577495	3	2	3	1
ALA189A	6	5	19	12	3377	623.012528827524	4	3	16	7	2633	1	2	1	2	0
TYR205A	8	4	30	16	2213	16.6222223405682	8	4	34	13	1	1	1	1	1	1
THR253C	9	8	28	19	9584	4817.32716917134	6	5	23	12	1	1	1	1	1	1
VAL272C	9	9	32	27	5601	5601	5	5	24	14	1	1	2	2	2	0
SER96C	3	1	9	1	2	1	2	1	7	0	1	1	1	1	1	1
VAL97C	6	4	15	6	1090	1047.36539288491	4	3	14	4	1	1	1	1	1	1
MET133A	5	4	19	13	1524	589.882319039972	4	3	14	9	1	1	1	1	1	1
VAL272A	8	8	28	18	2849	2555.07465334989	5	5	22	13	21380	21356.052407804	4	4	12	7
ARG249A	8	6	25	14	70393	51387.737778526	8	6	33	15	1	1	1	1	1	1
TYR163A	6	3	24	9	23969	1339.05520100057	6	3	30	9	1	1	1	1	1	1
ILE232B	5	3	18	9	11289	1720.85624226793	4	3	14	7	5797	1720.85624226793	4	3	7	4
VAL218B	5	5	13	12	4889	3857.30598202254	3	3	8	7	8313	5715.91687980488	4	4	8	7
PRO98B	4	4	14	9	2009	2009	3	3	12	8	2009	2009	2	2	2	1
VAL97B	5	5	12	11	4011	2006	4	4	13	10	1	1	1	1	1	1
THR140B	8	6	18	8	1517	749.368762003797	8	6	25	12	1	1	1	1	1	1
MET169C	8	4	15	5	4398	1891.08484396335	7	4	21	5	1	1	1	1	1	1
ARG174C	4	3	13	5	687	323.601710417359	3	3	6	6	869	323.601710417359	3	2	6	2
GLN192C	4	3	10	5	1745	461.96811652583	3	3	6	6	1745	461.96811652583	3	3	5	3
ASN268A	7	4	19	10	3346	2772	5	3	18	6	2668	2663	4	2	10	1
PHE109A	7	3	30	9	15311	2682.68783704827	7	3	30	7	7510	1	6	2	14	1
ARG175A	8	6	27	14	24339	23722.6677261289	8	6	36	14	17962	17345.6677261289	6	4	19	8
CYS238A	10	6	31	12	9749	1251.7626215856	10	6	54	18	9494	1251.7626215856	8	6	19	8
ASP184A	6	5	18	10	575	139.401482083546	4	3	19	8	575	139.401482083546	5	4	13	5
MET237A	7	5	22	11	13391	1901.67429290711	7	5	29	13	12822	1901.67429290711	5	4	16	8
GLN100C	5	4	15	9	2471	787.415156036653	4	3	15	7	5	1	2	1	4	0
SER99C	4	4	11	5	1	1	2	2	4	2	3319	3319	3	3	2	1
THR256C	7	4	25	9	4811	4277	5	2	16	2	5815	5815	4	3	8	3
VAL157C	9	9	30	20	5939	4607.59462246066	7	7	22	12	202	101.5	3	3	4	3
ASP148A	5	3	13	7	856	214.647428867502	3	3	11	8	1	1	1	1	1	1
GLY108A	8	6	20	11	3771	2212.65875412231	7	5	24	7	1995	1995	2	2	5	1
VAL216A	8	8	26	23	4210	3634.96901103789	6	6	31	24	1	1	1	1	1	1
VAL217A	8	7	26	19	13499	10450.7434747663	6	5	26	13	1	1	1	1	1	1
MET133C	7	5	27	14	3617	2177.59711355807	7	5	30	14	1	1	1	1	1	1
ASN288C	2	2	2	2	1	1	1	1	1	1	1	1	1	1	1	1
LEU289C	3	2	6	4	1147	1147	2	2	5	2	1	1	1	1	1	1
ARG273B	6	3	17	6	595	307.500551960892	4	3	8	5	2	1	3	2	4	1
CYS275B	6	5	20	17	6907	3026.96845851819	5	5	21	18	3461	1129.0996636603	4	3	7	5
GLU171A	6	4	23	10	102169	14287.0058661317	6	4	23	10	1	1	1	1	1	1
ASN268C	6	5	23	15	6364	3666.70248246444	5	4	19	12	3093	1316.55666427752	2	2	3	3
PHE109C	8	4	30	9	4795	584.85418181308	8	4	35	10	234	234	3	3	5	3
LEU137A	8	7	27	14	2516	1593.38138218253	7	6	41	16	1368	1024.38138218253	3	3	6	3
PHE113C	8	3	25	4	5006	2576	7	3	26	3	1374	1374	2	2	1	0
GLN144B	7	2	22	3	3540	1	4	1	10	0	839	1	3	1	6	0
GLY112B	5	5	17	9	5969	5969	4	4	12	3	1	1	1	1	1	1
ASP148B	5	2	11	5	575	97.940493033224	3	2	10	5	1	1	1	1	1	1
VAL147B	8	6	23	11	2162	1389.5	6	4	29	8	1	1	1	1	1	1
LEU252A	7	5	22	10	627	589.566421763307	4	4	9	5	180	76.5664217633067	4	2	11	2
LYS164A	4	2	15	2	42565	14097.6652203986	4	2	12	2	1	1	1	1	1	1
LEU130A	5	5	11	9	2641	2149.51388182913	4	4	11	8	1	1	1	1	1	1
SER127A	6	5	12	8	1745	584.961404933963	6	5	15	7	1	1	1	1	1	1
GLN144A	7	2	15	2	1916	201.674232641021	5	2	12	2	1	1	2	1	3	0
LEU114A	4	3	9	3	580	371.325767358979	3	3	7	3	1	1	1	1	1	1
GLN104B	4	2	11	5	1229	1059.91402114221	2	2	5	5	1	1	1	1	1	1
GLY105B	5	5	8	4	1029	1029	3	3	6	2	1	1	1	1	1	1
LEU257B	7	5	26	16	3181	161.141533634781	6	5	30	18	1	1	1	1	1	1
VAL157B	8	7	27	20	9847	4474	6	5	26	13	5106	1	3	2	6	2
GLY266A	8	8	23	18	3044	3042.20724293395	5	5	18	9	2294	2294	3	3	9	3
TYR103A	5	1	13	1	1021	1	4	1	11	0	1	1	1	1	1	1
ARG202B	2	2	2	2	575	193.511347472636	2	2	1	1	575	193.511347472636	2	2	1	1
PRO219B	3	3	4	4	575	382.488652527364	2	2	1	1	575	382.488652527364	2	2	1	1
PHE134A	6	4	25	11	6835	2954	4	3	15	8	1	1	1	1	1	1
THR125A	8	8	26	23	8588	6892.09912576696	6	6	24	19	1	1	1	1	1	1
PRO142A	6	4	18	10	338	80.7822343159256	4	3	9	6	1	1	1	1	1	1
GLU258B	6	3	19	7	7129	1062.90299434938	5	2	19	3	6022	1062.90299434938	2	2	3	2
THR155B	10	9	25	20	2931	1601.44471194924	10	9	41	23	1	1	1	1	1	1
PHE270C	9	4	26	12	4822	514.252993776378	7	4	30	10	546	1	2	1	1	0
PRO190B	7	5	22	12	731	731	2	2	7	3	3504	855.538126924262	5	3	17	8
PRO191B	6	4	20	8	845	421.865693832546	4	2	12	2	1402	1275.9047324343	4	4	8	6
CYS277C	5	2	13	1	1721	575	4	2	14	0	575	575	3	2	5	0
GLN136C	7	4	24	8	30641	4464.31977066915	6	4	24	8	13941	1741.77565122578	4	3	7	3
HIS193B	8	7	20	13	7960	7960	6	6	20	10	8109	7984.46187307574	8	7	18	6
HIS214B	5	4	13	8	1013	807.851475206224	5	4	15	6	133	1	2	1	7	0
CYS242C	6	5	17	9	572	330.742737979442	5	4	24	12	92	46.1094656097684	3	3	6	5
HIS179C	7	5	20	10	9277	1380.08970191536	7	5	28	14	3710	1225.49773365965	4	4	7	7
LEU145B	7	7	20	14	10804	6390.26532292525	6	6	22	17	5226	3531.64375773207	2	2	3	2
CYS141B	8	6	26	12	1855	1553.32292831635	6	6	30	15	1	1	1	1	1	1
ARG202C	4	3	8	4	1845	1012.88558834017	3	3	3	3	1845	1012.88558834017	3	3	6	5
ASN263C	3	1	7	1	575	1	3	1	4	0	1	1	1	1	1	1
ASP259C	6	5	10	5	2284	574	3	2	6	0	1	1	1	1	1	1
ARG202A	2	2	2	2	575	254.331644982791	2	2	1	1	1	1	1	1	1	1
PRO219A	3	3	6	5	575	321.668355017209	2	2	1	1	1	1	1	1	1	1
GLY154A	5	5	13	10	1713	1713	4	4	13	8	572	572	2	2	1	0
SER260A	4	2	9	1	572	1	2	1	3	0	572	1	2	1	1	0
PRO142B	7	5	22	12	838	487.267003638068	5	4	16	9	193	10	3	2	5	2
PRO151A	8	7	22	14	8255	5537.25916372607	8	7	28	16	4873	4062.25916372607	4	4	8	6
TYR220A	4	2	17	6	8747	280.435406800846	4	2	21	6	4148	280.435406800846	2	2	3	3
CYS275C	7	7	23	19	1137	908.86816888795	5	5	20	13	131	65.9258312466489	3	3	5	3
ALA276A	5	3	15	6	214	1	3	1	12	0	1	1	1	1	1	1
PRO278A	10	9	27	23	3690	1720.66804073566	9	8	32	18	1	1	1	1	1	1
ASN235A	3	3	9	6	575	542.417545058547	3	3	9	6	575	542.417545058547	3	3	5	4
GLU198A	5	3	13	5	938	463.179301120173	4	3	9	6	843	463.179301120173	3	3	4	4
ARG174B	5	4	12	6	1675	1377.66846403608	4	4	8	5	575	366.519939242303	2	2	1	1
CYS176A	9	6	24	11	33721	12082.5606280955	9	6	36	16	1249	249.22885525072	2	2	7	5
GLN167B	6	4	9	3	59976	1	2	1	1	0	59976	1	2	1	1	0
SER166B	2	2	5	3	1	1	1	1	1	1	1	1	1	1	1	1
LEU257A	8	6	28	18	5833	3150.93888781748	7	6	36	22	5756	2878.5	5	3	13	4
PRO151C	8	6	23	11	2809	1737.74647519431	8	6	28	10	1213	1213	2	2	3	0
PRO152C	5	4	15	10	4311	2483.40406669931	4	4	18	13	1	1	1	1	1	1
ARG156A	7	3	23	6	2393	422.253360690441	6	3	24	5	1	1	1	1	1	1
GLU204A	4	2	15	2	575	2.48891878339735	4	2	17	2	1	1	1	1	1	1
GLU285B	5	4	10	5	2036	692.879560751306	4	4	8	6	1526	517.290838153067	3	3	4	3
LYS132B	4	3	10	4	2588	1776.68601606297	3	3	6	5	690	487.142872884093	2	2	2	2
ASN210A	5	3	9	3	7808	1439.23531432296	2	2	2	2	1	1	1	1	1	1
GLY187B	5	4	11	5	12565	11126.764685677	3	3	4	2	1	1	1	1	1	1
ALA189B	7	6	18	12	29320	19773.4027752159	5	4	18	10	24762	18837.6721023558	3	3	9	5
ASP186B	4	4	10	7	4351	3415.26932713996	3	3	7	4	1	1	1	1	1	1
ARG175B	7	6	24	17	1055	406.476072470248	7	6	30	16	814	236	3	2	6	1
MET237B	7	4	25	12	31527	7987.97011474956	6	4	26	13	12898	4520.35943260642	3	2	7	3
GLN165B	4	2	13	7	382	382	2	2	8	6	1	1	1	1	1	1
PRO128C	4	4	7	3	786	786	3	3	7	2	1	1	1	1	1	1
TYR126C	6	1	17	1	2469	1	5	1	14	0	1374	1	2	1	1	0
MET160B	7	3	21	9	10328	7032	5	3	18	7	5120	3112	3	2	3	1
SER215B	5	3	18	8	7752	2243.43084949708	4	2	12	3	7	1	2	1	7	0
HIS168A	4	4	11	8	1335	549.727636085568	3	3	11	7	1	1	1	1	1	1
ARG273C	7	3	23	5	925	901.172255788339	4	3	10	5	1073	1	3	1	3	0
LYS132C	5	5	17	8	5161	3757.97490122052	4	4	11	8	2924	2011.3835690877	2	2	2	2
CYS229A	7	5	14	8	6125	1113.93094283711	6	4	16	6	3339	1113.93094283711	4	4	7	3
ARG249C	8	5	19	11	7485	5196.34519433245	8	5	25	11	2393	1779.34519433245	4	3	6	3
TYR163C	4	3	16	8	2205	94.5342013550367	4	3	18	8	2205	94.5342013550367	4	3	8	2
PRO151B	8	6	24	10	6991	4575.94703251244	8	6	31	9	1	1	1	1	1	1
PRO152B	6	5	16	15	2176	1989.88269679249	5	5	21	18	1	1	1	1	1	1
PHE134B	6	4	24	11	8364	3558.56628896284	5	3	22	8	8364	3558.56628896284	4	3	9	4
CYS141C	7	6	21	15	30966	22283.3783493797	5	5	24	15	1	1	1	1	1	1
PRO142C	5	4	13	9	7581	2511.12602749415	2	2	2	2	1	1	1	1	1	1
CYS176C	8	6	20	11	7659	2866.00289848932	7	5	28	12	5559	920.594866745028	4	3	8	6
GLY244C	5	5	11	10	1147	414.249312314217	4	4	12	10	1719	987.677694488391	3	3	3	2
ARG196A	8	5	28	12	6525	4505.62174771235	7	5	28	13	5895	4399.25649888044	4	3	10	6
VAL197A	11	10	29	24	7974	5501.4428510743	9	8	35	21	1	1	1	1	1	1
ASP208C	4	3	9	2	748	1	2	1	4	0	346	309.897638124084	3	3	2	1
THR211C	4	3	8	3	631	81	3	2	6	1	111	37.102361875916	2	2	2	2
ASP184B	5	3	15	6	19507	2909.86648001464	4	3	13	6	19507	2909.86648001464	4	2	7	3
SER183B	6	5	19	12	991	376.523927529752	5	4	19	11	1	1	2	2	3	1
GLN136B	6	4	20	10	18017	2558.57499278679	6	4	30	11	8842	2558.57499278679	4	4	6	4
SER121B	6	3	18	3	1115	2.18112587968858	5	2	23	2	911	1	2	1	3	0
ARG282B	9	7	26	11	5539	2179.95873685357	7	6	23	13	5539	2179.95873685357	4	3	10	4
TYR126B	5	1	15	1	4413	1	4	1	11	0	4413	1	4	1	6	0
CYS277B	7	4	15	3	576	3.81887412031142	6	3	21	1	1	1	2	1	3	0
PRO278B	10	10	24	23	15637	13774.4809732183	9	9	31	18	13406	11543.4809732183	5	5	10	7
ILE232A	7	5	27	17	4450	936.991544688003	5	4	23	13	1812	400.964830511568	3	2	4	2
GLY112A	5	5	15	11	16474	16474	4	4	13	5	1	1	1	1	1	1
LEU111A	8	7	28	18	15978	13160.8121629517	7	7	28	16	7906	7906	4	4	13	4
GLY154B	6	6	15	14	1714	1635.64840799098	5	5	18	15	1	1	1	1	1	1
SER260B	3	3	7	7	575	78.3029620858015	2	2	4	4	1	1	1	1	1	1
PRO98A	5	5	15	10	682	448.96071600722	4	4	14	8	30	30	2	2	4	3
VAL97A	5	4	13	9	1144	962.5	3	3	10	8	1747	1536.5	5	4	6	2
GLY245C	7	7	18	14	3279	2866.32230551161	5	5	20	14	3275	2862.32230551161	3	3	5	4
LEU111B	7	6	23	15	1439	1387.4318823533	6	6	26	15	824	824	3	3	7	2
PHE109B	6	4	22	12	7501	1476.39845275273	6	4	23	13	1068	1	2	1	3	0
HIS193A	6	6	16	12	1570	1270.93719675704	5	5	15	10	773	667.476356273866	2	2	3	3
PRO177B	4	4	8	8	2751	2017.5115143093	3	3	7	6	2751	2017.5115143093	3	3	4	4
GLU180A	4	4	12	9	575	186.624795076428	3	3	9	7	1	1	1	1	1	1
PRO177A	7	5	15	13	4343	3001.25052284935	4	4	16	13	1	1	1	1	1	1
LEU137B	7	6	27	13	28610	25021	6	5	29	9	1	1	1	1	1	1
GLN100A	4	3	14	5	643	187.725626801293	4	3	11	5	568	187.725626801293	3	3	5	3
CYS135A	8	6	30	16	812	497.750258153258	6	5	33	17	1	1	1	1	1	1
MET246C	8	5	22	12	8311	4725.63457172531	7	5	29	13	1	1	2	1	3	0
SER240C	3	3	11	8	575	169.365428274692	3	3	13	8	1	1	1	1	1	1
SER96B	3	1	8	1	16975	1	3	1	5	0	1	1	1	1	1	1
THR211B	7	6	17	10	14991	14991	4	3	13	6	1	1	1	1	1	1
ARG282C	7	5	24	7	3169	875.921476819131	5	4	14	3	1	1	1	1	1	1
GLY279C	10	10	26	25	4060	3101.93848139383	5	5	16	12	1	1	1	1	1	1
GLN192B	7	5	18	12	1337	1	4	2	11	2	1799	1788.96096139824	4	4	14	11
LEU145C	5	5	21	20	1224	517.938855227195	4	4	15	14	1	1	1	1	1	1
THR230C	6	5	13	11	725	489.203909879422	5	4	11	6	1	1	1	1	1	1
GLU271C	6	4	18	7	4870	1030.01922613843	5	4	13	7	3506	991.019226138427	3	3	3	2
LEU252C	6	4	19	7	1398	1398	4	3	12	4	73	73	2	2	2	1
ARG209B	3	1	6	1	1	1	1	1	1	1	1	1	1	1	1	1
ASP208B	5	3	12	3	3119	1	2	1	2	0	3119	1	2	1	3	0
PRO222B	4	2	11	1	1	1	1	1	1	1	1	1	1	1	1	1
TYR220B	9	4	30	9	8577	1	7	2	35	3	1	1	1	1	1	1
ARG156B	7	4	23	10	1911	360.771682373393	5	3	21	5	1218	337.771682373393	3	3	6	5
VAL217B	7	7	22	17	12884	9706.70907945588	5	5	15	9	9747	7551.61741984426	4	4	7	6
GLU221C	4	3	10	3	851	270.743327227463	2	2	2	2	1919	270.743327227463	4	3	6	2
PRO222C	5	3	13	4	1	1	2	1	4	0	1069	1069	2	2	3	2
GLY245A	7	7	22	15	33893	24177.7062231997	5	5	22	16	1	1	1	1	1	1
ARG267B	7	4	19	7	6133	5008	4	3	8	3	5393	5008	4	3	7	1
SER99B	5	3	13	2	8371	529.674490788276	4	2	9	1	4065	529.674490788276	3	2	4	1
ASN268B	5	3	14	7	1350	1068	3	2	10	3	1735	1453	4	3	6	2
GLU224C	3	2	7	2	1891	701.325509211724	3	2	6	1	1230	701.325509211724	2	2	2	1
THR150B	2	2	7	5	575	234.552967487558	2	2	7	5	1	1	1	1	1	1
THR102C	4	4	12	8	571	571	3	3	8	5	1	1	1	1	1	1
TYR103C	5	1	13	1	795	1	4	1	11	0	1	1	1	1	1	1
ARG249B	9	7	16	10	127665	80981.5828852616	9	7	18	9	1	1	1	1	1	1
GLU204C	5	3	16	4	837	174.957805777621	4	2	10	1	1	1	1	1	1	1
VAL217C	6	5	17	13	786	533.5	4	3	10	4	1	1	1	1	1	1
ALA161C	8	8	23	18	6817	2831.08079443837	6	6	21	18	55	55	3	3	6	1
SER149A	5	3	15	4	17	17	3	2	12	1	1	1	1	1	1	1
TYR107A	7	2	21	4	935	24.594848215031	6	2	20	4	1	1	1	1	1	1
ASN239B	4	1	16	1	574	1	3	1	13	0	2	1	2	1	3	0
CYS242B	6	5	17	9	574	296.602460476839	5	4	21	12	375	219.232165494277	4	4	8	7
CYS238B	9	6	28	14	68053	25508.7648293519	8	5	37	16	34132	25508.7648293519	5	5	11	10
GLN192A	4	3	10	6	1	1	2	1	4	0	1	1	1	1	1	1
PRO190A	7	5	18	12	983	983	2	2	7	3	1	1	1	1	1	1
GLY105C	7	7	16	12	1190	1190	6	6	17	8	1	1	1	1	1	1
ASN239A	6	2	22	6	3011	344.61861781747	5	2	29	5	1368	344.61861781747	4	2	11	2
MET246A	9	5	27	13	16677	8255	8	5	39	13	3607	3607	3	3	11	9
CYS275A	6	5	21	15	962	481.816746181505	5	5	22	17	1	1	1	1	1	1
VAL274A	9	8	28	20	5346	2177.92532138686	8	7	40	21	2712	1	3	2	5	1
HIS178C	4	2	9	1	1719	138.066363862964	4	2	9	1	1	1	1	1	1	1
PRO177C	4	4	10	9	3	2.42838217417474	3	3	6	4	1	1	1	1	1	1
VAL274C	10	10	33	27	28623	28623	7	7	33	17	1203	1138.07416875335	3	3	4	2
VAL143B	8	7	27	14	1038	804.5	5	4	21	10	38	7	3	2	5	0
ALA161B	6	6	20	14	2120	950.13330501358	5	5	18	14	1172	561.687687075439	2	2	4	4
LEU252B	7	5	15	6	6179	4611.57832808175	6	5	17	7	1	1	1	1	1	1
ARG283C	6	3	13	2	640	1	3	1	6	0	1	1	1	1	1	1
THR284C	3	3	9	5	1	1	1	1	1	1	1	1	1	1	1	1
VAL147A	9	7	21	13	3288	1615	6	4	28	9	1	1	2	2	4	2
GLN100B	5	2	14	4	575	76.0182967249812	4	2	14	4	1	1	1	1	1	1
VAL203A	9	9	27	23	1901	1317.69273456441	8	8	36	26	1	1	1	1	1	1
LEU130C	5	5	12	8	2908	2088.42756955124	4	4	12	7	1	1	1	1	1	1
SER127C	4	3	9	5	969	679.540444606285	4	3	10	5	1	1	1	1	1	1
GLY262C	5	5	8	5	572	572	3	3	6	1	1	1	1	1	1	1
GLY108B	8	8	19	15	4604	3485.01540448197	6	6	23	14	1	1	1	1	1	1
GLN165A	5	3	12	4	1227	28.3700676855313	5	3	13	3	1	1	1	1	1	1
ARG267C	8	4	18	5	8139	3863	5	3	8	1	1	1	2	2	2	2
GLY266C	8	8	23	18	1034	1034	5	5	20	8	1	1	1	1	1	1
ILE255C	7	3	31	9	9220	3864.5	5	3	22	6	5307	1	3	1	5	0
TYR236C	7	3	29	9	22093	2903.67283082866	7	3	32	7	1	1	1	1	1	1
ALA189C	6	6	16	11	4235	2989.00487743125	4	4	16	8	3277	2828.81430146641	3	3	5	4
LEU188C	5	4	10	7	43	43	2	2	4	1	1	1	1	1	1	1
ALA159B	5	5	19	9	831	701.87455525135	3	3	10	5	1	1	2	2	3	3
TYR234B	6	3	27	6	4506	303.685141857609	5	3	19	5	1112	174.559697108959	2	2	3	3
THR150C	3	2	13	5	188	28.7535248056932	2	2	7	5	1	1	1	1	1	1
CYS124B	7	5	20	16	3189	1395.96260249984	6	4	20	13	908	1	2	1	2	0
LEU265B	5	3	17	10	1689	1387	4	3	15	9	1	1	1	1	1	1
THR155A	8	7	22	14	1055	651.671263228306	8	7	31	18	731	548.11015104579	4	4	7	4
ARG273A	7	3	24	7	1814	1811	5	3	14	6	1	1	2	1	2	0
HIS168C	4	3	9	5	1146	521.120604312515	3	2	11	4	1145	521.120604312515	2	2	3	2
ASP228A	4	3	11	5	2855	264.998959590705	3	2	8	2	1713	264.998959590705	2	2	4	2
ARG280A	5	3	12	4	1	1	2	1	3	0	1	1	1	1	1	1
ASP281A	5	4	13	6	1826	7.08989169597486	4	3	11	5	1	1	1	1	1	1
ARG174A	6	3	16	7	771	291.598547573705	5	3	13	7	325	1	2	1	2	0
CYS182B	5	4	14	8	124	31	3	2	8	2	1	1	1	1	1	1
THR230B	6	5	15	11	3654	3140.54809970079	5	4	16	6	1	1	2	1	4	0
PRO190C	6	5	17	11	2599	2599	2	2	6	2	3091	3016.14103676383	3	3	5	4
ILE255B	8	4	27	8	1826	964.440302891041	7	4	29	7	1138	964.440302891041	4	4	6	2
ARG280B	6	3	17	5	1	1	2	2	5	2	1	1	1	1	1	1
ASP281B	5	3	19	5	2651	1737.84437033461	3	2	7	4	2651	1737.84437033461	3	2	5	2
LEU257C	7	5	28	18	2829	1541.5	7	5	38	19	202	101.5	2	2	2	2
THR284B	4	4	10	7	1	1	1	1	1	1	1	1	1	1	1	1
GLY117A	4	4	10	9	583	318.064059418587	3	3	10	9	1	1	1	1	1	1
SER116A	4	2	11	4	565	115	3	2	10	2	1	1	1	1	1	1
HIS214A	5	5	11	9	1015	648.453254571434	5	5	11	8	479	454.914095054604	3	3	4	3
GLU287B	4	3	4	3	528	1	2	1	2	0	1	1	1	1	1	1
GLN104C	4	2	14	4	1932	1396.85857414116	3	2	11	4	1	1	1	1	1	1
SER240A	4	3	17	9	5717	2712	4	3	18	8	2712	2712	3	3	3	1
TRP146B	8	3	21	3	1621	611.210698607381	7	3	24	3	638	611.210698607381	3	3	6	3
ARG282A	9	7	23	15	7667	2320.97775940805	7	6	25	17	1	1	1	1	1	1
GLY279A	6	6	22	20	857	697.335466865208	2	2	5	4	1	1	1	1	1	1
ILE251B	5	3	15	7	5445	114	5	3	16	8	5219	1	3	1	6	0
VAL173B	7	7	17	17	15659	13180.8123129246	5	5	17	13	15659	13180.8123129246	5	5	7	3
CYS229B	5	4	14	7	1237	859.789301392619	5	4	15	5	1237	859.789301392619	5	4	7	2
ARG267A	6	4	12	4	1149	1149	3	3	2	0	1	1	1	1	1	1
ILE251A	8	6	27	17	1085	746.137262560963	7	6	30	18	1	1	1	1	1	1
PRO250A	5	4	14	8	2367	2367	5	4	19	8	1	1	1	1	1	1
GLU258A	4	1	15	1	5243	1	4	1	13	0	2903	1	3	1	4	0
GLY262A	5	5	8	5	2815	2815	3	3	6	2	1	1	1	1	1	1
LEU264A	6	5	18	11	44	41	3	3	6	2	1	1	1	1	1	1
GLY187C	3	3	7	4	1	1	2	2	4	1	1	1	1	1	1	1
ARG156C	6	3	21	4	554	322.042194222379	4	2	14	1	59	1	2	1	3	0
THR155C	9	8	27	16	3319	1869.56255995685	9	8	33	17	1199	59	4	3	7	0
ASP186A	5	4	11	9	3611	3611	4	3	9	5	3611	3611	3	3	3	1
THR118B	6	5	18	16	1993	636.369769647119	6	5	19	15	1	1	1	1	1	1
LEU265C	7	5	24	15	4273	4140.5	5	4	19	9	1	1	1	1	1	1
GLU286C	7	4	13	6	1629	1	6	3	10	3	1	1	1	1	1	1
ILE162C	6	3	22	4	3597	467.561562991488	5	3	20	6	2743	349.061562991488	4	2	10	3
ILE254C	6	4	23	8	1919	1141.93843700851	4	4	13	8	2660	1141.93843700851	5	4	8	2
VAL272B	5	5	18	16	4675	4675	3	3	11	9	1	1	1	1	1	1
VAL274B	11	10	28	22	38157	35828.6542023216	9	8	37	21	574	1	2	1	2	0
LEU206B	5	3	15	5	6060	3119	3	2	6	0	6484	3543	4	3	10	0
GLN104A	3	1	11	1	1	1	2	1	6	0	1	1	1	1	1	1
ARG196B	8	6	27	14	35594	19573.9807877812	7	6	29	16	43655	19573.9807877812	6	4	12	4
VAL172B	5	5	18	15	4739	3312.04590071136	4	4	14	8	1	1	1	1	1	1
PRO191C	5	4	12	9	3793	574	3	2	6	0	1	1	1	1	1	1
PRO250C	5	4	13	6	2861	2632.0337577482	5	4	16	7	573	383.033757748198	2	2	2	2
ASN288A	4	2	6	4	575	1	2	1	1	0	1	1	1	1	1	1
GLU287A	3	3	4	3	1	1	1	1	1	1	1	1	1	1	1	1
VAL218A	7	6	21	19	2421	1454.3954033234	5	4	22	17	1	1	1	1	1	1
GLY199C	4	4	9	5	16523	16523	3	3	5	2	9385	9385	3	3	4	2
ARG110C	7	5	19	11	2727	921.36103988307	6	5	19	10	2749	1	3	2	5	0
ASP148C	4	4	15	11	609	182.680438671472	3	3	11	8	1	1	1	1	1	1
ARG158B	7	5	19	9	15939	9383.18539432427	4	4	11	6	6022	4960.09700565061	4	3	5	3
ARG283A	4	3	8	4	1605	1152.24240494317	3	3	6	4	1	1	1	1	1	1
THR118A	6	5	14	12	5293	2520.64772548032	6	5	12	10	1	1	1	1	1	1
THR150A	3	1	13	1	575	1	2	1	7	0	1	1	1	1	1	1
ALA159C	6	6	23	16	3577	2862.54163078629	4	4	14	10	1	1	2	2	3	0
TYR234C	7	3	26	7	18379	418.458369213714	5	2	17	3	1	1	1	1	1	1
ARG158C	7	5	24	6	3908	2734.56337338884	4	4	11	5	3228	2394.56337338884	2	2	1	1
GLN144C	8	5	20	10	7841	4692.48712297266	5	4	14	6	1	1	1	1	1	1
LEU114C	3	3	9	6	14755	7869.97649714068	3	3	5	4	1	1	1	1	1	1
HIS233A	4	3	15	7	567	135.703596508187	3	2	13	4	617	151.900247796139	3	3	4	4
THR140A	6	5	16	9	2671	1589.02019962675	6	5	17	10	1279	714.699557313093	3	3	4	4
HIS193C	7	7	18	13	7345	7162.97498231496	6	6	18	11	2458	1858.83394555114	4	4	7	5
TYR205C	7	3	24	9	19017	386.218557480407	7	3	24	8	5372	386.218557480407	3	2	4	2
ALA119C	7	4	14	6	146	146	4	2	10	3	1	1	2	2	2	0
LEU264B	5	4	14	8	3061	1345	3	2	5	0	1	1	1	1	1	1
LEU289B	3	3	6	5	583	583	3	3	4	1	1	1	1	1	1	1
GLU285C	6	4	17	10	4727	654.333552099821	5	4	14	9	1	1	1	1	1	1
LYS120C	3	1	9	1	575	1	2	1	3	0	575	1	3	1	3	0
ARG213C	8	7	21	14	609	99.9828158242827	8	7	25	13	1	1	1	1	1	1
MET160C	6	2	22	7	1381	437	4	2	17	6	994	1	4	1	4	0
THR125C	7	7	27	22	3307	1880.81248523601	6	6	26	21	1716	1201.33842411281	2	2	3	2
CYS277A	5	2	14	3	575	1	4	2	12	0	1	1	1	1	1	1
ASP259B	6	6	13	13	575	464.396910606326	5	5	18	16	1	1	1	1	1	1
HIS178B	5	3	13	5	878	693.902292873802	2	2	5	3	1	1	1	1	1	1
ASP184C	4	3	9	4	574	1	2	1	2	0	1	1	1	1	1	1
CYS182C	5	4	11	6	572	572	2	2	6	4	1	1	1	1	1	1
VAL216C	7	7	19	13	13733	13335.0388537335	6	6	20	12	1	1	1	1	1	1
GLY199A	3	3	6	4	629	629	3	3	6	3	1	1	1	1	1	1
GLY105A	7	7	15	9	2347	2347	6	6	19	8	1	1	1	1	1	1
THR140C	4	4	13	10	59976	59976	2	2	1	0	59976	59976	2	2	1	0
LEU194B	5	5	18	11	8541	6510	5	5	19	12	3837	1919	3	3	6	6
MET246B	6	3	17	6	5248	2602.5	5	3	18	6	2603	2602.5	3	3	4	2
THR118C	6	5	19	13	6610	3118.14004178704	5	4	13	7	1	1	1	1	1	1
ILE162A	7	3	21	5	16475	4087.2079514354	6	3	19	5	8018	4087.2079514354	3	3	7	6
VAL173A	7	7	23	17	23546	21735.5734517546	5	5	19	12	1	1	1	1	1	1
VAL122C	7	6	23	16	1582	1021.5259388768	5	4	19	11	1	1	1	1	1	1
LEU145A	6	6	23	19	1892	1220.38218385425	5	5	21	18	1208	770.535169488432	3	3	4	3
CYS124C	7	6	25	21	4222	1944.66157588719	6	6	27	20	2207	515.661575887191	4	3	6	1
PHE134C	8	5	25	11	352	205.107101609828	6	4	21	8	370	1	3	1	6	0
PHE212A	4	3	11	5	541	120.134306167454	3	3	6	2	540	119.134306167454	2	2	3	3
SER185B	5	3	11	7	575	574	4	2	9	3	1	1	1	1	1	1
ILE162B	6	4	20	6	16897	3336.11789045695	6	4	24	8	8036	1	3	1	6	0
ASN200C	5	3	12	8	15981	3046.71642533767	4	3	8	6	8133	1	3	2	5	3
LEU206C	7	5	15	8	2170	835.5	5	3	11	3	126	126	2	2	2	1
SER261C	3	1	7	1	1	1	1	1	1	1	1	1	1	1	1	1
TYR107C	6	2	18	3	4324	473.533373343839	4	2	14	3	1	1	1	1	1	1
SER106A	2	1	6	1	575	1	2	1	5	0	1	1	1	1	1	1
ARG181B	7	7	21	15	2599	1398.79815263127	6	6	24	17	1	1	2	2	5	3
GLU285A	7	4	18	6	5719	1128.73662001796	5	4	12	6	1	1	1	1	1	1
ARG181A	2	2	6	5	1	1	1	1	1	1	1	1	1	1	1	1
VAL172C	6	6	18	15	2139	2106.01718417572	5	5	12	7	2659	1816.91694011148	2	2	4	4
VAL173C	8	8	21	20	7129	5402.04118637393	6	6	21	17	5483	3667.08305988852	5	5	9	5
ARG110B	6	6	16	12	4189	2133.13008134259	6	6	19	12	1	1	1	1	1	1
VAL147C	10	9	25	18	6977	6722.5	7	6	34	16	4078	4078	2	2	2	0
LEU130B	3	3	7	5	575	399.411277401761	3	3	6	4	1	1	1	1	1	1
PRO223B	5	5	12	7	342	342	3	3	6	3	342	342	3	3	6	3
ILE251C	5	3	17	11	732	58.5	4	3	16	11	1	1	1	1	1	1
ILE195A	6	4	26	13	6163	1994.5	6	4	27	10	3292	1822	3	3	5	3
GLU224A	4	3	7	5	1144	1143.69993633468	3	3	8	5	1	1	1	1	1	1
VAL225A	3	2	3	3	1	1	1	1	1	1	1	1	1	1	1	1
ASP207B	6	3	13	4	1453	347	5	3	13	1	1211	1	3	1	10	0
THR123B	5	4	13	8	794	794	4	4	17	8	242	1	2	1	2	0
VAL122B	5	4	23	17	2496	716.889442689564	4	3	18	10	1263	913.414218571597	3	3	5	4
ASP281C	5	3	18	7	631	243.328233462176	4	3	12	6	1	1	1	1	1	1
SER106C	3	2	9	2	516	1	2	1	5	0	1	1	1	1	1	1
ALA138B	7	6	21	10	2256	1557.5	6	5	21	7	1	1	1	1	1	1
TYR236B	8	3	32	7	6673	684.282418848558	8	3	39	6	1	1	1	1	1	1
ILE254B	6	4	13	4	10908	8101.28548473632	5	4	12	5	1	1	1	1	1	1
CYS135C	10	7	31	23	35722	6571.27154328587	8	5	37	16	17899	370	4	2	6	0
CYS238C	10	6	32	12	24907	5085.66466161588	9	5	43	15	6938	4894.29793398556	5	5	10	6
TYR205B	8	4	30	17	28231	2406.12119724189	8	4	32	14	16507	1438.12119724189	5	3	18	5
SER121C	3	2	9	5	1	1	1	1	1	1	1	1	1	1	1	1
LYS139B	6	1	17	1	1977	1	6	1	21	0	1	1	1	1	1	1
SER94A	4	3	11	5	575	469.59438777163	4	3	17	5	1	1	1	1	1	1
GLN167C	3	3	5	4	2	2	2	2	4	3	1	1	1	1	1	1
GLU258C	5	2	19	4	6095	834.436626611162	5	2	17	3	3228	834.436626611162	2	2	1	1
TYR107B	3	2	11	4	554	138.182776940388	2	2	4	4	1	1	1	1	1	1
VAL122A	8	6	20	12	2039	1731.63345811771	6	4	24	8	1	1	1	1	1	1
ASN239C	5	2	18	4	704	190.970357556678	4	2	16	3	1	1	1	1	1	1
LEU137C	6	5	20	8	2113	457.529642443322	5	4	23	9	110	55.5	2	2	3	3
ARG181C	3	2	6	1	574	436.933636137036	2	2	3	1	1	1	1	1	1	1
PHE270B	9	4	30	11	4787	1228.91426705832	9	4	36	8	2495	1	5	1	10	0
THR253B	6	6	23	11	3110	1297.30331409312	4	4	20	9	1	1	1	1	1	1
HIS233C	3	2	6	3	1160	1	2	1	3	0	1160	1	2	1	2	0
THR170B	5	5	13	9	7472	4664.99218651984	4	4	8	5	4630	3243.99218651984	3	3	3	1
TYR163B	3	3	11	8	575	47.1590267336149	3	3	12	8	1	1	1	1	1	1
GLU271B	4	3	9	2	3825	616.388352002141	4	3	9	3	1	1	1	1	1	1
GLY117B	4	4	11	9	982	538.966768869897	3	3	10	9	717	359	2	2	4	4
THR125B	8	7	20	13	2119	1032.62704457483	6	6	17	12	2119	1032.62704457483	5	5	8	6
THR256A	6	5	22	15	15	5.79275706605385	4	3	13	6	561	561	4	3	10	3
MET133B	7	6	25	13	9991	3964.7144691838	7	6	27	15	3310	3310	2	2	3	1
SER269B	3	3	8	6	965	965	2	2	4	3	1	1	1	1	1	1
LEU206A	4	3	11	6	349	126.633604575622	3	2	8	4	479	188.510623744085	2	2	3	3
ASN247A	3	1	7	1	71	1	2	1	2	0	1	1	1	1	1	1
GLN165C	5	4	11	8	575	191.966242251802	5	4	14	8	573	190.966242251802	3	3	4	3
LEU194A	6	6	27	15	9899	9899	6	6	36	18	9791	9791	5	5	17	12
THR284A	4	3	9	5	1	1	1	1	1	1	1	1	1	1	1	1
ARG248B	3	2	4	2	575	2	3	2	3	1	1	1	1	1	1	1
MET243B	4	3	4	1	3	2	2	2	2	1	1	1	1	1	1	1
SER149C	3	1	13	1	90	1	2	1	7	0	1	1	1	1	1	1
ASP186C	6	3	11	5	1223	798.809424035166	5	2	11	3	223	1	2	1	3	0
ILE195B	6	5	22	11	8043	3523.55438206186	6	5	22	11	1	1	1	1	1	1
VAL216B	7	7	24	20	12559	12559	5	5	22	13	1	1	1	1	1	1
THR230A	6	5	13	8	688	268.652985634186	5	4	11	4	81	73	3	2	5	0
PRO223C	6	6	13	9	1643	1557.35723489338	4	4	10	7	1	1	1	1	1	1
ALA276B	4	3	15	7	60	1	2	1	8	0	513	513	2	2	3	2
GLY266B	7	7	18	13	5140	5140	4	4	10	5	1	1	1	1	1	1
TYR103B	5	1	11	1	4748	1	4	1	7	0	1	1	1	1	1	1
GLU286B	5	3	11	6	125	3.26894547993507	4	2	7	1	1	1	1	1	1	1
SER127B	4	2	12	2	575	3.73105452006493	4	2	12	1	1	1	1	1	1	1
ARG175C	6	5	16	10	8619	8619	6	5	22	7	1	1	2	1	4	0
GLY262B	4	4	6	6	2290	2290	3	3	4	2	1	1	1	1	1	1
SER261B	3	3	4	3	2	1.35708154922177	2	2	2	1	1	1	1	1	1	1
PRO223A	3	3	7	6	1645	1645	2	2	5	3	1075	1075	2	2	2	1
GLU221B	3	1	6	1	1384	1	2	1	4	0	1	1	1	1	1	1
PRO153B	4	2	9	5	1	1	2	1	4	0	1	1	1	1	1	1
ASN200B	4	1	13	1	1543	1	3	1	9	0	1	1	1	1	1	1
ASN288B	2	1	3	1	1	1	1	1	1	1	1	1	1	1	1	1
ARG196C	8	6	24	14	1233	587.455387709233	7	6	25	11	1017	371.455387709233	4	4	6	3
VAL197C	5	5	18	16	563	283.461146266531	4	4	13	11	1	1	1	1	1	1
ALA138C	4	3	12	5	83	4	3	2	8	1	1	1	1	1	1	1
LYS139C	5	2	14	3	6619	563.45588055663	5	2	14	3	167	1	2	1	3	0
GLY112C	5	5	17	14	1408	836.410352392512	3	3	9	6	1	1	1	1	1	1
TRP146C	7	5	21	7	7616	2317.58258845611	6	4	19	6	4078	1	3	1	3	0
ASN263A	4	3	7	4	575	27.3557060782578	4	3	5	1	1	1	1	1	1	1
LYS132A	4	3	13	4	15699	11603.6605469334	3	3	7	5	11686	8715.39716695138	2	2	2	1
PRO153C	3	2	6	4	1	1	1	1	1	1	3	1	2	1	3	0
THR123A	6	4	19	7	681	670	5	4	21	6	1	1	1	1	1	1
TYR220C	7	2	24	5	2881	1	4	1	21	0	1213	1	4	1	7	0
ARG213B	9	7	22	12	15837	3142.95409928864	9	7	25	12	3112	1	3	2	4	0
HIS214C	6	5	11	9	2633	1188.06603911207	5	5	11	11	2504	1079.4702050782	4	3	6	5
GLN167A	4	3	6	2	143	131.629932314469	2	2	4	2	1	1	1	1	1	1
ASP207A	4	4	9	9	927	130.609548671531	3	3	8	8	1405	421.098924927446	4	4	4	4
LYS101B	5	3	11	5	3228	528.5	4	3	8	5	2730	1	3	1	4	0
THR102B	3	3	7	3	1	1	1	1	1	1	558	558	2	2	2	0
THR170A	6	6	19	13	6190	2276.38931785686	5	5	14	9	5347	5165.5	3	3	6	3
ARG283B	6	5	14	7	58	20.4759494953808	4	4	11	5	1	1	1	1	1	1
GLU286A	4	3	12	8	5	2.54636378846436	3	2	8	4	1	1	1	1	1	1
SER96A	2	1	4	1	1	1	1	1	1	1	575	1	2	1	4	0
TYR234A	5	3	23	9	935	35.7175183770275	4	2	16	4	78	1	2	1	2	0
GLU171B	4	1	17	1	873	1	4	1	19	0	1	1	1	1	1	1
THR256B	6	5	21	12	1126	1126	3	2	6	2	1	1	1	1	1	1
SER183C	5	1	11	1	574	1	3	1	9	0	1	1	1	1	1	1
ARG280C	3	2	12	2	1	1	1	1	1	1	1	1	1	1	1	1
PHE113B	5	2	15	4	7419	849	4	2	17	3	4714	849	4	2	7	0
ALA129B	2	2	4	4	1	1	1	1	1	1	1	1	1	1	1	1
PRO128B	5	5	10	6	2281	2281	4	4	12	6	1712	1712	2	2	3	0
ASN247B	3	1	12	1	1	1	2	1	8	0	1	1	1	1	1	1
PHE270A	8	4	29	14	10663	457.446722906176	7	4	30	11	20645	229	7	3	14	4
MET237C	6	3	23	5	2451	779.511753343948	5	3	19	5	520	206.511753343948	4	2	8	3
VAL172A	6	6	17	15	10192	10192	5	5	14	9	9655	9655	2	2	3	1
GLU271A	5	3	15	2	33167	9933.93761264998	4	3	8	3	22652	2971.60283304862	3	2	4	1
ILE254A	7	6	23	14	8208	4426.5	4	4	9	4	15360	4569.71843100916	6	5	15	8
GLY226A	3	3	3	3	574	574	2	2	3	2	1	1	1	1	1	1
THR231A	6	6	14	10	213	213	3	3	7	3	730	713.803348712048	3	3	4	3
ILE195C	5	4	20	13	9645	4848.87801918769	5	4	18	10	940	940	2	2	3	0
VAL203B	7	7	19	13	12281	7407.02749743983	6	6	22	12	9546	4986.26479321222	3	3	4	4
GLY117C	5	5	12	10	15	8	3	3	7	4	1	1	1	1	1	1
PRO191A	4	3	14	6	6378	1	2	1	7	0	1	1	1	1	1	1
ASN263B	3	2	4	2	575	1.64291845077823	3	2	3	1	1	1	1	1	1	1
ASP208A	4	4	7	6	1	1	1	1	1	1	1	1	1	1	1	1
PRO98C	8	6	20	11	2125	1052	7	5	22	12	859	430	2	2	4	3
ARG209A	3	2	5	2	1	1	1	1	1	1	1	1	1	1	1	1
THR231B	6	6	19	15	206	206	4	4	11	6	726	726	4	4	7	4
CYS135B	6	5	23	16	1859	897.976450859575	6	5	30	14	685	1	2	1	4	0
MET160A	6	3	16	6	20196	20196	4	3	11	5	9938	9938	3	2	2	0
VAL225C	3	3	7	5	575	287.477668850136	3	3	6	5	1	1	1	1	1	1
GLU204B	5	2	16	3	570	1	4	1	13	0	1	1	1	1	1	1
CYS229C	5	4	16	11	3527	365.703061447798	5	4	16	9	1	1	1	1	1	1
LEU264C	6	4	19	6	551	551	3	3	7	1	1	1	1	1	1	1
LEU188B	6	2	16	6	9831	729.92922476524	4	2	9	5	4709	729.92922476524	2	2	2	2
ALA119B	4	2	12	5	575	574	4	2	13	4	1	1	1	1	1	1
ALA129C	4	4	9	6	1	1	2	2	5	2	1	1	1	1	1	1
LYS101A	2	1	5	1	575	1	2	1	2	0	1	1	1	1	1	1
GLY199B	3	3	5	3	615	615	3	3	5	2	1	1	1	1	1	1
PRO152A	6	5	18	13	1205	1125.10043021226	5	5	23	16	624	14.6952784272886	3	2	4	3
PRO153A	3	2	7	5	1	1	1	1	1	1	571	571	2	2	2	1
ASP207C	4	3	12	9	650	85.389151629777	3	3	9	9	646	64.9849856636443	3	2	4	3
SER149B	4	2	12	2	510	1	2	1	7	0	1	1	1	1	1	1
LYS164C	4	2	15	3	747	505.597204773874	4	2	13	3	655	505.597204773874	3	2	3	2
LYS164B	3	2	8	2	575	54.0685048189831	3	2	8	2	1	1	1	1	1	1
LEU289A	2	2	3	2	575	575	2	2	1	0	1	1	1	1	1	1
LEU201A	2	2	6	3	575	288	2	2	4	3	1	1	1	1	1	1
ASP228B	3	1	9	1	575	1	3	1	8	0	575	1	3	1	4	0
CYS182A	4	3	12	6	575	574.563874768653	3	3	8	5	1	1	2	1	4	0
HIS115A	3	3	7	5	1	1	1	1	1	1	1	1	1	1	1	1
PHE113A	6	3	16	5	19352	10739	5	3	17	4	8800	8800	2	2	6	2
ALA161A	6	6	21	16	6322	3181.28928568448	4	4	15	12	2941	1471	2	2	2	2
VAL143A	7	7	23	14	822	497	5	5	19	12	534	306	3	3	7	2
GLN136A	5	4	14	8	707	95	5	4	18	3	1	1	1	1	1	1
LYS139A	4	1	8	1	635	1	4	1	10	0	1	1	1	1	1	1
ALA129A	4	3	8	6	1	1	2	1	5	0	1	1	1	1	1	1
SER185A	4	3	9	5	575	509.093050306944	3	3	5	4	1	1	1	1	1	1
SER269A	3	2	11	4	570	1	2	1	3	0	575	6	3	2	8	1
ASP228C	3	2	9	4	575	371.714350096089	3	2	8	3	1	1	1	1	1	1
ALA119A	3	3	5	5	575	575	2	2	5	4	1	1	1	1	1	1
LYS120A	3	1	3	1	575	1	2	1	2	0	1	1	1	1	1	1
SER166C	2	2	7	4	575	575	2	2	6	3	1	1	1	1	1	1
MET169A	8	5	21	6	40410	22153	7	5	21	5	5764	1	3	1	6	0
LYS101C	3	1	9	1	3863	1	2	1	4	0	3319	1	2	1	2	0
SER116B	4	2	13	5	908	908	3	2	10	3	908	908	3	2	5	0
PRO222A	4	2	6	1	1	1	2	1	4	0	1633	559	3	2	3	0
SER95A	3	1	9	1	575	1	3	1	9	0	1	1	1	1	1	1
LEU194C	7	7	26	21	2139	1731	7	7	31	22	229	229	2	2	3	1
SER116C	4	2	9	2	1	1	2	1	4	0	50	50	2	2	1	0
GLY244A	5	5	14	11	1147	492.581033465654	4	4	15	12	1	1	1	1	1	1
SER166A	3	2	8	2	241	1	2	1	6	0	1	1	1	1	1	1
SER227A	4	3	4	3	1717	1143.30006366532	4	3	5	3	1	1	1	1	1	1
THR102A	3	3	9	4	575	575	2	2	4	2	1	1	1	1	1	1
SER261A	5	1	8	1	1	1	2	1	3	0	1	1	1	1	1	1
ARG248C	2	1	4	1	575	1	2	1	4	0	1	1	1	1	1	1
SER99A	2	1	5	1	575	1	2	1	2	0	1	1	1	1	1	1
MET243C	2	1	4	1	1	1	1	1	1	1	575	1	2	1	2	0
ASN235B	7	7	19	14	1176	1001.3806189364	6	6	23	13	1	1	1	1	1	1
PRO250B	3	3	9	8	1717	1717	3	3	10	7	1	1	1	1	1	1
GLU180B	2	2	4	3	575	209.480060757697	2	2	3	3	575	209.480060757697	2	2	1	1
GLY226B	3	3	1	1	3	3	2	2	1	0	1	1	1	1	1	1
VAL225B	2	2	2	2	1	1	1	1	1	1	1	1	1	1	1	1
MET169B	3	2	10	4	2677	585	3	2	11	3	1	1	1	1	1	1
ASN131A	3	3	10	4	575	566.753358757773	3	3	10	4	547	547	2	2	6	2
ARG209C	3	1	4	1	1	1	1	1	1	1	236	1	2	1	2	0
PHE212C	3	2	6	1	912	1	2	1	4	0	1	1	1	1	1	1
ASN131B	3	3	11	4	1659	1659	3	3	11	3	1659	1659	3	3	7	0
THR123C	5	4	17	10	306	167	4	3	17	4	658	658	4	4	7	4
SER95C	3	2	9	6	725	645	3	2	8	4	1	1	1	1	1	1
GLY108C	8	6	21	15	755	651.099947304303	7	5	27	11	1	1	1	1	1	1
VAL143C	8	8	28	16	21335	15827	6	6	25	14	1	1	1	1	1	1
THR170C	4	4	11	6	127	43.634607115089	2	2	3	2	1	1	1	1	1	1
LEU114B	3	3	9	5	19	10	2	2	4	3	575	566	3	3	5	2
ASN131C	3	3	11	4	575	575	3	3	10	3	546	546	2	2	1	0
LEU111C	8	7	26	19	9683	5793.44333572248	6	6	25	17	5841	4525.44333572248	4	4	5	4
PHE212B	3	1	10	1	347	1	2	1	4	0	1	1	1	1	1	1
HIS168B	4	4	13	9	61968	14902.2580880048	2	2	8	6	1	1	1	1	1	1
SER215A	4	2	13	4	19542	4803	3	2	7	4	9938	1	2	1	2	0
GLU287C	3	3	10	6	575	575	3	3	7	2	1	1	1	1	1	1
GLY226C	5	5	6	4	1149	906.022331149864	4	4	7	5	1	1	1	1	1	1
ALA138A	4	4	14	9	482	482	3	3	9	4	1	1	1	1	1	1
VAL203C	7	7	18	15	9023	6128.72228933747	5	5	16	9	1	1	1	1	1	1
SER241A	2	2	6	5	1	1	1	1	1	1	1	1	1	1	1	1
ARG248A	3	2	5	1	575	71	3	2	5	0	1	1	1	1	1	1
ASN200A	5	2	15	6	1585	84	4	2	14	3	1	1	1	1	1	1
SER240B	3	3	12	11	575	575	3	3	11	9	575	575	3	3	3	1
GLU221A	3	1	7	1	73	1	2	1	4	0	631	1	3	1	4	0
HIS233B	3	1	14	1	575	1	3	1	14	0	1	1	1	1	1	1
SER215C	4	3	12	8	575	57	3	2	9	2	1	1	2	2	3	2
HIS115C	3	2	9	3	526	526	2	2	6	2	50	1	2	1	1	0
SER269C	2	2	8	4	1	1	1	1	1	1	1	1	1	1	1	1
MET243A	2	1	4	1	1	1	1	1	1	1	1	1	1	1	1	1
GLU171C	4	1	11	1	572	1	3	1	11	0	1	1	1	1	1	1
SER241B	2	1	3	1	1	1	1	1	1	1	1	1	1	1	1	1
ASN247C	2	1	6	1	1	1	1	1	1	1	1	1	1	1	1	1
SER106B	2	1	4	1	1	1	1	1	1	1	1	1	1	1	1	1
SER185C	2	1	5	1	1	1	1	1	1	1	1	1	1	1	1	1
SER227C	2	1	4	1	1	1	1	1	1	1	1	1	1	1	1	1
SER121A	2	1	7	1	1	1	1	1	1	1	1	1	1	1	1	1
SER227B	2	1	2	1	3	1	2	1	1	0	1	1	1	1	1	1
SER183A	1	1	1	1	1	1	1	1	1	1	1	1	1	1	1	1
HIS115B	1	1	1	1	1	1	1	1	1	1	1	1	1	1	1	1
LEU201B	1	1	1	1	1	1	1	1	1	1	1	1	1	1	1	1
GLU224B	1	1	1	1	1	1	1	1	1	1	1	1	1	1	1	1
GLU180C	1	1	1	1	1	1	1	1	1	1	1	1	1	1	1	1
ASN210C	1	1	1	1	1	1	1	1	1	1	1	1	1	1	1	1
SER241C	1	1	1	1	1	1	1	1	1	1	1	1	1	1	1	1
DT1E	1	1	1	1	1	1	1	1	1	1	1	1	1	1	1	1
DT2E	1	1	1	1	1	1	1	1	1	1	1	1	1	1	1	1
DT3E	1	1	1	1	1	1	1	1	1	1	1	1	1	1	1	1
DC4E	1	1	1	1	1	1	1	1	1	1	1	1	1	1	1	1
DT11E	1	1	1	1	1	1	1	1	1	1	1	1	1	1	1	1
DT12E	1	1	1	1	1	1	1	1	1	1	1	1	1	1	1	1
DG13E	1	1	1	1	1	1	1	1	1	1	1	1	1	1	1	1
DC14E	1	1	1	1	1	1	1	1	1	1	1	1	1	1	1	1
DC15E	1	1	1	1	1	1	1	1	1	1	1	1	1	1	1	1
DC16E	1	1	1	1	1	1	1	1	1	1	1	1	1	1	1	1
DA4F	1	1	1	1	1	1	1	1	1	1	1	1	1	1	1	1
DT6F	1	1	1	1	1	1	1	1	1	1	1	1	1	1	1	1
DG7F	1	1	1	1	1	1	1	1	1	1	1	1	1	1	1	1
DG8F	1	1	1	1	1	1	1	1	1	1	1	1	1	1	1	1
DG9F	1	1	1	1	1	1	1	1	1	1	1	1	1	1	1	1
DA12F	1	1	1	1	1	1	1	1	1	1	1	1	1	1	1	1
DG13F	1	1	1	1	1	1	1	1	1	1	1	1	1	1	1	1
DT14F	1	1	1	1	1	1	1	1	1	1	1	1	1	1	1	1
DC15F	1	1	1	1	1	1	1	1	1	1	1	1	1	1	1	1
DT16F	1	1	1	1	1	1	1	1	1	1	1	1	1	1	1	1
DA17F	1	1	1	1	1	1	1	1	1	1	1	1	1	1	1	1
DG18F	1	1	1	1	1	1	1	1	1	1	1	1	1	1	1	1
DG19F	1	1	1	1	1	1	1	1	1	1	1	1	1	1	1	1
DA20F	1	1	1	1	1	1	1	1	1	1	1	1	1	1	1	1
