Degree	Degree_sidechain	SecondOrderDegree	SecondOrderDegree_sidechain	NodeEdgeBetweennessSTRIDE	NodeEdgeBetweennessSTRIDE_sidechain	IntermodularDegreeSTRIDE	IntermodularDegreeSTRIDE_sidechain	SecondOrderIntermodularDegreeSTRIDE	SecondOrderIntermodularDegreeSTRIDE_sidechain	NodeEdgeBetweennessWALKTRAP	NodeEdgeBetweennessWALKTRAP_sidechain	IntermodularDegreeWALKTRAP	IntermodularDegreeWALKTRAP_sidechain	SecondOrderIntermodularDegreeWALKTRAP	SecondOrderIntermodularDegreeWALKTRAP_sidechain
ILE740A	0.295650012681985	-0.434657197276416	-0.0705733606615217	-0.345601276406332	-0.646448776114364	-0.551960325582056	-0.071507004317704	-0.101848968554529	-0.178353278286275	-0.0487392722852035	-0.520889378116497	-0.447944959089421	-0.43844880544859	-0.175434061965399	-0.654798486759655	-0.295819608839959
PRO741A	0.295650012681985	-0.912302469008741	0.0511048473755846	-0.812630028306779	-0.504272592908474	-0.56971070506257	-0.071507004317704	-1.25485615973788	-0.0764371192655463	-1.04567893266437	-0.576703188007731	-0.469925518616189	-1.03094719118993	-0.896395960453342	-0.812581254653548	-0.55683691075757
ALA859A	0.295650012681985	0.99827861792056	1.02453051167244	1.36683748056198	-0.375919094180935	-0.149440827623634	0.950021628792356	1.62766181822049	2.06380222016975	2.11129665853632	-0.411731395939834	-0.201071603615777	-0.43844880544859	-0.175434061965399	-0.023667415184084	0.487232296912874
ARG858A	2.14346259194439	0.99827861792056	1.14620871970954	0.588456227394564	0.950268748056223	0.260476034400797	2.99307889501248	1.62766181822049	2.98104765135631	1.77898343840993	0.950520707423219	0.558107096976113	1.33904635177542	1.98745163349843	1.08081196007317	1.53130150458332
TYR827A	0.295650012681985	0.0429880744559092	0.781174095598223	0.432779976761082	0.134730363833552	-0.153945474277175	-0.071507004317704	-0.101848968554529	0.0254790397551821	0.283573947841184	0.169621296467096	0.0449227647386271	0.154049580292748	0.545527836522544	0.134115352709809	0.487232296912874
VAL769A	2.14346259194439	2.43121443311754	1.14620871970954	1.52251373119546	5.324950918533	6.99307599677366	2.48231457845745	2.78066900940384	1.14655678898319	1.61282682834674	3.14899210411247	2.79206023749586	1.93154473751676	1.98745163349843	1.23859472796706	1.79231880650093
HIS888A	-1.09020942176482	-0.912302469008741	-1.04399902495837	-0.656953777673297	-0.343534519117371	-0.56971070506257	-1.09303563742776	-1.25485615973788	-0.993682550452102	-1.04567893266437	-0.576703188007731	-0.469925518616189	-1.03094719118993	-0.896395960453342	-0.812581254653548	-0.55683691075757
LEU887A	-0.166303132133617	0.0429880744559092	-0.922320816921266	-0.501277527039814	-0.692261101814039	-0.56971070506257	-0.582271320872734	-0.101848968554529	-0.993682550452102	-0.879522322601173	-0.576703188007731	-0.469925518616189	0.154049580292748	0.545527836522544	-0.339232950971869	-0.55683691075757
GLU829A	-1.09020942176482	-0.434657197276416	-0.678964400847053	-0.0342487751393663	-0.578915089091566	-0.555639489306065	-0.582271320872734	-0.101848968554529	-0.382185596327732	0.283573947841184	-0.434945989434419	-0.452500922376464	-0.43844880544859	-0.175434061965399	-0.181450183077977	0.226214994995263
HIS893A	1.21955630231319	0.99827861792056	1.63292155185797	1.21116122992849	-0.353012931331097	-0.235807034609461	1.46078594534739	1.62766181822049	2.26763453821121	2.11129665853632	-0.152419447330116	-0.056447625782505	1.93154473751676	1.98745163349843	2.18529133533041	2.05333610841854
ARG803A	-0.166303132133617	0.0429880744559092	-0.192251568698628	-0.189925025772849	-0.106574213774222	-0.121021682707714	-0.582271320872734	-0.101848968554529	-0.687934073389917	-0.214895882348397	0.739119728366154	-0.168407590789993	0.154049580292748	-0.175434061965399	0.134115352709809	-0.0348023069223481
LEU799A	-0.628256276949219	0.0429880744559092	-0.557286192809947	0.121427475494116	-0.442662913519255	-0.479305431781276	-0.582271320872734	-0.101848968554529	-0.48410175534846	0.283573947841184	0.0451515611344313	-0.154788444303244	0.746547966034086	1.26648973501049	-0.339232950971869	-0.0348023069223481
CYS818A	0.757603157497587	0.520633346188234	1.63292155185797	0.899808728661529	-0.216365821916548	-0.400050766956323	0.439257312237326	0.474654627037145	0.331227516817367	-0.214895882348397	0.155297398353416	-0.036861427986783	1.33904635177542	1.26648973501049	1.86972579954263	1.79231880650093
LEU814A	1.68150944712879	1.47592388965288	1.87627796793218	1.83386623246243	0.497674564850808	0.103129509295781	1.46078594534739	1.62766181822049	1.96188606114902	2.44360987866271	1.83267526021742	1.04681896609097	2.5240431232581	2.70841353198637	3.13198794269377	3.88045722184182
ILE965A	-0.166303132133617	-0.434657197276416	-0.80064260888416	-1.12398252957374	-0.260598412247269	-0.0990831372889201	-0.071507004317704	-0.101848968554529	-0.891766391431374	-1.04567893266437	-0.454209162759712	-0.469925518616189	-0.43844880544859	-0.896395960453342	-0.654798486759655	-0.817854212675182
LYS823A	-0.166303132133617	-1.38994774074107	0.659495887561116	-1.12398252957374	-0.519675012755779	-0.56971070506257	-1.09303563742776	-1.25485615973788	-1.09559870947283	-1.04567893266437	-0.576703188007731	-0.469925518616189	-1.03094719118993	-0.896395960453342	-0.812581254653548	-0.55683691075757
ARG831A	0.295650012681985	0.0429880744559092	0.416139471486904	0.277103726127599	-0.206097542018345	-0.418947768840235	0.439257312237326	-0.101848968554529	0.636975993879553	0.449730557904378	-0.271455979930006	-0.283233527174352	0.154049580292748	0.545527836522544	-0.023667415184084	0.487232296912874
SER768A	-0.166303132133617	0.0429880744559092	-0.0705733606615217	0.277103726127599	-0.328132099270067	-0.246580458214861	-0.582271320872734	-0.101848968554529	-0.178353278286275	0.449730557904378	-0.271455979930006	-0.159157272123133	-0.43844880544859	-0.175434061965399	-0.654798486759655	-0.295819608839959
GLY824A	2.60541573676	3.38650497658219	1.63292155185797	1.98954248309591	-0.181611643799553	0.129467062932263	0.439257312237326	1.05115822262882	0.433143675838096	0.94820038809396	-0.401358917995446	-0.359168092583188	0.154049580292748	0.545527836522544	0.607463656391487	1.0092669007481
HIS773A	0.757603157497587	0.520633346188234	1.14620871970954	0.432779976761082	1.71249106357669	1.2219723697821	0.950021628792356	0.474654627037145	0.84080831192101	0.615887167967572	0.602301805004455	-0.232345252014288	1.33904635177542	1.26648973501049	0.923029192179272	0.748249598830485
ARG977A	-0.628256276949219	-0.912302469008741	-1.04399902495837	-0.968306278940262	-0.578915089091566	-0.44556883233543	-0.071507004317704	-0.678352564146203	-0.48410175534846	-0.713365712537979	-0.576703188007731	-0.469925518616189	-1.03094719118993	-0.896395960453342	-0.812581254653548	-0.55683691075757
TYR978A	0.295650012681985	-0.434657197276416	0.172783055412691	-0.968306278940262	-0.231373307921614	-0.4387798126142	0.439257312237326	-0.101848968554529	-0.178353278286275	-0.713365712537979	-0.576703188007731	-0.469925518616189	-1.03094719118993	-0.896395960453342	-0.812581254653548	-0.55683691075757
GLY729A	1.21955630231319	1.95356916138521	0.172783055412691	0.588456227394564	-0.291403251941879	-0.189796916746245	0.950021628792356	1.62766181822049	0.127395198775911	0.449730557904378	-0.576703188007731	-0.469925518616189	-1.03094719118993	-0.896395960453342	-0.812581254653548	-0.55683691075757
LYS728A	-0.628256276949219	-1.38994774074107	-0.435607984772841	-1.12398252957374	-0.534682498760845	-0.56971070506257	-0.582271320872734	-1.25485615973788	-1.09559870947283	-1.04567893266437	-0.576703188007731	-0.469925518616189	-1.03094719118993	-0.896395960453342	-0.812581254653548	-0.55683691075757
ARG748A	-1.09020942176482	-0.434657197276416	-0.922320816921266	-0.0342487751393663	-0.578915089091566	-0.494306531528798	-0.582271320872734	-0.101848968554529	-0.48410175534846	0.449730557904378	-0.576703188007731	-0.469925518616189	-1.03094719118993	-0.896395960453342	-0.812581254653548	-0.55683691075757
GLY724A	0.757603157497587	1.47592388965288	-0.313929776735734	0.744132478028047	1.16432289054953	1.87094214012927	0.950021628792356	1.62766181822049	0.0254790397551821	0.782043778030766	-0.25861386437981	0.0484634671929885	-0.43844880544859	-0.175434061965399	-0.654798486759655	-0.55683691075757
GLN812A	0.295650012681985	0.0429880744559092	0.53781767952401	0.277103726127599	-0.284689376623823	-0.197228103937994	-0.071507004317704	-0.101848968554529	0.433143675838096	0.11741733777799	0.0747872124041134	0.171425056574407	0.746547966034086	1.26648973501049	0.76524642428538	1.27028420266571
PRO975A	1.21955630231319	0.99827861792056	0.294461263449797	0.277103726127599	0.386303221339528	0.101117807454716	1.46078594534739	1.05115822262882	0.942724470941738	-0.0487392722852035	0.714423352308085	0.26659206346139	1.33904635177542	0.545527836522544	0.76524642428538	-0.0348023069223481
ILE918A	0.295650012681985	-0.912302469008741	-0.192251568698628	-1.12398252957374	0.665126513959967	0.617908861681156	0.950021628792356	-0.678352564146203	0.229311357796639	-1.04567893266437	0.325702393154088	1.00072149547289	0.154049580292748	-0.175434061965399	-0.339232950971869	-0.817854212675182
PRO919A	-0.166303132133617	0.0429880744559092	-0.80064260888416	-0.656953777673297	0.0363918371161446	0.407658638389643	0.439257312237326	0.474654627037145	-0.382185596327732	-0.381052492411591	-0.576703188007731	-0.469925518616189	-1.03094719118993	-0.896395960453342	-0.812581254653548	-0.55683691075757
SER720A	-0.628256276949219	-1.38994774074107	-0.557286192809947	-1.12398252957374	-0.607745259574983	-0.56971070506257	-1.09303563742776	-1.25485615973788	-0.891766391431374	-1.04567893266437	-0.576703188007731	-0.469925518616189	-1.03094719118993	-0.896395960453342	-0.812581254653548	-0.55683691075757
PHE910A	-0.166303132133617	-0.912302469008741	-0.192251568698628	-0.656953777673297	-0.231373307921614	-0.529580750822153	0.439257312237326	-0.678352564146203	0.127395198775911	-0.381052492411591	-0.00028977081241463	-0.420231998037865	0.746547966034086	-0.175434061965399	0.449680888497594	0.226214994995263
VAL802A	1.21955630231319	1.95356916138521	0.53781767952401	1.36683748056198	0.797429351109892	0.672980418672492	0.439257312237326	1.05115822262882	0.535059834858824	0.94820038809396	1.62275606372384	2.42749863421011	1.33904635177542	1.98745163349843	1.55416026375484	2.05333610841854
ALA871A	0.295650012681985	0.99827861792056	0.0511048473755846	0.277103726127599	0.0545587938591194	0.659511298611424	0.950021628792356	1.62766181822049	0.942724470941738	0.94820038809396	0.357313754508416	1.05223841331728	1.33904635177542	1.98745163349843	0.923029192179272	0.226214994995263
HIS870A	-0.628256276949219	-0.434657197276416	-0.80064260888416	-0.968306278940262	-0.557588661610683	-0.401116994576285	-0.071507004317704	-0.101848968554529	-0.178353278286275	-0.713365712537979	-0.42457351149003	-0.287716824352271	0.154049580292748	-0.175434061965399	-0.181450183077977	-0.55683691075757
GLN787A	1.21955630231319	0.0429880744559092	0.902852303635329	-0.189925025772849	-0.340375048379463	-0.208113889392887	0.439257312237326	0.474654627037145	0.127395198775911	0.283573947841184	-0.398395352868477	-0.318478142408483	-0.43844880544859	-0.175434061965399	-0.654798486759655	-0.55683691075757
LYS714A	-0.628256276949219	-0.434657197276416	0.0511048473755846	-0.656953777673297	-0.194249526751187	-0.0816137310814715	-0.071507004317704	-0.101848968554529	-0.178353278286275	-0.547209102474785	-0.576703188007731	-0.469925518616189	-1.03094719118993	-0.896395960453342	-0.812581254653548	-0.55683691075757
ILE780A	2.60541573676	0.99827861792056	1.51124334382086	1.36683748056198	0.349179440169102	-0.517219778818275	2.48231457845745	1.05115822262882	1.85996990212829	0.94820038809396	1.98332315417164	0.235671145652926	2.5240431232581	1.26648973501049	2.65863963901209	2.31435341033615
LEU704A	1.68150944712879	1.95356916138521	1.02453051167244	1.98954248309591	2.26263390581503	2.13709102303228	1.97155026190242	2.78066900940384	1.35038910702465	1.94514004847312	2.98204460195993	2.603671892602	2.5240431232581	2.70841353198637	1.39637749586095	0.487232296912874
GLY796A	-0.166303132133617	0.520633346188234	0.0511048473755846	0.899808728661529	-0.57220121377351	-0.390134325961545	-0.071507004317704	0.474654627037145	-0.0764371192655463	0.615887167967572	-0.446800249942292	-0.258223184349398	-0.43844880544859	-0.175434061965399	-0.497015718865762	-0.55683691075757
VAL845A	2.14346259194439	2.90885970484986	0.781174095598223	1.52251373119546	0.496094829481854	0.876056060230315	1.46078594534739	2.20416541381217	0.84080831192101	1.61282682834674	0.550933342803672	0.955951234775976	0.154049580292748	0.545527836522544	-0.023667415184084	0.487232296912874
LEU798A	0.295650012681985	0.99827861792056	0.53781767952401	1.83386623246243	0.568762656453753	0.0225469735046114	0.439257312237326	1.05115822262882	0.636975993879553	1.94514004847312	1.00040738706052	0.263475993910512	1.33904635177542	1.98745163349843	1.71194303164874	3.09740531608899
TRP817A	1.68150944712879	1.47592388965288	1.63292155185797	1.52251373119546	0.682108669176226	-0.0431350521114783	0.950021628792356	1.05115822262882	1.04464062996247	1.44667021828354	2.8941255031932	2.35374872676819	3.11654150899944	3.42937543047431	3.28977071058766	3.61943991992421
PHE723A	0.295650012681985	0.0429880744559092	0.0511048473755846	0.121427475494116	1.75198444780055	1.81730002934685	0.439257312237326	0.474654627037145	0.229311357796639	0.283573947841184	0.895200825053146	1.92883096851324	-0.43844880544859	-0.175434061965399	-0.497015718865762	-0.817854212675182
VAL726A	0.757603157497587	0.99827861792056	0.294461263449797	0.121427475494116	0.718837516504414	1.15578588750253	0.439257312237326	0.474654627037145	-0.0764371192655463	-0.214895882348397	0.0782447050522429	0.597440622972273	0.154049580292748	0.545527836522544	-0.023667415184084	-0.55683691075757
GLU868A	-0.628256276949219	-0.912302469008741	-0.192251568698628	-0.968306278940262	-0.364860946598255	-0.532242345128624	-0.071507004317704	-0.678352564146203	0.535059834858824	-0.713365712537979	-0.436427771997903	-0.423527889945625	-0.43844880544859	-0.175434061965399	-0.654798486759655	-0.55683691075757
THR892A	1.68150944712879	1.95356916138521	1.26788692774665	1.21116122992849	4.41383854448859	1.93690059631179	2.48231457845745	2.78066900940384	2.47146685625266	1.44667021828354	5.39833803548134	1.96432869152662	1.93154473751676	1.98745163349843	2.18529133533041	1.27028420266571
GLU804A	-1.55216256658042	-1.38994774074107	-1.5307118571068	-1.12398252957374	-0.692261101814039	-0.56971070506257	-1.60379995398279	-1.25485615973788	-1.29943102751429	-0.879522322601173	-0.576703188007731	-0.469925518616189	-1.03094719118993	-0.896395960453342	-0.812581254653548	-0.55683691075757
HIS805A	-0.628256276949219	-0.434657197276416	-0.80064260888416	-0.968306278940262	-0.462804539473423	-0.56971070506257	-1.09303563742776	-1.25485615973788	-0.789850232410645	-1.04567893266437	-0.576703188007731	-0.469925518616189	-1.03094719118993	-0.896395960453342	-0.812581254653548	-0.55683691075757
ARG841A	0.757603157497587	0.520633346188234	0.659495887561116	0.588456227394564	0.586929613196728	0.938664070708582	0.439257312237326	1.05115822262882	0.636975993879553	1.11435699815715	-0.576703188007731	-0.469925518616189	-1.03094719118993	-0.896395960453342	-0.812581254653548	-0.55683691075757
ASN842A	-0.166303132133617	-0.434657197276416	0.172783055412691	-0.501277527039814	1.40839200505298	1.77172644841904	-0.071507004317704	-0.678352564146203	-0.0764371192655463	-1.04567893266437	1.28490963924947	2.4295110138134	0.154049580292748	-0.175434061965399	-0.023667415184084	-0.817854212675182
ASN816A	-1.09020942176482	-0.434657197276416	-0.557286192809947	-0.0342487751393663	-0.692261101814039	-0.56971070506257	-1.09303563742776	-0.678352564146203	-0.891766391431374	-0.547209102474785	-0.434945989434419	-0.419004157543852	0.154049580292748	0.545527836522544	0.291898120603702	1.0092669007481
LEU907A	-0.166303132133617	0.0429880744559092	0.294461263449797	0.277103726127599	-0.189510320644324	-0.293485256029638	0.439257312237326	0.474654627037145	0.331227516817367	0.615887167967572	0.0520665464306904	-0.127871427212561	1.33904635177542	1.26648973501049	1.71194303164874	1.79231880650093
GLU931A	-0.166303132133617	-0.912302469008741	-0.557286192809947	-1.12398252957374	-0.691471234129562	-0.56971070506257	-0.071507004317704	-0.678352564146203	-0.382185596327732	-1.04567893266437	-0.435933844476741	-0.469925518616189	-0.43844880544859	-0.896395960453342	-0.339232950971869	-0.817854212675182
GLY930A	-0.166303132133617	0.520633346188234	-0.557286192809947	0.121427475494116	-0.353012931331097	-0.259070914259319	0.439257312237326	1.05115822262882	0.0254790397551821	0.283573947841184	-0.295164500945752	-0.317886716903255	-0.43844880544859	-0.175434061965399	-0.339232950971869	0.226214994995263
ILE878A	-0.628256276949219	-0.434657197276416	-0.80064260888416	-0.345601276406332	-0.415412478404793	-0.491379560223583	-0.071507004317704	-0.101848968554529	-0.382185596327732	-0.0487392722852035	-0.230459995673612	-0.372926894230529	0.746547966034086	0.545527836522544	0.134115352709809	0.487232296912874
ILE886A	-0.628256276949219	-0.434657197276416	-0.678964400847053	-0.656953777673297	-0.571806279931272	-0.500037225281946	-0.071507004317704	-0.101848968554529	-0.280269437307003	-0.381052492411591	-0.426055294053514	-0.383647809937547	0.746547966034086	0.545527836522544	0.607463656391487	-0.0348023069223481
LEU927A	0.757603157497587	0.520633346188234	0.0511048473755846	0.277103726127599	-0.579310022933805	-0.478688311362115	0.439257312237326	0.474654627037145	0.229311357796639	0.449730557904378	-0.43543991695558	-0.357211131568961	0.154049580292748	0.545527836522544	0.291898120603702	1.27028420266571
ILE759A	0.295650012681985	-0.434657197276416	0.781174095598223	-0.189925025772849	0.0987913841898405	-0.00937788265803107	0.439257312237326	-0.101848968554529	0.738892152900281	-0.214895882348397	0.412633636878489	0.223942968600443	0.746547966034086	0.545527836522544	1.23859472796706	0.487232296912874
LYS754A	-0.166303132133617	-1.38994774074107	-0.922320816921266	-1.12398252957374	-0.231373307921614	-0.56971070506257	-0.071507004317704	-1.25485615973788	-0.687934073389917	-1.04567893266437	0.140973500239737	-0.469925518616189	1.33904635177542	-0.896395960453342	-0.023667415184084	-0.817854212675182
LEU964A	0.295650012681985	0.520633346188234	0.902852303635329	0.588456227394564	-0.0911717939269174	0.198629998117918	0.439257312237326	0.474654627037145	0.331227516817367	0.449730557904378	-0.166743345443796	0.198184509678248	0.154049580292748	0.545527836522544	-0.023667415184084	0.226214994995263
TYR900A	1.21955630231319	0.0429880744559092	1.63292155185797	0.588456227394564	1.07467290836138	0.100981114829266	0.950021628792356	0.474654627037145	0.636975993879553	-0.0487392722852035	0.581062921594516	0.360602160379808	1.33904635177542	1.26648973501049	0.607463656391487	0.487232296912874
TRP951A	1.21955630231319	1.47592388965288	1.26788692774665	1.83386623246243	3.87119944525278	2.06829282598877	1.97155026190242	2.20416541381217	1.35038910702465	1.94514004847312	3.89334087850265	2.10818553286079	1.33904635177542	1.26648973501049	0.607463656391487	0.226214994995263
VAL902A	1.21955630231319	1.95356916138521	1.87627796793218	3.07927623753029	-0.40514419850659	-0.10864673053837	0.439257312237326	1.05115822262882	0.942724470941738	1.44667021828354	-0.564354999978697	-0.464059318198461	-0.43844880544859	-0.175434061965399	-0.339232950971869	-0.0348023069223481
ARG932A	0.757603157497587	0.99827861792056	0.172783055412691	0.588456227394564	0.818755778590776	1.23732490095162	0.950021628792356	1.05115822262882	0.636975993879553	1.44667021828354	0.388431188341582	0.669328570596257	1.33904635177542	1.98745163349843	-0.023667415184084	0.487232296912874
ARG948A	-0.628256276949219	-0.434657197276416	-0.0705733606615217	-0.0342487751393663	-0.516910475860109	-0.538508877364869	-0.582271320872734	-0.678352564146203	-0.178353278286275	-0.381052492411591	-0.576703188007731	-0.469925518616189	-1.03094719118993	-0.896395960453342	-0.812581254653548	-0.55683691075757
GLY721A	0.295650012681985	0.99827861792056	-0.557286192809947	0.121427475494116	-0.353012931331097	-0.335242240927048	0.439257312237326	1.05115822262882	-0.178353278286275	0.782043778030766	-0.576703188007731	-0.469925518616189	-1.03094719118993	-0.896395960453342	-0.812581254653548	-0.55683691075757
MET971A	1.21955630231319	0.0429880744559092	1.02453051167244	-0.812630028306779	-0.51098646822653	-0.53265853467155	-0.071507004317704	-0.678352564146203	0.0254790397551821	-0.713365712537979	-0.141553041864566	-0.0804134383335587	0.746547966034086	0.545527836522544	0.76524642428538	-0.295819608839959
PHE968A	0.757603157497587	-0.912302469008741	1.26788692774665	-0.812630028306779	-0.426865559829712	-0.56971070506257	0.439257312237326	-1.25485615973788	0.433143675838096	-1.04567893266437	-0.372711121768086	-0.410274471443041	0.746547966034086	-0.175434061965399	0.923029192179272	-0.295819608839959
SER752A	-0.628256276949219	-0.912302469008741	-1.28735544103258	-1.12398252957374	-0.692261101814039	-0.56971070506257	-1.60379995398279	-1.25485615973788	-1.29943102751429	-0.879522322601173	-0.576703188007731	-0.469925518616189	-1.03094719118993	-0.896395960453342	-0.812581254653548	-0.55683691075757
THR751A	-0.628256276949219	-0.912302469008741	-1.28735544103258	-1.12398252957374	-0.692261101814039	-0.56971070506257	-1.60379995398279	-1.25485615973788	-1.29943102751429	-0.879522322601173	-0.576703188007731	-0.469925518616189	-1.03094719118993	-0.896395960453342	-0.812581254653548	-0.55683691075757
VAL904A	1.21955630231319	0.99827861792056	1.99795617596929	1.21116122992849	-0.538236903340992	-0.316195855018753	-0.582271320872734	-0.101848968554529	-0.586017914369188	-0.214895882348397	-0.384071454754798	-0.155994300501936	0.154049580292748	0.545527836522544	-0.023667415184084	0.226214994995263
GLY810A	1.68150944712879	2.43121443311754	1.26788692774665	1.98954248309591	0.12959622388445	0.478157049202379	1.97155026190242	2.78066900940384	1.96188606114902	2.44360987866271	-0.265528849676069	0.0371941414145281	-0.43844880544859	-0.175434061965399	-0.497015718865762	-0.55683691075757
ILE981A	0.757603157497587	0.520633346188234	0.781174095598223	1.21116122992849	-0.131849979677491	-0.253191134724998	1.46078594534739	1.05115822262882	1.55422142506611	2.11129665853632	-0.403828555601253	-0.377368001849221	0.154049580292748	-0.175434061965399	-0.181450183077977	0.226214994995263
GLU866A	-1.09020942176482	-0.434657197276416	-0.557286192809947	-0.0342487751393663	-0.692261101814039	-0.56971070506257	-1.09303563742776	-0.678352564146203	-0.586017914369188	-0.381052492411591	-0.576703188007731	-0.469925518616189	-1.03094719118993	-0.896395960453342	-0.812581254653548	-0.55683691075757
GLY863A	0.295650012681985	0.520633346188234	-0.557286192809947	-0.0342487751393663	-0.245195992399964	0.166132398141534	-0.582271320872734	-0.678352564146203	-0.0764371192655463	-0.381052492411591	-0.576703188007731	-0.469925518616189	-0.43844880544859	-0.896395960453342	-0.339232950971869	-0.817854212675182
ILE923A	-0.166303132133617	-0.434657197276416	-0.192251568698628	-0.968306278940262	-0.505062460592951	-0.329196616559461	-0.071507004317704	-0.101848968554529	-0.0764371192655463	-0.879522322601173	-0.342581542977243	-0.172093337328308	0.154049580292748	-0.175434061965399	-0.023667415184084	-0.817854212675182
TYR915A	0.295650012681985	-1.38994774074107	-0.0705733606615217	-1.12398252957374	1.35863034093092	-0.56971070506257	0.950021628792356	-1.25485615973788	0.331227516817367	-1.04567893266437	0.650212774557107	-0.469925518616189	0.746547966034086	-0.896395960453342	-0.181450183077977	-0.817854212675182
LEU862A	1.68150944712879	0.520633346188234	0.53781767952401	0.277103726127599	0.479507608107834	-0.183501658772467	2.48231457845745	1.05115822262882	1.85996990212829	0.94820038809396	0.329653813323379	0.00832290086551295	1.33904635177542	0.545527836522544	1.39637749586095	0.748249598830485
LEU833A	1.21955630231319	0.99827861792056	1.51124334382086	1.36683748056198	1.47118648596891	1.47769914467019	1.46078594534739	1.62766181822049	1.85996990212829	2.11129665853632	4.14919533446424	1.29493139347484	1.33904635177542	0.545527836522544	2.18529133533041	0.226214994995263
LYS860A	1.21955630231319	0.0429880744559092	1.02453051167244	0.432779976761082	-0.578915089091566	-0.56971070506257	1.97155026190242	0.474654627037145	2.67529917429412	0.94820038809396	-0.434945989434419	-0.469925518616189	1.33904635177542	-0.896395960453342	1.86972579954263	-0.817854212675182
ALA755A	-0.628256276949219	0.0429880744559092	-1.16567723299548	-0.968306278940262	-0.691866167971801	-0.569638630221782	-0.582271320872734	-0.101848968554529	-0.993682550452102	-0.713365712537979	-0.43543991695558	-0.23970929199907	-0.43844880544859	-0.175434061965399	-0.339232950971869	-0.817854212675182
ASN756A	-1.09020942176482	-1.38994774074107	-0.80064260888416	-1.12398252957374	-0.578915089091566	-0.56971070506257	-0.582271320872734	-1.25485615973788	-0.687934073389917	-1.04567893266437	-0.434945989434419	-0.469925518616189	-0.43844880544859	-0.896395960453342	-0.181450183077977	-0.817854212675182
LEU933A	1.21955630231319	0.99827861792056	1.14620871970954	1.05548497929501	4.09749653685548	4.93861969293222	1.46078594534739	1.62766181822049	1.55422142506611	1.44667021828354	1.77488574024154	0.665497189388568	0.746547966034086	-0.175434061965399	-0.023667415184084	-0.0348023069223481
TRP905A	2.60541573676	1.47592388965288	1.75459975989507	0.899808728661529	1.77291594143919	0.526701575209414	1.46078594534739	1.05115822262882	1.35038910702465	0.11741733777799	0.161224528607353	-0.469925518616189	0.154049580292748	-0.896395960453342	-0.181450183077977	-0.817854212675182
HIS850A	1.21955630231319	0.0429880744559092	0.53781767952401	-0.189925025772849	-0.509406732857576	-0.499002393171386	0.950021628792356	-0.101848968554529	0.229311357796639	-0.381052492411591	-0.443342757294162	-0.436298135276496	0.154049580292748	-0.175434061965399	0.134115352709809	-0.0348023069223481
LYS739A	-0.628256276949219	-1.38994774074107	-1.04399902495837	-1.12398252957374	-0.578125221407089	-0.56971070506257	-0.582271320872734	-1.25485615973788	-0.789850232410645	-1.04567893266437	-0.557440014682438	-0.469925518616189	0.154049580292748	-0.896395960453342	-0.497015718865762	-0.817854212675182
VAL738A	-0.166303132133617	0.520633346188234	-0.678964400847053	-0.345601276406332	-0.559168396979637	-0.449070497599606	-0.071507004317704	0.474654627037145	-0.178353278286275	0.283573947841184	-0.520889378116497	-0.400946520073956	0.154049580292748	0.545527836522544	-0.497015718865762	-0.55683691075757
GLY779A	1.21955630231319	1.95356916138521	1.75459975989507	2.61224748562984	-0.201358335911482	-0.0405382918640716	0.439257312237326	1.05115822262882	1.14655678898319	1.94514004847312	-0.255650299252842	0.0532931782409001	0.746547966034086	1.26648973501049	1.39637749586095	1.27028420266571
PRO914A	0.757603157497587	0.0429880744559092	1.14620871970954	-0.501277527039814	1.20263147324668	0.202859549494036	0.439257312237326	-0.678352564146203	0.84080831192101	-0.547209102474785	-0.576703188007731	-0.469925518616189	-1.03094719118993	-0.896395960453342	-0.812581254653548	-0.55683691075757
TRP880A	1.21955630231319	0.520633346188234	0.902852303635329	0.277103726127599	2.14889295925032	0.889191034316006	1.46078594534739	0.474654627037145	0.84080831192101	0.11741733777799	-0.576703188007731	-0.469925518616189	-1.03094719118993	-0.896395960453342	-0.812581254653548	-0.55683691075757
GLU762A	-1.09020942176482	-0.912302469008741	-0.80064260888416	-1.12398252957374	-0.684757358811506	-0.557359981598896	-1.09303563742776	-0.678352564146203	-1.09559870947283	-1.04567893266437	-0.567318565105665	-0.454631433631136	-0.43844880544859	-0.175434061965399	-0.339232950971869	-0.817854212675182
TRP898A	1.21955630231319	0.520633346188234	2.2413125920435	1.67818998182894	3.01656261064848	3.4392610576895	0.439257312237326	1.05115822262882	1.24847294800392	2.6097664887259	4.06177016321868	4.4944439794581	1.33904635177542	1.98745163349843	1.86972579954263	2.83638801417138
VAL774A	0.295650012681985	0.99827861792056	1.14620871970954	2.30089498436287	0.864568104290451	1.33717599392086	0.439257312237326	1.05115822262882	0.942724470941738	1.77898343840993	1.37035910041038	1.89140070789192	1.33904635177542	1.98745163349843	1.71194303164874	2.31435341033615
CYS939A	0.295650012681985	0.520633346188234	0.902852303635329	1.67818998182894	-0.405934066191067	-0.364656398083027	0.950021628792356	1.05115822262882	1.35038910702465	2.6097664887259	-0.531755783582047	-0.396674901056197	-0.43844880544859	-0.175434061965399	-0.023667415184084	-0.0348023069223481
GLN935A	-1.09020942176482	-0.912302469008741	-0.435607984772841	-0.501277527039814	-0.578915089091566	-0.504056859281991	-0.582271320872734	-0.678352564146203	-0.0764371192655463	-0.381052492411591	-0.576703188007731	-0.469925518616189	-1.03094719118993	-0.896395960453342	-0.812581254653548	-0.55683691075757
ILE938A	0.295650012681985	0.520633346188234	0.53781767952401	0.588456227394564	-0.279555236674721	-0.00562062053779588	0.439257312237326	1.05115822262882	0.84080831192101	1.11435699815715	-0.0605489283941016	0.228595642295795	1.33904635177542	1.98745163349843	1.71194303164874	1.79231880650093
SER969A	-1.09020942176482	-0.434657197276416	-0.922320816921266	-0.189925025772849	-0.649213313010034	-0.557990487188817	-1.09303563742776	-0.678352564146203	-1.09559870947283	-0.547209102474785	-0.400371062953123	-0.255784141455464	0.154049580292748	0.545527836522544	-0.497015718865762	-0.295819608839959
ALA972A	1.68150944712879	1.47592388965288	1.14620871970954	0.744132478028047	-0.305225936420229	-0.361339247014042	0.950021628792356	0.474654627037145	0.535059834858824	0.615887167967572	-0.0926542172695905	-0.211896035790582	1.93154473751676	1.98745163349843	1.39637749586095	1.79231880650093
LEU815A	1.21955630231319	1.47592388965288	1.99795617596929	1.98954248309591	0.937630865104589	1.16601431987087	1.46078594534739	2.20416541381217	1.65613758408684	1.77898343840993	1.46173569182524	1.67944865530131	1.93154473751676	2.70841353198637	2.5008568711182	3.09740531608899
PRO959A	1.21955630231319	0.99827861792056	0.781174095598223	1.52251373119546	-0.0777440432908056	-0.0592214570508101	1.46078594534739	1.05115822262882	0.738892152900281	1.11435699815715	0.237289366866204	0.575155892423803	1.93154473751676	1.98745163349843	2.97420517479988	3.61943991992421
VAL897A	1.21955630231319	1.95356916138521	1.63292155185797	2.76792373626332	0.23543849360439	0.388714510577694	0.439257312237326	1.05115822262882	0.942724470941738	1.94514004847312	0.583532559200323	0.716906713757421	1.93154473751676	2.70841353198637	2.81642240690599	4.14147452375943
ILE789A	1.21955630231319	0.99827861792056	1.87627796793218	1.83386623246243	0.432115547039204	-0.243574551142517	0.950021628792356	0.474654627037145	1.55422142506611	1.28051360822035	0.0762689949675975	-0.133063787416623	0.154049580292748	0.545527836522544	0.76524642428538	1.27028420266571
ALA955A	-0.166303132133617	0.520633346188234	0.172783055412691	0.588456227394564	-0.128690508939583	-0.172600619383596	-0.071507004317704	0.474654627037145	0.433143675838096	1.28051360822035	-0.347026890667695	-0.370009474459524	-0.43844880544859	-0.175434061965399	-0.181450183077977	0.226214994995263
ARG958A	3.0673688815756	2.43121443311754	1.75459975989507	1.83386623246243	0.347994638642386	0.481539462898845	3.50384321156751	3.35717260499551	2.47146685625266	2.94207970885229	0.952990345029026	0.604092791440907	4.30153828048211	3.42937543047431	3.92090178216323	3.09740531608899
PHE856A	0.295650012681985	-1.38994774074107	0.294461263449797	-1.12398252957374	2.43087572260867	-0.56971070506257	-0.071507004317704	-1.25485615973788	-0.280269437307003	-1.04567893266437	3.32927564933637	-0.469925518616189	0.746547966034086	-0.896395960453342	-0.181450183077977	-0.817854212675182
SER912A	-0.166303132133617	-0.912302469008741	0.172783055412691	-0.501277527039814	0.484246814214697	-0.323329980159209	-0.071507004317704	-0.678352564146203	-0.0764371192655463	-0.713365712537979	-0.576703188007731	-0.469925518616189	-1.03094719118993	-0.896395960453342	-0.812581254653548	-0.55683691075757
GLY719A	0.295650012681985	0.99827861792056	-0.313929776735734	0.588456227394564	-0.354197732857813	-0.0132781111202436	-0.582271320872734	-0.101848968554529	-0.789850232410645	-0.214895882348397	-0.350484383315825	-0.101257575292271	-0.43844880544859	-0.175434061965399	-0.654798486759655	-0.817854212675182
VAL717A	0.295650012681985	0.99827861792056	-0.557286192809947	0.277103726127599	-0.490054974587885	-0.383149776953402	-0.582271320872734	-0.101848968554529	-0.891766391431374	-0.713365712537979	-0.34505118058305	-0.0924031050377663	0.746547966034086	1.26648973501049	-0.023667415184084	-0.55683691075757
ALA882A	0.757603157497587	1.47592388965288	1.26788692774665	1.83386623246243	2.46799950377909	3.67137225891524	0.950021628792356	1.62766181822049	1.35038910702465	2.27745326859951	1.94627859008454	2.51460441633068	0.746547966034086	1.26648973501049	1.86972579954263	2.83638801417138
GLN791A	0.295650012681985	0.0429880744559092	0.416139471486904	-0.501277527039814	1.45578406612161	0.36272811078206	0.950021628792356	0.474654627037145	0.229311357796639	-0.214895882348397	0.674415223094014	0.124128940276937	0.154049580292748	-0.175434061965399	-0.181450183077977	-0.55683691075757
LYS852A	-0.166303132133617	-0.912302469008741	0.416139471486904	-0.812630028306779	-0.612879399524084	-0.500075991012065	-0.582271320872734	-0.678352564146203	-0.48410175534846	-0.547209102474785	-0.576703188007731	-0.469925518616189	-1.03094719118993	-0.896395960453342	-0.812581254653548	-0.55683691075757
ILE926A	-1.09020942176482	-0.434657197276416	-0.80064260888416	-0.501277527039814	-0.578915089091566	-0.383149776953402	-1.09303563742776	-0.678352564146203	-0.891766391431374	-1.04567893266437	-0.434945989434419	-0.238904340157751	-0.43844880544859	-0.175434061965399	-0.497015718865762	-0.817854212675182
ASP855A	0.295650012681985	0.520633346188234	0.294461263449797	0.432779976761082	-0.530338226496221	-0.469300082796127	-0.071507004317704	-0.101848968554529	0.433143675838096	0.615887167967572	-0.516444030426044	-0.469925518616189	-0.43844880544859	-0.896395960453342	-0.497015718865762	-0.817854212675182
GLY857A	-0.166303132133617	0.520633346188234	0.294461263449797	0.121427475494116	-0.270866692145472	0.123879923134232	-0.582271320872734	-0.101848968554529	0.229311357796639	0.283573947841184	-0.576703188007731	-0.469925518616189	-1.03094719118993	-0.896395960453342	-0.812581254653548	-0.55683691075757
ALA722A	-1.09020942176482	-0.434657197276416	-0.922320816921266	-0.189925025772849	-0.578915089091566	-0.487086661774678	-1.09303563742776	-0.678352564146203	-0.993682550452102	-0.381052492411591	-0.576703188007731	-0.469925518616189	-1.03094719118993	-0.896395960453342	-0.812581254653548	-0.55683691075757
MET908A	1.68150944712879	0.520633346188234	1.99795617596929	1.36683748056198	0.671840389278023	0.0277816364592453	1.46078594534739	0.474654627037145	1.96188606114902	1.44667021828354	1.12932247008363	0.269958155083642	2.5240431232581	1.26648973501049	2.34307410322431	2.31435341033615
THR909A	0.295650012681985	0.99827861792056	1.14620871970954	1.83386623246243	-0.0536530789142521	0.225220829829019	-0.582271320872734	-0.101848968554529	-0.280269437307003	0.449730557904378	-0.553982522034309	-0.445032366528158	-0.43844880544859	-0.175434061965399	-0.497015718865762	-0.0348023069223481
ARG973A	-1.09020942176482	-1.38994774074107	-0.435607984772841	-1.12398252957374	-0.578915089091566	-0.56971070506257	-1.09303563742776	-1.25485615973788	-0.789850232410645	-1.04567893266437	-0.576703188007731	-0.469925518616189	-1.03094719118993	-0.896395960453342	-0.812581254653548	-0.55683691075757
LYS745A	-0.166303132133617	-0.434657197276416	-0.0705733606615217	-0.501277527039814	0.296258305309132	-0.270888882946254	0.439257312237326	-0.101848968554529	-0.0764371192655463	-0.547209102474785	0.083677907785018	-0.0998900015650898	0.746547966034086	0.545527836522544	-0.339232950971869	-0.55683691075757
MET790A	-0.628256276949219	-0.912302469008741	-0.313929776735734	-0.968306278940262	0.134335429991313	-0.219144488220493	-0.071507004317704	-0.678352564146203	-0.0764371192655463	-0.713365712537979	-0.143528751949211	-0.0358141461900084	-0.43844880544859	-0.175434061965399	-0.497015718865762	-0.295819608839959
PRO992A	-0.628256276949219	-0.434657197276416	-1.28735544103258	-0.812630028306779	-0.692261101814039	-0.56971070506257	-1.09303563742776	-1.25485615973788	-1.19751486849356	-1.04567893266437	-0.435933844476741	-0.29563156136168	-0.43844880544859	-0.175434061965399	-0.497015718865762	-0.295819608839959
SER991A	-0.628256276949219	-0.434657197276416	-1.28735544103258	-0.812630028306779	-0.24361625703101	-0.56971070506257	-1.09303563742776	-1.25485615973788	-1.19751486849356	-1.04567893266437	0.406706506624553	-0.172527312325903	0.746547966034086	0.545527836522544	-0.339232950971869	-0.295819608839959
LEU844A	0.757603157497587	0.520633346188234	0.781174095598223	0.588456227394564	1.32111162591825	1.85561605243903	0.439257312237326	0.474654627037145	0.0254790397551821	0.283573947841184	0.0728115023194679	0.422260268352682	0.154049580292748	0.545527836522544	0.134115352709809	0.487232296912874
MET793A	0.295650012681985	0.0429880744559092	0.416139471486904	-0.189925025772849	1.33256470734317	0.949221419825751	0.439257312237326	0.474654627037145	0.127395198775911	0.11741733777799	0.0733054298406293	0.346844441084417	-0.43844880544859	-0.175434061965399	-0.654798486759655	-0.55683691075757
ASP837A	-0.166303132133617	0.0429880744559092	0.781174095598223	0.121427475494116	-0.578915089091566	-0.56971070506257	0.439257312237326	0.474654627037145	1.14655678898319	0.94820038809396	-0.434945989434419	-0.469925518616189	0.154049580292748	-0.175434061965399	0.76524642428538	0.226214994995263
HIS835A	1.68150944712879	0.520633346188234	1.38956513578375	0.744132478028047	2.66744109410958	2.76238447782103	2.48231457845745	1.05115822262882	2.47146685625266	1.11435699815715	3.53672520822414	3.65625761998295	3.11654150899944	1.98745163349843	2.65863963901209	1.0092669007481
VAL834A	1.68150944712879	1.47592388965288	1.99795617596929	2.14521873372939	5.06113511191762	5.90047737022136	1.97155026190242	1.62766181822049	3.28679612841849	2.94207970885229	6.47164253896499	10.094707118984	2.5240431232581	2.70841353198637	2.65863963901209	2.31435341033615
PRO848A	0.757603157497587	0.520633346188234	0.659495887561116	-0.189925025772849	-0.608140193417221	-0.543029495831262	0.950021628792356	0.474654627037145	0.535059834858824	-0.214895882348397	-0.531261856060886	-0.427330838486784	0.746547966034086	0.545527836522544	1.08081196007317	0.226214994995263
MET825A	1.21955630231319	0.0429880744559092	1.63292155185797	0.277103726127599	0.502413770957671	0.338184072216507	0.950021628792356	0.474654627037145	1.45230526604538	0.782043778030766	0.406212579103391	0.327437676602621	1.33904635177542	0.545527836522544	2.02750856743652	0.748249598830485
ILE732A	-1.09020942176482	-0.912302469008741	-1.16567723299548	-1.12398252957374	-0.549689984765911	-0.544359220058188	-0.582271320872734	-0.678352564146203	-0.687934073389917	-1.04567893266437	-0.557440014682438	-0.438532396804764	-0.43844880544859	-0.175434061965399	-0.654798486759655	-0.817854212675182
LEU788A	0.757603157497587	0.99827861792056	1.26788692774665	1.67818998182894	0.737399407089628	0.201858453700527	-0.071507004317704	0.474654627037145	0.331227516817367	0.782043778030766	-0.296646283509236	-0.0769082173894008	0.154049580292748	0.545527836522544	0.449680888497594	0.487232296912874
GLU872A	-1.09020942176482	-1.38994774074107	-1.28735544103258	-1.12398252957374	-0.692261101814039	-0.56971070506257	-1.09303563742776	-1.25485615973788	-1.09559870947283	-1.04567893266437	-0.576703188007731	-0.469925518616189	-1.03094719118993	-0.896395960453342	-0.812581254653548	-0.55683691075757
GLY873A	-0.628256276949219	0.0429880744559092	-1.16567723299548	-0.656953777673297	-0.478601893162966	-0.414053202302711	-1.09303563742776	-0.678352564146203	-1.09559870947283	-0.713365712537979	-0.548549319301534	-0.446984391138609	-0.43844880544859	-0.175434061965399	-0.812581254653548	-0.55683691075757
MET947A	0.295650012681985	-0.434657197276416	1.63292155185797	0.744132478028047	-0.241641587819817	-0.0815321092089635	0.439257312237326	-0.101848968554529	0.942724470941738	0.94820038809396	-0.0131318863626102	0.134593314214079	0.154049580292748	-0.175434061965399	-0.339232950971869	-0.817854212675182
MET881A	0.757603157497587	0.520633346188234	0.416139471486904	-0.0342487751393663	-0.273631229041142	-0.0160658066302175	0.950021628792356	1.05115822262882	0.738892152900281	0.615887167967572	0.423500042344039	0.215661212644604	1.93154473751676	1.98745163349843	1.39637749586095	1.0092669007481
VAL876A	0.757603157497587	0.99827861792056	0.416139471486904	0.121427475494116	-0.102229941509598	0.148322932130841	0.950021628792356	1.05115822262882	0.738892152900281	0.782043778030766	0.32619632067525	0.0404379012206264	0.746547966034086	1.26648973501049	0.607463656391487	1.27028420266571
LEU883A	0.295650012681985	0.520633346188234	-0.435607984772841	-0.345601276406332	-0.0327215852756073	0.252262443348728	0.439257312237326	0.474654627037145	-0.178353278286275	-0.547209102474785	0.248155772331754	0.547936084731179	0.746547966034086	1.26648973501049	-0.023667415184084	-0.0348023069223481
GLU746A	-0.628256276949219	-0.434657197276416	-0.192251568698628	-0.345601276406332	-0.177662305377167	-0.362217993051767	-0.071507004317704	-0.101848968554529	-0.280269437307003	-0.214895882348397	0.0209491125975242	-0.287844721351745	0.154049580292748	-0.175434061965399	-0.497015718865762	-0.295819608839959
VAL742A	1.68150944712879	2.43121443311754	1.02453051167244	1.98954248309591	0.291914033044507	0.768813455088128	0.439257312237326	1.05115822262882	0.535059834858824	1.28051360822035	-0.576703188007731	-0.469925518616189	-1.03094719118993	-0.896395960453342	-0.812581254653548	-0.55683691075757
LYS949A	-0.628256276949219	0.0429880744559092	0.0511048473755846	0.899808728661529	-0.578915089091566	-0.52592149115354	-0.071507004317704	0.474654627037145	0.535059834858824	1.11435699815715	-0.434945989434419	-0.415700682239341	0.746547966034086	1.26648973501049	1.55416026375484	1.79231880650093
ARG889A	-0.628256276949219	-0.434657197276416	-0.922320816921266	-0.812630028306779	-0.160285216318669	-0.373697608146262	-0.071507004317704	-0.101848968554529	-0.687934073389917	-0.879522322601173	-0.178597605951669	-0.469925518616189	-0.43844880544859	-0.896395960453342	-0.339232950971869	-0.817854212675182
VAL843A	0.757603157497587	1.47592388965288	0.781174095598223	1.21116122992849	0.657227837115196	1.23018295999286	0.950021628792356	1.62766181822049	0.738892152900281	1.44667021828354	0.722820120167829	0.677560169287823	1.33904635177542	1.98745163349843	1.08081196007317	2.05333610841854
ALA767A	0.295650012681985	0.520633346188234	0.294461263449797	0.899808728661529	0.821125381644207	1.32028914348191	-0.582271320872734	-0.678352564146203	-0.382185596327732	0.11741733777799	1.2755250163474	1.87048946925049	-0.43844880544859	-0.175434061965399	-0.023667415184084	0.487232296912874
GLN820A	0.295650012681985	0.520633346188234	0.781174095598223	0.744132478028047	2.31279050377933	2.21896047820235	0.439257312237326	1.05115822262882	0.535059834858824	0.94820038809396	1.6425131645703	2.63884818466271	0.746547966034086	1.26648973501049	0.607463656391487	1.0092669007481
GLY911A	0.295650012681985	0.99827861792056	-0.313929776735734	0.121427475494116	0.449492636097701	0.860860353291996	0.950021628792356	1.62766181822049	0.0254790397551821	0.283573947841184	-0.576703188007731	-0.469925518616189	-0.43844880544859	-0.175434061965399	-0.497015718865762	-0.0348023069223481
CYS797A	-0.628256276949219	-0.912302469008741	-0.922320816921266	-1.12398252957374	-0.361306542018108	-0.403440326620594	-0.582271320872734	-0.678352564146203	-0.891766391431374	-0.879522322601173	-0.0328889872090649	-0.264030430294595	0.746547966034086	-0.175434061965399	-0.339232950971869	-0.55683691075757
TYR801A	-0.166303132133617	-0.912302469008741	0.172783055412691	-0.656953777673297	-0.689101631076131	-0.566234084595388	-0.582271320872734	-0.678352564146203	-0.280269437307003	-0.547209102474785	-0.572751767838441	-0.465620367663515	0.154049580292748	-0.175434061965399	-0.181450183077977	-0.295819608839959
ILE809A	1.21955630231319	0.520633346188234	1.26788692774665	0.588456227394564	0.0916825750295461	0.472156992943379	1.46078594534739	1.05115822262882	0.738892152900281	0.449730557904378	-0.265528849676069	-0.469925518616189	0.746547966034086	-0.175434061965399	1.23859472796706	0.748249598830485
ALA864A	-0.628256276949219	-0.434657197276416	-0.922320816921266	-0.656953777673297	-0.690681366445085	-0.56971070506257	-1.09303563742776	-1.25485615973788	-0.891766391431374	-1.04567893266437	-0.574727477923086	-0.469925518616189	-0.43844880544859	-0.896395960453342	-0.339232950971869	-0.817854212675182
ARG832A	0.295650012681985	0.0429880744559092	0.0511048473755846	0.277103726127599	-0.574175882984703	-0.425402251960705	0.950021628792356	0.474654627037145	0.738892152900281	-0.214895882348397	-0.467051278309908	-0.29122620984346	1.33904635177542	1.26648973501049	0.76524642428538	-0.295819608839959
ALA702A	0.295650012681985	0.99827861792056	-0.192251568698628	-0.0342487751393663	-0.342744651432894	-0.0628272687722177	-0.071507004317704	0.474654627037145	-0.48410175534846	-0.381052492411591	-0.277383110183942	0.0178752972228817	0.154049580292748	0.545527836522544	-0.497015718865762	-0.55683691075757
ASP770A	0.295650012681985	-0.434657197276416	0.659495887561116	-0.189925025772849	0.0660118752840382	-0.501310443176568	-0.071507004317704	-0.678352564146203	-0.382185596327732	-0.547209102474785	-0.41370710602448	-0.469925518616189	0.154049580292748	-0.175434061965399	-0.339232950971869	-0.55683691075757
LEU989A	0.295650012681985	0.520633346188234	-0.678964400847053	-0.345601276406332	0.624448328209393	1.59751624377355	-0.071507004317704	0.474654627037145	-0.382185596327732	-0.214895882348397	1.05375155934595	2.00469298559096	0.154049580292748	0.545527836522544	-0.339232950971869	-0.295819608839959
TYR813A	-0.166303132133617	-0.912302469008741	0.294461263449797	-0.656953777673297	1.27845877095649	0.140129185426688	-0.071507004317704	-0.678352564146203	0.0254790397551821	-0.547209102474785	2.56319406401509	0.409079799805457	0.746547966034086	-0.175434061965399	1.08081196007317	-0.0348023069223481
PRO877A	0.295650012681985	0.520633346188234	0.902852303635329	0.588456227394564	-0.248355463137873	-0.212189762693084	0.439257312237326	0.474654627037145	0.84080831192101	0.94820038809396	0.432390737724944	0.620440246387361	0.154049580292748	0.545527836522544	0.134115352709809	1.0092669007481
LYS913A	-0.628256276949219	-1.38994774074107	0.0511048473755846	-1.12398252957374	-0.692261101814039	-0.56971070506257	-0.582271320872734	-1.25485615973788	-0.586017914369188	-1.04567893266437	-0.576703188007731	-0.469925518616189	-1.03094719118993	-0.896395960453342	-0.812581254653548	-0.55683691075757
ARG962A	-1.55216256658042	-0.912302469008741	-1.5307118571068	-1.12398252957374	-0.578915089091566	-0.383149776953402	-1.09303563742776	-0.678352564146203	-1.09559870947283	-1.04567893266437	-0.576703188007731	-0.469925518616189	-1.03094719118993	-0.896395960453342	-0.812581254653548	-0.55683691075757
LYS960A	-0.628256276949219	-1.38994774074107	-1.16567723299548	-1.12398252957374	-0.18240151148403	-0.56971070506257	-0.071507004317704	-1.25485615973788	-0.586017914369188	-1.04567893266437	-0.188476156374896	-0.469925518616189	-0.43844880544859	-0.896395960453342	-0.181450183077977	-0.817854212675182
ASP761A	-1.09020942176482	-0.912302469008741	-1.40903364906969	-1.12398252957374	-0.692261101814039	-0.56971070506257	-1.60379995398279	-1.25485615973788	-1.29943102751429	-0.879522322601173	-0.576703188007731	-0.469925518616189	-1.03094719118993	-0.896395960453342	-0.812581254653548	-0.55683691075757
VAL765A	-0.166303132133617	-0.434657197276416	-0.313929776735734	-0.968306278940262	-0.692261101814039	-0.56971070506257	-1.09303563742776	-1.25485615973788	-0.586017914369188	-1.04567893266437	-0.576703188007731	-0.469925518616189	-1.03094719118993	-0.896395960453342	-0.812581254653548	-0.55683691075757
THR854A	0.295650012681985	0.520633346188234	0.659495887561116	0.432779976761082	2.1721940559424	1.43074678493154	0.950021628792356	1.05115822262882	0.942724470941738	0.449730557904378	1.25478006045862	0.308462911938896	0.746547966034086	0.545527836522544	1.39637749586095	0.226214994995263
SER924A	-0.628256276949219	-0.912302469008741	-1.04399902495837	-1.12398252957374	-0.46635894405357	-0.56971070506257	-0.582271320872734	-1.25485615973788	-0.789850232410645	-1.04567893266437	-0.294176645903429	-0.469925518616189	0.154049580292748	-0.896395960453342	-0.181450183077977	-0.817854212675182
ARG999A	-1.09020942176482	-0.912302469008741	-1.5307118571068	-1.12398252957374	-0.353012931331097	-0.383149776953402	-0.582271320872734	-0.678352564146203	-1.09559870947283	-1.04567893266437	-0.434945989434419	-0.238904340157751	-0.43844880544859	-0.175434061965399	-0.812581254653548	-0.817854212675182
PHE997A	-1.55216256658042	-1.38994774074107	-1.6523900651439	-1.12398252957374	-0.578915089091566	-0.56971070506257	-1.09303563742776	-1.25485615973788	-1.19751486849356	-1.04567893266437	-0.434945989434419	-0.469925518616189	-0.43844880544859	-0.896395960453342	-0.812581254653548	-0.817854212675182
THR993A	-0.628256276949219	-0.434657197276416	-1.28735544103258	-0.812630028306779	-0.578915089091566	-0.56971070506257	-1.09303563742776	-1.25485615973788	-1.19751486849356	-1.04567893266437	-0.295164500945752	-0.253383857833582	-0.43844880544859	-0.175434061965399	-0.497015718865762	-0.295819608839959
LEU838A	0.295650012681985	0.0429880744559092	1.26788692774665	0.277103726127599	1.19354799487519	1.0122256547987	0.950021628792356	0.474654627037145	1.35038910702465	0.615887167967572	0.5390790822958	-0.340328272163895	0.154049580292748	-0.175434061965399	0.76524642428538	-0.295819608839959
GLU922A	-1.09020942176482	-0.912302469008741	-1.40903364906969	-0.812630028306779	-0.471888017844911	-0.509619277566239	-1.09303563742776	-0.678352564146203	-0.993682550452102	-0.547209102474785	-0.576703188007731	-0.469925518616189	-1.03094719118993	-0.896395960453342	-0.812581254653548	-0.55683691075757
HIS988A	-0.628256276949219	0.0429880744559092	-1.04399902495837	-0.189925025772849	0.0924724427140232	0.521947000961309	-0.582271320872734	-0.101848968554529	-0.993682550452102	-0.547209102474785	0.122204254435605	0.421458039545575	-0.43844880544859	-0.175434061965399	-0.654798486759655	-0.295819608839959
GLU884A	-0.628256276949219	0.0429880744559092	0.294461263449797	0.899808728661529	-0.578915089091566	-0.503319310609362	-0.071507004317704	0.474654627037145	0.738892152900281	1.44667021828354	-0.544597899132243	-0.449976370069984	-0.43844880544859	-0.175434061965399	0.449680888497594	0.748249598830485
TRP731A	0.295650012681985	0.0429880744559092	0.781174095598223	0.277103726127599	0.932891658997726	0.411205450940442	0.950021628792356	0.474654627037145	1.04464062996247	0.782043778030766	0.727265467858281	-0.264652028518346	0.154049580292748	-0.175434061965399	-0.023667415184084	0.487232296912874
ILE853A	0.757603157497587	0.0429880744559092	1.26788692774665	1.21116122992849	-0.0196887684817341	-0.0367412980367488	1.46078594534739	0.474654627037145	1.55422142506611	0.449730557904378	0.264455380530079	0.190058443413368	2.5240431232581	1.26648973501049	2.65863963901209	0.748249598830485
THR940A	-0.628256276949219	0.0429880744559092	-0.435607984772841	0.277103726127599	-0.578915089091566	-0.383149776953402	-0.071507004317704	0.474654627037145	-0.178353278286275	0.283573947841184	-0.576703188007731	-0.469925518616189	-1.03094719118993	-0.896395960453342	-0.812581254653548	-0.55683691075757
LEU782A	1.21955630231319	1.47592388965288	0.659495887561116	1.05548497929501	0.244127038133639	0.500548216888196	0.950021628792356	1.05115822262882	0.331227516817367	0.615887167967572	1.46321747438872	2.11850679638983	1.93154473751676	2.70841353198637	1.55416026375484	2.05333610841854
THR783A	-0.166303132133617	0.520633346188234	-0.192251568698628	0.744132478028047	-0.250330132349066	0.112058203294657	-0.071507004317704	0.474654627037145	-0.280269437307003	0.449730557904378	-0.576703188007731	-0.469925518616189	-1.03094719118993	-0.896395960453342	-0.812581254653548	-0.55683691075757
SER895A	1.21955630231319	0.0429880744559092	1.38956513578375	0.744132478028047	2.22669492617132	1.22758010161464	1.46078594534739	-0.101848968554529	2.16571837919048	0.449730557904378	1.27750072643205	1.75568648063437	0.746547966034086	0.545527836522544	1.86972579954263	0.748249598830485
TYR891A	0.757603157497587	-0.434657197276416	1.51124334382086	-0.189925025772849	0.232279022866481	-0.568410628908499	1.46078594534739	-0.101848968554529	2.67529917429412	0.449730557904378	0.579581139031032	-0.468315614933552	1.93154473751676	0.545527836522544	2.5008568711182	1.27028420266571
ALA822A	1.21955630231319	1.95356916138521	1.26788692774665	1.67818998182894	-0.316679017845148	-0.00858036897226985	-0.071507004317704	0.474654627037145	-0.178353278286275	0.283573947841184	-0.289237370691815	-0.0720966877600047	-0.43844880544859	-0.175434061965399	-0.339232950971869	-0.0348023069223481
ILE821A	0.757603157497587	0.0429880744559092	1.51124334382086	0.432779976761082	-0.546530514028003	-0.500639441423494	-0.071507004317704	-0.101848968554529	0.127395198775911	0.283573947841184	-0.394443932699187	-0.38439354316324	0.746547966034086	0.545527836522544	1.23859472796706	1.0092669007481
GLU906A	0.757603157497587	0.0429880744559092	0.902852303635329	0.277103726127599	-0.246775727768919	-0.224195422954399	-0.071507004317704	-0.101848968554529	0.127395198775911	-0.0487392722852035	-0.576703188007731	-0.469925518616189	-1.03094719118993	-0.896395960453342	-0.812581254653548	-0.55683691075757
VAL819A	1.21955630231319	1.47592388965288	0.902852303635329	1.05548497929501	-0.323392893163204	-0.108853240931567	-0.071507004317704	0.474654627037145	-0.382185596327732	-0.381052492411591	-0.318379094440336	-0.230074057273224	0.154049580292748	0.545527836522544	0.134115352709809	0.748249598830485
GLU711A	-0.166303132133617	0.0429880744559092	-0.313929776735734	0.121427475494116	-0.224659432603558	0.199934378147377	-0.582271320872734	-0.101848968554529	-0.382185596327732	0.11741733777799	-0.433958134392096	-0.237294436475114	-0.43844880544859	-0.175434061965399	-0.654798486759655	-0.55683691075757
THR710A	-0.628256276949219	0.0429880744559092	-1.04399902495837	-0.501277527039814	-0.692261101814039	-0.56971070506257	-1.60379995398279	-1.25485615973788	-1.29943102751429	-0.879522322601173	-0.576703188007731	-0.469925518616189	-1.03094719118993	-0.896395960453342	-0.812581254653548	-0.55683691075757
ASP896A	0.757603157497587	0.520633346188234	1.63292155185797	1.36683748056198	3.23693569461761	4.85903513734861	0.950021628792356	1.05115822262882	1.75805374310757	1.77898343840993	1.88256193985472	2.25196073640991	1.33904635177542	0.545527836522544	1.55416026375484	0.748249598830485
ASP800A	-1.55216256658042	-0.912302469008741	-1.5307118571068	-1.12398252957374	-0.578915089091566	-0.549420155395378	-1.09303563742776	-0.678352564146203	-1.19751486849356	-0.879522322601173	-0.434945989434419	-0.444799428479346	-0.43844880544859	-0.175434061965399	-0.497015718865762	-0.55683691075757
ALA839A	0.757603157497587	0.520633346188234	1.02453051167244	0.432779976761082	-0.416992213773748	-0.288169964756222	1.46078594534739	1.05115822262882	1.35038910702465	1.11435699815715	-0.576703188007731	-0.469925518616189	-1.03094719118993	-0.896395960453342	-0.812581254653548	-0.55683691075757
GLU734A	-0.628256276949219	-0.912302469008741	-1.16567723299548	-1.12398252957374	-0.576940419880373	-0.569400616728557	-0.582271320872734	-0.678352564146203	-1.09559870947283	-0.879522322601173	-0.432476351828612	-0.4695415316095	0.154049580292748	-0.175434061965399	-0.654798486759655	-0.55683691075757
LYS708A	-0.628256276949219	-0.912302469008741	-1.04399902495837	-1.12398252957374	-0.691076300287324	-0.568070679165476	-1.09303563742776	-0.678352564146203	-1.19751486849356	-0.879522322601173	-0.575221405444247	-0.467894650098922	-0.43844880544859	-0.175434061965399	-0.654798486759655	-0.55683691075757
PRO733A	0.295650012681985	0.520633346188234	-0.313929776735734	-0.189925025772849	0.266243333298999	0.762324655594441	0.950021628792356	1.05115822262882	0.535059834858824	0.449730557904378	0.0831839802638566	0.605490141385459	-0.43844880544859	-0.175434061965399	-0.654798486759655	-0.55683691075757
SER957A	-0.628256276949219	-0.912302469008741	-1.28735544103258	-0.812630028306779	-0.578915089091566	-0.56971070506257	-0.071507004317704	-0.678352564146203	-0.586017914369188	-0.713365712537979	-0.434945989434419	-0.469925518616189	0.154049580292748	-0.896395960453342	-0.181450183077977	-0.817854212675182
LEU730A	0.295650012681985	0.0429880744559092	-0.0705733606615217	-0.656953777673297	-0.398825257030773	-0.403950995418536	0.439257312237326	0.474654627037145	-0.178353278286275	-0.713365712537979	-0.576703188007731	-0.469925518616189	-1.03094719118993	-0.896395960453342	-0.812581254653548	-0.55683691075757
PRO753A	-0.166303132133617	0.520633346188234	-1.28735544103258	-0.656953777673297	-0.691076300287324	-0.568232526910031	-1.09303563742776	-0.678352564146203	-1.19751486849356	-0.879522322601173	-0.576703188007731	-0.469925518616189	-1.03094719118993	-0.896395960453342	-0.812581254653548	-0.55683691075757
ARG986A	-1.55216256658042	-0.912302469008741	-1.28735544103258	-0.501277527039814	-0.578915089091566	-0.550121317653682	-1.09303563742776	-0.678352564146203	-0.993682550452102	-0.381052492411591	-0.576703188007731	-0.469925518616189	-1.03094719118993	-0.896395960453342	-0.812581254653548	-0.55683691075757
GLY983A	0.295650012681985	0.99827861792056	-0.922320816921266	-0.189925025772849	-0.197803931331335	0.224547579976898	0.439257312237326	1.05115822262882	-0.178353278286275	0.283573947841184	-0.576703188007731	-0.469925518616189	-1.03094719118993	-0.896395960453342	-0.812581254653548	-0.55683691075757
LEU979A	1.68150944712879	1.95356916138521	1.87627796793218	2.9235999868968	2.29936275314322	2.8702222097648	1.46078594534739	2.20416541381217	2.06380222016975	3.27439292897867	3.03785841185116	3.6309130939676	1.33904635177542	1.98745163349843	2.02750856743652	2.83638801417138
ASN996A	-1.09020942176482	-0.434657197276416	-1.40903364906969	-0.656953777673297	-0.578915089091566	-0.383149776953402	-0.582271320872734	-0.101848968554529	-1.19751486849356	-1.04567893266437	-0.576703188007731	-0.469925518616189	-1.03094719118993	-0.896395960453342	-0.812581254653548	-0.55683691075757
THR785A	-0.166303132133617	0.0429880744559092	-0.678964400847053	-0.189925025772849	-0.314704348633955	-0.279351695668571	-0.582271320872734	-0.101848968554529	-0.586017914369188	0.11741733777799	-0.104508477777463	-0.110369628719596	0.154049580292748	0.545527836522544	0.134115352709809	0.748249598830485
ASP984A	-0.166303132133617	0.0429880744559092	-0.0705733606615217	0.432779976761082	0.123277282408633	-0.244742695239398	0.439257312237326	0.474654627037145	0.636975993879553	0.782043778030766	-0.576703188007731	-0.469925518616189	-1.03094719118993	-0.896395960453342	-0.812581254653548	-0.55683691075757
LEU792A	-0.166303132133617	0.0429880744559092	-0.313929776735734	-0.345601276406332	0.482667078845742	0.133435938512218	0.439257312237326	0.474654627037145	-0.382185596327732	-0.381052492411591	0.202220512863746	-0.22737885514152	0.154049580292748	-0.175434061965399	-0.654798486759655	-0.55683691075757
MET987A	0.295650012681985	0.0429880744559092	-0.0705733606615217	-0.501277527039814	-0.353012931331097	-0.0178283776594916	0.950021628792356	0.474654627037145	0.535059834858824	-0.381052492411591	-0.434945989434419	-0.238904340157751	-0.43844880544859	-0.175434061965399	-0.812581254653548	-0.817854212675182
ASN771A	-0.166303132133617	-0.434657197276416	0.172783055412691	-0.501277527039814	-0.274816030567858	-0.134188018482162	-0.071507004317704	-0.101848968554529	-0.48410175534846	-0.547209102474785	-0.342581542977243	-0.399898206702356	0.154049580292748	-0.175434061965399	-0.339232950971869	-0.295819608839959
ASP994A	-1.09020942176482	-0.434657197276416	-1.28735544103258	-0.501277527039814	0.315215129736584	0.368700503495192	-0.582271320872734	-0.101848968554529	-1.09559870947283	-0.713365712537979	0.683305918474919	0.692123070425792	0.154049580292748	0.545527836522544	-0.339232950971869	-0.0348023069223481
THR903A	1.68150944712879	0.99827861792056	1.26788692774665	0.899808728661529	-0.636970363900638	-0.47870537427761	-0.071507004317704	0.474654627037145	0.127395198775911	0.615887167967572	-0.576703188007731	-0.469925518616189	-1.03094719118993	-0.896395960453342	-0.812581254653548	-0.55683691075757
PHE961A	0.295650012681985	0.0429880744559092	0.53781767952401	0.588456227394564	0.51386685238259	0.600648708784153	0.439257312237326	0.474654627037145	0.229311357796639	0.782043778030766	0.420536477217071	0.47311927711103	0.154049580292748	0.545527836522544	0.449680888497594	1.0092669007481
LEU718A	0.295650012681985	0.0429880744559092	-0.557286192809947	-0.812630028306779	-0.534682498760845	-0.310345512325434	-0.582271320872734	-0.101848968554529	-0.891766391431374	-1.04567893266437	-0.291213080776461	-0.469925518616189	0.154049580292748	-0.896395960453342	-0.339232950971869	-0.817854212675182
GLN894A	0.757603157497587	0.520633346188234	1.14620871970954	1.05548497929501	0.470029195894108	0.434810149052363	0.950021628792356	1.05115822262882	1.65613758408684	1.44667021828354	0.876925506770175	0.77398763005722	1.93154473751676	1.98745163349843	2.34307410322431	2.05333610841854
ALA763A	1.21955630231319	1.47592388965288	0.53781767952401	0.744132478028047	-0.401984727768682	-0.421426367763878	-0.582271320872734	-0.101848968554529	0.127395198775911	0.782043778030766	-0.215642170038771	-0.287912716854166	-0.43844880544859	-0.175434061965399	-0.023667415184084	0.487232296912874
GLN849A	0.295650012681985	0.520633346188234	-0.192251568698628	-0.0342487751393663	1.0963942696845	0.132466945730152	0.439257312237326	0.474654627037145	-0.280269437307003	-0.381052492411591	1.70178446710966	0.426747272482651	1.33904635177542	1.26648973501049	0.607463656391487	0.226214994995263
LEU777A	1.21955630231319	1.95356916138521	0.902852303635329	1.52251373119546	2.19825968953014	3.73372956158549	0.950021628792356	1.62766181822049	0.636975993879553	1.28051360822035	1.2384804522603	2.48827249822966	-0.43844880544859	-0.175434061965399	-0.812581254653548	-0.817854212675182
LYS716A	-0.628256276949219	-0.434657197276416	-0.922320816921266	-0.812630028306779	-0.692261101814039	-0.56971070506257	-1.09303563742776	-0.678352564146203	-1.19751486849356	-1.04567893266437	-0.434945989434419	-0.469925518616189	-0.43844880544859	-0.896395960453342	-0.497015718865762	-0.817854212675182
LYS875A	-1.09020942176482	-1.38994774074107	-0.922320816921266	-1.12398252957374	-0.321418223952011	-0.56971070506257	-0.582271320872734	-1.25485615973788	-0.687934073389917	-1.04567893266437	-0.576703188007731	-0.469925518616189	-1.03094719118993	-0.896395960453342	-0.812581254653548	-0.55683691075757
GLY917A	-0.628256276949219	0.0429880744559092	-0.922320816921266	-0.656953777673297	-0.46635894405357	-0.197888924998305	-0.582271320872734	-0.101848968554529	-0.48410175534846	-0.381052492411591	-0.434945989434419	-0.312038593714196	-0.43844880544859	-0.175434061965399	-0.812581254653548	-0.55683691075757
GLN701A	-1.09020942176482	-1.38994774074107	-1.28735544103258	-1.12398252957374	-0.578915089091566	-0.56971070506257	-1.09303563742776	-1.25485615973788	-1.29943102751429	-1.04567893266437	-0.294176645903429	-0.469925518616189	-0.43844880544859	-0.896395960453342	-0.654798486759655	-0.817854212675182
THR725A	0.295650012681985	0.99827861792056	-0.0705733606615217	0.899808728661529	-0.514540872806677	-0.423452137729598	-0.582271320872734	-0.101848968554529	-0.993682550452102	-0.381052492411591	-0.173164403218894	0.132609667680757	-0.43844880544859	-0.175434061965399	-0.497015718865762	-0.55683691075757
ASP954A	-0.628256276949219	-0.434657197276416	-1.04399902495837	-0.656953777673297	-0.353012931331097	-0.258163853816561	-0.071507004317704	-0.101848968554529	-0.687934073389917	-0.547209102474785	-0.576703188007731	-0.469925518616189	-1.03094719118993	-0.896395960453342	-0.812581254653548	-0.55683691075757
VAL943A	1.68150944712879	2.43121443311754	1.02453051167244	1.52251373119546	-0.557983595452921	-0.348697758870524	0.950021628792356	1.62766181822049	0.738892152900281	1.61282682834674	-0.576703188007731	-0.469925518616189	-1.03094719118993	-0.896395960453342	-0.812581254653548	-0.55683691075757
ARG776A	0.295650012681985	-0.434657197276416	0.53781767952401	-0.501277527039814	0.0213843511110785	0.0335246304263071	0.439257312237326	-0.101848968554529	0.127395198775911	-0.381052492411591	-0.0728971164231358	-0.356427308990267	0.746547966034086	-0.175434061965399	-0.181450183077977	-0.295819608839959
LEU778A	0.757603157497587	0.0429880744559092	0.781174095598223	-0.345601276406332	0.870097178081791	1.09503681022516	0.439257312237326	0.474654627037145	0.331227516817367	-0.0487392722852035	0.449184273444431	1.08846124617662	0.154049580292748	0.545527836522544	-0.181450183077977	-0.295819608839959
LYS846A	-0.166303132133617	-0.912302469008741	0.294461263449797	-0.656953777673297	-0.405934066191067	-0.491706135818318	-0.582271320872734	-0.678352564146203	-0.687934073389917	-0.713365712537979	-0.576703188007731	-0.469925518616189	-1.03094719118993	-0.896395960453342	-0.812581254653548	-0.55683691075757
THR847A	0.295650012681985	0.520633346188234	0.53781767952401	0.432779976761082	-0.445032516572687	-0.314409603420585	-0.071507004317704	0.474654627037145	0.0254790397551821	0.283573947841184	-0.292694863339945	-0.165015742613698	-0.43844880544859	-0.175434061965399	-0.339232950971869	-0.0348023069223481
VAL786A	1.21955630231319	1.95356916138521	0.902852303635329	1.52251373119546	-0.326552363901112	-0.239658830598596	0.950021628792356	1.62766181822049	0.636975993879553	1.11435699815715	-0.119326303412304	-0.0612173621769921	1.93154473751676	2.70841353198637	1.71194303164874	2.57537071225376
ALA840A	0.295650012681985	0.520633346188234	0.416139471486904	0.277103726127599	-0.148437201051512	0.00908253197169972	0.439257312237326	0.474654627037145	0.0254790397551821	0.283573947841184	-0.264540994633747	-0.0731461525352144	-0.43844880544859	-0.175434061965399	-0.497015718865762	-0.0348023069223481
GLN982A	-1.09020942176482	-1.38994774074107	-0.80064260888416	-1.12398252957374	-0.691471234129562	-0.56971070506257	-1.09303563742776	-1.25485615973788	-0.891766391431374	-1.04567893266437	-0.576703188007731	-0.469925518616189	-1.03094719118993	-0.896395960453342	-0.812581254653548	-0.55683691075757
GLN976A	-0.166303132133617	-0.912302469008741	-0.313929776735734	-1.12398252957374	-0.576545486038135	-0.430827758837481	-0.071507004317704	-0.678352564146203	-0.178353278286275	-0.879522322601173	-0.351472238358148	-0.469925518616189	-0.43844880544859	-0.896395960453342	-0.339232950971869	-0.817854212675182
GLU985A	-1.09020942176482	-0.912302469008741	-1.04399902495837	-1.12398252957374	-0.57496575066918	-0.554534627030262	-0.582271320872734	-0.678352564146203	-0.687934073389917	-0.879522322601173	-0.576703188007731	-0.469925518616189	-1.03094719118993	-0.896395960453342	-0.812581254653548	-0.55683691075757
VAL980A	-1.09020942176482	-0.434657197276416	-0.557286192809947	0.277103726127599	-0.691076300287324	-0.567760590831463	-1.09303563742776	-0.678352564146203	-0.789850232410645	-0.381052492411591	-0.575221405444247	-0.467510663092233	-0.43844880544859	-0.175434061965399	-0.654798486759655	-0.55683691075757
ASP956A	-1.09020942176482	-1.38994774074107	-1.16567723299548	-1.12398252957374	-0.578915089091566	-0.56971070506257	-1.09303563742776	-1.25485615973788	-1.09559870947283	-1.04567893266437	-0.576703188007731	-0.469925518616189	-1.03094719118993	-0.896395960453342	-0.812581254653548	-0.55683691075757
PRO990A	-1.09020942176482	-0.912302469008741	-0.922320816921266	-0.656953777673297	-0.692261101814039	-0.56971070506257	-1.09303563742776	-1.25485615973788	-0.993682550452102	-1.04567893266437	-0.434945989434419	-0.28739799463064	-0.43844880544859	-0.175434061965399	-0.654798486759655	-0.295819608839959
TYR869A	-0.166303132133617	-0.912302469008741	0.416139471486904	-0.656953777673297	-0.559958264664114	-0.56971070506257	0.439257312237326	-0.678352564146203	1.35038910702465	-0.547209102474785	-0.411237468418673	-0.469925518616189	1.33904635177542	-0.175434061965399	1.55416026375484	-0.817854212675182
PRO772A	-0.628256276949219	-0.434657197276416	-0.435607984772841	-0.501277527039814	-0.478601893162966	-0.318143144216531	-0.582271320872734	-0.678352564146203	-0.586017914369188	-0.713365712537979	-0.168719055528441	-0.0577255569974078	0.154049580292748	0.545527836522544	-0.023667415184084	0.226214994995263
LEU760A	-0.166303132133617	0.0429880744559092	0.416139471486904	0.277103726127599	-0.652372783747943	-0.546056332399146	-0.071507004317704	0.474654627037145	0.229311357796639	0.615887167967572	-0.534225421187854	-0.44667109512638	-0.43844880544859	-0.175434061965399	-0.181450183077977	0.487232296912874
ASP916A	-1.55216256658042	-0.912302469008741	-1.5307118571068	-0.812630028306779	-0.692261101814039	-0.56971070506257	-1.60379995398279	-1.25485615973788	-1.29943102751429	-0.879522322601173	-0.434945989434419	-0.396791265059744	-0.43844880544859	-0.175434061965399	-0.812581254653548	-0.55683691075757
LYS879A	-0.628256276949219	-0.434657197276416	-0.192251568698628	-0.968306278940262	-0.692261101814039	-0.56971070506257	-0.582271320872734	-0.101848968554529	-0.382185596327732	-0.879522322601173	-0.576703188007731	-0.469925518616189	-0.43844880544859	-0.175434061965399	-0.654798486759655	-0.55683691075757
TYR727A	0.295650012681985	-0.912302469008741	-0.192251568698628	-0.501277527039814	-0.398430323188534	-0.56971070506257	-0.071507004317704	-1.25485615973788	-0.687934073389917	-1.04567893266437	-0.142540896906889	-0.41481505055584	0.746547966034086	-0.175434061965399	-0.023667415184084	-0.55683691075757
ARG705A	0.757603157497587	-0.434657197276416	0.902852303635329	-0.345601276406332	-0.567067073824409	-0.563860362369251	0.950021628792356	-0.101848968554529	1.45230526604538	-0.0487392722852035	-0.42803100413816	-0.469925518616189	1.33904635177542	-0.896395960453342	1.55416026375484	-0.817854212675182
ILE946A	-0.166303132133617	-0.434657197276416	-0.192251568698628	-0.656953777673297	-0.586418832094099	-0.44035312773252	-0.071507004317704	-0.101848968554529	-0.586017914369188	-0.879522322601173	-0.500638349748881	-0.355622357148948	0.154049580292748	-0.175434061965399	-0.181450183077977	-0.55683691075757
LEU861A	-0.166303132133617	0.520633346188234	0.172783055412691	0.899808728661529	-0.523624351178165	-0.473619995771009	0.439257312237326	1.05115822262882	0.942724470941738	1.28051360822035	-0.576703188007731	-0.469925518616189	-0.43844880544859	-0.175434061965399	-0.339232950971869	-0.295819608839959
PRO794A	-0.166303132133617	0.520633346188234	-0.313929776735734	0.121427475494116	-0.350248394435427	-0.00677773034988936	-0.582271320872734	-0.101848968554529	-0.789850232410645	-0.381052492411591	-0.447788104984614	-0.259833088032035	-0.43844880544859	-0.175434061965399	-0.654798486759655	-0.55683691075757
GLU709A	-0.628256276949219	-0.912302469008741	-0.80064260888416	-0.656953777673297	-0.490449908430124	-0.524087005217153	-0.582271320872734	-0.678352564146203	-0.687934073389917	-0.547209102474785	-0.576703188007731	-0.469925518616189	-1.03094719118993	-0.896395960453342	-0.812581254653548	-0.55683691075757
SER885A	-0.628256276949219	-0.434657197276416	-0.435607984772841	-0.501277527039814	-0.394875918608387	-0.329196616559461	-0.071507004317704	-0.101848968554529	0.127395198775911	-0.547209102474785	-0.387528947402927	-0.469925518616189	-0.43844880544859	-0.896395960453342	-0.181450183077977	-0.817854212675182
LEU747A	-1.55216256658042	-0.912302469008741	-1.04399902495837	-0.189925025772849	-0.578915089091566	-0.472184309234978	-1.09303563742776	-0.678352564146203	-0.891766391431374	-0.214895882348397	-0.434945989434419	-0.349157128775684	-0.43844880544859	-0.175434061965399	-0.181450183077977	0.487232296912874
PRO936A	2.14346259194439	2.43121443311754	0.902852303635329	1.36683748056198	-0.176477503850451	0.151990847309861	2.48231457845745	3.35717260499551	1.65613758408684	1.94514004847312	-0.177609750909346	0.155582417081207	0.746547966034086	1.26648973501049	0.449680888497594	0.226214994995263
TYR944A	0.295650012681985	0.0429880744559092	0.659495887561116	-0.0342487751393663	-0.636970363900638	-0.481305526585751	-0.071507004317704	-0.101848968554529	0.229311357796639	-0.214895882348397	-0.509529045129785	-0.36045206819686	-0.43844880544859	-0.175434061965399	-0.497015718865762	-0.55683691075757
ARG836A	1.21955630231319	0.99827861792056	1.14620871970954	0.744132478028047	2.10584517044631	1.2795595090141	1.97155026190242	1.62766181822049	2.98104765135631	1.61282682834674	1.18760591758068	1.82005335570677	1.33904635177542	1.98745163349843	1.71194303164874	1.0092669007481
GLU967A	-0.628256276949219	-0.912302469008741	-0.557286192809947	-0.812630028306779	-0.636180496216161	-0.56971070506257	-1.09303563742776	-1.25485615973788	-1.09559870947283	-1.04567893266437	-0.433958134392096	-0.468315614933552	0.746547966034086	-0.175434061965399	-0.023667415184084	-0.817854212675182
ALA750A	-0.166303132133617	0.0429880744559092	-1.28735544103258	-0.656953777673297	-0.691866167971801	-0.569060666985534	-1.09303563742776	-0.678352564146203	-1.19751486849356	-0.879522322601173	-0.576703188007731	-0.469925518616189	-1.03094719118993	-0.896395960453342	-0.812581254653548	-0.55683691075757
ASN808A	-1.55216256658042	-1.38994774074107	-1.28735544103258	-1.12398252957374	-0.578915089091566	-0.56971070506257	-1.09303563742776	-1.25485615973788	-1.09559870947283	-1.04567893266437	-0.576703188007731	-0.469925518616189	-1.03094719118993	-0.896395960453342	-0.812581254653548	-0.55683691075757
SER811A	1.21955630231319	0.520633346188234	1.02453051167244	0.277103726127599	-0.0568125496521608	-0.360964500705574	1.46078594534739	0.474654627037145	1.85996990212829	0.283573947841184	-0.202306126967414	-0.433702685756852	0.154049580292748	-0.175434061965399	0.291898120603702	-0.295819608839959
ILE744A	1.21955630231319	0.520633346188234	0.781174095598223	0.277103726127599	-0.507826997488621	-0.271343227703308	0.950021628792356	1.05115822262882	0.433143675838096	0.449730557904378	-0.563861072457536	-0.448996770741906	-0.43844880544859	-0.175434061965399	-0.654798486759655	-0.55683691075757
PHE712A	-0.166303132133617	-0.434657197276416	0.781174095598223	-0.189925025772849	-0.476232290109535	-0.400035084842892	0.439257312237326	-0.101848968554529	0.738892152900281	0.11741733777799	-0.385553237318282	-0.330785280107881	0.154049580292748	-0.175434061965399	-0.654798486759655	-0.55683691075757
LYS806A	-1.09020942176482	-0.912302469008741	-0.80064260888416	-0.968306278940262	-0.578915089091566	-0.392900348108933	-0.582271320872734	-0.678352564146203	-0.382185596327732	-0.879522322601173	-0.442354902251839	-0.25097861777753	-0.43844880544859	-0.175434061965399	-0.497015718865762	-0.55683691075757
LEU707A	1.68150944712879	1.47592388965288	1.14620871970954	1.05548497929501	0.81204190327272	0.790493845019669	2.48231457845745	2.20416541381217	1.85996990212829	1.61282682834674	0.782585350228354	1.20316672739518	1.93154473751676	2.70841353198637	1.08081196007317	1.0092669007481
GLU758A	-1.09020942176482	-0.434657197276416	-1.16567723299548	-0.812630028306779	-0.578915089091566	-0.383221851794189	-0.582271320872734	-0.101848968554529	-0.891766391431374	-0.713365712537979	-0.43543991695558	-0.23970929199907	-0.43844880544859	-0.175434061965399	-0.339232950971869	-0.817854212675182
VAL851A	1.21955630231319	1.47592388965288	1.38956513578375	2.14521873372939	1.45815366917504	1.31135390384803	0.950021628792356	1.05115822262882	1.14655678898319	2.11129665853632	2.11273216471592	1.85942482880863	1.33904635177542	1.26648973501049	1.86972579954263	2.57537071225376
PRO934A	-0.628256276949219	-0.912302469008741	0.172783055412691	-0.345601276406332	-0.679623218862405	-0.56971070506257	-0.582271320872734	-1.25485615973788	-0.280269437307003	-1.04567893266437	-0.450751670111583	-0.264662799079946	-0.43844880544859	-0.175434061965399	-0.497015718865762	-0.55683691075757
LEU828A	0.295650012681985	0.520633346188234	1.63292155185797	1.67818998182894	-0.612879399524084	-0.503731840243474	-0.071507004317704	0.474654627037145	0.84080831192101	1.61282682834674	-0.541634334005274	-0.44054477640806	0.154049580292748	0.545527836522544	0.923029192179272	1.27028420266571
ASP974A	-1.09020942176482	-0.912302469008741	-0.80064260888416	-0.968306278940262	-0.578915089091566	-0.569060666985534	-0.582271320872734	-0.678352564146203	-0.48410175534846	-0.879522322601173	-0.576703188007731	-0.469925518616189	-1.03094719118993	-0.896395960453342	-0.812581254653548	-0.55683691075757
GLY874A	-0.628256276949219	0.0429880744559092	-0.80064260888416	-0.0342487751393663	-0.561932933875307	-0.355198139640878	-0.582271320872734	-0.101848968554529	-0.687934073389917	-0.381052492411591	-0.548549319301534	-0.446984391138609	-0.43844880544859	-0.175434061965399	-0.812581254653548	-0.55683691075757
ILE890A	-0.166303132133617	-0.912302469008741	-0.557286192809947	-0.968306278940262	0.217271536861415	0.00427291695971291	0.439257312237326	-0.678352564146203	0.127395198775911	-1.04567893266437	-0.0743788989866199	-0.469925518616189	-0.43844880544859	-0.896395960453342	-0.181450183077977	-0.817854212675182
ALA743A	-0.628256276949219	0.0429880744559092	-0.0705733606615217	0.588456227394564	-0.32734223158559	-0.168235794610693	-1.09303563742776	-0.678352564146203	-0.993682550452102	-0.547209102474785	-0.576703188007731	-0.469925518616189	-1.03094719118993	-0.896395960453342	-0.812581254653548	-0.55683691075757
LEU703A	-1.09020942176482	-0.912302469008741	-0.557286192809947	-0.0342487751393663	-0.692261101814039	-0.56971070506257	-1.60379995398279	-1.25485615973788	-1.29943102751429	-0.879522322601173	-0.434945989434419	-0.266272702762584	0.154049580292748	-0.175434061965399	0.291898120603702	0.487232296912874
ASN826A	-1.09020942176482	-1.38994774074107	-0.435607984772841	-1.12398252957374	-0.578915089091566	-0.56971070506257	-1.09303563742776	-1.25485615973788	-1.09559870947283	-1.04567893266437	-0.576703188007731	-0.469925518616189	-1.03094719118993	-0.896395960453342	-0.812581254653548	-0.55683691075757
CYS781A	0.295650012681985	0.99827861792056	0.659495887561116	1.36683748056198	-0.576150552195896	-0.435912566272179	0.439257312237326	1.05115822262882	0.331227516817367	0.94820038809396	-0.576703188007731	-0.469925518616189	-1.03094719118993	-0.896395960453342	-0.812581254653548	-0.55683691075757
GLY901A	1.68150944712879	2.43121443311754	2.2413125920435	3.70198124006422	-0.369995086547356	-0.253562356690437	-0.582271320872734	-0.101848968554529	-0.382185596327732	0.449730557904378	-0.173658330740055	-0.0784343058051085	0.154049580292748	0.545527836522544	0.134115352709809	0.748249598830485
GLU749A	-1.09020942176482	-0.912302469008741	-1.28735544103258	-0.656953777673297	-0.690681366445085	-0.569238768984002	-0.582271320872734	-0.678352564146203	-1.19751486849356	-0.879522322601173	-0.576703188007731	-0.469925518616189	-1.03094719118993	-0.896395960453342	-0.812581254653548	-0.55683691075757
ILE953A	-0.628256276949219	-0.434657197276416	0.416139471486904	-0.0342487751393663	0.0561385292280737	-0.081670415476551	-0.071507004317704	-0.101848968554529	0.535059834858824	0.11741733777799	0.359289464593061	0.134422047501107	0.154049580292748	0.545527836522544	0.134115352709809	1.0092669007481
TYR764A	-1.09020942176482	-1.38994774074107	-0.435607984772841	-1.12398252957374	-0.578915089091566	-0.56971070506257	-1.09303563742776	-1.25485615973788	-0.687934073389917	-1.04567893266437	-0.434945989434419	-0.469925518616189	-0.43844880544859	-0.896395960453342	-0.023667415184084	-0.817854212675182
ALA920A	-0.628256276949219	0.0429880744559092	-1.16567723299548	-0.345601276406332	-0.480181628531921	-0.220640257694545	-0.582271320872734	-0.101848968554529	-0.687934073389917	-0.214895882348397	-0.434452061913257	-0.238099388316433	-0.43844880544859	-0.175434061965399	-0.497015718865762	-0.295819608839959
SER921A	-1.09020942176482	-0.912302469008741	-1.5307118571068	-0.968306278940262	-0.692261101814039	-0.56971070506257	-1.60379995398279	-1.25485615973788	-1.29943102751429	-0.879522322601173	-0.576703188007731	-0.469925518616189	-1.03094719118993	-0.896395960453342	-0.812581254653548	-0.55683691075757
PRO937A	-1.09020942176482	-0.434657197276416	-0.435607984772841	0.588456227394564	-0.692261101814039	-0.56971070506257	-1.60379995398279	-1.25485615973788	-1.29943102751429	-0.879522322601173	-0.576703188007731	-0.469925518616189	-1.03094719118993	-0.896395960453342	-0.812581254653548	-0.55683691075757
GLU963A	-1.09020942176482	-0.434657197276416	-0.922320816921266	-0.345601276406332	-0.578915089091566	-0.383149776953402	-0.582271320872734	-0.101848968554529	-0.48410175534846	-0.381052492411591	-0.576703188007731	-0.469925518616189	-1.03094719118993	-0.896395960453342	-0.812581254653548	-0.55683691075757
ILE715A	-1.55216256658042	-0.912302469008741	-1.04399902495837	-0.189925025772849	-0.578915089091566	-0.479092685139997	-1.09303563742776	-0.678352564146203	-0.891766391431374	-0.214895882348397	-0.576703188007731	-0.469925518616189	-1.03094719118993	-0.896395960453342	-0.812581254653548	-0.55683691075757
CYS775A	-0.166303132133617	0.0429880744559092	-0.0705733606615217	-0.0342487751393663	0.441199025410691	0.420907490194399	-0.582271320872734	-0.101848968554529	-0.382185596327732	0.11741733777799	-0.576703188007731	-0.469925518616189	-0.43844880544859	-0.175434061965399	-0.497015718865762	-0.55683691075757
SER784A	-1.55216256658042	-1.38994774074107	-1.40903364906969	-1.12398252957374	-0.692261101814039	-0.56971070506257	-1.60379995398279	-1.25485615973788	-1.29943102751429	-0.879522322601173	-0.576703188007731	-0.469925518616189	-1.03094719118993	-0.896395960453342	-0.812581254653548	-0.55683691075757
LYS970A	-0.628256276949219	-0.434657197276416	-0.557286192809947	-0.501277527039814	-0.583259361356191	-0.459462070944169	-1.09303563742776	-0.678352564146203	-0.993682550452102	-0.713365712537979	-0.575715332965409	-0.469925518616189	-0.43844880544859	-0.896395960453342	-0.497015718865762	-0.817854212675182
CYS950A	-0.166303132133617	0.520633346188234	0.416139471486904	1.52251373119546	-0.2854792443083	-0.397223376201519	-0.071507004317704	0.474654627037145	-0.178353278286275	0.615887167967572	-0.0679578412115221	-0.256331887910672	0.746547966034086	1.26648973501049	0.923029192179272	2.05333610841854
GLU736A	-0.166303132133617	-0.434657197276416	-0.313929776735734	-0.501277527039814	-0.356962269753483	-0.383189594299753	0.439257312237326	-0.101848968554529	0.0254790397551821	-0.0487392722852035	-0.576703188007731	-0.469925518616189	-1.03094719118993	-0.896395960453342	-0.812581254653548	-0.55683691075757
GLY735A	-1.09020942176482	-0.434657197276416	-1.16567723299548	-0.656953777673297	-0.579310022933805	-0.383799815030437	-1.09303563742776	-0.678352564146203	-0.993682550452102	-0.713365712537979	-0.576703188007731	-0.469925518616189	-1.03094719118993	-0.896395960453342	-0.812581254653548	-0.55683691075757
ASP807A	-1.55216256658042	-1.38994774074107	-1.28735544103258	-1.12398252957374	-0.578915089091566	-0.56971070506257	-1.09303563742776	-1.25485615973788	-0.891766391431374	-1.04567893266437	-0.434945989434419	-0.469925518616189	-0.43844880544859	-0.896395960453342	-0.812581254653548	-0.817854212675182
MET952A	-1.09020942176482	-0.912302469008741	-0.435607984772841	-0.968306278940262	-0.353012931331097	-0.383149776953402	-0.582271320872734	-0.678352564146203	-0.0764371192655463	-0.879522322601173	-0.152419447330116	-0.238904340157751	0.154049580292748	-0.175434061965399	0.76524642428538	-0.817854212675182
PHE795A	-0.166303132133617	-0.912302469008741	-0.0705733606615217	-0.656953777673297	-0.584839096725145	-0.569287720468485	-0.071507004317704	-0.678352564146203	0.0254790397551821	-0.547209102474785	-0.576703188007731	-0.469925518616189	-1.03094719118993	-0.896395960453342	-0.812581254653548	-0.55683691075757
LYS929A	-1.09020942176482	-1.38994774074107	-1.28735544103258	-1.12398252957374	-0.578915089091566	-0.56971070506257	-0.582271320872734	-1.25485615973788	-0.687934073389917	-1.04567893266437	-0.576703188007731	-0.469925518616189	-1.03094719118993	-0.896395960453342	-0.812581254653548	-0.55683691075757
SER899A	-1.09020942176482	-0.912302469008741	-0.557286192809947	-0.501277527039814	-0.521649681966972	-0.288894255783265	-1.09303563742776	-0.678352564146203	-0.789850232410645	-0.547209102474785	-0.576703188007731	-0.469925518616189	-1.03094719118993	-0.896395960453342	-0.812581254653548	-0.55683691075757
ILE941A	-1.55216256658042	-1.38994774074107	-1.77406827318101	-1.12398252957374	-0.692261101814039	-0.56971070506257	-1.60379995398279	-1.25485615973788	-1.29943102751429	-0.879522322601173	-0.576703188007731	-0.469925518616189	-1.03094719118993	-0.896395960453342	-0.812581254653548	-0.55683691075757
MET945A	-1.55216256658042	-0.912302469008741	-1.77406827318101	-1.12398252957374	-0.692261101814039	-0.56971070506257	-1.60379995398279	-1.25485615973788	-1.29943102751429	-0.879522322601173	-0.576703188007731	-0.469925518616189	-1.03094719118993	-0.896395960453342	-0.812581254653548	-0.55683691075757
GLU928A	-1.09020942176482	-0.912302469008741	-1.04399902495837	-0.812630028306779	-0.578915089091566	-0.56971070506257	-0.582271320872734	-0.678352564146203	-0.789850232410645	-0.713365712537979	-0.434945989434419	-0.469925518616189	0.154049580292748	-0.175434061965399	-0.181450183077977	-0.295819608839959
GLU865A	-1.09020942176482	-0.912302469008741	-1.16567723299548	-0.968306278940262	-0.692261101814039	-0.56971070506257	-1.60379995398279	-1.25485615973788	-1.29943102751429	-0.879522322601173	-0.576703188007731	-0.469925518616189	-1.03094719118993	-0.896395960453342	-0.812581254653548	-0.55683691075757
SER925A	-1.55216256658042	-1.38994774074107	-1.5307118571068	-1.12398252957374	-0.692261101814039	-0.56971070506257	-1.60379995398279	-1.25485615973788	-1.29943102751429	-0.879522322601173	-0.576703188007731	-0.469925518616189	-1.03094719118993	-0.896395960453342	-0.812581254653548	-0.55683691075757
ILE706A	-0.166303132133617	0.0429880744559092	0.416139471486904	0.121427475494116	-0.570226544562317	-0.42182704253701	-0.071507004317704	-0.101848968554529	0.535059834858824	0.11741733777799	-0.539164696399467	-0.468315614933552	0.154049580292748	-0.175434061965399	0.449680888497594	-0.817854212675182
MET766A	-0.166303132133617	-1.38994774074107	0.416139471486904	-1.12398252957374	3.67728692871363	-0.56971070506257	-0.582271320872734	-1.25485615973788	-0.0764371192655463	-1.04567893266437	1.2384804522603	-0.469925518616189	-0.43844880544859	-0.896395960453342	-0.812581254653548	-0.817854212675182
LYS713A	-1.09020942176482	-1.38994774074107	-0.435607984772841	-1.12398252957374	-0.578915089091566	-0.56971070506257	-0.582271320872734	-1.25485615973788	-0.382185596327732	-1.04567893266437	-0.576703188007731	-0.469925518616189	-1.03094719118993	-0.896395960453342	-0.812581254653548	-0.55683691075757
LYS757A	-1.55216256658042	-0.912302469008741	-1.6523900651439	-1.12398252957374	-0.692261101814039	-0.56971070506257	-1.60379995398279	-1.25485615973788	-1.29943102751429	-0.879522322601173	-0.576703188007731	-0.469925518616189	-1.03094719118993	-0.896395960453342	-0.812581254653548	-0.55683691075757
ASP942A	-1.55216256658042	-1.38994774074107	-0.922320816921266	-1.12398252957374	-0.692261101814039	-0.56971070506257	-1.60379995398279	-1.25485615973788	-1.29943102751429	-0.879522322601173	-0.576703188007731	-0.469925518616189	-1.03094719118993	-0.896395960453342	-0.812581254653548	-0.55683691075757
ASN700A	-1.55216256658042	-0.912302469008741	-1.6523900651439	-1.12398252957374	-0.578915089091566	-0.383149776953402	-1.09303563742776	-0.678352564146203	-1.29943102751429	-1.04567893266437	-0.576703188007731	-0.469925518616189	-1.03094719118993	-0.896395960453342	-0.812581254653548	-0.55683691075757
LYS867A	-1.55216256658042	-1.38994774074107	-0.922320816921266	-1.12398252957374	-0.578915089091566	-0.56971070506257	-1.09303563742776	-1.25485615973788	-0.586017914369188	-1.04567893266437	-0.576703188007731	-0.469925518616189	-1.03094719118993	-0.896395960453342	-0.812581254653548	-0.55683691075757
LYS737A	-2.01411571139602	-1.38994774074107	-1.77406827318101	-1.12398252957374	-0.692261101814039	-0.56971070506257	-1.60379995398279	-1.25485615973788	-1.29943102751429	-0.879522322601173	-0.576703188007731	-0.469925518616189	-1.03094719118993	-0.896395960453342	-0.812581254653548	-0.55683691075757
ASP830A	-2.01411571139602	-1.38994774074107	-1.77406827318101	-1.12398252957374	-0.692261101814039	-0.56971070506257	-1.60379995398279	-1.25485615973788	-1.29943102751429	-0.879522322601173	-0.576703188007731	-0.469925518616189	-1.03094719118993	-0.896395960453342	-0.812581254653548	-0.55683691075757
ILE966A	-2.01411571139602	-1.38994774074107	-1.77406827318101	-1.12398252957374	-0.692261101814039	-0.56971070506257	-1.60379995398279	-1.25485615973788	-1.29943102751429	-0.879522322601173	-0.576703188007731	-0.469925518616189	-1.03094719118993	-0.896395960453342	-0.812581254653548	-0.55683691075757
SER995A	-2.01411571139602	-1.38994774074107	-1.77406827318101	-1.12398252957374	-0.692261101814039	-0.56971070506257	-1.60379995398279	-1.25485615973788	-1.29943102751429	-0.879522322601173	-0.576703188007731	-0.469925518616189	-1.03094719118993	-0.896395960453342	-0.812581254653548	-0.55683691075757
TYR998A	-2.01411571139602	-1.38994774074107	-1.77406827318101	-1.12398252957374	-0.692261101814039	-0.56971070506257	-1.60379995398279	-1.25485615973788	-1.29943102751429	-0.879522322601173	-0.576703188007731	-0.469925518616189	-1.03094719118993	-0.896395960453342	-0.812581254653548	-0.55683691075757
