Degree	Degree_sidechain	SecondOrderDegree	SecondOrderDegree_sidechain	NodeEdgeBetweennessSTRIDE	NodeEdgeBetweennessSTRIDE_sidechain	IntermodularDegreeSTRIDE	IntermodularDegreeSTRIDE_sidechain	SecondOrderIntermodularDegreeSTRIDE	SecondOrderIntermodularDegreeSTRIDE_sidechain	NodeEdgeBetweennessWALKTRAP	NodeEdgeBetweennessWALKTRAP_sidechain	IntermodularDegreeWALKTRAP	IntermodularDegreeWALKTRAP_sidechain	SecondOrderIntermodularDegreeWALKTRAP	SecondOrderIntermodularDegreeWALKTRAP_sidechain
ILE740A	6	3	15	6	117	28.3066764972697	4	3	12	6	114	28.3066764972697	2	2	2	2
PRO741A	6	2	16	3	477	1	4	1	13	0	1	1	1	1	1	1
ALA859A	6	6	24	17	802	647.531168382664	6	6	34	19	335	335	2	2	6	5
ARG858A	10	6	25	12	4160	1278.13555373483	10	6	43	17	3093	1278.13555373483	5	5	13	9
TYR827A	6	4	22	11	2095	640.601348711047	4	3	14	8	1512	640.601348711047	3	3	7	5
VAL769A	10	9	25	18	15237	11635.3749220464	9	8	25	16	7544	4053.39865128895	6	5	14	10
HIS888A	3	2	7	4	884	1	2	1	4	0	1	1	1	1	1	1
LEU887A	5	4	8	5	1	1	3	3	4	1	1	1	3	3	4	1
GLU829A	3	3	10	8	288	22.6467561726199	3	3	10	8	288	22.6467561726199	2	2	5	4
HIS893A	8	6	29	16	860	514.667863851783	7	6	36	19	860	514.667863851783	6	5	20	11
ARG803A	5	4	14	7	1484	691.250368718634	3	3	7	5	2665	375.578841054984	3	2	7	3
LEU799A	4	4	11	9	633	140.076888685655	3	3	9	8	1260	392.498047630671	4	4	4	3
CYS818A	7	5	29	14	1206	262	5	4	17	5	1483	539	5	4	18	10
LEU814A	9	7	31	20	3014	1036.07815638572	7	6	33	21	4879	1885.26736464453	7	6	26	18
ILE965A	5	3	9	1	1094	725	4	3	5	0	249	1	2	1	2	0
LYS823A	5	1	21	1	438	1	2	1	3	0	1	1	1	1	1	1
ARG831A	6	4	19	10	1232	232.929392367146	5	3	20	9	619	232.929392367146	3	3	6	5
SER768A	5	4	15	10	923	498.094336875434	3	3	12	9	619	387.070607632854	2	2	2	2
GLY824A	11	11	29	21	1294	1076.59509618808	5	5	18	12	356	138.595096188075	3	3	10	7
HIS773A	7	5	25	11	6090	2757.2740370777	6	4	22	10	2388	296.148423056861	5	4	12	6
ARG977A	4	2	7	2	288	191.976309100696	4	2	9	2	1	1	1	1	1	1
TYR978A	6	3	17	2	1168	202.420343013589	5	3	12	2	1	1	1	1	1	1
GLY729A	8	8	17	12	1016	585.448514230066	6	6	15	9	1	1	1	1	1	1
LYS728A	4	1	12	1	400	1	3	1	3	0	1	1	1	1	1	1
ARG748A	3	3	8	8	288	116.9996255568	3	3	9	9	1	1	1	1	1	1
GLY724A	7	7	13	13	4702	3755.63058460008	6	6	14	11	645	645	2	2	2	1
GLN812A	6	4	20	10	1033	574.016588233299	4	3	18	7	1320	797.75645457248	4	4	11	8
PRO975A	8	6	18	10	2732	1032.9834117667	7	5	23	6	2615	915.983411766701	5	3	11	3
ILE918A	6	2	14	1	3438	1828	6	2	16	0	1828	1828	3	2	4	0
PRO919A	5	4	9	4	1846	1504.5570653178	5	4	10	4	1	1	1	1	1	1
SER720A	4	1	11	1	215	1	2	1	5	0	1	1	1	1	1	1
PHE910A	5	2	14	4	1168	62.7347747126345	5	2	15	4	1168	62.7347747126345	4	2	9	4
VAL802A	8	8	20	17	3773	1912.72050936231	5	5	19	12	4454	3600.5	5	5	16	11
ALA871A	6	6	16	10	1892	1892	6	6	23	12	1892	1892	5	5	12	4
HIS870A	4	3	9	2	342	260.359745901618	4	3	12	2	309	227.359745901618	3	2	5	1
GLN787A	8	4	23	7	892	557.270206998928	5	4	15	8	362	189.144642242968	2	2	2	1
LYS714A	4	3	16	4	1262	751.874435244039	4	3	12	3	1	1	1	1	1	1
ILE780A	11	6	28	17	2638	81.7505407739882	9	5	32	12	5184	877.570035684708	7	4	23	12
LEU704A	9	8	24	21	7483	4165.06641967732	8	8	27	18	7206	3819.36186147895	7	6	15	5
GLY796A	5	5	16	14	305	277.255169420234	4	4	13	10	264	264	2	2	3	1
VAL845A	10	10	22	18	3010	2225.12627255078	7	7	22	16	2284	1772.38144197102	3	3	6	5
LEU798A	6	6	20	20	3194	912.112286326732	5	5	20	18	3194	912.112286326732	5	5	17	15
TRP817A	9	7	29	18	3481	811.068935273145	6	5	24	15	7028	3508.87972701434	8	7	27	17
PHE723A	6	4	16	9	6190	3673.10909443283	5	4	16	8	2981	2981	2	2	3	0
VAL726A	7	6	18	9	3574	2655.4546443101	5	4	13	5	1327	1327	3	3	6	1
GLU868A	4	2	14	2	830	58.6402540983818	4	2	19	2	285	58.6402540983818	2	2	2	1
THR892A	9	8	26	16	12930	3857.09918853684	9	8	38	15	12098	3025.09918853684	6	5	20	8
GLU804A	2	1	3	1	1	1	1	1	1	1	1	1	1	1	1	1
HIS805A	4	3	9	2	582	1	2	1	6	0	1	1	1	1	1	1
ARG841A	7	5	21	12	3240	2321.44064656992	5	5	20	13	1	1	1	1	1	1
ASN842A	5	3	17	5	5320	3603	4	2	13	0	3770	3603	3	2	6	0
ASN816A	3	3	11	8	1	1	2	2	5	3	288	64.2601336608193	3	3	8	7
LEU907A	5	4	18	10	1274	425.937336429104	5	4	17	10	1274	425.937336429104	5	4	17	10
GLU931A	5	2	11	1	3	1	4	2	10	0	286	1	2	1	4	0
GLY930A	5	5	11	9	860	478.879376266632	5	5	14	8	571	189.879376266632	2	2	4	4
ILE878A	4	3	9	6	702	121.5023945616	4	3	10	6	702	121.5023945616	4	3	7	5
ILE886A	4	3	10	4	306	108.183690066861	4	3	11	4	306	108.183690066861	4	3	10	3
LEU927A	7	5	16	10	287	141.026249101549	5	4	16	9	287	141.026249101549	3	3	8	8
ILE759A	6	3	22	7	2004	863	5	3	21	5	2004	863	4	3	14	5
LYS754A	5	1	8	1	1168	1	4	1	7	0	1454	1	5	1	6	0
LEU964A	6	5	23	12	1523	1182.99337904111	5	4	17	9	831	831	3	3	6	4
TYR900A	8	4	29	12	4475	1032.7731277383	6	4	20	6	2345	1032.7731277383	5	4	10	5
TRP951A	8	7	26	20	11556	4059.22923955818	8	7	27	18	9051	3203.81403077947	5	4	10	4
VAL902A	8	8	31	28	728	710.287641466996	5	5	23	15	26	8.2876414669955	2	2	4	3
ARG932A	7	6	17	12	3827	2780.89193226246	6	5	20	15	1955	1416.30714104116	5	5	6	5
ARG948A	4	3	15	8	445	49	3	2	12	4	1	1	1	1	1	1
GLY721A	6	6	11	9	860	361.699584253343	5	5	12	11	1	1	1	1	1	1
MET971A	8	4	24	3	460	58	4	2	14	2	882	484.894886984254	4	3	11	2
PHE968A	7	2	26	3	673	1	5	1	18	0	414	75.105113015746	4	2	12	2
SER752A	4	2	5	1	1	1	1	1	1	1	1	1	1	1	1	1
THR751A	4	2	5	1	1	1	1	1	1	1	1	1	1	1	1	1
VAL904A	8	6	32	16	391	391	3	3	8	5	391	391	3	3	6	4
GLY810A	9	9	26	21	2082	1613.00980570841	8	8	33	21	631	631	2	2	3	1
ILE981A	7	5	22	16	1420	487.924661061542	7	5	29	19	351	115.985160621968	3	2	5	4
GLU866A	3	3	11	8	1	1	2	2	8	4	1	1	1	1	1	1
GLY863A	6	5	11	8	1133	1133	3	2	13	4	1	1	2	1	4	0
ILE923A	5	3	14	2	475	371	4	3	13	1	475	371	3	2	6	0
TYR915A	6	1	15	1	5194	1	6	1	17	0	2485	1	4	1	5	0
LEU862A	9	5	20	10	2968	595.132959182103	9	5	32	12	1836	595.132959182103	5	3	15	6
LEU833A	8	6	28	17	5479	3150.67679904261	7	6	32	19	9569	2193.5	5	3	20	4
LYS860A	8	4	24	11	288	1	8	4	40	12	288	1	5	1	18	0
ALA755A	4	4	6	2	2	1.11087787521004	3	3	4	2	287	287	2	2	4	0
ASN756A	3	1	9	1	288	1	3	1	7	0	288	1	2	1	5	0
LEU933A	8	6	25	15	12129	8474.85805938654	7	6	29	15	4762	1411.54737652977	4	2	6	3
TRP905A	11	7	30	14	6243	1687.68931714323	7	5	27	7	1495	1	3	1	5	0
HIS850A	8	4	20	7	464	109.775646210844	6	3	16	4	271	42.7756462108442	3	2	7	3
LYS739A	4	1	7	1	290	1	3	1	6	0	40	1	3	1	3	0
VAL738A	5	5	10	6	338	186.589447333849	4	4	12	8	114	86.6933235027303	3	3	3	1
GLY779A	8	8	30	25	1244	815.063717023853	5	5	25	18	651	651	4	4	15	8
PRO914A	7	4	25	5	4799	1189.5	5	2	22	3	1	1	1	1	1	1
TRP880A	8	5	23	10	7195	2245.33274129427	7	4	22	7	1	1	1	1	1	1
GLU762A	3	2	9	1	20	20	2	2	3	0	20	20	2	2	4	0
TRP898A	8	5	34	19	9392	6168.2875857295	5	5	26	22	9392	6168.2875857295	5	5	18	14
VAL774A	6	6	25	23	3943	2934.5	5	5	23	17	3943	2934.5	5	5	17	12
CYS939A	6	5	23	19	726	316.44968552414	6	5	27	22	92	92	2	2	6	3
GLN935A	3	2	12	5	288	102	3	2	13	4	1	1	1	1	1	1
ILE938A	6	5	20	12	1046	868.780064665397	5	5	22	13	1046	868.780064665397	5	5	17	10
SER969A	3	3	8	7	110	19.0300482199509	2	2	3	3	358	267.030048219951	3	3	3	2
ALA972A	9	7	25	13	981	321.552695926413	6	4	19	10	981	321.552695926413	6	5	15	10
LEU815A	8	7	32	21	4128	2671.18977234289	7	7	30	17	4128	2671.18977234289	6	6	22	15
PRO959A	8	6	22	18	1557	786.322069654602	7	5	21	13	1649	1299.31544869571	6	5	25	17
VAL897A	8	8	29	26	2350	1475.41396050408	5	5	23	18	2350	1475.41396050408	6	6	24	19
ILE789A	8	6	31	20	2848	502.718538408448	6	4	29	14	1323	419.486813630676	3	3	11	8
ALA955A	5	5	17	12	1428	611.902806632558	4	4	18	14	466	125.126735324926	2	2	5	4
ARG958A	12	9	30	20	2635	1618.21321427163	11	9	38	24	3098	1335.26405770777	10	7	31	15
PHE856A	6	1	18	1	7909	1	4	1	11	0	7909	1	4	1	5	0
SER912A	5	2	17	5	2980	380.025065773081	4	2	13	2	1	1	1	1	1	1
GLY719A	6	6	13	12	857	857	3	3	6	5	459	459	2	2	2	0
VAL717A	6	6	11	10	513	288	3	3	5	2	470	470	4	4	6	1
ALA882A	7	7	26	20	8003	6525.36082409165	6	6	27	20	5109	3708.7124142705	4	4	18	14
GLN791A	6	4	19	5	5440	1435.43722573472	6	4	16	5	2534	739	3	2	5	1
LYS852A	5	2	19	3	202	108.124053975548	3	2	9	3	1	1	1	1	1	1
ILE926A	3	3	9	5	288	288	2	2	5	0	288	288	2	2	3	0
ASP855A	6	5	18	11	411	155.468831617336	4	3	18	10	123	1	2	1	3	0
GLY857A	5	5	18	9	1068	1068	3	3	16	8	1	1	1	1	1	1
ALA722A	3	3	8	7	288	128.106466846847	2	2	4	4	1	1	1	1	1	1
MET908A	9	5	32	17	3455	920.165142212509	7	4	33	15	3455	920.165142212509	7	4	21	12
THR909A	6	6	25	20	1618	1223.89995459491	3	3	11	9	47	31.9250203679933	2	2	3	3
ARG973A	3	1	12	1	288	1	2	1	6	0	1	1	1	1	1	1
LYS745A	5	3	15	5	2504	460.698950989342	5	3	13	3	1338	460.698950989342	4	3	4	1
MET790A	4	2	13	2	2094	540.301049010658	4	2	13	2	878	540.301049010658	2	2	3	2
PRO992A	4	3	5	3	1	1	2	1	2	0	286	217.527186233896	2	2	3	2
SER991A	4	3	5	3	1137	1	2	1	2	0	1992	370.460868370852	4	3	4	2
LEU844A	7	5	22	12	5099	3732.05336930812	5	4	14	8	1316	1109.37163314935	3	3	7	5
MET793A	6	4	19	7	5128	2337.68177072885	5	4	15	7	1317	1015.68177072885	2	2	2	1
ASP837A	5	4	22	9	288	1	5	4	25	12	288	1	3	2	11	4
HIS835A	9	5	27	13	8508	5127	9	5	38	13	8329	5127	8	5	23	7
VAL834A	9	7	32	22	14569	9954.55242079349	8	6	46	24	14271	13125.5524207935	7	6	23	12
PRO848A	7	5	21	7	214	42.0456097479559	6	4	19	5	93	53.9158117827645	4	3	13	4
MET825A	8	4	29	10	3026	1397.67937825986	6	4	28	11	1991	991.572546442831	5	3	19	6
ILE732A	3	2	6	1	362	40	3	2	7	0	40	40	2	2	2	0
LEU788A	7	6	26	19	3621	1187.959942842	4	4	17	11	568	489.249459226012	3	3	9	5
GLU872A	3	1	5	1	1	1	2	1	3	0	1	1	1	1	1	1
GLY873A	4	4	6	4	542	240.459053644599	2	2	3	2	58	29.5	2	2	1	1
MET947A	6	3	29	13	1142	752	5	3	23	12	1142	752	3	2	4	0
MET881A	7	5	19	8	1061	852.711488898177	6	5	21	10	2026	852.711488898177	6	5	15	7
VAL876A	7	6	19	9	1495	1105.60242647336	6	5	21	11	1829	635.029756365033	4	4	10	8
LEU883A	6	5	12	6	1671	1265.5	5	4	12	3	1671	1265.5	4	4	6	3
GLU746A	4	3	14	6	1304	320.200858136029	4	3	11	5	1211	227.200858136029	3	2	3	2
VAL742A	9	9	24	21	2493	2060.14731373151	5	5	19	14	1	1	1	1	1	1
LYS949A	4	4	16	14	288	68.3640752073096	4	4	19	13	288	68.3640752073096	4	4	16	10
ARG889A	4	3	8	3	1348	302.540946355401	4	3	7	1	807	1	2	1	4	0
VAL843A	7	7	22	16	3418	2769.90497440403	6	6	21	15	2632	1426.53334125468	5	5	13	11
ALA767A	6	5	18	14	3833	2908.52175190112	3	2	10	7	3751	2908.52175190112	2	2	6	5
GLN820A	6	5	22	13	7610	4291.01204972941	5	5	19	12	4494	3863.06173301796	4	4	10	7
GLY911A	6	6	13	9	2892	2201.74963128137	6	6	14	8	1	1	2	2	3	3
CYS797A	4	2	8	1	839	256.785598284136	3	2	5	1	1102	256.785598284136	4	2	4	1
TYR801A	5	2	17	4	9	6.34833356691489	3	2	11	3	9	6.34833356691489	3	2	5	2
ILE809A	8	5	26	12	1986	1603.77949063769	7	5	21	9	631	1	4	2	14	6
ALA864A	4	3	8	4	5	1	2	1	5	0	5	1	2	1	4	0
ARG832A	6	4	16	10	300	223	6	4	21	5	223	223	5	4	11	2
ALA702A	6	6	14	8	886	780.774991954397	4	4	9	4	607	607	3	3	3	1
ASP770A	6	3	21	7	1921	106.225008045603	4	2	10	3	331	1	3	2	4	1
LEU989A	6	5	10	6	3335	3335	4	4	10	5	3302	3075.24416863679	3	3	4	2
TYR813A	5	2	18	4	4991	1092.99740071622	4	2	14	3	6358	1092.99740071622	4	2	13	3
PRO877A	6	5	23	12	1125	551	5	4	22	12	2044	1355.57267010833	3	3	7	7
LYS913A	4	1	16	1	1	1	3	1	8	0	1	1	1	1	1	1
ARG962A	2	2	3	1	288	288	2	2	3	0	1	1	1	1	1	1
LYS960A	4	1	6	1	1292	1	4	1	8	0	787	1	2	1	5	0
ASP761A	3	2	4	1	1	1	1	1	1	1	1	1	1	1	1	1
VAL765A	5	3	13	2	1	1	2	1	8	0	1	1	1	1	1	1
THR854A	6	5	21	11	7254	3078.44663069188	6	5	23	9	3709	968	4	3	15	4
SER924A	4	2	7	1	573	1	3	1	6	0	573	1	3	1	5	0
ARG999A	3	2	3	1	860	288	3	2	3	0	288	288	2	2	1	0
PHE997A	2	1	2	1	288	1	2	1	2	0	288	1	2	1	1	0
THR993A	4	3	5	3	288	1	2	1	2	0	571	270.011945395253	2	2	3	2
LEU838A	6	4	26	10	4776	2434.60568518674	6	4	27	10	2260	162	3	2	11	2
GLU922A	3	2	4	3	559	93.4429346822018	2	2	4	3	1	1	1	1	1	1
HIS988A	4	4	7	7	1988	1680.37501600292	3	3	4	3	1416	1108.37501600292	2	2	2	2
GLU884A	4	4	18	14	288	103.134623799259	4	4	21	15	66	25.7830336204042	2	2	9	6
TRP731A	6	4	22	10	4116	1510.0133803801	6	4	24	11	2641	256.013380380102	3	2	6	5
ILE853A	7	4	26	16	1704	820.904903811925	7	4	29	9	1704	820.904903811925	7	4	23	6
THR940A	4	4	12	10	288	288	4	4	12	8	1	1	1	1	1	1
LEU782A	8	7	21	15	2372	1647.45573814968	6	5	17	10	4131	3216.63624323896	6	6	16	11
THR783A	5	5	14	13	1120	1049.8138040567	4	4	11	9	1	1	1	1	1	1
SER895A	8	4	27	13	7392	2765.90081146316	7	3	35	9	3755	2765.90081146316	4	3	18	6
TYR891A	7	3	28	7	2342	3	7	3	40	9	2342	3	6	3	22	8
ALA822A	8	8	26	19	952	864.226872261696	4	4	12	8	583	495.226872261696	2	2	4	3
ILE821A	7	4	28	11	370	107.257257965692	4	3	15	8	370	107.257257965692	4	3	14	7
GLU906A	7	4	23	10	1129	532.530835368802	4	3	15	6	1	1	1	1	1	1
VAL819A	8	7	23	15	935	709.969951780049	4	4	10	4	524	298.969951780049	3	3	7	6
GLU711A	5	4	13	9	1185	1185	3	3	10	7	290	290	2	2	2	1
THR710A	4	4	7	5	1	1	1	1	1	1	1	1	1	1	1	1
ASP896A	7	5	29	17	9950	8352.42745355717	6	5	31	17	4980	3382.42745355717	5	3	16	6
ASP800A	2	2	3	1	288	32.2144017158642	2	2	2	1	288	32.2144017158642	2	2	3	1
ALA839A	7	5	24	11	698	434.114228616185	7	5	27	13	1	1	1	1	1	1
GLU734A	4	2	6	1	293	1.47703103090012	3	2	3	1	293	1.47703103090012	3	2	2	1
LYS708A	4	2	7	1	4	3.52296896909989	2	2	2	1	4	3.52296896909989	2	2	2	1
PRO733A	6	5	13	7	2428	2050.16513003655	6	5	19	9	1337	1337	2	2	2	1
SER957A	4	2	5	3	288	1	4	2	8	2	288	1	3	1	5	0
LEU730A	6	4	15	4	744	256	5	4	12	2	1	1	1	1	1	1
PRO753A	5	5	5	4	4	3.27398702439154	2	2	2	1	1	1	1	1	1	1
ARG986A	2	2	5	5	288	31.1357537364995	2	2	4	4	1	1	1	1	1	1
GLY983A	6	6	8	7	1253	1222.8642462635	5	5	12	8	1	1	1	1	1	1
LEU979A	9	8	31	27	7576	5292.89448488245	7	7	34	26	7319	5095.51423313246	5	5	19	14
ASN996A	3	3	4	4	288	288	3	3	2	0	1	1	1	1	1	1
THR785A	5	4	10	7	957	447.68000175961	3	3	8	7	957	447.68000175961	3	3	7	6
ASP984A	5	4	15	11	2066	500.921498914688	5	4	20	11	1	1	1	1	1	1
LEU792A	5	4	13	6	2976	1082.70070095212	5	4	10	4	1578	302.318229271147	3	2	2	1
MET987A	6	4	15	5	860	850	6	4	19	4	288	288	2	2	1	0
ASN771A	5	3	17	5	1058	670.995654049465	4	3	9	3	475	87.9956540494655	3	2	4	2
ASP994A	3	3	5	5	2552	1444.62498399708	3	3	3	2	2552	1444.62498399708	3	3	4	3
THR903A	9	6	26	14	141	141	4	4	15	10	1	1	1	1	1	1
PHE961A	6	4	20	12	3055	1801.44747406841	5	4	16	11	2020	1172.55430588544	3	3	9	7
LEU718A	6	4	11	3	400	400	3	3	5	0	579	1	3	1	4	0
GLN894A	7	5	25	15	2944	1546.3261733469	6	5	30	15	2944	1546.3261733469	6	5	21	11
ALA763A	8	7	20	13	736	229.116386619933	3	3	15	11	732	227.116386619933	2	2	6	5
GLN849A	6	5	14	8	4530	1081.21003014944	5	4	11	4	4614	1114.94588479976	5	4	10	4
LEU777A	8	8	23	18	7320	6621.28951638401	6	6	20	14	3676	3676	2	2	1	0
LYS716A	4	3	8	3	1	1	2	2	2	0	288	1	2	1	3	0
LYS875A	3	1	8	1	940	1	3	1	7	0	1	1	1	1	1	1
GLY917A	4	4	8	4	573	573	3	3	9	4	288	197.144560205436	2	2	1	1
GLN701A	3	1	5	1	288	1	2	1	1	0	573	1	2	1	2	0
THR725A	6	6	15	14	451	226	3	3	4	4	818	749.535695390085	2	2	3	1
ASP954A	4	3	7	4	860	480.274772128509	4	3	7	3	1	1	1	1	1	1
VAL943A	9	9	24	18	341	341	6	6	21	16	1	1	1	1	1	1
ARG776A	6	3	20	5	1808	929	5	3	15	4	1021	142	4	2	5	2
LEU778A	7	4	22	6	3957	2562	5	4	17	6	2078	1937	3	3	5	2
LYS846A	5	2	18	4	726	121	3	2	7	2	1	1	1	1	1	1
THR847A	6	5	20	11	627	393.747918408586	4	4	14	8	576	379.792569134342	2	2	4	3
VAL786A	8	8	23	18	927	508.742370984193	6	6	20	13	927	508.742370984193	6	6	17	13
ALA840A	6	5	19	10	1378	891.398974278432	5	4	14	8	633	493.923111314345	2	2	3	3
GLN982A	3	1	9	1	3	1	2	1	5	0	1	1	1	1	1	1
GLN976A	5	2	13	1	294	214.653555278608	4	2	12	1	457	1	2	1	4	0
GLU985A	3	2	7	1	298	24.3464447213921	3	2	7	1	1	1	1	1	1	1
VAL980A	3	3	11	10	4	4	2	2	6	4	4	4	2	2	2	1
ASP956A	3	1	6	1	288	1	2	1	3	0	1	1	1	1	1	1
PRO990A	3	2	8	4	1	1	2	1	4	0	288	227.755831363215	2	2	2	2
TYR869A	5	2	19	4	336	1	5	2	27	3	336	1	5	2	16	0
PRO772A	4	3	12	5	542	388.004345950535	3	2	8	2	827	513.08027668283	3	3	6	4
LEU760A	5	4	19	10	102	37.3892108771568	4	4	16	10	87	29.8892108771568	2	2	5	5
ASP916A	2	2	3	3	1	1	1	1	1	1	288	91.8554397945635	2	2	1	1
LYS879A	4	3	14	2	1	1	3	3	10	1	1	1	2	2	2	1
TYR727A	6	2	14	5	745	1	4	1	7	0	880	69.4643046099152	4	2	6	1
ARG705A	7	3	23	6	318	10	6	3	28	6	302	1	5	1	16	0
ILE946A	5	3	14	4	269	200	4	3	8	1	155	143	3	2	5	1
LEU861A	5	5	17	14	428	148.823200957386	5	5	23	14	1	1	2	2	4	2
PRO794A	5	5	13	9	867	867	3	3	6	4	262	262	2	2	2	1
GLU709A	4	2	9	4	512	71.1861959433029	3	2	7	3	1	1	1	1	1	1
SER885A	4	3	12	5	754	371	4	3	15	3	384	1	2	1	5	0
LEU747A	2	2	7	7	288	151.031820093328	2	2	5	5	288	151.031820093328	2	2	5	5
PRO936A	10	9	23	17	1307	1111.24504235788	9	9	30	18	809	778.074979632007	4	4	9	4
TYR944A	6	4	21	8	141	137	4	3	16	5	137	137	2	2	3	1
ARG836A	8	6	25	13	7086	2845.86444626517	8	6	43	16	3573	2845.86444626517	5	5	17	7
GLU967A	4	2	11	3	143	1	2	1	3	0	290	3	4	2	6	0
ALA750A	5	4	5	4	2	2	2	2	2	1	1	1	1	1	1	1
ASN808A	2	1	5	1	288	1	2	1	3	0	1	1	1	1	1	1
SER811A	8	5	24	10	1610	322.129194937327	7	4	32	8	759	46	3	2	8	2
ILE744A	8	5	22	10	468	460	6	5	18	9	27	27	2	2	2	1
PHE712A	5	3	22	7	548	262.024124915116	5	3	21	7	388	173.855357757032	3	2	2	1
LYS806A	3	2	9	2	288	273	3	2	10	1	273	273	2	2	3	1
LEU707A	9	7	25	15	3810	2093.49980598922	9	7	32	16	2753	2079.49980598922	6	6	13	7
GLU758A	3	3	6	3	288	287.88912212479	3	3	5	2	287	287	2	2	4	0
VAL851A	8	7	27	22	5446	2894.77603461232	6	5	25	19	5446	2894.77603461232	5	4	18	13
PRO934A	4	2	17	6	33	1	3	1	11	0	256	256	2	2	3	1
LEU828A	6	5	29	19	202	102.5	4	4	22	16	72	37.5	3	3	12	8
ASP974A	3	2	9	2	288	2	3	2	9	1	1	1	1	1	1	1
GLY874A	4	4	9	8	331	331	3	3	7	4	58	29.5	2	2	1	1
ILE890A	5	2	11	2	2304	884	5	2	15	0	1018	1	2	1	5	0
ALA743A	4	4	15	12	925	618.617528319031	2	2	4	3	1	1	1	1	1	1
LEU703A	3	2	11	8	1	1	1	1	1	1	288	254	3	2	8	5
ASN826A	3	1	12	1	288	1	2	1	3	0	1	1	1	1	1	1
CYS781A	6	6	21	17	295	206.831232841916	5	5	17	12	1	1	1	1	1	1
GLY901A	9	9	34	32	817	487.353583799219	3	3	10	9	817	487.353583799219	3	3	7	6
GLU749A	3	2	5	4	5	1.72601297560846	3	2	2	1	1	1	1	1	1	1
ILE953A	4	3	19	8	1896	751.787233590656	4	3	19	7	1896	751.787233590656	3	3	7	7
TYR764A	3	1	12	1	288	1	2	1	7	0	288	1	2	1	6	0
ALA920A	4	4	6	6	538	538	3	3	7	5	289	289	2	2	3	2
SER921A	3	2	3	2	1	1	1	1	1	1	1	1	1	1	1	1
PRO937A	3	3	12	12	1	1	1	1	1	1	1	1	1	1	1	1
GLU963A	3	3	8	6	288	288	3	3	9	4	1	1	1	1	1	1
ILE715A	2	2	7	7	288	140.404172038423	2	2	5	5	1	1	1	1	1	1
CYS775A	5	4	15	8	2871	1524.93872028973	3	3	10	7	1	1	2	2	3	1
SER784A	2	1	4	1	1	1	1	1	1	1	1	1	1	1	1	1
LYS970A	4	3	11	5	277	170.603347885715	2	2	4	2	3	1	2	1	3	0
CYS950A	5	5	19	18	1031	266.349577132003	4	4	12	10	1031	266.349577132003	4	4	12	11
GLU736A	5	3	13	5	850	287.93874613233	5	3	14	6	1	1	1	1	1	1
GLY735A	3	3	6	4	287	287	2	2	4	2	1	1	1	1	1	1
ASP807A	2	1	5	1	288	1	2	1	5	0	288	1	2	1	1	0
MET952A	3	2	12	2	860	288	3	2	13	1	860	288	3	2	11	0
PHE795A	5	2	15	4	273	1.65070741088519	4	2	14	3	1	1	1	1	1	1
LYS929A	3	1	5	1	288	1	3	1	7	0	1	1	1	1	1	1
SER899A	3	2	11	5	433	433	2	2	6	3	1	1	1	1	1	1
ILE941A	2	1	1	1	1	1	1	1	1	1	1	1	1	1	1	1
MET945A	2	2	1	1	1	1	1	1	1	1	1	1	1	1	1	1
GLU928A	3	2	7	3	288	1	3	2	6	2	288	1	3	2	5	2
GLU865A	3	2	6	2	1	1	1	1	1	1	1	1	1	1	1	1
SER925A	2	1	3	1	1	1	1	1	1	1	1	1	1	1	1	1
ILE706A	5	4	19	9	310	228.5	4	3	19	7	77	3	3	2	9	0
MET766A	5	1	19	1	11065	1	3	1	13	0	3676	1	2	1	1	0
LYS713A	3	1	12	1	288	1	3	1	10	0	1	1	1	1	1	1
LYS757A	2	2	2	1	1	1	1	1	1	1	1	1	1	1	1	1
ASP942A	2	1	8	1	1	1	1	1	1	1	1	1	1	1	1	1
ASN700A	2	2	2	1	288	288	2	2	1	0	1	1	1	1	1	1
LYS867A	2	1	8	1	288	1	2	1	8	0	1	1	1	1	1	1
LYS737A	1	1	1	1	1	1	1	1	1	1	1	1	1	1	1	1
ASP830A	1	1	1	1	1	1	1	1	1	1	1	1	1	1	1	1
ILE966A	1	1	1	1	1	1	1	1	1	1	1	1	1	1	1	1
SER995A	1	1	1	1	1	1	1	1	1	1	1	1	1	1	1	1
TYR998A	1	1	1	1	1	1	1	1	1	1	1	1	1	1	1	1
