Degree	Degree_sidechain	SecondOrderDegree	SecondOrderDegree_sidechain	NodeEdgeBetweennessSTRIDE	NodeEdgeBetweennessSTRIDE_sidechain	IntermodularDegreeSTRIDE	IntermodularDegreeSTRIDE_sidechain	SecondOrderIntermodularDegreeSTRIDE	SecondOrderIntermodularDegreeSTRIDE_sidechain	NodeEdgeBetweennessWALKTRAP	NodeEdgeBetweennessWALKTRAP_sidechain	IntermodularDegreeWALKTRAP	IntermodularDegreeWALKTRAP_sidechain	SecondOrderIntermodularDegreeWALKTRAP	SecondOrderIntermodularDegreeWALKTRAP_sidechain
ARG202A	3	3	4	2	968	563.961703216708	3	3	3	2	968	563.961703216708	3	3	5	3
GLU221A	4	2	6	2	536	112.240973403376	3	2	5	2	822	112.240973403376	4	2	5	2
CYS229A	6	4	16	7	1030	507.794590364333	5	3	15	4	578	507.794590364333	3	3	8	5
TRP146A	8	4	23	6	924	388.205409635667	6	3	22	3	1397	547.304665690231	4	4	8	4
ARG273A	7	4	24	8	709	409.668700920923	5	4	14	10	1324	409.668700920923	6	4	10	4
ASP281A	4	4	10	7	184	24.7547467854525	4	4	11	8	184	24.7547467854525	2	2	5	3
ARG174A	5	4	17	9	567	185.074877150789	3	3	7	6	1044	512.164338844747	3	3	6	6
GLN192A	5	3	9	3	548	94.3958208960756	4	3	7	3	548	94.3958208960756	4	2	7	1
CYS242A	5	5	15	9	62	30.3400159934209	4	4	22	14	6	2.95806702914336	2	2	5	4
HIS179A	8	6	20	11	2120	255.782753663287	7	5	32	17	1077	101.5	4	3	11	6
GLN104A	3	2	11	7	199	67.0650576536971	2	2	7	6	1	1	1	1	1	1
GLY108A	9	8	23	14	766	543.641862327902	8	7	28	13	1	1	1	1	1	1
ARG175A	7	6	23	15	2462	2453.95565269904	7	6	30	15	2073	2064.95565269904	5	5	12	8
GLY279A	6	6	16	12	930	662.672211538046	3	3	9	8	930	662.672211538046	3	3	4	4
THR118A	6	5	13	11	1425	623.932740680131	5	5	12	11	1398	610.940727902455	4	4	5	5
PRO128A	5	5	11	8	701	701	4	4	14	8	1	1	1	1	1	1
TYR126A	6	2	16	3	2637	119	5	2	16	2	1754	1	3	1	7	0
CYS176A	8	6	18	10	2254	749.432728009366	8	6	28	15	561	122.427764625836	2	2	5	4
ARG249A	7	6	18	10	2436	1448.81339489167	7	6	20	11	1734	958.313394891667	5	4	7	4
GLU171A	3	2	10	5	184	67.7825315660918	3	2	9	5	184	67.7825315660918	3	2	7	3
TYR205A	8	4	28	16	3522	969.872022691174	8	4	34	15	767	37.8720226911736	4	3	11	5
VAL203A	7	7	22	17	1296	719.913173290464	6	6	29	19	1098	620.913173290464	5	5	15	11
GLN165A	4	3	10	2	388	60.2212503266932	4	3	10	3	1	1	1	1	1	1
GLN167A	4	2	4	2	80	71.6745227141242	2	2	3	2	1	1	1	1	1	1
GLY154A	5	5	15	12	526	526	4	4	13	9	180	180	2	2	1	0
PRO153A	3	2	6	3	1	1	1	1	1	1	1	1	1	1	1	1
GLN144A	8	4	24	7	2225	407.858495224992	5	3	15	5	3351	1106.25923917043	6	3	16	5
GLY112A	5	5	18	13	3327	2999.64150477501	4	4	13	6	3327	2999.64150477501	3	3	7	3
ARG156A	7	4	25	8	559	142.830220873589	5	3	18	4	365	142.830220873589	3	3	8	6
VAL217A	6	6	21	17	797	664.156060545679	4	4	15	8	1246	928.105523618052	6	6	16	12
GLU271A	6	4	15	4	3124	636.977404309794	5	4	11	5	2069	383.787550268931	4	2	5	1
PRO250A	4	3	12	7	422	371.104226959183	4	3	13	7	274	274	2	2	4	3
THR125A	7	7	24	21	1267	1021.51838473974	5	5	19	15	1550	1304.51838473974	6	6	11	6
CYS182A	5	4	9	7	458	418.251618867689	3	3	8	5	1	1	1	1	1	1
HIS178A	5	2	11	3	184	40.7483811323112	3	2	9	2	1	1	1	1	1	1
HIS233A	4	3	14	5	279	75.8338440736395	3	2	14	4	1	1	1	1	1	1
THR140A	6	5	15	9	1392	655.71392593056	6	5	17	9	547	246.236702141018	2	2	3	2
ALA161A	7	7	20	15	740	344.980024140211	5	5	17	15	87	87	3	3	6	2
LEU252A	5	4	17	6	1632	1569.73274410459	5	4	16	6	840	781.732744104594	3	3	4	2
CYS238A	10	6	32	12	1526	442.614168345021	10	6	51	18	653	442.614168345021	6	5	12	5
MET246A	9	5	24	13	650	365.213721918097	8	5	35	13	98	92.2137219180974	5	3	10	5
THR230A	5	5	10	9	185	160.409488640206	4	4	8	5	115	115	3	3	4	1
CYS124A	6	5	18	13	92	47.5	5	4	16	8	1	1	2	1	4	0
PRO142A	7	5	19	9	722	438.688932136819	5	4	12	9	1	1	1	1	1	1
ASP208A	4	4	7	6	1	1	1	1	1	1	1	1	1	1	1	1
THR211A	6	6	9	8	717	715	3	3	8	6	1	1	1	1	1	1
LEU264A	5	5	16	12	39	39	2	2	3	0	40	13.5593557806838	2	2	3	2
LEU265A	6	5	20	15	997	947.5	4	4	13	9	739	76.9406442193162	4	3	7	3
GLY244A	5	5	11	10	365	328.745541322055	4	4	12	10	1	1	1	1	1	1
ASP259A	6	5	10	3	899	126.227158974181	3	2	6	2	1	1	1	1	1	1
GLY187A	4	4	9	6	248	57.2780048403282	3	3	6	5	65	33.6069932805077	2	2	3	1
LEU188A	6	4	12	8	448	222.893006719492	5	4	12	8	287	32.3930067194923	4	2	5	1
ALA189A	6	6	17	13	1239	723.143804709297	4	4	17	10	880	622.541855474809	4	4	8	4
ARG280A	4	1	9	1	5	1	2	1	3	0	1	1	1	1	1	1
CYS277A	5	2	11	1	184	5	4	2	11	0	1	1	1	1	1	1
ARG110A	6	5	18	13	1044	724.305182910255	6	5	23	13	115	1	2	1	3	0
THR231A	5	4	13	8	1	1	2	2	4	3	6	1	2	1	2	0
TYR163A	5	3	22	9	2080	202.958572587325	5	3	24	9	2080	202.958572587325	4	3	11	5
CYS141A	7	4	23	7	425	307.17901708639	6	4	24	8	1	1	1	1	1	1
TYR236A	8	4	31	11	3426	721.086430219493	8	4	35	8	1	1	1	1	1	1
GLU204A	5	2	15	3	184	4.01371858073127	5	2	17	2	184	4.01371858073127	4	2	11	2
ASN235A	4	4	10	6	676	507.723429572204	4	4	11	6	403	234.723429572204	2	2	3	2
LYS139A	4	1	8	1	506	1	4	1	9	0	205	1	2	1	4	0
ILE195A	4	3	17	9	1132	457.867466269571	4	3	16	7	1	1	1	1	1	1
VAL216A	7	7	23	18	1214	1129.5	6	6	26	16	241	66.2843766440234	2	2	5	5
ARG282A	8	7	20	13	1939	1015.87058705557	7	6	22	14	950	283.870587055566	3	3	8	8
PHE134A	6	4	21	11	517	291.085177680883	4	3	14	8	207	1	3	1	7	0
ARG158A	8	5	24	5	1175	516.414768993255	5	4	13	4	905	516.414768993255	5	4	10	4
GLU258A	4	2	17	4	558	82.8586007379562	4	2	15	3	377	82.8586007379562	3	2	6	3
VAL172A	6	6	15	13	897	783.594253910633	4	4	9	6	726	398.910538306043	4	4	7	5
ASN268A	6	4	19	10	657	474	5	3	18	5	474	474	4	3	9	1
PHE109A	8	3	32	11	1069	83	7	2	30	2	560	83	4	2	12	1
ASP184A	5	5	14	10	184	27.1243891408121	4	4	17	13	27	9.04434730095689	3	3	6	6
MET237A	6	4	17	9	2026	251.960670772367	6	4	22	10	662	229.274297915836	3	3	6	4
ARG209A	3	2	4	1	1	1	1	1	1	1	1	1	1	1	1	1
ASN210A	4	2	7	1	1	1	1	1	1	1	1	1	1	1	1	1
PRO152A	5	3	13	5	597	560.407509556496	4	3	16	5	208	171.407509556496	2	2	1	1
LEU194A	6	6	24	19	450	347.786278081903	6	6	29	21	11	6.78627808190256	2	2	4	2
ILE255A	9	5	32	12	1666	1001.28973167884	6	3	26	5	2299	1	6	2	21	1
TYR234A	5	3	23	8	2386	185.739650337774	5	3	20	5	1	1	1	1	1	1
MET169A	8	5	14	6	2546	1474	7	5	18	5	1	1	2	1	2	0
ASN239A	6	2	23	5	304	59.754050035904	5	2	29	4	256	59.754050035904	4	2	11	2
VAL274A	11	10	30	25	4563	4194.85627527101	9	8	41	22	654	285.856275271013	5	4	11	6
PRO98A	6	6	12	8	2600	2177.88296971944	5	5	14	8	1181	786.506922894266	2	2	1	1
VAL97A	4	4	11	10	1256	1189.24748193318	3	3	8	5	1181	395.493077105734	2	2	1	1
ASP207A	4	4	10	10	157	28.1226499350188	3	3	9	9	125	23.080115453552	2	2	3	3
LEU206A	5	3	14	6	209	28.6486047518761	4	2	13	3	209	28.6486047518761	4	2	10	3
PRO219A	3	3	8	8	542	293.797323379916	2	2	2	2	1220	841.63144404986	3	3	7	7
VAL218A	8	8	24	20	1561	1023.75225241883	6	6	28	21	1822	905.105306097405	6	6	18	15
GLU287A	3	2	3	3	184	1	2	1	1	0	1	1	1	1	1	1
THR284A	4	4	8	4	1	1	1	1	1	1	1	1	1	1	1	1
VAL173A	8	7	22	16	2710	2469.15250959022	6	6	21	15	2374	2140	4	3	9	3
ASN200A	5	2	16	7	222	114.913560225791	4	2	15	5	168	114.913560225791	3	2	9	5
VAL197A	11	9	29	22	4052	2706.92101406492	10	8	38	19	1189	1189	5	4	13	5
VAL272A	9	8	32	21	458	337.920398480946	5	4	19	9	489	489	3	3	8	4
ASP148A	4	3	11	8	183	57.9878971081462	3	3	12	10	1	1	1	1	1	1
SER149A	4	2	10	3	275	1	3	1	11	0	148	1	2	1	2	0
LEU130A	5	4	9	7	368	228.619644274168	4	4	10	6	1	1	1	1	1	1
SER127A	5	3	11	4	586	141.819208242609	5	3	14	4	1	1	1	1	1	1
LEU114A	4	3	13	6	225	113	3	3	8	5	62	1	2	1	1	0
THR256A	6	5	23	13	2954	1251	4	3	11	5	6058	4355	5	4	14	2
ALA276A	5	3	13	6	152	1	3	1	11	0	118	1	2	1	3	0
GLN136A	5	3	18	5	2118	189.030141022581	5	3	21	3	1047	189.030141022581	4	3	9	3
MET133A	4	3	12	5	622	429.114609053338	4	3	13	5	1	1	1	1	1	1
GLY266A	8	8	24	17	2964	2964	5	5	17	6	3060	3060	5	5	11	6
TYR103A	5	1	13	1	936	1	4	1	9	0	394	1	2	1	1	0
ALA159A	6	6	21	14	324	176.970617983388	4	4	14	9	89	89	3	3	7	4
CYS275A	6	5	19	15	368	199.331194987661	5	5	22	18	276	107.331194987661	3	3	9	6
PRO151A	7	5	16	5	1754	967.612226385807	7	5	25	6	331	265.913690174196	3	3	2	1
TYR220A	7	3	25	6	1452	57.8014637883891	7	3	36	7	1	1	3	2	5	1
HIS193A	7	7	17	11	1383	1123.001571467	6	6	20	12	1123	863.001571466999	4	4	7	5
ASN131A	4	3	11	3	548	430	4	3	12	2	430	430	3	3	3	0
PHE270A	9	3	27	9	5358	1041.13256876691	8	3	30	6	772	1	3	1	7	0
ARG196A	8	6	26	14	1268	647.303924521514	7	6	28	16	942	433.725702084164	5	3	13	6
THR253A	6	6	25	14	3330	1683.36060253266	4	4	18	8	407	407	2	2	4	1
PRO223A	5	5	10	8	900	849.590511359794	5	5	12	6	1	1	1	1	1	1
ARG267A	7	4	17	6	1265	328.99013549611	4	3	6	1	893	1	2	1	4	0
LYS101A	3	1	9	1	181	1	2	1	3	0	1	1	1	1	1	1
GLY245A	6	6	19	15	989	742.5	4	4	16	13	1	1	1	1	1	1
ALA138A	4	4	12	7	86	63.3136271434683	3	3	8	3	1	1	1	1	1	1
LEU137A	7	6	24	13	3842	1845.7459499641	6	5	32	13	457	297.745949964096	3	3	6	3
ARG213A	7	6	20	15	2454	536.522776369931	7	6	21	13	1	1	3	3	2	0
GLU198A	5	3	15	6	1857	470.039868286777	4	3	17	7	1857	470.039868286777	4	3	6	2
SER260A	4	2	9	1	180	1	2	1	3	0	180	1	2	1	1	0
SER96A	3	2	8	5	184	3	3	2	6	2	1	1	1	1	1	1
ILE232A	6	4	25	16	1023	353.322300249805	5	4	26	15	576	353.322300249805	3	3	9	7
PHE113A	5	3	15	4	5312	3253	5	3	17	3	3167	1471	3	2	4	0
GLY262A	4	4	6	5	2	2	2	2	3	2	1	1	1	1	1	1
SER261A	5	1	7	1	1	1	2	1	3	0	1	1	1	1	1	1
LEU201A	2	2	5	3	184	92.5	2	2	4	3	1	1	1	1	1	1
LEU145A	7	7	27	20	808	424.5	6	6	29	17	941	645	5	5	14	8
HIS214A	5	5	13	11	1830	1011.80090144719	5	5	12	11	1798	984.843435928659	4	4	8	6
ILE162A	6	2	22	2	4326	498.320845480199	5	2	17	2	2978	498.320845480199	4	2	9	1
ILE254A	6	3	21	4	1930	1432.6791545198	3	3	6	2	3944	1432.6791545198	5	2	13	1
ASP186A	6	4	14	9	480	407.325908322324	5	3	15	6	3	3	2	2	3	1
ASN263A	4	3	6	4	184	57.7728410258191	4	3	4	1	1	1	1	1	1	1
THR123A	5	4	15	6	490	240.969858977419	5	4	18	5	490	240.969858977419	5	4	9	2
SER185A	4	3	8	5	184	160.32898844018	3	3	6	4	1	1	1	1	1	1
PRO278A	9	7	22	16	2029	1396	8	6	26	9	1724	1183	5	4	14	6
HIS168A	3	3	8	6	304	234.945500954916	2	2	6	5	304	234.945500954916	2	2	4	3
TYR107A	4	2	14	2	216	37.5924904435036	3	2	7	2	208	37.5924904435036	2	2	1	1
ASP228A	5	2	12	2	546	75.4682933151913	4	2	11	2	318	1	2	1	3	0
GLY105A	6	6	13	10	585	585	5	5	13	7	394	394	2	2	1	0
VAL157A	10	8	32	21	2516	1543.6776997502	8	6	33	15	1649	715.677699750195	6	4	21	7
LEU111A	9	8	32	19	778	679	7	7	28	16	603	591.5	6	6	16	6
VAL143A	6	6	24	15	333	246	4	4	17	10	24	12.5	2	2	5	5
GLN100A	3	2	7	3	172	59.2672558954064	2	2	4	3	172	59.2672558954064	2	2	2	2
GLU285A	6	4	17	6	1134	325.124699835464	5	4	12	7	301	194.38908203495	2	2	5	3
ALA129A	3	3	6	6	1	1	1	1	1	1	1	1	1	1	1	1
CYS135A	7	5	29	12	380	93.7063738602724	6	4	31	9	183	1	3	2	6	0
VAL147A	7	5	22	8	377	367	6	4	26	3	1	1	2	2	2	1
PRO190A	5	4	16	11	1326	1326	2	2	7	3	1532	221.586121834018	3	2	6	3
GLY199A	3	3	6	4	55	55	2	2	3	1	1	1	1	1	1	1
SER269A	2	1	3	1	184	1	2	1	3	0	184	1	2	1	2	0
PRO191A	4	3	12	6	1172	1	2	1	6	0	2356	1185	4	3	9	2
LYS164A	3	2	11	3	2340	934.810145959137	3	2	10	3	1	1	1	1	1	1
PHE212A	3	1	8	1	180	1	2	1	3	0	1	1	1	1	1	1
LEU257A	6	4	24	11	1148	148.5	6	4	31	11	639	1	2	1	4	0
THR155A	9	8	23	15	1054	658.5	9	8	33	17	121	71.5	3	3	5	3
THR150A	2	2	6	4	184	66.0863098258035	2	2	6	4	184	66.0863098258035	2	2	2	2
ARG283A	3	2	9	4	109	63.658943847566	2	2	4	4	109	63.658943847566	2	2	3	3
PRO177A	4	4	10	9	184	149.584792666851	3	3	10	8	1	1	1	1	1	1
SER99A	5	4	11	4	193	45.0098645038903	3	2	5	2	1	1	1	1	1	1
GLU286A	4	3	11	7	5	3.56114748322379	3	2	7	2	1	1	1	1	1	1
ALA119A	3	2	7	5	3	1	2	1	5	0	1	1	1	1	1	1
PRO222A	4	2	8	2	328	1	3	1	7	0	287	287	2	2	3	1
GLY117A	5	5	13	11	320	178.899057832933	4	4	13	12	293	164.891070610609	2	2	5	5
SER116A	4	2	10	3	1	1	2	1	5	0	62	62	2	2	1	0
SER240A	4	3	18	12	570	345	4	3	19	10	345	345	2	2	4	3
SER215A	5	3	15	6	738	192.078025516913	5	3	14	4	478	192.078025516913	4	3	10	4
SER227A	3	3	6	4	184	109.531706684809	3	3	7	3	1	1	1	1	1	1
GLU180A	2	2	4	2	184	90.6041791039244	2	2	3	2	184	90.6041791039244	2	2	3	1
ASN288A	2	2	2	2	184	184	2	2	1	0	1	1	1	1	1	1
SER166A	3	2	8	2	162	1	2	1	6	0	1	1	1	1	1	1
MET160A	5	2	15	3	128	94	3	2	8	2	180	94	4	2	7	2
LYS132A	4	3	13	5	1879	1385.39165424967	3	3	8	6	1269	886.212449731069	2	2	3	1
THR102A	3	3	8	4	184	184	2	2	4	2	1	1	1	1	1	1
VAL122A	6	5	9	8	548	226.448074306017	6	5	8	5	363	224.448074306017	2	2	2	2
ILE251A	5	4	21	15	206	101	5	4	21	12	1	1	2	2	4	2
SER106A	2	1	5	1	184	1	2	1	4	0	1	1	1	1	1	1
GLU224A	2	1	1	1	1	1	1	1	1	1	1	1	1	1	1	1
VAL225A	2	2	1	1	1	1	1	1	1	1	1	1	1	1	1	1
MET243A	2	1	4	1	1	1	1	1	1	1	1	1	1	1	1	1
THR170A	4	3	12	7	184	67.7525180668192	3	2	8	2	1	1	2	1	2	0
ASN247A	2	1	5	1	1	1	1	1	1	1	1	1	1	1	1	1
SER121A	2	2	5	5	184	184	2	2	5	4	1	1	1	1	1	1
HIS115A	1	1	1	1	1	1	1	1	1	1	1	1	1	1	1	1
ARG181A	1	1	1	1	1	1	1	1	1	1	1	1	1	1	1	1
SER183A	1	1	1	1	1	1	1	1	1	1	1	1	1	1	1	1
SER241A	1	1	1	1	1	1	1	1	1	1	1	1	1	1	1	1
ARG248A	1	1	1	1	1	1	1	1	1	1	1	1	1	1	1	1
