Degree	Degree_sidechain	SecondOrderDegree	SecondOrderDegree_sidechain	NodeEdgeBetweennessSTRIDE	NodeEdgeBetweennessSTRIDE_sidechain	IntermodularDegreeSTRIDE	IntermodularDegreeSTRIDE_sidechain	SecondOrderIntermodularDegreeSTRIDE	SecondOrderIntermodularDegreeSTRIDE_sidechain	NodeEdgeBetweennessWALKTRAP	NodeEdgeBetweennessWALKTRAP_sidechain	IntermodularDegreeWALKTRAP	IntermodularDegreeWALKTRAP_sidechain	SecondOrderIntermodularDegreeWALKTRAP	SecondOrderIntermodularDegreeWALKTRAP_sidechain
CYS229A	5	4	18	9	2035	788.028519181822	5	4	18	8	228	91.1965724648962	2	2	4	2
TRP146A	8	3	23	4	540	283.803427535104	6	3	22	4	830	283.803427535104	5	3	5	2
ARG273A	7	3	25	7	428	287.714908333651	5	3	17	8	636	40.4660462486834	5	2	12	4
ASP281A	4	4	13	6	513	143.513116348831	4	4	15	9	24	10.8971668281563	2	2	4	4
ALA203A	6	6	20	15	175	86.0969959924759	6	6	24	15	1	1	1	1	1	1
TYR205A	9	3	31	11	4096	858	8	3	40	8	6	6	2	2	4	2
CYS242A	7	5	17	9	531	161.741399888556	7	5	35	16	332	151.885800672684	4	4	10	5
HIS179A	7	6	20	10	2029	257.627644008993	7	6	40	19	2028	256.627644008993	4	3	8	5
ARG175A	7	6	23	18	3427	3427	7	6	37	19	1903	1903	4	3	11	3
PRO128A	5	5	11	7	839	839	4	4	15	8	1	1	1	1	1	1
TYR126A	6	2	17	2	2835	462.764901344359	5	2	18	2	39	1	3	1	7	0
ARG267A	6	4	15	7	1098	276.911021928825	4	3	9	3	153	117.911021928825	2	2	3	3
LEU264A	6	6	18	15	351	351	3	3	8	3	37	13.4103579511907	2	2	3	1
CYS176A	8	6	19	9	2893	1141.16233444436	8	6	33	16	1645	869.492048371159	3	3	8	5
THR230A	6	5	14	9	129	129	5	4	16	5	1	1	1	1	1	1
THR231A	5	5	13	10	131	131	2	2	3	2	186	144.008352697638	2	2	2	1
CYS135A	6	5	26	17	1207	349.981362497705	6	5	33	19	471	1	2	1	6	0
VAL274A	11	10	31	25	4558	3997.87966321774	9	8	47	25	380	144	3	2	6	1
ARG249A	5	4	16	12	1359	762.660871613858	5	4	21	13	941	553.660871613858	3	2	4	3
TYR163A	5	4	18	12	1219	46.3391283861416	5	4	25	13	599	46.3391283861416	4	4	8	5
ARG213A	7	4	16	4	1847	42.196736269365	7	4	23	4	1310	1	3	1	4	0
THR211A	6	5	12	6	1201	912.369006215163	6	5	19	7	685	685	2	2	2	0
GLY154A	4	4	10	9	177	177	3	3	5	2	1	1	1	1	1	1
PRO153A	3	2	5	4	183	177	3	2	6	3	1	1	1	1	1	1
ILE162A	5	1	15	1	639	1	4	1	17	0	1	1	1	1	1	1
VAL173A	8	7	20	13	3389	1818.92904176626	8	7	27	15	992	1	2	1	3	0
THR253A	7	7	25	15	4129	2118.30862530711	5	5	22	13	3196	1631.9479470442	6	6	16	13
TYR236A	8	4	30	12	4409	906.196266354743	8	4	38	10	1948	825.243056741391	4	3	15	6
GLU271A	6	4	16	4	1455	366.586673996001	5	4	11	5	1365	249.924171737794	3	2	5	1
PRO250A	4	3	9	5	685	685	4	3	11	4	343	343	2	2	2	1
GLU204A	4	2	13	2	175	57.5514918375032	4	2	14	2	1	1	1	1	1	1
CYS124A	6	4	21	14	416	231.904870717848	5	3	23	10	1	1	1	1	1	1
CYS141A	8	6	26	10	687	281.373438436064	7	6	31	12	185	1	2	1	2	0
HIS233A	4	3	13	6	340	80.778238996541	3	2	11	3	186	42.9916473023617	3	2	3	1
THR140A	6	4	17	7	1433	699.130527228979	6	4	18	8	849	318.737071211737	3	2	4	2
ASP208A	4	4	7	5	863	635.630993784837	4	4	10	5	1	1	1	1	1	1
LEU265A	7	5	24	16	300	276	5	4	21	13	118	24.5896420488093	4	2	4	1
VAL197A	9	8	27	18	2697	1235.2509388944	7	6	25	14	36	36	3	3	6	3
VAL216A	9	9	24	20	1843	1715.7490611056	7	7	29	20	45	23	2	2	4	4
GLY187A	4	3	7	5	175	116.553678388606	3	2	8	4	1	1	2	2	2	1
LEU188A	5	2	12	4	175	38.997655580514	4	2	16	4	175	38.997655580514	3	2	3	2
ALA189A	5	4	16	7	1375	761.636126009594	5	4	22	7	605	1	2	1	2	0
ARG110A	6	5	17	12	1489	511.009634845326	6	5	25	15	1	1	1	1	1	1
GLY108A	9	8	24	12	993	754.742000580512	9	8	36	14	1	1	1	1	1	1
PRO142A	6	4	19	10	373	243	4	3	9	4	327	327	3	3	3	1
GLY226A	4	4	5	3	175	120.867387746611	3	3	3	1	1	1	1	1	1	1
SER227A	5	3	10	4	859	859	4	3	10	3	685	685	3	2	3	0
GLN192A	5	3	12	6	181	61.1267706260721	5	3	17	6	11	1	3	1	4	0
PRO190A	8	5	22	10	431	281.09936301059	8	5	34	12	1	1	1	1	1	1
ASN235A	6	5	17	6	1485	742.474340141749	5	4	17	5	1188	445.474340141749	4	3	9	3
LYS139A	6	1	19	1	785	1	5	1	20	0	1	1	1	1	1	1
ARG282A	8	6	19	12	2143	1366.73155550336	8	6	28	13	750	251.73903824971	2	2	4	4
PHE134A	7	5	24	11	366	127.642830546422	5	4	23	13	222	1	3	1	7	0
ARG158A	8	5	26	10	3310	1599.71862953264	6	5	18	9	1432	985.273709313359	4	2	8	2
GLU258A	6	4	25	12	2091	554.486180577283	5	3	20	8	2615	1026.1539481242	3	3	5	3
LYS164A	4	2	9	3	815	265.337497741793	4	2	10	3	1	1	1	1	1	1
GLU171A	3	1	9	1	175	1	3	1	11	0	175	1	2	1	3	0
VAL172A	6	6	15	13	1965	1965	6	6	22	13	1791	1791	4	4	4	0
GLY245A	8	8	19	14	1201	992	7	7	30	19	1	1	2	2	3	3
PRO152A	5	4	13	10	719	509.717979686674	5	4	17	12	543	509.717979686674	3	3	4	3
LEU194A	7	7	25	19	1055	794.917082509019	7	7	35	22	584	559.417082509019	4	4	13	7
MET246A	9	5	22	14	289	227.582917490981	9	5	41	14	134	103.582917490981	6	4	14	6
GLU224A	3	1	6	1	175	1	3	1	5	0	1	1	1	1	1	1
PRO191A	4	3	13	6	507	240.873229373928	4	3	17	6	1	1	1	1	1	1
THR256A	8	7	25	19	937	787	5	4	14	8	1211	605.572342562441	3	3	5	3
GLY262A	5	5	9	7	947	813.240110109357	5	5	16	8	1	1	1	1	1	1
PRO98A	5	5	12	5	531	427.784116514438	5	5	14	6	175	112.980852783803	2	2	1	1
VAL97A	2	2	4	4	175	63.0191472161975	2	2	4	4	175	63.0191472161975	2	2	1	1
ASP207A	4	4	12	11	175	19.1813000199792	3	3	11	10	175	19.1813000199792	4	4	6	5
LEU206A	6	4	21	11	138	36	4	3	16	8	1	1	2	1	3	0
GLN144A	8	5	23	7	2318	513.55889790736	5	4	14	7	457	457	2	2	4	2
GLN100A	4	2	10	4	1003	156.349625729917	4	2	8	3	516	156.349625729917	3	2	4	1
LEU252A	5	5	11	7	839	683.650374270083	4	4	10	5	481	325.650374270083	2	2	2	1
PRO219A	3	3	8	8	345	345	2	2	3	1	859	776.159008124666	3	3	3	2
VAL218A	8	8	23	19	1417	754.546768806593	6	6	23	19	595	123.840991875334	3	3	4	4
ILE254A	6	4	20	7	662	662	3	3	4	1	562	420.808996214407	3	3	7	5
ARG174A	4	2	13	3	175	1	4	2	15	2	1	1	2	2	2	0
ARG156A	5	3	18	6	405	210.142109420067	4	3	14	5	1	1	2	1	4	0
VAL217A	7	7	25	20	2525	2104.13520687782	5	5	18	13	1	1	1	1	1	1
ASN200A	4	2	14	7	273	112.356235200931	3	2	11	5	1	1	1	1	1	1
VAL272A	9	9	32	24	965	884.046790386648	5	5	22	16	939	939	5	5	17	8
GLN136A	6	4	23	7	917	438.5	6	4	29	7	192	1	2	1	6	0
ASP148A	5	3	13	8	175	49.2483645741619	5	3	22	11	1	1	1	1	1	1
SER149A	4	2	11	3	175	1	4	2	15	2	1	1	1	1	1	1
LEU130A	7	6	12	8	581	263.982386798544	6	6	17	11	1	1	1	1	1	1
SER127A	5	3	12	6	735	235.952342332351	5	3	18	7	1	1	1	1	1	1
LEU114A	3	3	8	6	175	124.819499305482	3	3	7	4	1	1	1	1	1	1
ALA276A	5	3	15	7	199	17.8546665808969	5	3	23	7	34	1.85466658089694	3	2	8	1
MET237A	6	3	20	5	2521	280.690280443051	6	3	25	5	1469	210.561894006301	4	2	10	2
ILE232A	5	4	20	16	176	101.384868235366	4	4	17	15	169	97.8848682353658	3	3	5	5
GLY266A	8	8	23	17	955	955	5	5	19	8	675	675	3	3	6	3
TYR103A	5	1	12	1	975	1	5	1	12	0	1	1	1	1	1	1
ALA159A	6	6	21	13	1732	979.876361460046	4	4	13	8	944	794.989267993565	5	5	10	4
TYR234A	5	2	17	5	1559	128.010732006434	4	2	12	3	1036	128.010732006434	4	2	8	4
THR125A	9	8	28	23	1998	1398.04083912146	7	6	34	21	1499	1248.26096175029	5	5	11	5
CYS275A	7	6	20	15	245	145.830341466008	7	6	31	20	166	116.63678692316	5	5	13	7
PRO151A	6	5	16	10	2545	1656.34919798342	6	5	23	12	2146	1408.73097741696	4	3	11	6
TYR220A	8	3	29	7	2459	1	8	3	40	6	1183	1	6	3	13	2
ALA161A	6	6	20	15	1854	794.680500215519	4	4	18	16	890	368.609541981779	2	2	4	4
LEU133A	8	7	29	19	371	328.495415574015	7	6	30	15	235	235	4	4	10	1
ASN131A	3	3	10	3	2873	2411.23509865564	3	3	10	3	1489	1489	2	2	6	1
PHE270A	8	3	25	7	6281	916.948317951499	7	3	28	7	4514	1	7	2	15	2
ARG280A	6	3	9	4	275	153.150778386538	6	3	15	5	1	1	1	1	1	1
ARG196A	7	4	24	8	1176	961.438105993699	6	4	24	7	1131	881.438105993699	5	3	9	3
GLU221A	3	1	8	1	379	1	3	1	9	0	1	1	1	1	1	1
GLU198A	5	3	13	6	1306	611.788588646513	4	3	10	6	1232	611.788588646513	3	3	5	3
SER260A	4	2	8	1	175	1	4	2	11	0	1	1	1	1	1	1
VAL157A	10	8	31	19	3173	2075.11513176463	8	6	33	15	871	746.115131764634	4	4	8	6
SER116A	4	2	10	5	189	16.6120242378418	4	2	11	5	89	16.6120242378418	3	2	2	1
ALA138A	4	4	14	6	175	104.87161356325	3	3	11	6	1	1	1	1	1	1
LEU137A	7	5	21	9	2005	1140.73593874592	7	5	36	13	1	1	1	1	1	1
GLY112A	5	5	16	12	1370	1076.78965607023	3	3	9	5	1	1	2	2	4	2
PHE113A	6	3	17	9	1514	1346	4	2	11	2	1346	1346	2	2	6	1
SER261A	5	1	8	1	175	1	5	1	15	0	1	1	1	1	1	1
ILE195A	6	5	24	13	2129	975.890458018221	6	5	24	12	1614	975.890458018221	5	5	12	9
LEU257A	6	5	25	13	1561	805.421871725841	6	5	31	15	1455	752.421871725841	4	3	8	4
PHE109A	7	2	26	4	1613	424	7	2	32	1	715	1	3	1	6	0
ASP259A	6	5	11	4	347	167.226238544054	6	5	18	7	1	1	1	1	1	1
LEU145A	7	7	27	19	244	131.5	6	6	29	17	155	87	4	4	10	5
TYR239A	7	2	24	4	183	29.2640612540842	7	2	43	4	38	1	3	1	8	0
SER185A	4	3	10	6	175	95	4	3	12	5	1	1	1	1	1	1
ASP186A	6	5	11	7	1045	798.44866603088	6	5	17	8	779	741.002344419486	3	3	3	1
ASN263A	4	3	7	4	435	55.773761455946	4	3	13	4	1	1	1	1	1	1
THR123A	6	6	16	9	413	305.313776632812	6	6	22	11	88	72.3879757621582	2	2	2	1
PRO278A	9	7	24	17	1655	953.507933390837	9	7	40	20	1268	692	7	5	13	1
TYR107A	4	2	15	3	219	34.2820203133257	4	2	17	3	126	34.2820203133257	2	2	2	2
GLY105A	7	7	16	13	429	429	6	6	21	11	1	1	2	2	3	1
LEU111A	9	7	26	19	4099	3473.74845632323	7	7	24	16	3812	3330.24845632323	4	4	11	4
VAL143A	6	6	19	15	369	266.5	4	4	12	8	88	88	2	2	3	1
HIS193A	8	7	22	13	3199	1776.11025500168	8	7	32	15	494	447.845744021861	3	3	6	6
GLU285A	6	4	18	7	669	127.69320477278	6	4	17	7	1	1	1	1	1	1
THR284A	3	3	9	6	175	175	3	3	10	5	1	1	1	1	1	1
ALA129A	3	3	8	8	1	1	1	1	1	1	1	1	1	1	1	1
CYS238A	10	6	32	12	2759	700.994506947164	10	6	59	20	1522	700.994506947164	6	4	16	7
ARG283A	3	3	8	6	175	20.8992546207764	3	3	9	6	1	1	1	1	1	1
GLY279A	5	5	17	13	521	442.592811988386	5	5	22	15	1	1	1	1	1	1
SER269A	3	1	7	1	175	1	2	1	2	0	175	1	3	1	4	0
SER215A	5	2	19	4	1161	281.726271645333	4	2	16	4	516	1	2	1	3	0
VAL147A	8	6	23	8	574	562	7	5	33	6	1	1	2	2	5	2
GLU286A	4	3	12	6	175	54.5306234006233	4	3	16	7	1	1	1	1	1	1
SER240A	4	3	18	11	379	255	4	3	20	9	255	255	3	3	6	2
ARG209A	3	1	4	1	175	1	3	1	6	0	1	1	1	1	1	1
ASN210A	4	2	7	1	521	175	4	2	10	0	1	1	1	1	1	1
CYS277A	5	3	14	3	261	14.1297434269228	5	3	23	4	4	3.14533341910306	3	2	6	1
ILE255A	8	4	32	13	3464	604.112906533519	5	2	22	3	2607	224.5	4	2	11	5
PHE212A	3	1	8	1	175	1	3	1	10	0	1	1	1	1	1	1
HIS214A	5	5	12	9	491	195.97295595816	5	5	16	11	338	42.9729559581596	4	4	7	5
THR155A	9	8	26	18	765	459.847150857199	8	8	32	20	712	430.847150857199	5	5	12	6
ASP268A	4	4	13	10	1493	1160.75154367677	3	3	11	10	815	482.751543676772	3	3	5	3
THR150A	3	3	8	5	647	275.88177943354	3	3	10	6	248	124.5	2	2	2	1
PRO223A	6	4	14	7	2071	1387	6	4	19	6	685	1	2	1	2	0
ILE251A	5	3	18	9	187	50.5	4	3	21	10	1	1	2	2	5	3
SER99A	4	4	8	4	203	86.0889780711749	4	4	8	3	203	86.0889780711749	4	4	4	2
PRO222A	6	3	14	2	915	374.5	6	3	20	2	248	124.5	3	2	6	1
HIS115A	4	3	12	5	175	88.5	4	3	15	6	2	2	2	2	2	1
VAL122A	7	6	19	13	1057	674.885510489126	7	6	27	15	1	1	2	1	6	0
ARG202A	4	2	5	1	521	175	4	2	7	0	345	1	2	1	2	0
LEU201A	2	1	3	1	175	1	2	1	3	0	1	1	1	1	1	1
LEU289A	2	2	6	5	175	84.5421302148269	2	2	5	5	1	1	1	1	1	1
ASP228A	4	2	13	3	175	1	4	2	13	2	147	1	3	2	6	1
GLN104A	3	1	12	1	479	1	3	1	13	0	1	1	1	1	1	1
GLY244A	5	5	12	11	477	288.675178808171	4	4	10	7	1	1	1	1	1	1
PRO177A	4	4	9	8	775	578.798935902753	3	3	10	8	1	1	1	1	1	1
THR102A	2	2	4	1	175	175	2	2	4	0	1	1	1	1	1	1
LYS132A	4	3	13	5	1172	812.739792943004	3	3	9	6	807	558.075828262206	2	2	2	1
MET160A	7	3	19	5	992	936	5	3	18	4	638	516	4	2	9	0
GLY199A	3	3	5	4	75	75	2	2	3	2	1	1	1	1	1	1
SER106A	2	1	6	1	1	1	1	1	1	1	1	1	1	1	1	1
MET243A	2	1	4	1	175	1	2	1	3	0	1	1	1	1	1	1
VAL225A	2	2	3	3	175	55.1326122533886	2	2	2	2	1	1	1	1	1	1
ASN247A	2	1	7	1	175	1	2	1	6	0	1	1	1	1	1	1
HIS178A	3	1	8	1	175	1	2	1	7	0	1	1	1	1	1	1
LYS101A	3	1	7	1	175	1	3	1	6	0	16	1	2	1	3	0
SER121A	2	2	6	5	175	55.4088112690492	2	2	6	5	1	1	1	1	1	1
SER241A	2	2	6	5	175	175	2	2	6	4	1	1	1	1	1	1
GLU180A	1	1	1	1	1	1	1	1	1	1	1	1	1	1	1	1
ARG248A	1	1	1	1	1	1	1	1	1	1	1	1	1	1	1	1
GLU287A	1	1	1	1	1	1	1	1	1	1	1	1	1	1	1	1
ASN288A	1	1	1	1	1	1	1	1	1	1	1	1	1	1	1	1
ARG290A	1	1	1	1	1	1	1	1	1	1	1	1	1	1	1	1
ARG181A	1	1	1	1	1	1	1	1	1	1	1	1	1	1	1	1
LYS291A	1	1	1	1	1	1	1	1	1	1	1	1	1	1	1	1
GLN165A	1	1	1	1	1	1	1	1	1	1	1	1	1	1	1	1
