Degree	Degree_sidechain	SecondOrderDegree	SecondOrderDegree_sidechain	NodeEdgeBetweennessSTRIDE	NodeEdgeBetweennessSTRIDE_sidechain	IntermodularDegreeSTRIDE	IntermodularDegreeSTRIDE_sidechain	SecondOrderIntermodularDegreeSTRIDE	SecondOrderIntermodularDegreeSTRIDE_sidechain	NodeEdgeBetweennessWALKTRAP	NodeEdgeBetweennessWALKTRAP_sidechain	IntermodularDegreeWALKTRAP	IntermodularDegreeWALKTRAP_sidechain	SecondOrderIntermodularDegreeWALKTRAP	SecondOrderIntermodularDegreeWALKTRAP_sidechain
CYS229A	5	4	15	9	1257	351.567254687155	5	4	14	9	678	351.567254687155	3	3	5	3
TRP146A	7	3	20	4	1846	1004.81847950086	5	3	15	4	2356	1004.81847950086	5	3	5	2
ARG273A	7	3	25	7	473	258.690633828309	5	3	13	6	617	1	4	1	7	0
ASP281A	4	3	15	7	189	45.7666126600883	3	3	8	6	1	1	1	1	1	1
ARG196A	7	5	24	11	1435	699.321113253539	6	5	24	15	1093	353.981843835871	4	3	10	6
ASP184A	4	4	13	8	561	108.278099444553	4	4	17	13	561	108.278099444553	4	4	7	6
CYS242A	7	5	19	8	151	77.6917636879519	5	4	22	11	130	69.5504275022355	3	3	8	6
HIS179A	7	5	20	10	2907	274.208954178675	7	5	26	11	2464	274.208954178675	5	4	13	9
GLN104A	4	3	13	8	175	48.4604657781128	3	3	12	9	1	1	1	1	1	1
GLY108A	8	7	19	9	1311	743.635865711189	7	6	27	12	1	1	1	1	1	1
ARG175A	7	6	20	12	3491	2919.48862515438	7	6	29	15	2850	2767.35746225422	4	4	8	6
GLY279A	8	8	25	21	278	259.970532863691	3	3	10	7	278	259.970532863691	3	3	7	5
THR118A	6	4	15	8	1731	639.929121079521	6	4	11	7	1341	633.302938156659	4	3	5	3
PRO128A	4	4	8	5	452	452	3	3	8	3	1	1	1	1	1	1
TYR126A	6	2	17	3	3437	1641	5	2	15	2	108	1	3	1	10	0
CYS176A	7	6	20	11	2360	910.790089942341	5	4	22	11	1770	1108.04414636689	5	5	12	9
ARG249A	7	6	19	11	5013	2324.64594995638	7	6	21	12	3072	1073.64594995638	5	4	8	4
GLU171A	3	2	9	5	188	50.92789178398	2	2	6	5	189	50.92789178398	3	2	6	3
THR230A	6	6	12	11	694	603.90402907871	5	5	9	6	833	761.459907129461	3	3	3	2
THR231A	6	6	19	17	729	729	3	3	7	5	562	72.5400928705385	2	2	2	2
ARG283A	4	4	11	8	297	213.133928783098	2	2	5	3	297	213.133928783098	2	2	3	2
TYR163A	4	3	16	9	1725	72.9819595198294	4	3	18	9	1725	72.9819595198294	4	3	11	5
SER241A	3	3	10	5	1	1	1	1	1	1	1	1	1	1	1	1
TYR239A	6	1	22	1	409	1	4	1	20	0	190	1	3	1	5	0
ARG213A	9	7	19	12	2039	481.119534444818	9	7	25	11	1073	1	4	2	7	1
THR211A	6	5	14	9	741	741	3	2	11	6	741	741	2	2	3	1
GLN165A	4	4	7	5	933	252.709666744897	4	4	7	5	1	1	1	1	1	1
GLN167A	4	3	5	3	375	316.072119392064	2	2	3	3	1	1	1	1	1	1
GLY154A	5	5	15	12	227	227	4	4	14	9	1	1	2	2	4	2
PRO153A	3	2	6	4	1	1	1	1	1	1	1	1	1	1	1	1
ILE162A	6	2	22	3	3387	414.561653265278	5	2	20	3	1	1	1	1	1	1
VAL173A	8	8	19	18	2084	1832.77587180436	6	6	22	17	1564	1112.17447109493	4	4	7	5
THR253A	7	7	30	15	1431	727.057009675004	5	5	23	11	1	1	1	1	1	1
TYR236A	9	4	34	10	1973	338.669286442193	9	4	40	8	417	1	2	1	4	0
ARG156A	8	4	27	10	111	42.6375813893931	6	3	26	5	111	42.6375813893931	5	3	9	4
VAL217A	7	7	23	19	2231	1288.55999931797	5	5	19	12	2043	1100.55999931797	4	4	13	9
GLU271A	6	4	17	5	6003	2397.62026828592	5	4	13	6	3548	2397.62026828592	4	4	4	3
PRO250A	5	4	13	8	4331	2192.21821386304	5	4	16	9	3727	1781	3	2	7	3
ALA203A	8	7	22	17	188	64.7685095743481	6	5	25	17	2	1	2	1	3	0
GLU204A	5	2	19	3	189	1	5	2	20	2	1	1	2	2	4	2
CYS124A	7	5	25	16	361	267.51117749886	6	4	20	11	293	114.921416023769	5	3	17	9
CYS141A	8	7	25	14	1060	653.827505105334	5	5	22	14	853	695.534548480887	5	5	8	5
ALA129A	4	4	8	8	2	1.5	2	2	2	2	1	1	1	1	1	1
HIS233A	3	2	7	5	170	1	2	1	2	0	1	1	1	1	1	1
THR140A	5	4	14	8	507	323.055104528994	3	3	4	2	338	154.055104528994	2	2	2	2
CYS238A	10	6	32	13	2105	755.309192191033	9	5	46	15	612	279.309192191033	5	4	14	9
MET246A	9	5	24	12	1103	506.61775051793	8	5	34	12	291	255.61775051793	5	3	9	4
PRO142A	7	5	21	12	716	42.2014283474064	4	3	9	5	1	1	1	1	1	1
ASP208A	4	4	6	4	1	1	1	1	1	1	1	1	1	1	1	1
LEU264A	6	6	16	14	1671	1062.5	3	3	5	2	412	106.493152107525	2	2	4	1
LEU265A	8	5	25	16	417	403	6	4	26	10	417	306.506847892475	5	2	8	1
GLY187A	4	4	7	5	191	22.5732613046558	3	3	5	3	3	3	2	2	3	1
LEU188A	6	2	17	7	189	2	4	2	10	4	189	2	4	2	4	0
ALA189A	6	6	17	11	2230	1526.25104188667	4	4	14	9	2230	1526.25104188667	4	4	9	6
TYR205A	7	4	28	15	4637	1096.71375116629	7	4	28	13	4637	1096.71375116629	5	3	13	6
ARG110A	7	5	16	11	1505	1153.68155614142	7	5	22	12	781	781	2	2	4	2
GLN192A	6	3	12	6	299	1	4	1	7	0	111	1	2	1	3	0
PRO190A	7	5	20	12	1396	1396	2	2	6	3	1991	1915.80198838981	3	3	6	4
VAL143A	7	6	19	14	426	272	5	4	13	8	78	78	2	2	3	1
GLY266A	8	8	22	17	317	275.460823923802	5	5	18	9	6	6	3	3	8	2
ARG282A	8	6	22	12	3043	1883.91862222115	6	5	23	11	1533	510.918622221153	3	3	9	7
PHE134A	6	5	21	11	256	138	5	4	20	12	119	1	2	1	6	0
ARG158A	8	6	23	10	4163	2598.29888679142	5	5	15	9	4443	2598.29888679142	6	5	11	7
GLU258A	6	3	21	8	2455	515.764445707463	5	3	19	6	3352	431.372553579787	3	2	7	4
LYS164A	4	2	12	3	189	108.397419244755	4	2	12	3	143	108.397419244755	2	2	3	3
LEU252A	6	6	17	10	9517	9391.6908395123	5	5	15	7	518	392.690839512303	2	2	3	2
SER269A	4	1	8	1	3661	1	3	1	7	0	1759	1	3	1	4	0
MET237A	8	5	23	9	1331	288.909574891903	7	5	27	14	1	1	2	2	3	3
PRO152A	5	4	13	9	547	160.602384391023	4	4	16	11	136	104.797435538314	3	3	4	2
LEU194A	7	7	27	23	263	205.88224948207	7	7	35	25	65	36.38224948207	2	2	4	2
VAL216A	9	9	26	20	1748	1686.63197040601	7	7	31	21	1604	1603	5	5	9	5
GLY262A	5	5	9	6	887	802.608107872325	3	3	7	4	1	1	1	1	1	1
PRO98A	6	5	19	8	2087	1800.88046555518	5	4	18	8	1	1	1	1	1	1
VAL97A	6	5	14	8	227	139.219773129571	5	4	16	4	51	51	2	2	4	1
GLN144A	7	5	17	8	2251	459.34102953906	4	4	8	7	353	63.6142658119881	2	2	2	2
GLN100A	4	3	11	6	661	197.809160487697	3	3	8	6	871	197.809160487697	4	3	8	2
PRO219A	3	3	6	6	188	99.830920506026	2	2	1	1	561	378.159332649893	3	3	3	3
VAL218A	7	7	19	14	1437	738.245681031931	5	5	20	14	520	168.671587856133	3	3	6	5
THR256A	6	6	19	18	1354	651.039176076198	3	3	6	6	2895	2895	3	3	6	1
ILE232A	7	5	27	17	1517	469.66387705156	5	4	22	13	1220	367.896931239994	5	4	13	6
TYR234A	6	4	25	11	1805	148.277714786371	5	3	20	5	909	1	4	2	9	3
ARG174A	4	3	14	6	154	39.4190213247873	3	3	7	4	243	39.4190213247873	3	2	6	3
ASN247A	4	1	9	1	191	1	3	1	5	0	1	1	1	1	1	1
MET243A	5	2	8	1	3	3	4	2	6	0	1	1	2	1	3	0
MET169A	6	3	14	3	194	72.5	5	3	17	3	199	72.5	5	2	9	2
ASN200A	5	2	15	6	717	228.485809393721	4	2	13	4	1	1	1	1	1	1
VAL197A	10	8	31	22	3287	1844.86802959399	9	7	35	18	2688	1664	5	4	14	6
ILE255A	9	5	31	15	4007	896.666780601837	6	3	24	5	4227	1	5	1	13	0
VAL272A	8	7	31	18	167	103.819089394215	4	3	17	7	537	537	2	2	3	0
VAL274A	11	10	32	23	3035	2829.1632966213	9	8	40	21	348	171.727356216036	5	4	8	1
LEU130A	7	6	13	9	1001	718.883724019938	6	6	16	11	1	1	1	1	1	1
SER127A	5	3	12	6	473	238.199675970273	5	3	14	6	1	1	1	1	1	1
LEU114A	3	3	10	7	217	128.798571652594	3	3	6	5	1	1	1	1	1	1
ALA276A	5	3	14	6	146	1	3	1	13	0	105	1	2	1	3	0
GLN136A	6	4	21	6	1671	278.897496845458	6	4	23	3	807	248.003179082457	4	3	9	2
TYR103A	5	1	12	1	759	1	4	1	11	0	233	1	2	1	2	0
ALA159A	6	6	23	16	405	180.055504611792	4	4	15	10	283	282	3	3	9	8
THR125A	9	8	29	23	1697	1078.76039784033	7	6	29	19	1370	1012.52722893863	7	6	18	8
CYS275A	7	7	20	15	501	338.815397295566	5	5	22	17	46	21.2726437839638	2	2	4	3
LEU133A	6	6	23	17	403	359.427466693652	6	6	26	15	242	198.427466693652	5	5	16	11
ALA161A	7	7	22	17	745	329.129367110397	5	5	21	19	1	1	1	1	1	1
ASP207A	4	3	10	9	153	24.8009073833322	3	3	9	9	189	24.8009073833322	4	3	7	5
HIS193A	7	7	17	12	428	353.773959206913	6	6	19	12	731	189.942963982925	3	3	5	4
ASN131A	4	3	12	3	3399	1759	4	3	13	2	1759	1759	3	3	5	0
PHE270A	9	3	23	7	10189	348.454614488588	8	3	31	7	4730	1	4	1	6	0
GLY244A	4	4	10	8	373	147.987695602314	3	3	6	6	191	70.8803550714209	2	2	3	3
GLY245A	7	7	20	15	2621	1853.89265946911	5	5	16	13	1	1	1	1	1	1
PRO223A	5	5	9	9	1002	670.09597092129	4	4	11	8	1	1	1	1	1	1
GLU221A	3	2	6	1	272	1	2	1	4	0	357	10.967493776014	3	2	3	1
LYS132A	4	3	12	5	2418	1704.85845253693	3	3	8	6	1460	1043.98231246933	2	2	3	3
GLU198A	5	3	12	3	526	219.853343959785	4	3	11	3	526	219.853343959785	3	3	2	2
ASP228A	4	2	9	2	1299	559	4	2	9	1	741	1	2	1	4	0
ASN235A	2	2	4	2	189	154.091551511221	2	2	3	2	189	154.091551511221	2	2	2	2
PRO191A	4	3	15	6	1346	1	2	1	6	0	1346	1	2	1	3	0
ALA138A	4	4	13	9	193	128.619992790269	3	3	8	5	1	1	1	1	1	1
LEU137A	7	6	27	13	979	619	6	5	33	11	124	124	2	2	2	0
GLY112A	5	5	13	10	1805	1456.27323627293	3	3	7	5	1	1	1	1	1	1
PHE113A	4	2	13	3	2210	2035	3	2	11	2	2035	2035	2	2	3	0
HIS214A	5	5	12	9	477	293.006112084967	5	5	12	9	281	240.035118919144	4	4	6	3
ILE251A	6	5	23	18	189	72	6	5	25	16	1	1	2	2	4	2
VAL172A	5	5	17	16	521	521	4	4	11	7	999	784.825528905071	3	3	6	4
SER261A	5	1	8	1	1	1	2	1	3	0	1	1	1	1	1	1
ILE195A	6	5	25	13	633	241.594761085246	6	5	25	12	276	1	2	1	4	0
LEU257A	9	7	26	16	1842	1012.19743569503	8	7	38	20	1593	941.197435695029	4	4	12	6
PHE109A	7	2	28	5	1385	115	7	2	31	2	748	115	5	2	11	0
ASP259A	6	5	12	4	496	118.109978496155	3	2	8	2	1	1	1	1	1	1
LEU145A	6	6	23	17	502	301.233054188434	5	5	21	14	82	44.5	3	3	8	4
SER96A	3	2	9	4	189	1.7802268704287	3	2	12	3	1	1	1	1	1	1
ASP148A	4	3	11	8	189	47.2221123692743	4	3	17	9	1	1	1	1	1	1
ILE254A	7	4	25	8	1575	1161.43834673472	4	4	10	5	1	1	1	1	1	1
ASP186A	5	4	9	7	925	719.417801412397	4	3	8	4	925	719.417801412397	3	3	6	4
ASN263A	4	3	7	4	483	51.890021503845	4	3	5	1	1	1	1	1	1	1
PRO222A	4	2	7	1	1	1	2	1	4	0	86	76.032506223986	2	2	2	1
THR123A	6	5	19	12	290	146.996820917543	4	3	18	6	290	146.996820917543	4	3	12	4
TYR107A	5	2	14	3	125	32.2025644616862	4	2	11	3	122	32.2025644616862	2	2	2	2
VAL122A	9	7	24	18	352	245.080917107949	6	5	22	10	75	63.0294671363094	5	4	13	4
GLY105A	7	7	17	13	641	641	6	6	18	9	233	233	3	3	5	1
VAL157A	9	8	29	23	1259	707.603068760006	7	6	28	17	874	376.603068760006	5	4	13	5
LEU111A	7	6	21	14	5616	5410.35616459611	6	6	22	13	5455	5329.85616459611	4	4	9	2
PRO278A	10	8	27	22	1088	711	9	7	30	12	837	585	6	5	18	8
GLU285A	6	4	18	7	1481	298.123859932399	5	4	15	7	1	1	1	1	1	1
THR284A	4	4	7	4	1	1	1	1	1	1	1	1	1	1	1	1
CYS135A	5	4	26	15	465	107.797910296888	5	4	28	14	377	78.2338507021537	3	2	9	4
CYS182A	6	4	9	6	517	507.775928160605	3	3	8	5	189	1	2	1	1	0
SER183A	2	2	4	4	1	1	1	1	1	1	189	189	2	2	1	0
CYS220A	7	4	20	10	451	42	5	3	26	9	140	25	3	2	7	1
THR155A	9	8	25	18	2011	1422.99761545226	9	8	36	21	1367	1053.80256430497	5	5	12	7
SER185A	3	3	5	5	189	169.426738695344	3	3	5	4	1	1	1	1	1	1
VAL147A	7	5	19	7	579	579	6	4	24	4	511	511	2	2	4	2
HIS168A	4	3	9	7	189	97.4441987398118	3	2	9	5	189	97.4441987398118	2	2	4	3
GLU286A	4	3	13	6	47	24.3208265730981	3	2	9	2	1	1	1	1	1	1
HIS178A	5	2	12	3	74	10.2240718393954	3	2	8	2	116	1	2	1	4	0
ALA119A	4	3	11	4	375	375	2	2	5	3	1	1	1	1	1	1
LYS120A	2	1	3	1	1	1	1	1	1	1	1	1	1	1	1	1
CYS277A	6	3	13	3	86	1	2	1	8	0	1	1	1	1	1	1
ARG280A	4	1	10	1	1	1	1	1	1	1	1	1	1	1	1	1
PHE212A	3	1	7	1	189	1	2	1	3	0	1	1	1	1	1	1
ARG267A	5	4	12	7	279	247.129224501287	3	3	3	1	177	145.129224501287	2	2	3	3
LYS101A	3	1	7	1	103	1	2	1	2	0	87	1	2	1	3	0
PRO151A	6	4	13	4	563	144.498756953903	6	4	19	4	373	25	4	2	8	1
THR150A	2	2	5	3	189	71.5012430460973	2	2	5	3	1	1	1	1	1	1
LYS139A	4	2	13	3	80	18.105682236999	3	2	7	3	126	1	2	1	4	0
ASP268A	4	4	13	9	189	126.143835403886	3	3	11	9	189	126.143835403886	3	3	5	3
SER99A	5	4	11	5	221	32.8707754987133	3	2	5	2	473	328.870775498713	4	4	5	3
SER149A	4	2	11	2	189	4	4	2	13	1	1	1	1	1	1	1
LEU206A	5	3	15	7	223	44.083097159969	4	2	13	4	163	80.083097159969	3	3	8	6
GLY117A	4	4	11	8	331	185.206480104261	3	3	11	8	145	145	2	2	2	0
SER116A	3	1	9	1	45	1	2	1	5	0	189	1	3	1	5	0
SER240A	4	3	18	11	189	157	4	3	19	9	157	157	3	3	7	3
SER215A	6	3	19	7	775	227.047881761458	5	3	15	5	450	227.047881761458	3	2	9	4
ARG248A	3	3	6	2	189	189	3	3	5	1	1	1	1	1	1	1
ARG202A	3	2	7	2	188	89.169079493974	2	2	1	1	188	89.169079493974	2	2	2	2
ASN210A	3	1	7	1	1	1	1	1	1	1	1	1	1	1	1	1
PRO177A	5	5	12	9	191	121.119644928579	3	3	5	3	565	400.006924689745	4	4	6	5
SER166A	2	2	3	2	1	1	1	1	1	1	1	1	1	1	1	1
LEU289A	3	3	8	7	189	69.0957734366906	3	3	6	6	1	1	1	1	1	1
MET160A	6	2	18	3	441	326	4	2	13	2	1	1	1	1	1	1
THR102A	2	2	4	1	1	1	1	1	1	1	1	1	1	1	1	1
GLY199A	3	3	6	4	282	282	2	2	3	1	1	1	1	1	1	1
GLY226A	3	3	2	1	375	276.97001335691	2	2	2	1	1	1	1	1	1	1
SER227A	3	2	4	2	933	99.0299866430895	3	2	4	1	1	1	1	1	1	1
ASN288A	2	2	3	3	1	1	1	1	1	1	1	1	1	1	1	1
SER106A	2	1	6	1	189	1	2	1	5	0	1	1	1	1	1	1
SER260A	4	2	9	1	22	1	2	1	3	0	1	1	1	1	1	1
THR170A	5	4	12	7	183	88	3	2	12	3	7	7	3	3	6	2
SER121A	3	2	10	7	1	1	1	1	1	1	1	1	1	1	1	1
VAL225A	2	2	2	2	1	1	1	1	1	1	1	1	1	1	1	1
GLU180A	2	2	5	3	189	189	2	2	3	0	1	1	1	1	1	1
ARG209A	2	1	3	1	1	1	1	1	1	1	1	1	1	1	1	1
HIS115A	1	1	1	1	1	1	1	1	1	1	1	1	1	1	1	1
ARG181A	1	1	1	1	1	1	1	1	1	1	1	1	1	1	1	1
LEU201A	1	1	1	1	1	1	1	1	1	1	1	1	1	1	1	1
GLU224A	1	1	1	1	1	1	1	1	1	1	1	1	1	1	1	1
GLU287A	1	1	1	1	1	1	1	1	1	1	1	1	1	1	1	1
ARG290A	1	1	1	1	1	1	1	1	1	1	1	1	1	1	1	1
LYS291A	1	1	1	1	1	1	1	1	1	1	1	1	1	1	1	1
