Degree	Degree_sidechain	SecondOrderDegree	SecondOrderDegree_sidechain	NodeEdgeBetweennessSTRIDE	NodeEdgeBetweennessSTRIDE_sidechain	IntermodularDegreeSTRIDE	IntermodularDegreeSTRIDE_sidechain	SecondOrderIntermodularDegreeSTRIDE	SecondOrderIntermodularDegreeSTRIDE_sidechain	NodeEdgeBetweennessWALKTRAP	NodeEdgeBetweennessWALKTRAP_sidechain	IntermodularDegreeWALKTRAP	IntermodularDegreeWALKTRAP_sidechain	SecondOrderIntermodularDegreeWALKTRAP	SecondOrderIntermodularDegreeWALKTRAP_sidechain
CYS229A	-0.140712445377757	0.0240729886457276	0.0782851527796215	0.276512288392977	0.465636616519928	0.300646100184429	0.494613308886965	0.502817220594251	0.186406042709473	0.672803449305908	-0.594111427880749	-0.549336496063183	-1.03087018078514	-0.891461500814881	-0.871759820300479	-0.594423391905884
TRP146A	0.753492449442183	0.0240729886457276	0.784644317554527	-0.383765539648434	0.14647734060719	-0.182109317016728	0.494613308886965	0.502817220594251	0.0852435346825687	0.13979160139734	0.339093586269527	-0.329144761383959	0.12959510844156	-0.168754028960842	-0.22794844410856	-0.594423391905884
GLY105A	0.306390002032213	0.972548741287394	-0.274894429607831	-0.0536266256277286	-0.164991350343795	0.438815700664784	0.996875277189707	1.66817007303034	0.287568550736376	0.13979160139734	-0.32804039659262	-0.0572990728709926	-0.450637536171788	-0.168754028960842	-0.871759820300479	-0.895455289606294
SER106A	-1.48201978760767	-1.39864064031677	-1.2167066493077	-1.2091128247002	-0.680260542781227	-0.713999276137316	-1.01217259602126	-1.24521205805988	-0.825219037559566	-1.10390271038932	-0.594111427880749	-0.549336496063183	-1.03087018078514	-0.891461500814881	-0.871759820300479	-0.594423391905884
CYS242A	0.753492449442183	0.498310864966561	0.431464735167074	0.111442831382624	-0.594702785081728	-0.467383631014966	0.494613308886965	0.502817220594251	1.09686861495161	1.20581529721448	-0.339778824443567	-0.279586099864134	0.12959510844156	0.553953442893198	0.415862932083359	1.21176799429657
HIS179A	1.20059489685215	0.972548741287394	0.431464735167074	0.111442831382624	0.879005558214137	-0.368023980147953	1.49913724549245	1.08549364681229	1.60268115508613	1.383485913184	0.992532736638902	-0.158996007521442	1.8702930422816	1.99936838660128	1.22062715232326	2.1148636873978
ARG175A	0.753492449442183	0.972548741287394	0.431464735167074	0.936790116434387	1.71535667280475	2.79920013543421	1.49913724549245	1.66817007303034	1.19803112297851	1.02814468124495	1.34468557216731	3.03602443322697	0.709827753054908	1.27666091474724	0.254910088035379	0.910736096596163
CYS141A	1.20059489685215	0.0240729886457276	0.902370845017011	-0.0536266256277286	1.86243911019827	3.0953846331076	-0.50991062771852	-0.0798592056237926	-0.218243989398143	-0.0378790145721825	2.84231332548395	2.02278440053179	0.709827753054908	-0.168754028960842	0.415862932083359	-0.293391494205475
TYR236A	1.20059489685215	0.0240729886457276	1.7264565372544	0.771720659424034	2.16525589306728	-0.312375343886743	2.00139921379519	0.502817220594251	2.10849369522065	0.85047406527543	-0.0785988047599991	-0.124565552529046	0.12959510844156	0.553953442893198	0.415862932083359	0.609704198895753
ALA119A	0.306390002032213	0.0240729886457276	0.0782851527796215	-0.0536266256277286	-0.705254943906924	-0.534743707933296	-0.00764865941577799	-0.662535631841836	-0.521731513478855	-0.926232094419795	-0.586285809313451	-0.549336496063183	-0.450637536171788	-0.891461500814881	-0.38890128815654	-0.895455289606294
ARG283A	-0.140712445377757	0.498310864966561	-0.392620957070315	0.111442831382624	-0.836956211376939	-0.681932100148384	-0.00764865941577799	0.502817220594251	-0.521731513478855	-0.748561478450273	-0.381841524242793	-0.366313487099114	1.29006039766826	1.99936838660128	0.0939572439873994	0.308672301195344
PRO128A	-0.140712445377757	0.498310864966561	-0.510347484532799	-0.218696082638081	-0.506261058021572	-0.133835188724929	-0.00764865941577799	0.502817220594251	0.0852435346825687	0.317462217366863	-0.594111427880749	-0.549336496063183	-1.03087018078514	-0.891461500814881	-0.871759820300479	-0.594423391905884
TYR126A	0.753492449442183	-0.924402763995939	0.666917790092043	-0.878973910679491	1.02704931872788	-0.252231941896697	0.996875277189707	-0.662535631841836	0.591056074817088	-0.748561478450273	-0.594111427880749	-0.549336496063183	-0.450637536171788	-0.891461500814881	-0.54985413220452	-0.895455289606294
CYS176A	0.753492449442183	0.972548741287394	0.431464735167074	0.276512288392977	1.14433073939461	0.512695618544401	1.49913724549245	1.66817007303034	1.19803112297851	1.20581529721448	1.02774802019174	0.821442047738333	1.29006039766826	1.99936838660128	0.898721464227298	1.81383178969739
ARG249A	0.753492449442183	0.972548741287394	0.196011680242106	0.441581745403329	3.66876525308994	3.4181616347406	1.49913724549245	1.66817007303034	0.793381090870896	1.02814468124495	3.01154232700176	2.71889618965134	1.29006039766826	1.27666091474724	0.0939572439873994	0.308672301195344
GLU171A	-1.48201978760767	-0.924402763995939	-1.09898012184522	-0.548834996658786	-0.680260542781227	-0.632568626879969	-1.01217259602126	-0.662535631841836	-0.724056529532662	-0.215549630541705	-0.415100403153809	-0.457463810984647	-0.450637536171788	-0.168754028960842	-0.38890128815654	0.0076404034949343
TYR205A	1.64769734426212	0.0240729886457276	1.49100348232943	0.936790116434387	4.19172503048912	1.3263345322574	2.00139921379519	0.502817220594251	1.70384366311303	0.85047406527543	4.61090312169327	1.75263391855714	2.45052568689495	0.553953442893198	2.83015559280306	1.21176799429657
VAL203A	0.753492449442183	1.44678661760823	0.784644317554527	1.5970679444758	-0.0957760856880207	0.0559415507089866	0.996875277189707	1.66817007303034	1.40035613903232	2.27183899303161	0.173777394035359	0.308481812923942	0.709827753054908	1.27666091474724	1.86443852851518	2.71692748279862
LYS101A	-1.0349173401977	-1.39864064031677	-0.745800539457768	-1.2091128247002	-0.69852568206539	-0.713999276137316	-1.01217259602126	-1.24521205805988	-1.02754405361337	-1.10390271038932	-0.594111427880749	-0.549336496063183	-1.03087018078514	-0.891461500814881	-0.871759820300479	-0.594423391905884
SER99A	-0.140712445377757	0.0240729886457276	-0.157167902145347	-0.383765539648434	-0.664879372857722	-0.651430118459623	-0.50991062771852	-0.662535631841836	-0.724056529532662	-0.748561478450273	-0.516833444528682	-0.406428568003686	-0.450637536171788	-0.168754028960842	-0.54985413220452	-0.594423391905884
THR230A	0.306390002032213	0.972548741287394	-0.392620957070315	0.441581745403329	-0.748514484316783	-0.572860828600679	0.494613308886965	1.08549364681229	-0.420569005451951	-0.0378790145721825	-0.594111427880749	-0.549336496063183	-1.03087018078514	-0.891461500814881	-0.871759820300479	-0.594423391905884
THR231A	0.306390002032213	0.972548741287394	0.196011680242106	1.10185957344474	-0.729288021912401	-0.502355914610366	-0.50991062771852	-0.0798592056237926	-0.622894021505759	-0.215549630541705	-0.594111427880749	-0.549336496063183	-1.03087018078514	-0.891461500814881	-0.871759820300479	-0.594423391905884
ASN235A	-0.140712445377757	0.498310864966561	-0.157167902145347	0.111442831382624	-0.279388801649867	-0.0194249299329	-0.00764865941577799	0.502817220594251	-0.218243989398143	-0.215549630541705	-0.243914996994167	-0.203463904583646	-0.450637536171788	-0.168754028960842	-0.38890128815654	-0.293391494205475
GLU198A	0.306390002032213	-0.450164887675106	0.196011680242106	-0.218696082638081	1.63845082318722	1.31785985834621	0.494613308886965	-0.0798592056237926	-0.218243989398143	-0.215549630541705	4.09636870089344	1.74307251809568	1.29006039766826	0.553953442893198	1.22062715232326	0.308672301195344
ARG213A	1.20059489685215	0.972548741287394	0.431464735167074	0.441581745403329	2.02298007127485	0.68092287938122	2.00139921379519	1.66817007303034	0.591056074817088	0.672803449305908	-0.594111427880749	-0.549336496063183	0.12959510844156	0.553953442893198	-0.22794844410856	-0.293391494205475
THR211A	0.306390002032213	0.498310864966561	-0.157167902145347	-0.0536266256277286	-0.164030027223576	0.440419059464231	-0.50991062771852	-0.662535631841836	-0.319406497425047	-0.215549630541705	-0.594111427880749	-0.549336496063183	-1.03087018078514	-0.891461500814881	-0.871759820300479	-0.594423391905884
ARG156A	-0.587814892787727	-0.924402763995939	-0.0394413746828627	-0.383765539648434	-0.671608634699256	-0.590838987317083	-0.50991062771852	-0.662535631841836	-0.622894021505759	-0.393220246511228	-0.35445185925725	-0.410383085619364	0.12959510844156	-0.168754028960842	0.737768620179318	0.0076404034949343
VAL217A	0.753492449442183	1.44678661760823	1.13782389994198	1.9272068584965	0.845359249006469	1.38605697345027	0.494613308886965	1.08549364681229	0.489893566790184	1.02814468124495	0.307791112000335	0.0602087220297114	0.709827753054908	1.27666091474724	1.38157999637124	2.71692748279862
ILE162A	0.306390002032213	-0.450164887675106	0.784644317554527	-0.548834996658786	1.07703812097927	-0.310744442986433	0.494613308886965	-0.0798592056237926	0.287568550736376	-0.0378790145721825	0.702006647327967	-0.0943713861156407	0.12959510844156	-0.168754028960842	-0.54985413220452	-0.293391494205475
VAL173A	1.64769734426212	2.39526237024989	1.13782389994198	1.9272068584965	1.97106862278302	3.66960604866422	1.49913724549245	2.25084649924838	1.60268115508613	2.62718022497066	2.35614677199056	3.38488441017693	1.29006039766826	1.99936838660128	0.576815776131339	0.609704198895753
THR253A	0.753492449442183	1.44678661760823	1.49100348232943	1.5970679444758	0.050345028585281	0.076927533298341	0.494613308886965	1.08549364681229	0.8945435988978	1.383485913184	0.0123740110848391	0.0633317596700375	0.709827753054908	1.27666091474724	0.254910088035379	1.21176799429657
GLU271A	0.306390002032213	0.0240729886457276	0.196011680242106	-0.713904453669139	2.59881262028609	2.17502955917023	0.494613308886965	0.502817220594251	-0.218243989398143	-0.215549630541705	2.25245732597387	2.71015902300357	0.709827753054908	1.27666091474724	-0.22794844410856	0.0076404034949343
PRO250A	-0.587814892787727	-0.450164887675106	-0.628074011995284	-0.383765539648434	1.9999083163896	1.7825211584946	-0.00764865941577799	-0.0798592056237926	-0.117081481371239	0.13979160139734	2.13311664282257	2.03385997569582	0.12959510844156	-0.168754028960842	0.0939572439873994	0.0076404034949343
ALA276A	-0.140712445377757	-0.450164887675106	0.196011680242106	0.111442831382624	-0.686028481502542	-0.713999276137316	-0.50991062771852	-1.24521205805988	-0.0159189733443352	-1.10390271038932	-0.531506479342366	-0.547380394564081	0.12959510844156	-0.168754028960842	0.737768620179318	-0.293391494205475
CYS275A	0.753492449442183	1.44678661760823	0.666917790092043	1.43199848746544	-0.542791336589898	-0.420035594997603	0.494613308886965	1.08549364681229	0.692218582843992	1.91649776109257	-0.389667142810091	-0.310264690548745	0.709827753054908	1.27666091474724	1.22062715232326	2.41589558509821
ALA129A	-1.0349173401977	-0.450164887675106	-0.981253594382736	-0.218696082638081	-0.856182673781321	-0.713999276137316	-1.51443456432401	-1.24521205805988	-1.22986906966718	-0.926232094419795	-0.594111427880749	-0.549336496063183	-1.03087018078514	-0.891461500814881	-0.871759820300479	-0.594423391905884
HIS233A	-0.587814892787727	-0.450164887675106	-0.392620957070315	-0.383765539648434	-0.568747060835813	-0.343927437568886	-0.50991062771852	-0.0798592056237926	-0.521731513478855	-0.393220246511228	-0.30162893392799	-0.131809510937683	0.12959510844156	0.553953442893198	0.254910088035379	0.609704198895753
THR140A	0.753492449442183	0.498310864966561	0.549191262629558	-0.0536266256277286	2.3777083026357	0.762274700627996	0.494613308886965	-0.0798592056237926	0.0852435346825687	-0.393220246511228	3.41749629018034	1.6288038214039	1.29006039766826	1.27666091474724	1.22062715232326	1.21176799429657
CYS182A	-0.140712445377757	0.0240729886457276	-0.510347484532799	0.441581745403329	-0.680260542781227	-0.420584615838589	-0.50991062771852	-0.0798592056237926	-0.117081481371239	0.495132833336385	-0.594111427880749	-0.549336496063183	-0.450637536171788	-0.168754028960842	-0.54985413220452	0.0076404034949343
CYS238A	2.09479979167209	0.972548741287394	1.84418306471688	0.936790116434387	1.89800806564637	0.796305087433532	2.50366118209793	1.08549364681229	3.4236062995704	1.91649776109257	0.358657632687772	0.326133412019369	1.29006039766826	1.27666091474724	1.54253284041922	2.1148636873978
MET246A	2.09479979167209	0.498310864966561	1.37327695486695	0.606651202413682	0.202234081579897	0.192497921510205	2.50366118209793	1.08549364681229	2.51314372732826	1.02814468124495	-0.265435448054237	0.0302074087482027	1.8702930422816	0.553953442893198	1.05967430827528	0.308672301195344
VAL216A	1.64769734426212	2.39526237024989	0.902370845017011	1.9272068584965	1.09914855274431	2.24900778523999	1.49913724549245	2.25084649924838	1.60268115508613	2.44950960900113	1.22241028205328	2.47343752656237	1.8702930422816	2.72207585845532	2.83015559280306	3.62002317589985
CYS124A	1.64769734426212	0.498310864966561	0.902370845017011	0.276512288392977	2.50171898514396	2.18004922807767	0.996875277189707	0.502817220594251	0.38873105876328	-0.0378790145721825	2.8227492790657	2.71582237537689	1.8702930422816	1.27666091474724	1.86443852851518	1.51279989199698
PRO142A	0.753492449442183	0.498310864966561	0.666917790092043	0.276512288392977	0.221460543984279	0.0430646354377133	-0.00764865941577799	-0.0798592056237926	-0.420569005451951	-0.215549630541705	2.44516318319358	3.79154577569209	0.709827753054908	1.27666091474724	0.898721464227298	1.21176799429657
ASP208A	-0.587814892787727	0.0240729886457276	-1.09898012184522	-0.713904453669139	-0.856182673781321	-0.713999276137316	-1.51443456432401	-1.24521205805988	-1.22986906966718	-0.926232094419795	-0.594111427880749	-0.549336496063183	-1.03087018078514	-0.891461500814881	-0.871759820300479	-0.594423391905884
GLY187A	-1.0349173401977	-0.450164887675106	-1.2167066493077	-0.878973910679491	-0.680260542781227	-0.517678235688017	-0.50991062771852	-0.0798592056237926	-0.825219037559566	-0.57089086248075	-0.594111427880749	-0.549336496063183	-1.03087018078514	-0.891461500814881	-0.871759820300479	-0.594423391905884
LEU188A	-0.140712445377757	-1.39864064031677	-0.628074011995284	-1.2091128247002	-0.680260542781227	-0.713999276137316	-0.50991062771852	-1.24521205805988	-0.825219037559566	-1.10390271038932	-0.594111427880749	-0.549336496063183	-1.03087018078514	-0.891461500814881	-0.871759820300479	-0.594423391905884
ARG110A	1.20059489685215	0.498310864966561	1.13782389994198	0.606651202413682	0.673282410487251	0.900004285856857	1.49913724549245	1.08549364681229	1.40035613903232	1.20581529721448	0.204101665983638	0.558249227430636	0.709827753054908	-0.168754028960842	0.737768620179318	-0.594423391905884
GLY108A	0.753492449442183	0.972548741287394	0.784644317554527	0.771720659424034	-0.0121409742289598	0.0237924122755953	0.996875277189707	1.08549364681229	1.50151864705922	1.02814468124495	-0.594111427880749	-0.549336496063183	-1.03087018078514	-0.891461500814881	-0.871759820300479	-0.594423391905884
TYR163A	-0.587814892787727	-0.450164887675106	0.196011680242106	0.111442831382624	2.43250372048819	-0.397907663129987	-0.00764865941577799	-0.0798592056237926	0.692218582843992	0.495132833336385	2.75231871196002	-0.192711742574942	0.709827753054908	0.553953442893198	1.05967430827528	0.609704198895753
LYS139A	-0.587814892787727	-0.924402763995939	-0.510347484532799	-0.878973910679491	-0.399554191677253	-0.626083423534821	-0.00764865941577799	-0.662535631841836	-0.218243989398143	-0.57089086248075	-0.594111427880749	-0.549336496063183	-1.03087018078514	-0.891461500814881	-0.871759820300479	-0.594423391905884
ILE195A	0.306390002032213	0.498310864966561	1.0200973724795	0.771720659424034	0.163781156771134	0.0922295846144425	0.996875277189707	1.08549364681229	1.09686861495161	1.02814468124495	-0.0521873420953687	-0.34040148731797	0.709827753054908	0.553953442893198	0.898721464227298	0.308672301195344
ARG282A	0.753492449442183	0.972548741287394	0.431464735167074	0.606651202413682	0.493514987006282	0.503142775090246	0.996875277189707	1.08549364681229	0.692218582843992	0.85047406527543	-0.594111427880749	-0.549336496063183	-1.03087018078514	-0.891461500814881	-0.871759820300479	-0.594423391905884
PHE134A	0.306390002032213	0.0240729886457276	0.431464735167074	0.111442831382624	-0.106350640010431	-0.314762935075114	-0.00764865941577799	-0.0798592056237926	-0.0159189733443352	-0.0378790145721825	-0.594111427880749	-0.549336496063183	-0.450637536171788	-0.891461500814881	-0.710806976252499	-0.895455289606294
ARG158A	1.20059489685215	0.498310864966561	1.13782389994198	0.111442831382624	2.22870321900174	1.71853006609215	0.996875277189707	1.08549364681229	0.38873105876328	0.495132833336385	1.08644015944648	1.54226663198984	1.8702930422816	0.553953442893198	2.18634421661114	0.308672301195344
GLU258A	-0.587814892787727	-0.450164887675106	0.431464735167074	0.111442831382624	1.50482690947676	-0.0391179288535503	-0.50991062771852	-0.662535631841836	-0.117081481371239	-0.393220246511228	1.64695008932919	0.97023967278297	0.12959510844156	0.553953442893198	0.0939572439873994	0.308672301195344
LYS164A	-0.587814892787727	-0.924402763995939	-0.392620957070315	-0.878973910679491	-0.680260542781227	-0.504034675888632	-0.00764865941577799	-0.662535631841836	-0.117081481371239	-0.57089086248075	-0.41999141475837	-0.312447661549223	0.12959510844156	-0.168754028960842	-0.38890128815654	0.0076404034949343
ASN268A	0.753492449442183	0.0240729886457276	0.902370845017011	0.276512288392977	0.0753394297109774	-0.236198353902231	0.996875277189707	-0.0798592056237926	0.8945435988978	-0.215549630541705	0.179646607960832	-0.0102660838893862	1.29006039766826	0.553953442893198	1.38157999637124	0.0076404034949343
PHE109A	1.20059489685215	-0.450164887675106	2.19736264710434	0.441581745403329	0.071494137230101	-0.101516214748717	1.49913724549245	-0.662535631841836	1.80500617113994	-0.748561478450273	0.267684816842933	0.239370549936063	1.8702930422816	0.553953442893198	1.7034856844672	0.910736096596163
GLY245A	0.753492449442183	1.44678661760823	0.549191262629558	1.10185957344474	0.141670725006095	0.462169280556958	0.494613308886965	1.08549364681229	0.489893566790184	1.56115652915352	-0.594111427880749	-0.549336496063183	-1.03087018078514	-0.891461500814881	-0.871759820300479	-0.594423391905884
PRO152A	0.306390002032213	0.498310864966561	0.196011680242106	0.771720659424034	0.403150613705687	0.593382652346827	0.494613308886965	1.08549364681229	0.793381090870896	1.73882714512304	0.0387854737494695	0.576573560744913	0.12959510844156	0.553953442893198	-0.0669956000605804	0.0076404034949343
PRO153A	-1.0349173401977	-0.924402763995939	-0.981253594382736	-0.548834996658786	-0.856182673781321	-0.713999276137316	-1.51443456432401	-1.24521205805988	-1.22986906966718	-0.926232094419795	-0.594111427880749	-0.549336496063183	-1.03087018078514	-0.891461500814881	-0.871759820300479	-0.594423391905884
LEU194A	0.753492449442183	1.44678661760823	1.25555042740446	2.09227631550685	-0.611045278125453	-0.39312531280847	1.49913724549245	2.25084649924838	2.10849369522065	3.16019207287922	-0.566721762895206	-0.521069466343039	-0.450637536171788	-0.168754028960842	-0.22794844410856	-0.293391494205475
PRO223A	0.306390002032213	0.972548741287394	-0.0394413746828627	0.111442831382624	-0.168836642824672	0.294470535529254	-0.00764865941577799	0.502817220594251	-0.319406497425047	0.13979160139734	-0.594111427880749	-0.549336496063183	-1.03087018078514	-0.891461500814881	-0.871759820300479	-0.594423391905884
TYR220A	1.64769734426212	0.0240729886457276	2.07963611964185	0.441581745403329	0.690586226651195	-0.713999276137316	1.49913724549245	-0.662535631841836	2.51314372732826	-0.215549630541705	0.979816106467043	-0.549336496063183	1.8702930422816	-0.168754028960842	2.18634421661114	-0.293391494205475
ASN239A	-0.140712445377757	-1.39864064031677	0.549191262629558	-1.2091128247002	-0.595664108201948	-0.713999276137316	-0.50991062771852	-1.24521205805988	0.287568550736376	-1.10390271038932	-0.443468270460264	-0.549336496063183	-0.450637536171788	-0.891461500814881	-0.710806976252499	-0.895455289606294
LEU252A	-0.140712445377757	0.498310864966561	-0.157167902145347	0.276512288392977	0.353161811454294	0.99758948927376	-0.00764865941577799	0.502817220594251	-0.218243989398143	0.13979160139734	-0.594111427880749	-0.549336496063183	-0.450637536171788	-0.168754028960842	-0.710806976252499	-0.594423391905884
THR256A	1.20059489685215	1.44678661760823	1.37327695486695	1.5970679444758	0.2627974381537	0.280662639925632	0.494613308886965	0.502817220594251	0.186406042709473	0.317462217366863	0.216818296155497	0.192139003799624	0.12959510844156	0.553953442893198	0.0939572439873994	0.308672301195344
VAL274A	2.54190223908206	2.86950024657073	1.96190959217937	2.58748468653791	2.57477954228061	4.6973023756915	2.50366118209793	2.83352292546642	2.51314372732826	2.44950960900113	-0.317280171062585	-0.270756484402899	0.12959510844156	-0.168754028960842	-0.54985413220452	-0.895455289606294
PRO98A	0.306390002032213	0.972548741287394	0.0782851527796215	0.111442831382624	-0.519719581704639	-0.152823696331008	-0.00764865941577799	0.502817220594251	0.0852435346825687	0.317462217366863	-0.257609829486939	0.0729461273857637	-0.450637536171788	-0.168754028960842	-0.710806976252499	-0.594423391905884
VAL97A	0.753492449442183	0.972548741287394	-0.157167902145347	0.441581745403329	-0.44473637832755	-0.131658930166381	-0.00764865941577799	0.502817220594251	0.0852435346825687	0.495132833336385	-0.175440834530311	0.107678665940897	0.709827753054908	0.553953442893198	0.0939572439873994	-0.293391494205475
ASP207A	-0.587814892787727	0.0240729886457276	-0.510347484532799	0.276512288392977	-0.680260542781227	-0.662936705451555	-0.50991062771852	-0.0798592056237926	-0.521731513478855	0.317462217366863	-0.461075912236685	-0.511502301723834	0.12959510844156	0.553953442893198	0.254910088035379	0.609704198895753
LEU206A	0.753492449442183	0.0240729886457276	0.666917790092043	0.606651202413682	-0.747553161196564	-0.677923703149767	0.494613308886965	-0.0798592056237926	0.287568550736376	0.317462217366863	-0.45911950759486	-0.422709218035781	1.29006039766826	-0.168754028960842	1.54253284041922	-0.293391494205475
GLN144A	1.20059489685215	0.498310864966561	0.549191262629558	0.111442831382624	1.41157856681551	0.0425760265726412	0.494613308886965	0.502817220594251	-0.319406497425047	0.13979160139734	-0.594111427880749	-0.549336496063183	-1.03087018078514	-0.891461500814881	-0.871759820300479	-0.594423391905884
PRO219A	-1.0349173401977	-0.450164887675106	-0.981253594382736	-0.218696082638081	-0.680260542781227	-0.420584615838589	-1.01217259602126	-0.662535631841836	-1.22986906966718	-1.10390271038932	-0.0590347583417543	0.338884269876421	0.12959510844156	0.553953442893198	-0.0669956000605804	0.609704198895753
VAL218A	1.20059489685215	1.92102449392906	0.902370845017011	1.76213740148615	0.621370961995421	0.800894812420822	0.996875277189707	1.66817007303034	1.29919363100542	2.27183899303161	1.24099612615061	1.49757754050987	1.8702930422816	2.72207585845532	1.86443852851518	3.62002317589985
GLN100A	0.306390002032213	0.0240729886457276	0.431464735167074	-0.383765539648434	0.320476825366845	-0.164852134328696	0.494613308886965	0.502817220594251	0.186406042709473	0.317462217366863	0.118998064064273	-0.274374406632253	0.709827753054908	-0.168754028960842	-0.0669956000605804	-0.594423391905884
ILE254A	0.753492449442183	0.0240729886457276	1.37327695486695	-0.218696082638081	0.419493106749412	1.01040301757743	-0.00764865941577799	0.502817220594251	-0.319406497425047	-0.0378790145721825	0.703963051969792	1.39618979316588	0.12959510844156	0.553953442893198	-0.22794844410856	-0.293391494205475
ARG174A	-0.140712445377757	-0.450164887675106	-0.0394413746828627	-0.548834996658786	0.579072744705781	-0.420584615838589	-0.50991062771852	-0.662535631841836	-0.724056529532662	-1.10390271038932	-0.594111427880749	-0.549336496063183	-0.450637536171788	-0.891461500814881	-0.38890128815654	-0.895455289606294
ASN200A	-0.140712445377757	-0.924402763995939	-0.157167902145347	-0.218696082638081	-0.480305333775657	-0.528859960994281	-0.00764865941577799	-0.662535631841836	0.0852435346825687	-0.215549630541705	-0.314345564099849	-0.340456348957427	0.12959510844156	-0.168754028960842	0.898721464227298	0.609704198895753
VAL197A	2.09479979167209	1.92102449392906	1.60873000979192	1.9272068584965	2.21428337219845	1.68783220543368	2.00139921379519	1.66817007303034	2.10849369522065	1.91649776109257	3.35391313932105	4.35294812471195	3.0307583315083	2.72207585845532	3.15206128089901	2.41589558509821
ASP148A	-0.587814892787727	-0.924402763995939	-0.392620957070315	-0.713904453669139	-0.681221865901447	-0.63626142581785	-0.50991062771852	-0.662535631841836	-0.0159189733443352	-0.393220246511228	-0.594111427880749	-0.549336496063183	-1.03087018078514	-0.891461500814881	-0.871759820300479	-0.594423391905884
SER149A	-0.587814892787727	-0.924402763995939	-0.274894429607831	-1.04404336768984	-0.681221865901447	-0.713999276137316	-0.50991062771852	-1.24521205805988	0.0852435346825687	-1.10390271038932	-0.594111427880749	-0.549336496063183	-1.03087018078514	-0.891461500814881	-0.871759820300479	-0.594423391905884
LEU130A	0.306390002032213	0.498310864966561	-0.863527066920252	-0.218696082638081	0.440642215394232	0.453757947240963	0.494613308886965	1.08549364681229	-0.218243989398143	0.13979160139734	-0.594111427880749	-0.549336496063183	-1.03087018078514	-0.891461500814881	-0.871759820300479	-0.594423391905884
SER127A	-0.140712445377757	0.0240729886457276	-0.510347484532799	-0.218696082638081	0.050345028585281	0.248339472122074	0.494613308886965	0.502817220594251	0.0852435346825687	0.317462217366863	-0.594111427880749	-0.549336496063183	-1.03087018078514	-0.891461500814881	-0.871759820300479	-0.594423391905884
LEU114A	-1.0349173401977	-0.450164887675106	-0.628074011995284	-0.218696082638081	-0.680260542781227	-0.531494931236642	-0.50991062771852	-0.0798592056237926	-0.622894021505759	-0.215549630541705	-0.594111427880749	-0.549336496063183	-1.03087018078514	-0.891461500814881	-0.871759820300479	-0.594423391905884
MET133A	-0.140712445377757	0.0240729886457276	0.549191262629558	-0.218696082638081	3.44573828919911	3.87501020611902	0.494613308886965	0.502817220594251	0.186406042709473	-0.215549630541705	3.02425895717362	3.22437819762935	0.709827753054908	0.553953442893198	0.415862932083359	0.0076404034949343
GLN136A	0.753492449442183	0.0240729886457276	0.666917790092043	-0.548834996658786	0.240687006388661	-0.2543680987288	1.49913724549245	0.502817220594251	1.40035613903232	-0.57089086248075	-0.230220164501396	-0.549336496063183	-0.450637536171788	-0.891461500814881	0.0939572439873994	-0.895455289606294
MET237A	0.306390002032213	0.0240729886457276	0.549191262629558	0.111442831382624	-0.280350124770086	-0.451965979184536	0.494613308886965	0.502817220594251	0.489893566790184	0.672803449305908	-0.594111427880749	-0.549336496063183	-1.03087018078514	-0.891461500814881	-0.871759820300479	-0.594423391905884
ILE232A	0.306390002032213	0.0240729886457276	1.13782389994198	1.26692903045509	0.69635416537251	0.061312672464523	0.494613308886965	0.502817220594251	1.09686861495161	1.56115652915352	0.0906301967578182	0.254845968952415	-0.450637536171788	-0.168754028960842	0.254910088035379	0.910736096596163
GLY266A	1.20059489685215	1.92102449392906	1.37327695486695	1.76213740148615	-0.386095667994186	0.0700431767920679	0.494613308886965	1.08549364681229	0.489893566790184	0.317462217366863	-0.208699713441327	0.163394183119622	0.709827753054908	1.27666091474724	0.898721464227298	1.21176799429657
TYR103A	-0.140712445377757	-1.39864064031677	-0.157167902145347	-1.2091128247002	-0.289963355972277	-0.713999276137316	-0.00764865941577799	-1.24521205805988	-0.117081481371239	-1.10390271038932	-0.32804039659262	-0.549336496063183	-0.450637536171788	-0.891461500814881	-0.871759820300479	-0.895455289606294
ALA159A	0.306390002032213	0.972548741287394	0.784644317554527	0.936790116434387	-0.456272255770179	-0.372059791334986	-0.00764865941577799	0.502817220594251	0.186406042709473	0.672803449305908	-0.317280171062585	-0.197019674922914	1.29006039766826	1.99936838660128	1.86443852851518	2.1148636873978
TYR234A	0.306390002032213	-0.450164887675106	1.25555042740446	-0.0536266256277286	-0.327454957660821	-0.658712372664278	0.494613308886965	-0.0798592056237926	0.591056074817088	-0.215549630541705	-0.0561001513790176	-0.486960028258125	1.29006039766826	0.553953442893198	1.7034856844672	0.609704198895753
THR125A	1.20059489685215	1.44678661760823	1.49100348232943	2.42241522952756	1.26161216006133	2.42449535498751	0.996875277189707	1.08549364681229	0.995706106924704	1.91649776109257	-0.548135918797874	-0.521170668532443	0.12959510844156	-0.168754028960842	0.415862932083359	0.609704198895753
PRO151A	1.20059489685215	0.972548741287394	0.784644317554527	0.441581745403329	0.84439792588625	1.10990508850016	2.00139921379519	1.66817007303034	1.90616867916684	0.85047406527543	0.619837652371339	0.818238106632758	1.29006039766826	0.553953442893198	1.05967430827528	0.308672301195344
CYS277A	0.753492449442183	0.498310864966561	0.0782851527796215	-0.713904453669139	-0.137112979857442	-0.520881110018707	0.494613308886965	0.502817220594251	-0.117081481371239	-0.748561478450273	-0.0355579026398606	-0.492599031515641	1.29006039766826	0.553953442893198	1.22062715232326	-0.293391494205475
PRO278A	1.64769734426212	1.92102449392906	1.25555042740446	2.42241522952756	1.31160096231273	1.02459775469765	2.00139921379519	2.25084649924838	1.80500617113994	2.27183899303161	0.841889579218418	1.52527698397736	3.0307583315083	4.1674908021634	2.34729706065912	3.92105507360026
VAL122A	1.20059489685215	1.92102449392906	1.13782389994198	2.42241522952756	-0.0275221441524653	0.380417640854179	0.996875277189707	1.66817007303034	0.995706106924704	2.09416837706209	-0.0267540817516505	0.372204238587874	1.8702930422816	2.72207585845532	2.18634421661114	3.62002317589985
ALA189A	0.306390002032213	0.972548741287394	0.0782851527796215	0.111442831382624	0.355084457694733	0.539587971738461	-0.00764865941577799	0.502817220594251	0.0852435346825687	0.495132833336385	0.107259636213326	0.600929008730879	0.12959510844156	0.553953442893198	0.254910088035379	0.0076404034949343
GLN104A	0.306390002032213	-0.450164887675106	-0.0394413746828627	-0.0536266256277286	-0.517796935464201	-0.321176370272901	0.494613308886965	-0.0798592056237926	0.793381090870896	-0.0378790145721825	-0.396514559056477	-0.19297115647178	0.12959510844156	-0.168754028960842	-0.22794844410856	-0.293391494205475
ALA161A	0.753492449442183	1.44678661760823	0.784644317554527	1.43199848746544	-0.197676336431244	-0.228744991049394	0.494613308886965	1.08549364681229	0.793381090870896	2.27183899303161	-0.521724456133243	-0.415473373577072	-0.450637536171788	-0.168754028960842	-0.38890128815654	-0.594423391905884
ASN131A	-0.587814892787727	-0.450164887675106	-0.510347484532799	-0.713904453669139	-0.330338927021479	-0.298729347080648	-0.00764865941577799	-0.0798592056237926	-0.117081481371239	-0.57089086248075	-0.340757026764479	-0.0808155673617958	0.12959510844156	0.553953442893198	0.0939572439873994	-0.293391494205475
PHE270A	1.20059489685215	0.0240729886457276	1.25555042740446	0.771720659424034	0.705967396574701	-0.442404028573113	1.49913724549245	0.502817220594251	1.40035613903232	0.85047406527543	1.1764347729704	-0.547527534948506	2.45052568689495	0.553953442893198	1.86443852851518	0.609704198895753
GLY244A	-0.587814892787727	0.0240729886457276	-0.981253594382736	-0.218696082638081	-0.506261058021572	-0.487418188332808	-0.50991062771852	-0.0798592056237926	-0.724056529532662	-0.0378790145721825	-0.361299275503636	-0.391265978555223	-0.450637536171788	-0.168754028960842	-0.710806976252499	-0.293391494205475
VAL272A	1.64769734426212	2.39526237024989	1.60873000979192	2.58748468653791	-0.519719581704639	-0.177955163078124	0.494613308886965	1.08549364681229	0.692218582843992	1.383485913184	0.089651994436906	0.715127323096159	0.709827753054908	1.27666091474724	0.898721464227298	1.21176799429657
GLU221A	-1.0349173401977	-1.39864064031677	-0.981253594382736	-1.2091128247002	-0.854260027540883	-0.713999276137316	-1.01217259602126	-1.24521205805988	-0.92638154558647	-1.10390271038932	-0.594111427880749	-0.549336496063183	-1.03087018078514	-0.891461500814881	-0.871759820300479	-0.594423391905884
LYS132A	-0.587814892787727	-0.450164887675106	-0.510347484532799	-0.713904453669139	0.993403009520209	1.48201692802536	-0.50991062771852	-0.0798592056237926	-0.622894021505759	-0.215549630541705	0.747982156410843	1.21835599406667	-0.450637536171788	-0.168754028960842	-0.54985413220452	0.0076404034949343
ARG202A	-1.48201978760767	-1.39864064031677	-1.56988623169516	-1.2091128247002	-0.680260542781227	-0.713999276137316	-1.01217259602126	-1.24521205805988	-1.22986906966718	-1.10390271038932	-0.415100403153809	-0.549336496063183	-0.450637536171788	-0.891461500814881	-0.710806976252499	-0.895455289606294
GLY154A	-0.140712445377757	0.498310864966561	-0.510347484532799	0.111442831382624	-0.33995215822367	0.147004399165504	-0.00764865941577799	0.502817220594251	-0.319406497425047	0.13979160139734	-0.594111427880749	-0.549336496063183	-1.03087018078514	-0.891461500814881	-0.871759820300479	-0.594423391905884
SER260A	-0.587814892787727	-0.924402763995939	-0.745800539457768	-1.2091128247002	-0.683144512141885	-0.713999276137316	-1.01217259602126	-1.24521205805988	-1.02754405361337	-1.10390271038932	-0.594111427880749	-0.549336496063183	-1.03087018078514	-0.891461500814881	-0.871759820300479	-0.594423391905884
ARG196A	0.306390002032213	0.0240729886457276	1.0200973724795	0.441581745403329	-0.521642227945078	-0.468676273810846	0.494613308886965	0.502817220594251	0.692218582843992	0.85047406527543	-0.3104327548162	-0.504850580806602	0.12959510844156	-0.168754028960842	0.415862932083359	-0.293391494205475
SER96A	-0.140712445377757	-1.39864064031677	-0.510347484532799	-1.2091128247002	-0.0198315591907125	-0.713999276137316	-1.01217259602126	-1.24521205805988	-0.622894021505759	-1.10390271038932	-0.415100403153809	-0.549336496063183	-0.450637536171788	-0.891461500814881	-0.710806976252499	-0.895455289606294
THR155A	1.20059489685215	1.44678661760823	0.784644317554527	1.43199848746544	1.24623099013783	1.80919353123859	2.00139921379519	2.25084649924838	1.80500617113994	2.27183899303161	-0.594111427880749	-0.549336496063183	0.12959510844156	0.553953442893198	0.415862932083359	0.0076404034949343
LEU264A	0.753492449442183	0.498310864966561	0.902370845017011	0.771720659424034	0.0753394297109774	0.377308605879753	-0.00764865941577799	-0.0798592056237926	-0.420569005451951	-0.57089086248075	-0.307498147853463	-0.549336496063183	0.12959510844156	-0.891461500814881	-0.38890128815654	-0.895455289606294
GLN192A	-0.140712445377757	0.0240729886457276	-0.628074011995284	-0.383765539648434	-0.436084470245579	-0.611696653590711	-0.50991062771852	-0.662535631841836	-0.825219037559566	-0.926232094419795	0.269641221484758	-0.131231522956226	1.29006039766826	1.27666091474724	0.254910088035379	0.308672301195344
PRO191A	-0.587814892787727	-0.450164887675106	-0.157167902145347	-0.218696082638081	0.256068176312166	-0.713999276137316	-1.01217259602126	-1.24521205805988	-0.724056529532662	-1.10390271038932	0.97394689254157	-0.0452236934446881	0.12959510844156	-0.168754028960842	0.0939572439873994	0.0076404034949343
ALA138A	-0.587814892787727	0.0240729886457276	-0.745800539457768	-0.383765539648434	-0.680260542781227	-0.527995717687085	-0.50991062771852	-0.0798592056237926	-0.622894021505759	-0.393220246511228	-0.594111427880749	-0.549336496063183	-1.03087018078514	-0.891461500814881	-0.871759820300479	-0.594423391905884
LEU137A	-0.140712445377757	-0.450164887675106	0.666917790092043	-0.0536266256277286	-0.680260542781227	-0.666700191553641	-0.00764865941577799	-0.0798592056237926	0.8945435988978	0.317462217366863	-0.536397490946927	-0.495972143180206	-0.450637536171788	-0.168754028960842	-0.22794844410856	0.308672301195344
GLY112A	-0.140712445377757	0.498310864966561	0.431464735167074	0.936790116434387	0.752110906345217	1.42214608181305	-0.50991062771852	-0.0798592056237926	-0.521731513478855	-0.0378790145721825	-0.594111427880749	-0.549336496063183	-1.03087018078514	-0.891461500814881	-0.871759820300479	-0.594423391905884
PHE113A	0.753492449442183	0.0240729886457276	1.0200973724795	0.441581745403329	1.34620859464061	0.339407455099095	0.494613308886965	-0.0798592056237926	0.591056074817088	-0.393220246511228	1.64695008932919	0.639150956279718	0.709827753054908	0.553953442893198	0.576815776131339	-0.293391494205475
HIS193A	0.306390002032213	0.972548741287394	0.31373820770459	0.771720659424034	0.408918552427002	0.878693702853963	0.494613308886965	1.08549364681229	0.38873105876328	0.85047406527543	1.97171325987205	1.53398358564078	1.29006039766826	1.99936838660128	0.737768620179318	1.21176799429657
HIS214A	-0.140712445377757	0.498310864966561	-0.510347484532799	0.276512288392977	1.76150018257526	2.33527638016582	0.494613308886965	1.08549364681229	-0.319406497425047	0.317462217366863	0.742112942485369	0.455970667632524	0.12959510844156	0.553953442893198	0.254910088035379	1.21176799429657
ILE251A	0.306390002032213	0.0240729886457276	0.549191262629558	0.606651202413682	-0.721597436950648	-0.684337138347554	0.494613308886965	0.502817220594251	1.09686861495161	1.383485913184	-0.594111427880749	-0.549336496063183	-0.450637536171788	-0.168754028960842	-0.22794844410856	-0.293391494205475
VAL172A	0.306390002032213	0.972548741287394	0.549191262629558	1.43199848746544	0.494476310126501	1.53871983708515	-0.00764865941577799	0.502817220594251	-0.218243989398143	-0.0378790145721825	0.683420803230635	0.972269319563044	-0.450637536171788	-0.168754028960842	-0.38890128815654	0.308672301195344
GLY262A	-0.140712445377757	0.498310864966561	-0.628074011995284	0.111442831382624	-0.796580640327737	-0.614591030571627	-0.50991062771852	-0.0798592056237926	-0.825219037559566	-0.57089086248075	-0.534441086305102	-0.438989868067875	-0.450637536171788	-0.168754028960842	-0.710806976252499	-0.895455289606294
SER261A	-0.587814892787727	-1.39864064031677	-0.863527066920252	-1.2091128247002	-0.856182673781321	-0.713999276137316	-1.51443456432401	-1.24521205805988	-1.22986906966718	-0.926232094419795	-0.594111427880749	-0.549336496063183	-1.03087018078514	-0.891461500814881	-0.871759820300479	-0.594423391905884
ASP259A	0.306390002032213	0.498310864966561	-0.510347484532799	-0.713904453669139	-0.0525165452781616	-0.51865588066637	-0.50991062771852	-0.662535631841836	-0.724056529532662	-0.926232094419795	-0.594111427880749	-0.549336496063183	-1.03087018078514	-0.891461500814881	-0.871759820300479	-0.594423391905884
LEU265A	0.753492449442183	0.972548741287394	0.784644317554527	1.26692903045509	0.264720084394138	0.833241965328646	0.494613308886965	1.08549364681229	0.287568550736376	1.02814468124495	-0.176419036851223	0.0693282051564093	0.709827753054908	0.553953442893198	0.0939572439873994	-0.594423391905884
LEU145A	0.753492449442183	1.44678661760823	1.7264565372544	2.25734577251721	-0.416858007841197	-0.317167973274284	0.996875277189707	1.66817007303034	1.50151864705922	1.56115652915352	-0.316301968741673	-0.258093756600158	0.12959510844156	0.553953442893198	1.05967430827528	1.51279989199698
ASP186A	-0.587814892787727	0.0240729886457276	-0.981253594382736	-0.548834996658786	0.017660042497832	0.313074585630796	-0.00764865941577799	0.502817220594251	-0.622894021505759	-0.215549630541705	-0.594111427880749	-0.549336496063183	-1.03087018078514	-0.891461500814881	-0.871759820300479	-0.594423391905884
THR123A	-0.587814892787727	0.0240729886457276	-0.157167902145347	0.441581745403329	-0.692757743344076	-0.559261023204611	-0.50991062771852	-0.0798592056237926	-0.218243989398143	-0.0378790145721825	-0.435642651892966	-0.381367247141178	0.12959510844156	0.553953442893198	0.576815776131339	1.51279989199698
ASN263A	-1.0349173401977	-0.924402763995939	-0.981253594382736	-0.713904453669139	-0.680260542781227	-0.617531370108982	-0.50991062771852	-0.662535631841836	-0.92638154558647	-0.926232094419795	-0.594111427880749	-0.549336496063183	-1.03087018078514	-0.891461500814881	-0.871759820300479	-0.594423391905884
MET169A	0.753492449442183	0.0240729886457276	-0.157167902145347	-0.713904453669139	-0.147687534179852	-0.168857284325474	0.996875277189707	0.502817220594251	0.489893566790184	-0.393220246511228	-0.0570783536999299	-0.274374406632253	0.709827753054908	-0.168754028960842	0.254910088035379	-0.594423391905884
SER166A	-1.48201978760767	-1.39864064031677	-1.09898012184522	-1.2091128247002	-0.680260542781227	-0.713999276137316	-1.01217259602126	-1.24521205805988	-0.825219037559566	-1.10390271038932	-0.594111427880749	-0.549336496063183	-1.03087018078514	-0.891461500814881	-0.871759820300479	-0.594423391905884
TYR107A	-0.140712445377757	-0.924402763995939	0.196011680242106	-0.713904453669139	-0.594702785081728	-0.674567869907688	-0.00764865941577799	-0.662535631841836	-0.0159189733443352	-0.393220246511228	-0.32804039659262	-0.50484871167515	0.12959510844156	-0.168754028960842	-0.22794844410856	-0.293391494205475
VAL157A	2.09479979167209	1.92102449392906	2.07963611964185	2.09227631550685	1.20873938844928	1.61719644918862	2.00139921379519	1.66817007303034	2.10849369522065	1.56115652915352	1.37011883251103	1.82753915908102	3.61099097612165	3.44478333030936	3.31301412494699	2.1148636873978
LEU111A	2.09479979167209	1.92102449392906	2.19736264710434	2.42241522952756	0.12532823196237	0.811596621536117	0.996875277189707	1.66817007303034	1.19803112297851	1.73882714512304	0.382134488389665	1.15832279619207	1.8702930422816	2.72207585845532	2.34729706065912	1.51279989199698
HIS115A	-1.48201978760767	-1.39864064031677	-1.2167066493077	-1.2091128247002	-0.856182673781321	-0.713999276137316	-1.51443456432401	-1.24521205805988	-1.22986906966718	-0.926232094419795	-0.594111427880749	-0.549336496063183	-1.03087018078514	-0.891461500814881	-0.871759820300479	-0.594423391905884
SER116A	0.306390002032213	0.0240729886457276	-0.157167902145347	0.276512288392977	0.684818287929881	1.17475738961077	-0.00764865941577799	-0.0798592056237926	0.186406042709473	0.13979160139734	1.46011344603495	1.58161969702652	1.29006039766826	0.553953442893198	1.05967430827528	0.308672301195344
VAL143A	1.20059489685215	1.92102449392906	1.37327695486695	1.9272068584965	-0.64565291045334	-0.387715760449934	0.494613308886965	1.08549364681229	0.591056074817088	1.02814468124495	-0.293803315360692	0.0042056050280312	0.709827753054908	1.27666091474724	1.05967430827528	0.609704198895753
CYS135A	0.753492449442183	0.972548741287394	1.49100348232943	1.9272068584965	-0.680260542781227	-0.669741172770126	0.996875277189707	1.08549364681229	1.90616867916684	1.91649776109257	-0.494334791147701	-0.549336496063183	0.12959510844156	-0.168754028960842	0.254910088035379	-0.895455289606294
GLY279A	1.20059489685215	1.92102449392906	0.549191262629558	1.5970679444758	-0.397631545436815	-0.236681884237587	-0.00764865941577799	0.502817220594251	-0.218243989398143	-0.0378790145721825	-0.150007574186593	0.0120158327956345	1.29006039766826	1.99936838660128	1.54253284041922	3.31899127819944
ARG284A	-1.48201978760767	-1.39864064031677	-1.68761275915764	-1.2091128247002	-0.856182673781321	-0.713999276137316	-1.51443456432401	-1.24521205805988	-1.22986906966718	-0.926232094419795	-0.593133225559837	-0.549336496063183	-0.450637536171788	-0.891461500814881	-0.871759820300479	-0.895455289606294
ASN288A	-1.48201978760767	-0.924402763995939	-1.68761275915764	-1.2091128247002	-0.856182673781321	-0.713999276137316	-1.51443456432401	-1.24521205805988	-1.22986906966718	-0.926232094419795	-0.593133225559837	-0.547527534948506	-0.450637536171788	-0.168754028960842	-0.871759820300479	-0.895455289606294
THR118A	-0.587814892787727	-0.450164887675106	-0.981253594382736	-0.713904453669139	-0.701409651426047	-0.654354383223794	-0.50991062771852	-0.662535631841836	-0.724056529532662	-0.926232094419795	-0.582373000029802	-0.549336496063183	-0.450637536171788	-0.891461500814881	-0.38890128815654	-0.895455289606294
ARG267A	0.753492449442183	0.0240729886457276	0.549191262629558	-0.383765539648434	-0.129422394895689	-0.194549189615895	-0.00764865941577799	-0.0798592056237926	-0.622894021505759	-0.926232094419795	-0.594111427880749	-0.549336496063183	-1.03087018078514	-0.891461500814881	-0.871759820300479	-0.594423391905884
SER215A	-0.140712445377757	-0.450164887675106	0.196011680242106	-0.383765539648434	-0.589896169480633	-0.555527654152957	-0.00764865941577799	-0.0798592056237926	-0.117081481371239	-0.0378790145721825	-0.323149384988059	-0.370543700558851	1.29006039766826	0.553953442893198	1.86443852851518	0.0076404034949343
HIS168A	-0.587814892787727	-0.450164887675106	-1.09898012184522	-0.548834996658786	-0.506261058021572	-0.387910325155903	-0.50991062771852	-0.662535631841836	-0.521731513478855	-0.215549630541705	-0.238045783068694	-0.181432423403435	-0.450637536171788	-0.168754028960842	-0.38890128815654	0.0076404034949343
PRO190A	0.753492449442183	0.498310864966561	0.31373820770459	0.276512288392977	1.06550224353664	2.49111496395642	-1.01217259602126	-0.662535631841836	-0.622894021505759	-0.57089086248075	2.63982544505511	5.14469645936367	0.709827753054908	0.553953442893198	1.22062715232326	0.910736096596163
GLU286A	-0.587814892787727	-0.450164887675106	-0.510347484532799	-0.383765539648434	-0.369753174950461	-0.301718073265132	-0.50991062771852	-0.662535631841836	-0.521731513478855	-0.57089086248075	-0.594111427880749	-0.549336496063183	-1.03087018078514	-0.891461500814881	-0.871759820300479	-0.594423391905884
SER240A	-0.587814892787727	-0.450164887675106	0.31373820770459	0.441581745403329	-0.532216782267488	-0.378897287052978	-0.00764865941577799	-0.0798592056237926	0.591056074817088	0.495132833336385	-0.389667142810091	-0.171263623095654	0.12959510844156	0.553953442893198	-0.38890128815654	-0.293391494205475
SER269A	-1.48201978760767	-1.39864064031677	-1.45215970423267	-1.2091128247002	-0.680260542781227	-0.713999276137316	-1.01217259602126	-1.24521205805988	-1.02754405361337	-1.10390271038932	-0.415100403153809	-0.549336496063183	-0.450637536171788	-0.891461500814881	-0.710806976252499	-0.895455289606294
ASN210A	-1.0349173401977	-1.39864064031677	-0.981253594382736	-1.2091128247002	-0.856182673781321	-0.713999276137316	-1.51443456432401	-1.24521205805988	-1.22986906966718	-0.926232094419795	-0.594111427880749	-0.549336496063183	-1.03087018078514	-0.891461500814881	-0.871759820300479	-0.594423391905884
LYS120A	0.306390002032213	-1.39864064031677	-0.274894429607831	-1.2091128247002	-0.681221865901447	-0.713999276137316	-0.00764865941577799	-1.24521205805988	-0.319406497425047	-1.10390271038932	-0.594111427880749	-0.549336496063183	-0.450637536171788	-0.891461500814881	-0.38890128815654	-0.895455289606294
HIS178A	-0.587814892787727	-1.39864064031677	-0.510347484532799	-1.2091128247002	-0.762934331120069	-0.713999276137316	-1.01217259602126	-1.24521205805988	-0.724056529532662	-1.10390271038932	-0.499225802752262	-0.549336496063183	-0.450637536171788	-0.891461500814881	-0.38890128815654	-0.895455289606294
ARG280A	-0.587814892787727	-0.450164887675106	-0.392620957070315	-0.383765539648434	-0.741785222475249	-0.57041209437214	-1.01217259602126	-0.662535631841836	-0.92638154558647	-0.57089086248075	-0.449337484385738	-0.387336806119212	0.12959510844156	-0.168754028960842	0.254910088035379	-0.293391494205475
ASP281A	-0.140712445377757	0.0240729886457276	-0.0394413746828627	-0.218696082638081	-0.617774539966987	-0.638426952327868	-0.50991062771852	-0.0798592056237926	-0.622894021505759	-0.0378790145721825	-0.351517252294514	-0.464073362718189	0.709827753054908	0.553953442893198	0.415862932083359	0.308672301195344
ILE255A	1.64769734426212	0.498310864966561	2.66826875695427	0.936790116434387	-0.0265608210322462	-0.416971304252309	0.996875277189707	-0.0798592056237926	1.19803112297851	-0.215549630541705	-0.110879481350103	-0.421341450605357	0.709827753054908	-0.168754028960842	1.22062715232326	-0.293391494205475
GLN167A	-1.48201978760767	-0.924402763995939	-1.45215970423267	-1.04404336768984	-0.856182673781321	-0.713999276137316	-1.51443456432401	-1.24521205805988	-1.22986906966718	-0.926232094419795	-0.594111427880749	-0.549336496063183	-1.03087018078514	-0.891461500814881	-0.871759820300479	-0.594423391905884
HIS273A	0.306390002032213	-0.450164887675106	0.784644317554527	-0.0536266256277286	-0.551443244671869	-0.398540436326453	-0.00764865941577799	-0.0798592056237926	-0.420569005451951	-0.0378790145721825	-0.316301968741673	-0.224603697631003	0.12959510844156	-0.168754028960842	-0.22794844410856	-0.293391494205475
VAL147A	1.64769734426212	1.44678661760823	1.49100348232943	0.771720659424034	-0.676415250300351	-0.5448449227957	2.00139921379519	1.66817007303034	2.10849369522065	0.317462217366863	-0.378906917280056	-0.151365050834205	0.12959510844156	0.553953442893198	0.0939572439873994	-0.293391494205475
GLU204A	-1.0349173401977	-1.39864064031677	-0.510347484532799	-1.2091128247002	-0.680260542781227	-0.713999276137316	-0.50991062771852	-1.24521205805988	-0.218243989398143	-1.10390271038932	-0.594111427880749	-0.549336496063183	-1.03087018078514	-0.891461500814881	-0.871759820300479	-0.594423391905884
LEU257A	0.306390002032213	0.498310864966561	1.25555042740446	1.26692903045509	-0.461078871371275	-0.557169793416878	0.996875277189707	1.08549364681229	1.80500617113994	1.91649776109257	-0.32804039659262	-0.456174998657308	1.29006039766826	1.27666091474724	2.18634421661114	1.81383178969739
ARG290A	-1.48201978760767	-0.924402763995939	-1.68761275915764	-1.2091128247002	-0.856182673781321	-0.713999276137316	-1.51443456432401	-1.24521205805988	-1.22986906966718	-0.926232094419795	-0.593133225559837	-0.547527534948506	-0.450637536171788	-0.168754028960842	-0.871759820300479	-0.895455289606294
GLU287A	-1.48201978760767	-1.39864064031677	-1.68761275915764	-1.2091128247002	-0.856182673781321	-0.713999276137316	-1.51443456432401	-1.24521205805988	-1.22986906966718	-0.926232094419795	-0.593133225559837	-0.549336496063183	-0.450637536171788	-0.891461500814881	-0.871759820300479	-0.895455289606294
SER121A	-1.0349173401977	-0.450164887675106	-0.628074011995284	-0.713904453669139	-0.681221865901447	-0.568093625387676	-1.01217259602126	-0.662535631841836	-0.92638154558647	-0.57089086248075	-0.594111427880749	-0.549336496063183	-1.03087018078514	-0.891461500814881	-0.871759820300479	-0.594423391905884
THR150A	-1.48201978760767	-0.924402763995939	-0.981253594382736	-0.548834996658786	-0.680260542781227	-0.609864684440262	-1.01217259602126	-0.662535631841836	-0.622894021505759	-0.215549630541705	-0.594111427880749	-0.549336496063183	-1.03087018078514	-0.891461500814881	-0.871759820300479	-0.594423391905884
PRO177A	-0.587814892787727	0.0240729886457276	-0.863527066920252	-0.218696082638081	-0.226516030037817	0.0740252264942435	-0.50991062771852	-0.0798592056237926	-0.521731513478855	0.13979160139734	0.0466110923167675	0.339738165930956	0.12959510844156	0.553953442893198	-0.22794844410856	0.609704198895753
ASP228A	-1.0349173401977	-1.39864064031677	-0.745800539457768	-1.2091128247002	-0.680260542781227	-0.713999276137316	-0.50991062771852	-1.24521205805988	-0.622894021505759	-1.10390271038932	-0.594111427880749	-0.549336496063183	-1.03087018078514	-0.891461500814881	-0.871759820300479	-0.594423391905884
PRO222A	-0.140712445377757	-0.924402763995939	-0.157167902145347	-1.2091128247002	-0.856182673781321	-0.713999276137316	-1.01217259602126	-1.24521205805988	-0.92638154558647	-1.10390271038932	-0.594111427880749	-0.549336496063183	-1.03087018078514	-0.891461500814881	-0.871759820300479	-0.594423391905884
GLY117A	-1.0349173401977	-0.450164887675106	-0.981253594382736	-0.548834996658786	-0.856182673781321	-0.713999276137316	-1.51443456432401	-1.24521205805988	-1.22986906966718	-0.926232094419795	-0.107944874387366	0.349717177931371	-0.450637536171788	-0.168754028960842	-0.38890128815654	-0.293391494205475
GLU180A	-1.48201978760767	-0.924402763995939	-1.33443317677019	-0.878973910679491	-0.680260542781227	-0.522887238385194	-1.01217259602126	-0.662535631841836	-1.12870656164028	-0.926232094419795	-0.415100403153809	-0.333717730656695	-0.450637536171788	-0.168754028960842	-0.38890128815654	0.0076404034949343
MET160A	0.306390002032213	-0.924402763995939	0.196011680242106	-0.878973910679491	-0.723520083191087	-0.61298767177218	-0.00764865941577799	-0.662535631841836	-0.218243989398143	-0.748561478450273	-0.391623547451916	-0.435371945838521	1.29006039766826	-0.168754028960842	0.898721464227298	-0.293391494205475
GLY226A	-1.0349173401977	-0.450164887675106	-1.68761275915764	-1.2091128247002	-0.854260027540883	-0.710792558538423	-1.01217259602126	-0.662535631841836	-1.22986906966718	-1.10390271038932	-0.592155023238925	-0.545718573833828	-0.450637536171788	-0.168754028960842	-0.871759820300479	-0.895455289606294
SER227A	-1.48201978760767	-1.39864064031677	-1.56988623169516	-1.2091128247002	-0.854260027540883	-0.713999276137316	-1.01217259602126	-1.24521205805988	-1.22986906966718	-1.10390271038932	-0.592155023238925	-0.549336496063183	-0.450637536171788	-0.891461500814881	-0.871759820300479	-0.895455289606294
THR102A	-0.587814892787727	0.0240729886457276	-0.510347484532799	-0.548834996658786	-0.685067158382323	-0.428601409835822	-1.01217259602126	-0.662535631841836	-0.825219037559566	-0.748561478450273	-0.589220416276188	-0.540291690489797	-0.450637536171788	-0.168754028960842	-0.710806976252499	-0.594423391905884
GLU285A	-0.587814892787727	-0.450164887675106	-0.510347484532799	-0.713904453669139	0.0426544436235283	-0.458180752172118	-0.00764865941577799	-0.0798592056237926	-0.420569005451951	-0.393220246511228	-0.594111427880749	-0.549336496063183	-1.03087018078514	-0.891461500814881	-0.871759820300479	-0.594423391905884
GLY293A	-1.0349173401977	-0.450164887675106	-1.56988623169516	-1.04404336768984	-0.330338927021479	0.16303798715997	-0.50991062771852	-0.0798592056237926	-1.02754405361337	-0.926232094419795	-0.238045783068694	0.109125349679307	-0.450637536171788	-0.168754028960842	-0.871759820300479	-0.895455289606294
LEU289A	-1.0349173401977	-0.924402763995939	-1.09898012184522	-0.713904453669139	0.0157373962573938	-0.278687362087566	-0.50991062771852	-0.662535631841836	-0.724056529532662	-0.393220246511228	-0.238045783068694	-0.549336496063183	-0.450637536171788	-0.891461500814881	-0.871759820300479	-0.895455289606294
GLY199A	-1.0349173401977	-0.450164887675106	-0.981253594382736	-0.713904453669139	-0.680260542781227	-0.420584615838589	-0.50991062771852	-0.0798592056237926	-0.622894021505759	-0.57089086248075	-0.594111427880749	-0.549336496063183	-1.03087018078514	-0.891461500814881	-0.871759820300479	-0.594423391905884
MET243A	-1.48201978760767	-1.39864064031677	-1.45215970423267	-1.2091128247002	-0.856182673781321	-0.713999276137316	-1.51443456432401	-1.24521205805988	-1.22986906966718	-0.926232094419795	-0.594111427880749	-0.549336496063183	-1.03087018078514	-0.891461500814881	-0.871759820300479	-0.594423391905884
LYS292A	-1.48201978760767	-1.39864064031677	-1.56988623169516	-1.2091128247002	-0.680260542781227	-0.713999276137316	-1.01217259602126	-1.24521205805988	-1.12870656164028	-1.10390271038932	-0.594111427880749	-0.549336496063183	-1.03087018078514	-0.891461500814881	-0.871759820300479	-0.594423391905884
THR170A	-0.587814892787727	-0.450164887675106	-0.392620957070315	-0.0536266256277286	-0.680260542781227	-0.610102055945109	-0.50991062771852	-0.662535631841836	-0.319406497425047	-0.57089086248075	-0.415100403153809	-0.432116300985434	0.12959510844156	-0.168754028960842	-0.22794844410856	-0.293391494205475
GLN165A	-1.0349173401977	-0.450164887675106	-1.33443317677019	-0.878973910679491	-0.680260542781227	-0.627508684860772	-0.50991062771852	-0.0798592056237926	-0.825219037559566	-0.57089086248075	-0.594111427880749	-0.549336496063183	-1.03087018078514	-0.891461500814881	-0.871759820300479	-0.594423391905884
ASN247A	-1.48201978760767	-1.39864064031677	-1.09898012184522	-1.2091128247002	-0.856182673781321	-0.713999276137316	-1.51443456432401	-1.24521205805988	-1.22986906966718	-0.926232094419795	-0.594111427880749	-0.549336496063183	-1.03087018078514	-0.891461500814881	-0.871759820300479	-0.594423391905884
SER95A	-1.0349173401977	-0.450164887675106	-0.981253594382736	-0.383765539648434	-0.856182673781321	-0.713999276137316	-1.51443456432401	-1.24521205805988	-1.22986906966718	-0.926232094419795	-0.415100403153809	-0.218296612077261	0.12959510844156	0.553953442893198	-0.38890128815654	-0.293391494205475
PHE212A	-0.587814892787727	-1.39864064031677	-0.745800539457768	-1.2091128247002	-0.680260542781227	-0.713999276137316	-0.50991062771852	-1.24521205805988	-0.825219037559566	-1.10390271038932	-0.594111427880749	-0.549336496063183	-1.03087018078514	-0.891461500814881	-0.871759820300479	-0.594423391905884
VAL225A	-1.48201978760767	-0.924402763995939	-1.56988623169516	-1.04404336768984	-0.856182673781321	-0.713999276137316	-1.51443456432401	-1.24521205805988	-1.22986906966718	-0.926232094419795	-0.594111427880749	-0.549336496063183	-1.03087018078514	-0.891461500814881	-0.871759820300479	-0.594423391905884
SER241A	-1.0349173401977	-0.450164887675106	-0.745800539457768	-0.548834996658786	-0.856182673781321	-0.713999276137316	-1.51443456432401	-1.24521205805988	-1.22986906966718	-0.926232094419795	-0.594111427880749	-0.549336496063183	-1.03087018078514	-0.891461500814881	-0.871759820300479	-0.594423391905884
ARG209A	-1.48201978760767	-1.39864064031677	-1.45215970423267	-1.2091128247002	-0.856182673781321	-0.713999276137316	-1.51443456432401	-1.24521205805988	-1.22986906966718	-0.926232094419795	-0.594111427880749	-0.549336496063183	-1.03087018078514	-0.891461500814881	-0.871759820300479	-0.594423391905884
SER94A	-1.92912223501764	-1.39864064031677	-1.68761275915764	-1.2091128247002	-0.856182673781321	-0.713999276137316	-1.51443456432401	-1.24521205805988	-1.22986906966718	-0.926232094419795	-0.594111427880749	-0.549336496063183	-1.03087018078514	-0.891461500814881	-0.871759820300479	-0.594423391905884
ARG181A	-1.92912223501764	-1.39864064031677	-1.68761275915764	-1.2091128247002	-0.856182673781321	-0.713999276137316	-1.51443456432401	-1.24521205805988	-1.22986906966718	-0.926232094419795	-0.594111427880749	-0.549336496063183	-1.03087018078514	-0.891461500814881	-0.871759820300479	-0.594423391905884
LEU201A	-1.92912223501764	-1.39864064031677	-1.68761275915764	-1.2091128247002	-0.856182673781321	-0.713999276137316	-1.51443456432401	-1.24521205805988	-1.22986906966718	-0.926232094419795	-0.594111427880749	-0.549336496063183	-1.03087018078514	-0.891461500814881	-0.871759820300479	-0.594423391905884
GLU224A	-1.92912223501764	-1.39864064031677	-1.68761275915764	-1.2091128247002	-0.856182673781321	-0.713999276137316	-1.51443456432401	-1.24521205805988	-1.22986906966718	-0.926232094419795	-0.594111427880749	-0.549336496063183	-1.03087018078514	-0.891461500814881	-0.871759820300479	-0.594423391905884
ARG248A	-1.92912223501764	-1.39864064031677	-1.68761275915764	-1.2091128247002	-0.856182673781321	-0.713999276137316	-1.51443456432401	-1.24521205805988	-1.22986906966718	-0.926232094419795	-0.594111427880749	-0.549336496063183	-1.03087018078514	-0.891461500814881	-0.871759820300479	-0.594423391905884
LYS291A	-1.92912223501764	-1.39864064031677	-1.68761275915764	-1.2091128247002	-0.856182673781321	-0.713999276137316	-1.51443456432401	-1.24521205805988	-1.22986906966718	-0.926232094419795	-0.594111427880749	-0.549336496063183	-1.03087018078514	-0.891461500814881	-0.871759820300479	-0.594423391905884
