Degree	Degree_sidechain	SecondOrderDegree	SecondOrderDegree_sidechain	NodeEdgeBetweennessSTRIDE	NodeEdgeBetweennessSTRIDE_sidechain	IntermodularDegreeSTRIDE	IntermodularDegreeSTRIDE_sidechain	SecondOrderIntermodularDegreeSTRIDE	SecondOrderIntermodularDegreeSTRIDE_sidechain	NodeEdgeBetweennessWALKTRAP	NodeEdgeBetweennessWALKTRAP_sidechain	IntermodularDegreeWALKTRAP	IntermodularDegreeWALKTRAP_sidechain	SecondOrderIntermodularDegreeWALKTRAP	SecondOrderIntermodularDegreeWALKTRAP_sidechain
ARG102A	0.135559251899788	0.369541488366268	-0.125357273461266	-0.213241723322427	2.61252663317181	1.9288226239791	0.26114116763015	0.825314109505832	-0.207299734348468	0.156459255153362	1.23159038847129	0.582433062282884	0.324746635207447	-0.0594492940603646	0.180550793249384	-0.539344318123979
ASN118A	-0.30322464240742	-0.087278642980978	-0.585624277513079	-0.356960802602747	-0.238506922945134	-0.596598299527231	-0.669883864790385	-0.748540703970406	-0.617893411077317	-0.523558002226976	-0.209959529487143	-0.0151910578439588	-0.309282509721378	-0.0594492940603646	-0.581946977383207	-0.220405130002587
MET1A	-1.18079243102184	-1.45773903702272	-0.815757779538985	-1.21927527828467	-0.322442595975677	-0.682963777697225	-0.669883864790385	-1.27315897512915	-0.700012146423086	-1.06757180813125	0.0350440168602626	-0.512000271637892	0.324746635207447	-0.829161206631401	0.371175235907532	-0.85828350624537
MET3A	1.0131270405142	0.826361619713514	0.565043232616453	-0.356960802602747	-0.144565672997042	0.424620354319826	1.19216620005068	1.34993238066458	0.367531413071921	-0.387554550750908	0.274802838973931	1.01395325004541	2.22683406999392	2.24968644365275	2.08679521983086	0.736412434361587
ILE96A	0.135559251899788	-1.00091890567547	0.4499764816035	-0.356960802602747	0.321805384437568	-0.19212008682811	0.26114116763015	-0.748540703970406	0.285412677726151	-0.659561453703044	0.286790780079615	0.164250531372189	0.958775780136272	-0.0594492940603646	0.943048563881975	0.0985340581188039
LEU19A	0.135559251899788	0.826361619713514	0.910243485655312	1.51138722804142	-0.299652115219039	-0.216586423453274	0.26114116763015	0.825314109505832	0.285412677726151	0.836476512533701	0.00282642513873836	-0.0975533510126983	0.324746635207447	0.710262618510672	0.180550793249384	0.0985340581188039
ILE24A	3.64583040635745	0.826361619713514	2.4061112488237	1.65510630732174	1.66199682600472	-0.187643788932765	3.98524129731229	1.34993238066458	4.80194312174349	2.33251447877045	0.884689342725576	0.170417667881328	2.22683406999392	2.24968644365275	2.27741966248901	2.33110837496854
VAL232A	1.45191093482141	1.74000188240801	1.48557724072008	2.0862635451627	0.562495095843034	1.36506438187196	1.19216620005068	1.87455065182332	1.92778738464155	2.87652828467472	1.1326898743494	2.19958134523821	1.5928049250651	2.24968644365275	1.70554633451457	2.65004756308993
GLY244A	-0.742008536714628	-0.087278642980978	-0.930824530551938	-0.500679881883068	-0.633727211188289	-0.548742353914968	-0.204371348580118	0.300695838347086	-0.453655940385777	-0.251551099274841	-0.560606806828383	-0.512000271637892	-0.943311654650203	-0.829161206631401	-0.772571420041355	-0.539344318123979
ILE245A	-0.30322464240742	-0.544098774328224	-0.585624277513079	0.0741964352382142	-0.550347403542054	-0.605082916328484	0.26114116763015	-0.22392243281166	-0.125180999002698	-0.115547647798773	-0.560606806828383	-0.512000271637892	-0.943311654650203	-0.829161206631401	-0.772571420041355	-0.539344318123979
PHE235A	0.574343146206996	-0.087278642980978	0.910243485655312	0.217915514518535	1.42853336459526	1.03814568844466	0.26114116763015	-0.22392243281166	0.121175207034612	-0.387554550750908	2.39516992204169	1.8592264145722	1.5928049250651	0.710262618510672	1.32429744919827	0.0985340581188039
VAL213A	0.135559251899788	0.826361619713514	0.680109983629406	0.792791831639817	1.4852316337947	2.01433785651385	-0.204371348580118	0.300695838347086	-0.125180999002698	-0.115547647798773	1.89991810511314	2.15993956973691	0.324746635207447	0.710262618510672	0.943048563881975	1.05535162248298
ASN77A	1.0131270405142	0.826361619713514	1.48557724072008	1.22394906948078	3.2395427866715	2.48500377683276	1.65767871626095	1.34993238066458	1.92778738464155	1.65249722139011	2.85820414724871	0.639524119963938	1.5928049250651	0.710262618510672	1.89617077717271	1.37429081060437
GLU120A	-0.30322464240742	-0.544098774328224	0.219842979577593	-0.213241723322427	1.73092413365894	0.864483013415246	-0.204371348580118	-0.22392243281166	-0.125180999002698	0.0204558036772947	1.20162053570708	1.61243875587552	-0.309282509721378	-0.0594492940603646	-0.581946977383207	-0.539344318123979
VAL133A	1.45191093482141	1.74000188240801	0.680109983629406	0.505353673079176	2.20896836416403	4.15067244328481	1.19216620005068	1.34993238066458	0.77812508980077	0.700473061057633	-0.560606806828383	-0.512000271637892	-0.943311654650203	-0.829161206631401	-0.772571420041355	-0.539344318123979
ALA79A	1.0131270405142	1.74000188240801	1.25544373869417	1.94254446588238	0.055545865353923	0.0710547113370394	0.726653683840417	1.34993238066458	1.27083750187539	1.92450412434224	0.057521406433419	0.24732327040768	0.324746635207447	0.710262618510672	0.752424121223828	1.05535162248298
HIS80A	1.89069482912862	0.826361619713514	2.06091099578484	1.51138722804142	4.10558105542373	3.99848260984627	1.65767871626095	1.34993238066458	2.74897473809925	2.33251447877045	6.0035401948524	5.93777577258371	3.49489235985157	3.01939835622378	3.99303964641234	3.60686512745411
LEU210A	1.45191093482141	1.74000188240801	1.94584424477189	2.8048589415643	1.42075124921495	2.79389821607645	1.19216620005068	1.34993238066458	0.77812508980077	1.51649376991404	2.78552725429551	4.83062124241925	3.49489235985157	3.78911026879482	3.99303964641234	4.56368269181828
PRO200A	1.89069482912862	1.74000188240801	1.71571074274598	1.94254446588238	0.844874711071617	-0.331318232644278	0.26114116763015	0.300695838347086	0.367531413071921	0.836476512533701	1.07799489305472	-0.512000271637892	0.958775780136272	-0.0594492940603646	1.32429744919827	-0.539344318123979
THR20A	1.0131270405142	1.28318175106076	1.48557724072008	1.94254446588238	0.680894422700688	0.843797281417968	1.19216620005068	1.34993238066458	1.68143117860424	2.33251447877045	0.217860118721935	0.636457670304025	0.958775780136272	0.710262618510672	0.752424121223828	1.05535162248298
GLY21A	1.0131270405142	1.74000188240801	1.14037698768122	1.79882538660206	0.354601442111754	0.826261405477401	1.65767871626095	2.39916892298207	2.50261853206194	3.14853518762685	-0.560606806828383	-0.512000271637892	-0.309282509721378	-0.0594492940603646	-0.39132253472506	-0.220405130002587
GLY23A	1.45191093482141	1.74000188240801	1.25544373869417	2.0862635451627	-0.06952384611543	-0.339001054444975	1.19216620005068	1.34993238066458	1.76354991395001	2.60452138172258	-0.560606806828383	-0.512000271637892	-0.309282509721378	-0.0594492940603646	-0.200698092066912	0.417473246240195
ASP101A	0.574343146206996	0.369541488366268	1.25544373869417	1.08022999020046	1.86433182589292	1.20875403645976	0.26114116763015	-0.22392243281166	0.77812508980077	0.700473061057633	2.95935240032792	2.14902163304179	2.22683406999392	2.24968644365275	1.70554633451457	1.37429081060437
SER25A	1.0131270405142	0.826361619713514	1.48557724072008	1.51138722804142	-0.476973172813367	-0.528809619006141	1.65767871626095	1.34993238066458	2.42049979671617	2.06050757581831	-0.295373609865137	-0.299617234957511	0.324746635207447	0.710262618510672	1.32429744919827	2.01216918684715
VAL204A	0.574343146206996	0.369541488366268	0.795176734642359	0.936510910920137	-0.634283076572597	-0.460950276795153	-0.204371348580118	-0.22392243281166	0.0390564716888418	0.156459255153362	-0.39202638502971	-0.206125283210791	0.958775780136272	1.47997453108171	1.51492189185642	2.33110837496854
ASP222A	-0.742008536714628	-0.087278642980978	-0.355490775487172	-0.0695226440421064	-0.665411538093858	-0.506147656173427	-0.669883864790385	-0.22392243281166	-0.700012146423086	-0.659561453703044	-0.560606806828383	-0.512000271637892	-0.943311654650203	-0.829161206631401	-0.772571420041355	-0.539344318123979
ILE223A	0.574343146206996	0.369541488366268	0.4499764816035	0.0741964352382142	-0.08842326918191	0.0259961304190604	0.726653683840417	0.825314109505832	0.285412677726151	0.156459255153362	0.181147049085779	0.160933973278842	0.958775780136272	1.47997453108171	1.32429744919827	2.33110837496854
LEU215A	-0.742008536714628	-1.00091890567547	-0.585624277513079	-0.93183711972403	-0.555906057385136	-0.341251722617525	-0.669883864790385	-0.748540703970406	-0.700012146423086	-0.795564905179112	-0.560606806828383	-0.512000271637892	-0.943311654650203	-0.829161206631401	-0.772571420041355	-0.539344318123979
MET230A	-0.742008536714628	-0.544098774328224	-0.700691028526032	-0.644398961163389	0.0544341345853065	0.438527240282372	-0.204371348580118	-0.22392243281166	-0.700012146423086	-0.795564905179112	0.285292287441404	1.03311320457775	0.324746635207447	0.710262618510672	-0.0100736494087639	-0.220405130002587
ALA197A	1.0131270405142	0.826361619713514	1.37051048970712	0.936510910920137	1.05054490326566	2.23928655552834	0.726653683840417	0.825314109505832	0.77812508980077	0.836476512533701	-0.560606806828383	-0.512000271637892	-0.943311654650203	-0.829161206631401	-0.772571420041355	-0.539344318123979
VAL192A	-0.30322464240742	0.369541488366268	0.10477622856464	0.649072752359496	-0.590369711212247	-0.406973100132432	0.26114116763015	0.825314109505832	0.367531413071921	0.700473061057633	-0.560606806828383	-0.512000271637892	-0.943311654650203	-0.829161206631401	-0.772571420041355	-0.539344318123979
VAL193A	1.45191093482141	0.826361619713514	0.4499764816035	-0.644398961163389	0.327919903664958	0.194747129840292	1.65767871626095	0.825314109505832	0.86024382514654	-0.115547647798773	0.0874912591976276	0.348708160823439	0.324746635207447	0.710262618510672	-0.39132253472506	0.0985340581188039
ASN158A	-1.18079243102184	-1.00091890567547	-1.2760247835908	-1.07555619900435	-0.633727211188289	-0.566245270511572	-0.669883864790385	-0.748540703970406	-0.864249617114626	-0.931568356655179	-0.384533921838658	-0.351193510384271	-0.309282509721378	-0.0594492940603646	-0.581946977383207	-0.220405130002587
GLU121A	-1.18079243102184	-0.544098774328224	-1.5061582856167	-0.93183711972403	-0.633727211188289	-0.566245270511572	-1.13539638100065	-0.748540703970406	-1.19272455849771	-0.931568356655179	-0.0338866444974172	-0.207512815525483	0.324746635207447	0.710262618510672	-0.581946977383207	-0.220405130002587
SER13A	0.135559251899788	0.826361619713514	0.10477622856464	1.08022999020046	-0.267411922929162	-0.287888822195911	-0.204371348580118	0.300695838347086	0.121175207034612	0.836476512533701	-0.560606806828383	-0.512000271637892	-0.943311654650203	-0.829161206631401	-0.772571420041355	-0.539344318123979
SER182A	0.574343146206996	0.369541488366268	0.4499764816035	0.792791831639817	-0.237951057560825	-0.320902742765463	0.726653683840417	0.825314109505832	0.696006354455	0.972479964009769	-0.299119841460663	-0.512000271637892	0.324746635207447	-0.829161206631401	0.180550793249384	-0.85828350624537
ASN229A	-1.61957632532904	-1.00091890567547	-1.39109153460375	-0.644398961163389	-0.633727211188289	-0.516458583717777	-1.13539638100065	-0.748540703970406	-1.02848708780617	-0.523558002226976	-0.560606806828383	-0.512000271637892	-0.943311654650203	-0.829161206631401	-0.772571420041355	-0.539344318123979
GLY216A	0.135559251899788	0.826361619713514	-0.700691028526032	-0.356960802602747	-0.410269326696378	-0.296201466819812	0.26114116763015	0.825314109505832	-0.289418469694237	-0.115547647798773	-0.560606806828383	-0.512000271637892	-0.943311654650203	-0.829161206631401	-0.772571420041355	-0.539344318123979
ARG180A	0.574343146206996	-0.544098774328224	0.334909730590547	-0.0695226440421064	-0.573137884298691	-0.682963777697225	-0.204371348580118	-1.27315897512915	-0.125180999002698	-1.06757180813125	-0.380038443924026	-0.512000271637892	0.324746635207447	-0.829161206631401	-0.0100736494087639	-0.85828350624537
LEU177A	1.0131270405142	0.826361619713514	0.795176734642359	-0.0695226440421064	-0.272414711387936	-0.311690312358319	0.26114116763015	0.300695838347086	0.0390564716888418	-0.115547647798773	0.102476185579732	-0.000485132007176591	0.958775780136272	1.47997453108171	0.56179967856568	1.05535162248298
ILE212A	0.574343146206996	0.369541488366268	1.14037698768122	0.936510910920137	-0.250180096015606	-0.283818627200049	-0.204371348580118	0.300695838347086	-0.125180999002698	0.29246270662943	0.174403832213833	0.0704678935412467	1.5928049250651	1.47997453108171	1.89617077717271	2.01216918684715
ILE155A	1.45191093482141	0.826361619713514	1.02531023666827	0.792791831639817	2.02886797964816	2.24406205716379	2.12319123247122	1.34993238066458	1.92778738464155	0.972479964009769	2.03478244255208	1.38432042356965	2.22683406999392	1.47997453108171	2.27741966248901	1.05535162248298
PRO146A	0.574343146206996	0.826361619713514	0.910243485655312	1.79882538660206	0.545263268929478	0.473994051040415	0.726653683840417	0.825314109505832	1.35295623722116	1.78850067286618	0.523552616916863	0.751605393533554	0.958775780136272	0.710262618510672	1.70554633451457	1.05535162248298
LEU10A	-0.742008536714628	-0.544098774328224	0.10477622856464	-0.644398961163389	-0.625945095807974	-0.591575669943352	-0.204371348580118	-0.22392243281166	-0.043062263656928	-0.387554550750908	-0.560606806828383	-0.512000271637892	-0.943311654650203	-0.829161206631401	-0.772571420041355	-0.539344318123979
LEU91A	-0.30322464240742	-0.544098774328224	-1.16095803257784	-1.07555619900435	-0.382476057480967	-0.365092098553318	0.26114116763015	-0.22392243281166	-0.617893411077317	-0.931568356655179	-0.0533670487941527	-0.0740584537556896	0.958775780136272	0.710262618510672	-0.200698092066912	-0.220405130002587
VAL239A	1.45191093482141	1.28318175106076	0.910243485655312	0.936510910920137	-0.0428423076686347	-0.117594248502822	0.726653683840417	0.825314109505832	0.449650148417691	0.700473061057633	0.0432857263704199	0.0395327052575067	0.958775780136272	1.47997453108171	1.13367300654012	1.69322999872576
THR97A	1.0131270405142	1.74000188240801	1.14037698768122	1.65510630732174	1.00274048021516	1.82481451334233	1.65767871626095	2.39916892298207	1.5171937079127	2.46851793024651	0.194633482829673	0.867516454691046	0.324746635207447	0.710262618510672	-0.0100736494087639	-0.539344318123979
ASN214A	0.574343146206996	-0.087278642980978	0.910243485655312	0.361634593798855	-0.470858653585976	-0.350572182452086	0.726653683840417	0.300695838347086	0.77812508980077	0.564469609581566	-0.287881146674085	-0.0964795219124979	0.324746635207447	0.710262618510672	0.371175235907532	0.736412434361587
THR218A	1.0131270405142	1.74000188240801	0.4499764816035	0.505353673079176	0.180615576823276	0.42500243467644	0.726653683840417	1.34993238066458	0.285412677726151	0.29246270662943	0.942381309296678	1.32777499964505	1.5928049250651	2.24968644365275	0.56179967856568	0.417473246240195
ALA224A	0.574343146206996	0.826361619713514	0.565043232616453	0.792791831639817	-0.634283076572597	-0.528265862152232	0.726653683840417	0.825314109505832	0.61388761910923	0.972479964009769	-0.387530907115078	-0.302973788566898	1.5928049250651	1.47997453108171	1.70554633451457	0.417473246240195
LEU226A	1.0131270405142	1.28318175106076	0.219842979577593	0.505353673079176	-0.0567389422763406	0.288873314188942	1.19216620005068	1.34993238066458	0.696006354455	0.836476512533701	-0.547120373084489	-0.487366044382018	0.324746635207447	-0.0594492940603646	0.752424121223828	-0.220405130002587
PHE6A	0.574343146206996	-0.544098774328224	1.25544373869417	-0.644398961163389	1.33848317233733	-0.195474560254916	1.19216620005068	-0.22392243281166	1.02448129583808	-0.387554550750908	0.825498883516264	-0.153428218582949	0.958775780136272	-0.0594492940603646	1.32429744919827	-0.220405130002587
ARG237A	-0.30322464240742	-0.544098774328224	-0.585624277513079	-0.93183711972403	-0.710992499607134	-0.682963777697225	-1.13539638100065	-1.27315897512915	-1.11060582315194	-1.06757180813125	-0.560606806828383	-0.512000271637892	-0.943311654650203	-0.829161206631401	-0.772571420041355	-0.539344318123979
GLU234A	-0.30322464240742	-1.00091890567547	-0.585624277513079	-1.07555619900435	0.0527665384323818	-0.682963777697225	-0.669883864790385	-1.27315897512915	-0.864249617114626	-1.06757180813125	-0.159760026107093	-0.512000271637892	-0.309282509721378	-0.829161206631401	-0.581946977383207	-0.85828350624537
ALA236A	0.574343146206996	1.28318175106076	0.680109983629406	1.51138722804142	-0.177361730671228	-0.105671503054879	-0.669883864790385	-0.22392243281166	-0.700012146423086	0.0204558036772947	-0.560606806828383	-0.512000271637892	-0.943311654650203	-0.829161206631401	-0.772571420041355	-0.539344318123979
TYR228A	0.574343146206996	-0.544098774328224	0.4499764816035	-0.93183711972403	0.331255095970808	-0.449526763325919	0.726653683840417	-0.22392243281166	0.531768883763461	-0.795564905179112	0.35796918039461	-0.19038674913065	2.22683406999392	0.710262618510672	1.51492189185642	-0.539344318123979
LEU82A	0.135559251899788	0.369541488366268	0.4499764816035	0.361634593798855	-0.198484615274941	0.0193105571721935	-0.204371348580118	0.300695838347086	-0.453655940385777	-0.115547647798773	-0.0908293647494135	-0.053725733996569	-0.309282509721378	-0.0594492940603646	-0.581946977383207	-0.220405130002587
GLY188A	1.45191093482141	2.19682201375525	1.71571074274598	2.37370170372334	0.980505864842827	1.78598971986717	2.12319123247122	2.92378719414081	2.99533094413655	3.55654554205506	-0.278140944525717	-0.323016838968318	0.324746635207447	0.710262618510672	0.180550793249384	1.05535162248298
PRO219A	0.135559251899788	0.369541488366268	-0.240424024474219	0.217915514518535	-0.759908653426258	-0.678990381707926	-0.204371348580118	-0.22392243281166	-0.535774675731547	-0.387554550750908	-0.390527892391499	-0.259322409957315	-0.309282509721378	-0.0594492940603646	-0.200698092066912	0.417473246240195
LEU72A	0.574343146206996	0.369541488366268	0.334909730590547	0.505353673079176	0.0788922114948689	-0.241916822885054	0.26114116763015	0.300695838347086	0.121175207034612	0.428466158105498	-0.560606806828383	-0.512000271637892	-0.943311654650203	-0.829161206631401	-0.772571420041355	-0.539344318123979
PHE69A	1.0131270405142	-0.087278642980978	0.910243485655312	0.505353673079176	1.4240864415208	-0.120792529120412	0.726653683840417	0.300695838347086	0.367531413071921	0.156459255153362	-0.560606806828383	-0.512000271637892	-0.943311654650203	-0.829161206631401	-0.772571420041355	-0.539344318123979
GLY67A	0.135559251899788	0.369541488366268	-0.240424024474219	-0.213241723322427	-0.637618268878447	-0.577823283359092	-0.669883864790385	-0.748540703970406	-0.782130881768856	-0.795564905179112	-0.560606806828383	-0.512000271637892	-0.943311654650203	-0.829161206631401	-0.772571420041355	-0.539344318123979
PHE63A	0.574343146206996	0.369541488366268	-0.0102905224483129	-0.213241723322427	0.626419615038481	0.770307791233411	-0.204371348580118	0.300695838347086	-0.782130881768856	-0.251551099274841	0.005074164096054	-0.343874335816206	0.324746635207447	0.710262618510672	-0.39132253472506	0.0985340581188039
ARG205A	-1.18079243102184	-1.00091890567547	-1.2760247835908	-1.07555619900435	-0.764355576500724	-0.682963777697225	-1.60090889721092	-1.27315897512915	-1.27484329384348	-0.931568356655179	-0.560606806828383	-0.512000271637892	-0.943311654650203	-0.829161206631401	-0.772571420041355	-0.539344318123979
LEU201A	-0.742008536714628	-0.544098774328224	-0.585624277513079	-0.788118040443709	-0.504766442028778	-0.537784051251456	-1.13539638100065	-0.748540703970406	-0.946368352460396	-0.523558002226976	-0.210708775806248	-0.311981592746662	0.324746635207447	-0.0594492940603646	0.180550793249384	0.0985340581188039
PHE33A	0.135559251899788	-0.087278642980978	-0.0102905224483129	-0.0695226440421064	0.339593076735431	-0.157480581412466	-0.204371348580118	-0.22392243281166	-0.371537205040007	-0.523558002226976	0.955118496721466	1.07155209596158	0.324746635207447	-0.0594492940603646	-0.581946977383207	-0.539344318123979
ASP150A	-0.742008536714628	-0.544098774328224	-0.815757779538985	-0.93183711972403	-0.764355576500724	-0.682963777697225	-1.13539638100065	-0.748540703970406	-1.02848708780617	-1.06757180813125	-0.560606806828383	-0.512000271637892	-0.943311654650203	-0.829161206631401	-0.772571420041355	-0.539344318123979
CYS148A	1.0131270405142	1.28318175106076	0.219842979577593	0.505353673079176	0.268998172928285	-0.467956211900615	0.26114116763015	0.300695838347086	0.449650148417691	0.29246270662943	-0.560606806828383	-0.512000271637892	-0.943311654650203	-0.829161206631401	-0.772571420041355	-0.539344318123979
MET184A	1.0131270405142	0.369541488366268	1.71571074274598	0.649072752359496	0.449098557444154	-0.0625729928130743	0.726653683840417	0.825314109505832	0.531768883763461	0.836476512533701	0.922900904999942	0.0649122997821648	2.22683406999392	1.47997453108171	2.27741966248901	1.69322999872576
SER178A	0.135559251899788	-0.087278642980978	0.565043232616453	0.217915514518535	-0.215160576804188	-0.625661362486641	-0.204371348580118	-0.22392243281166	-0.125180999002698	0.0204558036772947	-0.39352487766792	-0.433052930515996	0.324746635207447	0.710262618510672	0.943048563881975	1.37429081060437
ARG379B	-1.18079243102184	-1.00091890567547	-1.04589128156489	-1.21927527828467	-0.633727211188289	-0.643726492302899	-0.669883864790385	-0.748540703970406	-0.864249617114626	-0.931568356655179	-0.384533921838658	-0.457941828493058	0.324746635207447	-0.0594492940603646	-0.39132253472506	-0.539344318123979
GLU198A	-0.742008536714628	-1.00091890567547	-0.240424024474219	-1.21927527828467	-0.720442211140374	-0.643726492302899	-1.13539638100065	-0.748540703970406	-1.19272455849771	-0.931568356655179	-0.501416347619071	-0.457941828493058	-0.309282509721378	-0.0594492940603646	-0.581946977383207	-0.539344318123979
GLY374B	-0.30322464240742	0.369541488366268	-1.16095803257784	-0.644398961163389	-0.115660673013014	0.158742999095089	0.26114116763015	0.825314109505832	-0.864249617114626	-0.795564905179112	-0.560606806828383	-0.512000271637892	-0.943311654650203	-0.829161206631401	-0.772571420041355	-0.539344318123979
SER376B	-1.18079243102184	-1.00091890567547	-1.16095803257784	-0.93183711972403	-0.764355576500724	-0.682963777697225	-1.13539638100065	-1.27315897512915	-1.02848708780617	-1.06757180813125	-0.560606806828383	-0.512000271637892	-0.943311654650203	-0.829161206631401	-0.772571420041355	-0.539344318123979
GLY243A	0.135559251899788	0.826361619713514	-0.470557526500126	0.217915514518535	-0.304654903677814	-0.294897869860199	-0.204371348580118	0.300695838347086	-0.535774675731547	0.0204558036772947	-0.165753996659935	-0.188762751457453	-0.309282509721378	-0.0594492940603646	-0.39132253472506	0.0985340581188039
ILE159A	-0.30322464240742	-0.544098774328224	0.334909730590547	-0.0695226440421064	-0.501431249722929	-0.594915141894542	-0.669883864790385	-0.748540703970406	-0.371537205040007	-0.659561453703044	-0.478189711726809	-0.462731817126144	0.324746635207447	-0.0594492940603646	-0.0100736494087639	-0.539344318123979
PRO157A	1.0131270405142	1.28318175106076	0.910243485655312	0.792791831639817	0.203406057579914	0.972606316136941	0.726653683840417	1.34993238066458	0.77812508980077	0.836476512533701	0.599975741465594	1.5586433860364	0.324746635207447	-0.0594492940603646	-0.200698092066912	-0.85828350624537
ARG238A	-0.30322464240742	-0.544098774328224	-0.585624277513079	-1.21927527828467	-0.574805480451616	-0.344231769609499	-0.669883864790385	-0.748540703970406	-0.700012146423086	-1.06757180813125	-0.305113812013505	-0.04531852195717	0.324746635207447	-0.0594492940603646	0.371175235907532	-0.85828350624537
GLU242A	-0.742008536714628	-1.00091890567547	-0.815757779538985	-1.07555619900435	-0.653738365023385	-0.682963777697225	-1.13539638100065	-1.27315897512915	-1.11060582315194	-1.06757180813125	-0.411506789326445	-0.512000271637892	-0.309282509721378	-0.829161206631401	-0.39132253472506	-0.85828350624537
ARG14A	-0.30322464240742	-0.087278642980978	-0.355490775487172	0.217915514518535	-0.522554134326642	-0.365581164145839	-0.669883864790385	-0.22392243281166	-0.700012146423086	-0.523558002226976	-0.405512818773604	-0.228706658195342	-0.309282509721378	-0.0594492940603646	-0.581946977383207	-0.85828350624537
PHE48A	-0.742008536714628	-0.544098774328224	-0.700691028526032	-0.356960802602747	-0.654294230407694	-0.595851599117257	-0.669883864790385	-0.22392243281166	-0.782130881768856	-0.251551099274841	-0.412256035645551	-0.391983081211439	0.324746635207447	0.710262618510672	-0.200698092066912	0.417473246240195
ALA107A	1.45191093482141	1.74000188240801	1.60064399173303	2.37370170372334	0.420193557460125	0.854574928898564	0.726653683840417	0.825314109505832	0.367531413071921	0.836476512533701	0.762562192711426	1.51036304683003	2.22683406999392	3.01939835622378	3.23054187577975	3.9258043155755
VAL81A	0.574343146206996	0.826361619713514	0.680109983629406	1.08022999020046	-0.517551345867868	-0.561553584012288	-0.669883864790385	-0.22392243281166	-0.371537205040007	0.156459255153362	-0.0518685561559423	-0.0231161037085382	1.5928049250651	1.47997453108171	1.13367300654012	1.37429081060437
LEU191A	1.45191093482141	1.28318175106076	1.60064399173303	1.51138722804142	2.31013586410813	1.75934853139859	1.65767871626095	1.87455065182332	1.35295623722116	1.51649376991404	1.24582606853429	0.333063729899372	-0.309282509721378	-0.0594492940603646	-0.0100736494087639	0.0985340581188039
SER189A	1.0131270405142	-0.087278642980978	1.60064399173303	0.0741964352382142	4.50135720905119	2.84182542899697	1.65767871626095	0.300695838347086	1.92778738464155	0.29246270662943	5.04675264535504	4.34421276687058	2.22683406999392	1.47997453108171	1.32429744919827	-0.220405130002587
LEU166A	0.574343146206996	0.369541488366268	0.334909730590547	0.361634593798855	1.24454192238924	2.21513192199762	0.726653683840417	0.825314109505832	0.367531413071921	0.428466158105498	1.91939850940988	2.37978429456553	1.5928049250651	0.710262618510672	1.13367300654012	0.0985340581188039
LYS381B	0.135559251899788	-0.544098774328224	-0.240424024474219	-0.644398961163389	0.879338364898728	-0.365059910926477	0.726653683840417	-0.22392243281166	0.121175207034612	-0.387554550750908	0.208869162892672	-0.321724948588653	-0.309282509721378	-0.0594492940603646	-0.772571420041355	-0.539344318123979
GLN105A	-0.30322464240742	-0.087278642980978	-0.240424024474219	0.0741964352382142	1.16171798012731	1.43384645663521	0.26114116763015	0.300695838347086	0.203293942380381	0.564469609581566	-0.560606806828383	-0.512000271637892	-0.943311654650203	-0.829161206631401	-0.772571420041355	-0.539344318123979
GLY108A	0.135559251899788	0.826361619713514	-0.125357273461266	0.649072752359496	-0.584811057369164	-0.460517066098767	0.726653683840417	1.34993238066458	0.121175207034612	0.29246270662943	-0.560606806828383	-0.512000271637892	-0.943311654650203	-0.829161206631401	-0.772571420041355	-0.539344318123979
ALA22A	0.135559251899788	-0.087278642980978	0.10477622856464	0.361634593798855	-0.394149230551439	-0.244987863435662	0.26114116763015	-0.22392243281166	0.449650148417691	0.0204558036772947	-0.560606806828383	-0.512000271637892	-0.943311654650203	-0.829161206631401	-0.772571420041355	-0.539344318123979
THR26A	0.574343146206996	0.826361619713514	0.4499764816035	1.08022999020046	-0.701542788073894	-0.572702038994183	0.726653683840417	0.825314109505832	0.449650148417691	0.564469609581566	-0.560606806828383	-0.512000271637892	-0.943311654650203	-0.829161206631401	-0.772571420041355	-0.539344318123979
GLN168A	-0.742008536714628	-0.544098774328224	-0.930824530551938	-0.213241723322427	-0.50421057664447	-0.218076446949261	-0.669883864790385	-0.22392243281166	-0.617893411077317	-0.115547647798773	-0.560606806828383	-0.512000271637892	-0.309282509721378	-0.0594492940603646	-0.200698092066912	-0.220405130002587
LEU78A	-0.30322464240742	-0.544098774328224	-0.125357273461266	-0.788118040443709	-0.363576634414487	-0.280657433780718	-0.204371348580118	-0.22392243281166	-0.535774675731547	-0.931568356655179	-0.560606806828383	-0.512000271637892	-0.943311654650203	-0.829161206631401	-0.772571420041355	-0.539344318123979
VAL233A	1.45191093482141	0.826361619713514	0.680109983629406	0.649072752359496	0.800405480326958	0.821133064814375	0.726653683840417	0.825314109505832	0.531768883763461	1.10848341548584	0.608217450975752	1.11480709930437	0.324746635207447	0.710262618510672	-0.0100736494087639	0.0985340581188039
ASP135A	-0.742008536714628	-0.544098774328224	-0.355490775487172	-0.500679881883068	-0.690425480387729	-0.658802933570964	-0.669883864790385	-0.22392243281166	-0.700012146423086	-0.387554550750908	-0.560606806828383	-0.512000271637892	-0.943311654650203	-0.829161206631401	-0.772571420041355	-0.539344318123979
TYR131A	0.135559251899788	-0.544098774328224	-0.355490775487172	-1.07555619900435	-0.170135480675221	-0.346405717630156	0.26114116763015	-0.22392243281166	-0.043062263656928	-0.795564905179112	0.240337508295091	-0.048313638573762	0.958775780136272	0.710262618510672	0.56179967856568	-0.220405130002587
LYS227A	-0.742008536714628	-0.087278642980978	-0.930824530551938	-0.500679881883068	-0.231280672949126	-0.16226715830223	-0.204371348580118	0.300695838347086	-0.371537205040007	-0.115547647798773	-0.122297710151832	0.0958559758813758	-0.309282509721378	-0.0594492940603646	-0.39132253472506	0.0985340581188039
ILE30A	1.0131270405142	0.369541488366268	1.14037698768122	1.08022999020046	0.832089807232528	1.79293661022778	1.19216620005068	0.825314109505832	1.35295623722116	1.38049031843797	1.56725273943043	2.89912562577885	0.958775780136272	1.47997453108171	0.943048563881975	2.01216918684715
PRO31A	-0.742008536714628	-0.087278642980978	-0.585624277513079	0.0741964352382142	-0.700986922689585	-0.601009256277504	-1.13539638100065	-0.748540703970406	-1.02848708780617	-0.523558002226976	0.87944461849184	0.534835404417613	-0.309282509721378	-0.0594492940603646	-0.581946977383207	-0.539344318123979
GLU87A	-0.30322464240742	-0.087278642980978	-1.04589128156489	-1.07555619900435	-0.0611858653508065	0.284558145697042	0.26114116763015	0.300695838347086	-0.289418469694237	-0.931568356655179	-0.560606806828383	-0.512000271637892	-0.943311654650203	-0.829161206631401	-0.772571420041355	-0.539344318123979
SER109A	-0.30322464240742	-1.45773903702272	-0.355490775487172	-1.21927527828467	-0.594816634286712	-0.682963777697225	0.26114116763015	-1.27315897512915	0.0390564716888418	-1.06757180813125	-0.560606806828383	-0.512000271637892	-0.943311654650203	-0.829161206631401	-0.772571420041355	-0.539344318123979
ASP144A	-0.30322464240742	-0.544098774328224	-0.355490775487172	-0.500679881883068	-0.706545576532668	-0.682963777697225	-0.669883864790385	-0.748540703970406	-0.617893411077317	-1.06757180813125	-0.560606806828383	-0.512000271637892	-0.309282509721378	-0.0594492940603646	-0.581946977383207	-0.85828350624537
LEU140A	1.45191093482141	1.74000188240801	0.565043232616453	1.22394906948078	-0.0589624038135735	0.346397664919468	1.65767871626095	1.87455065182332	0.86024382514654	1.2444868669619	-0.534383185659701	-0.464100385307026	-0.309282509721378	-0.0594492940603646	0.180550793249384	0.0985340581188039
THR16A	0.574343146206996	1.28318175106076	0.680109983629406	1.51138722804142	0.441872307448147	0.720757074931518	0.726653683840417	1.34993238066458	0.696006354455	1.51649376991404	-0.0833369015583613	-0.237747909513172	0.324746635207447	0.710262618510672	0.180550793249384	0.736412434361587
VAL17A	0.574343146206996	1.28318175106076	0.795176734642359	1.3676681487611	-0.00559932691998292	0.161239835052714	0.26114116763015	0.825314109505832	0.449650148417691	1.2444868669619	0.883940096406471	1.24861118741997	2.22683406999392	3.01939835622378	2.46804410514716	4.24474350369689
PHE220A	1.0131270405142	-1.00091890567547	1.14037698768122	-0.500679881883068	0.404629326699495	-0.682963777697225	0.726653683840417	-0.748540703970406	0.449650148417691	-0.523558002226976	0.272555100016616	-0.512000271637892	0.324746635207447	-0.829161206631401	0.56179967856568	-0.85828350624537
CYS124A	0.574343146206996	1.28318175106076	-0.125357273461266	0.505353673079176	0.211188172960229	0.668347715444934	1.19216620005068	1.87455065182332	0.449650148417691	0.972479964009769	-0.560606806828383	-0.512000271637892	-0.943311654650203	-0.829161206631401	-0.772571420041355	-0.539344318123979
VAL125A	-0.30322464240742	-0.087278642980978	0.334909730590547	0.361634593798855	0.722584326523805	1.40207576768734	-0.204371348580118	-0.22392243281166	0.285412677726151	0.156459255153362	0.49882748838639	1.42315513612909	-0.309282509721378	-0.0594492940603646	-0.39132253472506	-0.220405130002587
ASP149A	-0.30322464240742	-0.544098774328224	-0.700691028526032	-0.93183711972403	-0.62705682657659	-0.620443125894777	-0.669883864790385	-0.22392243281166	-0.782130881768856	-0.523558002226976	-0.375542966009395	-0.425863601710941	0.324746635207447	0.710262618510672	0.180550793249384	0.417473246240195
ASP49A	-0.742008536714628	-0.544098774328224	-1.39109153460375	-1.07555619900435	-0.215716442188496	0.140522541084959	-0.204371348580118	-0.22392243281166	-0.946368352460396	-0.931568356655179	-0.560606806828383	-0.512000271637892	-0.943311654650203	-0.829161206631401	-0.772571420041355	-0.539344318123979
ASP51A	-0.742008536714628	-0.544098774328224	-1.2760247835908	-0.644398961163389	-0.676528845780023	-0.526014636119921	-1.13539638100065	-0.748540703970406	-1.11060582315194	-0.795564905179112	-0.560606806828383	-0.512000271637892	-0.943311654650203	-0.829161206631401	-0.772571420041355	-0.539344318123979
GLU114A	0.135559251899788	-0.087278642980978	0.219842979577593	-0.213241723322427	0.389065095938864	-0.398445250196696	0.726653683840417	0.300695838347086	0.449650148417691	0.0204558036772947	-0.560606806828383	-0.512000271637892	-0.943311654650203	-0.829161206631401	-0.772571420041355	-0.539344318123979
VAL112A	0.574343146206996	1.28318175106076	0.334909730590547	0.649072752359496	1.71202471059246	3.13553715082549	0.726653683840417	1.34993238066458	0.77812508980077	1.2444868669619	-0.560606806828383	-0.512000271637892	-0.943311654650203	-0.829161206631401	-0.772571420041355	-0.539344318123979
GLN98A	0.135559251899788	-0.087278642980978	1.02531023666827	0.361634593798855	4.34349143990765	1.7644017603073	0.726653683840417	0.300695838347086	1.10660003118385	0.428466158105498	5.17262602696472	2.29511106885904	0.958775780136272	-0.0594492940603646	0.752424121223828	0.0985340581188039
THR225A	-0.742008536714628	-0.544098774328224	-0.355490775487172	-0.213241723322427	-0.634283076572597	-0.622089896648633	-0.669883864790385	-0.22392243281166	-0.453655940385777	0.156459255153362	-0.559857560509278	-0.512000271637892	-0.309282509721378	-0.829161206631401	-0.200698092066912	-0.85828350624537
GLU164A	0.135559251899788	0.369541488366268	0.334909730590547	0.649072752359496	4.28790490147683	1.79341552187184	0.726653683840417	0.825314109505832	1.10660003118385	1.38049031843797	1.96959801278993	1.08263997770114	-0.309282509721378	-0.0594492940603646	-0.39132253472506	0.0985340581188039
GLY163A	-0.30322464240742	0.369541488366268	-0.470557526500126	-0.0695226440421064	0.65810394194405	1.72090860820173	0.26114116763015	0.825314109505832	0.0390564716888418	0.29246270662943	0.208869162892672	0.703243927078563	-0.309282509721378	-0.0594492940603646	-0.772571420041355	-0.539344318123979
LEU187A	1.45191093482141	0.826361619713514	2.63624475084961	1.65510630732174	1.2556592300754	0.614846708575046	1.19216620005068	0.300695838347086	2.00990611998732	0.700473061057633	2.94736445922223	2.69737521817795	2.86086321492275	2.24968644365275	2.46804410514716	1.69322999872576
GLU141A	-1.61957632532904	-1.00091890567547	-1.85135853865556	-1.21927527828467	-0.764355576500724	-0.682963777697225	-1.60090889721092	-1.27315897512915	-1.27484329384348	-0.931568356655179	-0.560606806828383	-0.512000271637892	-0.943311654650203	-0.829161206631401	-0.772571420041355	-0.539344318123979
LYS138A	-1.61957632532904	-1.00091890567547	-1.85135853865556	-1.21927527828467	-0.764355576500724	-0.682963777697225	-1.60090889721092	-1.27315897512915	-1.27484329384348	-0.931568356655179	-0.560606806828383	-0.512000271637892	-0.943311654650203	-0.829161206631401	-0.772571420041355	-0.539344318123979
PHE162A	-0.742008536714628	-1.00091890567547	-0.470557526500126	-0.644398961163389	0.160048557603871	-0.505066515530614	-0.204371348580118	-0.748540703970406	-0.207299734348468	-0.523558002226976	0.00207717881963314	-0.266905613946662	-0.309282509721378	-0.0594492940603646	-0.581946977383207	-0.220405130002587
ALA64A	0.574343146206996	1.28318175106076	0.4499764816035	0.936510910920137	-0.141230480691192	0.124174173123098	-1.13539638100065	-0.748540703970406	-0.946368352460396	-0.659561453703044	1.12220042588193	2.56180386262282	0.324746635207447	0.710262618510672	0.371175235907532	0.0985340581188039
TYR61A	1.45191093482141	0.826361619713514	1.83077749375894	1.79882538660206	0.490232595882963	1.01176043052957	1.65767871626095	1.34993238066458	2.17414359067886	1.65249722139011	2.8132493681024	1.82287461422388	2.86086321492275	1.47997453108171	1.89617077717271	0.736412434361587
ARG156A	2.32947872343583	1.74000188240801	0.680109983629406	0.361634593798855	1.86544355666154	1.55829694462226	2.12319123247122	1.34993238066458	1.27083750187539	0.564469609581566	0.730344600989902	-0.251676251127278	0.958775780136272	0.710262618510672	-0.200698092066912	-0.220405130002587
PHE161A	1.0131270405142	-0.087278642980978	0.680109983629406	-0.213241723322427	0.146707788380474	-0.052706935194333	1.65767871626095	0.300695838347086	1.59931244325847	0.29246270662943	-0.193476110466828	-0.512000271637892	-0.309282509721378	-0.829161206631401	-0.39132253472506	-0.85828350624537
SER190A	0.135559251899788	-0.544098774328224	0.334909730590547	0.0741964352382142	-0.633727211188289	-0.67155478058314	0.26114116763015	-0.748540703970406	0.203293942380381	-0.523558002226976	-0.40925905036913	-0.512000271637892	0.324746635207447	-0.829161206631401	0.752424121223828	-0.85828350624537
PRO57A	1.0131270405142	1.28318175106076	0.334909730590547	0.0741964352382142	-0.378584999790809	-0.529991731621954	-0.669883864790385	-0.748540703970406	-0.453655940385777	-0.523558002226976	-0.0406298613693641	-0.301245868717224	0.324746635207447	-0.0594492940603646	0.371175235907532	0.417473246240195
VAL145A	1.45191093482141	0.826361619713514	0.4499764816035	0.217915514518535	0.101682692251507	0.0248606629961684	0.726653683840417	0.825314109505832	0.531768883763461	0.156459255153362	0.289787765356036	0.463191740225427	1.5928049250651	2.24968644365275	0.943048563881975	1.05535162248298
SER28A	0.135559251899788	-0.544098774328224	0.334909730590547	-0.644398961163389	-0.284643749842717	-0.194008259182878	0.26114116763015	-0.22392243281166	0.367531413071921	-0.387554550750908	-0.560606806828383	-0.512000271637892	-0.943311654650203	-0.829161206631401	-0.772571420041355	-0.539344318123979
ASP231A	-0.742008536714628	-0.087278642980978	-0.240424024474219	0.361634593798855	0.332366826739424	1.19703520706353	-0.204371348580118	0.300695838347086	-0.289418469694237	0.29246270662943	-0.560606806828383	-0.512000271637892	-0.943311654650203	-0.829161206631401	-0.772571420041355	-0.539344318123979
ALA84A	0.574343146206996	1.28318175106076	0.565043232616453	1.3676681487611	-0.629280288113823	-0.454540647678997	-0.204371348580118	0.300695838347086	-0.207299734348468	0.156459255153362	-0.560606806828383	-0.512000271637892	-0.309282509721378	-0.0594492940603646	-0.200698092066912	0.0985340581188039
LYS65A	-0.742008536714628	-1.00091890567547	-0.355490775487172	-0.213241723322427	-0.633727211188289	-0.682963777697225	-0.669883864790385	-0.748540703970406	-0.453655940385777	-0.251551099274841	-0.560606806828383	-0.512000271637892	-0.943311654650203	-0.829161206631401	-0.772571420041355	-0.539344318123979
PRO70A	0.574343146206996	1.28318175106076	0.219842979577593	0.361634593798855	-0.415827980539461	-0.0601339563746324	0.26114116763015	0.825314109505832	-0.617893411077317	-0.387554550750908	-0.560606806828383	-0.512000271637892	-0.943311654650203	-0.829161206631401	-0.772571420041355	-0.539344318123979
GLU58A	-0.30322464240742	-0.544098774328224	-0.355490775487172	-0.500679881883068	-0.699319326536661	-0.682963777697225	-0.669883864790385	-1.27315897512915	-0.782130881768856	-1.06757180813125	-0.472944987493073	-0.512000271637892	0.324746635207447	-0.829161206631401	-0.0100736494087639	-0.85828350624537
GLY29A	-0.30322464240742	0.369541488366268	-0.240424024474219	0.505353673079176	-0.571470288145767	-0.420226197045272	0.26114116763015	0.825314109505832	-0.043062263656928	0.428466158105498	-0.560606806828383	-0.512000271637892	-0.943311654650203	-0.829161206631401	-0.772571420041355	-0.539344318123979
LEU147A	0.574343146206996	0.369541488366268	0.4499764816035	0.505353673079176	-0.544788749698971	-0.415752897416878	1.19216620005068	0.825314109505832	1.18871876652962	0.836476512533701	-0.55161585099912	-0.503788862552601	0.958775780136272	0.710262618510672	0.943048563881975	1.05535162248298
LYS139A	-0.742008536714628	-0.544098774328224	-0.585624277513079	-0.500679881883068	-0.633727211188289	-0.677749447655586	-0.204371348580118	-0.22392243281166	-0.043062263656928	-0.251551099274841	-0.384533921838658	-0.504816325010047	0.958775780136272	0.710262618510672	0.943048563881975	0.417473246240195
ALA181A	1.45191093482141	1.28318175106076	1.14037698768122	1.51138722804142	-0.633727211188289	-0.513371861932781	1.65767871626095	1.34993238066458	1.5171937079127	1.2444868669619	-0.461706292706495	-0.419310673739983	1.5928049250651	2.24968644365275	1.51492189185642	2.33110837496854
VAL186A	1.0131270405142	1.74000188240801	2.4061112488237	2.51742078300366	-0.0945377884093006	0.45491749873823	0.26114116763015	0.825314109505832	0.61388761910923	1.2444868669619	1.19787430411156	1.79121690043945	1.5928049250651	2.24968644365275	3.0399174331216	3.28792593933272
ASN99A	0.135559251899788	-0.087278642980978	1.02531023666827	0.792791831639817	0.114467596090596	-0.311645698784927	0.26114116763015	0.300695838347086	1.35295623722116	1.2444868669619	0.026053061031	-0.512000271637892	0.324746635207447	-0.829161206631401	0.371175235907532	-0.85828350624537
ILE175A	-0.30322464240742	-1.00091890567547	-0.240424024474219	-1.07555619900435	-0.509213365103244	-0.682963777697225	-1.13539638100065	-1.27315897512915	-0.864249617114626	-1.06757180813125	-0.21670274635909	-0.512000271637892	-0.309282509721378	-0.829161206631401	-0.0100736494087639	-0.85828350624537
LEU171A	-0.30322464240742	-0.544098774328224	0.10477622856464	-0.500679881883068	-0.295205192144574	-0.263770500826198	-1.13539638100065	-0.748540703970406	-0.946368352460396	-0.387554550750908	0.0717570864964181	0.0655355006942625	-0.309282509721378	-0.0594492940603646	-0.581946977383207	-0.220405130002587
LEU183A	2.32947872343583	1.74000188240801	1.48557724072008	1.65510630732174	-0.320219134438444	-0.258545509510779	2.12319123247122	1.34993238066458	1.59931244325847	1.10848341548584	-0.556111328913752	-0.512000271637892	0.324746635207447	-0.0594492940603646	0.752424121223828	0.0985340581188039
LEU83A	1.0131270405142	0.826361619713514	1.60064399173303	0.936510910920137	-0.490313942036764	-0.476843860752348	1.19216620005068	1.34993238066458	1.84566864929578	2.06050757581831	-0.34032838901145	-0.310820749048255	0.324746635207447	0.710262618510672	1.13367300654012	1.69322999872576
GLY117A	0.574343146206996	0.826361619713514	0.219842979577593	0.0741964352382142	-0.209601922961105	0.308398521632835	0.726653683840417	0.825314109505832	0.531768883763461	0.156459255153362	-0.560606806828383	-0.512000271637892	-0.943311654650203	-0.829161206631401	-0.772571420041355	-0.539344318123979
ASP221A	-0.30322464240742	-0.087278642980978	-0.355490775487172	-0.213241723322427	0.00662971153479826	-0.0671776633913476	0.26114116763015	0.300695838347086	0.0390564716888418	0.0204558036772947	0.47859783777055	0.33638764090604	0.958775780136272	1.47997453108171	0.180550793249384	0.736412434361587
GLU217A	-0.30322464240742	-1.45773903702272	-0.470557526500126	-1.21927527828467	-0.633727211188289	-0.682963777697225	0.26114116763015	-1.27315897512915	-0.043062263656928	-1.06757180813125	-0.559108314190173	-0.512000271637892	-0.309282509721378	-0.829161206631401	-0.39132253472506	-0.85828350624537
PHE53A	0.135559251899788	-0.087278642980978	0.565043232616453	0.792791831639817	-0.569246826608534	-0.637937610498783	0.26114116763015	0.300695838347086	0.77812508980077	0.836476512533701	-0.493174638108914	-0.472353070093691	-0.309282509721378	-0.0594492940603646	-0.39132253472506	0.0985340581188039
ILE50A	0.135559251899788	0.369541488366268	-0.0102905224483129	0.217915514518535	-0.057850673044957	0.418837016296575	0.26114116763015	0.300695838347086	0.61388761910923	0.564469609581566	-0.560606806828383	-0.512000271637892	-0.943311654650203	-0.829161206631401	-0.772571420041355	-0.539344318123979
CYS127A	0.135559251899788	0.826361619713514	-0.470557526500126	0.217915514518535	-0.414160384386536	-0.40711712109732	0.26114116763015	0.825314109505832	0.121175207034612	0.700473061057633	-0.560606806828383	-0.512000271637892	-0.943311654650203	-0.829161206631401	-0.772571420041355	-0.539344318123979
VAL47A	-0.742008536714628	-0.087278642980978	-0.930824530551938	-0.213241723322427	-0.0339484615197029	0.552101130256765	-0.669883864790385	-0.22392243281166	-0.864249617114626	-0.387554550750908	-0.075095192048204	0.278121119250171	-0.309282509721378	-0.0594492940603646	-0.581946977383207	-0.220405130002587
CYS151A	0.574343146206996	1.28318175106076	-0.470557526500126	0.217915514518535	-0.672637788089865	-0.581388426344142	0.26114116763015	0.825314109505832	0.0390564716888418	0.564469609581566	-0.560606806828383	-0.512000271637892	-0.943311654650203	-0.829161206631401	-0.772571420041355	-0.539344318123979
ARG106A	1.0131270405142	0.826361619713514	1.02531023666827	1.51138722804142	-0.166800288369371	0.0287707788859291	0.726653683840417	0.825314109505832	0.531768883763461	0.700473061057633	0.0125666272871061	-0.363003711007919	0.958775780136272	-0.0594492940603646	1.51492189185642	0.417473246240195
PRO76A	0.135559251899788	-0.087278642980978	0.4499764816035	0.217915514518535	-0.361353172877254	-0.167361119665431	0.26114116763015	-0.22392243281166	0.696006354455	0.0204558036772947	-0.0174032254771024	0.198361739760782	0.958775780136272	0.710262618510672	1.89617077717271	1.05535162248298
LYS110A	-1.18079243102184	-1.45773903702272	-1.16095803257784	-1.21927527828467	-0.631503749651056	-0.682963777697225	-0.669883864790385	-1.27315897512915	-0.617893411077317	-1.06757180813125	-0.560606806828383	-0.512000271637892	-0.943311654650203	-0.829161206631401	-0.772571420041355	-0.539344318123979
PRO27A	1.0131270405142	1.28318175106076	1.37051048970712	1.79882538660206	-0.502542980491545	-0.340848581586738	0.726653683840417	0.825314109505832	1.68143117860424	1.51649376991404	-0.418999252517498	-0.426593624335584	-0.309282509721378	-0.0594492940603646	-0.581946977383207	-0.220405130002587
LEU103A	2.32947872343583	2.6536421451025	1.48557724072008	1.22394906948078	2.25788451798315	0.904329582052688	2.12319123247122	2.92378719414081	1.84566864929578	2.19651102729438	3.81574094306518	2.07876873716373	2.22683406999392	2.24968644365275	3.4211663184379	3.28792593933272
LEU154A	0.574343146206996	0.369541488366268	0.910243485655312	0.936510910920137	0.0188587499895794	-0.291117219662281	1.19216620005068	0.825314109505832	0.94236256049231	0.700473061057633	-0.153016809235146	0.0278590653715494	0.958775780136272	1.47997453108171	0.371175235907532	1.05535162248298
ILE113A	-0.30322464240742	-1.00091890567547	-0.0102905224483129	-1.07555619900435	-0.241286249866675	-0.160462205104428	-0.204371348580118	-0.748540703970406	-0.453655940385777	-0.931568356655179	0.144433979449624	0.207866591505978	0.324746635207447	-0.0594492940603646	-0.39132253472506	-0.539344318123979
LEU199A	1.0131270405142	0.369541488366268	1.14037698768122	-0.0695226440421064	-0.36246490364587	-0.192746047517481	1.19216620005068	0.825314109505832	0.531768883763461	0.0204558036772947	-0.170998720893671	0.163388125627317	2.22683406999392	2.24968644365275	1.70554633451457	1.37429081060437
ILE100A	0.135559251899788	-0.087278642980978	0.795176734642359	-0.213241723322427	-0.280196826768251	-0.363531182345314	0.726653683840417	0.300695838347086	0.531768883763461	0.0204558036772947	-0.248920338080614	-0.285899757660925	0.958775780136272	0.710262618510672	-0.0100736494087639	0.417473246240195
TYR122A	0.135559251899788	-1.00091890567547	0.680109983629406	-0.788118040443709	1.05721528787736	-0.682963777697225	0.726653683840417	-0.748540703970406	0.94236256049231	-0.659561453703044	0.573002873977807	-0.512000271637892	0.324746635207447	-0.829161206631401	0.56179967856568	-0.85828350624537
VAL136A	1.45191093482141	2.19682201375525	0.795176734642359	1.65510630732174	0.551377788156869	1.42849943622749	0.726653683840417	1.34993238066458	1.02448129583808	1.38049031843797	-0.560606806828383	-0.512000271637892	0.324746635207447	0.710262618510672	1.13367300654012	1.05535162248298
HIS116A	-0.30322464240742	-0.544098774328224	0.565043232616453	-0.213241723322427	3.66644740182022	3.0887823651447	0.26114116763015	-0.22392243281166	0.61388761910923	-0.115547647798773	2.32698850700311	4.68445311117062	0.324746635207447	0.710262618510672	-0.0100736494087639	0.0985340581188039
ILE185A	1.0131270405142	-0.087278642980978	1.71571074274598	-0.213241723322427	0.351822115190212	0.261869522865651	0.26114116763015	0.300695838347086	0.121175207034612	0.156459255153362	0.0320470315838417	-0.512000271637892	0.958775780136272	-0.829161206631401	1.13367300654012	-0.85828350624537
THR18A	0.135559251899788	0.826361619713514	0.334909730590547	1.08022999020046	-0.575361345835924	-0.452637193950149	0.26114116763015	0.825314109505832	0.121175207034612	0.972479964009769	-0.535132431978806	-0.465468953487908	-0.309282509721378	-0.0594492940603646	-0.39132253472506	-0.85828350624537
PHE60A	-0.30322464240742	-0.544098774328224	-0.125357273461266	-0.356960802602747	0.017747019220963	-0.451006427312126	-0.204371348580118	-0.22392243281166	-0.207299734348468	0.0204558036772947	-0.560606806828383	-0.512000271637892	-0.309282509721378	-0.829161206631401	-0.581946977383207	-0.85828350624537
GLU5A	-1.18079243102184	-1.00091890567547	-1.04589128156489	-1.21927527828467	-0.633727211188289	-0.682963777697225	-0.669883864790385	-0.748540703970406	-0.617893411077317	-1.06757180813125	-0.560606806828383	-0.512000271637892	-0.943311654650203	-0.829161206631401	-0.772571420041355	-0.539344318123979
TYR194A	-0.742008536714628	-1.45773903702272	-0.0102905224483129	-1.21927527828467	0.471333172816483	-0.682963777697225	-0.669883864790385	-1.27315897512915	-0.535774675731547	-1.06757180813125	-0.560606806828383	-0.512000271637892	-0.943311654650203	-0.829161206631401	-0.772571420041355	-0.539344318123979
THR132A	0.135559251899788	0.369541488366268	0.10477622856464	0.217915514518535	-0.642621057337221	-0.489581191409375	0.26114116763015	0.300695838347086	-0.207299734348468	-0.115547647798773	-0.560606806828383	-0.512000271637892	-0.943311654650203	-0.829161206631401	-0.772571420041355	-0.539344318123979
HIS104A	1.45191093482141	1.28318175106076	2.1759777467978	1.94254446588238	2.29901855642196	2.01740509396371	1.65767871626095	1.87455065182332	2.50261853206194	3.14853518762685	0.613462175209488	1.63254606780402	0.324746635207447	0.710262618510672	1.32429744919827	2.01216918684715
ARG126A	-0.30322464240742	-1.45773903702272	-0.700691028526032	-1.21927527828467	-0.633727211188289	-0.682963777697225	-0.204371348580118	-1.27315897512915	-0.207299734348468	-1.06757180813125	-0.560606806828383	-0.512000271637892	-0.943311654650203	-0.829161206631401	-0.772571420041355	-0.539344318123979
ARG62A	-1.61957632532904	-1.00091890567547	-1.73629178764261	-1.21927527828467	-0.764355576500724	-0.682963777697225	-1.60090889721092	-1.27315897512915	-1.27484329384348	-0.931568356655179	-0.384533921838658	-0.272693887214347	-0.309282509721378	-0.0594492940603646	-0.772571420041355	-0.539344318123979
GLU59A	-1.18079243102184	-1.00091890567547	-1.62122503662966	-1.21927527828467	-0.764355576500724	-0.682963777697225	-1.60090889721092	-1.27315897512915	-1.27484329384348	-0.931568356655179	-0.384533921838658	-0.429693133554195	-0.309282509721378	-0.0594492940603646	-0.772571420041355	-0.539344318123979
VAL160A	1.0131270405142	1.74000188240801	1.02531023666827	1.65510630732174	3.87322932478288	5.99066396521302	1.65767871626095	2.39916892298207	1.43507497256693	1.78850067286618	3.02528607640917	3.81446971360854	0.958775780136272	1.47997453108171	-0.0100736494087639	0.417473246240195
ALA94A	-0.30322464240742	-0.087278642980978	-0.125357273461266	-0.644398961163389	-0.624277499655049	-0.511114401160051	-0.204371348580118	0.300695838347086	-0.453655940385777	-0.523558002226976	-0.442225888409759	-0.403883385348223	-0.309282509721378	-0.0594492940603646	-0.39132253472506	0.0985340581188039
ALA174A	1.45191093482141	1.74000188240801	0.680109983629406	0.361634593798855	-0.19237009604755	-0.156121420807175	-0.204371348580118	0.300695838347086	0.0390564716888418	0.156459255153362	0.210367655530883	0.213847026665516	0.958775780136272	1.47997453108171	1.51492189185642	1.69322999872576
SER55A	-0.742008536714628	-1.00091890567547	-0.815757779538985	-0.93183711972403	-0.764355576500724	-0.682963777697225	-1.60090889721092	-1.27315897512915	-1.27484329384348	-0.931568356655179	-0.560606806828383	-0.512000271637892	-0.943311654650203	-0.829161206631401	-0.772571420041355	-0.539344318123979
MET71A	1.45191093482141	0.369541488366268	1.48557724072008	0.217915514518535	-0.24906836524699	-0.154743517737078	1.65767871626095	0.825314109505832	1.35295623722116	0.564469609581566	-0.0346358908165224	0.0542543617528567	0.324746635207447	0.710262618510672	0.180550793249384	0.736412434361587
TYR54A	-0.742008536714628	-1.00091890567547	-0.0102905224483129	-0.356960802602747	-0.753238268814559	-0.673030287723978	-1.13539638100065	-0.748540703970406	-0.700012146423086	-0.387554550750908	-0.560606806828383	-0.512000271637892	-0.943311654650203	-0.829161206631401	-0.772571420041355	-0.539344318123979
GLU134A	-1.18079243102184	-1.45773903702272	-0.585624277513079	-1.21927527828467	-0.761576249579183	-0.682963777697225	-1.13539638100065	-1.27315897512915	-1.02848708780617	-1.06757180813125	-0.560606806828383	-0.512000271637892	-0.943311654650203	-0.829161206631401	-0.772571420041355	-0.539344318123979
ALA74A	0.574343146206996	0.826361619713514	0.565043232616453	0.792791831639817	-0.373582211332035	-0.340987297495894	0.726653683840417	0.825314109505832	0.86024382514654	1.10848341548584	-0.223445963231036	-0.274873669532047	0.958775780136272	1.47997453108171	0.752424121223828	1.37429081060437
ILE92A	-0.30322464240742	-0.087278642980978	-0.125357273461266	0.361634593798855	-0.573693749682999	-0.516936861068155	0.26114116763015	0.300695838347086	0.203293942380381	0.700473061057633	-0.505162579214597	-0.512000271637892	-0.309282509721378	-0.829161206631401	-0.581946977383207	-0.85828350624537
ASN46A	-1.61957632532904	-1.45773903702272	-1.62122503662966	-1.21927527828467	-0.633727211188289	-0.682963777697225	-1.13539638100065	-1.27315897512915	-1.11060582315194	-1.06757180813125	-0.560606806828383	-0.512000271637892	-0.943311654650203	-0.829161206631401	-0.772571420041355	-0.539344318123979
ILE68A	1.0131270405142	0.369541488366268	0.4499764816035	0.0741964352382142	-0.357462115187096	-0.434008488128445	0.26114116763015	0.300695838347086	0.121175207034612	0.156459255153362	-0.364304271222817	-0.31544352828262	0.324746635207447	0.710262618510672	-0.0100736494087639	0.417473246240195
VAL119A	0.574343146206996	0.826361619713514	0.795176734642359	0.792791831639817	-0.693760672693578	-0.581642179970105	0.726653683840417	0.825314109505832	0.77812508980077	0.564469609581566	-0.556111328913752	-0.503788862552601	-0.309282509721378	-0.0594492940603646	-0.39132253472506	-0.220405130002587
LEU9A	0.135559251899788	0.369541488366268	0.334909730590547	0.0741964352382142	-0.630392018882439	-0.570218666500871	0.726653683840417	0.825314109505832	0.61388761910923	0.564469609581566	-0.560606806828383	-0.512000271637892	-0.943311654650203	-0.829161206631401	-0.772571420041355	-0.539344318123979
LYS209A	-0.742008536714628	-1.45773903702272	-0.125357273461266	-1.21927527828467	-0.629280288113823	-0.682963777697225	-0.204371348580118	-1.27315897512915	0.203293942380381	-1.06757180813125	-0.528389215106859	-0.512000271637892	-0.309282509721378	-0.829161206631401	-0.581946977383207	-0.85828350624537
PRO167A	0.135559251899788	0.369541488366268	0.4499764816035	1.08022999020046	0.339593076735431	-0.0207846451772571	0.26114116763015	0.300695838347086	0.121175207034612	0.700473061057633	1.02479840439825	1.75503291999295	0.958775780136272	1.47997453108171	1.32429744919827	1.69322999872576
ALA170A	0.135559251899788	0.369541488366268	-0.240424024474219	-0.356960802602747	-0.200708076812174	0.118556837340766	-0.669883864790385	-0.22392243281166	-0.782130881768856	-0.523558002226976	-0.249669584399719	0.0559555234280893	-0.309282509721378	-0.0594492940603646	-0.581946977383207	-0.539344318123979
GLY90A	-0.742008536714628	-0.087278642980978	-1.04589128156489	-0.500679881883068	-0.451403365135188	-0.123708292203414	-0.204371348580118	0.300695838347086	-0.535774675731547	-0.387554550750908	-0.44372438104797	-0.298503635420318	-0.309282509721378	-0.0594492940603646	-0.39132253472506	-0.220405130002587
SER143A	-0.742008536714628	-0.544098774328224	-0.470557526500126	-0.356960802602747	-0.764355576500724	-0.682963777697225	-1.13539638100065	-1.27315897512915	-0.782130881768856	-1.06757180813125	-0.560606806828383	-0.512000271637892	-0.943311654650203	-0.829161206631401	-0.772571420041355	-0.539344318123979
ALA196A	0.574343146206996	0.826361619713514	0.910243485655312	1.08022999020046	0.276780288308601	0.622174849735591	0.726653683840417	0.825314109505832	0.94236256049231	0.972479964009769	-0.278890190844822	-0.254709453632098	-0.309282509721378	-0.0594492940603646	-0.0100736494087639	0.0985340581188039
LEU383B	-1.18079243102184	-0.544098774328224	-1.39109153460375	-0.93183711972403	-0.373582211332035	0.0153605674220455	-0.669883864790385	-0.22392243281166	-0.864249617114626	-0.795564905179112	-0.560606806828383	-0.512000271637892	-0.943311654650203	-0.829161206631401	-0.772571420041355	-0.539344318123979
LYS75A	-0.30322464240742	-1.45773903702272	-0.125357273461266	-1.21927527828467	-0.651514903486152	-0.682963777697225	-0.669883864790385	-1.27315897512915	-0.371537205040007	-1.06757180813125	-0.560606806828383	-0.512000271637892	-0.309282509721378	-0.829161206631401	-0.39132253472506	-0.85828350624537
GLY176A	0.574343146206996	1.28318175106076	0.219842979577593	0.361634593798855	-0.764355576500724	-0.682963777697225	-1.60090889721092	-1.27315897512915	-1.27484329384348	-0.931568356655179	-0.560606806828383	-0.512000271637892	-0.943311654650203	-0.829161206631401	-0.772571420041355	-0.539344318123979
SER179A	-0.742008536714628	-0.544098774328224	-0.585624277513079	-0.356960802602747	-0.763243845732108	-0.682963777697225	-1.13539638100065	-1.27315897512915	-1.19272455849771	-1.06757180813125	-0.560606806828383	-0.512000271637892	-0.943311654650203	-0.829161206631401	-0.772571420041355	-0.539344318123979
PRO195A	0.574343146206996	1.28318175106076	0.10477622856464	0.217915514518535	1.81763913361103	2.82008146136836	0.726653683840417	1.34993238066458	-0.125180999002698	0.0204558036772947	0.188639512276832	0.279032136911836	0.324746635207447	0.710262618510672	-0.39132253472506	-0.220405130002587
LEU15A	1.45191093482141	0.826361619713514	0.219842979577593	0.649072752359496	-0.556461922769444	-0.464156235507708	1.19216620005068	1.34993238066458	0.86024382514654	0.836476512533701	-0.331337433182187	-0.210542233441819	1.5928049250651	2.24968644365275	1.51492189185642	2.01216918684715
GLY207A	-1.18079243102184	-0.544098774328224	-1.04589128156489	-0.213241723322427	-0.117884134550246	0.124534246608458	-0.669883864790385	-0.22392243281166	-0.700012146423086	-0.115547647798773	-0.560606806828383	-0.512000271637892	-0.943311654650203	-0.829161206631401	-0.772571420041355	-0.539344318123979
SER206A	-0.742008536714628	-0.544098774328224	-1.5061582856167	-0.93183711972403	-0.50421057664447	-0.680977079702576	-0.669883864790385	-0.748540703970406	-1.11060582315194	-1.06757180813125	-0.560606806828383	-0.512000271637892	-0.943311654650203	-0.829161206631401	-0.772571420041355	-0.539344318123979
GLN73A	-1.18079243102184	-1.00091890567547	-0.815757779538985	-0.644398961163389	-0.669302595784016	-0.682963777697225	-1.13539638100065	-1.27315897512915	-0.946368352460396	-1.06757180813125	-0.560606806828383	-0.512000271637892	-0.943311654650203	-0.829161206631401	-0.772571420041355	-0.539344318123979
THR203A	0.135559251899788	0.826361619713514	0.565043232616453	1.3676681487611	0.37461259594685	0.876022913290803	0.26114116763015	0.825314109505832	0.367531413071921	1.2444868669619	-0.28863039299319	-0.106693420188497	-0.309282509721378	-0.0594492940603646	-0.0100736494087639	0.0985340581188039
VAL95A	0.574343146206996	1.28318175106076	0.680109983629406	1.08022999020046	0.359048365186219	0.565169967043529	0.26114116763015	0.825314109505832	0.367531413071921	1.38049031843797	-0.560606806828383	-0.512000271637892	-0.943311654650203	-0.829161206631401	-0.772571420041355	-0.539344318123979
VAL211A	1.0131270405142	1.74000188240801	1.48557724072008	1.79882538660206	0.153934038376481	0.736407249264061	0.726653683840417	1.34993238066458	1.10660003118385	1.38049031843797	-0.326841955267556	-0.0850069992027446	0.324746635207447	0.710262618510672	0.752424121223828	0.736412434361587
ASN165A	-1.18079243102184	-1.00091890567547	-1.2760247835908	-1.07555619900435	-0.633727211188289	-0.629322931841691	-0.669883864790385	-0.748540703970406	-0.782130881768856	-1.06757180813125	-0.520147505596702	-0.438097589870271	-0.309282509721378	-0.0594492940603646	-0.581946977383207	-0.85828350624537
HIS380B	-0.742008536714628	-1.00091890567547	-0.930824530551938	-0.788118040443709	0.178947980670351	-0.682963777697225	-0.669883864790385	-1.27315897512915	-0.782130881768856	-1.06757180813125	0.710864196693166	-0.512000271637892	0.324746635207447	-0.829161206631401	-0.0100736494087639	-0.85828350624537
LYS129A	-0.30322464240742	-1.45773903702272	-0.700691028526032	-1.21927527828467	-0.622609903502124	-0.682963777697225	0.26114116763015	-1.27315897512915	-0.289418469694237	-1.06757180813125	-0.440727395771549	-0.512000271637892	-0.309282509721378	-0.829161206631401	-0.39132253472506	-0.85828350624537
LEU86A	-1.18079243102184	-0.544098774328224	-1.04589128156489	-0.644398961163389	-0.540897692008814	-0.483300629234959	-1.13539638100065	-0.748540703970406	-1.02848708780617	-0.795564905179112	0.210367655530883	0.162899644490984	0.324746635207447	0.710262618510672	-0.200698092066912	0.0985340581188039
GLU93A	-0.742008536714628	-1.45773903702272	-0.355490775487172	-1.21927527828467	-0.632615480419672	-0.682963777697225	-0.204371348580118	-1.27315897512915	-0.289418469694237	-1.06757180813125	-0.408509804050025	-0.512000271637892	0.324746635207447	-0.829161206631401	0.371175235907532	-0.85828350624537
LYS111A	-0.30322464240742	-1.00091890567547	-0.470557526500126	-1.21927527828467	1.10835490323372	0.201736952755373	0.26114116763015	-0.748540703970406	-0.207299734348468	-0.931568356655179	0.335491790821454	0.706879772094214	-0.309282509721378	-0.0594492940603646	-0.581946977383207	-0.539344318123979
MET240A	0.135559251899788	-1.00091890567547	-0.125357273461266	-0.93183711972403	-0.439174326680407	-0.500187562189479	0.26114116763015	-0.748540703970406	-0.289418469694237	-0.795564905179112	-0.560606806828383	-0.512000271637892	-0.943311654650203	-0.829161206631401	-0.772571420041355	-0.539344318123979
TYR123A	-1.61957632532904	-1.00091890567547	-0.815757779538985	-0.356960802602747	-0.633727211188289	-0.564970140953977	-1.13539638100065	-0.748540703970406	-0.700012146423086	-0.387554550750908	-0.384533921838658	-0.349436724256005	-0.309282509721378	-0.0594492940603646	-0.39132253472506	-0.220405130002587
ASP32A	-0.742008536714628	-0.544098774328224	-0.470557526500126	-0.500679881883068	-0.536450768934348	-0.651876593025856	-0.669883864790385	-0.748540703970406	-0.617893411077317	-0.795564905179112	-0.484932928598756	-0.373774885368822	-0.309282509721378	-0.0594492940603646	-0.581946977383207	-0.539344318123979
GLN375B	-1.18079243102184	-1.00091890567547	-1.39109153460375	-1.21927527828467	-0.633727211188289	-0.681970428699901	-0.669883864790385	-0.748540703970406	-0.864249617114626	-1.06757180813125	-0.560606806828383	-0.512000271637892	-0.943311654650203	-0.829161206631401	-0.772571420041355	-0.539344318123979
ASN11A	-1.61957632532904	-1.00091890567547	-1.39109153460375	-0.644398961163389	-0.764355576500724	-0.682963777697225	-1.60090889721092	-1.27315897512915	-1.27484329384348	-0.931568356655179	-0.560606806828383	-0.512000271637892	-0.943311654650203	-0.829161206631401	-0.772571420041355	-0.539344318123979
LEU7A	0.135559251899788	0.369541488366268	-0.240424024474219	0.649072752359496	0.0872301922594924	0.20391147830984	-0.204371348580118	0.300695838347086	-0.617893411077317	-0.115547647798773	0.587238554040806	0.709875684397315	0.958775780136272	1.47997453108171	-0.0100736494087639	0.417473246240195
ASN152A	-1.61957632532904	-1.45773903702272	-1.2760247835908	-1.21927527828467	-0.764355576500724	-0.682963777697225	-1.60090889721092	-1.27315897512915	-1.27484329384348	-0.931568356655179	-0.560606806828383	-0.512000271637892	-0.943311654650203	-0.829161206631401	-0.772571420041355	-0.539344318123979
ILE137A	-0.30322464240742	-0.087278642980978	0.10477622856464	0.0741964352382142	-0.70265451884251	-0.614155510356477	-0.669883864790385	-0.22392243281166	-0.617893411077317	-0.251551099274841	-0.560606806828383	-0.512000271637892	-0.943311654650203	-0.829161206631401	-0.772571420041355	-0.539344318123979
GLU173A	0.135559251899788	-1.00091890567547	0.219842979577593	-1.21927527828467	0.192844615278057	-0.379619107349471	-0.669883864790385	-0.748540703970406	-0.782130881768856	-0.931568356655179	0.729595354670797	-0.0940727710352662	0.324746635207447	-0.0594492940603646	-0.39132253472506	-0.539344318123979
LEU115A	1.0131270405142	0.369541488366268	1.25544373869417	0.361634593798855	0.187841826819283	0.3431657365392	1.65767871626095	0.825314109505832	1.43507497256693	0.564469609581566	0.106222417175258	-0.224600953652697	2.22683406999392	1.47997453108171	2.08679521983086	1.69322999872576
THR377B	-0.30322464240742	-0.087278642980978	-1.16095803257784	-0.788118040443709	-0.375805672869268	-0.365432274611603	-1.13539638100065	-0.748540703970406	-1.02848708780617	-0.523558002226976	-0.560606806828383	-0.512000271637892	-0.943311654650203	-0.829161206631401	-0.772571420041355	-0.539344318123979
LYS2A	-0.742008536714628	-1.45773903702272	-0.585624277513079	-1.21927527828467	-0.633727211188289	-0.682963777697225	-0.204371348580118	-1.27315897512915	-0.289418469694237	-1.06757180813125	-0.384533921838658	-0.512000271637892	-0.309282509721378	-0.829161206631401	-0.0100736494087639	-0.85828350624537
GLY208A	0.574343146206996	1.28318175106076	0.334909730590547	1.22394906948078	0.357936634417603	0.473119962239798	1.19216620005068	1.87455065182332	0.61388761910923	1.2444868669619	-0.266902249739139	0.024478455267806	0.324746635207447	0.710262618510672	-0.39132253472506	-0.85828350624537
GLU66A	-1.18079243102184	-1.45773903702272	-0.930824530551938	-1.21927527828467	-0.688757884234804	-0.682963777697225	-1.13539638100065	-1.27315897512915	-1.02848708780617	-1.06757180813125	-0.560606806828383	-0.512000271637892	-0.943311654650203	-0.829161206631401	-0.772571420041355	-0.539344318123979
LYS85A	-1.18079243102184	-1.45773903702272	-0.815757779538985	-1.21927527828467	-0.764355576500724	-0.682963777697225	-1.60090889721092	-1.27315897512915	-1.27484329384348	-0.931568356655179	-0.384533921838658	-0.512000271637892	-0.309282509721378	-0.829161206631401	-0.200698092066912	-0.85828350624537
LYS89A	-1.18079243102184	-1.45773903702272	-1.2760247835908	-1.21927527828467	-0.633727211188289	-0.682963777697225	-0.669883864790385	-1.27315897512915	-0.782130881768856	-1.06757180813125	-0.471446494854863	-0.512000271637892	-0.309282509721378	-0.829161206631401	-0.39132253472506	-0.85828350624537
LYS373B	-1.18079243102184	-1.45773903702272	-1.39109153460375	-1.21927527828467	-0.633727211188289	-0.682963777697225	-0.669883864790385	-1.27315897512915	-0.864249617114626	-1.06757180813125	-0.560606806828383	-0.512000271637892	-0.943311654650203	-0.829161206631401	-0.772571420041355	-0.539344318123979
ARG172A	-1.61957632532904	-1.00091890567547	-1.62122503662966	-0.93183711972403	-0.764355576500724	-0.682963777697225	-1.60090889721092	-1.27315897512915	-1.27484329384348	-0.931568356655179	-0.560606806828383	-0.512000271637892	-0.943311654650203	-0.829161206631401	-0.772571420041355	-0.539344318123979
GLU128A	-1.61957632532904	-1.45773903702272	-1.39109153460375	-1.21927527828467	-0.764355576500724	-0.682963777697225	-1.60090889721092	-1.27315897512915	-1.27484329384348	-0.931568356655179	-0.560606806828383	-0.512000271637892	-0.943311654650203	-0.829161206631401	-0.772571420041355	-0.539344318123979
SER153A	-0.30322464240742	-0.544098774328224	-0.470557526500126	-0.500679881883068	-0.631503749651056	-0.625106614979693	0.26114116763015	-0.22392243281166	0.203293942380381	-0.523558002226976	-0.560606806828383	-0.512000271637892	-0.943311654650203	-0.829161206631401	-0.772571420041355	-0.539344318123979
PHE385B	-1.61957632532904	-1.45773903702272	-1.73629178764261	-1.21927527828467	-0.633727211188289	-0.682963777697225	-1.13539638100065	-1.27315897512915	-1.19272455849771	-1.06757180813125	-0.560606806828383	-0.512000271637892	-0.943311654650203	-0.829161206631401	-0.772571420041355	-0.539344318123979
PHE52A	-0.742008536714628	-0.544098774328224	-1.2760247835908	-0.93183711972403	-0.764355576500724	-0.682963777697225	-1.60090889721092	-1.27315897512915	-1.27484329384348	-0.931568356655179	-0.560606806828383	-0.512000271637892	-0.943311654650203	-0.829161206631401	-0.772571420041355	-0.539344318123979
HIS56A	-0.30322464240742	-1.00091890567547	-0.700691028526032	-1.07555619900435	-0.764355576500724	-0.682963777697225	-1.60090889721092	-1.27315897512915	-1.27484329384348	-0.931568356655179	-0.560606806828383	-0.512000271637892	-0.943311654650203	-0.829161206631401	-0.772571420041355	-0.539344318123979
ASP8A	-1.61957632532904	-1.00091890567547	-1.85135853865556	-1.21927527828467	-0.764355576500724	-0.682963777697225	-1.60090889721092	-1.27315897512915	-1.27484329384348	-0.931568356655179	-0.560606806828383	-0.512000271637892	-0.943311654650203	-0.829161206631401	-0.772571420041355	-0.539344318123979
LYS4A	-1.61957632532904	-1.00091890567547	-1.85135853865556	-1.21927527828467	-0.764355576500724	-0.682963777697225	-1.60090889721092	-1.27315897512915	-1.27484329384348	-0.931568356655179	-0.560606806828383	-0.512000271637892	-0.943311654650203	-0.829161206631401	-0.772571420041355	-0.539344318123979
ASP169A	-1.61957632532904	-1.45773903702272	-1.39109153460375	-1.21927527828467	-0.764355576500724	-0.682963777697225	-1.60090889721092	-1.27315897512915	-1.27484329384348	-0.931568356655179	-0.560606806828383	-0.512000271637892	-0.943311654650203	-0.829161206631401	-0.772571420041355	-0.539344318123979
MET384B	-1.61957632532904	-1.45773903702272	-1.04589128156489	-1.21927527828467	-0.633727211188289	-0.682963777697225	-1.13539638100065	-1.27315897512915	-0.782130881768856	-1.06757180813125	-0.560606806828383	-0.512000271637892	-0.943311654650203	-0.829161206631401	-0.772571420041355	-0.539344318123979
ILE202A	-1.61957632532904	-1.45773903702272	-1.62122503662966	-1.21927527828467	-0.764355576500724	-0.682963777697225	-1.60090889721092	-1.27315897512915	-1.27484329384348	-0.931568356655179	-0.560606806828383	-0.512000271637892	-0.943311654650203	-0.829161206631401	-0.772571420041355	-0.539344318123979
SER378B	-1.61957632532904	-1.45773903702272	-1.5061582856167	-1.21927527828467	-0.764355576500724	-0.682963777697225	-1.60090889721092	-1.27315897512915	-1.27484329384348	-0.931568356655179	-0.560606806828383	-0.512000271637892	-0.943311654650203	-0.829161206631401	-0.772571420041355	-0.539344318123979
GLU12A	-2.05836021963625	-1.45773903702272	-1.85135853865556	-1.21927527828467	-0.764355576500724	-0.682963777697225	-1.60090889721092	-1.27315897512915	-1.27484329384348	-0.931568356655179	-0.560606806828383	-0.512000271637892	-0.943311654650203	-0.829161206631401	-0.772571420041355	-0.539344318123979
GLN45A	-2.05836021963625	-1.45773903702272	-1.85135853865556	-1.21927527828467	-0.764355576500724	-0.682963777697225	-1.60090889721092	-1.27315897512915	-1.27484329384348	-0.931568356655179	-0.560606806828383	-0.512000271637892	-0.943311654650203	-0.829161206631401	-0.772571420041355	-0.539344318123979
GLU88A	-2.05836021963625	-1.45773903702272	-1.85135853865556	-1.21927527828467	-0.764355576500724	-0.682963777697225	-1.60090889721092	-1.27315897512915	-1.27484329384348	-0.931568356655179	-0.560606806828383	-0.512000271637892	-0.943311654650203	-0.829161206631401	-0.772571420041355	-0.539344318123979
LYS130A	-2.05836021963625	-1.45773903702272	-1.85135853865556	-1.21927527828467	-0.764355576500724	-0.682963777697225	-1.60090889721092	-1.27315897512915	-1.27484329384348	-0.931568356655179	-0.560606806828383	-0.512000271637892	-0.943311654650203	-0.829161206631401	-0.772571420041355	-0.539344318123979
SER142A	-2.05836021963625	-1.45773903702272	-1.85135853865556	-1.21927527828467	-0.764355576500724	-0.682963777697225	-1.60090889721092	-1.27315897512915	-1.27484329384348	-0.931568356655179	-0.560606806828383	-0.512000271637892	-0.943311654650203	-0.829161206631401	-0.772571420041355	-0.539344318123979
GLU241A	-2.05836021963625	-1.45773903702272	-1.85135853865556	-1.21927527828467	-0.764355576500724	-0.682963777697225	-1.60090889721092	-1.27315897512915	-1.27484329384348	-0.931568356655179	-0.560606806828383	-0.512000271637892	-0.943311654650203	-0.829161206631401	-0.772571420041355	-0.539344318123979
