Degree	Degree_sidechain	SecondOrderDegree	SecondOrderDegree_sidechain	NodeEdgeBetweennessSTRIDE	NodeEdgeBetweennessSTRIDE_sidechain	IntermodularDegreeSTRIDE	IntermodularDegreeSTRIDE_sidechain	SecondOrderIntermodularDegreeSTRIDE	SecondOrderIntermodularDegreeSTRIDE_sidechain	NodeEdgeBetweennessWALKTRAP	NodeEdgeBetweennessWALKTRAP_sidechain	IntermodularDegreeWALKTRAP	IntermodularDegreeWALKTRAP_sidechain	SecondOrderIntermodularDegreeWALKTRAP	SecondOrderIntermodularDegreeWALKTRAP_sidechain
CYS229A	0.304875293002887	-0.015467424903258	0.0742071915687924	0.0710052680803707	0.846897413038368	0.388484314785167	0.965064868475994	0.453536173411471	0.44786568722115	0.248545442709399	0.0730014450447982	-0.494351234150621	-0.234248231635287	-0.734523152559005	-0.596837110329231	-0.883331700116378
TRP146A	0.779125748785154	-0.520736638409684	0.690504206292662	-0.7775942772704	0.29530716174621	-0.256958186833139	0.965064868475994	-0.135159786778253	0.749520926724055	-0.457467698899908	0.554692721477755	-0.494351234150621	0.40342751003855	-0.734523152559005	0.0591259193410266	-0.883331700116378
ARG273A	0.779125748785154	-0.520736638409684	0.93702301218221	-0.268434550059937	-0.279047131662767	-0.107991067429291	0.4593089480982	-0.135159786778253	-0.054893045283692	-0.104461128095255	0.377227514370876	-0.494351234150621	1.04110325171239	-0.734523152559005	0.933743292234704	-0.883331700116378
ASP281A	-1.11787607434392	-0.520736638409684	-0.665349226099851	-0.268434550059937	-0.659031526997365	-0.646733297815211	-0.552202892657387	-0.135159786778253	-0.557651777788534	-0.104461128095255	-0.593398516336134	-0.494351234150621	-0.871923973309124	-0.734523152559005	-0.815491453552651	-0.488951259973302
ARG196A	1.25337620456742	0.995071002109593	1.18354181807176	0.580164995290833	0.170104930103704	0.284799113595366	1.47082078885379	1.63092809379092	1.15172791272793	1.48406844052569	1.28990572234911	0.829479749959519	2.31645473506006	2.36153142596927	2.0270150083518	1.87733138088515
ASP184A	-0.169375162779381	0.489801788603168	-0.172311614320755	0.0710052680803707	-0.567975358530088	-0.624488993698069	-0.0464469722795935	0.453536173411471	0.44786568722115	1.30756515512336	-0.243297087349775	-0.38289732323383	1.04110325171239	1.5875177813372	1.58970632190496	2.27171182102822
CYS242A	0.779125748785154	0.489801788603168	0.443985400403114	0.0710052680803707	-0.717692712452245	-0.62761446364566	0.4593089480982	0.453536173411471	0.950624419725992	0.954558584318706	-0.593398516336134	-0.494351234150621	-0.871923973309124	-0.734523152559005	-0.815491453552651	-0.488951259973302
HIS179A	1.25337620456742	0.995071002109593	0.690504206292662	0.410445086220679	1.25665017114111	-0.448064445139255	1.97657670923158	1.63092809379092	1.75503839173374	1.48406844052569	0.586081125455842	-0.494351234150621	-0.234248231635287	-0.734523152559005	0.0591259193410266	-0.883331700116378
GLN104A	-0.643625618561649	-0.520736638409684	-0.295571017265529	-0.0987146409897833	-0.674791248462855	-0.636358303433632	-0.552202892657387	-0.135159786778253	-0.15544479178466	0.425048728111726	-0.593398516336134	-0.494351234150621	-0.871923973309124	-0.734523152559005	-0.815491453552651	-0.488951259973302
GLY108A	1.25337620456742	1.50034021561602	0.690504206292662	0.410445086220679	0.277796360117887	0.4329180124509	1.47082078885379	1.63092809379092	1.35283140572987	1.13106186972103	-0.201043466610042	0.159378755789063	-0.234248231635287	0.0394904920730647	0.277780262564446	-0.488951259973302
ARG175A	0.779125748785154	0.995071002109593	0.690504206292662	0.919604813431141	2.02537436262447	3.22823022323973	1.47082078885379	1.63092809379092	1.75503839173374	1.83707501133034	3.33256647353849	4.75403167715776	2.31645473506006	2.36153142596927	1.37105197868154	1.48295094074207
GLY279A	1.25337620456742	2.00560942912244	1.18354181807176	2.10764417692222	-0.602996961786733	-0.350028527975842	-0.0464469722795935	0.453536173411471	-0.255996538285629	0.248545442709399	-0.568046343892294	-0.47758037787541	0.40342751003855	0.813504136705134	0.496434605787865	1.48295094074207
THR118A	0.304875293002887	-0.015467424903258	0.0742071915687924	0.0710052680803707	0.605248350567518	0.241430255066167	0.965064868475994	0.453536173411471	0.0456587012172764	0.248545442709399	-0.0549666634812503	-0.430352648942851	0.40342751003855	0.0394904920730647	0.0591259193410266	0.299809620312848
PRO128A	-0.169375162779381	0.489801788603168	-0.172311614320755	0.0710052680803707	-0.157347060345926	0.387902890882665	-0.0464469722795935	0.453536173411471	0.146210447718245	0.425048728111726	-0.593398516336134	-0.494351234150621	-0.871923973309124	-0.734523152559005	-0.815491453552651	-0.488951259973302
TYR126A	0.779125748785154	-1.02600585191611	0.690504206292662	-0.947314186340554	1.70842885315183	-0.32790856480338	0.965064868475994	-0.723855746967977	0.749520926724055	-0.810474269704562	0.797349229154507	-0.494351234150621	1.04110325171239	-0.734523152559005	1.15239763545812	-0.883331700116378
CYS176A	0.779125748785154	0.995071002109593	0.567244803347888	0.580164995290833	0.909936298900329	0.405825797071404	0.4593089480982	0.453536173411471	0.950624419725992	0.954558584318706	-0.593398516336134	-0.494351234150621	-0.871923973309124	-0.734523152559005	-0.815491453552651	-0.488951259973302
ARG249A	0.779125748785154	0.995071002109593	0.32072599745834	0.410445086220679	2.48415736528652	2.71505552456548	1.47082078885379	1.63092809379092	0.648969180223087	0.954558584318706	2.71807810335208	3.00271424433899	1.67877899338622	1.5875177813372	0.715088949011285	0.694190060455923
GLU171A	-1.11787607434392	-1.02600585191611	-0.788608629044625	-0.607874368200246	-0.659907067078781	-0.618604704298421	-1.05795881303518	-0.723855746967977	-0.758755270790471	-0.280964413497582	-0.368850703262124	-0.375051649785617	0.40342751003855	0.0394904920730647	0.277780262564446	0.299809620312848
CYS135A	0.779125748785154	0.995071002109593	1.30680122101653	1.59848444971176	-0.326326296059238	-0.531237308456193	1.47082078885379	1.63092809379092	1.95614188473568	2.01357829673267	-0.217944914905935	-0.450778926147901	1.67877899338622	1.5875177813372	2.0270150083518	1.48295094074207
VAL272A	0.779125748785154	1.50034021561602	1.30680122101653	2.10764417692222	-0.219510406126471	-0.0309512439080229	0.4593089480982	1.0422321336012	0.749520926724055	1.83707501133034	1.14262167291347	1.91708939739087	1.67877899338622	2.36153142596927	1.15239763545812	1.48295094074207
THR230A	0.304875293002887	0.489801788603168	0.197466594513566	0.410445086220679	0.443273435505535	1.20275310642092	0.4593089480982	0.453536173411471	0.347313940720182	-0.104461128095255	-0.593398516336134	-0.494351234150621	-0.871923973309124	-0.734523152559005	-0.815491453552651	-0.488951259973302
THR231A	0.304875293002887	0.995071002109593	0.32072599745834	1.08932472250129	-0.157347060345926	0.436959983660108	-0.552202892657387	-0.135159786778253	-0.658203524289502	-0.280964413497582	-0.593398516336134	-0.494351234150621	-0.871923973309124	-0.734523152559005	-0.815491453552651	-0.488951259973302
TYR163A	-0.643625618561649	-0.520736638409684	0.0742071915687924	0.0710052680803707	2.36683499437676	-0.324720969598799	-0.0464469722795935	-0.135159786778253	0.44786568722115	0.425048728111726	3.8033925332098	0.0167910448195139	1.04110325171239	0.813504136705134	0.715088949011285	0.694190060455923
SER241A	-1.11787607434392	-0.520736638409684	-0.665349226099851	-0.438154459130091	-0.821881982140764	-0.708079914335528	-1.56371473341297	-1.3125517071577	-1.26151400329531	-0.986977555106889	-0.593398516336134	-0.494351234150621	-0.871923973309124	-0.734523152559005	-0.815491453552651	-0.488951259973302
TYR239A	0.304875293002887	-1.02600585191611	0.690504206292662	-0.607874368200246	-0.442773126887583	-0.676559103133053	-0.0464469722795935	-0.723855746967977	0.648969180223087	-0.457467698899908	-0.593398516336134	-0.494351234150621	-0.871923973309124	-0.734523152559005	-0.815491453552651	-0.488951259973302
ARG267A	-0.169375162779381	-0.015467424903258	-0.418830420210303	-0.268434550059937	-0.497932152016798	-0.223545440187512	-0.552202892657387	-0.135159786778253	-1.06041051029338	-0.986977555106889	-0.281928969168959	-0.0735944478728246	-0.234248231635287	0.0394904920730647	-0.378182767105812	0.299809620312848
GLY266A	1.25337620456742	2.00560942912244	0.690504206292662	1.4287645406416	-0.134583018229107	0.424155215715994	0.4593089480982	1.0422321336012	0.347313940720182	0.425048728111726	-0.593398516336134	-0.494351234150621	-0.234248231635287	0.0394904920730647	0.277780262564446	-0.488951259973302
ASN235A	-0.169375162779381	0.489801788603168	-0.0490522113759815	-0.0987146409897833	-0.211630545393726	0.126314802352221	-0.0464469722795935	0.453536173411471	-0.457100031287566	-0.457467698899908	0.588495618069541	1.18540505078868	1.04110325171239	1.5875177813372	0.277780262564446	-0.0945708198302272
GLU198A	-0.169375162779381	-0.520736638409684	-0.0490522113759815	-0.438154459130091	-0.217759325963639	-0.283178801505462	-0.0464469722795935	-0.135159786778253	-0.557651777788534	-0.280964413497582	-0.192592742462095	-0.204871641702379	-0.234248231635287	0.0394904920730647	-0.378182767105812	0.299809620312848
GLN165A	-0.643625618561649	-0.520736638409684	-1.15838683787895	-0.947314186340554	-0.014634027075098	-0.426714496256423	-0.0464469722795935	-0.135159786778253	-0.758755270790471	-0.633970984302235	-0.593398516336134	-0.494351234150621	-0.871923973309124	-0.734523152559005	-0.815491453552651	-0.488951259973302
GLN167A	-0.643625618561649	-0.520736638409684	-1.28164624082372	-0.947314186340554	-0.497932152016798	-0.149891821768486	-1.05795881303518	-0.723855746967977	-1.06041051029338	-0.810474269704562	-0.593398516336134	-0.494351234150621	-0.871923973309124	-0.734523152559005	-0.815491453552651	-0.488951259973302
GLY154A	-0.169375162779381	0.489801788603168	-0.0490522113759815	0.580164995290833	-0.354343578664554	0.0975212787206899	-0.0464469722795935	0.453536173411471	-0.054893045283692	0.425048728111726	-0.593398516336134	-0.494351234150621	-0.871923973309124	-0.734523152559005	-0.815491453552651	-0.488951259973302
PRO153A	-1.11787607434392	-1.02600585191611	-1.15838683787895	-0.7775942772704	-0.821881982140764	-0.708079914335528	-1.56371473341297	-1.3125517071577	-1.26151400329531	-0.986977555106889	-0.593398516336134	-0.494351234150621	-0.871923973309124	-0.734523152559005	-0.815491453552651	-0.488951259973302
ILE162A	0.779125748785154	-0.520736638409684	0.93702301218221	-0.607874368200246	0.484423819332092	-0.406293712448281	0.965064868475994	-0.135159786778253	1.05117616622696	-0.104461128095255	-0.357985486500478	-0.298232237168716	-0.234248231635287	0.0394904920730647	0.0591259193410266	0.299809620312848
VAL173A	1.25337620456742	1.50034021561602	0.690504206292662	1.4287645406416	3.54268532371861	5.06190290046597	0.965064868475994	1.63092809379092	0.850072673225024	1.83707501133034	1.66656657008616	3.27113350790196	-0.234248231635287	0.0394904920730647	-0.378182767105812	-0.0945708198302272
ARG156A	0.779125748785154	-0.015467424903258	1.06028241512698	0.240725177150525	-0.659031526997365	-0.598652227479176	0.4593089480982	-0.135159786778253	0.548417433722118	-0.280964413497582	-0.368850703262124	-0.348448502493745	0.40342751003855	0.813504136705134	0.277780262564446	1.088570500599
VAL217A	0.779125748785154	1.50034021561602	1.06028241512698	1.93792426785207	0.88016793613218	1.49599598285905	0.4593089480982	1.0422321336012	0.548417433722118	0.954558584318706	2.11324770362048	2.69811142851476	1.67877899338622	2.36153142596927	3.1202867244689	5.42675534217282
GLU271A	0.304875293002887	-0.015467424903258	-0.172311614320755	-0.7775942772704	0.911687379063161	-0.102044581930304	0.4593089480982	0.453536173411471	-0.356548284786597	-0.280964413497582	0.896343426316167	0.313691163698641	1.67877899338622	1.5875177813372	0.715088949011285	0.299809620312848
PRO250A	-0.643625618561649	-0.520736638409684	-0.542089823155077	-0.438154459130091	0.416131692981635	0.949126826906042	-0.0464469722795935	-0.135159786778253	-0.054893045283692	0.0720421573070721	0.450869539088696	0.98006132777488	0.40342751003855	0.0394904920730647	0.715088949011285	0.299809620312848
ALA203A	0.304875293002887	0.995071002109593	0.0742071915687924	0.919604813431141	-0.659907067078781	-0.615357859209606	-0.0464469722795935	0.453536173411471	0.246762194219213	0.778055298916379	-0.593398516336134	-0.494351234150621	-0.871923973309124	-0.734523152559005	-0.815491453552651	-0.488951259973302
GLU204A	-0.169375162779381	-1.02600585191611	0.0742071915687924	-0.947314186340554	-0.659031526997365	-0.708079914335528	0.4593089480982	-0.723855746967977	0.246762194219213	-0.810474269704562	-0.593398516336134	-0.494351234150621	0.40342751003855	0.0394904920730647	0.933743292234704	-0.0945708198302272
CYS124A	0.779125748785154	0.489801788603168	1.30680122101653	1.25904463157145	-0.451528527701744	-0.236333289663119	0.965064868475994	0.453536173411471	0.648969180223087	0.778055298916379	-0.593398516336134	-0.494351234150621	0.40342751003855	-0.734523152559005	0.715088949011285	-0.883331700116378
CYS141A	1.25337620456742	1.50034021561602	1.18354181807176	0.919604813431141	0.0948084831019174	0.0655742803476959	0.4593089480982	1.0422321336012	0.749520926724055	1.13106186972103	-0.278307230248411	0.030644234693248	0.40342751003855	0.813504136705134	-0.159528423882393	-0.883331700116378
ALA129A	-0.643625618561649	-0.015467424903258	-0.788608629044625	0.0710052680803707	-0.808748880919522	-0.700916824836241	-1.05795881303518	-0.723855746967977	-1.16096225679434	-0.810474269704562	-0.593398516336134	-0.494351234150621	-0.871923973309124	-0.734523152559005	-0.815491453552651	-0.488951259973302
LEU289A	-1.11787607434392	-0.520736638409684	-0.911868031989399	-0.268434550059937	-0.634516404717714	-0.61244567714745	-0.552202892657387	-0.135159786778253	-0.758755270790471	-0.104461128095255	-0.593398516336134	-0.494351234150621	-0.871923973309124	-0.734523152559005	-0.815491453552651	-0.488951259973302
HIS233A	-1.11787607434392	-1.02600585191611	-0.911868031989399	-0.607874368200246	-0.643271805531875	-0.708079914335528	-1.05795881303518	-1.3125517071577	-1.06041051029338	-1.16348084050922	-0.593398516336134	-0.494351234150621	-0.871923973309124	-0.734523152559005	-0.815491453552651	-0.488951259973302
THR140A	0.304875293002887	-0.015467424903258	0.0742071915687924	-0.0987146409897833	-0.423511245096428	-0.229449574563525	-0.0464469722795935	-0.135159786778253	-0.658203524289502	-0.810474269704562	-0.593398516336134	-0.494351234150621	-0.234248231635287	-0.734523152559005	-0.378182767105812	-0.883331700116378
CYS238A	2.20187711613196	0.995071002109593	1.9230982357404	0.919604813431141	1.3266933776544	0.717482288724058	2.48233262960937	1.0422321336012	3.36386633574923	1.66057172592801	0.431553598179104	0.690408655309298	0.40342751003855	0.0394904920730647	0.715088949011285	0.694190060455923
MET246A	1.72762666034969	0.489801788603168	1.18354181807176	0.749884904360987	-0.505812012749543	-0.401462977280708	1.97657670923158	1.0422321336012	1.95614188473568	1.13106186972103	-0.435249250138847	-0.491849367616633	1.04110325171239	0.0394904920730647	0.715088949011285	0.299809620312848
PRO142A	0.779125748785154	0.489801788603168	0.813763609237436	0.580164995290833	-0.0373980691919172	-0.618559630495459	-0.0464469722795935	-0.135159786778253	-0.457100031287566	-0.280964413497582	-0.593398516336134	-0.494351234150621	-0.871923973309124	-0.734523152559005	-0.815491453552651	-0.488951259973302
ASP208A	-0.643625618561649	-0.015467424903258	-1.03512743493417	-0.607874368200246	-0.821881982140764	-0.708079914335528	-1.56371473341297	-1.3125517071577	-1.26151400329531	-0.986977555106889	-0.593398516336134	-0.494351234150621	-0.871923973309124	-0.734523152559005	-0.815491453552651	-0.488951259973302
THR211A	0.304875293002887	0.489801788603168	-0.172311614320755	0.0710052680803707	-0.180986642544162	0.396227339067378	-0.552202892657387	-0.723855746967977	-0.255996538285629	-0.104461128095255	-0.593398516336134	-0.494351234150621	-0.871923973309124	-0.734523152559005	-0.815491453552651	-0.488951259973302
LEU264A	0.304875293002887	0.995071002109593	0.0742071915687924	1.08932472250129	-0.0303937485405883	0.184266725538541	-0.552202892657387	-0.135159786778253	-0.859307017291439	-0.633970984302235	-0.593398516336134	-0.494351234150621	-0.871923973309124	-0.734523152559005	-0.815491453552651	-0.488951259973302
LEU265A	1.25337620456742	0.489801788603168	1.18354181807176	1.25904463157145	-0.400747202979609	-0.0442886691206669	0.965064868475994	0.453536173411471	1.05117616622696	0.601552013514053	-0.593398516336134	-0.494351234150621	-0.234248231635287	-0.734523152559005	-0.596837110329231	-0.883331700116378
GLY187A	-1.11787607434392	-0.520736638409684	-1.28164624082372	-0.947314186340554	-0.821881982140764	-0.708079914335528	-1.05795881303518	-0.723855746967977	-1.16096225679434	-1.16348084050922	-0.593398516336134	-0.494351234150621	-0.871923973309124	-0.734523152559005	-0.815491453552651	-0.488951259973302
LEU188A	-0.169375162779381	-1.53127506542253	-0.665349226099851	-1.28675400448086	-0.659031526997365	-0.708079914335528	-0.552202892657387	-1.3125517071577	-1.06041051029338	-1.16348084050922	-0.593398516336134	-0.494351234150621	-0.871923973309124	-0.734523152559005	-0.815491453552651	-0.488951259973302
ALA189A	0.304875293002887	0.995071002109593	0.0742071915687924	0.410445086220679	0.507187861448912	0.847141416572199	-0.0464469722795935	0.453536173411471	0.0456587012172764	0.601552013514053	0.572801416080497	1.22782528867863	0.40342751003855	0.813504136705134	0.933743292234704	1.48295094074207
TYR205A	0.779125748785154	-0.015467424903258	1.67657942985085	1.25904463157145	3.29315640051502	1.78853617829502	1.47082078885379	0.453536173411471	1.2522796592289	1.13106186972103	5.08065912585658	2.83445081108943	1.67877899338622	0.813504136705134	2.46432369479864	1.088570500599
ARG110A	0.779125748785154	0.489801788603168	0.197466594513566	0.580164995290833	0.232268275884249	0.686047306326038	1.47082078885379	1.0422321336012	0.850072673225024	0.954558584318706	0.156301440217415	0.754775915857205	0.40342751003855	0.0394904920730647	-0.159528423882393	-0.883331700116378
GLN192A	0.304875293002887	-0.520736638409684	-0.418830420210303	-0.438154459130091	-0.655529366671701	-0.708079914335528	-0.0464469722795935	-1.3125517071577	-0.658203524289502	-1.16348084050922	0.0730014450447982	-0.17296516285502	1.04110325171239	0.813504136705134	0.277780262564446	0.299809620312848
PRO190A	0.779125748785154	0.489801788603168	0.32072599745834	0.240725177150525	0.62275915219584	1.7811372552202	-1.05795881303518	-0.723855746967977	-0.758755270790471	-0.633970984302235	2.33900276300134	4.0751662928611	1.04110325171239	0.813504136705134	0.715088949011285	0.299809620312848
VAL143A	0.779125748785154	0.995071002109593	1.18354181807176	1.4287645406416	-0.645898425776123	-0.477261594976724	0.4593089480982	0.453536173411471	0.246762194219213	0.778055298916379	-0.517341999004614	-0.367628189946928	-0.234248231635287	0.0394904920730647	-0.159528423882393	-0.488951259973302
LYS139A	-0.169375162779381	-1.53127506542253	-0.0490522113759815	-1.28675400448086	-0.216883785882223	-0.708079914335528	-0.0464469722795935	-1.3125517071577	-0.255996538285629	-1.16348084050922	-0.534243447300508	-0.494351234150621	-0.234248231635287	-0.734523152559005	-0.596837110329231	-0.883331700116378
ILE195A	0.304875293002887	0.489801788603168	0.93702301218221	1.25904463157145	0.96597086411096	0.509475607450044	0.965064868475994	1.0422321336012	0.749520926724055	1.13106186972103	0.240808681696881	-0.494351234150621	-0.234248231635287	-0.734523152559005	0.496434605787865	-0.883331700116378
VAL216A	1.25337620456742	2.00560942912244	1.18354181807176	1.93792426785207	0.70418437976754	1.76061420202847	0.965064868475994	1.63092809379092	1.2522796592289	1.83707501133034	2.13497813714377	3.20930864099924	3.59180621840774	4.68357235986548	3.1202867244689	4.2436140217436
ARG282A	1.72762666034969	1.50034021561602	0.93702301218221	0.919604813431141	1.34070201895706	1.581465075625	1.47082078885379	1.63092809379092	1.35283140572987	1.48406844052569	0.122498543625628	-0.0747698229172959	-0.234248231635287	0.0394904920730647	0.277780262564446	1.48295094074207
PHE134A	0.304875293002887	0.489801788603168	0.813763609237436	0.580164995290833	-0.704559611231004	-0.623597392217273	0.4593089480982	0.453536173411471	0.749520926724055	1.13106186972103	-0.499233304401872	-0.494351234150621	-0.234248231635287	-0.734523152559005	0.277780262564446	-0.883331700116378
ARG158A	1.25337620456742	0.995071002109593	0.93702301218221	0.240725177150525	0.684046957894969	1.05751869121131	0.4593089480982	1.0422321336012	0.0456587012172764	0.425048728111726	0.950669510124395	0.567413671900263	1.67877899338622	1.5875177813372	0.933743292234704	1.48295094074207
GLU258A	-0.169375162779381	-0.520736638409684	0.567244803347888	-0.0987146409897833	0.440646815261286	-0.375418768865007	0.4593089480982	-0.135159786778253	0.548417433722118	-0.104461128095255	-0.593398516336134	-0.494351234150621	-0.871923973309124	-0.734523152559005	-0.815491453552651	-0.488951259973302
LYS164A	-1.59212653012618	-1.02600585191611	-1.28164624082372	-0.947314186340554	-0.659031526997365	-0.487163059879034	-1.05795881303518	-0.723855746967977	-0.959858763792408	-0.633970984302235	-0.368850703262124	-0.199797145873501	-0.234248231635287	0.0394904920730647	-0.159528423882393	0.299809620312848
LEU130A	0.779125748785154	0.995071002109593	-0.295571017265529	0.240725177150525	-0.182737722706994	0.0206212961456579	0.965064868475994	1.63092809379092	0.246762194219213	0.954558584318706	-0.593398516336134	-0.494351234150621	-0.871923973309124	-0.734523152559005	-0.815491453552651	-0.488951259973302
LEU252A	0.779125748785154	0.995071002109593	0.690504206292662	0.0710052680803707	2.34844865266702	4.40964042388287	0.4593089480982	1.0422321336012	0.0456587012172764	-0.104461128095255	0.507610115510623	0.880145191597908	-0.234248231635287	0.0394904920730647	-0.378182767105812	-0.0945708198302272
SER269A	-0.643625618561649	-1.53127506542253	-0.788608629044625	-1.28675400448086	-0.29655793329109	-0.708079914335528	-0.552202892657387	-1.3125517071577	-0.658203524289502	-1.16348084050922	-0.3048666489991	-0.494351234150621	-0.234248231635287	-0.734523152559005	-0.596837110329231	-0.883331700116378
MET237A	1.25337620456742	0.489801788603168	0.93702301218221	0.240725177150525	0.262036638652397	-0.268580163693818	1.47082078885379	1.0422321336012	1.45338315223083	1.48406844052569	0.162337671751662	-0.051516503648016	1.04110325171239	0.813504136705134	1.80836066512838	2.27171182102822
PRO152A	-0.169375162779381	-0.015467424903258	-0.295571017265529	0.240725177150525	-0.294806853128258	-0.0123333848762268	-0.0464469722795935	0.453536173411471	0.246762194219213	0.954558584318706	-0.0163347816620659	0.39902312184391	0.40342751003855	0.813504136705134	-0.159528423882393	0.299809620312848
LEU194A	0.779125748785154	1.50034021561602	1.55332002690608	2.44708399506253	-0.373605460455709	-0.125367444449074	1.47082078885379	2.21962405398064	2.05669363123664	3.07259800914663	-0.275892737634712	0.0321653219435045	1.04110325171239	1.5875177813372	0.715088949011285	0.694190060455923
ALA159A	0.779125748785154	1.50034021561602	1.30680122101653	1.4287645406416	-0.0706685922857299	0.00337939477330085	0.4593089480982	1.0422321336012	0.548417433722118	1.13106186972103	-0.163618831097707	0.221734539444848	0.40342751003855	0.813504136705134	1.37105197868154	3.06047270131437
PRO223A	-0.169375162779381	0.489801788603168	-0.295571017265529	0.0710052680803707	-0.51106525323804	-0.172521068764447	-0.552202892657387	-0.135159786778253	-0.557651777788534	-0.457467698899908	-0.300037663771702	-0.00556234936494989	-0.234248231635287	0.0394904920730647	-0.159528423882393	0.299809620312848
TYR220A	1.25337620456742	-0.520736638409684	1.55332002690608	-0.0987146409897833	1.35295958009689	-0.70732560610233	0.965064868475994	-0.723855746967977	1.5539348987318	-0.633970984302235	1.64725062917657	-0.49334549570456	2.31645473506006	0.0394904920730647	2.90163238124548	0.299809620312848
GLY262A	-0.169375162779381	0.489801788603168	-0.911868031989399	-0.438154459130091	-0.169604621485752	0.316275249057839	-0.552202892657387	-0.135159786778253	-0.658203524289502	-0.457467698899908	-0.593398516336134	-0.494351234150621	-0.871923973309124	-0.734523152559005	-0.815491453552651	-0.488951259973302
PRO98A	0.304875293002887	0.489801788603168	0.32072599745834	-0.0987146409897833	-0.0619131914715687	0.310249410774284	0.4593089480982	0.453536173411471	0.548417433722118	0.425048728111726	-0.593398516336134	-0.494351234150621	-0.871923973309124	-0.734523152559005	-0.815491453552651	-0.488951259973302
VAL97A	0.304875293002887	0.489801788603168	-0.295571017265529	-0.268434550059937	-0.245776608568955	-0.0581938751792439	0.4593089480982	0.453536173411471	0.246762194219213	-0.280964413497582	0.114047819477682	0.282610823306233	-0.234248231635287	0.0394904920730647	0.0591259193410266	0.299809620312848
GLN144A	1.25337620456742	0.489801788603168	0.93702301218221	-0.0987146409897833	1.66902954948811	0.182753091700376	0.4593089480982	0.453536173411471	0.246762194219213	0.0720421573070721	-0.593398516336134	-0.494351234150621	-0.871923973309124	-0.734523152559005	-0.815491453552651	-0.488951259973302
GLN100A	-0.643625618561649	-0.520736638409684	-0.418830420210303	-0.268434550059937	0.712064240500285	0.270518888158019	-0.552202892657387	-0.135159786778253	-0.557651777788534	0.0720421573070721	1.77763323031631	0.810439560407491	1.04110325171239	0.813504136705134	0.933743292234704	0.694190060455923
PRO219A	-1.11787607434392	-0.520736638409684	-0.911868031989399	-0.0987146409897833	-0.659907067078781	-0.554425211942009	-1.05795881303518	-0.723855746967977	-1.16096225679434	-0.810474269704562	0.0730014450447982	0.323811874212105	0.40342751003855	0.813504136705134	-0.378182767105812	0.299809620312848
VAL218A	1.25337620456742	2.00560942912244	0.813763609237436	1.4287645406416	0.170104930103704	0.189188176336237	0.965064868475994	1.63092809379092	1.05117616622696	1.83707501133034	-0.150339121722362	-0.369430581270422	0.40342751003855	0.813504136705134	0.715088949011285	1.48295094074207
THR256A	-0.169375162779381	0.489801788603168	-0.0490522113759815	0.919604813431141	-0.201124064416732	-0.184608472515891	-0.552202892657387	-0.135159786778253	-0.758755270790471	-0.104461128095255	0.63919996295722	1.55936667270605	-0.234248231635287	0.0394904920730647	-0.378182767105812	-0.883331700116378
ILE232A	0.779125748785154	0.489801788603168	1.67657942985085	1.59848444971176	1.03426299046142	0.139715644557824	0.4593089480982	0.453536173411471	1.05117616622696	1.48406844052569	0.133363760387274	0.289329396128219	0.40342751003855	0.813504136705134	1.15239763545812	1.088570500599
TYR234A	1.25337620456742	-0.015467424903258	1.9230982357404	0.580164995290833	1.52631651621728	-0.358500832199092	0.4593089480982	-0.135159786778253	0.648969180223087	-0.104461128095255	1.6870897573026	-0.494351234150621	1.67877899338622	0.0394904920730647	1.15239763545812	-0.0945708198302272
ARG174A	-0.643625618561649	-0.520736638409684	-0.172311614320755	-0.438154459130091	-0.70543515131242	-0.658818572617384	-0.552202892657387	-0.135159786778253	-0.658203524289502	-0.457467698899908	-0.593398516336134	-0.494351234150621	-0.871923973309124	-0.734523152559005	-0.815491453552651	-0.488951259973302
ASN247A	-1.11787607434392	-1.02600585191611	-1.03512743493417	-1.28675400448086	-0.659031526997365	-0.615392668069034	-1.05795881303518	-0.723855746967977	-1.16096225679434	-0.986977555106889	-0.593398516336134	-0.494351234150621	-0.871923973309124	-0.734523152559005	-0.815491453552651	-0.488951259973302
MET243A	-0.643625618561649	-1.02600585191611	-1.15838683787895	-1.28675400448086	-0.659031526997365	-0.520164497852104	-0.552202892657387	-0.723855746967977	-1.06041051029338	-0.986977555106889	-0.593398516336134	-0.494351234150621	-0.871923973309124	-0.734523152559005	-0.815491453552651	-0.488951259973302
MET169A	0.304875293002887	-0.015467424903258	-0.0490522113759815	-0.438154459130091	0.597368489834773	0.373953415154692	0.4593089480982	0.453536173411471	0.548417433722118	0.0720421573070721	1.5724013581519	0.948351458849266	2.31645473506006	1.5875177813372	0.715088949011285	0.694190060455923
ASN200A	-0.169375162779381	-1.02600585191611	-0.0490522113759815	-0.268434550059937	-0.426137865340676	-0.488913962315689	-0.0464469722795935	-0.723855746967977	0.0456587012172764	-0.280964413497582	-0.593398516336134	-0.494351234150621	-0.871923973309124	-0.734523152559005	-0.815491453552651	-0.488951259973302
VAL197A	2.20187711613196	2.00560942912244	2.04635763868517	2.44708399506253	3.32029814303892	3.29443630191218	1.97657670923158	1.63092809379092	1.65448664523277	1.66057172592801	3.58608819797689	2.95051191691703	1.67877899338622	1.5875177813372	3.33894106769232	3.84923358160052
ILE255A	1.72762666034969	0.489801788603168	2.4161358475195	1.25904463157145	1.93169157391294	1.05406687525187	0.965064868475994	-0.135159786778253	1.5539348987318	-0.104461128095255	2.3088216053301	-0.494351234150621	1.04110325171239	-0.734523152559005	1.37105197868154	-0.883331700116378
GLN136A	0.779125748785154	-0.015467424903258	0.813763609237436	-0.607874368200246	1.3914833436792	0.324128441697904	1.47082078885379	0.453536173411471	1.5539348987318	-0.810474269704562	0.925317337680555	0.262383665530637	1.67877899338622	0.813504136705134	1.37105197868154	0.299809620312848
SER127A	-0.169375162779381	-0.015467424903258	-0.295571017265529	-0.0987146409897833	-0.245776608568955	-0.357260543429602	0.4593089480982	0.453536173411471	0.246762194219213	0.425048728111726	-0.593398516336134	-0.494351234150621	-0.871923973309124	-0.734523152559005	-0.815491453552651	-0.488951259973302
LEU114A	-1.11787607434392	-0.520736638409684	-0.542089823155077	-0.268434550059937	-0.555717797390263	-0.435532246240219	-0.552202892657387	-0.135159786778253	-0.658203524289502	-0.280964413497582	-0.593398516336134	-0.494351234150621	-0.871923973309124	-0.734523152559005	-0.815491453552651	-0.488951259973302
GLY226A	-1.11787607434392	-0.520736638409684	-1.52816504671327	-0.947314186340554	-0.497932152016798	-0.149891821768486	-1.05795881303518	-0.723855746967977	-1.06041051029338	-0.810474269704562	-0.593398516336134	-0.494351234150621	-0.871923973309124	-0.734523152559005	-0.815491453552651	-0.488951259973302
VAL225A	-1.59212653012618	-1.02600585191611	-1.65142444965804	-1.11703409541071	-0.821881982140764	-0.708079914335528	-1.56371473341297	-1.3125517071577	-1.26151400329531	-0.986977555106889	-0.593398516336134	-0.494351234150621	-0.871923973309124	-0.734523152559005	-0.815491453552651	-0.488951259973302
ARG290A	-1.59212653012618	-1.02600585191611	-1.77468385260282	-1.28675400448086	-0.821006442059348	-0.707375503537131	-1.05795881303518	-0.723855746967977	-1.26151400329531	-0.986977555106889	-0.593398516336134	-0.494351234150621	-0.871923973309124	-0.734523152559005	-0.815491453552651	-0.488951259973302
GLU287A	-1.59212653012618	-1.02600585191611	-1.77468385260282	-1.28675400448086	-0.821006442059348	-0.707275708667528	-1.05795881303518	-0.723855746967977	-1.26151400329531	-0.986977555106889	-0.593398516336134	-0.494351234150621	-0.871923973309124	-0.734523152559005	-0.815491453552651	-0.488951259973302
GLU285A	0.304875293002887	-0.015467424903258	0.197466594513566	-0.268434550059937	-0.153844900020262	-0.475499106480216	0.4593089480982	0.453536173411471	0.146210447718245	0.0720421573070721	-0.593398516336134	-0.494351234150621	-0.871923973309124	-0.734523152559005	-0.815491453552651	-0.488951259973302
THR284A	-1.11787607434392	-0.520736638409684	-0.911868031989399	-0.607874368200246	-0.821881982140764	-0.708079914335528	-1.56371473341297	-1.3125517071577	-1.26151400329531	-0.986977555106889	-0.593398516336134	-0.494351234150621	-0.871923973309124	-0.734523152559005	-0.815491453552651	-0.488951259973302
ALA276A	-0.169375162779381	-0.520736638409684	-0.172311614320755	-0.268434550059937	-0.595992641135404	-0.708079914335528	-0.552202892657387	-1.3125517071577	-0.054893045283692	-1.16348084050922	-0.327804328829241	-0.494351234150621	-0.234248231635287	-0.734523152559005	-0.159528423882393	-0.883331700116378
TYR103A	-0.169375162779381	-1.02600585191611	-0.418830420210303	-0.438154459130091	-0.109192355868039	-0.672469747341108	-0.0464469722795935	-0.723855746967977	-0.255996538285629	-0.280964413497582	-0.252955057804571	-0.446871288366298	-0.234248231635287	0.0394904920730647	-0.596837110329231	-0.0945708198302272
LEU145A	0.779125748785154	1.50034021561602	1.43006062396131	2.27736408599237	0.910811838981745	0.624817149402528	0.965064868475994	1.63092809379092	1.5539348987318	2.36658486753732	0.00418840555437588	0.0477417882762858	0.40342751003855	0.813504136705134	1.58970632190496	1.088570500599
THR125A	1.72762666034969	2.00560942912244	1.79983883279563	2.61680390413268	0.8757902357251	1.04648645619084	1.47082078885379	1.63092809379092	1.5539348987318	2.36658486753732	1.43236078655735	1.8450569511758	2.9541304767339	3.90955871523341	2.46432369479864	3.45485314145745
CYS275A	0.779125748785154	1.50034021561602	0.567244803347888	0.919604813431141	-0.207252844986645	-0.18320275315482	0.4593089480982	1.0422321336012	0.749520926724055	1.83707501133034	-0.545108664062153	-0.458319427072501	-0.234248231635287	0.0394904920730647	-0.159528423882393	0.694190060455923
VAL274A	2.20187711613196	2.51087864262887	1.79983883279563	2.44708399506253	1.82925338438726	3.57401484149258	2.48233262960937	2.80832001417037	2.55945236374149	2.54308815293965	0.111633326863983	0.610804540228459	1.67877899338622	2.36153142596927	1.37105197868154	0.694190060455923
PRO151A	0.304875293002887	0.489801788603168	0.0742071915687924	0.410445086220679	1.3371998586314	1.80055606591132	0.965064868475994	1.0422321336012	0.648969180223087	0.778055298916379	1.9212955408314	2.35750039111378	1.04110325171239	0.813504136705134	0.933743292234704	0.299809620312848
LEU133A	0.779125748785154	0.995071002109593	1.18354181807176	1.4287645406416	0.775103126362246	1.94243097900972	1.47082078885379	1.63092809379092	1.65448664523277	1.30756515512336	1.01706805700112	2.18895893994026	0.40342751003855	0.813504136705134	0.496434605787865	-0.883331700116378
ASP207A	-0.643625618561649	-0.520736638409684	-0.665349226099851	-0.0987146409897833	-0.66691138773011	-0.661447450288503	-0.552202892657387	-0.135159786778253	-0.557651777788534	0.248545442709399	-0.593398516336134	-0.494351234150621	-0.871923973309124	-0.734523152559005	-0.815491453552651	-0.488951259973302
HIS193A	0.304875293002887	0.995071002109593	0.0742071915687924	0.410445086220679	-0.292180232884009	0.0626321441864738	0.4593089480982	1.0422321336012	0.146210447718245	0.601552013514053	0.347046356699638	-0.177991390197757	-0.234248231635287	0.0394904920730647	-0.378182767105812	-0.0945708198302272
ALA161A	0.779125748785154	1.50034021561602	1.30680122101653	1.93792426785207	3.27389451872386	2.20870599784284	0.4593089480982	1.0422321336012	0.749520926724055	2.19008158213499	-0.593398516336134	-0.494351234150621	-0.871923973309124	-0.734523152559005	-0.815491453552651	-0.488951259973302
LEU206A	-0.169375162779381	-0.520736638409684	-0.0490522113759815	-0.268434550059937	-0.652902746427452	-0.669482684264543	-0.0464469722795935	-0.723855746967977	-0.255996538285629	-0.457467698899908	-0.50406228962927	-0.442888560822451	-0.234248231635287	0.0394904920730647	-0.159528423882393	0.299809620312848
ASN131A	-0.643625618561649	-0.520736638409684	-0.665349226099851	-1.11703409541071	-0.2807982118256	-0.155926287634075	-0.0464469722795935	-0.135159786778253	-0.054893045283692	-0.986977555106889	-0.151546368029211	0.241849308366069	0.40342751003855	0.813504136705134	0.0591259193410266	-0.883331700116378
PHE270A	0.779125748785154	-1.02600585191611	0.93702301218221	-0.268434550059937	4.9811976774853	1.59708604631972	1.47082078885379	-0.723855746967977	1.45338315223083	-0.457467698899908	3.74544471048102	-0.494351234150621	1.67877899338622	-0.734523152559005	1.15239763545812	-0.883331700116378
GLY244A	-0.643625618561649	-0.015467424903258	-0.788608629044625	-0.0987146409897833	-0.659031526997365	-0.599178469567683	-0.552202892657387	-0.135159786778253	-0.758755270790471	-0.104461128095255	-0.593398516336134	-0.494351234150621	-0.871923973309124	-0.734523152559005	-0.815491453552651	-0.488951259973302
GLY245A	0.779125748785154	1.50034021561602	0.443985400403114	1.08932472250129	0.903807518330416	1.45406011426818	0.4593089480982	1.0422321336012	0.246762194219213	1.13106186972103	-0.593398516336134	-0.494351234150621	-0.871923973309124	-0.734523152559005	-0.815491453552651	-0.488951259973302
PHE236A	0.304875293002887	-1.02600585191611	1.67657942985085	-0.7775942772704	-0.159098140508758	-0.708079914335528	0.4593089480982	-1.3125517071577	0.950624419725992	-1.16348084050922	0.0862811544201429	-0.494351234150621	1.04110325171239	-0.734523152559005	1.15239763545812	-0.883331700116378
ILE253A	1.72762666034969	1.50034021561602	1.79983883279563	1.93792426785207	2.72405534759454	1.53265668419122	0.965064868475994	1.0422321336012	0.950624419725992	0.954558584318706	0.182860858968104	-0.0400861899077507	-0.234248231635287	0.0394904920730647	-0.159528423882393	0.694190060455923
LYS132A	-0.643625618561649	-0.520736638409684	-0.418830420210303	-0.607874368200246	0.333830925328519	0.703500862906402	-0.552202892657387	-0.135159786778253	-0.557651777788534	-0.104461128095255	0.396543455280468	0.692112982957951	-0.234248231635287	0.0394904920730647	-0.159528423882393	0.299809620312848
ARG213A	1.72762666034969	1.50034021561602	0.32072599745834	0.410445086220679	0.866159294829522	-0.226844471846312	2.48233262960937	2.21962405398064	1.2522796592289	1.13106186972103	-0.593398516336134	-0.494351234150621	-0.234248231635287	0.0394904920730647	0.0591259193410266	0.299809620312848
ARG202A	-0.643625618561649	-0.520736638409684	-1.03512743493417	-1.11703409541071	-0.658155986915949	-0.579623337512731	-0.552202892657387	-0.135159786778253	-1.06041051029338	-0.986977555106889	-0.370057949568974	-0.327099750942145	-0.234248231635287	0.0394904920730647	-0.596837110329231	-0.0945708198302272
SER260A	-0.643625618561649	-1.02600585191611	-0.788608629044625	-1.28675400448086	-0.667786927811526	-0.708079914335528	-1.05795881303518	-1.3125517071577	-1.06041051029338	-1.16348084050922	-0.593398516336134	-0.494351234150621	-0.871923973309124	-0.734523152559005	-0.815491453552651	-0.488951259973302
PRO191A	-0.643625618561649	-0.520736638409684	-0.0490522113759815	-0.438154459130091	0.415256152900219	-0.708079914335528	-1.05795881303518	-1.3125517071577	-0.758755270790471	-1.16348084050922	1.55429266354915	-0.079536762929532	0.40342751003855	0.0394904920730647	0.715088949011285	-0.0945708198302272
ALA138A	-0.643625618561649	-0.015467424903258	-0.172311614320755	-0.0987146409897833	-0.650276126183204	-0.519762852924119	-0.552202892657387	-0.135159786778253	-0.457100031287566	-0.457467698899908	-0.593398516336134	-0.494351234150621	-0.871923973309124	-0.734523152559005	-0.815491453552651	-0.488951259973302
LEU137A	0.779125748785154	0.995071002109593	1.06028241512698	0.580164995290833	-0.00938078658660128	0.22591381295634	0.965064868475994	1.0422321336012	1.85559013823471	1.30756515512336	-0.593398516336134	-0.494351234150621	-0.871923973309124	-0.734523152559005	-0.815491453552651	-0.488951259973302
GLY112A	-0.169375162779381	0.489801788603168	0.0742071915687924	0.749884904360987	0.803995949048978	1.53916386763585	-0.552202892657387	-0.135159786778253	-0.457100031287566	-0.280964413497582	-0.593398516336134	-0.494351234150621	-0.871923973309124	-0.734523152559005	-0.815491453552651	-0.488951259973302
PHE113A	-0.169375162779381	-0.520736638409684	-0.172311614320755	-0.947314186340554	0.932700341017148	2.1929895505467	-0.0464469722795935	-0.135159786778253	0.146210447718245	-0.810474269704562	1.72813613173548	3.37371882940018	0.40342751003855	0.813504136705134	0.496434605787865	-0.883331700116378
HIS214A	-0.169375162779381	0.489801788603168	-0.542089823155077	-0.0987146409897833	-0.427888945503508	-0.452275127623026	0.4593089480982	1.0422321336012	-0.255996538285629	0.248545442709399	-0.593398516336134	-0.494351234150621	-0.871923973309124	-0.734523152559005	-0.815491453552651	-0.488951259973302
SER261A	-0.169375162779381	-1.53127506542253	-0.911868031989399	-1.28675400448086	-0.821881982140764	-0.708079914335528	-1.05795881303518	-1.3125517071577	-1.06041051029338	-1.16348084050922	-0.593398516336134	-0.494351234150621	-0.871923973309124	-0.734523152559005	-0.815491453552651	-0.488951259973302
LEU257A	0.779125748785154	0.489801788603168	1.30680122101653	1.08932472250129	0.575479987799369	0.245522086210254	0.965064868475994	1.0422321336012	1.75503839173374	1.83707501133034	-0.231224624281279	0.10909183348601	-0.234248231635287	0.0394904920730647	0.277780262564446	-0.488951259973302
PHE109A	1.25337620456742	-0.520736638409684	2.29287644457472	0.410445086220679	0.281298520443552	-0.210990788657581	1.97657670923158	-0.135159786778253	2.35834887073955	0.425048728111726	0.551070982557206	-0.459150388538484	2.9541304767339	0.0394904920730647	1.58970632190496	0.694190060455923
ASP259A	0.304875293002887	0.489801788603168	-0.418830420210303	-0.7775942772704	-0.472541489655731	-0.548482858422273	-0.552202892657387	-0.723855746967977	-0.557651777788534	-0.810474269704562	-0.593398516336134	-0.494351234150621	-0.871923973309124	-0.734523152559005	-0.815491453552651	-0.488951259973302
SER96A	-1.11787607434392	-1.02600585191611	-0.788608629044625	-0.7775942772704	-0.659031526997365	-0.66963785966467	-0.552202892657387	-0.723855746967977	-0.15544479178466	-0.633970984302235	-0.593398516336134	-0.494351234150621	-0.871923973309124	-0.734523152559005	-0.815491453552651	-0.488951259973302
ASP148A	-0.643625618561649	-0.520736638409684	-0.418830420210303	-0.0987146409897833	-0.659031526997365	-0.637132444830012	-0.552202892657387	-0.135159786778253	-0.15544479178466	0.425048728111726	-0.593398516336134	-0.494351234150621	-0.871923973309124	-0.734523152559005	-0.815491453552651	-0.488951259973302
SER185A	-1.11787607434392	-1.53127506542253	-0.911868031989399	-1.28675400448086	-0.659031526997365	-0.708079914335528	-1.05795881303518	-1.3125517071577	-0.758755270790471	-1.16348084050922	-0.368850703262124	-0.494351234150621	0.40342751003855	-0.734523152559005	0.715088949011285	-0.883331700116378
ILE254A	0.304875293002887	-0.015467424903258	0.813763609237436	0.0710052680803707	-0.395493962491112	-0.128079791613488	-0.0464469722795935	0.453536173411471	-0.255996538285629	-0.104461128095255	-0.593398516336134	-0.494351234150621	-0.871923973309124	-0.734523152559005	-0.815491453552651	-0.488951259973302
ASP186A	-0.643625618561649	-0.015467424903258	-1.03512743493417	-0.607874368200246	-0.175733402055665	0.141697631114583	-0.552202892657387	-0.135159786778253	-0.859307017291439	-0.633970984302235	-0.593398516336134	-0.494351234150621	-0.871923973309124	-0.734523152559005	-0.815491453552651	-0.488951259973302
ASN263A	-0.643625618561649	-0.520736638409684	-1.03512743493417	-0.7775942772704	-0.462910548760153	-0.633841417957185	-0.0464469722795935	-0.135159786778253	-0.859307017291439	-0.986977555106889	-0.593398516336134	-0.494351234150621	-0.871923973309124	-0.734523152559005	-0.815491453552651	-0.488951259973302
THR123A	-0.169375162779381	-0.015467424903258	0.443985400403114	0.410445086220679	-0.543460236250437	-0.46399873979675	-0.0464469722795935	-0.135159786778253	0.44786568722115	-0.104461128095255	0.0778304302721963	0.0787819584766082	1.04110325171239	1.5875177813372	1.37105197868154	1.87733138088515
TYR107A	-0.169375162779381	-1.02600585191611	-0.172311614320755	-0.947314186340554	-0.702808531068171	-0.656995917615797	-0.0464469722795935	-0.723855746967977	-0.356548284786597	-0.633970984302235	-0.432834757525148	-0.426239635710787	-0.234248231635287	0.0394904920730647	-0.596837110329231	-0.0945708198302272
VAL122A	1.25337620456742	1.50034021561602	0.443985400403114	1.4287645406416	-0.524198354459282	-0.342526520327685	0.4593089480982	1.0422321336012	0.146210447718245	0.778055298916379	0.104389849022886	0.224088424933682	2.31645473506006	3.13554507060134	2.24566935157522	3.45485314145745
GLU221A	-0.643625618561649	-1.53127506542253	-0.788608629044625	-1.28675400448086	-0.758843096278803	-0.708079914335528	-0.552202892657387	-1.3125517071577	-0.758755270790471	-1.16348084050922	-0.455772437355289	-0.494351234150621	-0.234248231635287	-0.734523152559005	-0.159528423882393	-0.883331700116378
GLY105A	0.779125748785154	1.50034021561602	0.197466594513566	0.749884904360987	-0.228265806940632	0.279151882887497	0.965064868475994	1.63092809379092	0.44786568722115	0.601552013514053	-0.252955057804571	0.0254053036434896	0.40342751003855	0.813504136705134	-0.596837110329231	-0.488951259973302
ILE251A	0.304875293002887	0.489801788603168	1.30680122101653	1.59848444971176	-0.716817172370829	-0.65403735532321	0.4593089480982	0.453536173411471	0.850072673225024	1.30756515512336	-0.539072432527906	-0.467553139063394	0.40342751003855	0.813504136705134	0.496434605787865	1.088570500599
VAL157A	2.20187711613196	2.00560942912244	2.29287644457472	2.44708399506253	1.94132251480852	1.55694992344211	1.97657670923158	1.63092809379092	1.95614188473568	1.48406844052569	2.78568389653566	2.16662231332964	2.9541304767339	2.36153142596927	2.90163238124548	1.088570500599
LEU111A	1.72762666034969	2.00560942912244	1.79983883279563	1.76820435878191	1.83363108479434	3.44281499980964	1.97657670923158	2.80832001417037	1.95614188473568	2.01357829673267	2.72773607380688	4.75652480236316	1.67877899338622	2.36153142596927	2.24566935157522	0.299809620312848
PRO278A	1.72762666034969	2.00560942912244	1.18354181807176	1.93792426785207	0.768098805710917	1.04426125409991	1.97657670923158	2.21962405398064	1.5539348987318	1.48406844052569	1.19815500302855	1.4728731663448	1.04110325171239	0.813504136705134	2.0270150083518	1.088570500599
VAL172A	-0.169375162779381	0.489801788603168	0.197466594513566	1.25904463157145	-0.180986642544162	0.396227339067378	-0.0464469722795935	0.453536173411471	-0.255996538285629	0.0720421573070721	-0.593398516336134	-0.494351234150621	-0.871923973309124	-0.734523152559005	-0.815491453552651	-0.488951259973302
VAL147A	1.25337620456742	0.995071002109593	1.18354181807176	0.0710052680803707	-0.318446435326493	0.158620245609785	0.965064868475994	0.453536173411471	1.5539348987318	-0.280964413497582	0.100768110102337	0.661242240373527	1.04110325171239	1.5875177813372	1.80836066512838	-0.0945708198302272
CYS277A	0.779125748785154	-0.015467424903258	-0.0490522113759815	-0.7775942772704	-0.590739400646907	-0.596188237804578	-0.552202892657387	-0.723855746967977	-0.557651777788534	-0.986977555106889	-0.593398516336134	-0.494351234150621	-0.871923973309124	-0.734523152559005	-0.815491453552651	-0.488951259973302
CYS182A	0.304875293002887	-0.015467424903258	-0.665349226099851	-0.268434550059937	-0.364850059641548	0.056103241274696	-0.552202892657387	-0.135159786778253	-0.457100031287566	-0.104461128095255	-0.368850703262124	-0.494351234150621	-0.234248231635287	-0.734523152559005	-0.815491453552651	-0.883331700116378
HIS178A	-0.169375162779381	-1.02600585191611	-0.295571017265529	-0.947314186340554	-0.753589855790306	-0.684765274486303	-0.552202892657387	-0.723855746967977	-0.457100031287566	-0.810474269704562	-0.593398516336134	-0.494351234150621	-0.871923973309124	-0.734523152559005	-0.815491453552651	-0.488951259973302
SER240A	-0.643625618561649	-0.520736638409684	0.32072599745834	0.240725177150525	-0.659031526997365	-0.474244362043929	-0.0464469722795935	-0.135159786778253	0.548417433722118	0.425048728111726	-0.593398516336134	-0.494351234150621	-0.234248231635287	0.0394904920730647	-0.378182767105812	-0.883331700116378
ALA119A	-0.169375162779381	-0.520736638409684	-0.172311614320755	-0.7775942772704	-0.497932152016798	-0.149891821768486	-0.552202892657387	-0.723855746967977	-0.557651777788534	-0.633970984302235	-0.146717382801813	0.249895215934557	0.40342751003855	0.0394904920730647	-0.159528423882393	-0.488951259973302
LYS120A	-1.59212653012618	-1.53127506542253	-1.40490564376849	-1.28675400448086	-0.821881982140764	-0.708079914335528	-1.56371473341297	-1.3125517071577	-1.26151400329531	-0.986977555106889	-0.593398516336134	-0.494351234150621	-0.871923973309124	-0.734523152559005	-0.815491453552651	-0.488951259973302
HIS168A	-0.643625618561649	-0.520736638409684	-0.788608629044625	-0.268434550059937	-0.659031526997365	-0.578306467428882	-0.552202892657387	-0.723855746967977	-0.457100031287566	-0.280964413497582	-0.372472442182673	-0.321320980618317	-0.234248231635287	0.0394904920730647	-0.159528423882393	0.299809620312848
ARG280A	-0.169375162779381	-1.02600585191611	-0.418830420210303	-0.947314186340554	-0.648525046020372	-0.521265530519792	-1.05795881303518	-0.723855746967977	-1.16096225679434	-0.986977555106889	-0.593398516336134	-0.494351234150621	-0.871923973309124	-0.734523152559005	-0.815491453552651	-0.488951259973302
ARG283A	-0.643625618561649	-0.015467424903258	-0.542089823155077	0.0710052680803707	-0.612627902682311	-0.47669804062431	-1.05795881303518	-0.723855746967977	-0.859307017291439	-0.633970984302235	-0.593398516336134	-0.494351234150621	-0.871923973309124	-0.734523152559005	-0.815491453552651	-0.488951259973302
PHE212A	-1.11787607434392	-1.53127506542253	-1.03512743493417	-1.28675400448086	-0.659031526997365	-0.708079914335528	-1.05795881303518	-1.3125517071577	-1.06041051029338	-1.16348084050922	-0.593398516336134	-0.494351234150621	-0.871923973309124	-0.734523152559005	-0.815491453552651	-0.488951259973302
LYS101A	-1.11787607434392	-1.53127506542253	-1.03512743493417	-1.28675400448086	-0.723821493022158	-0.708079914335528	-1.05795881303518	-1.3125517071577	-1.16096225679434	-1.16348084050922	-0.50406228962927	-0.494351234150621	-0.234248231635287	-0.734523152559005	-0.378182767105812	-0.883331700116378
THR155A	1.72762666034969	2.00560942912244	1.67657942985085	1.59848444971176	0.585986468776363	0.507205837924509	2.48233262960937	2.80832001417037	2.05669363123664	2.19008158213499	0.0742086913516477	0.149743979093192	0.40342751003855	0.813504136705134	0.715088949011285	0.299809620312848
THR150A	-1.11787607434392	-0.520736638409684	-1.03512743493417	-0.607874368200246	-0.326326296059238	-0.304410958369615	-0.552202892657387	-0.135159786778253	-0.758755270790471	-0.280964413497582	-0.350742008659381	-0.2335479044639	-0.234248231635287	0.0394904920730647	-0.159528423882393	0.299809620312848
ASP228A	-0.643625618561649	-1.02600585191611	-0.788608629044625	-1.11703409541071	-0.659031526997365	-0.708079914335528	-0.0464469722795935	-0.723855746967977	-0.356548284786597	-0.810474269704562	-0.593398516336134	-0.494351234150621	-0.234248231635287	0.0394904920730647	-0.596837110329231	-0.0945708198302272
MET160A	0.304875293002887	-1.02600585191611	0.0742071915687924	-0.947314186340554	-0.701057450905339	-0.622088775750876	-0.0464469722795935	-0.723855746967977	-0.15544479178466	-0.810474269704562	-0.593398516336134	-0.494351234150621	-0.871923973309124	-0.734523152559005	-0.815491453552651	-0.488951259973302
ASP268A	-0.643625618561649	-0.015467424903258	-0.0490522113759815	0.410445086220679	-0.659031526997365	-0.522456795821332	-0.552202892657387	-0.135159786778253	-0.054893045283692	0.778055298916379	-0.368850703262124	-0.24685518604863	0.40342751003855	0.813504136705134	0.277780262564446	1.088570500599
SER99A	-0.169375162779381	-0.015467424903258	-0.665349226099851	-0.607874368200246	-0.501434312342463	-0.634426295916502	-0.552202892657387	-0.723855746967977	-0.859307017291439	-0.810474269704562	0.0633434745900021	0.179135408886007	1.04110325171239	1.5875177813372	0.0591259193410266	0.299809620312848
GLU286A	-0.643625618561649	-0.520736638409684	-0.295571017265529	-0.268434550059937	-0.811375501163771	-0.699318064569723	-0.552202892657387	-0.723855746967977	-0.457100031287566	-0.633970984302235	-0.593398516336134	-0.494351234150621	-0.871923973309124	-0.734523152559005	-0.815491453552651	-0.488951259973302
SER149A	-0.643625618561649	-1.02600585191611	-0.542089823155077	-1.11703409541071	-0.803495640431026	-0.703554064936336	-0.552202892657387	-0.723855746967977	-0.557651777788534	-0.986977555106889	-0.593398516336134	-0.494351234150621	-0.871923973309124	-0.734523152559005	-0.815491453552651	-0.488951259973302
PRO222A	-0.169375162779381	-0.015467424903258	-0.542089823155077	-0.7775942772704	-0.645898425776123	-0.600451642492528	-1.05795881303518	-0.723855746967977	-1.16096225679434	-0.810474269704562	0.0802449228858953	-0.12153934281888	1.67877899338622	1.5875177813372	0.715088949011285	-0.0945708198302272
GLY117A	-0.643625618561649	-0.015467424903258	-0.542089823155077	-0.0987146409897833	-0.546962396576101	-0.441188256745531	-0.552202892657387	-0.135159786778253	-0.255996538285629	0.248545442709399	-0.0573811560949494	0.122994230152055	1.04110325171239	1.5875177813372	1.15239763545812	1.87733138088515
SER116A	-1.11787607434392	-1.53127506542253	-0.911868031989399	-1.28675400448086	-0.772851737581461	-0.708079914335528	-1.05795881303518	-1.3125517071577	-0.959858763792408	-1.16348084050922	-0.368850703262124	-0.494351234150621	0.40342751003855	-0.734523152559005	0.715088949011285	-0.883331700116378
SER215A	-0.169375162779381	-0.520736638409684	0.0742071915687924	-0.268434550059937	-0.65115166626462	-0.603931950130539	-0.0464469722795935	-0.135159786778253	-0.356548284786597	-0.280964413497582	-0.386959397864867	-0.35548809164485	0.40342751003855	0.0394904920730647	1.37105197868154	0.299809620312848
SER227A	-0.643625618561649	-0.520736638409684	-1.15838683787895	-0.7775942772704	-0.014634027075098	0.124676375115843	-0.0464469722795935	-0.135159786778253	-0.457100031287566	-0.457467698899908	0.0730014450447982	0.61598401030078	0.40342751003855	0.813504136705134	-0.596837110329231	-0.488951259973302
ASN210A	-0.643625618561649	-1.02600585191611	-1.03512743493417	-1.28675400448086	-0.821881982140764	-0.708079914335528	-1.56371473341297	-1.3125517071577	-1.26151400329531	-0.986977555106889	-0.593398516336134	-0.494351234150621	-0.871923973309124	-0.734523152559005	-0.815491453552651	-0.488951259973302
PRO177A	-0.169375162779381	0.489801788603168	-0.542089823155077	0.0710052680803707	-0.73257689383632	-0.609839227229946	-0.552202892657387	-0.135159786778253	-0.959858763792408	-0.633970984302235	-0.593398516336134	-0.494351234150621	-0.871923973309124	-0.734523152559005	-0.815491453552651	-0.488951259973302
SER166A	-1.59212653012618	-1.02600585191611	-1.52816504671327	-1.11703409541071	-0.821881982140764	-0.708079914335528	-1.56371473341297	-1.3125517071577	-1.26151400329531	-0.986977555106889	-0.593398516336134	-0.494351234150621	-0.871923973309124	-0.734523152559005	-0.815491453552651	-0.488951259973302
THR102A	-1.59212653012618	-1.02600585191611	-1.40490564376849	-1.11703409541071	-0.821881982140764	-0.708079914335528	-1.56371473341297	-1.3125517071577	-1.26151400329531	-0.986977555106889	-0.593398516336134	-0.494351234150621	-0.871923973309124	-0.734523152559005	-0.815491453552651	-0.488951259973302
SER106A	-1.59212653012618	-1.53127506542253	-1.15838683787895	-1.28675400448086	-0.659031526997365	-0.708079914335528	-1.05795881303518	-1.3125517071577	-0.859307017291439	-1.16348084050922	-0.593398516336134	-0.494351234150621	-0.871923973309124	-0.734523152559005	-0.815491453552651	-0.488951259973302
GLY199A	-1.11787607434392	-0.520736638409684	-1.15838683787895	-0.7775942772704	-0.581983999832746	-0.294719002542637	-0.552202892657387	-0.135159786778253	-0.758755270790471	-0.633970984302235	-0.593398516336134	-0.494351234150621	-0.871923973309124	-0.734523152559005	-0.815491453552651	-0.488951259973302
THR170A	-0.169375162779381	-0.015467424903258	-0.542089823155077	-0.0987146409897833	-0.811375501163771	-0.705062681402734	-0.552202892657387	-0.723855746967977	-0.15544479178466	-0.633970984302235	-0.383337658944318	-0.144354254921375	0.40342751003855	0.813504136705134	0.496434605787865	0.694190060455923
SER183A	-1.59212653012618	-1.02600585191611	-1.40490564376849	-0.7775942772704	-0.821881982140764	-0.708079914335528	-1.56371473341297	-1.3125517071577	-1.26151400329531	-0.986977555106889	-0.368850703262124	-0.12021653221591	-0.234248231635287	0.0394904920730647	-0.815491453552651	-0.883331700116378
GLU180A	-1.59212653012618	-1.02600585191611	-1.28164624082372	-0.947314186340554	-0.659031526997365	-0.42747725158561	-1.05795881303518	-0.723855746967977	-1.06041051029338	-1.16348084050922	-0.368850703262124	-0.12021653221591	-0.234248231635287	0.0394904920730647	-0.378182767105812	-0.0945708198302272
SER121A	-1.59212653012618	-1.02600585191611	-1.03512743493417	-0.268434550059937	-0.821881982140764	-0.708079914335528	-1.56371473341297	-1.3125517071577	-1.26151400329531	-0.986977555106889	-0.593398516336134	-0.494351234150621	-0.871923973309124	-0.734523152559005	-0.815491453552651	-0.488951259973302
ARG209A	-1.11787607434392	-1.02600585191611	-1.40490564376849	-1.28675400448086	-0.821881982140764	-0.708079914335528	-1.56371473341297	-1.3125517071577	-1.26151400329531	-0.986977555106889	-0.593398516336134	-0.494351234150621	-0.871923973309124	-0.734523152559005	-0.815491453552651	-0.488951259973302
HIS115A	-2.06637698590845	-1.53127506542253	-1.77468385260282	-1.28675400448086	-0.821881982140764	-0.708079914335528	-1.56371473341297	-1.3125517071577	-1.26151400329531	-0.986977555106889	-0.593398516336134	-0.494351234150621	-0.871923973309124	-0.734523152559005	-0.815491453552651	-0.488951259973302
ARG181A	-2.06637698590845	-1.53127506542253	-1.77468385260282	-1.28675400448086	-0.821881982140764	-0.708079914335528	-1.56371473341297	-1.3125517071577	-1.26151400329531	-0.986977555106889	-0.593398516336134	-0.494351234150621	-0.871923973309124	-0.734523152559005	-0.815491453552651	-0.488951259973302
LEU201A	-2.06637698590845	-1.53127506542253	-1.77468385260282	-1.28675400448086	-0.821881982140764	-0.708079914335528	-1.56371473341297	-1.3125517071577	-1.26151400329531	-0.986977555106889	-0.593398516336134	-0.494351234150621	-0.871923973309124	-0.734523152559005	-0.815491453552651	-0.488951259973302
GLU224A	-2.06637698590845	-1.53127506542253	-1.77468385260282	-1.28675400448086	-0.821881982140764	-0.708079914335528	-1.56371473341297	-1.3125517071577	-1.26151400329531	-0.986977555106889	-0.593398516336134	-0.494351234150621	-0.871923973309124	-0.734523152559005	-0.815491453552651	-0.488951259973302
ARG248A	-2.06637698590845	-1.53127506542253	-1.77468385260282	-1.28675400448086	-0.821881982140764	-0.708079914335528	-1.56371473341297	-1.3125517071577	-1.26151400329531	-0.986977555106889	-0.593398516336134	-0.494351234150621	-0.871923973309124	-0.734523152559005	-0.815491453552651	-0.488951259973302
ASN288A	-2.06637698590845	-1.53127506542253	-1.77468385260282	-1.28675400448086	-0.821881982140764	-0.708079914335528	-1.56371473341297	-1.3125517071577	-1.26151400329531	-0.986977555106889	-0.593398516336134	-0.494351234150621	-0.871923973309124	-0.734523152559005	-0.815491453552651	-0.488951259973302
LYS291A	-2.06637698590845	-1.53127506542253	-1.77468385260282	-1.28675400448086	-0.821881982140764	-0.708079914335528	-1.56371473341297	-1.3125517071577	-1.26151400329531	-0.986977555106889	-0.593398516336134	-0.494351234150621	-0.871923973309124	-0.734523152559005	-0.815491453552651	-0.488951259973302
