Degree	Degree_sidechain	SecondOrderDegree	SecondOrderDegree_sidechain	NodeEdgeBetweennessSTRIDE	NodeEdgeBetweennessSTRIDE_sidechain	IntermodularDegreeSTRIDE	IntermodularDegreeSTRIDE_sidechain	SecondOrderIntermodularDegreeSTRIDE	SecondOrderIntermodularDegreeSTRIDE_sidechain	NodeEdgeBetweennessWALKTRAP	NodeEdgeBetweennessWALKTRAP_sidechain	IntermodularDegreeWALKTRAP	IntermodularDegreeWALKTRAP_sidechain	SecondOrderIntermodularDegreeWALKTRAP	SecondOrderIntermodularDegreeWALKTRAP_sidechain
CYS229A	5	4	16	9	1272	449.442969331058	5	4	15	9	695	449.442969331058	3	3	5	3
TRP146A	7	3	20	4	1724	897.902923188568	5	3	15	4	2074	897.902923188568	5	3	8	3
ARG273A	7	3	26	8	420	275.82199762445	5	3	13	6	555	1	4	1	8	0
ASP281A	5	4	18	7	188	46.6609069295637	3	3	8	6	1	1	2	1	5	0
GLY105A	7	7	18	13	353	353	6	6	18	9	192	192	3	3	5	1
SER106A	3	2	9	2	50	1	2	1	5	0	1	1	1	1	1	1
ARG196A	7	5	25	12	1255	527.406660379618	6	5	25	15	281	89.4298935486806	3	2	11	4
ASP184A	5	5	15	10	188	39.8445864330048	4	4	17	13	188	39.8445864330048	5	5	6	4
ALA203A	7	7	17	11	324	120.49141899085	5	5	18	9	324	120.49141899085	4	4	12	8
TYR205A	8	4	28	15	4550	825.652533681021	8	4	30	13	2275	759	4	2	15	6
CYS242A	7	5	20	9	227	116.520144219297	5	4	23	12	181	98.696391212074	3	3	9	7
HIS179A	8	6	22	12	2560	304.067889919221	8	6	32	16	2115	229.067889919221	6	5	14	11
GLN104A	4	3	13	8	165	45.3693841043332	3	3	12	9	1	1	1	1	1	1
GLY108A	8	7	20	10	1442	964.676894719194	7	6	27	12	445	445	2	2	5	1
ARG175A	7	6	21	14	3424	2754.1985932995	7	6	30	16	1155	1124.72552001831	3	3	9	8
GLY279A	9	9	27	23	266	252.227739971299	4	4	11	8	281	211.767190258136	6	6	12	8
THR118A	6	4	17	9	1810	678.331044737985	6	4	14	8	1177	669.357514976727	3	3	5	4
PRO128A	5	5	15	10	448	439.906045059838	4	4	16	10	1	1	1	1	1	1
TYR126A	7	2	20	3	3716	1326	6	2	20	2	564	1	4	1	10	0
ASP148A	4	3	11	8	188	48.2905124124315	4	3	17	9	1	1	1	1	1	1
VAL147A	7	5	20	8	284	274	6	4	24	4	394	394	3	3	9	3
CYS176A	7	6	20	12	2423	941.536388154673	5	4	23	12	2218	1140.49927297495	5	5	13	10
TYR107A	6	2	14	3	282	70.2330087746752	4	2	11	3	273	70.2330087746752	2	2	2	2
ARG249A	7	6	19	11	2554	1524.54160267867	7	6	21	12	1776	1120.54160267867	5	4	7	4
GLU171A	3	2	9	5	188	53.7295426647397	2	2	6	5	188	53.7295426647397	3	2	6	3
THR230A	6	6	13	10	182	165.797471718054	5	5	10	6	114	108.213083895269	3	3	5	1
THR231A	5	5	17	14	300	300	2	2	4	3	7	6.78691610473116	2	2	2	2
ARG283A	4	4	12	10	356	250.940280558592	2	2	5	3	402	256.645080395709	3	3	7	7
SER241A	4	3	10	5	188	1	2	1	1	0	1	1	1	1	1	1
TYR239A	6	1	23	1	511	1	4	1	21	0	420	1	3	1	6	0
ARG213A	9	7	17	11	2580	349.712145761537	9	7	28	13	1	1	2	2	3	1
THR211A	7	6	14	9	737	737	4	3	15	7	1	1	1	1	1	1
GLY154A	5	5	15	12	546	546	4	4	13	9	182	182	2	2	1	0
PRO153A	3	2	6	4	1	1	1	1	1	1	1	1	1	1	1	1
ILE162A	7	3	21	6	3030	535.141366044109	6	3	24	6	2712	414.141366044109	4	2	10	1
VAL173A	8	8	20	19	3853	3236.33303022542	6	6	23	18	4186	2934.56971055372	5	5	8	4
THR253A	7	7	29	14	1308	675.903368923522	5	5	23	11	1	1	2	2	4	1
TYR236A	9	4	35	10	3206	369.108392559573	9	4	41	8	4	1	2	1	3	0
ARG156A	7	4	24	10	128	48.7349590306651	5	3	19	5	128	48.7349590306651	3	3	5	5
VAL217A	7	7	23	19	2007	990.04531436265	5	5	18	12	2275	841.070035664439	5	5	16	14
GLU271A	6	4	16	5	3292	499.020336971303	5	4	12	6	2837	365.71699651891	4	2	7	1
PRO250A	5	4	12	8	1082	1007.294831377	5	4	15	9	408	408	2	2	4	3
GLU204A	5	2	17	3	188	1	5	2	17	2	1	1	2	2	2	2
THR125A	9	8	29	23	1591	1002.92389294407	7	6	28	19	1583	1002.92389294407	7	7	17	11
CYS124A	7	5	26	17	235	176.427133729871	6	4	20	12	1	1	3	1	6	0
CYS141A	8	7	26	13	626	251.80427742667	5	5	22	14	288	198.456750325488	4	4	4	1
ALA129A	5	4	10	9	2	1.5	3	2	7	2	1	1	1	1	1	1
HIS233A	4	2	12	4	107	1	3	1	7	0	1	1	1	1	1	1
THR140A	6	4	17	8	348	217.795471141283	4	3	8	2	242	111.795471141283	3	2	5	2
CYS238A	10	6	32	14	3296	1208.87557770681	9	5	48	16	931	594.875577706809	5	4	15	10
MET246A	9	5	24	12	404	275.447632535278	8	5	34	12	252	153.447632535278	5	3	9	4
PRO142A	8	6	21	13	533	77.533936312291	5	4	10	5	1	1	1	1	1	1
ASP208A	4	4	8	6	1	1	1	1	1	1	1	1	1	1	1	1
LEU264A	6	6	16	14	57	57	3	3	5	2	121	89	3	3	5	1
LEU265A	8	5	25	16	254	234	6	4	25	10	64	64	3	2	4	1
GLY187A	4	4	8	5	224	55.2956216933402	3	3	5	3	37	37	2	2	3	1
LEU188A	6	2	15	6	342	81.4619768483428	4	2	9	4	342	81.4619768483428	4	2	6	3
ALA189A	6	6	17	11	1966	1342.31297484037	4	4	15	9	661	191.790445970954	2	2	2	2
ARG110A	7	5	16	11	1556	1183.66320876404	7	5	22	12	788	788	3	2	6	2
GLY226A	3	3	2	1	373	373	2	2	2	0	1	1	1	1	1	1
SER227A	3	1	4	1	928	1	3	1	4	0	556	1	2	1	2	0
TYR163A	4	3	16	9	2280	191.139799692475	4	3	18	9	2280	191.139799692475	4	3	12	5
GLN192A	6	3	12	6	198	1	4	1	7	0	550	164.501480301964	4	3	3	1
PRO190A	7	5	20	12	1171	1171	2	2	7	3	1	1	2	1	3	0
GLY266A	8	8	22	17	1385	1057.04314761732	5	5	17	8	676	676	4	4	10	2
ASN235A	5	5	14	8	518	430.692989440081	4	4	9	4	300	212.692989440081	3	3	5	3
LYS139A	5	1	15	1	403	1	4	1	10	0	42	1	2	1	3	0
ARG282A	9	7	24	14	3056	1961.3500722394	7	6	28	16	1562	528.350072239402	4	3	13	8
PHE134A	6	5	22	12	128	65.7781789730156	5	4	21	13	61	1	2	1	6	0
ARG158A	8	6	23	10	4672	3203.45125542166	5	5	15	9	2733	1468.27935424995	5	4	16	7
GLU258A	6	3	21	8	3083	626.038607383587	5	3	19	6	672	100.210508555294	2	2	2	2
LYS164A	3	2	8	3	758	322.696659547607	3	2	8	3	1	1	1	1	1	1
MET237A	8	5	24	10	1584	381.297857873434	7	5	28	14	1	1	2	2	4	4
PRO152A	5	4	14	9	827	321.571860365151	4	4	15	10	299	229.766991225325	3	3	3	1
LEU194A	7	7	27	23	476	375.552367464722	7	7	35	25	11	6.55236746472219	2	2	4	2
ALA159A	6	6	23	15	454	255.72707158656	4	4	14	9	786	587.72707158656	6	6	23	13
VAL216A	8	8	24	19	3013	2823.63062126213	6	6	26	17	3042	2852.63062126213	6	6	21	15
GLY262A	5	5	9	6	1002	902.789491444706	3	3	7	4	1002	902.789491444706	3	3	4	3
PRO98A	6	6	15	9	412	333.287854238463	5	5	20	10	1	1	1	1	1	1
VAL97A	7	6	14	9	532	304.210300012967	6	5	21	5	187	131.710300012967	2	2	3	1
GLN144A	8	5	21	8	2645	558.869017417575	5	4	14	7	495	85.6541074803733	2	2	2	2
GLN100A	3	2	7	5	382	88.4986451541691	2	2	4	4	382	88.4986451541691	2	2	4	4
LEU252A	6	6	15	8	6671	6583.50135484583	5	5	14	6	4854	4766.50135484583	5	5	10	3
PRO219A	3	3	7	7	558	323.784415011131	2	2	2	2	1206	798.483908572752	3	3	8	8
VAL218A	7	7	19	15	1307	685.811474633768	5	5	18	14	2410	1276.08725977036	7	7	21	19
THR256A	6	6	18	17	796	328.956852382683	3	3	6	6	780	780	2	2	6	2
ILE232A	7	5	28	17	1063	287.043293367439	5	4	21	13	341	211.426332714465	4	4	14	11
TYR234A	7	4	26	11	1204	112.729509205038	5	3	18	5	865	28.673681753172	5	3	16	8
ARG174A	4	3	14	6	201	72.9890757890595	3	3	7	4	128	1	2	1	4	0
ASN200A	5	2	15	6	476	150.735129527039	4	2	12	4	302	150.735129527039	3	2	13	6
VAL197A	9	8	29	22	3079	1658.86937873787	8	7	30	17	2759	1338.86937873787	8	7	25	17
ILE255A	9	5	34	14	1923	412.043419208402	6	3	25	5	2533	327.099246660268	7	3	22	6
VAL272A	8	7	31	18	1356	1118.86122385839	4	3	17	7	471	471	3	3	6	1
VAL274A	11	10	32	23	4730	4483.93020074725	9	8	41	22	567	391.311595663678	5	4	8	1
GLN136A	6	4	22	6	2124	423.450563630786	6	4	23	2	1016	256.450563630786	4	3	9	2
LEU130A	7	6	13	10	934	678.861410319136	6	6	17	13	1	1	1	1	1	1
SER127A	6	5	13	10	400	241.570431742635	6	5	18	10	1	1	1	1	1	1
LEU114A	3	3	12	8	502	291.466063687709	3	3	8	6	1	1	1	1	1	1
ALA276A	5	3	14	7	95	1	3	1	12	0	82	1	2	1	3	0
TYR103A	5	1	12	1	655	1	4	1	11	0	655	1	4	1	7	0
CYS275A	7	7	20	15	377	192.205499782309	5	5	21	16	45	20.6884043363224	2	2	4	3
LEU133A	6	6	23	17	438	402.225339168947	6	6	27	15	285	285	3	3	7	0
ALA161A	7	7	23	18	1782	788.316211591878	5	5	21	19	509	509	3	3	7	2
ASP207A	4	3	10	9	153	12.3479625907319	3	3	9	9	132	9.23742034980096	2	2	3	3
LEU206A	5	3	15	7	425	82.8355284963756	4	2	13	4	425	82.8355284963756	4	2	11	3
ASN131A	4	3	12	3	2768	1443	4	3	14	2	1443	1443	3	3	6	0
PHE270A	9	3	25	7	6610	202.627014658519	8	3	33	7	3071	1	5	1	9	0
GLY244A	4	4	9	8	373	143.867186110995	3	3	6	6	273	101.149728710949	2	2	3	3
GLY245A	7	7	19	15	1573	1156.28254259995	5	5	16	13	1	1	1	1	1	1
PRO223A	5	5	9	9	652	594.202528281946	4	4	11	8	1	1	1	1	1	1
GLU221A	5	1	11	1	654	1	3	1	6	0	1050	1	5	1	6	0
LYS132A	4	3	12	5	2192	1543.54014090016	3	3	8	6	1283	918.28300348109	2	2	3	1
ARG202A	4	3	9	2	1104	781.215584988869	3	3	3	1	1104	781.215584988869	3	3	6	2
GLU198A	5	3	14	6	541	218.511539418636	4	3	13	5	541	218.511539418636	4	3	11	3
SER260A	4	2	9	1	182	1	2	1	3	0	182	1	2	1	1	0
SER96A	5	2	13	5	188	1	5	2	20	2	1	1	1	1	1	1
SER269A	4	1	8	1	3026	1	3	1	7	0	3026	1	3	1	6	0
PRO191A	4	3	15	6	1371	1	2	1	6	0	363	199.498519698036	2	2	3	2
ALA138A	4	4	15	9	202	128.077239463997	3	3	9	4	1	1	1	1	1	1
LEU137A	8	7	29	15	1016	659	7	6	40	16	138	138	3	3	7	4
GLY112A	5	5	16	13	1883	1543.7850900628	3	3	8	5	1	1	1	1	1	1
PHE113A	5	3	15	4	2167	2038	4	3	15	3	2038	2038	3	3	7	0
HIS193A	7	7	18	12	968	891.014878009664	6	6	20	12	642	565.014878009664	4	4	5	3
HIS214A	5	5	12	9	552	225.648083610544	5	5	12	9	321	69.7477016405349	2	2	3	3
ILE251A	6	5	23	18	322	154.5	6	5	25	16	1	1	2	2	4	2
VAL172A	5	5	17	16	1538	1538	4	4	12	8	1683	1252.43028944628	2	2	4	4
SER261A	5	1	8	1	1	1	2	1	3	0	1	1	2	1	3	0
ILE195A	6	5	24	13	2090	658.350758182699	6	5	24	12	1059	40	3	2	9	1
LEU257A	8	6	27	17	2144	1083.5525665215	7	6	32	18	659	659	2	2	5	1
PHE109A	8	3	33	11	1279	119	7	2	30	2	1264	119	6	2	13	2
ASP259A	6	5	12	4	253	130.383721435991	3	2	8	2	253	130.383721435991	3	2	5	2
LEU145A	6	6	26	20	413	248.383039347025	5	5	22	15	76	38.5	2	2	4	3
ILE254A	6	3	23	5	1611	1197.85863395589	3	3	7	3	3033	1114.85863395589	5	2	14	1
ASP186A	5	4	10	7	836	645.209554029046	4	3	8	4	836	645.209554029046	3	3	4	2
ASN263A	4	3	7	4	520	60.6162785640091	4	3	5	1	520	60.6162785640091	4	3	5	1
THR123A	6	5	19	12	359	184.549436369214	4	3	17	6	359	184.549436369214	4	3	10	2
SER185A	4	3	8	5	188	169.70437830666	3	3	5	4	1	1	2	1	4	0
VAL122A	8	7	21	19	292	208.763589424546	5	5	15	11	269	194.991329395845	4	4	10	6
GLN165A	4	4	6	4	560	104.68847666296	4	4	7	5	1	1	1	1	1	1
GLN167A	3	2	5	3	188	159.016691960041	2	2	3	3	1	1	1	1	1	1
VAL157A	9	8	29	23	1172	665.93216684858	7	6	26	16	854	424.573667285535	5	4	14	6
LEU111A	9	8	30	19	2591	2397.14124591932	7	7	25	16	2452	2327.64124591932	4	4	12	4
VAL143A	6	6	22	18	232	214	4	4	13	10	67	67	2	2	4	2
PRO278A	9	7	24	19	1173	866	8	6	26	9	1184	765.528009904747	6	5	19	10
GLU285A	6	4	18	7	1408	286.964683607911	5	4	15	7	1	1	1	1	1	1
THR284A	4	4	9	6	1	1	1	1	1	1	1	1	1	1	1	1
CYS135A	5	4	25	15	580	160.924644590941	5	4	27	14	369	90.5432496745118	3	2	8	3
CYS220A	5	4	21	11	307	33.1415004369554	4	3	20	10	4	4	2	2	4	0
THR155A	9	8	26	18	2522	1666.14256433867	9	8	32	19	299	299	2	2	2	0
HIS168A	4	3	8	6	188	99.5890549641173	3	2	9	5	188	99.5890549641173	2	2	4	3
GLU286A	4	3	13	8	92	47.1611772067764	3	2	10	4	1	1	1	1	1	1
SER240A	4	3	18	11	188	157	4	3	19	9	157	157	3	3	7	3
ARG209A	3	1	4	1	1	1	1	1	1	1	1	1	1	1	1	1
ASN210A	4	2	8	1	1	1	1	1	1	1	1	1	1	1	1	1
ALA119A	5	3	15	4	373	373	3	2	8	3	1	1	1	1	1	1
LYS120A	2	1	4	1	1	1	1	1	1	1	1	1	1	1	1	1
HIS178A	5	2	13	3	78	1.64834634520365	3	2	9	2	111	1	2	1	4	0
CYS277A	7	4	15	5	362	34.8780383443918	3	2	8	1	1	1	1	1	1	1
ARG280A	6	3	15	5	211	177.121961655608	2	2	2	1	14	1	2	1	5	0
PHE212A	3	1	8	1	188	1	2	1	3	0	1	1	1	1	1	1
ARG267A	5	4	12	7	296	258.175772525956	3	3	3	1	333	33	3	2	5	2
LYS101A	3	1	7	1	100	1	2	1	2	0	1	1	1	1	1	1
CYS182A	6	4	10	7	373	372.351653654796	3	3	9	6	188	1	2	1	1	0
PRO151A	5	3	12	2	672	268.132583401922	5	3	15	2	325	1	3	1	3	0
THR150A	2	2	4	2	188	80.867416598078	2	2	4	2	1	1	1	1	1	1
SER149A	4	2	11	2	400	10	4	2	12	1	1	1	1	1	1	1
ASP228A	4	2	9	1	1292	556	4	2	9	0	1292	556	3	2	5	0
ASP268A	4	4	15	11	188	125.358754080675	3	3	12	10	188	125.358754080675	3	3	5	4
SER99A	5	4	9	4	280	38.824227474044	3	2	4	2	1	1	1	1	1	1
PRO222A	4	2	9	1	1	1	2	1	4	0	394	394	2	2	4	0
GLY117A	4	4	11	8	323	177.463380124109	3	3	11	8	441	304.436909885367	3	3	8	6
SER116A	3	1	8	1	51	1	2	1	4	0	188	1	3	1	5	0
SER215A	6	3	18	7	1293	351.104843860361	5	3	15	5	1322	351.104843860361	5	3	16	4
ARG290A	2	2	2	2	1	1	1	1	1	1	1	1	1	1	1	1
GLU287A	3	3	1	1	3	3	2	2	1	0	1	1	1	1	1	1
PRO177A	5	5	10	9	273	172.850271289051	3	3	3	2	728	510.711139475996	4	4	6	5
MET160A	6	2	18	3	748	597	4	2	13	2	1154	597	5	2	13	2
THR102A	2	2	4	1	1	1	1	1	1	1	1	1	1	1	1	1
ARG248A	2	2	3	3	188	188	2	2	1	0	1	1	1	1	1	1
GLY199A	3	3	6	4	175	175	2	2	3	1	1	1	1	1	1	1
MET169A	4	2	10	5	187	56.2896999870331	3	2	13	4	188	56.2896999870331	4	2	4	1
ASN288A	2	2	3	3	1	1	1	1	1	1	1	1	1	1	1	1
MET243A	3	2	6	3	1	1	2	1	2	0	1	1	2	1	3	0
LEU289A	3	3	8	7	188	69.0009356716144	3	3	7	6	1	1	1	1	1	1
THR170A	5	4	10	7	187	52.5	3	2	13	4	2	2	3	3	5	2
ASN247A	2	1	6	1	1	1	1	1	1	1	1	1	1	1	1	1
SER121A	3	2	10	7	1	1	1	1	1	1	1	1	1	1	1	1
VAL225A	2	2	2	2	1	1	1	1	1	1	1	1	1	1	1	1
SER183A	2	2	4	4	1	1	1	1	1	1	188	188	2	2	1	0
GLU180A	2	2	5	3	188	188	2	2	3	0	188	188	2	2	3	2
LYS291A	2	1	2	1	3	1	2	1	1	0	1	1	1	1	1	1
HIS115A	1	1	1	1	1	1	1	1	1	1	1	1	1	1	1	1
SER166A	1	1	1	1	1	1	1	1	1	1	1	1	1	1	1	1
ARG181A	1	1	1	1	1	1	1	1	1	1	1	1	1	1	1	1
LEU201A	1	1	1	1	1	1	1	1	1	1	1	1	1	1	1	1
GLU224A	1	1	1	1	1	1	1	1	1	1	1	1	1	1	1	1
