Degree	Degree_sidechain	SecondOrderDegree	SecondOrderDegree_sidechain	NodeEdgeBetweennessSTRIDE	NodeEdgeBetweennessSTRIDE_sidechain	IntermodularDegreeSTRIDE	IntermodularDegreeSTRIDE_sidechain	SecondOrderIntermodularDegreeSTRIDE	SecondOrderIntermodularDegreeSTRIDE_sidechain	NodeEdgeBetweennessWALKTRAP	NodeEdgeBetweennessWALKTRAP_sidechain	IntermodularDegreeWALKTRAP	IntermodularDegreeWALKTRAP_sidechain	SecondOrderIntermodularDegreeWALKTRAP	SecondOrderIntermodularDegreeWALKTRAP_sidechain
ASP101B	6	5	24	15	3948	1607.07764472129	4	3	19	10	22	22	2	2	3	2
SER25B	8	4	31	11	607	279.62523034846	5	3	25	7	1	1	1	1	1	1
ASN152A	2	1	7	1	1	1	1	1	1	1	1	1	1	1	1	1
CYS148A	8	6	19	9	7665	2535	6	4	22	7	2461	1	2	1	4	0
ILE245B	5	2	12	3	17	7.02191485460045	4	2	10	3	3	1	2	1	2	0
SER246B	4	3	11	6	489	103.856437972259	4	3	11	5	74	1	2	1	4	0
MET13D	5	3	14	7	489	371.957969164917	4	3	15	9	1	1	2	2	3	3
VAL192A	6	6	20	15	8605	6537.95958668166	6	6	25	17	7753	6270.57509887889	4	4	5	4
ARG14B	4	3	11	6	489	281.928193032813	3	3	8	4	1	1	2	1	5	0
SER182B	7	5	20	13	2223	1465.95182363701	6	5	24	14	455	302.880016669822	2	2	5	5
ALA236A	8	8	22	19	3647	2762.58064153834	4	4	12	10	1	1	1	1	1	1
PHE235A	6	4	21	10	5076	966.722624501997	4	3	10	4	37	1	2	1	3	0
SER178B	6	4	23	12	318	5.9779035510408	4	3	17	10	1	1	1	1	1	1
THR203B	6	6	21	18	2687	1900.00362030023	5	5	21	17	1	1	1	1	1	1
GLU120A	5	4	15	12	2130	1374.8046289533	4	3	13	7	525	129.008250546153	3	3	6	5
VAL133A	8	8	18	13	1741	1684	6	6	22	14	1277	1220	5	5	15	8
LEU19A	6	6	28	20	5490	3324.5	5	5	24	13	5380	2391.53710774931	3	3	5	2
THR20A	9	7	31	19	5774	2958.45209318187	8	6	49	26	4222	2989.46289225069	2	2	2	2
GLN105B	5	4	16	10	7235	4357.07864473835	5	4	20	12	3726	3222.63646897939	3	3	6	3
VAL112B	7	7	22	18	8619	7193.55782424104	6	6	26	18	1	1	2	2	2	0
GLY21A	9	9	32	24	17737	16335.5875646139	9	9	53	32	7150	7150	2	2	4	1
GLY23A	8	7	28	24	689	220.854525325212	6	5	32	21	1	1	1	1	1	1
ASP101A	6	5	24	15	5639	2458.48004009611	4	3	20	12	5671	2490.48004009611	6	5	14	8
SER25A	7	5	27	18	591	93.5437094236591	7	5	41	19	193	93.5437094236591	3	3	11	8
ILE39A	5	3	14	2	6373	1382.6345514764	5	3	8	1	2647	1	2	1	1	0
PHE63A	6	3	18	6	2912	2647	3	2	7	2	2647	2647	2	2	1	0
ALA181A	9	7	28	18	675	368.824666404598	8	6	34	15	1	1	1	1	1	1
LEU177A	9	6	28	5	825	182.5	6	4	22	6	651	237	4	3	10	3
GLY21B	8	8	29	23	7127	5609.23755675942	8	8	40	26	1343	1343	2	2	4	1
GLY23B	8	7	27	23	732	234.642930544376	3	2	14	7	1	1	1	1	1	1
ALA107A	9	8	30	24	5559	3474.62770169291	6	5	22	15	2946	2946	3	3	8	4
LEU103A	11	10	27	16	6789	1999.50916184156	9	9	38	25	6187	1438.55180263865	4	4	15	11
MET184B	9	6	33	20	6412	3958.5884453081	7	6	28	18	1	1	1	1	1	1
VAL17B	7	7	26	21	2076	1239.53937078814	5	5	22	16	1616	607.117662837203	3	3	9	9
VAL213A	5	5	17	12	4823	4127.16752559712	3	3	7	6	1	1	1	1	1	1
TYR122A	6	2	23	4	2555	1	6	2	27	3	2555	1	6	2	19	2
VAL136A	8	8	22	20	569	520.415418146613	6	6	27	15	431	431	4	4	14	5
GLU58B	5	3	14	2	1135	20.3833245055771	3	2	8	2	577	508.383324505577	4	3	5	1
HIS56B	5	3	10	3	1469	76.6166754944229	5	3	11	1	89	69.6166754944229	2	2	3	2
ARG237B	5	3	12	4	971	1	2	1	4	0	971	1	2	1	4	0
LEU78B	6	4	19	11	3313	1298.87443464189	5	4	12	7	3313	1298.87443464189	5	4	11	7
PRO195B	6	6	20	11	61079	48233	5	5	16	9	1	1	1	1	1	1
TYR194B	7	3	25	10	84054	44324.0404811727	6	3	20	7	44223	44223	2	2	3	1
MET3A	7	5	18	9	4138	3655	6	4	19	6	1	1	1	1	1	1
TYR228A	6	4	22	9	6061	676.138810139132	5	3	18	4	1	1	1	1	1	1
LEU82A	7	6	23	16	1034	490.394426364219	5	5	15	12	648	197.86791912878	2	2	5	5
LEU191A	10	6	33	18	93151	10979.0077223783	9	6	41	17	3995	1	2	1	3	0
PRO219A	8	6	24	13	90695	46473	6	4	21	6	44711	489	4	2	4	0
ASN46A	4	3	8	5	1289	106.007334377258	3	2	7	2	1	1	1	1	1	1
SER44A	4	3	7	4	489	383.992665622742	4	3	7	3	1	1	1	1	1	1
GLU164B	6	5	20	15	25815	7766.21379092507	6	5	29	19	12913	3668.66089528247	3	3	5	4
VAL160B	9	9	29	24	38589	31470.8902489865	9	9	39	27	4548	4548	3	3	3	1
LEU103B	11	10	27	16	5047	1776.45686126462	9	9	37	23	319	230.152435380964	2	2	4	3
PRO76B	6	5	18	13	1288	861.505430314437	5	4	23	14	1	1	1	1	1	1
ILE245A	7	2	16	4	331	186.067424400271	5	2	17	4	80	1	2	1	5	0
SER246A	3	2	8	2	413	1	2	1	4	0	1	1	1	1	1	1
ASN99A	5	3	22	11	2173	544.866728474381	4	3	26	12	1	1	2	1	5	0
THR97A	7	7	24	17	6675	5006.56830682632	7	7	33	24	2355	2355	2	2	4	2
ASN118B	6	3	14	5	7036	393.596389513674	4	2	13	4	1	1	1	1	1	1
ILE159B	6	4	21	4	10484	5609.37187066637	4	3	15	3	3505	1	2	1	2	0
LEU226B	8	7	20	13	3167	1413.61905301814	7	6	28	16	2191	1776.57299264587	6	6	14	11
VAL211B	10	9	30	20	1989	1548.9268412074	8	7	37	21	2773	1892.3306681765	7	6	19	14
THR18B	7	7	23	19	5607	3938.97542773742	6	6	25	21	3617	2527.49641573268	4	4	11	9
GLY244B	8	8	16	12	3981	2361.22064888291	7	7	21	19	2961	1671.0435362733	4	4	5	5
VAL239B	7	7	24	19	5920	2903.48637025708	5	5	20	15	4898	1881.48637025708	3	3	6	6
ILE30A	8	5	26	16	5458	4066.43468341224	7	5	29	17	5850	4066.43468341224	5	4	12	9
PRO31A	3	3	10	6	632	434.365448523597	2	2	4	2	492	492	2	2	4	3
GLU87A	5	4	8	3	2141	1947	5	4	13	2	1	1	1	1	1	1
SER109A	5	2	15	6	1063	87.0786463168437	5	2	17	3	1	1	1	1	1	1
LEU78A	7	4	22	11	4124	1865.90252849155	5	4	12	7	1	1	1	1	1	1
VAL81A	7	5	25	13	356	334	4	3	16	8	11	1	3	1	3	0
LEU82B	7	6	21	16	5271	2792.81548803605	5	5	14	13	4858	2480.6719260083	4	4	9	9
ASP49A	5	4	11	7	4255	1036.17298155182	5	4	12	6	1	1	2	2	2	1
ASP51A	4	3	7	5	1128	1128	2	2	4	3	1	1	1	1	1	1
ARG156A	11	8	25	13	15165	5968.77009617206	9	6	36	13	15133	5968.77009617206	6	5	14	8
TYR123A	2	2	10	7	489	251.096536802067	2	2	8	5	489	251.096536802067	2	2	5	4
GLY108A	6	6	16	15	489	335.970592064896	6	6	18	11	1	1	1	1	1	1
ILE155A	8	5	28	15	2277	1998.39955044506	8	5	39	14	1624	1345.39955044506	5	3	16	6
ASP32A	6	4	18	10	2126	1	3	1	10	0	2126	1	3	1	3	0
GLY38A	8	8	13	9	2400	2400	4	4	8	3	1	1	1	1	1	1
VAL112A	8	8	24	17	2043	1810.07870712586	6	6	25	17	1	1	2	2	4	2
LEU226A	8	7	20	11	1733	1595.82138032837	7	6	23	12	159	75.1842855349434	4	3	7	3
THR225A	5	4	17	9	251	128.815714465057	4	4	15	10	114	60.3157144650566	2	2	3	2
SER189A	9	4	31	10	21957	4703.23738011809	9	4	44	10	11925	1361.97042293091	5	2	8	2
LEU215B	5	4	12	7	2837	2837	4	4	10	6	2349	2349	3	3	2	0
MET230B	5	3	12	4	1063	290.292903602573	5	3	10	2	732	1	2	1	2	0
GLN98A	7	5	30	19	9253	2350.22680669625	7	5	40	20	8800	2350.22680669625	4	3	8	4
PRO157A	8	8	27	16	1921	1760.55485425278	6	6	28	14	2507	2174.65259515749	4	4	14	7
VAL95B	8	8	26	19	8455	4425.02043244887	6	6	29	25	447	431.361383806425	3	3	5	3
ALA79A	7	6	27	17	2479	974.374476068348	5	4	26	12	1410	956.202810952646	2	2	4	1
VAL232A	7	6	26	19	1131	855.828334884298	5	5	24	15	685	639	3	3	7	4
ASP135B	4	3	14	6	203	52.6249473804496	3	3	10	5	1	1	1	1	1	1
THR132B	5	4	14	6	582	372.661620427545	4	3	9	3	1	1	1	1	1	1
LYS11D	6	2	24	3	39241	2460.24993753537	5	2	26	3	1	1	1	1	1	1
PHE162A	7	4	18	4	6871	1854.18794407023	7	4	24	5	2800	663.4378816056	3	2	2	1
ARG156B	11	8	26	14	25366	8725.1241133214	9	6	37	12	24771	8486.06134218615	4	3	9	5
TYR61B	9	5	31	17	2271	1	8	5	42	15	2271	1	5	2	13	2
PHE48A	5	2	16	3	1833	266	4	2	10	1	1568	1	3	1	5	0
VAL47A	5	5	8	5	489	489	3	3	4	2	489	489	2	2	1	0
VAL186A	7	7	31	24	6511	3825.22532043452	5	5	25	16	980	441.65202909679	3	3	8	8
ILE113B	8	5	28	9	3279	1371.5	7	5	26	9	1	1	3	1	4	0
THR97B	8	8	29	22	17527	14726.294264876	8	8	38	28	10184	10184	4	4	8	3
LEU72A	6	6	16	14	573	380.695371046704	5	5	15	13	542	365.195371046704	4	4	8	8
ASP144B	4	2	11	2	12	1	2	1	6	0	1	1	1	1	1	1
VAL145B	8	5	21	12	4330	3464.33664411828	5	4	20	12	3284	2418.33664411828	3	3	5	5
HIS80A	9	6	32	17	13199	7013.62345128027	8	6	49	23	7526	2391.42444784159	7	5	13	6
PHE6A	8	3	27	5	3962	804.368367487849	7	3	24	5	2216	646.258517586962	3	2	5	2
ARG180B	7	3	20	10	1582	1	4	1	13	0	1	1	1	1	1	1
LEU177B	9	6	29	9	1082	609.5	6	4	24	8	270	270	2	2	3	0
ASN46B	4	3	7	5	585	107.710160418911	3	2	6	2	1	1	1	1	1	1
SER44B	4	3	7	4	2501	1616.28983958109	4	3	7	3	1	1	1	1	1	1
ALA74A	7	6	19	13	1641	1180.32537989988	6	5	23	15	1153	692.325379899879	5	4	9	6
MET71A	7	4	24	8	3374	1604.82232681474	6	4	22	7	3373	1604.32232681474	3	3	6	4
ARG102A	6	4	17	6	4349	2063.61294320552	5	4	14	7	3111	2063.61294320552	5	4	13	6
GLN105A	5	4	17	9	1401	877.515459317625	5	4	19	10	845	695.094166443482	3	3	8	5
LEU199A	9	6	33	13	9396	5930.09110581392	8	6	33	13	5938	4770.09110581392	5	5	12	6
MET184A	7	5	26	15	4485	2782.24339398716	6	5	23	15	1	1	2	1	5	0
PRO57A	8	8	19	14	7469	2983.94292448369	7	7	24	14	6405	1919.94292448369	3	3	7	5
VAL145A	8	5	19	10	2695	2029.10692677748	5	4	20	11	4914	2761.53380380806	6	4	12	2
GLY117A	6	6	17	11	1760	1313.90125035958	5	5	17	9	1	1	1	1	1	1
ILE100A	6	3	24	6	4221	1735.91760987313	6	3	23	5	2029	654.917609873134	3	2	5	2
PHE161B	8	4	24	9	7265	3479.32860057089	8	4	36	9	3526	3479.32860057089	6	4	9	2
ILE24B	14	5	37	13	5961	711.725377870592	11	5	59	20	451	1	2	1	3	0
LEU86A	7	7	19	13	3782	1714.80741217815	6	6	21	14	2495	1517.28341210125	6	6	9	7
ARG172B	3	2	7	1	1	1	1	1	1	1	1	1	1	1	1	1
GLN168B	2	2	2	1	1	1	1	1	1	1	1	1	1	1	1	1
GLY35B	7	7	14	11	1	1	2	2	2	0	8163	6701.02200713775	3	3	7	4
PRO36B	3	3	7	6	1	1	1	1	1	1	1	1	1	1	1	1
GLY67B	5	5	11	7	1	1	2	2	5	3	1	1	1	1	1	1
PHE63B	5	3	14	4	1171	563.27921204526	2	2	2	1	1	1	1	1	1	1
LEU191B	9	4	28	13	2887	333	8	4	35	10	1	1	1	1	1	1
PHE220B	9	3	28	9	20712	463.577578220973	7	3	31	8	12200	1	3	1	6	0
SER178A	6	4	23	12	1498	8.13541203159839	4	3	16	9	1824	1824	3	2	7	2
THR203A	6	6	21	19	2783	2206.90064326175	5	5	22	18	1	1	1	1	1	1
GLU58A	4	3	12	7	523	79.3977006357212	3	2	7	2	292	1	2	1	5	0
MET240A	6	5	20	9	1045	534.054979205621	5	5	15	10	1	1	1	1	1	1
PHE48B	4	2	9	2	1373	608.72078795474	3	2	4	1	1	1	1	1	1	1
LEU9B	6	5	22	12	627	227.778500030345	6	5	29	15	548	188.278500030345	5	4	13	7
LEU12D	6	5	15	4	669	669	3	2	11	0	1	1	1	1	1	1
PHE161A	9	5	26	11	17989	8017.47665269586	9	5	42	12	8911	8017.47665269586	6	4	14	5
ILE24A	14	5	37	13	15560	564.797189047354	13	5	72	20	7979	454.797189047354	5	2	12	1
ALA197A	8	6	31	20	44271	44203.0469639149	6	5	31	14	20078	20078	3	3	6	1
PRO200A	10	8	40	25	2108	158	5	4	20	12	1794	1	2	1	5	0
GLY163A	4	4	12	7	2019	2019	4	4	13	6	1	1	1	1	1	1
LYS10D	4	1	8	1	1589	1	3	1	5	0	1	1	1	1	1	1
HIS104A	9	7	35	20	7229	3653.24978341288	8	7	47	30	1236	1236	2	2	6	4
ILE175B	6	2	18	3	1536	1	3	1	8	0	1	1	1	1	1	1
LEU171B	6	4	18	6	4613	2465	4	3	16	5	1	1	1	1	1	1
ASP231A	4	3	12	7	5755	3825	4	3	9	4	1	1	1	1	1	1
VAL233A	8	5	24	15	5341	2650.49645587382	5	4	20	13	1168	777.496455873819	2	2	3	3
GLY243A	5	5	13	10	1471	1085.77083380903	5	5	15	10	1	1	1	1	1	1
ALA107B	9	8	29	23	3175	2341.81720064159	6	5	22	14	1	1	1	1	1	1
PHE33A	5	1	15	1	2687	1	3	1	9	0	1503	1	2	1	2	0
GLU134A	3	3	10	9	289	114.830166308175	2	2	3	2	1	1	1	1	1	1
THR132A	5	4	12	5	779	533.352784315871	4	3	7	2	1	1	1	1	1	1
PRO146B	7	6	25	18	1965	1522.50981012978	6	5	32	20	1864	1487.17230634909	4	3	10	3
LEU91B	6	5	16	13	749	395.332540858202	6	5	21	16	125	63	2	2	5	4
LYS89B	5	4	12	9	1607	382.468431677586	5	4	17	11	1	1	1	1	1	1
ILE212A	7	4	28	12	5138	1273.69638767614	4	4	15	11	5138	1273.69638767614	4	4	7	5
LEU210A	8	8	35	30	3872	2658.71225073572	6	6	22	18	3872	2658.71225073572	6	6	10	8
ALA116B	6	5	21	12	2606	1295.034898504	5	4	19	7	1755	712	3	2	3	0
GLY117B	5	5	13	8	367	268.965101496003	4	4	12	7	1	1	1	1	1	1
LEU10A	6	5	23	13	186	92	5	4	22	13	352	328	3	3	7	6
THR16A	8	8	21	18	6001	3889.88182886165	7	7	26	20	305	305	2	2	1	0
THR18A	7	7	21	18	5444	4225.89577152486	6	6	21	19	2821	1920.46018744301	4	4	7	4
VAL95A	7	7	25	17	4013	2194.37655094205	5	5	25	22	649	649	2	2	3	1
ALA181B	8	6	27	19	489	357.5	7	5	30	12	1	1	1	1	1	1
LEU201B	8	6	32	11	1838	1150.92242177903	6	5	26	10	98	49.5	4	4	8	4
PHE53A	7	4	23	15	10869	1894.80753251108	6	4	34	14	10485	1746.35938229226	3	2	7	2
ARG205B	5	4	18	11	2588	1122.234000273	4	4	15	10	2588	1122.234000273	4	4	4	3
VAL204A	8	5	26	17	2125	1567.73203699557	5	3	18	8	2125	1567.73203699557	3	3	8	8
ARG180A	6	2	20	5	214	1	3	1	9	0	518	1	2	1	4	0
LEU166A	7	6	21	15	4975	3454	6	6	26	17	3043	1522	2	2	3	3
PRO167A	6	6	23	20	2347	893.392866407301	5	5	23	17	1	1	1	1	1	1
PRO76A	6	5	18	13	1329	896.100802645932	5	4	23	14	1	1	2	1	6	0
LEU140A	8	8	19	13	545	516.833387807052	7	7	21	11	545	516.833387807052	5	5	13	4
TYR61A	10	5	33	17	1916	3	8	5	41	15	1914	1	6	3	20	3
GLU120B	4	2	15	4	6003	2020.64393033655	3	2	9	4	4212	2020.64393033655	3	2	5	2
VAL119B	7	6	20	12	3325	2839.5	6	5	18	7	677	677	3	2	6	1
ILE68B	7	4	17	9	2185	1	3	1	8	0	1	1	1	1	1	1
PRO70B	6	6	13	8	2268	2268	4	4	5	1	1	1	1	1	1	1
LEU140B	7	7	18	14	1709	1454.9011753611	7	7	23	14	1698	1443.9011753611	4	4	7	3
ALA196A	9	6	34	18	3212	1270.75580645794	8	5	41	18	1571	1202.80277037284	4	4	9	6
LEU154A	8	5	24	15	10231	6292.16388941598	8	5	35	16	9368	6292.16388941598	3	3	4	3
LEU183A	9	6	28	22	1739	802.089828054061	8	5	34	17	172	86.5	2	2	2	2
LYS75A	6	1	16	1	477	1	4	1	15	0	1	1	2	1	4	0
ALA170B	6	5	16	12	4029	3219.9722267264	3	3	10	8	1	1	1	1	1	1
PRO167B	6	6	22	20	2626	961.027773273597	5	5	24	18	8	8	2	2	3	1
GLU121B	3	3	5	2	448	224.5	2	2	2	1	1	1	1	1	1	1
ARG34B	6	5	18	11	6374	3464.93838210496	5	5	17	12	5726	615	3	2	4	0
ALA116A	6	5	25	15	9621	5499.09874964042	5	4	23	10	3991	3991	2	2	3	2
ASN165A	3	3	5	1	1795	1795	3	3	5	0	1	1	1	1	1	1
HIS9D	4	1	10	1	2415	1	4	1	10	0	1	1	1	1	1	1
GLY188B	8	8	29	23	3019	2178.13249023879	8	8	37	23	1768	1434.55142758637	4	4	11	6
ASP149A	5	4	8	4	1947	523.37472206643	4	4	10	6	1947	523.37472206643	3	3	5	4
TYR131A	7	4	19	8	5317	3728.02421986198	6	4	20	7	5317	3728.02421986198	5	4	8	3
ASP222A	3	1	10	1	601	1	3	1	8	0	601	1	3	1	3	0
GLU198B	8	6	28	11	668	566.959518827285	5	5	16	7	130	130	3	3	5	1
ASP169B	2	1	5	1	1	1	1	1	1	1	1	1	1	1	1	1
ALA84B	8	8	26	22	164	133.217765465674	4	4	14	9	1	1	1	1	1	1
HIS80B	10	6	34	17	10753	4067.90513363535	8	6	45	21	1	1	1	1	1	1
LEU171A	7	4	20	4	1675	1513.5	4	3	14	3	264	132.5	2	2	3	3
PRO195A	5	5	17	9	6022	4369.5	4	4	12	7	6022	4369.5	4	4	5	2
ILE159A	8	4	27	10	4149	1575.35617291875	6	3	27	3	2623	1888.22692506539	5	4	12	4
PHE60A	6	4	21	11	2923	63.164169913799	4	3	18	7	2855	40.6438270812514	3	2	9	3
ILE185B	8	5	30	15	6269	2895.39663915275	6	5	29	17	6269	2895.39663915275	6	5	22	14
PHE6B	8	4	27	9	6301	1286.70727121198	7	3	29	6	3211	858.333158918648	3	2	10	4
ILE30B	9	6	27	17	6369	3771.8298731481	8	6	31	19	4776	1969.8298731481	4	3	6	4
LEU72B	4	4	14	12	1096	537.829256003349	3	3	10	9	125	52.3292560033495	2	2	4	4
PHE69B	7	3	20	9	1765	267.481608778157	5	3	17	7	1682	238.900368495629	3	2	7	3
THR26A	7	6	23	20	1803	1795.5	6	5	21	11	1788	1788	2	2	2	0
PHE220A	8	3	31	8	12328	2618.00034243095	6	3	26	7	1	1	3	1	6	0
ASN77B	8	5	30	15	7449	2534.76149100053	8	5	35	14	1577	1	2	1	3	0
VAL233B	8	5	22	14	4527	2685.01319551182	5	4	18	10	2898	2685.01319551182	4	4	7	5
CYS127B	6	6	14	12	1853	960.180095870392	5	5	20	14	1	1	1	1	1	1
GLU128B	2	1	5	1	1	1	1	1	1	1	1	1	1	1	1	1
LYS2A	3	2	9	4	1856	1230.74478131044	2	2	5	4	1	1	1	1	1	1
TYR122B	6	2	23	3	1937	1	6	2	27	2	1025	1	3	1	7	0
VAL136B	9	9	22	19	857	821.662496219317	7	7	34	18	756	756	4	4	10	3
GLU242B	6	4	8	5	5269	4294	6	4	11	3	1	1	1	1	1	1
MET3B	5	4	16	9	6237	3406	5	4	16	7	1	1	1	1	1	1
ASP222B	2	1	7	1	489	1	2	1	4	0	489	1	2	1	3	0
GLU198A	8	6	25	9	3047	3047	5	5	14	5	1614	1614	4	4	5	0
SER153B	6	3	14	6	2347	362.390044567157	6	3	25	4	1	1	1	1	1	1
VAL125B	7	7	21	18	25277	24320.4072335617	6	6	31	19	12789	12789	3	3	5	2
PRO146A	7	6	23	19	2935	2147.18503140832	6	5	30	19	3875	3174.60044955494	5	4	15	7
ASN158B	4	2	7	2	448	224.5	3	2	4	1	1	1	1	1	1	1
VAL232B	7	5	25	16	489	463.888430056176	5	4	21	10	489	463.888430056176	4	4	5	3
TYR194A	6	1	21	1	7085	1	5	1	14	0	6417	1	4	1	8	0
VAL239A	7	7	24	18	2458	1242.26529624562	5	5	19	15	1	1	1	1	1	1
LEU15B	7	5	18	13	3269	2023.53124712027	6	5	21	10	599	488.531247120273	4	3	14	6
THR16B	8	8	25	22	3314	1997.42331950534	7	7	30	23	3721	2073.19939414798	7	7	25	21
GLU93A	4	1	16	1	567	1	4	1	14	0	1	1	1	1	1	1
LEU15A	8	5	18	14	1821	730.675333595402	6	5	25	15	1	1	1	1	1	1
LEU9A	6	5	21	11	851	219.153820733293	6	5	24	13	104	52.5	3	3	5	4
VAL211A	7	7	28	19	1909	1792.5	5	5	22	12	234	117.5	3	3	3	3
MET71B	7	4	24	9	8289	3725.97677562411	6	4	22	8	3431	1708.39138230769	2	2	3	2
ARG237A	5	3	13	3	1025	1	2	1	4	0	1	1	1	1	1	1
ALA174A	9	8	26	13	3751	1623.48880823758	4	4	20	11	5152	1412.48880823758	4	3	10	5
LEU210B	7	7	30	26	3721	2174.75710427514	6	6	24	18	1827	481.096173030898	2	2	6	5
ILE96B	7	2	27	6	2211	311.266864886026	6	2	29	3	1	1	2	1	2	0
LEU199B	9	6	32	12	4053	2250.34124674114	8	6	33	12	1	1	1	1	1	1
GLY108B	6	5	16	11	621	463.583898613194	6	5	18	8	1	1	1	1	1	1
ASP135A	2	2	4	3	489	130.817049375953	2	2	3	2	1	1	1	1	1	1
LEU147A	6	5	17	10	1591	1026.42687703058	6	5	26	11	121	121	2	2	4	3
ASN214A	5	3	20	10	761	714.015159647024	4	3	19	10	720	714.015159647024	3	3	6	3
GLY188A	8	8	29	22	2119	1703.54049526522	8	8	43	25	790	706.984840352976	3	3	6	3
ILE155B	8	5	30	16	4287	4147.82769365091	8	5	43	15	2253	2113.82769365091	5	3	14	5
SER143B	3	3	8	5	1	1	1	1	1	1	1	1	1	1	1	1
ARG14A	5	3	13	6	489	115	3	2	7	0	1	1	1	1	1	1
VAL160A	9	9	31	24	37903	34794.1825071391	9	9	43	27	1	1	1	1	1	1
CYS127A	5	5	10	8	975	409.885901989304	4	4	10	6	1	1	1	1	1	1
LYS129A	4	2	10	3	785	364.218074769933	4	2	11	3	635	364.218074769933	2	2	4	3
ASN118A	5	4	10	5	792	88.124773430104	3	3	7	5	1766	853.697995187008	3	3	6	5
GLU121A	3	3	5	4	489	245	2	2	3	2	1463	453.426778243096	3	3	3	3
ILE100B	5	3	18	5	7085	2704.0427360172	5	3	17	5	1	1	1	1	1	1
HIS104B	9	7	36	22	15133	7233.62799083624	8	7	47	32	1	1	1	1	1	1
LEU83B	8	6	31	16	848	295.936507372372	7	6	38	26	1	1	1	1	1	1
ARG126B	5	1	12	1	507	1	4	1	16	0	1	1	1	1	1	1
GLY208B	7	7	22	19	2241	1360.3017730382	7	7	26	18	1	1	1	1	1	1
MET240B	6	5	19	10	2523	1594.32934044562	5	5	14	11	2523	1594.32934044562	5	5	9	7
CYS124B	8	8	20	17	5971	2797.784896482	8	8	33	22	1	1	1	1	1	1
CYS148B	9	7	22	13	1052	487.627774085925	6	4	29	11	1	1	2	1	4	0
GLY29B	4	4	15	13	607	607	4	4	14	9	1	1	1	1	1	1
THR26B	7	6	23	20	2718	2718	4	3	12	5	2718	2718	2	2	5	3
ALA64B	7	7	18	11	84	55.4187597174723	2	2	4	2	1	1	1	1	1	1
LEU115B	10	6	29	12	1724	719	9	6	40	14	712	1	2	1	2	0
LEU166B	6	5	20	17	40658	29939	5	5	24	19	1	1	1	1	1	1
ASN37B	4	1	10	1	1	1	1	1	1	1	1	1	1	1	1	1
ALA170A	6	5	17	12	2294	1719.1071335927	3	3	8	7	572	572	2	2	3	2
PRO57B	8	8	23	14	10423	4648.71389701485	7	7	26	13	8571	2796.71389701485	4	4	8	7
PHE69A	8	4	20	12	2245	560.972659251938	6	4	19	9	1023	138.550348166892	5	3	15	6
PRO70A	6	6	15	10	1904	1904	4	4	5	0	1	1	1	1	1	1
ILE96A	7	2	24	7	2143	275.920085948498	6	2	26	3	1875	275.920085948498	5	2	12	2
GLU242A	6	5	13	9	3477	2093.84005723947	6	5	15	8	1	1	1	1	1	1
ASN77A	8	5	29	15	15009	7930.05983151412	8	5	40	18	7650	6879.2588349528	4	4	8	5
PRO27A	9	9	30	23	2515	1167.49444358842	7	7	38	23	2117	769.494443588416	4	4	6	6
GLU217B	4	2	13	4	489	27.6885027533785	4	2	13	3	144	27.6885027533785	2	2	1	1
THR218B	8	7	25	11	4357	2092.69261517863	6	5	24	10	1	1	1	1	1	1
VAL47B	5	4	7	4	1267	1267	3	3	4	2	1	1	1	1	1	1
ALA196B	8	5	29	12	9533	7216.82463474523	7	4	34	11	9228	7179.88752015001	2	2	3	2
ALA197B	8	6	33	18	5212	5183.56288540478	6	5	30	13	1	1	1	1	1	1
GLU173B	6	2	20	1	2325	165.261096724521	3	2	10	1	1237	165.261096724521	2	2	2	1
ARG238B	5	5	10	3	205	202.707096397427	3	3	6	2	1	1	1	1	1	1
MET1B	3	1	7	1	489	1	3	1	6	0	1	1	1	1	1	1
GLU173A	6	2	20	1	2209	34.1305920219206	3	2	8	1	2393	34.1305920219206	4	2	8	1
GLY176A	8	8	20	13	1	1	1	1	1	1	1686	1361.66755854747	5	5	7	4
LEU187B	7	6	29	22	1052	427	5	4	21	10	1052	427	5	4	9	4
ALA84A	7	7	24	22	1718	1626.99521057575	4	4	14	10	11	11	2	2	2	0
ASP231B	5	4	14	9	4411	2794	5	4	12	6	1618	1	2	1	2	0
PRO200B	11	8	40	27	3910	527	6	4	26	11	1	1	1	1	1	1
GLN98B	5	3	22	6	19037	4199.70208182561	5	3	24	6	17984	4199.70208182561	4	3	8	2
SER189B	8	4	26	7	5621	774.410398024374	8	4	36	6	5570	730.410398024374	5	2	10	2
VAL193B	8	7	21	13	7744	4115.07651857124	7	6	23	13	1	1	1	1	1	1
GLY207B	4	4	13	12	549	333.088887014287	4	4	12	9	1	1	1	1	1	1
SER182A	7	5	21	13	3941	2280.61369484905	6	5	24	12	1	1	1	1	1	1
LEU115A	10	6	31	14	1029	542.5	9	6	42	15	467	301.5	4	4	11	8
ALA236B	8	8	23	19	3974	3204.48843316538	4	4	12	10	3974	3204.48843316538	4	4	9	7
PHE235B	7	4	26	11	11115	1992.29075310312	5	3	17	4	183	1	2	1	4	0
ASP221A	5	4	14	7	9257	4068.4062323779	5	4	16	6	4429	1061.68236702195	2	2	1	1
THR218A	8	7	28	11	10004	5851.24266187426	6	5	26	9	4774	3627.9665272302	2	2	3	3
ALA22B	7	5	20	13	1757	1284.11352643489	5	4	18	7	937	937	3	3	7	3
LYS65B	4	2	11	6	489	17.1984561432685	3	2	9	6	35	17.1984561432685	2	2	3	3
ASN99B	5	3	23	10	4481	925.424923608891	4	3	24	11	1	1	1	1	1	1
ARG34A	6	5	17	11	5031	2368.63408746028	5	5	18	13	4592	1929.63408746028	4	4	7	5
ILE175A	6	2	19	3	3552	1	3	1	8	0	3552	1	3	1	5	0
ILE137B	4	3	14	9	1	1	1	1	1	1	1	1	1	1	1	1
VAL133B	8	8	19	13	3802	3750.67074399665	6	6	18	10	1335	1283.67074399665	5	5	7	3
LEU187A	5	4	18	11	468	37	3	2	10	2	682	568.34797090321	4	4	6	4
ALA74B	7	6	19	13	1633	1070.62630916324	6	5	24	16	1145	582.626309163244	5	4	6	3
GLU134B	4	3	11	9	380	158.713432192005	2	2	3	2	1	1	1	1	1	1
ASP149B	6	3	13	3	1505	93.4319563804491	4	3	13	3	1505	93.4319563804491	3	2	5	3
TYR131B	9	4	20	7	2896	978.568043619551	8	4	29	5	2896	978.568043619551	5	4	8	1
ARG205A	5	3	20	7	1851	1241	4	3	14	6	864	254	3	2	3	1
ILE223B	7	4	24	9	3997	631.5	7	4	28	9	995	49.5	4	3	6	3
THR20B	9	8	35	24	8807	4643.96199473091	8	7	46	30	2113	1440.54830019311	3	3	5	4
LYS11E	5	3	18	9	38989	4306.55685537085	5	3	22	9	1	1	1	1	1	1
GLY90B	4	4	10	10	615	615	4	4	13	10	1	1	1	1	1	1
PRO157B	7	7	24	15	1168	1085.18262572305	6	6	26	12	5	3.67139942911357	2	2	5	3
LYS209A	5	2	15	4	675	32.8461792667075	5	2	18	4	1	1	2	1	3	0
LEU7A	6	5	18	17	1123	779.415161450087	5	5	19	16	489	1	2	1	1	0
LEU183B	10	7	30	23	1757	868.959487654532	9	6	41	21	1532	643.959487654532	6	5	26	18
VAL213B	6	5	20	10	6958	6088.33513460354	4	3	12	4	7092	6958	4	3	9	2
SER179B	4	3	13	8	461	1	2	1	2	0	1	1	1	1	1	1
SER206B	4	3	6	4	497	461	3	2	4	0	1	1	1	1	1	1
GLY176B	8	8	21	13	1	1	1	1	1	1	1	1	1	1	1	1
ALA224B	7	6	22	15	3277	3201.73624333656	6	5	24	14	898	898	2	2	3	2
ILE212B	6	4	25	11	7291	7039.16431880371	4	4	16	10	7007	1	3	1	9	0
GLU114A	7	3	23	5	4455	558.16811692089	6	3	22	6	4444	558.16811692089	5	3	8	5
SER55A	4	2	10	3	818	1	3	1	9	0	1	1	1	1	1	1
SER28B	6	3	20	4	787	294.457502941237	5	3	21	4	1	1	1	1	1	1
VAL192B	5	5	17	12	1453	839.716631022654	5	5	20	13	1	1	1	1	1	1
ARG102B	6	5	17	6	14362	8060.06243275278	5	5	15	8	6990	1964.74763916411	4	3	5	3
ALA22A	7	5	21	14	3644	2593.6355266743	6	4	24	8	1841	1841	3	3	3	0
VAL204B	8	5	26	17	2902	2118.74289572486	5	3	17	7	611	611	2	2	2	1
GLY244A	7	7	18	15	2809	1355.31253871532	6	6	21	19	460	127.348668769973	3	3	8	7
GLY163B	4	4	9	6	1425	1348.30955771769	4	4	11	6	1	1	1	1	1	1
LYS10E	3	2	4	3	931	77.6904422823063	3	2	5	3	1	1	1	1	1	1
LEU154B	8	5	26	13	15799	3422.25156279719	8	5	40	14	5419	3422.25156279719	4	4	7	4
ALA79B	7	6	28	16	3259	1196.38619207323	5	4	24	11	1487	25.1115699438238	3	2	6	3
LYS65A	5	2	18	5	489	1	3	1	9	0	1	1	2	1	4	0
ALA174B	8	7	23	11	2215	1078.89188837283	4	4	20	11	1	1	1	1	1	1
GLY90A	4	4	7	6	1483	1483	4	4	9	5	801	801	2	2	3	2
LEU91A	5	3	15	10	2065	631.5	5	3	17	10	2062	631.5	4	3	8	7
VAL119A	7	6	21	15	548	532.5	6	5	21	9	502	477.796378407143	4	3	8	3
ASP221B	5	4	13	7	7571	2727.95698786369	5	4	15	7	2926	532.550165182593	2	2	1	1
CYS124A	5	5	16	12	11315	5179.71995651265	5	5	19	11	1	1	1	1	1	1
VAL125A	5	5	19	16	12263	10048.9060777491	5	5	22	15	6396	6378.62603426173	3	3	6	5
LYS227A	4	3	9	5	8495	4005.48475421464	4	3	11	6	4429	3368.31763297805	2	2	1	1
ILE92A	5	4	19	15	4393	1514.32432836373	5	4	22	16	305	1	2	1	1	0
ASP51B	3	2	3	2	1	1	1	1	1	1	1	1	1	1	1	1
SER55B	4	2	9	2	974	1	3	1	10	0	1	1	1	1	1	1
LEU19B	7	6	31	19	2297	1557.5	6	5	27	10	1893	563.451699806892	2	2	2	2
ASP8B	2	2	2	1	1	1	1	1	1	1	1	1	1	1	1	1
LYS4B	3	2	5	1	975	1	2	1	5	0	1	1	1	1	1	1
LYS111A	5	2	15	1	3553	1656.86940797808	5	2	15	1	2012	1656.86940797808	3	2	6	1
PHE53B	6	4	23	14	593	149.674540180787	6	4	33	14	481	41.0233397441903	3	2	8	3
SER153A	4	1	12	1	497	1	4	1	14	0	1	1	1	1	1	1
GLY207A	4	4	13	12	833	506.847251658254	4	4	13	10	1	1	1	1	1	1
GLY208A	8	8	24	20	5053	3094.63681815369	8	8	30	22	1631	699.589963347106	2	2	3	3
GLY216A	6	5	11	7	2460	1822.8328787634	5	4	11	4	87	87	2	2	1	0
LEU215A	5	4	10	6	2934	2934	4	4	9	6	1	1	1	1	1	1
HIS56A	4	3	9	3	825	326.602299364279	4	3	10	1	1	1	1	1	1	1
GLU128A	2	1	4	1	1	1	1	1	1	1	1	1	1	1	1	1
ARG106A	6	4	17	12	537	116	4	3	12	4	116	116	2	2	4	3
ASP8A	3	2	2	1	1	1	1	1	1	1	975	238.971117005458	2	2	1	1
LYS4A	3	2	6	1	1459	1	2	1	5	0	975	737.028882994542	2	2	1	1
LYS209B	5	2	17	4	557	11.2214999696545	5	2	23	4	46	11.2214999696545	2	2	4	3
ALA94A	6	4	20	5	529	440.5	5	4	17	4	971	323	4	2	6	1
GLU164A	6	4	20	14	17957	5842.45085988676	6	4	30	17	8385	2655.13336702587	3	2	7	4
ILE50B	5	5	16	11	942	804.277762531377	4	4	20	12	942	804.277762531377	3	3	7	5
TYR54B	6	2	22	7	34	1	5	2	26	5	34	1	3	1	5	0
GLY35A	6	6	14	11	1	1	1	1	1	1	1	1	1	1	1	1
ARG172A	3	2	8	1	1	1	1	1	1	1	1	1	1	1	1	1
ASP169A	3	2	6	1	1	1	1	1	1	1	1	1	1	1	1	1
ASP49B	4	4	6	4	635	633.5	4	4	9	4	532	532	2	2	1	0
GLU5A	2	2	7	6	489	54.3629052065701	2	2	6	5	1	1	1	1	1	1
PRO31B	3	3	10	7	153	153	2	2	3	1	607	607	2	2	3	2
CYS151A	4	4	10	8	1313	1054.1140980107	3	3	4	3	1	1	1	1	1	1
LEU201A	8	5	31	8	25355	22032.999657569	6	4	26	6	12446	12323	4	3	7	1
ASP32B	6	4	18	10	3335	1	3	1	7	0	6773	1540.36446334811	6	4	9	4
SER13A	6	6	17	15	3763	1654.84505532769	4	4	18	14	1	1	1	1	1	1
GLU66B	3	1	6	1	475	1	2	1	3	0	1	1	1	1	1	1
ALA224A	7	7	24	21	951	654.068833742273	6	6	22	18	951	654.068833742273	5	5	13	11
SER13B	6	6	18	16	999	407.085977766115	4	4	19	15	999	407.085977766115	6	6	16	13
GLU114B	7	4	22	7	8353	961.0607784176	7	4	25	8	4607	55.9719615199494	4	2	6	2
ALA94B	7	6	22	12	1355	976	6	5	23	8	1043	612.638616193575	5	4	10	3
PHE60B	5	3	18	8	3330	80.8375732694633	3	2	12	5	3084	1	2	1	5	0
LYS111B	5	2	14	1	3839	1072.73890327548	5	2	16	1	1718	1072.73890327548	3	2	5	1
GLN73A	2	1	6	1	489	1	2	1	5	0	1	1	1	1	1	1
GLU234A	5	3	13	5	1525	1	3	2	7	3	1	1	1	1	1	1
PRO219B	6	5	19	12	1140	1140	4	3	14	4	1	1	2	1	3	0
GLU87B	5	4	8	3	1725	1553	5	4	13	2	1	1	1	1	1	1
LYS110B	3	1	7	1	489	1	3	1	9	0	1	1	1	1	1	1
ASN214B	5	3	19	10	1552	871.448572413632	4	3	18	10	1077	871.448572413632	4	3	10	4
SER28A	6	4	20	11	1265	456.019953085707	5	4	21	12	816	439.750265584962	2	2	3	3
ILE92B	5	4	16	11	559	243.573535210758	5	4	22	15	1	1	1	1	1	1
PHE52B	3	2	4	3	488	488	2	2	4	2	1	1	1	1	1	1
GLU59B	2	1	4	1	1	1	1	1	1	1	489	1	2	1	3	0
ASN11B	2	2	3	3	1	1	1	1	1	1	1	1	1	1	1	1
LEU7B	4	3	10	10	1051	990.586214484158	3	3	11	9	145	84.5862144841578	2	2	3	3
SER179A	4	3	12	7	361	1	2	1	2	0	807	325.332441452532	2	2	4	4
SER206A	4	3	6	4	539	361	3	2	4	0	1	1	1	1	1	1
ASN152B	3	1	10	1	44	1	2	1	6	0	1	1	1	1	1	1
LEU147B	7	6	20	13	4541	2593.67455632549	7	6	29	13	135	116.674556325489	3	3	5	4
ILE202A	3	2	7	2	487	487	2	2	2	0	487	487	2	2	2	0
LYS110A	3	1	7	1	489	1	3	1	9	0	1	1	1	1	1	1
GLU217A	4	1	13	1	489	1	4	1	13	0	87	1	2	1	1	0
VAL193A	9	7	28	12	36803	18632.6575430323	8	6	33	14	18539	519	4	2	8	3
VAL186B	8	7	33	29	1033	679	5	5	22	18	128	128	2	2	6	5
GLU234B	4	2	12	4	1165	1	2	1	4	0	1	1	1	1	1	1
LYS75B	6	1	16	1	486	1	4	1	15	0	1	1	2	1	4	0
LEU10B	7	6	28	16	309	148	6	5	27	17	309	148	6	5	18	12
GLY243B	4	4	12	10	489	311.01974472428	4	4	14	10	420	242.01974472428	3	3	4	3
ARG106B	6	4	17	12	489	88	4	3	12	4	88	88	2	2	4	3
ILE113A	6	4	23	7	1463	840	5	4	14	5	1195	572	4	3	7	3
GLY38B	8	8	13	9	839	839	4	4	8	2	388	310.613529514135	3	3	7	3
GLN73B	2	1	6	1	489	1	2	1	5	0	1	1	1	1	1	1
GLN45A	4	3	10	5	5127	4229.38913684258	4	3	13	6	2800	2137.5621183944	2	2	2	1
ASN158A	4	3	8	4	489	245	4	3	7	3	489	245	2	2	2	2
ASN37A	4	1	10	1	1	1	1	1	1	1	1	1	1	1	1	1
PRO36A	3	3	6	5	1	1	1	1	1	1	1	1	1	1	1	1
GLY67A	5	5	12	7	2	1.5	2	2	5	3	1	1	1	1	1	1
LEU83A	8	7	32	16	674	276.462579519861	7	7	39	27	1	1	1	1	1	1
GLN45B	4	3	7	4	2911	957.324976006515	4	3	10	5	1670	955.824976006515	2	2	1	1
PRO27B	9	9	29	21	1603	585.948846388438	4	4	15	10	644	214.986804488177	3	3	6	6
SER190B	5	3	16	7	489	119.268468301144	4	2	14	4	1	1	1	1	1	1
VAL17A	7	7	25	21	3232	2472.32644425465	5	5	22	16	754	233.025307276687	2	2	3	3
THR225B	6	4	17	8	489	125.774854171923	5	4	18	10	289	18.5	3	2	6	3
GLY216B	6	5	10	7	3411	2878.76195283213	5	4	10	5	144	117.311497246621	2	2	1	1
SER190A	5	3	20	10	489	72.7908136608308	4	2	18	5	204	72.7908136608308	2	2	3	3
GLU5B	2	2	7	6	489	41.6792516025383	2	2	6	5	489	41.6792516025383	2	2	5	5
GLY29A	4	4	14	12	489	489	4	4	15	11	1	1	1	1	1	1
ILE185A	6	4	22	11	6414	2797.32558060089	4	4	17	13	4300	1936.25598769334	4	3	8	4
LYS227B	3	3	7	5	5621	2899.9993792319	3	3	8	6	2926	2394.44983481741	2	2	1	1
ILE50A	6	6	16	13	856	856	4	4	21	12	856	856	3	3	7	4
TYR54A	5	3	17	10	136	18.3739657382693	4	3	18	9	136	18.3739657382693	2	2	2	2
ALA64A	7	7	23	14	1223	800.577688914954	2	2	5	3	1	1	1	1	1	1
ILE68A	7	4	19	10	1170	1	3	1	8	0	1	1	1	1	1	1
ARG238A	5	4	14	5	879	5.11504152672676	3	2	9	3	1	1	1	1	1	1
VAL81B	7	5	25	13	1447	959.5	4	3	16	8	952	476.5	2	2	4	4
ILE39B	4	2	10	1	635	133	4	2	6	0	1	1	1	1	1	1
PHE33B	5	1	14	1	452	1	3	1	7	0	320	1	3	1	7	0
GLU12A	2	2	2	2	1	1	1	1	1	1	1	1	1	1	1	1
LYS41A	2	1	7	1	489	1	2	1	3	0	1	1	1	1	1	1
TYR228B	5	3	17	9	1665	1	4	2	17	2	567	111.32091454419	2	2	5	5
PHE14E	2	1	7	1	489	1	2	1	5	0	489	1	2	1	3	0
LYS129B	5	1	14	1	513	1	5	1	19	0	55	1	2	1	4	0
GLU93B	4	1	15	1	489	1	4	1	15	0	489	1	4	1	8	0
PHE162B	5	2	10	3	2315	102	5	2	14	2	532	1	2	1	1	0
ASN229B	3	2	8	5	489	1	3	2	7	3	1	1	1	1	1	1
GLU66A	3	1	6	1	391	1	2	1	3	0	1	1	1	1	1	1
MET1A	4	3	12	5	3473	2772.86118986087	4	3	13	4	1	1	1	1	1	1
PHE52A	3	2	3	1	489	489	2	2	1	0	1	1	1	1	1	1
SER109B	5	2	15	7	775	31.7822345343257	5	2	17	3	1	1	1	1	1	1
LYS85A	3	2	6	1	1	1	1	1	1	1	1	1	1	1	1	1
TYR123B	2	2	10	7	489	249.937228864758	2	2	8	5	1	1	1	1	1	1
TYR40B	4	2	12	2	817	203	4	2	9	1	615	1	3	1	4	0
ILE137A	5	4	15	10	489	363.616264026056	3	3	9	7	489	363.616264026056	3	3	7	5
HIS9E	5	2	11	1	2951	472	5	2	11	0	472	472	2	2	2	0
ASP144A	4	1	13	1	363	1	2	1	6	0	1157	1	4	1	11	0
TYR43B	2	1	4	1	489	1	2	1	2	0	1	1	1	1	1	1
LYS139A	3	3	8	5	489	428.382983301655	3	3	8	6	489	428.382983301655	2	2	2	2
ASN11A	2	2	5	5	1	1	1	1	1	1	489	489	2	2	1	0
ASN165B	3	3	5	3	1505	1505	3	3	6	2	1	1	1	1	1	1
LEU86B	5	5	18	15	279	140	4	4	16	14	59	30	2	2	5	4
TYR40A	4	2	13	2	507	68	4	2	10	1	68	68	2	2	2	0
ILE223A	5	3	19	7	975	300	5	3	19	7	572	124	3	2	7	2
LYS85B	4	2	11	1	1	1	1	1	1	1	1	1	1	1	1	1
LYS2B	2	1	5	1	489	1	2	1	5	0	1	1	1	1	1	1
CYS151B	7	7	15	12	929	585.609955432843	5	5	19	13	1	1	1	1	1	1
LYS139B	3	3	10	5	489	489	3	3	10	5	489	489	2	2	2	1
MET230A	5	4	13	6	679	86.8849584732732	5	4	12	5	1	1	1	1	1	1
GLU88B	2	2	3	1	1	1	1	1	1	1	1	1	1	1	1	1
ASN229A	3	2	8	5	489	1	3	2	7	3	1	1	1	1	1	1
MET13E	6	3	13	5	2161	854.175023993485	5	3	17	6	1670	715.175023993485	2	2	1	1
GLU241B	2	1	4	1	1	1	1	1	1	1	1	1	1	1	1	1
LEU12E	4	3	13	5	2091	2091	3	2	11	2	1	1	1	1	1	1
TYR43A	2	1	4	1	489	1	2	1	2	0	489	1	2	1	1	0
SER143A	4	3	13	5	1	1	2	1	6	0	489	489	3	3	8	3
GLU241A	2	1	4	1	1	1	1	1	1	1	1	1	1	1	1	1
ILE202B	3	2	7	2	487	487	2	2	2	0	1	1	1	1	1	1
LYS89A	2	1	3	1	489	1	2	1	3	0	1	1	1	1	1	1
LYS41B	3	1	10	1	489	1	3	1	4	0	1	1	1	1	1	1
ASP150B	3	2	10	3	1	1	1	1	1	1	1	1	1	1	1	1
GLU88A	2	2	2	1	1	1	1	1	1	1	1	1	1	1	1	1
ASP150A	2	2	4	4	1	1	1	1	1	1	1	1	1	1	1	1
ARG126A	2	1	3	1	489	1	2	1	2	0	1	1	1	1	1	1
GLU59A	2	1	2	1	489	1	2	1	1	0	1	1	1	1	1	1
LYS42A	1	1	1	1	1	1	1	1	1	1	1	1	1	1	1	1
ARG62A	1	1	1	1	1	1	1	1	1	1	1	1	1	1	1	1
LYS130A	1	1	1	1	1	1	1	1	1	1	1	1	1	1	1	1
LYS138A	1	1	1	1	1	1	1	1	1	1	1	1	1	1	1	1
GLU141A	1	1	1	1	1	1	1	1	1	1	1	1	1	1	1	1
SER142A	1	1	1	1	1	1	1	1	1	1	1	1	1	1	1	1
GLN168A	1	1	1	1	1	1	1	1	1	1	1	1	1	1	1	1
GLU12B	1	1	1	1	1	1	1	1	1	1	1	1	1	1	1	1
LYS42B	1	1	1	1	1	1	1	1	1	1	1	1	1	1	1	1
ARG62B	1	1	1	1	1	1	1	1	1	1	1	1	1	1	1	1
LYS130B	1	1	1	1	1	1	1	1	1	1	1	1	1	1	1	1
LYS138B	1	1	1	1	1	1	1	1	1	1	1	1	1	1	1	1
GLU141B	1	1	1	1	1	1	1	1	1	1	1	1	1	1	1	1
SER142B	1	1	1	1	1	1	1	1	1	1	1	1	1	1	1	1
PHE14D	1	1	1	1	1	1	1	1	1	1	1	1	1	1	1	1
