Degree	Degree_sidechain	SecondOrderDegree	SecondOrderDegree_sidechain	NodeEdgeBetweennessSTRIDE	NodeEdgeBetweennessSTRIDE_sidechain	IntermodularDegreeSTRIDE	IntermodularDegreeSTRIDE_sidechain	SecondOrderIntermodularDegreeSTRIDE	SecondOrderIntermodularDegreeSTRIDE_sidechain	NodeEdgeBetweennessWALKTRAP	NodeEdgeBetweennessWALKTRAP_sidechain	IntermodularDegreeWALKTRAP	IntermodularDegreeWALKTRAP_sidechain	SecondOrderIntermodularDegreeWALKTRAP	SecondOrderIntermodularDegreeWALKTRAP_sidechain
HIS178A	4	2	9	4	102	1	2	1	7	0	102	1	2	1	4	0
HIS179A	6	4	16	9	2136	220.261203809831	5	4	23	12	2136	220.261203809831	5	4	12	10
ARG273A	7	5	23	9	1218	840.564436275349	5	5	13	11	1218	840.564436275349	5	5	8	8
ASP281A	4	3	16	9	190	49.6905648401391	3	3	8	8	159	35.758743509875	2	2	4	4
CYS242A	6	5	16	8	173	90.6838906019514	5	4	23	12	292	219.193911931299	4	4	10	6
GLU224A	2	2	3	2	190	91.9431774853056	2	2	3	2	1	1	1	1	1	1
SER227A	4	3	4	2	1310	843.056822514694	4	3	5	2	1	1	1	1	1	1
ASP186A	4	4	8	4	938	370.614426485567	4	4	11	8	1	1	1	1	1	1
GLY187A	4	4	8	6	190	145.308129689551	4	4	9	6	1	1	1	1	1	1
PRO128A	4	4	8	5	1347	1347	3	3	9	4	790	790	2	2	4	2
TYR126A	7	3	22	3	2926	489.88556876973	6	3	19	3	2814	489.88556876973	5	3	12	3
CYS176A	8	6	18	9	3086	1092.82156021294	8	6	26	12	2102	1083.31153888359	5	5	11	8
ARG249A	8	6	19	11	2920	1639.65891671019	8	6	23	12	1593	1118.65891671019	5	4	7	4
GLU171A	2	2	7	5	190	57.4209383170503	2	2	7	5	190	57.4209383170503	2	2	4	3
VAL253A	6	6	22	12	1065	654.521001579047	4	4	15	6	1	1	1	1	1	1
VAL272A	6	6	22	14	42	21.4971140620588	3	3	9	5	5	5	2	2	4	2
THR125A	9	9	27	24	1628	1271.34071881292	7	7	25	18	1610	1253.34071881292	6	6	16	11
VAL122A	6	5	22	15	45	25.3291594331748	4	3	18	9	24	12.5	2	2	5	5
ARG213A	8	5	22	10	2616	482	8	5	23	8	696	365	3	2	6	1
THR211A	6	5	13	7	1484	1105	3	2	12	4	1	1	1	1	1	1
GLY154A	4	4	10	9	551	551	3	3	9	7	1	1	1	1	1	1
PRO153A	3	2	5	3	1	1	1	1	1	1	1	1	1	1	1	1
ILE162A	7	3	23	4	3124	682.5	6	3	22	6	1813	27	5	2	13	2
VAL173A	9	9	23	19	3670	3274.5	7	7	26	16	4530	3417.83761209357	7	7	15	9
GLN144A	7	5	23	6	2951	1874.85253820562	4	4	11	3	1	1	2	2	3	2
GLY112A	5	5	15	11	2326	2046.14746179438	3	3	7	4	970	970	2	2	3	2
ALA138A	4	4	12	6	132	80.5069055697303	3	3	8	3	1	1	1	1	1	1
LEU137A	6	5	23	11	4230	2096	5	4	27	8	1	1	1	1	1	1
GLU271A	6	4	13	5	1496	314.937995397078	5	4	11	6	1425	239.937995397078	5	3	7	3
PRO250A	5	4	12	7	636	557.090388657333	5	4	14	7	20	16.0903886573333	2	2	2	2
SER240A	4	3	19	11	794	345.191595536003	4	3	20	11	457	345.191595536003	3	3	6	5
GLY334A	6	6	8	5	315	315	5	5	6	1	1	1	1	1	1	1
PHE338A	3	1	8	1	237	1	3	1	6	0	1	1	1	1	1	1
ARG335A	4	3	8	2	163	1	2	1	4	0	1	1	1	1	1	1
CYS238A	10	6	28	11	3546	894.653702431691	9	5	44	15	811	511.793251693058	5	4	15	10
MET246A	10	5	26	11	842	519.823694501201	9	5	37	11	220	182.823694501201	5	4	12	6
ASP208A	4	4	7	5	1	1	1	1	1	1	1	1	1	1	1	1
GLU198A	5	3	11	3	768	389.588995487575	4	3	5	2	190	190	2	2	1	0
LYS235A	2	1	4	1	190	1	2	1	3	0	190	1	2	1	1	0
LEU264A	5	5	15	12	1	1	2	2	3	0	1	1	1	1	1	1
LEU265A	7	5	24	15	1544	1499.5	5	4	19	10	1544	1499.5	4	4	8	6
MET133A	5	4	20	12	1296	829.755942225664	5	4	18	7	518	518	2	2	3	1
VAL141A	9	9	31	26	2876	1892.0361524228	5	5	22	15	1391	615.015399783685	4	4	6	6
ASP228A	4	2	10	1	1670	906	4	2	10	0	906	906	2	2	3	0
TYR229A	6	1	16	1	3018	1	5	1	13	0	1424	1	4	1	7	0
ASP259A	6	5	11	4	927	123.163330760127	3	2	7	2	739	1	2	1	3	0
LEU188A	5	2	10	3	190	79.3172202480728	4	2	11	3	1	1	1	1	1	1
ALA189A	7	5	14	7	933	747.849269732887	4	3	14	7	489	420.967245075246	4	3	5	4
TYR205A	7	4	23	13	4818	1259.52921581803	7	4	23	11	1669	1259.52921581803	4	4	11	7
ASN210A	4	2	7	2	1	1	1	1	1	1	1	1	1	1	1	1
PRO209A	3	3	4	3	1	1	1	1	1	1	1	1	1	1	1	1
ARG280A	5	1	13	1	189	1	2	1	3	0	32	1	3	1	4	0
CYS277A	6	3	17	1	934	378	4	3	11	0	1	1	1	1	1	1
ARG110A	6	5	16	12	1598	1154.24257938772	6	5	19	11	23	1	2	1	3	0
GLY108A	8	7	20	11	1492	988.490823101814	7	6	24	12	1	1	1	1	1	1
TYR163A	4	3	18	9	1768	89.1914888897893	4	3	21	9	1768	89.1914888897893	4	3	14	6
ALA353A	4	4	4	3	1	1	1	1	1	1	1	1	1	1	1	1
GLN354A	3	1	5	1	73	1	2	1	2	0	1	1	1	1	1	1
PRO151A	6	4	14	3	1648	875.32921670422	6	4	18	3	1459	751	4	2	11	1
TYR220A	6	2	21	5	1615	2.5	5	2	22	3	1615	2.5	5	2	13	1
ARG282A	9	7	26	15	1998	1328.99323723334	7	6	25	12	2138	1555.53419552369	7	6	17	8
PHE134A	7	4	29	11	97	63	5	3	25	8	79	63	4	3	13	8
ARG158A	8	4	21	4	2010	951.27600309034	6	4	16	5	1429	640.466767960855	5	2	11	1
GLU258A	5	3	21	6	1536	180.533232039145	5	3	19	5	1536	180.533232039145	3	2	7	1
LYS164A	2	2	5	3	190	147.924604164492	2	2	4	3	190	147.924604164492	2	2	4	2
ILE255A	7	4	27	13	2232	740.506892600727	6	4	28	13	1504	740.506892600727	4	4	12	8
LEU111A	8	7	25	15	2558	1815.02331883685	6	6	24	17	2474	1773.02331883685	4	4	11	7
ARG175A	5	5	16	11	3906	3523.13954926137	5	5	18	9	1103	1103	2	2	4	3
GLY245A	7	7	21	15	2005	1496.61628467385	5	5	21	16	1	1	1	1	1	1
MET237A	7	3	21	6	2388	377.60811941312	6	3	20	6	796	326.115024982851	2	2	3	1
PRO152A	5	3	13	4	790	724.637556053652	4	3	16	4	790	724.637556053652	3	3	4	2
LEU194A	6	6	23	18	1892	1427.1763054988	6	6	30	18	935	470.176305498799	4	4	11	10
PRO278A	11	10	29	25	3064	2263.66162092688	10	9	40	21	2379	1662	5	4	13	5
ALA347A	5	5	5	3	1	1	1	1	1	1	1	1	1	1	1	1
LEU348A	3	1	6	1	1	1	1	1	1	1	1	1	1	1	1	1
ASP207A	3	2	5	2	184	33.746222797222	2	2	3	2	198	33.746222797222	3	2	2	1
HIS214A	4	3	6	3	558	339.253777202778	4	3	6	1	184	151.253777202778	2	2	2	1
ASN239A	4	1	17	1	205	1	3	1	16	0	181	1	3	1	7	0
VAL274A	10	9	29	25	4451	3795.81771565942	9	8	41	22	191	33.4341791433819	3	2	4	2
PRO98A	6	6	17	9	319	308	4	4	16	8	570	467.727426236629	4	4	8	4
VAL97A	5	5	10	8	330	260.784843619471	3	3	5	5	357	186.272573763371	3	3	4	3
GLN192A	5	3	9	4	565	1	3	1	4	0	377	1	2	1	1	0
PRO190A	5	3	14	6	1553	1553	2	2	6	3	32	21.5035391067237	2	2	3	2
ARG290A	2	2	2	2	1	1	1	1	1	1	1	1	1	1	1	1
GLU287A	3	3	1	1	1	1	1	1	1	1	1	1	1	1	1	1
PRO219A	3	3	5	5	188	144.792555370245	2	2	1	1	1	1	1	1	1	1
VAL218A	6	6	17	12	1788	931.934118411337	4	4	11	8	1526	758.462043803477	3	3	8	5
GLN100A	5	3	14	8	2635	535.252488912408	4	3	10	7	2652	535.252488912408	5	3	10	5
ILE254A	7	4	20	6	2170	1514.5	4	4	10	5	1479	859	3	2	6	2
ARG174A	3	2	12	5	1	1	1	1	1	1	190	112.584030849261	3	2	8	2
VAL135A	10	9	31	24	5668	2032.33561473924	9	8	44	21	1602	1	3	2	7	2
ARG156A	6	3	18	5	516	135.632134014436	5	3	19	3	246	1	4	1	11	0
VAL217A	6	6	20	17	1712	1628.36786598556	4	4	13	8	2413	2086.18250610502	4	4	11	7
MET169A	5	4	12	6	736	273.215156380529	4	4	10	6	495	248	3	3	8	3
ASN200A	6	2	14	5	775	263.537956196523	4	2	11	3	705	263.537956196523	4	2	4	2
VAL197A	9	8	28	18	4710	2292.67302125238	7	6	23	11	4078	2160.67302125238	6	5	14	7
GLU339A	3	3	5	4	1	1	1	1	1	1	183	23.7477382445217	2	2	1	1
TYR146A	6	3	19	4	1818	1	5	2	16	0	970	1	4	3	5	1
LEU130A	6	5	10	8	1758	1162.12393796271	5	5	11	7	1	1	1	1	1	1
SER127A	5	3	13	5	1400	469.836773574742	5	3	14	5	1	1	2	1	6	0
THR256A	6	5	23	12	1198	403	4	3	12	5	632	632	3	3	6	2
LEU145A	7	7	25	21	1977	1722.65307584282	5	5	18	11	734	491.653075842822	2	2	1	1
PHE109A	7	3	27	7	2100	453.346924157178	7	3	29	7	734	243.346924157179	2	2	1	1
ILE332A	5	4	5	2	137	137	3	3	3	0	77	17.5504339827518	3	2	2	1
PHE341A	2	1	4	1	27	1	2	1	2	0	1	1	1	1	1	1
GLU343A	4	2	7	1	1	1	1	1	1	1	1	1	1	1	1	1
GLU346A	4	2	7	1	1	1	1	1	1	1	1	1	1	1	1	1
VAL216A	7	7	18	14	2018	1848.82697874762	6	6	20	12	1385	590.144472642592	4	4	9	7
ALA276A	5	3	17	8	189	1	3	1	15	0	168	1	2	1	3	0
GLN136A	7	3	22	5	1420	513.858978397505	7	3	34	2	675	513.858978397505	4	3	8	2
LEU252A	7	7	20	14	3721	3407.74751108759	5	5	15	7	2134	1820.74751108759	4	4	10	4
LYS139A	5	2	17	3	190	1	4	2	16	2	1	1	1	1	1	1
CYS275A	7	7	23	19	313	154.407773775776	5	5	23	21	174	54.0012160329193	3	3	6	5
LEU206A	5	3	11	4	194	14	4	2	11	3	15	15	2	2	2	1
ASN131A	3	3	12	4	2972	2483.11443123027	3	3	12	4	2972	2483.11443123027	3	3	9	3
PHE270A	9	3	27	13	6757	211.042971309412	8	3	30	9	4738	1	6	2	15	4
ILE232A	7	3	25	8	2037	501	4	2	16	5	149	1	2	1	3	0
ALA203A	5	5	10	6	340	166.52792539214	3	3	6	3	1	1	2	2	3	1
SER215A	4	3	14	5	1016	269.190764870515	4	3	12	4	1	1	1	1	1	1
ARG267A	6	4	14	6	751	312.305388552407	4	3	6	1	172	124.305388552407	2	2	3	3
LYS101A	3	1	8	1	189	1	2	1	3	0	2	1	2	1	3	0
PRO142A	5	4	19	11	190	95.5	2	2	1	1	867	680.601869921511	2	2	3	3
THR140A	5	4	15	10	658	458.411004512425	3	3	4	2	525	97.382730294804	2	2	3	3
PHE236A	7	3	28	8	1228	180.938913049482	7	3	29	5	1	1	1	1	1	1
SER260A	4	2	8	1	188	1	2	1	2	0	1	1	1	1	1	1
PRO223A	5	5	11	5	620	556.754281423559	4	4	11	4	876	812.754281423559	4	4	7	3
ARG196A	7	5	21	7	1832	954.26671304304	6	5	20	8	1164	470.884975017149	4	2	9	1
SER96A	4	1	11	1	107	1	2	1	7	0	84	1	2	1	2	0
VAL157A	7	6	22	13	2386	1467	5	4	17	8	1756	924	5	4	14	2
GLY266A	8	8	23	17	1988	1988	5	5	17	8	1	1	1	1	1	1
PRO191A	5	4	13	6	1659	1	2	1	4	0	1	1	2	2	3	2
PHE113A	8	3	25	7	3524	2075	6	2	25	2	2592	2075	4	2	10	1
GLU336A	4	2	7	2	1	1	2	1	4	0	1	1	1	1	1	1
ILE251A	4	3	15	8	190	53.5	4	3	19	9	106	53.5	2	2	3	3
VAL172A	6	6	17	13	859	859	4	4	13	7	1352	795.07835705717	3	3	8	7
GLU204A	4	1	12	1	190	1	4	1	11	0	62	1	2	1	3	0
GLY262A	5	5	8	6	2	2	3	3	7	4	1	1	1	1	1	1
SER261A	5	1	8	1	1	1	2	1	3	0	1	1	1	1	1	1
ILE195A	4	3	13	5	870	236.740634712767	4	3	11	3	1	1	1	1	1	1
LEU257A	6	5	23	12	2080	976.359763156719	6	5	26	14	483	158.359763156719	3	3	8	5
ASP148A	4	3	12	8	190	65.9293083470902	3	3	11	9	1	1	1	1	1	1
VAL143A	11	10	35	24	2958	2756	7	7	28	13	1966	1794	5	5	14	8
GLU326A	2	1	3	1	1	1	1	1	1	1	4	1	2	1	1	0
GLY325A	4	4	1	1	4	4	2	2	1	0	4	4	2	2	1	0
ASN263A	4	3	7	4	190	66.8366692398726	4	3	5	1	1	1	1	1	1	1
GLN104A	3	2	11	6	426	191.337289163377	2	2	6	5	1	1	1	1	1	1
HIS168A	3	3	7	5	377	176.728656082971	2	2	7	5	377	176.728656082971	2	2	4	3
TYR107A	5	2	14	2	442	66.3624439463478	4	2	10	2	254	66.3624439463478	2	2	2	2
LYS291A	2	2	2	2	1	1	1	1	1	1	1	1	1	1	1	1
THR123A	6	4	18	8	464	118.141021602495	5	3	27	5	464	118.141021602495	4	3	6	2
GLY105A	7	7	16	13	426	426	6	6	17	9	1	1	1	1	1	1
TYR103A	5	1	12	1	737	1	4	1	10	0	1	1	1	1	1	1
HIS115A	2	1	4	1	1	1	1	1	1	1	1	1	1	1	1	1
SER116A	5	2	13	1	375	1	3	1	12	0	377	1	4	1	13	0
ALA161A	5	4	18	6	924	156.259365287233	3	2	9	2	551	1	2	1	6	0
HIS193A	4	4	10	7	862	862	4	4	12	6	1	1	1	1	1	1
GLU285A	6	4	18	7	1514	245.742427390503	5	4	14	8	1090	245.742427390503	4	4	9	8
THR284A	3	3	8	4	1	1	1	1	1	1	32	32	2	2	2	0
ALA129A	3	3	6	6	1	1	1	1	1	1	1	1	1	1	1	1
LEU330A	4	3	5	4	1	1	1	1	1	1	51	34.4495660172482	2	2	2	1
THR230A	6	5	13	8	354	153.245718576441	5	4	9	3	171	153.245718576441	3	3	5	3
THR231A	5	4	14	3	1	1	1	1	1	1	1	1	1	1	1	1
TYR233A	4	2	12	3	260	1	2	1	2	0	1	1	1	1	1	1
SER149A	4	2	11	2	189	189	3	2	8	1	1	1	1	1	1	1
ARG337A	3	2	6	1	27	1	3	2	5	0	1	1	1	1	1	1
ALA119A	5	4	13	7	55	55	3	2	7	2	1	1	1	1	1	1
GLN167A	2	2	2	2	1	1	1	1	1	1	1	1	1	1	1	1
SER95A	6	4	15	7	576	569	6	4	15	4	197	190	3	2	2	0
ARG283A	4	3	12	3	83	52.8535812738891	2	2	4	2	190	52.8535812738891	4	3	4	1
GLN340A	2	2	3	2	1	1	1	1	1	1	1	1	1	1	1	1
CYS124A	6	5	20	20	170	65.4887540962542	5	4	20	14	1	1	2	1	3	0
THR155A	9	8	25	17	1290	725.140236843281	9	8	31	17	927	725.140236843281	6	6	15	7
ASP268A	4	4	12	10	214	156.469788562426	3	3	10	9	214	156.469788562426	4	4	6	3
THR150A	2	2	5	3	190	65.6707832957802	2	2	5	3	1	1	1	1	1	1
SER99A	5	4	12	5	172	48.6946114475932	3	2	6	2	190	66.6946114475932	4	4	6	3
GLU286A	4	3	14	7	254	117.309110347713	3	2	8	2	421	83.0905880657923	2	2	6	5
THR118A	6	4	16	7	576	199.777965082257	5	3	12	6	83	31.1464187261109	2	2	3	2
VAL147A	8	6	21	8	189	175.5	6	4	25	4	4	2.5	2	2	4	1
PRO222A	4	2	9	2	1	1	2	1	4	0	382	106	3	2	5	0
GLU221A	4	2	10	2	90	1	2	1	4	0	195	1	3	1	4	0
GLY117A	4	4	13	10	182	96.5344975975939	2	2	6	6	184	98.5344975975939	3	3	8	5
ASP352A	4	3	4	1	1	1	1	1	1	1	1	1	1	1	1	1
GLY279A	9	9	24	22	181	168.170840566825	4	4	9	5	108	108	2	2	3	2
ALA355A	4	4	2	1	99	99	3	3	2	0	1	1	1	1	1	1
GLY356A	2	2	3	3	1	1	1	1	1	1	1	1	1	1	1	1
LYS120A	3	1	8	1	190	1	2	1	3	0	1	1	1	1	1	1
GLY226A	3	3	3	3	377	377	2	2	3	2	1	1	1	1	1	1
ARG333A	3	1	6	1	1	1	2	1	2	0	1	1	1	1	1	1
GLU180A	3	3	4	3	377	377	2	2	2	0	377	377	2	2	1	0
PHE234A	5	3	22	6	3302	175.032187021464	4	2	14	2	2917	149	4	2	10	0
ARG344A	2	1	4	1	1	1	1	1	1	1	1	1	1	1	1	1
ALA159A	5	5	16	11	593	389.467812978536	3	3	8	6	1	1	1	1	1	1
GLY244A	5	5	11	10	377	148.12414303174	4	4	13	11	249	93.7404277055926	2	2	2	2
PRO177A	4	4	9	8	682	517.69966597663	3	3	10	8	682	517.69966597663	3	3	5	5
MET160A	7	3	16	7	831	781	5	3	16	6	364	332	3	2	5	1
THR170A	4	4	11	10	96	52	3	3	7	5	8	8	2	2	2	1
THR102A	2	2	4	1	1	1	1	1	1	1	1	1	1	1	1	1
LEU114A	2	2	4	3	190	95.5	2	2	1	1	1	1	1	1	1	1
LYS132A	4	3	14	5	1091	752.444802550398	3	3	8	6	1091	752.444802550398	3	3	7	5
ASP324A	2	1	3	1	4	1	2	1	1	0	1	1	1	1	1	1
GLU349A	2	1	3	1	1	1	1	1	1	1	1	1	1	1	1	1
GLY199A	3	3	7	4	440	440	3	3	6	3	1	1	1	1	1	1
ASP184A	3	2	1	1	1	1	1	1	1	1	1	1	1	1	1	1
SER183A	2	2	2	2	1	1	1	1	1	1	1	1	1	1	1	1
SER106A	2	1	6	1	190	1	2	1	5	0	1	1	1	1	1	1
GLN331A	3	2	6	4	1	1	1	1	1	1	27	27	2	2	2	1
LEU289A	3	3	6	4	745	264.730178114833	2	2	4	4	1	1	1	1	1	1
VAL225A	2	2	2	2	1	1	1	1	1	1	1	1	1	1	1	1
MET243A	2	1	4	1	1	1	1	1	1	1	1	1	1	1	1	1
SER269A	3	1	8	1	190	1	2	1	4	0	190	1	3	1	6	0
LEU350A	2	1	3	1	1	1	1	1	1	1	1	1	1	1	1	1
GLN165A	3	3	10	8	190	174.909611342667	3	3	11	8	190	174.909611342667	3	3	5	4
ASN247A	2	1	6	1	1	1	1	1	1	1	1	1	1	1	1	1
ARG202A	3	2	4	2	188	44.2074446297551	2	2	1	1	1	1	1	1	1	1
SER182A	2	1	2	1	1	1	1	1	1	1	1	1	1	1	1	1
PHE212A	3	1	7	1	171	1	2	1	3	0	1	1	1	1	1	1
TYR327A	2	1	3	1	1	1	1	1	1	1	1	1	1	1	1	1
ARG181A	2	2	2	2	1	1	1	1	1	1	1	1	1	1	1	1
THR329A	2	2	3	3	1	1	1	1	1	1	1	1	1	1	1	1
ARG342A	4	4	5	4	1	1	1	1	1	1	183	160.252261755478	2	2	1	1
ASN288A	2	1	2	1	1	1	1	1	1	1	1	1	1	1	1	1
THR322A	3	3	2	1	1	1	1	1	1	1	1	1	1	1	1	1
LEU201A	2	2	5	2	1	1	1	1	1	1	190	190	2	2	3	1
SER94A	2	1	5	1	190	1	2	1	5	0	190	1	2	1	2	0
MET323A	3	1	3	1	1	1	1	1	1	1	1	1	1	1	1	1
LYS351A	2	1	3	1	27	1	2	1	2	0	1	1	1	1	1	1
ARG248A	2	1	4	1	190	1	2	1	4	0	1	1	1	1	1	1
SER121A	1	1	1	1	1	1	1	1	1	1	1	1	1	1	1	1
SER166A	1	1	1	1	1	1	1	1	1	1	1	1	1	1	1	1
SER185A	1	1	1	1	1	1	1	1	1	1	1	1	1	1	1	1
SER241A	1	1	1	1	1	1	1	1	1	1	1	1	1	1	1	1
PHE328A	1	1	1	1	1	1	1	1	1	1	1	1	1	1	1	1
ASN345A	1	1	1	1	1	1	1	1	1	1	1	1	1	1	1	1
